#SIMULACION DE DATOS
#Numero de anos actual
50
#Numero de edades
5
#Numero de tallas
26
#Datos observados
#Yr Reclas cv_reclas Pelaces cv_pelaces Mpdh cv_mpdh Desemb cv_desemb  
 1991 0 0.3 0 0.3 0 100 494567 0.01
 1992 0 0.3 0 0.3 0 100 514787 0.01
 1993 0 0.3 0 0.3 0 100 250237 0.01
 1994 0 0.3 0 0.3 0 100 358949 0.01
 1995 0 0.3 0 0.3 0 100 120608 0.01
 1996 0 0.3 0 0.3 0 100 361735 0.01
 1997 0 0.3 0 0.3 0 100 552515 0.01
 1998 0 0.3 0 0.3 0 100 73892 0.01
 1999 0 0.3 0 0.3 0 100 212993 0.01
 2000 252601 0.3 0 0.3 0 100 205616 0.01
 2001 567819 0.3 0 0.3 0 100 52469 0.01
 2002 844713 0.3 0 0.3 498337 100 317467 0.01
 2003 477998 0.3 0 0.3 0 100 293654 0.01
 2004 351125 0.3 0 0.3 5186 100 387597 0.01
 2005 339783 0.3 0 0.3 125008 100 252695 0.01
 2006 2.1784e+06 0.3 552880 0.3 0 100 516296 0.01
 2007 2.13404e+06 0.3 188675 0.3 168611 100 358380 0.01
 2008 4.81314e+06 0.3 0 0.3 109162 100 742168 0.01
 2009 1.55562e+06 0.3 991730 0.3 213762 100 942051 0.01
 2010 2.62356e+06 0.3 2.46772e+06 0.3 579715 100 627588 0.01
 2011 3.21686e+06 0.3 1.41603e+06 0.3 649985 100 828172 0.01
 2012 3.843e+06 0.3 1.21717e+06 0.3 157893 100 859565 0.01
 2013 1.13348e+06 0.3 2.29649e+06 0.3 87575 100 418607 0.01
 2014 3.07943e+06 0.3 1.80582e+06 0.3 83554 100 520667 0.01
 2015 1.97215e+06 0.3 0 0.3 0 100 417249 0.01
 2016 2.03268e+06 0.3 1.4828e+06 0.3 0 100 300574 0.01
 2017 2.025e+06 0.3 1.56532e+06 0.3 0 100 407403 0.01
 2018 2.42433e+06 0.3 1.57751e+06 0.3 0 100 355545 0.01
 2019 2.27542e+06 0.3 1.42118e+06 0.3 0 100 313619 0.01
 2020 1.05018e+06 0.3 867257 0.3 0 100 285485 0.01
#Agrega datps simulados a la matrix de datos historicos
2021 1.29857e+06 0.3 772284 0.3  1.39732e+06 0.3 296705 0.01
2022 2.35967e+06 0.3 1.19044e+06 0.3  7.00414e+06 0.3 313170 0.01
2023 1.75767e+06 0.3 2.04587e+06 0.3  3.74933e+06 0.3 372313 0.01
2024 1.56939e+06 0.3 1.29328e+06 0.3  2.03523e+06 0.3 379200 0.01
2025 1.10754e+06 0.3 409744 0.3  3.44748e+06 0.3 319904 0.01
2026 1.01942e+06 0.3 1.12771e+06 0.3  2.68376e+06 0.3 207101 0.01
2027 1.10131e+06 0.3 705002 0.3  2.19076e+06 0.3 262961 0.01
2028 2.82545e+06 0.3 1.63394e+06 0.3  2.54313e+06 0.3 260795 0.01
2029 2.09295e+06 0.3 1.23542e+06 0.3  7.1409e+06 0.3 434579 0.01
2030 1.37187e+06 0.3 787542 0.3  7.95915e+06 0.3 344285 0.01
2031 1.96991e+06 0.3 1.77551e+06 0.3  2.20949e+06 0.3 266299 0.01
2032 1.0321e+06 0.3 967222 0.3  4.31273e+06 0.3 345712 0.01
2033 2.13228e+06 0.3 1.87523e+06 0.3  2.58644e+06 0.3 284142 0.01
2034 3.52731e+06 0.3 1.98018e+06 0.3  6.29902e+06 0.3 413896 0.01
2035 1.67598e+06 0.3 1.85434e+06 0.3  6.29027e+06 0.3 456916 0.01
2036 4.31488e+06 0.3 2.18827e+06 0.3  6.17996e+06 0.3 379653 0.01
2037 5.16145e+06 0.3 1.74721e+06 0.3  8.9412e+06 0.3 532244 0.01
2038 4.27435e+06 0.3 1.3361e+06 0.3  1.35167e+07 0.3 497936 0.01
2039 5.02196e+06 0.3 1.78594e+06 0.3  7.94411e+06 0.3 504529 0.01
2040 3.54201e+06 0.3 2.67369e+06 0.3  7.70196e+06 0.3 557151 0.01
#Estructura de tallas flota historica
 8446 820 669 65 0
 8095 1470 364 71 0
 9664 169 160 7 0
 9276 648 75 1 0
 7033 2144 806 17 0
 9318 425 243 14 0
 5671 3108 964 239 18
 768 2599 5324 1120 189
 4902 3844 1066 170 17
 7925 1577 466 30 2
 8405 1276 313 6 1
 8084 986 794 134 2
 7335 1905 724 35 1
 4001 4547 1325 127 0
 4980 3083 1648 265 25
 9179 499 305 17 0
 2467 6533 926 74 0
 9418 223 340 19 0
 7078 2320 357 246 0
 2470 1325 881 99 1
 73523 11246 5091 658 53
 55704 10787 5627 680 18
 3612 9459 8367 672 6
 25354 3027 3973 1248 31
 22418 5468 1958 1147 67
 2042 4452 6307 1192 250
 14884 1281 3589 1644 89
 7486 7149 2901 1353 108
 1244 3178 4902 532 40
 1301 1419 3638 1137 44
# flota simulados
 27197 2434.06 965.861 979.204 257.492
 20429.7 8059.82 533.033 207.535 210.19
 18940 9038.76 2661.51 172.83 67.2256
 21589.8 7432.48 2634.44 761.412 49.3948
 9115.82 9034.12 2306.9 802.523 231.716
 11683.1 2751.6 2014.02 504.598 175.361
 14122.5 6004.89 1053.9 757.344 189.561
 26889 2477.17 775.482 133.506 95.8409
 15104.9 16090.9 1121.04 344.905 59.3236
 9749.95 6589 5255.49 359.594 110.528
 15671.6 3495.55 1763.47 1381.1 94.4068
 12543.8 9555.05 1595.17 790.332 618.374
 25285.4 2883.64 1614.11 264.294 130.811
 18238.5 13173.9 1126.1 619.099 101.274
 30976.8 6994.35 3748.77 314.509 172.738
 30861.3 6442.56 1080.02 568.156 47.6191
 18774.2 17152.2 2710.59 446.611 234.728
 28637.8 7344.21 5044.78 783.19 128.921
 28619.5 10927.2 2110.03 1424.01 220.867
 29126.8 12340.1 3555.25 674.599 454.847
#Reclas age historico
 0 0 0 0 0
 0 0 0 0 0
 0 0 0 0 0
 0 0 0 0 0
 0 0 0 0 0
 0 0 0 0 0
 0 0 0 0 0
 0 0 0 0 0
 0 0 0 0 0
 0 0 0 0 0
 173310 1501 63 2 0
 143810 7389 2527 124 0
 31161 6392 90 0 0
 64809 3177 826 0 0
 38432 1846 7187 1097 0
 436610 48530 30845 0 0
 16545 83681 22563 662 0
 441390 24608 77486 2264 0
 436610 48530 30845 0 0
 876816 77707 12084 1453 52
 10760 111 1 0 0
 1.73359e+06 34460 6886 2222 94
 26432 55039 5009 589 0
 743107 7516 17490 381 0
 435439 68667 4845 7295 94
 119518 64215 23599 4175 170
 215076 22804 20376 1707 301
 471029 44874 7382 1414 60
 51464 68920 23801 3352 30
 16027 11305 22607 357 0
# Reclas age simulados
 102996 7314.13 2872.25 2911.92 765.776
 100188 31424.2 2056.99 800.885 811.189
 81427.6 30866.4 8995.28 584.125 227.223
 90280.6 24681.5 8658.23 2502.42 162.35
 34159.1 26858.8 6787.41 2361.18 681.806
 55378.8 10367.2 7510.53 1881.71 653.993
 48859.9 16470.5 2860.54 2055.61 514.551
 209908 15409.5 4775.46 822.146 590.244
 81035.2 68668.8 4735.4 1456.93 250.61
 47576.4 25561.2 20179.6 1380.74 424.43
 84879.4 15060.9 7520.74 5890.09 402.653
 42086 25407.7 4197.37 2079.59 1627.23
 141489 12838.7 7113.38 1164.75 576.527
 76594 43936.6 3716.99 2043.51 334.308
 129112 23150.3 12280 1030.25 565.887
 250744 41717.3 6923.17 3642.05 305.275
 114524 83287 13028.6 2146.68 1128.33
 183827 37535.3 25522.4 3962.34 652.289
 200326 60922.1 11645.4 7859.29 1219.08
 197349 66587.6 18990.6 3603.44 2429.8
#Pelaces age historico
 0 0 0 0 0
 0 0 0 0 0
 0 0 0 0 0
 0 0 0 0 0
 0 0 0 0 0
 0 0 0 0 0
 0 0 0 0 0
 0 0 0 0 0
 0 0 0 0 0
 0 0 0 0 0
 0 0 0 0 0
 0 0 0 0 0
 0 0 0 0 0
 0 0 0 0 0
 0 0 0 0 0
 0 0 0 0 0
 10717 10018 461 0 0
 0 0 0 0 0
 439883 259752 142181 150047 0
 497907 718920 765989 193408 8014
 1.31613e+06 40170 276 0 0
 403430 1000 132 0 0
 80379 88474 9865 1820 0
 306761 30364 2601 311 0
 0 0 0 0 0
 87057 47760 14367 434 50
 122961 13481 18801 5866 69
 190610 16449 5970 2486 0
 57235 26572 25262 733 0
 42741 7049 18059 1445 0
# Pelaces age simulados
 66251 4698.74 1857.29 1886.72 496.403
 65569 20651.6 1361.21 531.061 538.148
 52852 20065.7 5887.17 383.067 149.083
 58488.1 16005.4 5652.36 1636.95 106.251
 21954.8 17236.4 4384.24 1528.24 441.498
 36169.4 6794.94 4956.56 1244.35 432.682
 31205.3 10482.3 1832.18 1319.25 330.386
 140441 10424.9 3254.73 561.489 403.302
 53303.9 45430.1 3154.95 972.652 167.388
 31127.7 16792 13348.5 915.198 281.458
 55861.2 9970.74 5014.11 3934.95 269.125
 26810.2 16115.8 2679.23 1330.08 1041.25
 93277.5 8518.79 4753.44 779.917 386.227
 49635.9 28502.9 2427.52 1337.28 218.876
 83625.9 15008 8014.38 673.737 370.238
 168011 28277.4 4727.79 2492.25 208.999
 75826 55576.1 8756.34 1445.71 760.246
 122000 25125 17207.8 2676.97 440.897
 133453 40982 7891.26 5336.61 828.174
 131288 44711.9 12844.8 2442.3 1647.62
#Pelaces length historico
 0 0 0 0 0 0 0 0 0 0 0 0 0 0 0 0 0 0 0 0 0 0 0 0 0 0
 0 0 0 0 0 0 0 0 0 0 0 0 0 0 0 0 0 0 0 0 0 0 0 0 0 0
 0 0 0 0 0 0 0 0 0 0 0 0 0 0 0 0 0 0 0 0 0 0 0 0 0 0
 0 0 0 0 0 0 0 0 0 0 0 0 0 0 0 0 0 0 0 0 0 0 0 0 0 0
 0 0 0 0 0 0 0 0 0 0 0 0 0 0 0 0 0 0 0 0 0 0 0 0 0 0
 0 0 0 0 0 0 0 0 0 0 0 0 0 0 0 0 0 0 0 0 0 0 0 0 0 0
 0 0 0 0 0 0 0 0 0 0 0 0 0 0 0 0 0 0 0 0 0 0 0 0 0 0
 0 0 0 0 0 0 0 0 0 0 0 0 0 0 0 0 0 0 0 0 0 0 0 0 0 0
 0 0 0 0 0 0 0 0 0 0 0 0 0 0 0 0 0 0 0 0 0 0 0 0 0 0
 0 0 0 0 0 0 0 0 0 0 0 0 0 0 0 0 0 0 0 0 0 0 0 0 0 0
 0 0 0 0 0 0 0 0 0 0 0 0 0 0 0 0 0 0 0 0 0 0 0 0 0 0
 0 0 0 0 0 0 0 0 0 0 0 0 0 0 0 0 0 0 0 0 0 0 0 0 0 0
 175 0 0 4 84 261 170 548 2058 3208 3101 2595 2217 2220 1686 1175 484 145 94 26 21 10 3 3 1 0
 0 0 0 0 0 0 0 0 0 0 0 0 0 0 0 0 0 0 0 0 0 0 0 0 0 0
 0 0 0 0 0 0 0 91 147 696 758 1255 1048 1055 1033 1392 2112 2064 1592 1173 919 495 363 360 172 101
 0 0 0 0 326 2275 4354 12700 18653 17492 13112 10572 6895 3101 861 168 78 0 0 0 15 0 13 0 0 0
 0 0 0 0 0 0 0 2 6 380 965 975 2153 2405 2396 2205 1135 661 390 68 28 0 0 0 0 0
 0 0 0 0 0 0 0 0 0 0 0 0 0 0 0 0 0 0 0 0 0 0 0 0 0 0
 0 0 1 40 122 171 176 2680 7004 19380 18873 15907 6454 3128 3828 2910 3437 3120 1935 1063 1427 3578 2783 1376 172 0
 0 676 4355 24187 64165 56884 16881 11949 10207 4561 4790 5331 6976 25563 21691 16925 12844 7189 11450 7204 2821 2737 435 239 0 0
 0 0 0 0 12 1113 210 5412 30872 73470 49193 30649 15725 9730 2926 1167 1061 614 21 2 5 2 1 0 0 0
 353 1158 3866 20898 54221 105092 91806 53800 22551 21185 22037 7236 1773 649 597 165 51 47 44 41 0 0 0 0 0 0
 0 0 0 0 260 309 833 3799 8641 12781 16046 18733 11517 6085 10874 22465 30622 16874 8344 4519 5655 1695 449 38 0 0
 0 2598 17347 33966 20053 16890 12740 24448 41889 52327 54073 29165 12853 7981 5027 3063 1073 302 991 730 1337 934 216 34 0 0
 0 0 0 0 0 0 0 0 0 0 0 0 0 0 0 0 0 0 0 0 0 0 0 0 0 0
 0 0 0 0 0 0 0 0 0 0 0 0 0 0 0 0 0 0 0 0 0 0 0 0 0 0
 0 0 0 0 0 0 0 0 0 0 0 0 0 0 0 0 0 0 0 0 0 0 0 0 0 0
 0 0 0 0 0 0 0 0 0 0 0 0 0 0 0 0 0 0 0 0 0 0 0 0 0 0
 0 0 0 0 0 0 0 0 0 0 0 0 0 0 0 0 0 0 0 0 0 0 0 0 0 0
 0 0 0 0 0 0 0 0 0 0 0 0 0 0 0 0 0 0 0 0 0 0 0 0 0 0
#Pelaces length simulado
 7.84707e-12 5.45701 53.044 352.496 1602.4 4985.66 10622.5 15503.9 15504.4 10624.7 4993.14 1624.05 406.977 172.429 233.557 381.167 557.499 720.641 832.589 877.99 873.064 852.539 844.639 853.988 863.244 848.072
 9.05404e-12 5.40084 52.498 348.868 1585.9 4934.35 10513.2 15344.8 15346.8 10522.9 4966.96 1680.05 585.084 567.784 982.929 1613.6 2317.37 2900.62 3170.24 3038.15 2574.83 1963.57 1393.21 971.684 709.808 560.373
 8.17241e-12 4.35335 42.3162 281.206 1278.32 3977.35 8474.23 12368.8 12370.7 8483.7 4009.17 1370.31 512.313 547.541 965.952 1595.41 2310.23 2930.67 3274.99 3256.81 2932.72 2457.16 1983.84 1592.84 1286.06 1030.01
 8.5383e-12 4.81759 46.8287 311.193 1414.64 4401.48 9377.87 13687.6 13689.2 9385.44 4426.91 1488.15 496 451.174 775.425 1281.34 1861.83 2375.92 2682.41 2715.28 2519.56 2213.7 1910.58 1661.18 1454.57 1256
 4.91345e-12 1.80839 17.5782 116.814 531.018 1652.2 3520.26 5138.27 5139.93 3528.39 1679.53 609.995 315.224 451.275 827.149 1369 1982.38 2515.12 2812.99 2805.02 2544.12 2167.02 1807.12 1529.54 1326.64 1156.84
 5.3026e-12 2.97922 28.9591 192.444 874.821 2721.9 5799.31 8464.4 8465.06 5802.55 2732.78 906.34 271.885 203.453 337.534 561.591 828.176 1082.44 1269.83 1364.51 1381.49 1358.91 1326.42 1286.49 1221.09 1112.54
 4.76073e-12 2.57034 24.9846 166.032 754.757 2348.33 5003.41 7302.83 7303.85 5008.35 2364.93 802.704 286.437 288.006 502.63 828.345 1196.62 1512.82 1682.66 1663.88 1491.42 1252.75 1033.52 875.863 773.991 697.71
 1.57298e-11 11.568 112.445 747.235 3396.82 10568.8 22517.9 32865.8 32866.8 22522.9 10585.3 3444.65 867.426 375.288 512.125 831.92 1205.68 1533.75 1722.66 1729.04 1583.21 1365.07 1152.22 982.136 850.443 734.534
 1.05315e-11 4.39058 42.678 283.611 1289.26 4011.38 8546.82 12475.3 12479.6 8568.19 4083.11 1496.37 803.23 1176.16 2154.57 3548.4 5095.76 6375.61 6961.8 6657.88 5615.63 4235.59 2932.66 1947.54 1311.65 931.86
 6.77543e-12 2.56395 24.9225 165.619 752.88 2342.5 4991 7284.85 7286.49 4999 2369.41 830.823 362.085 456.514 830.139 1388.89 2048.21 2674.72 3130.12 3344.36 3346.36 3223.34 3046.81 2830.79 2549.22 2183.21
 8.09247e-12 4.60122 44.7255 297.216 1351.1 4203.79 8956.65 13072.7 13073.7 8961.39 4219.7 1397.15 413.158 299.004 491.036 813.867 1194.37 1550.21 1801.28 1913.19 1915.76 1875.84 1846.46 1833.94 1804.24 1715.08
 5.18872e-12 2.20832 21.4657 142.647 648.454 2017.59 4298.75 6274.47 6276.03 4306.34 2043.1 722.144 327.677 425.595 770.357 1271.81 1836.21 2318.87 2574.31 2537.3 2262.06 1884.7 1539.56 1294.45 1142.62 1037.87
 1.10546e-11 7.68315 74.6829 496.294 2256.08 7019.52 14955.9 21828.7 21829.5 14959.9 7033.11 2295.41 595.288 291.705 422.546 693.449 1014.68 1310.5 1508.38 1573.86 1527.48 1424.08 1312.48 1209.07 1102.02 973.665
 8.46078e-12 4.08845 39.7412 264.094 1200.53 3735.32 7958.61 11616.4 11619.1 7972.02 3780.35 1330.55 590.337 751.57 1354.93 2230.79 3206.9 4019.93 4404.64 4239.59 3620.45 2796.5 2023.24 1444.71 1073.22 844.766
 1.11346e-11 6.88815 66.9553 444.942 2022.64 6293.19 13408.4 19570.2 19571.7 13415.5 6317.12 2091.86 619.133 448.676 736.111 1217.14 1778.45 2290.01 2622.13 2711.85 2594.3 2367.33 2121.06 1891.35 1665.53 1419.8
 2.08008e-11 13.8388 134.518 893.922 4063.64 12643.5 26938.4 39318 39320.7 26951.8 12688.3 4192.92 1218.52 843.416 1361.07 2230.65 3217.9 4059.47 4497.17 4413.14 3898.7 3189.58 2520.96 2015.78 1671.41 1419.95
 1.47771e-11 6.2457 60.7104 403.442 1833.99 5706.26 12158 17746.1 17751.4 12184.2 5794.18 2087.93 1040.91 1452.5 2650.07 4372.66 6301.65 7931.07 8748.12 8514.65 7406.63 5890.44 4440.67 3320 2548.49 2014.07
 1.75912e-11 10.049 97.6798 649.117 2950.79 9181.02 19561.2 28550.7 28553.1 19573.2 9221.2 3067.14 942.217 741 1242.03 2064.05 3034.43 3945.37 4587.97 4860.03 4813.51 4592.93 4320.21 4025.2 3666.22 3200.28
 1.97627e-11 10.9923 106.85 710.053 3227.8 10042.9 21397.6 31231.3 31235.2 21416.9 10107.8 3415.33 1181.05 1135.88 1967.89 3242.89 4687.39 5931.69 6607.76 6549.73 5891.64 4970.98 4117.32 3491.62 3070.96 2741.37
 2.01995e-11 10.814 105.116 698.536 3175.44 9880.01 21050.6 30724.8 30729.1 21071.7 9950.93 3380.44 1213.63 1231.3 2154.71 3558.36 5156.1 6549.51 7338.3 7336.36 6676.29 5706.13 4766.08 4023.35 3462.45 2984.9
#Peso medio observados
 5.6 15.5 29.4 38.2 40.1
 4.6 13.2 26.6 40.9 40.1
 3.1 11.6 25 29.9 40.1
 5.1 12.3 24.7 31.7 40.1
 4.5 13.9 23.5 34.3 40.1
 6.4 14.4 27.3 33.6 39.9
 4.9 13.5 24 37.1 39.7
 10.9 17.1 24.7 35 37.8
 10.6 14.9 29.2 37.3 41.7
 6.1 23.1 28.5 39.3 41.5
 5.6 11 25.4 38.6 40.5
 4.9 14.2 24.1 32.1 38.4
 5.4 12.3 25.1 32.3 34.1
 7.6 10.2 19.7 26.2 44.2
 8.9 11.2 18.5 22.5 28.3
 5 15.7 24.8 30 36.3
 7.4 13.5 24.4 32.6 48.6
 5.8 23.7 25.8 30.6 37.1
 5.1 11.5 24.8 27.3 38.4
 5 9.5 16.3 29.4 31.5
 6.8 17.2 31.1 41.8 35.3
 4.1 13.2 18.2 26.7 35.3
 7.4 11 19.3 27.2 32.9
 9.4 15.5 24 27.7 33.6
 4.9 16.2 21.9 28.3 32.2
 8.3 14.8 21.5 29.7 33.3
 8.3 15.9 23.2 27.6 32.8
 8.3 12 16.6 24.4 29.5
 5.2 20.5 21.7 29 33.4
 7.1 17.8 27.5 31.6 34.3
#Peso medio simulacion
 7.1 17.8 27.5 31.6 34.3
 7.1 17.8 27.5 31.6 34.3
 7.1 17.8 27.5 31.6 34.3
 7.1 17.8 27.5 31.6 34.3
 7.1 17.8 27.5 31.6 34.3
 7.1 17.8 27.5 31.6 34.3
 7.1 17.8 27.5 31.6 34.3
 7.1 17.8 27.5 31.6 34.3
 7.1 17.8 27.5 31.6 34.3
 7.1 17.8 27.5 31.6 34.3
 7.1 17.8 27.5 31.6 34.3
 7.1 17.8 27.5 31.6 34.3
 7.1 17.8 27.5 31.6 34.3
 7.1 17.8 27.5 31.6 34.3
 7.1 17.8 27.5 31.6 34.3
 7.1 17.8 27.5 31.6 34.3
 7.1 17.8 27.5 31.6 34.3
 7.1 17.8 27.5 31.6 34.3
 7.1 17.8 27.5 31.6 34.3
 7.1 17.8 27.5 31.6 34.3
#Peso inicial observados
 2.4 9.3 21.3 33.5 39.1
 2.9 8.6 20.3 34.7 39.1
 1.6 7.3 18.2 28.2 40.5
 3.1 6.2 16.9 28.2 34.6
 2.5 8.4 17 29.1 35.7
 4.4 8 19.5 28.1 37
 2.6 9.3 18.6 31.8 36.5
 9.3 9.2 18.3 29 37.4
 7.2 12.7 22.3 30.4 38.2
 4.5 15.6 20.6 33.9 39.3
 3.5 8.2 24.2 33.2 39.9
 3.1 8.9 16.3 28.6 38.5
 3.9 7.8 18.9 27.9 33.1
 6.3 7.4 15.6 25.6 37.8
 6.7 9.2 13.7 21.1 27.2
 3 11.8 16.7 23.6 28.6
 4.1 8.2 19.6 28.4 38.2
 4.1 13.2 18.7 27.3 34.8
 3.7 8.2 24.2 26.5 34.3
 2.7 7 13.7 27 29.3
 4.9 9.3 17.2 26.1 32.2
 2.5 9.5 17.7 28.8 38.4
 5.1 6.7 16 22.2 29.6
 7.2 10.7 16.2 23.1 30.2
 2.8 12.3 18.4 26.1 29.9
 6 8.5 18.7 25.5 30.7
 6.9 11.5 18.5 24.4 31.2
 6.2 10 16.2 23.8 28.5
 3 13 16.1 21.9 28.5
 4.8 9.7 23.7 26.2 31.5
#Peso inicial simulacion
 4.8 9.7 23.7 26.2 31.5
 4.8 9.7 23.7 26.2 31.5
 4.8 9.7 23.7 26.2 31.5
 4.8 9.7 23.7 26.2 31.5
 4.8 9.7 23.7 26.2 31.5
 4.8 9.7 23.7 26.2 31.5
 4.8 9.7 23.7 26.2 31.5
 4.8 9.7 23.7 26.2 31.5
 4.8 9.7 23.7 26.2 31.5
 4.8 9.7 23.7 26.2 31.5
 4.8 9.7 23.7 26.2 31.5
 4.8 9.7 23.7 26.2 31.5
 4.8 9.7 23.7 26.2 31.5
 4.8 9.7 23.7 26.2 31.5
 4.8 9.7 23.7 26.2 31.5
 4.8 9.7 23.7 26.2 31.5
 4.8 9.7 23.7 26.2 31.5
 4.8 9.7 23.7 26.2 31.5
 4.8 9.7 23.7 26.2 31.5
 4.8 9.7 23.7 26.2 31.5
