# SIMULACION DE DATOS
# Numero de anos actual
56
# Numero de edades 
3
# Numero de clases de talla 
30
#nper  
10
# MATRIZ DE DATOS HISTORICOS 
#Yr Desemb cv_Desemb CPUEI cv_CPUEI CPUEA cv_CPUEA Bcruc cv_Bcruc Mpdh cv_Mpdh nm_flota nm_cruc
 1985 9841 0.05 42.7627 0.2 0 0.2 0 0.15 0 0.3 56 35
 1986 51192 0.05 65.0383 0.2 0 0.2 0 0.15 0 0.3 56 35
 1987 33627 0.05 86.6285 0.2 0 0.2 0 0.15 0 0.3 56 35
 1988 46441 0.05 56.1332 0.2 0 0.2 0 0.15 0 0.3 56 35
 1989 66976 0.05 56.9232 0.2 0 0.2 0 0.15 0 0.3 56 35
 1990 83730 0.05 75.1583 0.2 0 0.2 0 0.15 0 0.3 56 35
 1991 62028 0.05 51.9128 0.2 0 0.2 0 0.15 0 0.3 56 35
 1992 33103 0.05 41.6624 0.2 0 0.2 0 0.15 0 0.3 56 35
 1993 99139 0.05 56.1099 0.2 0 0.2 0 0.15 0 0.3 56 35
 1994 111778 0.05 75.9088 0.2 0 0.2 0 0.15 0 0.3 56 35
 1995 216424 0.05 93.147 0.2 0 0.2 0 0.15 0 0.3 56 35
 1996 95185 0.05 50.706 0.2 0 0.2 0 0.15 0 0.3 56 35
 1997 75264 0.05 41.0275 0.2 0 0.2 0 0.15 0 0.3 56 35
 1998 99877 0.05 31.7905 0.2 15.8224 0.2 0 0.15 0 0.3 56 35
 1999 61210 0.05 40.6808 0.2 26.5482 0.2 0 0.15 0 0.3 56 35
 2000 52195 0.05 46.4878 0.2 28.2236 0.2 0 0.15 0 0.3 56 35
 2001 17172 0.05 54.8946 0.2 29.3605 0.2 0 0.15 0 0.3 56 35
 2002 12411 0.05 24.2575 0.2 24.4821 0.2 0 0.15 0 0.3 56 35
 2003 77558 0.05 65.5564 0.2 27.9616 0.2 0 0.15 0 0.3 56 35
 2004 83521 0.05 69.7446 0.2 34.5746 0.2 0 0.15 0 0.3 56 35
 2005 78660 0.05 48.8481 0.2 34.3642 0.2 0 0.15 0 0.3 56 35
 2006 72918 0.05 68.8936 0.2 34.2103 0.2 356940 0.15 0 0.3 56 35
 2007 54326 0.05 55.4038 0.2 38.2246 0.2 228270 0.15 0 0.3 56 35
 2008 56845 0.05 55.0583 0.2 38.2032 0.2 217950 0.15 0 0.3 56 35
 2009 37776 0.05 83.3481 0.2 35.0947 0.2 79057 0.15 0 0.3 56 35
 2010 45789 0.05 62.3796 0.2 36.5909 0.2 155000 0.15 0 0.3 56 35
 2011 59704 0.05 0 0.2 39.7799 0.2 276864 0.15 0 0.3 56 35
 2012 42172 0.05 0 0.2 34.5839 0.2 246937 0.15 0 0.3 56 35
 2013 34777 0.05 0 0.2 27.5773 0.2 262084 0.15 0 0.3 56 35
 2014 33964 0.05 0 0.2 30.7742 0.2 107828 0.15 0 0.3 56 35
 2015 20086 0.05 0 0.2 30.3693 0.2 75201 0.15 34547 0.3 56 35
 2016 20811 0.05 0 0.2 26.718 0.2 146467 0.15 43844 0.3 56 35
 2017 16565 0.05 0 0.2 25.0814 0.2 174857 0.15 67228 0.3 56 35
 2018 38841 0.05 0 0.2 31.1376 0.2 181022 0.15 74747 0.3 56 35
 2019 60528 0.05 0 0.2 35.0505 0.2 603178 0.15 126984 0.3 56 35
 2020 91927 0.05 0 0.2 0 0.2 322792 0.15 0 0.3 56 35
# Agrega datos simulados a la matriz de datos historica
 2021  71507  0.05 0  0.2 72.4227  0.2 296181  0.15  211883  0.3  53  33  
 2022  59049.6  0.05 0  0.2 52.142  0.2 233833  0.15  75122  0.3  53  33  
 2023  55090.3  0.05 0  0.2 49.0629  0.2 284023  0.15  233248  0.3  53  33  
 2024  58006.4  0.05 0  0.2 78.0433  0.2 315338  0.15  207452  0.3  53  33  
 2025  67735.2  0.05 0  0.2 27.7758  0.2 177198  0.15  84180.4  0.3  53  33  
 2026  33782.6  0.05 0  0.2 35.8402  0.2 261910  0.15  69893.2  0.3  53  33  
 2027  46058.2  0.05 0  0.2 58.2875  0.2 220704  0.15  91031.9  0.3  53  33  
 2028  45427.4  0.05 0  0.2 56.4602  0.2 277528  0.15  266204  0.3  53  33  
 2029  56941.4  0.05 0  0.2 50.4024  0.2 274701  0.15  127185  0.3  53  33  
 2030  46327.5  0.05 0  0.2 44.5899  0.2 276737  0.15  130393  0.3  53  33  
 2031  47400.8  0.05 0  0.2 67.4002  0.2 312287  0.15  118740  0.3  53  33  
 2032  53695.4  0.05 0  0.2 66.9495  0.2 350524  0.15  117220  0.3  53  33  
 2033  56263.5  0.05 0  0.2 56.6692  0.2 281813  0.15  80873.5  0.3  53  33  
 2034  44932.4  0.05 0  0.2 45.3793  0.2 216302  0.15  117430  0.3  53  33  
 2035  39937.6  0.05 0  0.2 25.5641  0.2 187280  0.15  79635.5  0.3  53  33  
 2036  31541.6  0.05 0  0.2 20.2535  0.2 127636  0.15  41865.5  0.3  53  33  
 2037  25349.2  0.05 0  0.2 19.6356  0.2 99530.3  0.15  38154.4  0.3  53  33  
 2038  23563.7  0.05 0  0.2 50.0364  0.2 331868  0.15  156351  0.3  53  33  
 2039  49097.5  0.05 0  0.2 58.7916  0.2 272596  0.15  203724  0.3  53  33  
 2040  44594.4  0.05 0  0.2 59.3171  0.2 174962  0.15  93166.8  0.3  53  33  
#Estructura de tallas flota historica
 0 0 0 0 0 0 0 0 0 0 0 0 0 0 0 0 0 0 0 0 0 0 0 0 0 0 0 0 0 0
 0 0 0 0 0 0 0 0 0 0 0 0 0 0 0 0 0 0 0 0 0 0 0 0 0 0 0 0 0 0
 0 0 0 0 0 0 0 0 0 0 0 0 0 0 0 0 0 0 0 0 0 0 0 0 0 0 0 0 0 0
 0 0 0 0 0 0 0 0 0 0 0 0 0 0 0 0 0 0 0 0 0 0 0 0 0 0 0 0 0 0
 0 0 0 0 0 0 0 0 0 0 0 0 0 0 0 0 0 0 0 0 0 0 0 0 0 0 0 0 0 0
 0 0 0 0 0 0 0 0 0 0 0 0 0 0 0 0 0 0 0 0 0 0 0 0 0 0 0 0 0 0
 0 0 0 0 0 0 0 0 0 0 0 0 0 0 0 0 0 0 0 0 0 0 0 0 0 0 0 0 0 0
 0 0 0 0 0 0 0 0 0 0 0 0 0 0 0 0 0 0 0 0 0 0 0 0 0 0 0 0 0 0
 0 0 0 0 0 0 0 0 0 0 0 0 0 0 0 0 0 0 0 0 0 0 0 0 0 0 0 0 0 0
 0 0 0 0 0 0 0 0 0 0 0 0 0 0 0 0 0 0 0 0 0 0 0 0 0 0 0 0 0 0
 0 0 0 0 0 0 0 0 1 2 3 13 32 66 100 100 149 204 354 494 868 1119 1307 1125 873 1154 1339 611 86 0
 0 0 0 0 0 0 0 2 7 20 56 99 192 247 435 506 807 782 705 657 670 563 554 705 879 786 747 460 122 0
 0 0 0 0 0 0 0 0 0 0 109 177 163 55 60 128 295 354 647 1007 1848 2409 1680 694 200 116 47 11 1 0
 0 0 0 0 0 0 1 5 34 54 133 283 577 808 1207 1499 1374 1125 934 535 248 272 416 354 116 21 3 0 0 0
 0 0 0 0 0 0 0 0 0 0 0 2 8 39 180 463 1003 1276 1384 1422 1491 1189 861 440 179 53 8 1 0 0
 0 0 0 0 0 0 1 6 18 33 28 70 106 186 267 488 623 976 1327 1499 1373 905 483 386 543 475 178 29 1 0
 0 0 0 0 0 1 14 39 71 99 177 201 344 554 603 571 942 944 1032 1125 928 475 448 486 596 278 66 5 1 0
 0 0 0 0 0 0 3 12 27 92 235 453 799 1145 1528 1567 1670 1407 782 261 17 0 0 0 0 0 0 0 0 0
 0 0 0 0 0 0 0 2 13 81 231 395 586 826 1112 1268 1441 1508 1405 815 248 47 9 7 4 2 0 0 0 0
 0 0 0 0 0 0 0 0 17 69 149 202 300 414 484 602 713 921 1170 1638 1575 1135 449 142 18 1 0 0 0 0
 0 0 0 0 0 1 7 34 53 96 143 240 348 518 702 896 1145 1282 1196 1011 721 539 468 372 173 50 5 0 0 0
 0 0 0 0 0 1 9 33 67 112 164 250 346 616 818 1158 1043 1124 929 1031 854 767 406 198 56 14 4 0 0 0
 0 0 0 2 3 4 9 16 56 133 240 253 291 295 428 428 557 599 899 1027 1456 1541 1199 428 128 9 0 0 0 0
 0 0 0 0 1 5 25 57 93 172 239 327 299 392 502 738 915 1071 1009 960 755 746 684 644 262 93 10 0 0 0
 0 0 0 0 0 0 1 3 9 67 148 177 256 510 681 623 1090 1120 1580 1273 784 570 650 383 64 10 1 0 0 0
 0 2 1 6 8 13 43 43 71 86 76 81 116 131 181 272 382 514 596 732 1056 2098 2120 1140 187 46 0 0 0 0
 0 0 0 3 0 5 60 100 500 900 1000 1000 1000 800 600 800 700 800 1000 2000 2000 2000 900 600 400 100 7 0 0 0
 0 0 0 0 0 0 0 0 0 4 4 101 71 196 245 470 710 968 1600 2740 3440 3510 3220 3020 2120 606 143 5 1 0
 0 0 0 0 0 0 0 0 0 1 6 21 32 175 270 662 1198 956 706 495 268 414 1000 1682 1493 568 41 3 0 0
 0 0 0 0 0 0 0 0 0 0 4 1 8 25 175 305 463 617 767 829 692 857 880 962 371 86 5 0 0 0
 0 0 0 0 0 0 1 2 5 5 17 45 88 231 328 478 635 879 1116 1461 1321 910 552 605 662 426 97 10 0 0
 0 0 0 0 0 0 0.503 1.007 1.51 3.487 18.449 33.093 142.124 336.756 990.206 2089.23 2889.54 3078.77 2817.28 1449.82 519.892 282.297 144.209 77.315 24.953 1.896 0 0 0 0
 0 0 0 0 7e-05 7e-05 0.73608 7.42243 23.2584 37.4404 116.712 121.029 269.088 355.901 554.35 619.335 774.493 897.305 1129.62 908.852 1253.62 1108.29 696.468 226.468 73.6404 8.96384 0.14983 2e-05 1e-05 0
 0 0.0007 0.0007 0.0007 0.01067 3.65781 10.6944 37.6119 102.215 150.745 368.33 521.971 855.516 1154.06 1319.91 1354.78 1407.9 1711.86 2145.63 2538.93 2794.1 2911.32 2158.38 1176.31 510.994 358.989 199.528 18.2715 4.50693 0
 0 0 0 0.0004 0.00079 0.15644 3.02966 10.3713 34.5161 120.341 502.537 1135.35 1815.66 2257.12 3275.01 4011.97 4958.86 4596.76 3928.6 2627.82 1807.61 1524.7 1607.7 1899.43 1407.35 413.89 39.1041 2.33382 0 0
 0 0 0 0.00255 0.14612 1.40716 12.6099 29.7689 56.5262 171.319 537.188 1076.25 1673.58 2152.1 3137.64 3851.96 4352.03 4322.57 3345.42 2742.72 2132.72 1980.93 1336.8 546.262 169.365 37.3688 3.60741 0 0 0
# flota simulados 
 1.31044e-05 9.37221e-05 0.000588227 0.00323976 0.0156569 0.0663748 0.246676 0.802501 2.27877 5.61858 11.9285 21.5469 32.629 40.8228 41.9029 35.7164 25.7782 14.0595 2.26747 1.35945e-05 0.000148164 0.000447571 0.000764983 0.000881918 0.00094323 0.00116418 0.000698356 0.000176514 2.83547e-06 1.42838e-06
 4.98428e-05 0.000356472 0.00223732 0.0123223 0.0595486 0.252426 0.937911 3.04959 8.64871 21.269 44.9325 80.4661 120.104 146.493 142.69 107.601 59.3563 20.5035 1.90724 7.0874e-06 5.61287e-05 0.000143489 0.000240254 0.000373348 0.000842306 0.00168249 0.00139153 0.000494087 5.14191e-06 2.59028e-06
 6.25548e-05 0.000447388 0.00280794 0.0154652 0.0747391 0.316847 1.17756 3.83109 10.8799 26.8317 56.9861 102.973 155.8 193.526 192.646 148.725 84.0574 29.8166 2.86182 1.09932e-05 8.92988e-05 0.000227777 0.000350765 0.000362386 0.000301739 0.000280237 0.000422339 0.000372521 6.90337e-06 3.47763e-06
 1.72659e-05 0.000123484 0.000775024 0.00426859 0.020629 0.0874546 0.325029 1.05751 3.00352 7.40885 15.7422 28.4721 43.1733 53.9708 54.825 44.9867 29.7227 14.2928 2.07114 1.16803e-05 0.000123905 0.000371056 0.000633353 0.000714995 0.000668262 0.000668683 0.000366894 0.000203656 3.00755e-06 1.51507e-06
 3.68765e-05 0.000263738 0.00165529 0.00911662 0.0440553 0.186731 0.693626 2.25377 6.38189 15.6445 32.8552 58.2628 85.7314 102.747 98.4446 73.8466 41.8323 15.8246 1.75274 8.08745e-06 7.65979e-05 0.000218489 0.000380379 0.000546435 0.00104821 0.00197119 0.00145766 0.000419942 3.92297e-06 1.97623e-06
 4.28853e-05 0.000306713 0.00192502 0.0106024 0.0512386 0.217221 0.807316 2.62667 7.46037 18.4031 39.1032 70.7145 107.116 133.24 132.776 102.408 57.4795 19.9699 1.83408 6.59198e-06 4.98771e-05 0.000119629 0.000175105 0.000178491 0.000176576 0.000225065 0.000312977 0.000229269 4.66033e-06 2.34768e-06
 2.27022e-05 0.000162365 0.00101905 0.0056126 0.0271242 0.114991 0.427368 1.39047 3.9492 9.74153 20.6981 37.4311 56.7241 70.7272 71.159 56.6588 34.7498 14.691 1.85047 9.4581e-06 9.52917e-05 0.000278916 0.000471663 0.000525463 0.000457258 0.000392696 0.00022071 0.000156474 3.22584e-06 1.62504e-06
 4.26532e-05 0.000305053 0.0019146 0.010545 0.0509615 0.216048 0.802971 2.61266 7.42135 18.3109 38.9235 70.4403 106.823 133.107 133.01 103.119 58.5372 20.8624 2.01397 7.79866e-06 6.42041e-05 0.000167959 0.000274228 0.000341481 0.000489548 0.0007858 0.00053669 0.000140814 5.03703e-06 2.53745e-06
 2.15662e-05 0.00015424 0.000968056 0.00533173 0.0257666 0.109232 0.405938 1.32051 3.74898 9.23985 19.6012 35.3531 53.3673 66.2395 66.4556 53.1883 33.4362 14.8918 2.00003 1.07445e-05 0.000111348 0.000330822 0.000565669 0.000644975 0.000615231 0.000650144 0.000610955 0.000333909 3.29573e-06 1.66025e-06
 4.34993e-05 0.000311104 0.00195258 0.0107542 0.0519717 0.220324 0.818799 2.66364 7.56278 18.6425 39.5593 71.3778 107.753 133.436 132.341 101.763 57.2885 20.2437 1.93622 7.42462e-06 6.04954e-05 0.000156679 0.000254109 0.000323743 0.000509894 0.000877966 0.000658798 0.000283047 4.89748e-06 2.46715e-06
 3.2781e-05 0.000234448 0.00147146 0.00810435 0.0391663 0.166042 0.617111 2.00787 5.7031 14.0697 29.9017 54.0951 82.0063 102.207 102.429 80.3452 47.2392 18.2917 2.03852 9.33414e-06 8.76396e-05 0.000246569 0.000407376 0.000450489 0.000412933 0.000418375 0.000421521 0.000284178 4.1629e-06 2.0971e-06
 4.19004e-05 0.000299669 0.00188081 0.0103589 0.0500618 0.212232 0.788772 2.56633 7.28887 17.9795 38.2015 69.0798 104.644 130.241 130.138 101.327 58.4766 21.7469 2.27236 9.7233e-06 8.71005e-05 0.000239999 0.0003991 0.000473672 0.000562741 0.000769312 0.000521267 0.000230909 5.13463e-06 2.58661e-06
 2.81282e-05 0.000201171 0.00126261 0.00695403 0.0336069 0.142471 0.529481 1.72254 4.8913 12.0601 25.603 46.2345 69.9064 86.8705 86.9529 68.6223 41.3775 16.9888 2.06491 1.026e-05 0.000101689 0.000295472 0.000501094 0.000583475 0.000629775 0.000789577 0.000656478 0.000306849 3.8791e-06 1.95413e-06
 2.74748e-05 0.000196498 0.00123328 0.0067925 0.0328261 0.13916 0.517169 1.68242 4.77693 11.7758 24.9903 45.0985 68.1101 84.4498 84.0953 65.483 38.1805 14.6373 1.61347 7.32334e-06 6.84147e-05 0.000192601 0.000323956 0.000399757 0.000548729 0.000861875 0.000698513 0.000331582 3.46761e-06 1.74683e-06
 1.8986e-05 0.000135786 0.000852235 0.00469381 0.0226836 0.0961603 0.357338 1.16224 3.29855 8.12403 17.2114 30.9723 46.5833 57.4827 57.0781 44.7154 26.8511 11.0409 1.35054 6.75678e-06 6.71491e-05 0.000194767 0.000328978 0.000386913 0.000450843 0.000620039 0.00060453 0.000383256 2.51287e-06 1.26588e-06
 1.8776e-05 0.000134284 0.000842806 0.00464186 0.0224322 0.0950909 0.353325 1.14888 3.25861 8.01541 16.9405 30.3609 45.3791 55.5032 54.4335 41.8285 24.2615 9.39326 1.06229 4.96443e-06 4.71962e-05 0.000133334 0.00022225 0.000269254 0.000365873 0.000574958 0.000493777 0.000311656 2.16463e-06 1.09045e-06
 1.79109e-05 0.000128097 0.000803973 0.00442798 0.0213985 0.0907068 0.337016 1.0957 3.10677 7.63687 16.1205 28.8312 42.9583 52.3218 51.0464 38.9722 22.4014 8.55486 0.950205 4.36439e-06 4.0891e-05 0.000113768 0.000184757 0.000208494 0.000239681 0.000332967 0.000316497 0.000218996 1.90258e-06 9.5844e-07
 3.42248e-05 0.000244773 0.00153627 0.00846133 0.0408919 0.173364 0.644384 2.0971 5.95974 14.7192 31.3476 56.9116 86.7252 108.746 109.36 84.996 47.7488 16.3327 1.43369 4.76347e-06 3.30512e-05 7.47299e-05 0.000108002 0.000113682 0.000116258 0.000140054 0.000107523 6.71849e-05 3.90473e-06 1.96704e-06
 2.96208e-05 0.000211846 0.00132961 0.00732307 0.0353907 0.150038 0.55765 1.81456 5.15507 12.723 27.061 49.0232 74.4797 93.1361 93.8394 74.3421 44.6208 17.974 2.11903 1.02414e-05 0.000100082 0.00029043 0.00049446 0.000555439 0.00045978 0.000342301 0.000188029 8.30765e-05 4.11301e-06 2.07196e-06
 1.68005e-05 0.000120156 0.000754135 0.00415354 0.0200729 0.0850973 0.316267 1.02899 2.9225 7.20874 15.3159 27.6955 41.9671 52.3294 52.6812 42.0481 25.9619 11.1191 1.42344 7.37289e-06 7.49693e-05 0.000221532 0.000384079 0.00048114 0.0006482 0.000999896 0.000663561 0.00013259 2.63946e-06 1.32965e-06
#Crucero historico 
 0 0 0 0 0 0 0 0 0 0 0 0 0 0 0 0 0 0 0 0 0 0 0 0 0 0 0 0 0 0
 0 0 0 0 0 0 0 0 0 0 0 0 0 0 0 0 0 0 0 0 0 0 0 0 0 0 0 0 0 0
 0 0 0 0 0 0 0 0 0 0 0 0 0 0 0 0 0 0 0 0 0 0 0 0 0 0 0 0 0 0
 0 0 0 0 0 0 0 0 0 0 0 0 0 0 0 0 0 0 0 0 0 0 0 0 0 0 0 0 0 0
 0 0 0 0 0 0 0 0 0 0 0 0 0 0 0 0 0 0 0 0 0 0 0 0 0 0 0 0 0 0
 0 0 0 0 0 0 0 0 0 0 0 0 0 0 0 0 0 0 0 0 0 0 0 0 0 0 0 0 0 0
 0 0 0 0 0 0 0 0 0 0 0 0 0 0 0 0 0 0 0 0 0 0 0 0 0 0 0 0 0 0
 0 0 0 0 0 0 0 0 0 0 0 0 0 0 0 0 0 0 0 0 0 0 0 0 0 0 0 0 0 0
 0 0 0 0 0 0 0 0 0 0 0 0 0 0 0 0 0 0 0 0 0 0 0 0 0 0 0 0 0 0
 0 0 0 0 0 0 0 0 0 0 0 0 0 0 0 0 0 0 0 0 0 0 0 0 0 0 0 0 0 0
 0 0 0 0 0 0 0 0 0 0 0 0 0 0 0 0 0 0 0 0 0 0 0 0 0 0 0 0 0 0
 0 0 0 0 0 0 0 0 0 0 0 0 0 0 0 0 0 0 0 0 0 0 0 0 0 0 0 0 0 0
 0 0 0 0 0 0 0 0 0 0 0 0 0 0 0 0 0 0 0 0 0 0 0 0 0 0 0 0 0 0
 0 0 0 0 0 0 0 0 0 0 0 0 0 0 0 0 0 0 0 0 0 0 0 0 0 0 0 0 0 0
 0 0 0 0 0 0 0 0 0 0 0 0 0 0 0 0 0 0 0 0 0 0 0 0 0 0 0 0 0 0
 0 0 0 0 0 0 0 0 0 0 0 0 0 0 0 0 0 0 0 0 0 0 0 0 0 0 0 0 0 0
 0 0 0 0 0 0 0 0 0 0 0 0 0 0 0 0 0 0 0 0 0 0 0 0 0 0 0 0 0 0
 0 0 0 0 0 0 0 0 0 0 0 0 0 0 0 0 0 0 0 0 0 0 0 0 0 0 0 0 0 0
 0 0 0 0 0 0 0 0 0 0 0 0 0 0 0 0 0 0 0 0 0 0 0 0 0 0 0 0 0 0
 0 0 0 0 0 0 0 0 0 0 0 0 0 0 0 0 0 0 0 0 0 0 0 0 0 0 0 0 0 0
 0 0 0 0 0 0 0 0 0 0 0 0 0 0 0 0 0 0 0 0 0 0 0 0 0 0 0 0 0 0
 0 0 0 0 0 0 22 43 476 1121 1360 1707 1311 997 584 543 311 260 240 204 103 182 268 147 78 34 11 1 0 0
 0 0 0 0 0 0 5 43 43 58 104 179 190 222 342 739 1032 1277 1083 1457 1120 645 498 569 288 103 5 0 0 0
 0 0 0 0 29 81 175 159 444 757 915 840 808 957 914 812 480 216 112 114 68 256 429 903 444 70 16 0 0 0
 0 0 0 0 0 0 29 63 789 2049 1865 1276 1216 1014 791 328 266 96 10 6 22 34 61 58 24 4 0 0 0 0
 0 0 0 0 0 0 0 101 104 105 255 252 888 1365 1268 696 390 279 301 840 1563 1143 359 81 10 0 0 0 0 0
 0 0 0 0 0 114 233 1055 1455 2367 2772 4159 3924 4384 2106 1475 772 671 359 486 569 659 1214 917 425 106 5 5 0 0
 0 0 0 0 0 0 0 0 15 92 280 517 1053 1927 2761 2744 1715 905 407 230 169 220 565 746 694 285 50 6 0 0
 0 0 0 0 0 13 46 122 271 443 470 431 302 173 242 200 197 232 233 184 441 1195 2221 2037 1068 276 63 5 0 0
 0 0 0 0 0 0 109 210 216 136 157 233 294 377 585 641 577 432 203 74 166 497 635 353 80 19 5 0 0 0
 0 10 89 55 47 61 178 404 385 242 341 381 354 370 413 407 287 163 97 87 120 118 229 244 205 66 11 2 0 0
 0 9.2 44.2 128.3 190.7 291.7 248 311.6 558.7 834.2 1549.5 1840.1 2620.1 2307.7 1728 1102.6 609.3 322.4 94.6 48.9 70 93.3 63 31.8 3.4 1.2 0 0 0 0
 0 14.7 36.7 41.4 113.4 510.9 1252.1 842.9 457.6 462.6 809.1 1167.2 1060.8 1110.1 971.4 1006.2 902.5 1017.7 1073 851.3 470.3 165 131.1 35.4 9.5 0 0 1.3 0 0
 591.1 244.3 594.6 2399.9 3360.7 1315.2 564.5 681.7 1128.9 1597.7 1593.9 1342.9 1285.3 1045.5 522.6 189.4 224.4 353.9 529 717.1 475.4 445.8 494.7 355.8 124.7 46.7 7.4 0 0 0
 0 0 0 0 1.5 23.8 253.7 1611.5 3887 5766.9 4243.9 3573.1 3864.6 3469.7 4757.6 3878.9 3515.8 2914.5 1770.9 1302.4 1588 1559.8 1753.1 729.1 299.8 20.9 0.3 0 0 0
 1.8 7.5 31.2 67.4 236.9 597 996.9 884 631.8 1483.6 1791.9 2649.3 2448.5 1867.9 1468.7 1717.6 2714.7 2649.3 2015.2 1319.6 711.3 292.9 109 15.8 8 0.3 0.5 0 0 0
#crucero simulados 
 7.9088 15.7791 29.6034 52.2267 86.6423 135.16 198.259 273.432 354.515 431.99 494.55 531.787 537.556 513.517 472.391 440.146 456.631 570.807 819.984 1193.36 1573.19 1740.87 1529.55 1071.2 768.984 680.801 307.165 60.5076 0.778758 0.321351
 19.3844 38.6744 72.5578 128.007 212.358 331.267 485.894 670.048 868.499 1057.67 1209.42 1297.46 1304.86 1230.07 1088.62 909.485 729.299 581.928 484.042 436.818 418.436 391.859 337.278 318.391 482.142 690.81 429.727 118.916 0.991535 0.409155
 39.6895 79.1857 148.562 262.095 434.806 678.289 994.95 1372.22 1779.17 2168.09 2482.16 2668.49 2692.82 2551.03 2272.82 1915.49 1554.36 1262.63 1078.99 1006.06 988.495 923.648 731.173 458.885 256.461 170.851 193.664 133.129 1.97665 0.815662
 11.5136 22.9711 43.0965 76.0314 126.134 196.766 288.628 398.075 516.144 629.002 720.211 774.568 782.707 745.435 676.873 605.54 573.767 631.322 814.181 1114.46 1429.98 1568.74 1376.46 943.951 592.177 425.037 175.405 75.881 0.897834 0.370488
 9.96429 19.88 37.2973 65.8 109.158 170.278 249.744 344.345 446.177 542.972 620.024 663.597 665.041 624.293 551.248 464.061 385.943 339.394 337.145 377.909 432.934 452.38 404.852 353.303 454.9 613.618 341.287 76.628 0.573535 0.236668
 28.7874 57.4346 107.754 190.101 315.372 491.974 721.657 995.309 1290.52 1572.7 1800.71 1936.22 1954.34 1851.76 1649.21 1386.59 1115.96 887.062 725.017 632.478 578.843 508.585 382.679 236.962 157.345 143.857 150.463 85.9012 1.39899 0.577292
 15.1278 30.1819 56.6249 99.8983 165.728 258.533 379.231 523.034 678.165 826.448 946.27 1017.57 1027.66 976.207 877.953 762.161 670.39 648.51 726.988 901.887 1099.09 1178.47 1024.44 693.305 404.95 249.459 105.453 58.2658 0.962413 0.397137
 30.1957 60.2444 113.026 199.401 330.8 516.044 756.967 1044.02 1353.71 1649.79 1889.16 2031.68 2051.34 1944.9 1734.7 1464.05 1190.33 969.764 832.757 782.64 779.354 746.868 626.843 474.179 456.278 525.349 269.869 55.1836 1.58156 0.652629
 12.0045 23.9505 44.9341 79.2732 131.511 205.154 300.927 415.022 538.068 655.595 750.381 806.451 813.824 772.762 696.367 610.62 552.837 565.111 676.512 882.273 1105.93 1203.68 1058 732.814 469.189 355.648 251.37 107.07 0.846718 0.349396
 25.0342 49.9464 93.7055 165.316 274.254 427.829 627.557 865.497 1122.12 1367.27 1565.02 1681.93 1696.33 1605.74 1429.11 1202.82 974.434 789.827 673.166 626.622 617.566 585.924 488.49 378.063 399.672 493.631 278.593 93.2853 1.29322 0.533646
 22.5454 44.9811 84.3899 148.882 246.99 385.3 565.182 779.503 1010.72 1231.75 1410.4 1516.74 1531.55 1453.28 1300.88 1111.64 936.692 829.5 822.513 914.097 1038.12 1069.93 908.697 610.43 375.569 272.947 206.836 108.676 1.27551 0.526337
 27.9425 55.7488 104.591 184.521 306.115 477.534 700.475 966.093 1252.63 1526.52 1747.83 1879.38 1897.24 1798.96 1606.78 1363.98 1128.89 960.618 893.323 927.784 1005.27 1014.71 867.402 625.381 498.694 489.024 249.219 86.0394 1.5329 0.632546
 16.9874 33.892 63.5854 112.178 186.099 290.311 425.842 587.307 761.465 927.87 1062.19 1141.83 1152.44 1093.45 980.858 846.156 733.376 690.12 747.15 901.151 1080.33 1149.91 1002.48 709.098 513.721 461.996 288.906 105.244 1.06599 0.439876
 15.945 31.8123 59.6838 105.295 174.68 272.497 399.709 551.262 714.716 870.866 996.849 1071.39 1080.86 1024.21 915.02 779.697 654.073 575.096 564.851 622.361 703.254 725.255 627.083 470.071 433.095 487.946 297.437 110.039 0.922004 0.380463
 9.30165 18.558 34.817 61.4245 101.901 158.962 233.168 321.561 416.866 507.84 581.085 624.145 629.141 595.897 533.495 459.619 398.762 377.175 411.705 500.097 601.153 638.746 554.608 396.243 309.908 305.722 224.192 110.771 0.581907 0.240122
 7.53573 15.0348 28.207 49.763 82.5546 128.781 188.894 260.487 337.645 411.212 470.259 504.606 507.782 479.522 426.818 362.984 305.791 273.323 276.324 313.594 360.608 373.196 319.774 235.339 214.645 241.952 156.285 76.877 0.42781 0.176535
 6.57237 13.1127 24.601 43.4013 72.0007 112.317 164.743 227.175 294.445 358.546 409.913 439.631 442.036 416.904 370.339 313.865 262.671 231.958 230.5 257.121 291.388 296.984 247.925 169.958 131.142 130.68 93.4267 50.3817 0.350693 0.144712
 32.1441 64.1316 120.319 212.268 352.146 549.347 805.833 1111.47 1441.32 1756.95 2012.71 2166.11 2189.39 2078.24 1854.13 1558.86 1247.18 971.118 756.63 609.988 511.935 424.024 315.017 201.43 138.266 119.478 68.9902 33.5964 1.56444 0.645564
 22.6479 45.1854 84.7734 149.558 248.112 387.053 567.757 783.069 1015.39 1237.55 1417.31 1524.67 1540.5 1463.55 1313.83 1131.01 970.671 892.745 935.642 1097.43 1297.19 1378.99 1206.86 823.551 457.576 244.356 100.956 34.7634 1.37895 0.569022
 11.1248 22.1953 41.6412 73.4638 121.874 190.121 278.881 384.631 498.71 607.751 695.859 748.285 755.717 718.005 646.238 562.46 498.125 488.21 556.263 699.332 860.12 931.067 829.796 631.468 571.014 631.822 315.366 49.111 0.783306 0.323229
