 224139 2.32546e+06 2.32546e+06 2.32546e+06 2.32546e+06 2.32546e+06 2.32546e+06 2.32546e+06 2.32546e+06 2.32546e+06 2.32546e+06 2.32546e+06 2.32546e+06 2.32546e+06 2.32546e+06 2.32546e+06 2.32546e+06 2.32546e+06 2.32546e+06 2.32546e+06
 224139 185824 248193 224051 161245 208677 162097 195851 204815 402235 303773 229073 222164 186814 178025 210437 211680 226301 341124 334062
 224139 162750 174592 334739 453922 416965 359117 250722 196339 239219 193176 305193 308134 492121 461536 270689 210313 215329 247867 259431
 224139 280372 242757 330477 275133 202248 182087 191988 315308 185161 171720 283554 265952 302815 342899 461869 383380 259042 401936 411519
 224139 371527 356589 221679 230275 167686 156832 171677 265247 184352 182128 241525 498887 267420 225236 214611 225164 219590 105798 154106
 224139 331940 300817 381099 366575 241754 200044 278202 209887 238543 293953 282304 283613 277665 284511 237237 223057 367689 361297 313691
 224139 174117 224155 233288 243183 209560 121889 237085 448679 332986 261262 148563 245967 209199 172166 200367 145414 157265 176913 205945
 224139 299642 279839 479750 245012 224632 214127 414860 389114 374821 420662 483313 397754 255303 306927 287216 200875 255762 211152 566336
 224139 467679 560309 334219 257842 186288 192222 171286 276901 471019 381048 218336 122648 268685 270420 254856 205853 243826 224965 283814
 224139 303783 491511 398081 297520 327481 194168 314993 364946 252325 180077 162198 168615 151970 138527 142078 118171 114956 176706 240933
 224139 197603 145515 233183 174023 228454 290632 240209 247184 258329 210915 190668 191883 285816 411286 267244 315391 245446 204218 148423
 224139 168937 151261 272473 218831 252696 294342 243135 247524 252346 299191 139353 102908 117559 81215.4 61633.7 97120.8 103690 116394 111087
 224139 192675 175039 195774 254398 202167 151181 223451 402550 492148 326620 243721 220215 159804 368406 327089 158363 215664 191160 169737
 224139 175898 192646 288150 272911 246435 240747 239827 206795 280645 313523 597312 459267 339036 240814 225905 199100 230246 185845 135804
 224139 223896 235451 348868 342884 414850 331144 247578 251047 239164 255374 225264 287685 257009 242021 217357 310243 297612 262090 202208
 224139 305593 523073 385730 289700 154606 111417 183609 290855 226652 363607 362159 295318 396792 360966 256336 197843 211014 244430 227139
 224139 209307 408636 357090 263490 494063 434074 373886 363010 282052 184187 312270 371785 241218 247934 223465 218395 205112 257433 288779
 224139 263089 255803 129226 144592 169277 238756 262540 285696 178424 189794 164017 246692 379426 312243 254567 224220 222734 224927 185308
 224139 314410 219791 266581 180105 311119 309889 296392 221920 231197 278461 215437 259924 623094 501579 305041 135677 211370 293705 286031
 224139 221364 212995 149005 149070 265215 340183 238707 166684 210790 293296 478450 412622 271562 242425 218663 198759 259306 279807 273793
 224139 131186 135396 292252 267875 356491 257014 274459 223248 253343 217039 205226 171880 160749 111897 171237 348905 399012 336967 336013
 224139 286510 466471 562839 420597 225190 208278 255489 262617 184707 332034 283004 405271 469039 331568 271489 265898 267706 180881 215968
 224139 259142 371539 297805 332721 316428 232983 277891 220631 217576 175003 148905 142352 191007 203316 247055 207145 183754 274908 326950
 224139 289166 240506 280452 273635 226139 188542 195836 238127 170413 251331 184006 299536 196506 264057 247749 266576 221273 375436 377819
 224139 242600 292547 503039 386766 304752 282497 269993 303458 284025 288373 326266 209724 243914 335332 350786 428180 372644 209413 341628
 224139 203003 146807 150200 201013 223776 166535 212000 350054 224569 157165 215053 308619 386424 398106 330755 233912 182801 162736 176581
 224139 271669 324101 174544 236572 159343 297840 266409 188174 170058 211992 221994 179361 380204 320964 246853 173483 195004 196210 181730
 224139 213885 151777 236236 259338 283340 164978 192906 388321 344710 328284 282377 231903 238358 252613 234033 173103 219935 341320 366016
 224139 163443 286693 338641 291888 223466 196163 330007 256925 213535 234561 264799 239056 254260 184897 239321 217670 297187 311080 216505
 224139 404753 385116 288163 211068 198201 190016 129386 171523 204775 160394 241041 167092 271419 400327 299235 277798 241700 107060 207780
 224139 358365 492123 485014 323743 214491 373448 226438 246247 447415 369882 272810 274812 396925 289125 313201 318622 260432 308770 292301
 224139 184762 150930 212336 139201 109370 193301 240291 156421 173753 173085 233473 266460 220414 212640 200069 165965 152346 227191 206941
 224139 202639 267209 213926 135159 292443 283816 218088 182248 152091 179856 236977 351237 367551 392175 277878 285036 265744 237813 165225
 224139 265472 246023 194829 158263 207567 128026 108458 155911 147679 158831 190143 208884 402416 361662 284069 287581 219503 278047 277098
 224139 148150 213351 202869 221291 247891 219012 221758 249514 214735 164203 201423 180930 267588 316193 263883 208393 196682 168776 114493
 224139 249257 293252 314074 309328 273312 248041 340620 390666 254854 219116 310725 373891 388188 238035 216047 259453 206641 145908 258655
 224139 207444 435864 398808 325237 299510 378939 394179 345347 218539 218881 234830 463562 407711 298776 216667 201435 138785 204890 187569
 224139 503940 281704 235370 262645 227537 440878 574405 466065 244056 221081 153631 133448 156728 206591 256139 171955 254853 175392 315805
 224139 191018 299805 210758 204466 162474 190188 100148 221587 151119 230588 169017 160997 285238 268161 215417 213648 191749 163823 175198
 224139 236508 373696 353860 245276 193457 194911 198406 226338 184299 242270 205779 187643 244640 238634 271778 186730 202517 339190 555641
 224139 157408 252896 203093 196739 447519 256866 205020 206095 209753 182160 198933 319017 238099 190013 140395 109078 82507.1 116722 204669
 224139 314400 359997 332253 215078 203630 253603 232207 196766 343952 325157 281079 223389 167418 287993 232316 231243 525521 407187 300911
 224139 278010 168910 282245 253343 220788 233980 191873 234386 197222 563780 446406 360568 240982 181023 174213 137580 166362 149700 154150
 224139 196056 193713 260418 317620 353229 163431 214267 202959 397528 337154 290877 221842 281033 366947 315825 256553 249121 263959 261867
 224139 257075 305745 250944 260230 255162 193839 160172 130254 266763 280349 341086 306747 271792 291716 203600 240431 244626 313843 219140
 224139 278086 263663 280225 278243 214745 230942 170094 230779 156979 208620 314890 268552 303268 231479 290665 199532 304613 321611 218838
 224139 252147 201630 300107 362212 270243 240223 163355 297213 270273 226086 347148 405937 332131 247064 190068 274560 283717 173659 203603
 224139 223162 185976 356208 396603 325181 289489 183626 204971 238543 200367 197111 259366 236128 215596 227069 177285 199317 164537 236019
 224139 188544 267953 330272 287345 252950 237840 201215 431516 290522 329750 173072 163978 216374 129505 308768 325747 441127 347133 250460
 224139 205641 252710 231417 416538 329596 268868 208244 391543 313668 235746 213088 151474 147486 193216 170331 282372 260063 326260 308522
 224139 183647 195837 176780 212085 209170 443162 347943 261140 278833 276882 227415 280101 332239 333431 227825 218893 330899 389959 320111
 224139 192255 182075 150398 333269 410130 295992 364737 279981 232427 249577 222198 327707 301670 221924 172457 201108 139068 120786 171999
 224139 170587 231031 164870 171159 310906 257298 184873 221785 242025 255931 348217 260372 199907 181106 180554 245215 226579 226920 211713
 224139 183104 129960 186779 237882 299196 311711 252309 398791 234050 251354 248920 207414 222302 236128 243717 283525 259422 234598 230239
 224139 294655 151592 159921 185112 192648 321464 257300 247999 280392 298182 191674 224626 209242 265095 372861 285530 241638 205385 187598
 224139 299018 260195 305323 473330 241473 241993 212056 369731 408645 409354 307755 212610 261022 201428 198167 444215 388745 289611 305516
 224139 254029 191440 231646 146661 152787 104532 111798 157294 173818 281314 363444 221159 209919 404812 280710 199049 181793 186673 259975
 224139 169954 163315 149370 201124 345159 433183 310127 238437 266956 226235 216093 297312 181107 155474 184636 315746 195485 290318 194373
 224139 292852 329931 250583 299099 190296 195435 242823 462801 409301 364352 243147 172603 207811 305327 222999 251968 235241 193828 338900
 224139 191593 241465 226176 190950 264573 241225 197472 166788 265674 333220 200994 175449 128679 154888 159209 162658 185674 290992 273690
 224139 539682 323910 209808 349506 250692 238825 231868 274738 295094 230510 298856 354407 304086 257272 198490 275197 233018 182303 143722
 224139 409564 292493 201796 285287 266750 217346 226185 222995 201107 222251 221054 329609 336719 236807 178341 148766 191145 263635 295773
 224139 188204 229658 311497 234349 282351 289218 249635 256228 288499 269174 195005 225853 281044 233324 181975 223654 200623 132591 234636
 224139 167066 279383 216043 249180 337727 259735 279497 281693 218958 224355 259850 230947 197449 190687 148797 133214 140555 165178 150797
 224139 221132 256552 236781 204121 257015 445442 262654 223993 321387 343556 279111 221695 214946 263702 239455 270496 261267 240895 272790
 224139 147446 145023 262383 183404 157417 158420 210607 195797 293178 374144 285092 260995 224968 153774 146727 114490 288533 214825 231599
 224139 209126 336446 245323 263345 306320 200071 206817 312546 249407 210428 178468 181698 186054 243795 235096 185075 250231 250214 218015
 224139 315014 282222 219798 195780 507721 303541 250943 209573 185109 192834 149926 197060 292420 237666 223573 153446 224975 212613 206414
 224139 247188 187638 225615 161894 149601 405963 221447 331748 329139 223229 277920 183566 249449 292967 252821 315748 410637 293509 301892
 224139 287472 278240 308540 300704 311226 338912 367278 228898 231308 154324 116475 151838 123391 137401 177930 254463 295163 256685 226839
 224139 208847 191186 298383 213471 300585 238812 231224 229236 230011 279602 290963 268771 298321 347365 280742 249725 259350 275057 325227
 224139 158788 220947 225299 237603 203432 153986 177205 248826 199779 480609 454796 305260 236510 278532 452039 396852 300744 240788 302859
 224139 312565 209907 215667 158140 244430 324954 314040 246777 188117 217698 197544 220030 206531 210859 341399 327754 177679 180322 226374
 224139 150125 242927 223696 279103 218192 158682 211539 208490 211352 155740 113830 170824 298059 262775 252534 207937 224359 329615 290535
 224139 167100 201600 745615 413477 301014 212097 206195 187508 149049 177386 137902 178336 246149 328541 336120 229242 208408 184513 145914
 224139 157420 164750 160343 178012 308471 251352 273403 271256 375736 279079 400675 266487 276908 206842 207851 293411 205098 340155 318212
 224139 348816 464465 318323 255134 222708 257788 274244 221431 171020 233328 235053 419445 448648 291114 205819 195813 274049 226245 283923
 224139 246911 282965 162711 171709 192794 260595 291339 252482 250298 261129 371086 189147 240313 171189 172373 174541 223502 330681 158608
 224139 138854 222347 330219 284836 207130 162144 172736 193265 196476 210396 218328 262560 238008 121427 121813 277950 262489 183595 150971
 224139 246316 381364 308157 272736 238778 169296 246286 293426 222489 187512 190636 174225 167070 218878 352692 310666 177388 134920 163261
 224139 159666 156949 233838 205871 168068 166185 215163 185743 242714 228363 182407 239663 131847 278850 232888 343498 304744 331653 285373
 224139 279761 231199 233303 195793 226540 189823 223558 359266 278083 245376 305921 288213 455477 283702 205447 210663 224220 360980 288119
 224139 178942 242759 210767 204798 262921 256917 182057 189362 164031 300209 304874 206740 185256 187924 231557 180290 239936 251927 176638
 224139 288299 147643 123425 138470 171438 328385 389347 312191 283894 292001 247357 241098 316485 263277 339040 333367 293049 302721 197298
 224139 273549 195900 283469 327158 516575 586599 353834 226861 150520 221557 256552 276534 346778 273760 206645 366380 443473 344545 322845
 224139 231073 224642 214406 198954 211795 270932 130173 297120 327949 253144 170849 147941 149096 199914 193647 172464 234581 246950 164062
 224139 194634 213218 226316 224628 257086 349165 244337 277610 227877 262182 339071 352238 241194 402069 309291 320026 332457 334215 285126
 224139 189111 156514 245369 175854 152720 221164 220825 206561 199173 223493 208740 172182 195392 301591 313676 283515 199697 162452 107995
 224139 225656 240340 275438 509580 441396 203913 150318 190040 172973 202138 217705 225298 185235 264985 237961 166778 348495 283745 267786
 224139 157616 189774 204338 195305 215605 299272 268838 203121 210726 159412 309450 301814 264577 216838 264643 217909 211113 226143 242757
 224139 310096 252332 328300 336895 266539 211293 226358 157171 197124 145537 145772 149783 188401 172464 216115 245770 220285 211309 234132
 224139 176980 141604 173357 149836 271949 301438 236120 205334 258290 270474 225635 178823 214530 216333 213919 324265 250347 345696 265329
 224139 208572 305331 269839 275279 263426 496910 483934 238852 446116 334832 287215 289022 215181 240240 303949 272943 322867 266775 196300
 224139 242762 214400 179800 215184 315592 240692 197081 174819 199286 267947 306016 228788 246816 308300 240061 216248 275709 297168 207020
 224139 210828 253579 341928 325198 261630 220115 341997 430682 516790 310324 262120 175290 168059 191510 357739 235005 321229 264497 266516
 224139 179875 217386 503391 339250 238090 141109 324590 635048 474130 318876 174262 238619 198136 180706 165563 222637 155941 191138 172970
 224139 173943 148398 292763 282499 252474 199956 191526 203567 232378 223126 286489 210259 233831 203498 396484 307410 551523 297494 299333
 224139 146342 255032 213759 199454 200478 190824 249324 272339 290874 304115 317584 280223 286798 245978 285027 369358 344394 266293 207352
 224139 310999 354607 286759 245504 156479 130188 174952 140885 160099 169309 166706 174994 278708 242003 168043 186201 239947 291827 261050
 224139 155031 216552 292890 211570 191475 386530 313628 239144 316319 371673 274509 232757 241114 345506 563599 401856 200157 203565 242716
 224139 187475 236682 280095 356877 290448 160482 375592 323906 286588 358433 276118 249215 206999 183600 129560 168499 176995 152502 138345
 224139 311819 338513 303390 251712 153848 155054 248650 216858 159847 189982 151656 175122 193967 169393 234224 310335 291579 190748 209120
 224139 164903 143980 202936 169916 285906 234182 171724 259719 190085 210065 174144 141034 161047 113447 107369 224757 205286 161028 246512
 224139 168029 145986 101321 170614 155648 190488 352724 318354 362229 318977 345817 242588 219727 214281 274030 298125 218819 268512 233439
 224139 176725 182931 212414 238688 254053 199488 201769 320578 324576 234066 225848 292964 385914 364283 370691 252731 258894 191767 144214
 224139 317431 180805 331275 147148 153219 117058 144336 142021 172243 162833 162859 169497 112735 173223 184172 224389 164472 222655 242335
 224139 196641 160495 164381 202261 130108 258000 210098 245086 202107 215971 184646 199075 166063 250545 223732 314804 392344 344328 255251
 224139 204159 191087 158396 192787 250378 170037 187048 243484 193289 171096 342367 222611 192997 183544 230257 238320 210582 290900 241518
 224139 257720 259122 225608 345441 369555 275407 213571 189433 323483 259750 249945 270099 209424 239838 179545 228897 235865 233017 208487
 224139 264337 264991 227330 289702 270094 344029 354448 360317 250458 224525 295373 331794 340113 396918 279282 236690 359048 357917 260225
 224139 235355 233829 254112 431691 463654 341755 225290 263649 294715 244887 233569 451808 321179 260053 212183 240746 233374 232167 172930
 224139 265614 246267 202565 345833 326327 330341 330715 255103 168228 173799 206415 314495 277571 195278 270275 242292 216587 263594 194125
 224139 190341 175741 187478 166099 585705 389601 213413 192872 154808 152740 212602 250243 272874 262288 261148 305223 364190 331479 258179
 224139 205115 255753 161409 258875 132999 280782 338902 358539 268381 226450 273817 218682 296345 217854 158460 245254 335332 324594 229277
 224139 197934 270844 197190 259264 167027 192116 220705 202435 182251 135832 107156 123468 204899 228395 221546 177280 245171 229149 311086
 224139 233027 167680 153037 255953 255750 219764 263528 349402 199409 248933 357561 305444 191931 186750 150019 301178 244398 485958 262897
 224139 213554 290157 371721 250154 259512 192340 319453 413685 335127 325878 329258 230993 193927 234392 341728 338316 331315 322302 261319
 224139 169256 212933 215858 204232 187130 179226 317529 414889 323253 242936 118324 116300 195782 214368 151247 142051 140871 170465 352118
 224139 247975 198997 211067 158135 192016 212667 188060 167336 303458 228922 259645 236016 160801 116677 243032 350989 431311 301826 234055
 224139 199960 197891 182962 219768 209450 274967 267124 299771 263680 199965 136249 141805 177712 146339 292220 197427 427290 338317 249018
 224139 222572 216703 177106 179865 211339 123036 99605.6 154664 185171 186811 284028 272219 443023 356877 351704 278174 185847 208033 266471
 224139 182199 139505 119562 213652 201406 293594 590440 336722 283722 145947 176008 224772 248821 387450 325615 410665 305217 250617 413679
 224139 152127 165305 243082 310066 404953 332256 299899 177912 308525 259144 172670 217016 146515 167551 200103 170060 203116 245004 204825
 224139 187890 258939 510896 372840 242516 144946 190659 183616 276434 264091 292772 255222 184167 183128 190885 347258 316949 299179 253605
 224139 352612 248482 185449 288816 389294 302864 224917 313642 268267 206449 180676 176532 157411 90587.5 265335 293700 259844 283162 332802
 224139 253769 248310 410756 148811 290561 295049 167585 257643 214596 202828 202753 258257 264116 266990 223112 176207 219947 234388 231471
 224139 275818 221416 209645 303350 366460 276247 290832 215302 174320 120949 201542 178798 222263 385797 351843 233289 235616 299614 379647
 224139 176440 309945 412236 322185 203474 137036 218594 268105 242166 193730 208706 182560 314068 317478 262422 200893 169328 172323 209008
 224139 298342 265324 275090 285442 279166 444481 261242 247960 213007 206998 441835 289009 300638 210888 228723 300312 268079 206411 194884
 224139 287788 234021 222769 226981 182189 259376 225146 209955 272908 245998 311252 252781 204750 315755 282727 225932 294210 249940 244491
 224139 205348 136583 271955 194919 218005 162760 176951 275011 240623 258248 231874 191890 188159 266801 189480 228517 239233 260515 219955
 224139 280520 220787 253310 269096 201102 362004 415943 328391 254957 224958 281538 271780 592019 517838 277953 197945 158800 305839 277719
 224139 258792 218517 214577 167337 283856 299160 211147 186621 234551 228318 256836 351530 272799 261513 258830 240516 263812 318228 236805
 224139 235922 284091 234108 254707 312692 356226 354324 323079 245033 254307 239990 250639 146051 148734 159876 214655 302059 261619 163176
 224139 164774 157843 275379 505038 302600 373252 183613 183340 212591 246835 231721 251182 251705 303918 218620 234113 163745 190719 270512
 224139 207124 179162 245807 196318 296589 245873 173219 160172 141249 109714 157505 260424 179496 374827 263966 169085 144734 149654 161016
 224139 291923 284536 247632 194133 198852 282505 220758 203640 260625 285277 239350 183619 332544 427464 375359 292590 206992 136719 215906
 224139 186472 96256.8 121093 130678 186371 333565 186491 240876 319293 306453 283968 177732 177365 166255 189660 165117 236700 242463 221330
 224139 169527 223570 391148 212561 241635 356844 350483 242055 189922 208151 142760 139072 138327 356676 293938 208530 232791 368052 313673
 224139 360601 256689 254641 227797 193810 289705 257363 184904 197817 195051 299518 366676 291211 213785 133889 207476 216977 363309 369056
 224139 252293 310089 299491 196520 378832 285207 250456 221833 262387 214640 224758 185610 279923 167687 165845 234034 275624 280720 259573
 224139 206188 160434 223326 244215 159947 263267 252604 193808 127139 402151 439491 423765 292050 188804 266085 248850 242848 395523 467759
 224139 255224 229156 360835 262400 232725 322536 225163 327650 357873 362051 313090 375473 294443 241046 178545 522121 606262 376849 207349
 224139 251438 441257 413498 378700 289859 233935 202112 177950 204923 197189 237589 180467 209594 147421 180557 176380 156366 190683 305770
 224139 362498 257826 196431 183085 163762 272601 344993 256176 208643 152390 151212 172546 242305 321935 369027 261738 608448 463642 279152
 224139 437436 390475 283572 160443 145405 144013 229241 271617 232256 269298 257302 375446 274580 411563 291064 259037 175392 186432 220025
 224139 165473 290954 284872 162069 184767 226414 306221 495619 367858 269408 195141 148633 181069 174583 132796 122748 131348 102528 144951
 224139 220403 182200 253336 225960 337657 248491 219686 362585 400937 293332 228482 277248 263939 284258 249212 220984 261995 167900 269734
 224139 432056 366357 261695 144787 201946 135685 172208 142746 167737 613631 742705 387537 186125 139058 131099 160459 127521 282099 279893
 224139 190856 305025 313250 200626 191941 168215 216314 318021 236722 165880 157059 231250 312928 302304 222035 244088 164691 206999 246699
 224139 244081 194831 205194 226335 244258 273260 255704 188467 342338 211615 251412 314151 328616 413541 325309 279195 292833 252068 198513
 224139 197526 188316 218421 461059 310269 227590 231984 228700 202549 225130 290271 260651 312440 258287 232580 186899 266160 223376 278540
 224139 149236 172638 317995 274698 195743 184520 137843 222241 325236 275635 247050 188805 202285 247719 263697 273149 256485 254054 301789
 224139 257745 166447 298007 210164 227536 316503 247196 178576 176513 185321 186132 258576 213465 262545 283825 253018 192089 204462 263479
 224139 205660 507065 352168 278713 361067 213971 190386 220251 161466 451014 397562 325843 175785 238873 354214 327836 330213 307840 255009
 224139 268918 304414 319308 312677 286308 198399 239706 213345 193885 369068 402296 290903 206711 337988 236745 148610 166826 248864 371836
 224139 225446 233707 140984 199407 214135 232068 274176 360499 298459 359328 321781 222763 182569 251938 177367 204669 199661 326006 321196
 224139 176737 210234 125778 258250 229031 259272 182592 436360 399398 359531 325600 175713 195764 186573 202665 293989 299963 267536 224740
 224139 202231 196070 271621 317994 242784 234660 315587 360335 279735 212587 200878 228403 294143 307197 280673 219721 135251 202663 244456
 224139 264885 206438 129882 306328 344957 381585 240086 204500 199667 415754 218825 188412 169774 211077 198769 160261 132478 310574 210561
 224139 234594 225718 230631 262818 297668 218559 184964 137635 367450 370445 332209 304384 185934 177827 279753 272363 215388 227380 277227
 224139 208272 205400 214962 244122 278645 255633 249174 327001 257723 243499 265478 301039 257420 239717 215079 231390 169454 191827 209783
 224139 323703 268799 248551 180597 206362 339607 403507 358161 217592 196115 164168 166851 248445 272324 243847 188396 204030 237037 290848
 224139 199530 204168 200665 140158 159095 131843 472141 380538 264334 292125 288476 211261 410648 406823 290443 191902 216773 178634 214384
 224139 214956 182400 131064 241381 242602 394065 223033 298745 346235 325400 289884 285819 174274 146069 129036 131287 138534 169545 218695
 224139 338272 268622 259812 248419 461765 303660 276267 179839 194297 183638 165029 132503 277958 140783 551192 390601 386207 221727 210544
 224139 195160 191744 195863 201289 190214 216538 554974 605669 282033 209967 213545 168599 228285 290629 281062 233131 237016 219401 365133
 224139 158131 162107 118215 115726 190095 217113 406647 305362 215052 195935 192014 184527 199315 228517 245511 174423 222962 255646 233349
 224139 285186 205290 312481 251172 284535 219001 256933 312765 279457 150789 363455 233386 290864 253395 163793 258490 238541 155299 168119
 224139 387888 396294 260860 166659 204283 206888 287697 304116 208247 181642 188097 175604 162937 169458 152130 221195 216325 187688 239290
 224139 204353 197350 161132 165176 256302 241181 173851 177066 283980 234874 189910 168577 146724 157772 269352 161265 170828 274865 277033
 224139 199248 218663 165305 285405 183940 354961 298298 243734 246484 176390 219214 275004 468821 329748 253791 221549 232453 194560 185357
 224139 179296 236278 214142 292574 390650 352306 331400 286857 178646 250387 225328 276306 263162 243473 308900 504596 367478 287966 237141
 224139 305183 275681 234298 195639 284257 330766 214443 287446 269185 209872 254374 294674 289540 186798 173564 130889 148484 162930 169126
 224139 202562 337942 196715 271791 243612 230361 182151 187748 184008 351598 278052 211593 391009 363142 288391 226980 151468 189364 148382
 224139 220742 308005 288181 281622 366730 345491 271911 210208 295770 330116 277142 233082 243725 254934 361176 336790 229812 174147 318412
 224139 222994 171180 176337 195696 195706 153718 204997 235234 199931 127817 160476 239184 251484 238968 195527 285043 263610 159774 176873
 224139 184143 202941 232442 310333 245882 134293 191716 354676 333582 215885 243250 235881 520996 356554 202160 252861 289007 348452 276735
 224139 170550 185328 217993 263142 145821 187702 308113 365981 268964 159183 119024 165710 350564 488338 420058 279151 184630 236158 182484
 224139 483467 326651 249976 384069 314625 387508 362010 268564 197783 161080 237838 215220 298292 352567 511650 520873 308341 139093 150694
 224139 282833 705981 369571 255850 323032 242563 209547 250451 207271 273164 299966 236556 185944 113398 235764 197135 478268 429695 294469
 224139 212313 254697 234376 244064 182266 188043 269851 307013 241660 378615 293293 343321 388325 362487 377715 291093 246690 184277 164561
 224139 138095 164452 194679 267216 300028 480906 365320 349119 341720 281343 242073 366810 281464 267340 311656 217325 165630 190486 137528
 224139 196165 238660 349988 369505 224463 167522 150344 252558 345070 288606 206286 131699 118702 305398 281367 261219 255293 207313 212108
 224139 176278 207599 191865 191586 280380 381058 239377 230782 274415 227640 247831 320130 243875 173452 161072 162522 200213 245361 240312
 224139 275224 245482 394307 263681 303722 452747 431656 292588 233505 307869 273831 212760 211103 399925 342536 303401 227468 165989 198031
 224139 150462 397123 254367 199153 159653 179572 165145 143598 138900 153590 238725 192686 208547 226971 226182 199851 188851 273728 289877
 224139 204511 234636 298235 317134 313370 331715 274995 255415 293237 212832 188339 183512 317497 411747 245014 294103 238955 216828 272442
 224139 246934 248884 184023 208575 309484 216595 217506 199873 184778 267737 177744 176119 132584 199798 213413 225733 326675 402901 443561
 224139 168439 218350 303742 263686 197496 152786 209535 205511 248089 642785 617749 410451 330417 182833 124722 331338 374053 308761 231968
 224139 244368 180189 208423 335796 331893 329501 369409 369074 276276 345526 255892 228143 187874 355055 346471 294298 251102 314056 423899
 224139 214584 189134 234861 274124 236512 241758 298129 264056 192287 265768 319817 326944 245743 283010 216569 162611 179733 192304 179940
 224139 259025 261021 327057 244733 194411 217353 190236 209600 220058 350115 159939 170145 117767 174518 160208 176626 254176 333595 330461
 224139 221270 191348 161298 161786 252744 209000 241186 197732 388571 330218 273891 321207 412386 365249 340284 310413 187596 335518 275084
 224139 221696 343898 229997 221909 244338 137089 117745 144088 128540 138474 138564 248816 366934 279808 278431 179309 120960 122471 165267
 224139 221582 221328 488297 503224 314115 245471 222339 159924 375189 358774 233415 232785 179941 222164 331729 279106 227537 157225 196466
 224139 257656 321184 258244 261546 257053 297704 424960 402795 264312 210894 244767 269687 210255 235910 224499 140614 347784 346154 265401
 224139 164398 377491 355049 306164 249166 270782 262161 283205 368370 265382 200339 459137 376111 290222 266762 216946 156537 123979 159707
 224139 221041 188826 162227 165123 314311 406830 223857 574945 525535 359678 217512 322352 226935 157201 155189 298539 237384 225652 254708
 224139 210171 266375 276926 220885 128964 155688 154515 278388 239022 167552 214194 161214 247241 304142 242024 341769 331320 266926 278969
