 nan nan nan nan nan nan nan nan nan nan nan nan nan nan nan nan nan nan nan nan
 887513 984632 956140 827062 784748 715362 821973 852896 1.61876e+06 1.64079e+06 1.37161e+06 1.01971e+06 867372 824602 1.04389e+06 1.00919e+06 1.26707e+06 1.43742e+06 1.81514e+06 1.52529e+06
 795607 769865 1.28496e+06 1.82612e+06 2.22896e+06 2.14744e+06 1.67271e+06 1.15969e+06 936156 745213 1.02658e+06 1.19864e+06 1.78998e+06 1.82171e+06 1.54277e+06 1.02949e+06 934293 874084 1.16797e+06 1.26666e+06
 1.06638e+06 999500 1.21001e+06 1.13569e+06 991240 735887 783961 1.0863e+06 1.04674e+06 838397 937896 1.04896e+06 1.06932e+06 1.58569e+06 1.9887e+06 1.85771e+06 1.31251e+06 1.60072e+06 1.50606e+06 1.40995e+06
 1.22289e+06 1.51651e+06 1.38034e+06 1.14925e+06 880280 724666 680067 763733 731560 772403 895203 1.7277e+06 1.79081e+06 1.54737e+06 1.19668e+06 1.01401e+06 747812 551698 472199 530291
 1.17665e+06 1.39616e+06 1.53448e+06 1.74143e+06 1.3641e+06 970598 801473 657397 763049 1.06446e+06 1.06738e+06 1.20483e+06 1.1117e+06 1.17762e+06 1.09417e+06 1.1436e+06 1.4768e+06 1.71539e+06 1.5241e+06 1.54605e+06
 896087 1.0255e+06 966680 1.0756e+06 894208 729073 725060 1.58688e+06 1.52491e+06 1.31943e+06 786726 1.01779e+06 943216 919665 822602 701935 685539 767762 822151 844394
 1.17917e+06 1.58511e+06 1.73046e+06 1.50152e+06 1.223e+06 954255 1.4851e+06 1.60134e+06 1.80776e+06 2.04277e+06 2.3214e+06 2.07581e+06 1.44977e+06 1.24295e+06 1.05141e+06 1.06279e+06 1.15512e+06 1.11618e+06 1.39221e+06 1.47385e+06
 1.74398e+06 2.11819e+06 1.89359e+06 1.16965e+06 1.04173e+06 920001 920713 969064 2.01054e+06 1.91313e+06 1.59799e+06 980368 1.07e+06 1.13567e+06 1.27733e+06 1.03081e+06 1.12724e+06 941058 1.23609e+06 1.18472e+06
 1.25669e+06 1.92194e+06 2.18301e+06 1.71586e+06 1.22386e+06 827232 1.24515e+06 1.41571e+06 1.36697e+06 905999 677661 526264 592411 494963 508996 541869 477278 675523 928297 1.55835e+06
 740409 689995 615245 788363 782577 1.16559e+06 1.11887e+06 1.25755e+06 1.19498e+06 1.06913e+06 847218 765534 1.23003e+06 1.70988e+06 1.8514e+06 1.57104e+06 1.18745e+06 869706 671970 611202
 877187 766078 861657 1.03163e+06 981299 1.03375e+06 983610 997434 1.02262e+06 888091 623316 353320 286964 266832 192473 332796 399905 496065 477784 621673
 777951 888754 794912 862861 750722 708331 721851 1.53517e+06 1.96639e+06 1.87676e+06 1.40085e+06 1.08329e+06 798436 1.15585e+06 1.32349e+06 1.14512e+06 861396 821917 724569 1.02602e+06
 875772 776438 787196 1.24276e+06 1.12492e+06 1.03287e+06 1.00478e+06 823143 1.23545e+06 1.2695e+06 2.4799e+06 2.33996e+06 1.91241e+06 1.12018e+06 835154 674860 756063 761179 677525 641141
 962047 1.1869e+06 1.56914e+06 1.47358e+06 1.80903e+06 1.88564e+06 1.65865e+06 1.46665e+06 1.09377e+06 1.05394e+06 1.02652e+06 1.4111e+06 1.3383e+06 1.20255e+06 936609 1.3026e+06 1.33644e+06 1.25167e+06 1.06738e+06 1.51025e+06
 1.09311e+06 1.41225e+06 1.52932e+06 1.16224e+06 845804 588974 707355 953703 1.14618e+06 1.45731e+06 1.73169e+06 1.59643e+06 2.21412e+06 1.93908e+06 1.58554e+06 1.13852e+06 1.04616e+06 1.05881e+06 897964 893132
 840832 1.3158e+06 1.48217e+06 1.34285e+06 1.63329e+06 1.84729e+06 1.57029e+06 1.43092e+06 1.07815e+06 845608 1.08706e+06 1.40277e+06 1.30251e+06 1.14907e+06 1.11305e+06 920274 921815 1.0293e+06 1.178e+06 1.44658e+06
 989005 1.01135e+06 895795 719563 784336 961660 1.05674e+06 1.10679e+06 995443 809362 851074 1.18044e+06 1.46849e+06 1.55628e+06 1.27526e+06 1.11354e+06 776624 788278 752977 763090
 1.1635e+06 1.13909e+06 1.01683e+06 883838 1.13198e+06 1.46688e+06 1.42453e+06 1.16807e+06 1.03625e+06 1.09653e+06 1.01213e+06 1.21821e+06 1.97251e+06 2.04591e+06 1.45198e+06 797380 566020 998813 1.03794e+06 1.49936e+06
 1.05321e+06 894126 887460 888008 1.36892e+06 1.54796e+06 1.41565e+06 992372 964341 1.24478e+06 2.1281e+06 2.18939e+06 1.86577e+06 1.16238e+06 842827 706795 1.03039e+06 1.18961e+06 1.17025e+06 861439
 801882 718277 1.05341e+06 1.2373e+06 1.30754e+06 1.12866e+06 1.10354e+06 893313 954249 893349 833716 671419 564129 470198 734407 1.50503e+06 1.89265e+06 1.9713e+06 1.73424e+06 1.42454e+06
 1.0769e+06 1.42659e+06 2.35326e+06 2.21811e+06 1.7298e+06 1.13481e+06 976840 936970 745747 1.04608e+06 1.22981e+06 1.78572e+06 1.88366e+06 1.74354e+06 1.18492e+06 1.2247e+06 961228 786804 627060 836265
 1.20213e+06 1.47206e+06 1.35658e+06 1.39424e+06 1.43934e+06 1.3089e+06 1.20964e+06 1.05694e+06 783305 660987 542521 478879 563671 777483 1.0477e+06 1.02366e+06 925026 1.08355e+06 1.32197e+06 1.35537e+06
 1.06225e+06 1.16055e+06 1.33418e+06 1.23213e+06 1.16412e+06 868004 735522 815826 785025 908562 881268 860608 860215 1.01029e+06 1.32386e+06 1.29959e+06 1.11375e+06 1.49846e+06 1.6864e+06 1.70438e+06
 889088 963557 2.00794e+06 2.2624e+06 1.95983e+06 1.37798e+06 1.02912e+06 1.11056e+06 1.05059e+06 1.24288e+06 1.29135e+06 1.11952e+06 1.04001e+06 1.15439e+06 1.36546e+06 1.67883e+06 1.48077e+06 1.16319e+06 1.31069e+06 1.32909e+06
 785299 733517 743058 820855 826329 678320 713363 1.00343e+06 978341 751856 684581 953489 1.48969e+06 1.83797e+06 1.68694e+06 1.2784e+06 912330 626262 776319 892983
 1.28673e+06 1.42108e+06 1.29773e+06 1.01033e+06 889911 968413 999937 953125 799038 745149 807214 726011 1.29636e+06 1.39213e+06 1.32574e+06 917064 812165 717255 904480 990757
 922815 827419 928739 1.11627e+06 1.25211e+06 1.12392e+06 904912 1.43235e+06 1.49498e+06 1.7835e+06 1.42561e+06 1.1094e+06 1.03456e+06 1.13681e+06 1.11768e+06 1.04954e+06 938343 1.26779e+06 1.47862e+06 1.79357e+06
 879880 1.17672e+06 1.61025e+06 1.61129e+06 1.28038e+06 996843 1.00212e+06 920445 789953 963989 1.04969e+06 1.05413e+06 1.06406e+06 970762 996941 1.12424e+06 1.47261e+06 1.44476e+06 1.27994e+06 902332
 1.54242e+06 1.8625e+06 1.76977e+06 1.25669e+06 833390 616045 445340 630448 720054 711722 744300 794602 1.05829e+06 1.69589e+06 1.59478e+06 1.29414e+06 953845 686479 786319 1.28392e+06
 1.09746e+06 2.4694e+06 2.45782e+06 2.11619e+06 1.21006e+06 1.32094e+06 1.10635e+06 1.13299e+06 1.61238e+06 1.54163e+06 1.31587e+06 996107 1.64326e+06 1.58307e+06 1.75988e+06 1.43636e+06 1.33935e+06 1.08275e+06 1.01747e+06 847115
 808870 672270 709524 665630 533952 586160 737145 737887 633843 682634 1.13295e+06 1.33383e+06 1.2556e+06 1.00959e+06 827809 739430 722690 918820 912868 1.16117e+06
 974214 1.00729e+06 963875 661028 1.03358e+06 1.20625e+06 1.15329e+06 969081 766612 588772 870857 1.39716e+06 1.67735e+06 1.68958e+06 1.70766e+06 1.3954e+06 1.34327e+06 1.02829e+06 921419 676671
 1.13681e+06 1.21155e+06 1.11111e+06 817330 654426 533997 479336 557314 693306 841835 888697 1.06248e+06 1.40264e+06 1.54399e+06 1.40909e+06 1.11501e+06 986329 1.15141e+06 1.11399e+06 981133
 830412 906499 907688 965602 1.02395e+06 892333 997765 1.07562e+06 967916 740262 695598 759077 1.24521e+06 1.48805e+06 1.3622e+06 961606 791057 588574 581294 742231
 954559 1.32947e+06 1.46659e+06 1.58329e+06 1.44418e+06 1.23237e+06 1.65429e+06 1.62669e+06 1.48304e+06 1.08626e+06 1.12264e+06 1.56177e+06 1.53217e+06 1.33171e+06 869255 871171 759888 628300 673755 799779
 940900 1.54885e+06 1.68583e+06 1.79027e+06 1.43997e+06 1.7459e+06 2.08869e+06 1.97084e+06 1.67003e+06 1.13791e+06 904554 1.5625e+06 1.70567e+06 1.51667e+06 1.04487e+06 777902 642010 757816 810623 980632
 1.52306e+06 1.47929e+06 1.13576e+06 935648 988378 1.92098e+06 2.6384e+06 2.61484e+06 1.83825e+06 1.03176e+06 747236 513311 619332 859846 990051 977353 1.03134e+06 964259 1.61381e+06 1.62819e+06
 835098 973828 971578 954140 756822 598969 489176 675250 784275 869426 830424 830528 1.00173e+06 1.14397e+06 1.07926e+06 920363 892267 809180 734117 991044
 971195 1.53764e+06 1.47241e+06 1.24245e+06 910709 836611 737686 887029 973811 1.21329e+06 1.17054e+06 1.11119e+06 1.23331e+06 1.41868e+06 1.39987e+06 1.23871e+06 1.12914e+06 1.77991e+06 2.5758e+06 2.76566e+06
 826922 874829 813052 788012 1.06296e+06 1.25293e+06 1.02571e+06 871102 805095 709247 736333 1.12771e+06 1.04922e+06 834387 577248 403575 363843 456134 719040 2.55631e+06
 1.38762e+06 1.39138e+06 1.73523e+06 1.34832e+06 1.10878e+06 1.21242e+06 1.129e+06 1.09807e+06 1.5809e+06 1.53198e+06 1.41585e+06 1.03668e+06 939017 949216 1.01547e+06 903230 1.80189e+06 1.91595e+06 1.59175e+06 1.01014e+06
 1.02165e+06 829371 1.20193e+06 1.26734e+06 1.24767e+06 1.06953e+06 1.09959e+06 1.02024e+06 1.04543e+06 1.79372e+06 1.9526e+06 1.78842e+06 1.24922e+06 804825 645540 569288 589102 629794 627494 699633
 848726 826315 993586 1.04418e+06 1.26274e+06 979489 903621 862392 1.59714e+06 1.72796e+06 1.63622e+06 1.18073e+06 1.17421e+06 1.32515e+06 1.44488e+06 1.32944e+06 1.12907e+06 1.32061e+06 1.28295e+06 1.16445e+06
 1.31753e+06 1.35176e+06 1.31201e+06 1.28936e+06 1.07106e+06 883225 667984 532680 897067 1.18283e+06 1.70561e+06 1.76101e+06 1.60171e+06 1.31589e+06 945604 830408 1.11284e+06 1.25397e+06 1.27773e+06 1.0444e+06
 1.12318e+06 1.24162e+06 1.18288e+06 1.05762e+06 870981 849772 775545 706750 672530 645652 1.08229e+06 1.14648e+06 1.37771e+06 1.30409e+06 1.2972e+06 991752 1.14859e+06 1.29734e+06 1.18172e+06 1.1656e+06
 1.05577e+06 974323 1.24721e+06 1.45014e+06 1.36748e+06 1.18816e+06 933089 1.13912e+06 1.30958e+06 1.31799e+06 1.56466e+06 1.94162e+06 2.13689e+06 1.73256e+06 1.24153e+06 1.02574e+06 938665 808572 866337 804729
 974728 974064 1.45133e+06 1.61593e+06 1.7164e+06 1.28245e+06 1.00306e+06 911758 852725 872236 838758 1.07599e+06 1.04937e+06 961937 965014 851300 863489 821868 1.08854e+06 1.35521e+06
 1.02759e+06 1.2027e+06 1.37515e+06 1.31797e+06 1.43704e+06 1.2607e+06 1.20829e+06 1.27701e+06 1.3551e+06 1.18775e+06 963056 655879 699601 549318 976450 1.31308e+06 2.00786e+06 1.81604e+06 1.62559e+06 1.07053e+06
 950917 1.04584e+06 1.15837e+06 1.63893e+06 1.71992e+06 1.44605e+06 950027 1.19214e+06 1.36357e+06 1.22727e+06 904095 698513 577191 708837 711164 1.18985e+06 1.17497e+06 1.63628e+06 1.46906e+06 1.55191e+06
 736900 858540 758764 954507 884419 1.71114e+06 1.63141e+06 1.38281e+06 1.24212e+06 1.26701e+06 1.25962e+06 1.353e+06 1.55191e+06 1.39763e+06 1.22555e+06 1.03063e+06 1.30627e+06 1.43444e+06 1.35627e+06 932643
 989870 838777 693062 1.15873e+06 1.46247e+06 1.41737e+06 1.45192e+06 1.19986e+06 1.13765e+06 1.03788e+06 925723 1.10233e+06 1.07577e+06 1.06111e+06 787209 696624 540875 420339 660282 846160
 814872 809216 762760 826840 986157 1.08962e+06 900969 869351 991070 1.01497e+06 1.31236e+06 1.25172e+06 1.07485e+06 778560 716722 847983 1.12882e+06 1.19731e+06 1.28321e+06 1.18371e+06
 843673 693312 629346 769081 1.00616e+06 1.35279e+06 1.31856e+06 1.3406e+06 1.15111e+06 1.37619e+06 1.2649e+06 1.20606e+06 910966 1.05008e+06 952753 1.27056e+06 1.17039e+06 1.08974e+06 998513 963013
 1.03315e+06 953339 796628 871037 790795 1.01348e+06 1.19381e+06 1.35304e+06 1.31158e+06 1.38971e+06 1.10766e+06 974051 927270 893003 1.5629e+06 1.414e+06 1.31459e+06 897917 819155 1.00815e+06
 1.22506e+06 1.23627e+06 1.269e+06 1.60822e+06 1.62176e+06 1.24576e+06 984473 1.53401e+06 1.87616e+06 1.92679e+06 1.41267e+06 1.00013e+06 970612 889345 831492 1.57175e+06 1.68341e+06 1.68794e+06 1.51698e+06 1.59312e+06
 1.0196e+06 981850 872075 712352 559772 511806 467825 571346 738390 1.13444e+06 1.55896e+06 1.39774e+06 1.17844e+06 1.21812e+06 1.25081e+06 969584 739191 777316 707549 772632
 859937 815798 712439 877125 1.46953e+06 1.83995e+06 1.63602e+06 1.07023e+06 919930 1.04052e+06 1.07372e+06 1.13163e+06 912278 742291 718476 989682 1.00727e+06 1.16344e+06 1.02107e+06 1.13186e+06
 1.5145e+06 1.43879e+06 1.61401e+06 1.21797e+06 1.03723e+06 852242 937406 2.22671e+06 2.53666e+06 2.41922e+06 1.58768e+06 979900 664825 1.03207e+06 1.11234e+06 1.13468e+06 998626 912590 1.08237e+06 1.33602e+06
 947233 1.0759e+06 991328 954467 1.04104e+06 916038 825770 653452 1.10209e+06 1.11624e+06 1.06397e+06 688206 524092 594077 697377 700042 820056 966155 1.09574e+06 1.66091e+06
 1.53491e+06 1.48068e+06 1.08999e+06 971167 1.31098e+06 1.2892e+06 1.22153e+06 1.31351e+06 1.26174e+06 1.12183e+06 1.24713e+06 1.57119e+06 1.42904e+06 1.12768e+06 841862 991628 1.07926e+06 977525 808129 736852
 1.46006e+06 1.40581e+06 1.15016e+06 1.20959e+06 1.16826e+06 1.2765e+06 1.18761e+06 1.09451e+06 958313 900709 877257 1.40022e+06 1.52516e+06 1.36323e+06 920646 606670 563567 750740 1.4672e+06 1.61296e+06
 877572 757327 1.0785e+06 1.2406e+06 1.3921e+06 1.40711e+06 1.14289e+06 1.0933e+06 1.12154e+06 1.12422e+06 862701 950544 1.04919e+06 1.12315e+06 978373 981467 894999 771333 843108 1.21641e+06
 771762 917525 1.18259e+06 1.30426e+06 1.51375e+06 1.32363e+06 1.07485e+06 1.24735e+06 1.0377e+06 1.0914e+06 1.03284e+06 900296 810442 728684 677473 614782 563529 699296 643737 648447
 862355 911800 852785 918635 1.14045e+06 1.28503e+06 1.31065e+06 1.02813e+06 1.41011e+06 1.6372e+06 1.53651e+06 1.19268e+06 992445 798819 803757 1.11698e+06 1.10746e+06 1.33353e+06 1.34117e+06 1.43468e+06
 970287 979326 1.10296e+06 978142 734691 885575 1.01871e+06 1.18874e+06 1.2267e+06 1.5775e+06 1.55752e+06 1.48825e+06 1.11274e+06 851940 550493 501929 666732 878251 1.17928e+06 1.1747e+06
 849796 1.03571e+06 1.30661e+06 1.26207e+06 1.29346e+06 1.16445e+06 958649 1.1318e+06 1.06003e+06 954785 774586 760636 727015 938644 962023 889292 1.00059e+06 1.07284e+06 952169 898486
 1.24284e+06 1.43038e+06 1.20582e+06 1.04088e+06 1.37525e+06 1.59563e+06 1.32644e+06 1.03741e+06 755892 621888 608586 885157 1.11632e+06 1.18339e+06 1.0053e+06 768006 646148 688386 745836 751832
 883924 863805 973493 883826 735994 1.02906e+06 1.12276e+06 1.35514e+06 1.44376e+06 1.47212e+06 1.39108e+06 1.14689e+06 1.05817e+06 1.11978e+06 1.14209e+06 1.3477e+06 1.77297e+06 1.70562e+06 1.63908e+06 1.19053e+06
 916119 1.277e+06 1.41037e+06 1.52686e+06 1.3998e+06 1.5316e+06 1.47242e+06 1.19008e+06 857040 672953 479853 451569 418089 428832 653018 984876 1.16447e+06 1.35736e+06 1.27416e+06 1.03436e+06
 892523 812063 881177 1.00163e+06 1.43542e+06 1.37764e+06 1.23029e+06 950081 976084 1.16542e+06 1.2634e+06 1.46492e+06 1.67371e+06 1.93266e+06 1.67386e+06 1.40737e+06 1.13573e+06 1.38169e+06 1.49853e+06 1.47583e+06
 814994 1.08102e+06 1.2176e+06 1.2419e+06 1.02404e+06 804427 653698 805789 800049 1.82583e+06 2.21864e+06 2.05372e+06 1.60524e+06 1.1931e+06 1.9404e+06 1.99207e+06 1.76392e+06 1.12551e+06 1.18894e+06 1.12466e+06
 1.02951e+06 949655 887821 833858 1.00367e+06 1.41484e+06 1.38405e+06 1.11931e+06 894885 976759 957017 820116 898298 837784 1.58884e+06 1.54132e+06 1.33042e+06 926751 941887 867315
 901930 879420 846699 880028 813471 698789 878134 1.05069e+06 947148 796375 629511 703176 943951 1.22402e+06 1.22807e+06 1.11728e+06 970664 1.05361e+06 1.03547e+06 1.02252e+06
 776858 739918 1.6838e+06 1.87719e+06 1.41317e+06 984169 896184 776357 638703 580823 644141 643565 1.02483e+06 1.40347e+06 1.47909e+06 1.39143e+06 1.03749e+06 927329 756033 813691
 782639 699179 621356 743655 996788 1.42811e+06 1.43272e+06 1.42736e+06 1.73666e+06 1.49144e+06 1.77495e+06 1.60514e+06 1.51438e+06 1.18321e+06 1.10169e+06 1.00847e+06 921771 1.16076e+06 1.47856e+06 1.36097e+06
 1.24691e+06 2.03444e+06 1.96094e+06 1.54757e+06 1.03253e+06 984998 903018 857510 725560 969983 1.18485e+06 1.62264e+06 2.02732e+06 1.69194e+06 1.1615e+06 872865 988704 951702 990065 1.18647e+06
 946173 1.02054e+06 916289 788493 725054 983799 1.21274e+06 1.34354e+06 1.23395e+06 1.2324e+06 1.1308e+06 890784 825386 740449 713932 771305 915485 995074 862219 704821
 742103 950895 1.37252e+06 1.55736e+06 1.26751e+06 937575 801987 708404 784150 850529 780687 831358 718728 550874 422953 752026 990665 898497 779198 884906
 1.01691e+06 1.28829e+06 1.40537e+06 1.20948e+06 1.08033e+06 945614 924296 1.1611e+06 1.15735e+06 1.02591e+06 913264 923921 724971 926032 1.27454e+06 1.39864e+06 1.16572e+06 777328 641174 669358
 815403 710347 664617 853653 774863 777321 828332 899285 984583 1.07951e+06 980209 859742 722185 804207 879869 1.50325e+06 1.64015e+06 1.68691e+06 1.46399e+06 1.32067e+06
 1.11643e+06 1.01657e+06 967155 916645 1.12985e+06 1.01981e+06 1.04138e+06 1.32381e+06 1.36115e+06 1.27508e+06 1.35013e+06 1.2723e+06 1.78011e+06 1.59531e+06 1.25217e+06 986375 1.17342e+06 1.30584e+06 1.20976e+06 1.08317e+06
 848985 864239 862259 932730 1.09863e+06 1.05647e+06 865409 924447 851344 1.44721e+06 1.3878e+06 1.26411e+06 882658 761670 823332 725583 1.00409e+06 961230 925746 658341
 987617 916163 674790 700018 688078 1.29078e+06 1.48752e+06 1.76492e+06 1.61889e+06 1.51571e+06 1.32608e+06 1.23607e+06 1.28753e+06 1.29539e+06 1.23775e+06 1.33001e+06 1.62024e+06 1.43258e+06 1.24647e+06 756549
 936774 869688 1.09247e+06 1.4122e+06 3.05126e+06 3.21862e+06 2.83589e+06 1.59609e+06 796670 687599 726356 1.03696e+06 1.18764e+06 1.20341e+06 883980 1.45241e+06 1.69615e+06 1.93048e+06 1.72815e+06 1.50129e+06
 987467 964785 1.03643e+06 820903 898147 809039 656317 793513 1.17942e+06 1.06195e+06 879269 617674 701182 882229 931682 812239 813183 981467 878738 956234
 1.00434e+06 1.0773e+06 1.27319e+06 1.24696e+06 1.36494e+06 1.53768e+06 1.5338e+06 1.33195e+06 1.10174e+06 893210 916684 1.25467e+06 1.23318e+06 1.40038e+06 1.46004e+06 1.24302e+06 1.5448e+06 1.39501e+06 1.21465e+06 984983
 847098 664484 699348 598563 473573 930354 1.04056e+06 1.05554e+06 783000 709867 753002 741975 834124 1.20755e+06 1.62914e+06 1.4716e+06 1.1388e+06 691414 483635 538665
 855192 932061 1.25539e+06 2.10457e+06 2.07781e+06 1.59224e+06 871974 659013 676878 827897 891677 973749 898367 1.26947e+06 1.35784e+06 1.25885e+06 1.39587e+06 1.31005e+06 1.47524e+06 1.56547e+06
 785176 758056 818522 768808 681239 1.13673e+06 1.11933e+06 1.05823e+06 953883 807648 1.32964e+06 1.31029e+06 1.30812e+06 953778 1.07006e+06 948293 1.02533e+06 809398 939545 1.37254e+06
 1.37492e+06 1.5312e+06 1.76161e+06 1.64321e+06 1.3216e+06 1.08198e+06 861919 661343 660376 580131 552097 621264 663978 767383 1.15841e+06 1.16303e+06 1.28741e+06 1.15707e+06 1.14058e+06 918900
 814021 644708 899320 871817 1.2767e+06 1.37991e+06 1.26237e+06 1.24706e+06 1.40074e+06 1.51465e+06 1.32978e+06 986622 874982 943665 955664 1.19678e+06 1.14151e+06 1.36747e+06 1.21091e+06 1.24677e+06
 946575 1.17106e+06 1.18019e+06 1.14538e+06 1.13689e+06 1.58598e+06 1.80664e+06 1.45461e+06 1.72878e+06 1.62544e+06 1.81369e+06 1.43356e+06 1.20302e+06 882013 1.21543e+06 1.35084e+06 1.45218e+06 1.23711e+06 1.01482e+06 900996
 889096 786295 737316 661445 910680 939874 906377 776105 742909 975279 1.25286e+06 1.17533e+06 1.26912e+06 1.48373e+06 1.37847e+06 1.1594e+06 1.25956e+06 1.13103e+06 932575 1.01493e+06
 1.02837e+06 1.01726e+06 1.50555e+06 1.41328e+06 1.32195e+06 994015 968414 1.77673e+06 2.02376e+06 1.85107e+06 1.37044e+06 955762 717217 745119 1.07318e+06 1.40279e+06 1.48602e+06 1.27766e+06 1.10791e+06 925652
 973951 996442 1.59162e+06 1.53484e+06 1.12686e+06 907964 1.20107e+06 2.50915e+06 2.53526e+06 2.00077e+06 1.09341e+06 880267 768038 719559 814285 777441 792195 882707 967530 1.94918e+06
 840082 766681 1.08051e+06 1.09797e+06 1.15774e+06 1.08487e+06 939302 818760 810292 939549 1.11405e+06 1.13464e+06 973031 792172 1.12284e+06 1.26096e+06 1.77265e+06 1.61844e+06 1.70469e+06 1.47694e+06
 878138 961433 1.13742e+06 1.05131e+06 1.02236e+06 875670 1.02576e+06 935507 1.27341e+06 1.39164e+06 1.78678e+06 1.65038e+06 1.68593e+06 1.26601e+06 1.15317e+06 1.76854e+06 1.662e+06 1.51041e+06 1.06122e+06 890586
 1.05231e+06 1.3594e+06 1.26522e+06 1.10637e+06 820961 626110 644532 579820 582250 716942 698594 657651 836987 1.11905e+06 1.052e+06 870114 1.16722e+06 1.36033e+06 1.34069e+06 1.11498e+06
 765891 898514 1.08014e+06 1.04288e+06 900907 1.30172e+06 1.36071e+06 1.25942e+06 1.49016e+06 1.64993e+06 1.59149e+06 1.25112e+06 1.25104e+06 1.29459e+06 1.86936e+06 1.64536e+06 1.16014e+06 712909 936565 1.0377e+06
 897817 868254 986582 1.34894e+06 1.20688e+06 924333 1.27166e+06 1.62895e+06 1.5579e+06 1.82913e+06 1.50541e+06 1.31931e+06 885460 862638 666813 710408 620849 576808 426345 593035
 1.308e+06 1.62432e+06 1.63015e+06 1.39385e+06 993372 801309 815591 804171 654907 698744 774696 860336 863593 889386 1.02578e+06 1.38571e+06 1.34067e+06 1.14562e+06 987397 791127
 686923 626572 735024 776877 1.03093e+06 965511 786935 777459 748515 761126 747006 635873 559142 439399 426743 604294 775898 716009 1.01945e+06 976471
 732281 579117 408602 510985 546289 758891 1.31778e+06 1.49951e+06 1.47662e+06 1.52038e+06 1.35442e+06 1.22869e+06 1.02193e+06 901182 1.03023e+06 1.08248e+06 989913 1.17936e+06 1.08381e+06 1.23525e+06
 821563 839584 922579 1.00997e+06 1.07603e+06 920646 927481 896118 1.19275e+06 1.05111e+06 950892 967652 1.40127e+06 1.57103e+06 1.57843e+06 1.32685e+06 1.06325e+06 728327 512390 549432
 1.0246e+06 902334 794068 765993 545527 472421 495582 425211 646562 670851 720663 671462 686985 690071 862671 970340 1.03481e+06 1.3398e+06 1.26731e+06 1.33212e+06
 993402 853185 806600 678599 740318 786685 855323 936493 950524 868204 731798 791266 795124 1.06758e+06 1.15883e+06 1.52319e+06 1.85398e+06 1.69215e+06 1.49297e+06 1.20229e+06
 908836 939025 830210 761321 762205 648471 656330 658469 830460 794695 1.01663e+06 902958 722083 749546 1.03472e+06 1.15924e+06 1.20665e+06 1.29354e+06 1.14562e+06 971413
 887905 945181 775971 1.42795e+06 1.44196e+06 1.33321e+06 925057 829258 1.17968e+06 1.138e+06 1.10429e+06 1.19209e+06 1.22561e+06 1.11811e+06 1.08361e+06 1.08584e+06 1.07757e+06 1.0554e+06 915275 899157
 1.07934e+06 962662 1.08823e+06 1.15587e+06 1.19014e+06 1.43708e+06 1.54276e+06 1.51711e+06 1.24714e+06 968286 1.14057e+06 1.15244e+06 1.73767e+06 1.69553e+06 1.60653e+06 1.20926e+06 1.62408e+06 1.71628e+06 1.47661e+06 1.05642e+06
 944869 906279 1.01213e+06 1.68409e+06 2.06627e+06 1.74118e+06 1.45734e+06 1.11149e+06 1.28491e+06 1.00891e+06 1.09288e+06 1.33378e+06 1.27519e+06 1.25776e+06 965880 1.1192e+06 1.13637e+06 1.16183e+06 902869 648142
 1.00907e+06 1.05473e+06 884651 1.10508e+06 1.43146e+06 1.70527e+06 1.59534e+06 1.30832e+06 918973 640831 875107 1.0636e+06 1.22731e+06 959598 1.03234e+06 965190 926205 946948 886410 1.52043e+06
 812467 730863 671878 623906 1.40295e+06 1.58313e+06 1.31552e+06 839626 789498 682192 997904 1.05911e+06 1.04347e+06 1.13107e+06 1.35458e+06 1.66307e+06 1.73153e+06 1.73088e+06 1.5402e+06 1.19506e+06
 1.04908e+06 1.0184e+06 924536 775318 686130 1.13154e+06 1.29468e+06 1.49686e+06 1.11332e+06 985303 957497 952596 1.09429e+06 995696 889328 1.03787e+06 1.24376e+06 1.47079e+06 1.17279e+06 929324
 794102 850762 750187 644207 693901 579190 816912 800544 696085 561407 374926 455209 702645 854486 1.04596e+06 856974 986894 1.00411e+06 1.39621e+06 1.52847e+06
 936571 824924 625741 698348 799989 852195 1.04041e+06 1.2732e+06 1.13446e+06 1.13562e+06 1.21545e+06 1.2094e+06 942271 743470 717728 989619 1.16887e+06 1.72787e+06 1.72707e+06 1.46418e+06
 939368 1.14857e+06 1.52958e+06 1.40655e+06 1.12604e+06 973778 1.22383e+06 1.6111e+06 1.61051e+06 1.62299e+06 1.3385e+06 1.13946e+06 792754 944492 1.15917e+06 1.43279e+06 1.45212e+06 1.66793e+06 1.37128e+06 1.07874e+06
 762285 825569 821771 947457 786769 726647 1.05917e+06 1.5947e+06 1.53358e+06 1.16804e+06 698490 427736 645630 708416 721738 567774 610168 626334 1.56724e+06 1.66558e+06
 1.00594e+06 893601 845026 692486 666718 882683 885377 796484 999270 970479 1.12662e+06 959040 770507 604093 754741 1.46619e+06 1.6072e+06 1.49765e+06 1.01261e+06 822832
 898097 874341 796959 958080 908487 969985 970809 1.11819e+06 1.03388e+06 827060 741361 572131 572025 512481 820043 822844 1.33654e+06 1.44794e+06 1.33826e+06 907773
 1.08065e+06 1.05066e+06 956876 668584 691753 543623 437809 423119 575168 571150 937541 1.03704e+06 1.96781e+06 1.95826e+06 2.21533e+06 1.73847e+06 1.32554e+06 930056 1.19912e+06 1.37132e+06
 814055 671364 606778 659206 804866 1.23673e+06 2.04249e+06 2.10516e+06 1.54616e+06 925493 648240 687607 1.07094e+06 1.7121e+06 1.68901e+06 1.58669e+06 1.2223e+06 1.11312e+06 1.68933e+06 2.14174e+06
 808668 764840 900471 1.33194e+06 1.58434e+06 1.75025e+06 1.33589e+06 968023 1.02737e+06 937178 773634 568764 559206 751439 782148 812445 943260 1.09414e+06 1.02492e+06 1.4793e+06
 901429 1.14463e+06 1.75415e+06 1.74108e+06 1.27976e+06 803642 776484 885920 1.21506e+06 1.38341e+06 1.53519e+06 1.32276e+06 1.04927e+06 781646 778666 1.15916e+06 1.41401e+06 1.34628e+06 1.20118e+06 1.21516e+06
 987651 1.03614e+06 804687 1.16636e+06 1.63067e+06 1.66182e+06 1.28499e+06 1.23687e+06 1.04672e+06 984746 751777 682656 525211 435205 702902 1.04792e+06 1.37726e+06 1.39099e+06 1.51459e+06 2.10545e+06
 1.06386e+06 1.07326e+06 1.29227e+06 1.32215e+06 1.38797e+06 1.26158e+06 972905 793681 883469 855021 1.17973e+06 1.28955e+06 1.4279e+06 1.38409e+06 1.12494e+06 788965 927589 1.0476e+06 1.11792e+06 1.01649e+06
 1.20332e+06 1.12591e+06 1.00806e+06 1.40083e+06 1.58613e+06 1.52884e+06 1.23437e+06 1.01009e+06 685983 508114 635720 817150 862516 1.37844e+06 1.55341e+06 1.42485e+06 1.12179e+06 1.24094e+06 1.68028e+06 1.52708e+06
 814612 1.62209e+06 2.02668e+06 1.93579e+06 1.26798e+06 768913 770247 1.11924e+06 1.23581e+06 1.16415e+06 1.01096e+06 911897 1.41902e+06 1.8667e+06 1.68702e+06 1.2387e+06 825931 701955 872292 832762
 1.20378e+06 1.11892e+06 989038 1.03133e+06 1.08773e+06 1.46365e+06 1.36632e+06 1.12575e+06 941652 889647 1.24778e+06 1.42119e+06 1.49042e+06 1.23063e+06 1.12361e+06 1.05452e+06 1.08122e+06 1.04435e+06 909311 738832
 1.15224e+06 1.11567e+06 1.27459e+06 1.14123e+06 1.08618e+06 1.04716e+06 997588 844619 901838 1.00365e+06 1.23469e+06 1.21768e+06 939414 1.32665e+06 1.24719e+06 1.36775e+06 1.16016e+06 1.12535e+06 1.20577e+06 1.21176e+06
 775407 739793 867723 942261 859678 717155 720941 821273 1.01305e+06 1.2421e+06 1.18808e+06 1.08688e+06 853428 1.02593e+06 1.03585e+06 1.20815e+06 1.19851e+06 1.24836e+06 993685 774414
 1.44117e+06 1.35875e+06 1.34662e+06 1.10916e+06 855992 1.4305e+06 1.62368e+06 1.74917e+06 1.4011e+06 1.08936e+06 1.02449e+06 1.19868e+06 2.06634e+06 2.25873e+06 1.84772e+06 1.16198e+06 1.02395e+06 1.06685e+06 1.10099e+06 982870
 1.10672e+06 1.0469e+06 1.00631e+06 866155 1.24199e+06 1.35043e+06 1.23296e+06 856030 916355 837165 1.08228e+06 1.45559e+06 1.37987e+06 1.07137e+06 1.0354e+06 978651 1.04429e+06 1.07079e+06 1.0582e+06 1.04826e+06
 955954 1.3749e+06 1.3305e+06 1.27931e+06 1.50468e+06 1.37459e+06 1.40176e+06 1.27903e+06 1.18619e+06 1.03461e+06 1.10164e+06 915343 728767 570913 609624 805735 1.12288e+06 1.03722e+06 898549 858703
 824469 781243 1.27174e+06 2.30842e+06 2.28911e+06 1.90267e+06 1.20828e+06 843979 827384 878986 902810 1.11963e+06 1.21179e+06 1.3028e+06 1.13058e+06 1.0703e+06 980958 954769 1.21498e+06 1.70355e+06
 947072 782571 725478 733727 994919 1.04238e+06 804246 574822 543755 450489 512660 735351 866650 1.26187e+06 1.23373e+06 929856 733810 899549 946926 1.10891e+06
 1.41849e+06 1.3809e+06 1.35518e+06 1.03151e+06 956162 1.02994e+06 1.06901e+06 930106 990430 1.18076e+06 1.11608e+06 887647 1.18842e+06 1.46274e+06 1.61831e+06 1.29354e+06 908664 573738 698006 739417
 748979 557149 417508 541073 688006 982491 947279 1.07102e+06 1.15673e+06 1.36093e+06 1.23777e+06 976422 753594 763236 674787 618103 801170 889380 1.2901e+06 1.30119e+06
 921836 962665 1.26557e+06 1.45897e+06 1.2296e+06 1.63139e+06 1.60132e+06 1.31042e+06 871215 678749 566572 594367 549844 1.2349e+06 1.43879e+06 1.32041e+06 1.18439e+06 1.24858e+06 1.2666e+06 1.04475e+06
 1.08848e+06 1.2206e+06 1.22417e+06 1.17144e+06 949475 1.01114e+06 1.10282e+06 940214 857648 851458 1.14075e+06 1.46242e+06 1.32341e+06 980934 665454 724916 894076 1.71505e+06 1.76244e+06 1.68923e+06
 1.20463e+06 1.38024e+06 1.38291e+06 1.08668e+06 1.55664e+06 1.65947e+06 1.60729e+06 1.19294e+06 1.15087e+06 965092 973446 841850 838386 753017 681243 836299 1.15932e+06 1.45809e+06 1.34157e+06 1.15513e+06
 844038 670881 852031 862018 826814 1.05657e+06 1.24213e+06 1.06029e+06 742148 1.69847e+06 1.99386e+06 2.00587e+06 1.57067e+06 1.04289e+06 939645 916812 922150 1.42207e+06 1.68399e+06 1.96279e+06
 1.09475e+06 1.27886e+06 1.40631e+06 1.4656e+06 1.23603e+06 1.23789e+06 1.04707e+06 934875 1.52042e+06 1.66634e+06 2.00052e+06 2.01361e+06 1.69078e+06 1.30957e+06 930167 2.68089e+06 2.96084e+06 2.74637e+06 1.48029e+06 821072
 942884 1.5122e+06 1.56097e+06 1.63325e+06 1.3008e+06 1.01535e+06 781290 769482 810301 779982 845627 691887 802983 675992 845061 912403 840343 1.04534e+06 1.45174e+06 1.78782e+06
 1.60039e+06 1.5458e+06 1.29174e+06 866311 666769 730785 949639 1.14498e+06 1.02028e+06 849692 734637 768007 851457 1.29727e+06 1.32796e+06 1.30617e+06 2.12646e+06 2.17602e+06 1.78302e+06 1.23236e+06
 1.33576e+06 1.5503e+06 1.27907e+06 821815 637645 588285 877762 1.07807e+06 1.12939e+06 1.07246e+06 1.05709e+06 1.18759e+06 1.15334e+06 1.63715e+06 1.55329e+06 1.30871e+06 889490 686083 704714 687191
 850982 1.26416e+06 1.32151e+06 1.10856e+06 752158 851782 1.14337e+06 1.87951e+06 1.92081e+06 1.49819e+06 909803 661205 632717 656469 499687 373574 408539 339218 439493 570739
 986044 956763 972351 830217 1.16297e+06 1.00202e+06 983135 1.56218e+06 1.77561e+06 1.60882e+06 1.20712e+06 1.25661e+06 1.13772e+06 1.34002e+06 1.22839e+06 1.1128e+06 938471 763992 1.00646e+06 1.29503e+06
 1.64721e+06 1.60404e+06 1.26963e+06 692514 593338 593798 656994 793387 889367 2.75356e+06 2.95445e+06 2.57723e+06 1.21509e+06 683934 388307 490151 489225 863567 993130 2.06281e+06
 952731 1.02375e+06 1.09306e+06 996577 851657 767979 927625 1.22047e+06 1.27906e+06 1.00505e+06 887702 999901 1.17946e+06 1.40107e+06 1.23029e+06 1.00059e+06 653478 749042 819225 1.12489e+06
 987077 962056 884414 944287 959232 1.06735e+06 1.0993e+06 929215 1.01856e+06 970819 961866 1.47478e+06 1.4951e+06 1.64969e+06 1.4763e+06 1.4851e+06 1.43247e+06 1.17047e+06 895229 1.06083e+06
 1.00528e+06 962016 1.126e+06 1.60587e+06 1.78593e+06 1.41594e+06 1.15813e+06 945894 762087 908405 1.13613e+06 1.18302e+06 1.41179e+06 1.25185e+06 1.21496e+06 940001 1.00651e+06 880888 909612 747267
 744611 872709 1.13751e+06 1.25674e+06 995635 754941 556049 905830 1.15605e+06 1.38717e+06 1.2554e+06 1.05359e+06 848769 988629 1.12985e+06 1.23253e+06 1.14813e+06 1.03472e+06 1.22365e+06 1.2587e+06
 1.05871e+06 885187 925043 843116 1.00291e+06 1.24979e+06 1.2521e+06 1.00108e+06 730560 685040 589864 824082 821080 999428 1.21555e+06 1.26331e+06 1.12364e+06 945788 1.07055e+06 1.05771e+06
 868179 1.54409e+06 1.60484e+06 1.37257e+06 1.15427e+06 1.11101e+06 888575 947861 767555 1.65363e+06 1.8776e+06 1.65112e+06 1.12908e+06 987005 1.39086e+06 1.41098e+06 1.53853e+06 1.21081e+06 1.16846e+06 1.29027e+06
 999557 1.29106e+06 1.4734e+06 1.70155e+06 1.52822e+06 1.1547e+06 928112 767128 734912 1.29444e+06 1.69035e+06 1.51812e+06 1.09277e+06 1.14474e+06 936391 827116 647505 1.10534e+06 1.71197e+06 1.73132e+06
 868935 1.01129e+06 821037 857909 914993 970483 1.06269e+06 1.26926e+06 1.52468e+06 1.6532e+06 1.55491e+06 1.30968e+06 895694 943030 844683 771302 773631 1.59902e+06 1.70313e+06 1.59196e+06
 865036 792657 692009 705784 915186 909970 1.18201e+06 1.56115e+06 2.14887e+06 1.8906e+06 1.46853e+06 946069 712975 749113 756952 935551 1.00242e+06 1.13088e+06 1.05305e+06 1.63703e+06
 924167 976812 1.26086e+06 1.22727e+06 1.41587e+06 1.50348e+06 1.64297e+06 1.93776e+06 1.6205e+06 1.44888e+06 1.01032e+06 1.03903e+06 1.23842e+06 1.43288e+06 1.43455e+06 1.16461e+06 809301 788057 924674 987418
 1.04544e+06 971549 810391 1.32185e+06 1.69373e+06 1.94779e+06 1.48713e+06 1.2013e+06 758302 1.33377e+06 1.21188e+06 1.01492e+06 829350 930521 788803 749247 567930 1.00362e+06 1.0595e+06 1.59512e+06
 915877 952357 1.14209e+06 1.18084e+06 1.21671e+06 1.07541e+06 813003 578527 1.53727e+06 2.16501e+06 2.39731e+06 1.96042e+06 1.42506e+06 860967 1.1109e+06 1.11156e+06 1.18634e+06 1.15037e+06 1.17602e+06 1.35294e+06
 836463 829539 801010 1.44812e+06 1.4456e+06 1.50734e+06 1.15182e+06 1.29419e+06 1.2909e+06 1.26154e+06 1.0724e+06 1.04158e+06 923213 938195 912577 899433 809424 801146 1.07729e+06 1.18263e+06
 1.17848e+06 1.20689e+06 1.26337e+06 952779 820904 1.14729e+06 1.27691e+06 1.22592e+06 813952 756427 585462 590573 755831 939602 878956 691175 764546 1.17354e+06 1.52774e+06 1.69713e+06
 852169 798147 788499 644538 674485 596080 1.38343e+06 1.41471e+06 1.38244e+06 1.19117e+06 1.29806e+06 1.15003e+06 1.50526e+06 1.54921e+06 1.28347e+06 834235 750236 663551 671512 1.0108e+06
 851448 721208 592996 999741 1.09157e+06 1.31609e+06 1.11253e+06 1.4131e+06 1.54878e+06 1.64356e+06 1.37775e+06 1.16795e+06 860684 594435 445774 412400 512550 616077 857340 983539
 1.49792e+06 1.63711e+06 1.46866e+06 1.31291e+06 1.43347e+06 1.4344e+06 1.16455e+06 878453 739123 770561 691859 543929 679634 641120 1.50345e+06 1.99208e+06 1.79851e+06 1.29718e+06 1.01264e+06 771512
 895226 838153 964559 889138 772769 895448 1.83606e+06 2.21445e+06 1.86624e+06 1.20065e+06 959345 801097 902340 1.00432e+06 1.23481e+06 1.05592e+06 936291 856606 1.39322e+06 2.17128e+06
 850092 772318 595649 504856 684681 945958 1.55234e+06 1.6013e+06 1.39768e+06 948353 736276 765248 818780 965084 1.03294e+06 898362 1.02277e+06 963336 986432 774416
 1.05412e+06 1.10587e+06 1.4014e+06 1.86076e+06 1.74131e+06 1.43666e+06 1.26e+06 1.22354e+06 1.04153e+06 717788 991373 1.05545e+06 1.18449e+06 1.12345e+06 1.07709e+06 1.05022e+06 1.03426e+06 803082 750685 794407
 1.78371e+06 1.93548e+06 1.67641e+06 947780 813190 831169 1.22773e+06 1.38186e+06 1.23878e+06 944400 785595 751977 768910 739797 686930 888483 913263 847033 910770 801449
 1.03631e+06 956518 880666 652332 949679 912228 886070 665169 857459 911982 858545 688024 582580 681841 949779 913966 822165 1.07072e+06 1.40497e+06 1.44049e+06
 808709 837381 773243 962271 945231 1.21239e+06 1.07473e+06 977148 811763 731796 1.06887e+06 1.3122e+06 1.83981e+06 1.91588e+06 1.52581e+06 1.11501e+06 977038 812409 679150 978875
 872158 829088 907469 1.2716e+06 1.73593e+06 1.7962e+06 1.7164e+06 1.24675e+06 957636 837303 1.03134e+06 1.06381e+06 1.13881e+06 1.05395e+06 1.31074e+06 1.84954e+06 1.90842e+06 1.63608e+06 1.21749e+06 1.03392e+06
 1.1682e+06 1.31294e+06 1.23733e+06 998724 1.01423e+06 1.03715e+06 1.06777e+06 1.07325e+06 1.04253e+06 979937 1.01818e+06 1.6562e+06 1.66545e+06 1.42632e+06 941286 613650 532640 553139 567124 477123
 788263 880244 996633 1.05462e+06 1.05117e+06 934132 890077 911243 849546 1.21042e+06 1.24312e+06 1.06324e+06 1.44896e+06 1.68384e+06 1.56286e+06 1.1313e+06 819428 643955 733576 935900
 943643 1.13717e+06 1.21999e+06 1.39119e+06 1.42892e+06 1.64752e+06 1.29304e+06 1.197e+06 1.29833e+06 1.67537e+06 1.53341e+06 1.32458e+06 1.21783e+06 1.07444e+06 1.47671e+06 1.377e+06 1.07893e+06 657704 708019 614333
 1.01218e+06 949273 953228 882652 794616 723835 798519 873216 752355 550554 568451 725281 962862 1.099e+06 978155 1.15569e+06 1.06572e+06 896662 728743 739408
 806306 954840 1.0979e+06 1.39309e+06 1.24743e+06 1.09853e+06 920989 1.27027e+06 1.38411e+06 1.23959e+06 1.10009e+06 1.1e+06 1.74996e+06 1.67165e+06 1.29262e+06 1.16096e+06 1.34845e+06 1.3824e+06 1.25449e+06 890128
 814399 753198 789320 754155 709872 1.00288e+06 1.4407e+06 1.76177e+06 1.41787e+06 919836 555494 585320 1.27398e+06 2.07673e+06 2.33591e+06 1.80563e+06 1.16174e+06 891064 816554 809013
 1.46716e+06 1.66771e+06 1.42736e+06 1.51876e+06 1.48363e+06 1.76546e+06 1.5657e+06 1.25311e+06 825505 598347 789588 903344 1.18224e+06 1.54996e+06 2.50007e+06 2.41994e+06 1.91971e+06 971582 572998 437233
 1.31045e+06 2.10549e+06 2.17685e+06 1.49252e+06 1.38917e+06 1.04814e+06 962041 961032 958385 1.03752e+06 1.19747e+06 1.11427e+06 845721 600740 588678 675643 1.54232e+06 1.76742e+06 1.52454e+06 1.26632e+06
 1.0309e+06 1.35749e+06 1.47164e+06 1.32479e+06 1.04104e+06 743338 856144 987380 903094 1.33834e+06 1.41422e+06 1.61849e+06 1.81293e+06 1.65493e+06 1.69447e+06 1.40275e+06 1.11226e+06 767151 726790 711064
 754039 659870 697436 991089 1.21841e+06 1.60732e+06 1.89821e+06 1.89627e+06 1.78479e+06 1.32414e+06 1.13783e+06 1.21962e+06 1.42682e+06 1.59779e+06 1.38005e+06 1.14805e+06 831665 734865 642112 942981
 842560 895769 1.63447e+06 1.62407e+06 1.46242e+06 904928 683585 860661 1.25183e+06 1.26162e+06 977913 681073 490559 963667 1.15161e+06 1.10259e+06 1.01502e+06 883185 814818 761381
 804536 899912 914754 1.00968e+06 1.45521e+06 1.66965e+06 1.54485e+06 1.25868e+06 1.35355e+06 1.38566e+06 1.44867e+06 1.43845e+06 1.17953e+06 749837 671812 576828 696019 730357 742973 705193
 1.0675e+06 997346 1.28854e+06 1.27597e+06 1.4297e+06 1.88618e+06 1.90292e+06 1.45955e+06 1.05762e+06 1.10362e+06 1.03448e+06 920796 836761 1.16543e+06 1.40032e+06 1.35379e+06 1.12133e+06 829848 956320 1.34578e+06
 847207 1.25622e+06 1.3277e+06 1.03695e+06 712212 684043 630068 648543 567316 502216 783193 868865 989221 1.05324e+06 1.02792e+06 961220 901914 1.17745e+06 1.28493e+06 1.35752e+06
 958530 1.17541e+06 1.40073e+06 1.56794e+06 1.68057e+06 1.34252e+06 1.19472e+06 869623 1.06869e+06 905925 943462 867770 1.01101e+06 1.26184e+06 1.25633e+06 1.43614e+06 1.40956e+06 1.35757e+06 1.23838e+06 1.3121e+06
 1.0441e+06 1.02803e+06 886816 911182 1.11838e+06 1.11801e+06 907056 748726 656851 763680 740559 610346 494605 626043 672867 938801 1.22806e+06 1.78307e+06 1.96018e+06 1.70327e+06
 852413 863849 1.19294e+06 1.32183e+06 1.08215e+06 795884 880568 918752 1.05698e+06 2.25484e+06 2.71603e+06 2.39609e+06 1.56321e+06 949113 552361 1.52828e+06 1.85832e+06 1.77028e+06 1.13534e+06 750477
 946734 928560 797906 1.09648e+06 1.41856e+06 1.40373e+06 1.99956e+06 1.90672e+06 1.82775e+06 1.67427e+06 1.46965e+06 1.17692e+06 947305 1.22978e+06 1.32867e+06 1.38886e+06 1.08204e+06 1.18463e+06 1.41932e+06 1.59207e+06
 929308 875279 1.01585e+06 1.06279e+06 1.35352e+06 1.34527e+06 1.65111e+06 1.46431e+06 1.21045e+06 1.16395e+06 1.3922e+06 1.34494e+06 1.2405e+06 1.0501e+06 1.01698e+06 791978 825861 951747 908324 1.59951e+06
 1.26425e+06 1.53939e+06 1.68526e+06 1.46282e+06 1.14071e+06 952734 845652 771527 840543 969657 875184 605373 475858 681881 664940 811852 823818 1.5445e+06 1.50209e+06 1.36068e+06
 1.09161e+06 970710 884767 669339 801987 809556 820883 763967 1.41409e+06 1.39347e+06 1.32965e+06 1.30247e+06 1.49529e+06 1.79874e+06 1.60494e+06 1.47157e+06 1.03841e+06 1.00237e+06 1.02505e+06 1.0597e+06
 937504 1.21379e+06 1.32063e+06 1.06657e+06 859612 545036 409391 508748 545327 548960 527636 869339 1.39359e+06 1.44498e+06 1.24764e+06 899644 609641 491557 616522 760774
 912703 924915 1.76811e+06 2.20651e+06 1.98021e+06 1.32698e+06 851800 783291 1.34978e+06 1.6255e+06 1.3382e+06 962462 777107 892902 1.16975e+06 1.28612e+06 1.04299e+06 784471 693985 688540
 967911 1.11095e+06 1.02339e+06 1.08463e+06 1.06614e+06 1.14435e+06 1.70716e+06 1.6505e+06 1.33206e+06 850229 885120 991529 1.09454e+06 1.0552e+06 919013 737616 1.09597e+06 1.27615e+06 1.21789e+06 901425
 850308 1.59439e+06 1.67193e+06 1.56707e+06 1.09376e+06 1.1527e+06 1.00813e+06 1.40089e+06 1.3898e+06 1.26084e+06 849372 1.26216e+06 1.43489e+06 1.29538e+06 1.01806e+06 784834 583618 454138 501563 433362
 856405 752004 635441 657645 1.0297e+06 1.20497e+06 1.33507e+06 2.29258e+06 2.4284e+06 2.06908e+06 1.20322e+06 1.02589e+06 786141 634978 713366 945088 918478 984032 1.19857e+06 1.3859e+06
 940519 1.04674e+06 1.06283e+06 996088 742334 610463 549416 959440 1.09186e+06 1.00639e+06 846970 692261 801760 860674 1.01851e+06 1.3657e+06 1.4975e+06 1.51963e+06 1.43102e+06 1.48027e+06
