 7.33088e+06 7.33088e+06 7.33088e+06 7.33088e+06 7.33088e+06 7.33088e+06 7.33088e+06 7.33088e+06 7.33088e+06 7.33088e+06 7.33088e+06 7.33088e+06 7.33088e+06 7.33088e+06 7.33088e+06 7.33088e+06 7.33088e+06 7.33088e+06 7.33088e+06 7.33088e+06
 817531 951626 953402 760823 696341 662899 701197 751678 1.28856e+06 1.28272e+06 1.20512e+06 957028 765178 661704 719243 805751 852519 1.15531e+06 1.32606e+06 1.38675e+06
 761739 662028 1.06505e+06 1.61313e+06 1.80525e+06 1.63028e+06 1.28783e+06 947092 874758 754907 976143 1.07841e+06 1.65811e+06 1.8601e+06 1.41085e+06 941967 812520 869880 925651 949782
 1.07561e+06 1.07211e+06 1.27096e+06 1.09742e+06 947712 759438 706330 1.00105e+06 820587 733324 930443 1.00121e+06 1.17354e+06 1.27076e+06 1.66953e+06 1.78926e+06 1.39277e+06 1.39106e+06 1.59325e+06 1.40503e+06
 1.31144e+06 1.34436e+06 1.09743e+06 1.01527e+06 777716 623884 601282 780003 747253 649140 808415 1.37959e+06 1.26011e+06 1.07998e+06 932670 917772 884471 479828 457071 552380
 1.20448e+06 1.25994e+06 1.53142e+06 1.55135e+06 1.19992e+06 992002 999302 837129 808909 947428 1.09702e+06 1.12205e+06 1.06642e+06 1.13543e+06 978872 874555 1.21904e+06 1.40893e+06 1.3948e+06 1.2488e+06
 778472 864828 915811 1.00504e+06 882834 599412 763540 1.39282e+06 1.36076e+06 1.33595e+06 732641 795357 791359 761553 725981 588487 548071 592561 773383 761559
 1.01643e+06 1.11427e+06 1.64673e+06 1.38313e+06 965553 858747 1.36934e+06 1.49876e+06 1.57858e+06 1.59423e+06 1.88144e+06 1.81873e+06 1.35306e+06 1.17193e+06 1.06498e+06 803608 812293 806535 1.74524e+06 1.44425e+06
 1.52027e+06 2.15425e+06 1.88124e+06 1.26746e+06 786714 664371 665551 919165 1.47651e+06 1.58356e+06 1.23155e+06 575529 823863 979090 1.01796e+06 880331 921004 862969 1.03606e+06 924155
 1.11757e+06 1.55577e+06 1.76091e+06 1.55835e+06 1.43615e+06 904349 972853 1.29491e+06 1.20127e+06 792354 595036 557263 527886 501170 506016 401485 397033 586509 818268 1.37883e+06
 892460 676335 745991 718896 816955 1.05774e+06 1.00542e+06 1.01216e+06 1.00491e+06 954162 810699 731251 928998 1.40261e+06 1.25405e+06 1.32916e+06 1.18073e+06 879366 573262 489734
 764701 665495 965087 906162 1.00872e+06 1.07893e+06 1.01306e+06 958997 972213 1.10122e+06 728048 363805 343682 265334 185476 255018 327915 416364 426985 539440
 868431 736817 714161 905334 771711 610537 754149 1.29284e+06 1.81741e+06 1.66423e+06 1.21091e+06 939441 676902 1.11899e+06 1.23137e+06 777124 772641 709898 633429 806230
 788796 807718 989022 1.03641e+06 1.00836e+06 1.13007e+06 945922 842608 981122 1.15302e+06 2.01918e+06 1.98639e+06 1.90535e+06 1.18999e+06 899975 713175 766118 662866 478190 440181
 922329 933299 1.2633e+06 1.50933e+06 1.70879e+06 1.39339e+06 1.176e+06 1.05951e+06 1.00059e+06 969267 810241 966571 1.0046e+06 1.06652e+06 877414 1.04398e+06 1.1486e+06 1.1916e+06 875291 1.15979e+06
 1.14213e+06 1.8416e+06 1.76017e+06 1.39135e+06 777585 425881 548598 917508 900832 1.23167e+06 1.40592e+06 1.33299e+06 1.48118e+06 1.53398e+06 1.44037e+06 854234 749784 865031 917451 788340
 904406 1.384e+06 1.474e+06 1.30121e+06 1.70877e+06 1.77051e+06 1.72664e+06 1.53914e+06 1.20548e+06 782023 925995 1.24985e+06 1.08462e+06 962606 821417 856953 804910 876105 1.06669e+06 1.13202e+06
 1.03577e+06 1.07777e+06 666560 583660 634999 826433 1.0127e+06 1.14815e+06 813080 757187 647569 810080 1.32644e+06 1.38845e+06 1.15448e+06 955289 854464 855329 670777 663660
 1.15637e+06 1.01768e+06 1.06191e+06 826982 1.0375e+06 1.16664e+06 1.26856e+06 1.05978e+06 895206 979079 898270 948572 1.89338e+06 2.02781e+06 1.5672e+06 693797 649024 907640 1.04912e+06 1.37109e+06
 903877 937553 715421 564365 879603 1.28004e+06 1.20314e+06 815728 760725 991719 1.61269e+06 1.7733e+06 1.44982e+06 1.15294e+06 941215 718510 838331 996972 1.1074e+06 766040
 649374 562690 834084 1.05822e+06 1.41344e+06 1.21177e+06 1.10853e+06 939374 981261 841942 810912 684824 589814 411700 509157 1.0438e+06 1.51424e+06 1.57213e+06 1.46423e+06 1.20966e+06
 1.09169e+06 1.50205e+06 2.07252e+06 1.92588e+06 1.34108e+06 928988 936614 951871 757860 1.02599e+06 1.01475e+06 1.38814e+06 1.7796e+06 1.64625e+06 1.2647e+06 1.03231e+06 1.02053e+06 844747 725226 816534
 996480 1.37012e+06 1.42333e+06 1.39997e+06 1.26618e+06 1.06106e+06 1.10022e+06 917833 886181 677677 509418 490355 614761 683493 859652 873508 807636 952009 1.20167e+06 1.13399e+06
 1.09866e+06 1.0395e+06 1.1214e+06 1.17522e+06 1.04266e+06 813131 785863 820502 668109 851799 733851 958445 823694 909329 932651 1.07341e+06 1.02554e+06 1.27145e+06 1.44538e+06 1.50381e+06
 998364 1.06208e+06 1.64936e+06 1.65172e+06 1.61216e+06 1.38902e+06 1.15211e+06 1.08755e+06 1.08071e+06 1.10162e+06 1.16132e+06 925211 880696 1.14667e+06 1.34092e+06 1.58895e+06 1.61668e+06 1.07389e+06 1.11303e+06 1.35424e+06
 900545 682384 576351 738778 815821 670340 728115 991553 1.00626e+06 733660 758403 1.03613e+06 1.35782e+06 1.5607e+06 1.52966e+06 1.17905e+06 784410 621218 594853 616912
 1.02394e+06 1.26947e+06 959633 977062 721168 867628 1.04073e+06 813187 647069 772428 811273 715398 1.19149e+06 1.28049e+06 1.17686e+06 797757 753479 715869 665307 792626
 901577 713180 778388 967038 1.02217e+06 792645 784917 1.24759e+06 1.27339e+06 1.3682e+06 1.20959e+06 1.16711e+06 894112 895229 944794 729326 774100 1.12637e+06 1.36824e+06 1.47481e+06
 747017 998119 1.16205e+06 1.29782e+06 1.12726e+06 880992 1.12115e+06 1.0784e+06 889933 805454 941413 978601 961816 770293 877039 828317 1.03468e+06 1.24809e+06 1.05079e+06 721184
 1.36997e+06 1.57179e+06 1.45184e+06 1.10531e+06 855909 713993 489617 517004 655143 648707 807103 679678 916285 1.37454e+06 1.37886e+06 1.38328e+06 1.05037e+06 491050 614433 1.04947e+06
 1.17033e+06 1.70092e+06 2.0306e+06 1.96332e+06 1.17706e+06 1.27885e+06 950424 949745 1.3864e+06 1.51115e+06 1.26247e+06 1.03772e+06 1.34078e+06 1.19907e+06 1.29381e+06 1.26984e+06 1.15372e+06 1.14505e+06 1.03532e+06 804698
 835141 699617 701908 603816 469177 634469 744876 668080 669986 664826 787138 997153 1.04392e+06 951468 828369 668910 568710 758506 813290 879115
 855004 954927 957072 682050 928051 1.0599e+06 1.0257e+06 779857 619580 689245 795418 1.14234e+06 1.44291e+06 1.6734e+06 1.25586e+06 1.19426e+06 1.14616e+06 992314 690537 697853
 1.02391e+06 1.03281e+06 920957 758990 734000 531150 372992 483866 519746 556841 694550 809293 1.33994e+06 1.52516e+06 1.21455e+06 1.10747e+06 836677 927401 1.06054e+06 939879
 702024 797343 834778 903004 955753 953917 883328 908490 936777 758816 710630 656875 877347 1.15288e+06 1.2405e+06 1.01866e+06 774696 658591 459290 741031
 924231 1.08951e+06 1.23148e+06 1.33646e+06 1.19536e+06 1.09071e+06 1.20974e+06 1.48533e+06 1.2802e+06 905931 1.06063e+06 1.28575e+06 1.53514e+06 1.1843e+06 892761 907144 769479 597404 801062 682767
 880802 1.43987e+06 1.66633e+06 1.53465e+06 1.31102e+06 1.47591e+06 1.49283e+06 1.5232e+06 1.07206e+06 891870 900812 1.38852e+06 1.5884e+06 1.45801e+06 973545 767155 510999 630113 671804 973585
 1.44791e+06 1.37503e+06 1.13347e+06 947412 880354 1.37764e+06 2.07188e+06 2.24356e+06 1.39975e+06 1.07992e+06 584877 431082 481379 603803 858563 719713 883670 767988 1.05845e+06 1.28327e+06
 846397 991852 921698 843390 713917 709583 420725 623744 585386 814034 711515 626289 944542 1.07307e+06 949937 887458 779341 634267 672518 871041
 964995 1.31783e+06 1.51589e+06 1.34533e+06 852220 744200 765606 810929 681855 835210 831291 777433 879563 919733 1.09448e+06 884074 788489 1.10446e+06 1.89267e+06 2.14074e+06
 738652 929776 884526 818573 1.24132e+06 1.14864e+06 884915 847352 810881 703767 719729 1.02287e+06 1.00501e+06 899081 567254 406653 280548 335669 618743 2.42842e+06
 1.13432e+06 1.36955e+06 1.45774e+06 1.0147e+06 970773 921875 913062 835847 1.09335e+06 1.2919e+06 1.31065e+06 967906 677342 937713 938626 910533 1.61442e+06 1.68009e+06 1.57462e+06 996964
 1.07735e+06 850030 998582 1.00812e+06 1.02944e+06 963632 792361 864638 813935 1.67854e+06 1.84677e+06 1.73724e+06 1.14869e+06 868296 631391 461840 533794 503845 513386 509340
 860895 816577 952495 1.12952e+06 1.24647e+06 820475 800827 755251 1.24932e+06 1.34504e+06 1.37535e+06 1.0255e+06 1.03655e+06 1.27916e+06 1.29659e+06 1.09597e+06 1.00318e+06 964129 961149 959059
 980151 1.21208e+06 1.22367e+06 1.0625e+06 1.07633e+06 918211 637810 486282 782327 979401 1.25331e+06 1.26521e+06 1.25935e+06 1.23884e+06 966466 899506 848244 1.10697e+06 953977 858578
 1.06211e+06 1.09335e+06 1.20524e+06 1.2209e+06 959600 870900 684695 741958 534057 658242 999336 1.069e+06 1.19715e+06 985801 1.15545e+06 935775 1.0795e+06 1.17221e+06 1.00004e+06 835300
 994777 907850 1.11585e+06 1.24961e+06 1.26851e+06 1.05494e+06 721518 971816 1.01096e+06 949717 1.20655e+06 1.49702e+06 1.4162e+06 1.16906e+06 966999 996278 1.03738e+06 737882 674377 810599
 924184 815988 1.21066e+06 1.45318e+06 1.50202e+06 1.30621e+06 922668 729550 861090 808405 701371 869451 913993 922301 857750 736265 754182 638385 802077 1.1061e+06
 803970 990877 1.29373e+06 1.29277e+06 1.06998e+06 981435 889978 1.23577e+06 1.23216e+06 1.15082e+06 805205 635483 604007 510839 904332 1.14237e+06 1.60893e+06 1.54269e+06 1.2685e+06 822715
 869927 990925 977399 1.30449e+06 1.42271e+06 1.30784e+06 1.02813e+06 1.30029e+06 1.20581e+06 1.04619e+06 931006 615025 475544 596686 633609 915599 1.0093e+06 1.25418e+06 1.26154e+06 1.11627e+06
 852333 792944 719570 830277 828532 1.43784e+06 1.47765e+06 1.40504e+06 1.09296e+06 1.06356e+06 948646 1.01933e+06 1.21488e+06 1.3669e+06 1.04864e+06 821016 1.122e+06 1.43987e+06 1.41003e+06 897131
 820387 796357 718454 1.05388e+06 1.49125e+06 1.34697e+06 1.3869e+06 1.21111e+06 1.0018e+06 910091 911502 1.12635e+06 1.14911e+06 932630 695774 751652 543899 436801 513526 630923
 782322 814911 718948 661697 927846 1.07324e+06 826661 828364 885100 986446 1.25838e+06 1.10801e+06 907088 749234 682154 805104 831126 864184 842157 850138
 816022 615341 631523 838361 1.06747e+06 1.19859e+06 1.09594e+06 1.39067e+06 1.11001e+06 931392 957252 951223 861712 851036 894568 1.03978e+06 1.02296e+06 1.02304e+06 895212 738237
 1.12079e+06 778071 672693 700712 767396 996700 1.00824e+06 972028 1.11486e+06 1.21389e+06 880822 895939 803156 973166 1.26798e+06 1.19368e+06 1.1448e+06 869424 744507 854559
 1.10913e+06 1.12288e+06 1.30125e+06 1.53983e+06 1.18522e+06 1.08055e+06 957502 1.18805e+06 1.47681e+06 1.77857e+06 1.52515e+06 986981 859742 769331 771708 1.32049e+06 1.39665e+06 1.3233e+06 1.17901e+06 1.18242e+06
 1.00987e+06 873415 897167 698823 529517 403335 377901 508121 598062 930653 1.1905e+06 1.10521e+06 965770 1.23225e+06 1.22628e+06 898926 756892 666962 783595 627527
 769227 689825 636613 736929 1.12644e+06 1.63561e+06 1.56916e+06 1.25551e+06 922536 814030 805765 1.08092e+06 819354 582203 592448 1.0173e+06 857309 1.03139e+06 849151 930289
 1.06434e+06 1.35259e+06 1.25113e+06 1.22194e+06 992107 746405 851172 1.44552e+06 1.62672e+06 1.80314e+06 1.29974e+06 866634 709658 959620 863332 940963 908970 753353 1.10272e+06 1.1324e+06
 824656 925381 978313 862272 951430 961777 866340 641009 845827 1.11136e+06 1.01741e+06 718316 528552 495038 535463 624784 671033 976360 1.09588e+06 1.57945e+06
 1.72332e+06 1.55367e+06 1.16387e+06 1.12455e+06 1.00107e+06 918196 981134 1.02428e+06 1.10423e+06 1.00525e+06 1.05373e+06 1.27217e+06 1.32154e+06 1.21567e+06 834862 909676 878983 765498 576919 532355
 1.39258e+06 1.34379e+06 1.09695e+06 1.05347e+06 1.08712e+06 942353 860120 926384 805131 803308 831874 1.104e+06 1.28692e+06 1.16909e+06 845719 623924 630011 847776 1.0162e+06 1.20446e+06
 826678 875657 996146 947357 1.09794e+06 1.19054e+06 1.1421e+06 1.02673e+06 1.04625e+06 1.08897e+06 881274 802310 944688 955488 754702 809623 785918 561627 745871 953480
 783304 903115 868420 969301 1.18225e+06 1.18217e+06 1.09496e+06 1.03603e+06 897084 903422 933185 963630 787583 689742 580047 489776 491910 551725 569887 613544
 868147 1.00228e+06 983721 858084 922290 1.44423e+06 1.27916e+06 922748 1.09946e+06 1.28286e+06 1.26918e+06 1.01893e+06 845710 856472 901284 906135 991391 969892 991317 1.19631e+06
 681307 589051 936128 869419 725276 582694 726627 799783 1.07488e+06 1.39718e+06 1.24041e+06 1.13965e+06 1.02684e+06 727090 544489 404409 674870 800117 816299 1.05993e+06
 903193 1.10069e+06 1.02713e+06 1.07072e+06 1.26127e+06 924395 832776 1.07873e+06 1.01974e+06 891407 697155 651698 664918 838786 897420 804840 883781 949428 957733 782279
 1.15283e+06 1.09504e+06 1.0697e+06 898200 1.37559e+06 1.33739e+06 1.1104e+06 938765 771819 687121 531281 611145 966719 1.00694e+06 926810 700387 718844 777490 758740 741799
 1.01562e+06 786849 746611 703151 666208 1.06555e+06 979647 1.17388e+06 1.29454e+06 1.05345e+06 1.05631e+06 857404 930505 1.04557e+06 1.02846e+06 1.1447e+06 1.46599e+06 1.31862e+06 1.2866e+06 960897
 1.12742e+06 1.12295e+06 1.20388e+06 1.29958e+06 1.22106e+06 1.31949e+06 1.42397e+06 1.12536e+06 943352 604336 400191 460764 416457 440457 554061 829176 1.12466e+06 1.0988e+06 960570 888246
 894905 837999 993497 905552 1.05033e+06 1.03258e+06 1.09048e+06 951961 883732 983607 1.13442e+06 1.09e+06 1.10666e+06 1.33117e+06 1.28284e+06 1.15368e+06 1.02498e+06 1.01233e+06 1.17445e+06 1.3131e+06
 749041 733199 867564 1.01735e+06 939244 710500 663955 845184 795284 1.46506e+06 1.75926e+06 1.60072e+06 1.11988e+06 1.15558e+06 1.54226e+06 1.57267e+06 1.52193e+06 1.13436e+06 1.05939e+06 1.09479e+06
 1.07784e+06 989470 817476 665945 755720 1.11664e+06 1.29416e+06 1.10824e+06 783633 743727 764892 831379 768939 751962 1.12295e+06 1.30165e+06 1.03091e+06 736283 803636 899867
 698021 828718 872864 931726 815315 672721 711841 763838 888119 713828 445842 547192 965328 1.03813e+06 1.02929e+06 928913 912951 1.04872e+06 1.16566e+06 1.07127e+06
 783336 808019 1.84093e+06 1.92249e+06 1.56817e+06 996272 771687 687781 598769 590487 459924 564968 795007 1.13556e+06 1.39957e+06 1.10592e+06 911646 782655 577390 674757
 750210 693410 652757 674726 915891 1.0058e+06 1.0829e+06 1.18475e+06 1.38783e+06 1.25871e+06 1.55902e+06 1.16962e+06 1.17269e+06 889777 792280 878593 856826 1.10213e+06 1.17276e+06 1.41868e+06
 1.24432e+06 1.67756e+06 1.52578e+06 1.38252e+06 1.06766e+06 955970 1.00604e+06 918141 649753 724426 812662 1.40105e+06 1.73193e+06 1.44388e+06 1.0709e+06 771998 903528 889939 1.04714e+06 1.05347e+06
 922241 1.11041e+06 796517 700070 746568 811085 1.04317e+06 1.04314e+06 1.0405e+06 1.04982e+06 1.25617e+06 962910 848211 664835 652154 601995 757023 1.04966e+06 797608 599525
 693822 795151 1.13455e+06 1.24038e+06 1.04022e+06 782996 653183 706400 738824 751205 850250 978015 936759 584217 424570 807267 966253 831959 628363 765248
 981195 1.38019e+06 1.35097e+06 1.24461e+06 1.0406e+06 719347 762001 892885 873902 763373 723478 647387 662566 781282 1.14492e+06 1.28973e+06 889893 600221 597881 673306
 744741 670277 790958 807270 679617 678855 773649 734340 884635 910882 789774 840300 600438 742550 801053 1.13442e+06 1.18935e+06 1.44914e+06 1.26226e+06 1.24447e+06
 1.06283e+06 1.03057e+06 942692 798012 829881 796216 889778 1.19709e+06 1.17043e+06 1.06092e+06 1.1349e+06 1.18001e+06 1.60788e+06 1.28679e+06 1.02871e+06 809762 769328 1.20396e+06 1.29019e+06 997395
 800701 936395 821067 804830 947396 1.06865e+06 868318 693241 620036 975491 1.18203e+06 1.0679e+06 772359 728751 814279 738779 836107 928257 808536 621079
 1.11136e+06 753904 554701 525169 615668 1.06129e+06 1.45064e+06 1.42441e+06 1.19682e+06 1.25995e+06 1.09247e+06 972462 1.14977e+06 1.0745e+06 1.27019e+06 1.29185e+06 1.13331e+06 1.21346e+06 976421 726485
 989866 824130 989061 1.20164e+06 1.7763e+06 2.35524e+06 2.1512e+06 1.29525e+06 794378 667229 812691 955709 1.14553e+06 1.10836e+06 885379 1.18893e+06 1.59782e+06 1.57993e+06 1.34532e+06 1.36234e+06
 940587 946991 900913 866678 856138 891980 663564 895674 1.13155e+06 1.1251e+06 806499 581825 522015 648872 745736 739583 835264 892421 721906 843428
 825081 848220 911033 937656 1.03617e+06 1.28874e+06 1.11738e+06 1.14753e+06 1.01351e+06 1.02674e+06 1.07331e+06 1.25012e+06 990325 1.25719e+06 1.25269e+06 1.29444e+06 1.27878e+06 1.31213e+06 1.33109e+06 1.04815e+06
 834703 725808 799179 748926 640057 705301 817405 919179 854988 860916 774269 674887 707855 995585 1.16895e+06 1.24329e+06 1.04295e+06 733451 428952 459437
 952544 898416 1.01103e+06 1.68839e+06 1.95551e+06 1.28723e+06 710449 669995 585748 655897 775928 832849 717331 887918 942411 800662 1.16251e+06 1.18519e+06 1.09853e+06 1.21933e+06
 748307 694073 773835 807441 803853 1.00461e+06 1.06176e+06 982035 819895 671322 985747 1.16702e+06 1.24561e+06 932610 973236 861025 855295 884175 931307 1.40524e+06
 1.01596e+06 1.06209e+06 1.21652e+06 1.40823e+06 1.30408e+06 928415 866560 702975 656771 525781 511055 495532 634879 664412 742102 947066 984534 858467 940421 876432
 806713 659863 632784 600257 953806 1.14417e+06 1.12845e+06 867209 931904 1.08392e+06 1.0214e+06 834985 787109 776855 812060 1.13133e+06 1.05424e+06 1.27618e+06 1.13036e+06 1.20547e+06
 879234 1.12027e+06 1.16242e+06 1.19526e+06 1.07982e+06 1.48451e+06 1.90317e+06 1.28669e+06 1.4952e+06 1.3864e+06 1.21988e+06 1.13135e+06 1.02913e+06 880961 993496 992652 1.23676e+06 1.15718e+06 848814 722593
 995516 883765 755806 734732 1.08135e+06 980882 825447 697851 749698 911658 1.10437e+06 1.02065e+06 975805 1.10277e+06 1.05539e+06 967324 994457 1.15451e+06 987954 819339
 873743 1.01107e+06 1.27619e+06 1.36393e+06 1.27891e+06 963117 1.21955e+06 1.47663e+06 1.92712e+06 1.63222e+06 1.16961e+06 754885 601872 618512 1.08363e+06 939433 1.14115e+06 1.17191e+06 1.13961e+06 988024
 783284 854813 1.45341e+06 1.54808e+06 1.27386e+06 632052 968695 1.9928e+06 2.1118e+06 1.802e+06 939447 812622 687433 681292 562229 721217 614266 616361 657997 1.06315e+06
 789617 650245 964502 1.14857e+06 1.12809e+06 837602 808140 831526 852337 824167 1.01399e+06 897652 937127 868364 1.2714e+06 1.23468e+06 1.70853e+06 1.41566e+06 1.21823e+06 1.13897e+06
 689194 827923 880658 847102 841417 794199 909900 1.04999e+06 1.13371e+06 1.14298e+06 1.25917e+06 1.18849e+06 1.22039e+06 1.07868e+06 1.15964e+06 1.25754e+06 1.39068e+06 1.33058e+06 877541 707538
 1.167e+06 1.37908e+06 1.29839e+06 1.14719e+06 732826 525275 574935 528872 559170 564113 615960 697348 943341 937079 747066 814700 869546 1.05121e+06 1.15428e+06 845714
 741852 812014 1.0533e+06 989584 835892 1.24237e+06 1.29492e+06 1.11356e+06 1.12467e+06 1.39161e+06 1.26556e+06 1.02005e+06 922942 1.19034e+06 1.9236e+06 1.6752e+06 1.10171e+06 754108 780125 829842
 820833 940518 1.09744e+06 1.31385e+06 1.21438e+06 872638 1.14334e+06 1.22883e+06 1.26758e+06 1.36602e+06 1.20571e+06 1.12223e+06 860358 704437 476783 551636 609794 586839 510982 630840
 1.13669e+06 1.33375e+06 1.39406e+06 1.21693e+06 786698 606257 709108 742954 639273 626561 541371 626042 744464 693139 822138 1.10227e+06 1.23511e+06 959284 815544 795483
 787971 639970 707751 707020 1.00178e+06 994248 836210 899657 778906 797917 687491 575894 583975 451353 363466 662205 773216 680990 840258 923795
 786138 679650 462370 557024 584580 689559 1.12138e+06 1.31598e+06 1.58084e+06 1.38062e+06 1.44157e+06 1.14425e+06 891044 827443 953384 1.07711e+06 931804 942811 913234 962600
 796407 755074 817156 945302 1.02552e+06 901203 809492 1.00654e+06 1.23119e+06 984646 946938 1.05381e+06 1.34298e+06 1.43625e+06 1.56622e+06 1.19265e+06 1.05555e+06 837066 564635 430118
 1.18766e+06 915711 1.13189e+06 730147 575162 479868 479093 508708 580613 581418 648937 660296 478638 600988 698687 833997 712923 798240 969092 1.11933e+06
 831686 728218 718305 724977 564664 730770 865568 912628 806109 880421 797576 740218 636544 861143 875338 1.14554e+06 1.45517e+06 1.57045e+06 1.2344e+06 971554
 869254 807600 706165 709900 810907 731844 684749 760889 756936 641626 1.13389e+06 1.01364e+06 837419 664510 780503 911991 884175 1.05786e+06 1.04588e+06 998785
 1.04108e+06 1.08368e+06 1.00296e+06 1.20637e+06 1.43839e+06 1.44234e+06 966734 732829 1.01307e+06 1.05236e+06 1.05499e+06 961933 833184 932365 767453 815016 906557 930784 844494 847202
 1.02455e+06 1.14282e+06 1.02144e+06 1.07164e+06 1.15581e+06 1.29784e+06 1.3828e+06 1.52445e+06 1.17237e+06 934604 1.01079e+06 1.22003e+06 1.28595e+06 1.48532e+06 1.36946e+06 1.00418e+06 1.20477e+06 1.36102e+06 1.26216e+06 911210
 958975 997891 1.03111e+06 1.45658e+06 1.82561e+06 1.76904e+06 1.11418e+06 995214 1.10792e+06 1.00596e+06 917993 1.3988e+06 1.397e+06 1.07631e+06 838878 903093 842547 907872 750984 561604
 1.04218e+06 1.04598e+06 945686 1.10232e+06 1.23737e+06 1.31177e+06 1.41269e+06 1.24568e+06 764766 650753 676461 1.01809e+06 1.12304e+06 863020 958039 936994 910881 966591 816158 1.50066e+06
 845971 771994 755998 695774 1.45127e+06 1.67031e+06 1.13903e+06 836134 619512 523020 693065 890277 1.11818e+06 1.02206e+06 960347 1.15006e+06 1.46089e+06 1.46471e+06 1.12356e+06 923078
 849584 948359 814510 871889 632231 853593 1.23192e+06 1.53519e+06 1.24366e+06 989970 964604 895775 1.05003e+06 901584 658205 769362 1.16849e+06 1.31549e+06 1.06307e+06 1.04042e+06
 877631 953775 868063 929888 702889 618687 778159 762276 781481 568498 418493 399681 620909 843532 880706 769624 913844 894318 1.1389e+06 1.21855e+06
 954614 789958 702184 796355 946063 889688 957443 1.2646e+06 983168 951537 1.25512e+06 1.31761e+06 891313 715476 554375 781501 928685 1.58028e+06 1.2416e+06 1.12931e+06
 894033 1.0896e+06 1.39567e+06 1.21156e+06 1.10873e+06 822811 1.0358e+06 1.47154e+06 1.48437e+06 1.36557e+06 1.35798e+06 1.07264e+06 779227 802429 1.11906e+06 1.29388e+06 1.30728e+06 1.27644e+06 1.13755e+06 1.10164e+06
 789381 837226 791209 825156 779124 772276 1.02499e+06 1.45001e+06 1.47787e+06 1.24504e+06 607518 398746 562116 735769 643277 520685 488234 582790 1.09875e+06 1.24518e+06
 986776 906606 823262 681864 724643 760335 743954 720639 1.00033e+06 945374 1.00537e+06 968321 792810 457458 718618 1.14385e+06 1.65273e+06 1.53181e+06 1.09536e+06 808576
 859207 836337 789579 830570 842738 971179 1.03508e+06 1.12018e+06 1.08783e+06 927423 556306 499237 650014 546519 893421 814366 1.38507e+06 1.37842e+06 1.1994e+06 929936
 899679 915892 844440 748230 693322 507905 388791 486584 614803 693100 961398 1.05785e+06 1.54394e+06 1.53049e+06 1.60459e+06 1.26961e+06 982752 812183 887289 1.04354e+06
 824391 655819 495415 642178 773158 1.0043e+06 1.70585e+06 1.66223e+06 1.35443e+06 819671 637856 725406 844865 1.2502e+06 1.37324e+06 1.59324e+06 1.23682e+06 1.02651e+06 1.16432e+06 1.5994e+06
 722620 680209 869289 1.12434e+06 1.40555e+06 1.46521e+06 1.36985e+06 939605 995638 1.02023e+06 794839 742434 543443 506224 685588 716036 719931 879826 889398 1.12391e+06
 821625 960504 1.7033e+06 1.6537e+06 1.33711e+06 706782 633911 634066 912741 1.00074e+06 1.1325e+06 1.08694e+06 871468 737949 701863 956893 1.21253e+06 1.27231e+06 1.10606e+06 1.14913e+06
 1.18066e+06 1.1152e+06 841246 894842 1.20107e+06 1.33915e+06 1.11247e+06 1.15686e+06 1.08265e+06 870366 694085 667501 573489 326698 702862 1.00961e+06 1.04356e+06 1.11536e+06 1.35612e+06 1.49796e+06
 995733 1.04421e+06 1.37974e+06 821349 993323 1.23257e+06 901448 884129 803164 765753 729766 915584 1.07176e+06 1.08145e+06 995627 838254 763555 825946 928822 827680
 948239 977556 977858 1.08345e+06 1.38064e+06 1.33271e+06 1.2536e+06 950038 721885 472673 580522 613927 797381 1.26397e+06 1.39512e+06 1.14984e+06 1.01681e+06 1.12232e+06 1.34723e+06 1.24046e+06
 799316 1.04885e+06 1.51322e+06 1.66492e+06 1.18089e+06 668200 686934 885219 946147 818356 795777 704875 1.01055e+06 1.19314e+06 1.23425e+06 1.04802e+06 728640 612954 696769 739538
 1.10531e+06 1.15796e+06 1.17523e+06 1.10021e+06 1.08033e+06 1.56561e+06 1.23144e+06 1.08343e+06 857109 772033 1.17864e+06 1.20844e+06 1.17079e+06 924355 907508 1.05243e+06 1.08038e+06 842123 752901 766986
 1.08325e+06 1.0366e+06 949120 928567 844623 938797 927974 877091 969300 932962 1.11116e+06 1.05702e+06 952765 1.08063e+06 1.10717e+06 1.00856e+06 1.09033e+06 1.07497e+06 914089 964032
 907618 644475 891353 848882 892690 717625 657624 813520 929034 950026 961550 860738 760980 936205 773369 848505 916268 1.03025e+06 938151 745636
 1.03537e+06 983523 1.16063e+06 1.12514e+06 956332 1.18585e+06 1.53998e+06 1.53668e+06 1.12609e+06 976994 1.01414e+06 994472 1.83341e+06 2.11919e+06 1.52958e+06 890578 588451 928002 1.09466e+06 774766
 1.00299e+06 963180 955921 737400 955718 1.14207e+06 1.03004e+06 835266 834394 850065 954558 1.20243e+06 1.19806e+06 1.11292e+06 976459 900809 1.01087e+06 1.18549e+06 994777 978509
 958452 975884 1.01291e+06 1.14109e+06 1.18114e+06 1.43038e+06 1.40231e+06 1.28024e+06 1.02762e+06 985730 911807 949899 675767 498533 509846 696798 1.01003e+06 1.11002e+06 788696 820482
 759052 673869 923506 1.48719e+06 1.49464e+06 1.69817e+06 1.05133e+06 726320 707770 894402 899911 879160 920000 1.16274e+06 1.00226e+06 929471 676434 702654 813010 1.14378e+06
 871439 758622 868371 785105 999376 1.01269e+06 861155 664731 495734 397940 518018 817209 731347 1.20188e+06 1.16225e+06 907501 595295 512505 581790 896684
 1.06843e+06 1.19897e+06 1.12341e+06 873832 801008 989342 919538 835170 928597 1.02805e+06 985495 851552 1.08886e+06 1.50418e+06 1.61057e+06 1.34199e+06 1.00013e+06 574535 637383 634238
 851468 516618 444882 464083 555169 958129 867994 889663 1.15571e+06 1.28864e+06 1.20376e+06 888107 712411 591875 678819 658335 766303 874033 861957 947298
 758622 788750 1.19751e+06 995993 1.0014e+06 1.31737e+06 1.40691e+06 1.23092e+06 878071 774370 537804 444462 460161 1.03039e+06 1.1354e+06 1.01247e+06 940056 1.31521e+06 1.34522e+06 986263
 1.17609e+06 1.13507e+06 1.05794e+06 982491 885148 929647 971342 801256 759771 708658 989534 1.31775e+06 1.32033e+06 1.05871e+06 584452 645619 752637 1.17873e+06 1.45143e+06 1.45496e+06
 894371 1.17898e+06 1.3316e+06 1.00362e+06 1.26499e+06 1.18321e+06 1.14654e+06 1.00072e+06 1.023e+06 833684 847731 735758 979549 713035 585454 778191 979234 1.07599e+06 1.11316e+06 943066
 890817 764676 812522 933929 772211 875066 962456 911868 621013 961231 1.61133e+06 1.8923e+06 1.40075e+06 900679 946207 915100 932613 1.27354e+06 1.70006e+06 1.68996e+06
 997336 953331 1.36009e+06 1.22275e+06 1.02821e+06 1.22641e+06 1.00608e+06 1.09259e+06 1.23348e+06 1.35224e+06 1.32205e+06 1.42258e+06 1.38287e+06 1.09195e+06 730481 1.47717e+06 2.24692e+06 2.22029e+06 1.17479e+06 828605
 931540 1.48177e+06 1.70859e+06 1.73063e+06 1.3169e+06 1.0903e+06 826472 638650 676590 727148 828681 706152 751026 583472 647633 640799 657918 686630 1.00498e+06 1.43482e+06
 1.24962e+06 1.17806e+06 1.09161e+06 845977 688505 896839 1.20716e+06 1.05264e+06 841951 662821 557129 599897 840399 1.12891e+06 1.41539e+06 1.24057e+06 1.91721e+06 1.99896e+06 1.57181e+06 1.08089e+06
 1.47271e+06 1.62991e+06 1.42602e+06 884249 562091 490476 725439 942939 951102 1.02969e+06 1.0188e+06 1.2008e+06 1.1803e+06 1.44508e+06 1.25522e+06 1.2316e+06 799642 680567 733339 566291
 756423 1.00289e+06 1.15706e+06 908651 793733 822895 1.04016e+06 1.67328e+06 1.63354e+06 1.39049e+06 972223 574373 569552 618717 532590 422262 387041 351942 478262 545218
 908480 807843 908026 907479 1.03533e+06 1.04122e+06 972114 1.16752e+06 1.52878e+06 1.48087e+06 1.05267e+06 1.00272e+06 1.02439e+06 1.09168e+06 964275 928135 854614 693675 855062 1.10749e+06
 1.43168e+06 1.52306e+06 1.42119e+06 769745 681717 505039 569244 504269 558394 1.69555e+06 2.67363e+06 2.43644e+06 1.14839e+06 597905 413488 474415 397079 778883 974873 1.94202e+06
 820841 1.12172e+06 1.19275e+06 935187 777371 689526 756547 944881 997920 763992 611886 757064 987003 1.18268e+06 974713 936423 680735 670621 825973 987173
 981569 869313 868567 893596 953788 959801 1.00615e+06 828924 1.02951e+06 901132 933919 1.08118e+06 1.29049e+06 1.68886e+06 1.41282e+06 1.17134e+06 1.12389e+06 1.13236e+06 873606 779519
 832979 800306 867064 1.34431e+06 1.39535e+06 1.12593e+06 1.01064e+06 919338 822184 789162 975738 1.05476e+06 1.16389e+06 1.06736e+06 1.00386e+06 785195 957865 885693 1.0337e+06 784484
 728109 675821 1.05554e+06 1.18985e+06 967304 804399 576719 693135 1.08627e+06 1.17441e+06 1.03773e+06 841046 805110 884519 973598 1.07978e+06 1.0641e+06 1.03037e+06 1.09475e+06 901939
 1.01181e+06 814392 994822 832039 839643 1.08365e+06 1.09268e+06 839369 711389 679920 682695 876733 820052 956222 1.02703e+06 1.04367e+06 872902 828903 947959 915575
 885534 1.42926e+06 1.5592e+06 1.39567e+06 1.41043e+06 977838 738288 787150 645351 1.29853e+06 1.5074e+06 1.62781e+06 924863 835783 1.16397e+06 1.32127e+06 1.37538e+06 1.2685e+06 1.08293e+06 1.11155e+06
 1.05224e+06 1.18533e+06 1.2881e+06 1.31809e+06 1.17812e+06 1.01456e+06 928656 816309 726928 1.11013e+06 1.45201e+06 1.38331e+06 1.0089e+06 1.13825e+06 1.00818e+06 658841 550343 777943 1.19432e+06 1.45678e+06
 947826 946945 629813 744333 791780 911774 1.04312e+06 1.31923e+06 1.23272e+06 1.38221e+06 1.31407e+06 1.03163e+06 775084 750404 671839 753742 723571 1.01158e+06 1.23575e+06 1.22407e+06
 791685 784311 596724 761239 871702 893727 756624 1.1902e+06 1.57233e+06 1.60043e+06 1.51403e+06 891917 686800 639466 703517 972121 1.0944e+06 1.0451e+06 904755 1.18024e+06
 864905 818361 993976 1.28583e+06 1.11849e+06 912928 1.20477e+06 1.41658e+06 1.26596e+06 971804 809256 857863 984686 1.15922e+06 1.15866e+06 970123 628267 656248 827694 874916
 1.03265e+06 936084 648385 952269 1.27137e+06 1.60723e+06 1.24108e+06 943090 798796 1.32063e+06 967128 862782 632581 687835 769766 679829 508347 925575 859600 1.3222e+06
 965476 947698 914910 1.03863e+06 1.12532e+06 967322 795010 590650 1.04254e+06 1.33306e+06 1.49629e+06 1.43147e+06 978311 736403 904628 1.01655e+06 910516 812105 994166 1.14424e+06
 904307 798391 771031 865198 1.06894e+06 1.21601e+06 1.07073e+06 1.22709e+06 1.05127e+06 1.00821e+06 1.0838e+06 1.16422e+06 1.01616e+06 903087 819584 872217 692474 666395 721867 926810
 1.17944e+06 1.18471e+06 1.10724e+06 849437 877357 1.11917e+06 1.50665e+06 1.47971e+06 1.04346e+06 718445 589833 626609 777029 965283 999380 814801 724775 799037 1.05283e+06 1.40181e+06
 866978 793283 798024 626140 528117 505827 1.34873e+06 1.55629e+06 1.32946e+06 1.12535e+06 1.17262e+06 928683 1.36241e+06 1.59109e+06 1.42007e+06 879704 733038 658185 752733 1.02154e+06
 917571 769413 583898 763627 932746 1.35168e+06 1.06896e+06 1.06712e+06 1.26812e+06 1.42896e+06 1.27713e+06 1.20829e+06 782673 553753 454233 409181 422311 535347 739677 900733
 1.19573e+06 1.1693e+06 1.27292e+06 1.12195e+06 1.45267e+06 1.36523e+06 1.195e+06 817282 693322 624190 595221 538391 713663 584357 1.27765e+06 1.56826e+06 1.79627e+06 1.23388e+06 856336 689208
 843327 816626 784028 816828 785596 785293 1.63969e+06 2.18828e+06 1.67568e+06 988193 823935 653482 745247 987033 1.05578e+06 929259 962622 855506 1.18787e+06 1.68067e+06
 735371 689598 559349 478615 609101 773639 1.34862e+06 1.34635e+06 1.0802e+06 883926 828659 672650 704331 831755 903905 751732 787241 958584 1.00636e+06 769564
 1.09069e+06 930122 1.14469e+06 1.04645e+06 1.20563e+06 1.13763e+06 1.01558e+06 1.14412e+06 1.20691e+06 753998 1.06518e+06 930292 1.08331e+06 1.00434e+06 719410 875172 946527 708545 606641 727304
 1.30838e+06 1.61584e+06 1.50899e+06 973002 776204 718805 976624 1.13741e+06 956805 755282 694102 661940 608582 629842 586407 724761 814649 828754 884810 791263
 850868 843568 752806 703630 883928 942969 809753 691935 952898 917369 804793 701656 588669 530040 842872 740747 692974 899958 1.03268e+06 1.10821e+06
 879225 893634 717484 885875 806847 1.19335e+06 1.25335e+06 1.1176e+06 928091 734445 731635 944074 1.63682e+06 1.46037e+06 1.21284e+06 1.00246e+06 902040 759664 725296 840175
 801379 864868 796076 1.00764e+06 1.40035e+06 1.55553e+06 1.49186e+06 1.32284e+06 860586 836356 821429 981207 1.02076e+06 932993 1.07903e+06 1.51253e+06 1.62386e+06 1.35173e+06 1.04828e+06 890971
 1.13061e+06 1.15762e+06 1.08051e+06 918033 1.05281e+06 1.24114e+06 955559 1.02058e+06 1.0871e+06 883133 888342 1.03535e+06 1.15106e+06 978859 755425 537746 481177 533988 612941 416223
 836597 1.08064e+06 871156 894510 1.0197e+06 983001 745393 682923 717493 1.14438e+06 1.1246e+06 967513 1.28356e+06 1.41395e+06 1.34927e+06 1.08545e+06 682334 636440 525097 733754
 914270 1.15073e+06 1.20949e+06 1.17713e+06 1.40609e+06 1.46315e+06 1.23293e+06 930138 986655 1.19483e+06 1.17515e+06 1.03893e+06 916568 963815 1.26114e+06 1.33868e+06 1.19206e+06 747382 831551 670602
 911465 776018 742218 778280 753941 628647 696808 863271 784689 566320 521774 777238 936872 935440 847361 1.03896e+06 1.05933e+06 791586 658657 644855
 831122 813496 884594 1.18214e+06 1.12792e+06 681256 677070 1.1676e+06 1.3192e+06 1.03436e+06 961201 915225 1.64506e+06 1.58568e+06 1.11144e+06 897481 1.01678e+06 1.33549e+06 1.24358e+06 774990
 778330 769425 840644 946306 684562 616440 1.01142e+06 1.43142e+06 1.33958e+06 882042 477740 513049 1.03148e+06 1.66566e+06 1.82194e+06 1.45776e+06 990683 866821 696812 801214
 1.58123e+06 1.4754e+06 1.24669e+06 1.44498e+06 1.34753e+06 1.49013e+06 1.50682e+06 1.34186e+06 836713 575805 703583 752153 1.01884e+06 1.243e+06 1.78111e+06 2.1815e+06 1.85742e+06 815632 526661 406156
 1.05296e+06 1.99832e+06 1.9092e+06 1.40369e+06 1.2593e+06 1.045e+06 879739 843645 792124 941830 1.05865e+06 980047 841549 496814 702157 730320 1.42413e+06 1.69482e+06 1.55603e+06 981554
 876574 884301 979318 1.09414e+06 890621 711195 902494 1.08689e+06 1.04438e+06 1.28467e+06 1.1845e+06 1.36817e+06 1.48452e+06 1.58414e+06 1.56926e+06 1.13698e+06 1.07097e+06 759551 556724 626617
 683843 677056 736517 953613 1.14471e+06 1.58421e+06 1.57738e+06 1.4656e+06 1.48654e+06 1.36887e+06 1.03913e+06 1.20848e+06 1.12484e+06 998932 1.21795e+06 1.03415e+06 643300 659149 542110 772229
 862262 858408 1.1844e+06 1.49545e+06 1.27285e+06 792881 619254 785003 1.15068e+06 1.22555e+06 979767 562362 401770 870496 1.04887e+06 1.15374e+06 1.03671e+06 855438 827754 684872
 801922 816867 782283 789308 978585 1.30309e+06 1.2103e+06 990970 1.01712e+06 920529 972529 1.2063e+06 1.11263e+06 818517 565689 553152 700156 849953 931245 717041
 1.05732e+06 1.0766e+06 1.31487e+06 1.0856e+06 1.17972e+06 1.57171e+06 1.82594e+06 1.53457e+06 1.02607e+06 1.0384e+06 1.05324e+06 891240 735335 1.22637e+06 1.31206e+06 1.25265e+06 1.0133e+06 729440 663024 713876
 709529 1.11602e+06 1.1423e+06 1.00351e+06 749647 658330 608071 547682 502840 561613 760430 733897 829316 878568 928675 841597 753554 950099 1.11703e+06 1.03342e+06
 861905 911457 1.04395e+06 1.29176e+06 1.3074e+06 1.37523e+06 1.25062e+06 1.00864e+06 1.05801e+06 857665 729647 634868 1.04845e+06 1.28961e+06 1.09397e+06 1.07374e+06 976472 925482 1.01513e+06 930015
 978349 1.04717e+06 898627 816703 1.07805e+06 975089 851560 802630 686249 881519 736849 691947 525592 625639 757724 845359 1.11879e+06 1.50399e+06 1.78621e+06 1.62857e+06
 765804 847670 1.09614e+06 1.1025e+06 968691 731821 712877 752252 936603 1.93184e+06 2.44827e+06 2.2001e+06 1.69019e+06 953566 451996 859023 1.28276e+06 1.50463e+06 1.11927e+06 659324
 986405 820175 792711 1.1519e+06 1.25538e+06 1.2842e+06 1.40016e+06 1.46916e+06 1.34973e+06 1.32123e+06 1.12881e+06 967692 739933 1.0952e+06 1.2765e+06 1.23135e+06 1.04566e+06 1.17351e+06 1.46668e+06 1.39474e+06
 902375 829713 903935 979756 970487 948474 1.15679e+06 1.12726e+06 930769 944291 1.1379e+06 1.32959e+06 1.11009e+06 1.08269e+06 883025 656460 633069 657236 690484 1.38597e+06
 987093 1.04699e+06 1.34869e+06 1.2145e+06 934542 852759 768526 792989 790969 1.02816e+06 763618 660657 474169 537892 587077 673768 877401 1.17759e+06 1.33098e+06 1.18549e+06
 895433 847162 760430 675349 782978 817078 927014 809911 1.22209e+06 1.34899e+06 1.3341e+06 1.21688e+06 1.52107e+06 1.48951e+06 1.43312e+06 1.38313e+06 856824 1.10832e+06 1.02567e+06 1.15963e+06
 918267 1.2371e+06 1.04866e+06 1.02318e+06 981634 653777 410506 426268 444216 495216 494818 773734 1.23511e+06 1.27735e+06 1.29146e+06 896030 534016 423375 520771 651841
 923849 926906 1.57489e+06 1.98008e+06 1.69847e+06 1.27427e+06 1.0197e+06 597539 1.05247e+06 1.21537e+06 1.14867e+06 948107 671014 739205 1.11113e+06 1.15462e+06 1.00477e+06 688531 661062 602416
 934535 1.22155e+06 1.16898e+06 1.07693e+06 1.02187e+06 1.17349e+06 1.48473e+06 1.65858e+06 1.39994e+06 925797 841310 925009 831824 855922 890600 595767 991444 1.29042e+06 1.2203e+06 851446
 752818 1.21251e+06 1.46524e+06 1.58019e+06 1.19279e+06 1.06702e+06 1.02277e+06 1.07914e+06 1.33772e+06 1.27636e+06 884057 1.38224e+06 1.48216e+06 1.34091e+06 1.11236e+06 895078 617445 417603 484037 415523
 933751 860199 715824 634792 1.00781e+06 1.38366e+06 1.0915e+06 1.73749e+06 2.17032e+06 2.02316e+06 1.15016e+06 1.18024e+06 910679 610013 448195 858569 951657 848554 902519 960821
 878611 1.03474e+06 1.16381e+06 1.00811e+06 616327 593148 571978 861844 911600 776978 821640 694316 842776 1.09808e+06 1.03177e+06 1.17205e+06 1.3208e+06 1.18862e+06 1.11069e+06 1.14503e+06
