 nan nan nan nan nan nan nan nan nan nan nan nan nan nan nan nan nan nan nan nan
 584760 570490 659465 575359 458244 493967 435777 557745 674000 1.25976e+06 1.1089e+06 656220 541840 502634 576386 757510 691915 878689 1.10698e+06 1.20799e+06
 573147 465317 542981 1.07023e+06 1.42511e+06 1.51241e+06 1.34649e+06 858653 553547 531613 449412 740209 909211 1.28568e+06 1.13087e+06 732018 540774 558832 599083 818136
 607229 714889 627449 785883 693990 510237 412986 533644 811735 616470 462026 638696 690872 732180 1.19955e+06 1.481e+06 1.01704e+06 627573 1.12018e+06 1.00503e+06
 626764 903344 1.01818e+06 817721 643968 450102 414028 455620 480442 401881 522952 741576 1.34448e+06 1.1743e+06 862880 674239 527696 378542 243792 309221
 615605 857785 972545 1.04802e+06 1.10599e+06 732994 432726 436421 339549 524850 787608 679989 732117 721402 718190 694725 788621 1.1213e+06 1.14847e+06 895643
 576444 589342 713321 617420 645712 526686 376158 597524 1.24994e+06 970158 581484 403663 719688 664025 491880 506057 392620 449917 544895 535152
 619076 883012 1.19548e+06 1.16456e+06 723035 704169 654661 1.08776e+06 1.12648e+06 1.16737e+06 1.48941e+06 1.57379e+06 1.16626e+06 658403 712112 650693 651669 832567 738076 918660
 686301 1.42758e+06 1.49117e+06 894170 514938 609704 668591 575680 756964 1.58347e+06 1.28978e+06 688400 530728 737863 819141 797735 613654 692321 633684 822931
 626030 993390 1.51057e+06 1.42037e+06 879519 507311 433063 1.00226e+06 1.03229e+06 676244 424718 330607 310583 359456 297747 293317 355145 323400 501355 770340
 554643 394577 381426 412740 490601 587060 812004 748014 801149 786895 576265 464829 514643 1.00744e+06 1.33912e+06 1.16538e+06 903691 539071 426604 394043
 576941 534180 486531 584543 675987 644284 609563 582167 644800 649118 437765 192857 161235 157152 122248 113032 258649 303141 321366 320290
 564392 454434 574662 543774 487283 408597 427721 594747 1.25692e+06 1.4479e+06 1.01308e+06 718233 574081 490156 874603 866224 599343 499027 459287 490675
 575909 532507 473655 515479 873215 768221 530048 602956 539286 900069 1.05242e+06 1.86642e+06 1.54626e+06 794488 475284 417793 414844 477944 461073 398392
 587105 651583 893573 1.16443e+06 939270 1.17937e+06 1.31104e+06 999743 845980 583476 616924 751071 1.02843e+06 878492 616825 568144 954935 932930 669836 679671
 604914 781914 965825 833690 576131 389325 357479 536927 711147 788745 1.09673e+06 1.18019e+06 1.05106e+06 1.60183e+06 1.27827e+06 687825 645375 683661 699662 491999
 573824 560627 984127 979571 797323 1.16338e+06 1.1838e+06 862698 767608 545396 463277 849238 990431 731413 679211 696548 542998 565812 741686 826017
 593088 645396 617128 506324 459774 535822 700111 701889 665932 566900 487995 587277 949427 1.07552e+06 910471 712632 616488 404866 433229 497354
 614389 809548 708542 567451 524482 867923 1.06876e+06 866675 600809 634973 739123 636814 925866 1.55146e+06 1.15649e+06 528401 299314 396324 746682 746322
 601509 697555 543231 511191 706973 1.09483e+06 1.09004e+06 726524 514734 664724 1.04574e+06 1.67715e+06 1.44474e+06 908420 525470 378407 477734 789451 837952 644937
 570287 467089 499420 812764 859613 800096 605300 656402 536690 569326 559282 468731 349701 289193 298954 663586 1.31766e+06 1.386e+06 1.19101e+06 1.03004e+06
 605491 772214 1.11086e+06 1.71663e+06 1.40769e+06 790269 580420 567327 569057 424682 750956 931035 1.32398e+06 1.26105e+06 871507 616110 745242 576111 323285 384176
 620172 895997 1.05893e+06 769705 861234 968535 792424 724809 578489 383341 333182 311858 280712 387581 581164 767861 637905 544797 787579 938474
 603518 725647 786158 915236 764905 630587 482982 407178 534522 507311 604369 545318 507218 505496 762591 973103 834912 642238 1.10404e+06 1.2123e+06
 580905 553689 727407 1.63539e+06 1.63439e+06 1.01988e+06 631494 528298 753776 692579 789653 860836 611833 654680 807592 932965 1.14212e+06 816480 572679 956547
 567737 438416 426085 532133 564186 474549 348638 493812 719575 526269 377710 457913 727383 1.1492e+06 1.29312e+06 959308 598151 451363 353150 546107
 631600 963753 1.00072e+06 700157 573226 515968 682361 603185 535637 497178 446027 489735 507538 1.0047e+06 940404 694550 483828 450746 474795 632041
 586282 573140 514750 657101 793999 824382 656295 591148 1.07634e+06 1.05406e+06 1.12221e+06 857363 493723 678781 816143 698890 620533 635109 917000 1.06467e+06
 580389 587991 926215 1.19891e+06 1.00654e+06 651142 541621 646296 490192 440799 690804 735578 622654 660650 606608 670757 811294 1.08786e+06 933370 642987
 663314 1.22459e+06 1.33728e+06 1.00402e+06 603732 339782 304621 249074 459518 513848 399958 477035 532282 864838 1.29694e+06 963981 600516 465546 375914 650583
 609139 907682 2.00084e+06 1.75847e+06 903096 552546 849159 723504 741554 1.20338e+06 907549 634356 650805 1.22425e+06 1.14045e+06 1.06666e+06 870543 702489 666803 530392
 573241 455876 375393 456215 385533 306948 403405 481853 428891 383902 478429 917733 994660 695719 526274 454937 452784 500941 655247 611268
 593444 644313 662076 518891 369528 796743 870554 639494 547095 415231 346836 679694 1.14333e+06 1.16939e+06 1.02909e+06 1.04087e+06 882194 758215 573692 489592
 613233 804482 816134 631220 413122 322123 274406 319135 409122 489524 613264 628266 754987 1.04827e+06 960489 790336 608686 566089 826564 705202
 575185 513246 622521 592985 617749 669121 518454 648992 755525 528076 357037 438311 570345 1.00296e+06 1.0831e+06 712136 431865 423704 333959 358256
 604028 648347 975760 1.06052e+06 995996 876462 764481 1.21165e+06 1.11058e+06 724821 626123 776786 1.14235e+06 969196 620120 447571 510007 436481 332529 449787
 592902 677881 1.20778e+06 1.13992e+06 1.05431e+06 930814 1.20153e+06 1.54836e+06 1.22642e+06 873130 588330 549042 1.23964e+06 1.1514e+06 732763 499791 390306 393529 549395 551596
 664786 1.1379e+06 858178 544696 544755 749545 1.67629e+06 2.03915e+06 1.47552e+06 804286 387613 377418 335905 424197 664890 675079 584510 693502 675277 1.26608e+06
 579476 514446 643181 596465 581797 416846 267563 279079 539255 540432 564194 499150 555719 742846 727977 639072 541159 532910 511778 475809
 596360 698395 1.16014e+06 928149 549185 506979 522529 463239 585673 710599 877893 760100 679060 897803 1.01566e+06 906824 702918 798955 1.50875e+06 2.06581e+06
 577402 501746 567229 465035 503431 772475 727217 612969 488536 454337 423073 516192 831283 615366 357406 273178 202217 229765 371802 766259
 647797 1.04083e+06 982799 1.05741e+06 832160 591626 841974 742744 716206 1.21623e+06 1.00315e+06 715584 565143 562671 678205 593075 644516 1.43652e+06 1.27757e+06 721616
 601208 646941 495497 885470 921452 714961 652571 689733 696987 739292 1.41655e+06 1.254e+06 930330 610558 329426 364866 362819 374297 400396 409752
 580609 506748 530321 698932 692034 754050 537413 549276 650447 1.25988e+06 1.22961e+06 876848 630894 749159 957299 908871 790403 686816 896281 876507
 639083 982621 951201 731280 819223 619281 416411 360212 343137 722484 934895 1.24622e+06 1.20854e+06 901602 709243 450206 525645 836609 896023 739835
 614805 790553 839890 705498 563385 467664 528765 468706 399329 368000 471337 805388 791669 897421 864013 774065 552198 773355 905036 686549
 607138 701053 640747 889526 1.01663e+06 774588 669062 567364 824283 925786 874516 1.15382e+06 1.41099e+06 1.42068e+06 995545 567794 591068 552140 444023 586534
 595823 634130 694065 1.11774e+06 1.124e+06 989415 694254 476110 611142 545344 495546 577699 762588 665058 536615 607865 527885 538936 560581 820302
 602156 716502 897202 909810 800219 942792 836425 724374 867548 774175 698705 466836 343934 424495 351038 776539 1.05915e+06 1.45085e+06 1.14741e+06 809108
 592209 625223 724112 831941 1.23152e+06 1.10891e+06 736085 473861 827921 932983 690790 426317 336361 383805 494933 506298 893761 867914 1.09616e+06 1.00293e+06
 564757 412332 546814 529115 622746 683613 1.30207e+06 1.07165e+06 644401 797806 854952 830885 947631 1.04274e+06 817421 645222 686462 947026 948879 697159
 596077 637805 499277 410562 934146 1.05527e+06 791942 901891 684890 650841 681444 538577 727261 664069 581231 447015 356836 264525 253625 520230
 573764 480239 498638 461788 581791 714047 628904 510718 562632 675299 690743 889387 767851 568717 414593 426824 635169 820953 840780 832984
 577221 489043 387832 399792 532522 739520 954404 864033 788642 640849 981198 894834 624705 534112 671594 676856 844982 758734 594393 621900
 601136 669734 548616 498083 577855 518928 688319 828622 945857 873930 822589 631474 570428 585152 631251 1.16042e+06 939268 642148 480734 485248
 626440 877899 825950 815335 1.11981e+06 987995 698842 573367 1.20546e+06 1.43691e+06 1.11382e+06 625824 467864 665360 549633 562244 1.26185e+06 1.15536e+06 955295 1.01159e+06
 601811 668904 604300 492389 351578 312547 303247 315846 407783 568844 915020 1.12858e+06 802177 673353 808675 699762 524610 395501 486405 448295
 581875 521028 508936 453462 676226 1.22033e+06 1.30205e+06 828562 444345 544329 745514 748096 682349 446086 422160 522487 693105 637218 781175 635586
 662735 1.16418e+06 1.0262e+06 902328 741165 480024 561544 794958 1.89231e+06 1.93664e+06 1.29466e+06 696104 358755 450994 771843 753389 693532 575635 548229 799294
 592233 627749 742905 599314 567305 716253 511332 411378 442997 846969 758898 472416 343387 269002 429446 502596 446848 561516 691621 755729
 665375 1.14067e+06 816268 496148 643929 901680 925202 742518 846099 808044 653761 885970 1.12353e+06 832985 512741 460855 714039 729502 553666 455934
 657467 1.08936e+06 863832 588760 832594 774764 812617 804643 615596 560577 565151 605869 1.07526e+06 1.06614e+06 685033 419279 274786 371802 606901 1.16667e+06
 583546 526182 474297 754414 903977 968081 874207 602086 664063 767197 657117 453011 631545 760447 680718 593415 620357 535924 450666 632334
 570240 454836 645305 863316 964149 1.00557e+06 729334 589342 824808 669713 649377 667931 465812 453906 452598 391935 375035 361497 471296 414726
 583085 524187 558082 513533 608564 863933 848456 668876 675184 1.06355e+06 1.17646e+06 871781 616101 551566 455275 480477 819866 783377 863564 957229
 596591 644605 716366 741797 520596 400230 653679 800971 804989 863159 1.0684e+06 1.02534e+06 893730 579043 376878 298364 307152 506042 590219 877859
 581903 530851 720547 899242 863513 773462 665810 605816 756812 628813 516202 455397 466018 489769 648962 620912 520771 693955 706239 534170
 631291 914355 976169 674982 628424 1.02227e+06 986505 776638 517799 355909 348310 409550 702720 832528 693809 554569 387663 373057 413692 482344
 586827 531277 524283 674059 540501 436048 740239 714783 979112 979493 896855 922188 633770 647970 753151 741701 988367 1.28589e+06 1.07351e+06 962281
 590809 604473 900402 1.04343e+06 967449 871646 983384 926633 570393 409956 336646 263090 259740 230256 289337 521503 772492 807275 881507 821932
 588366 540825 491172 573932 691193 1.10392e+06 917786 626562 532087 638595 865706 862654 999329 1.25346e+06 1.33669e+06 979871 737566 711620 982581 1.08707e+06
 579105 514555 808812 900638 755160 550278 407821 413418 541216 617444 1.53252e+06 1.64541e+06 1.10905e+06 880908 742419 1.47405e+06 1.43054e+06 847766 533242 748923
 605386 660034 530093 535860 556178 761706 1.04635e+06 844313 519898 512322 697925 621974 442293 551044 658225 1.23585e+06 1.05932e+06 592605 544759 594489
 589104 569352 576617 477082 528646 457546 413146 657204 752962 542601 392041 387592 531320 710236 820991 807831 651363 580021 672222 609256
 573013 435425 561593 1.35071e+06 1.06222e+06 657701 492824 544661 476756 320400 344176 428013 482799 789336 1.07286e+06 935585 774906 589351 513611 481062
 573594 437812 405730 387987 531552 788688 1.02109e+06 1.00472e+06 906252 1.19444e+06 967681 1.14486e+06 1.05294e+06 874834 693980 649939 642148 526904 861659 1.05035e+06
 631088 985686 1.55554e+06 1.25037e+06 729951 493220 600042 576615 441752 446619 742037 929374 1.21673e+06 1.36267e+06 908291 508416 504166 689898 600888 617314
 594076 607459 634921 520617 479636 469788 711342 893118 877738 770695 751261 651852 389646 516948 457289 429697 538804 651013 612158 405710
 568059 436740 729894 1.08883e+06 1.01736e+06 679576 457900 486477 456296 494926 565499 462784 471362 365183 235984 294793 600985 663341 500708 472054
 602456 705512 915085 868595 688418 609389 584553 638408 785407 734649 606471 557884 575438 454925 657122 986535 867459 602029 387689 363312
 576020 469188 419318 416176 541609 516690 479619 558952 597234 684545 696811 587299 481806 393440 570320 622596 1.16348e+06 1.21204e+06 999703 854730
 612582 755596 615074 545368 612587 804277 669860 655896 958591 867262 787355 900686 848665 1.24836e+06 979185 596559 613857 844952 931299 625291
 577929 515420 550825 532755 636151 780098 616576 446681 624086 658376 1.09589e+06 945705 589376 494200 439070 537176 457251 694548 645106 465598
 596402 623807 508025 396681 455824 536473 1.01824e+06 1.09673e+06 1.09898e+06 1.08469e+06 897106 786662 792800 863258 808100 776872 863520 1.13665e+06 923368 582813
 589455 574774 522327 816758 1.23761e+06 2.5479e+06 2.38377e+06 1.28418e+06 614649 228926 479105 526411 689231 828367 671275 521340 1.12511e+06 1.28452e+06 1.17407e+06 1.09685e+06
 595650 642505 621624 643176 487015 533003 491181 308016 611701 832138 592399 418947 355838 490790 681358 591357 449530 525255 658740 555579
 596217 679029 780180 886746 847282 921230 1.07936e+06 955125 788919 575249 491046 589055 847059 833960 933817 883356 757626 1.03385e+06 903274 578462
 575764 486642 361363 414024 295711 286297 752076 789585 574495 394346 385417 490258 488865 598744 954611 1.18532e+06 879351 491966 288008 254887
 577083 519611 630000 1.02897e+06 1.67164e+06 1.27249e+06 642738 390962 356083 466601 600430 593981 606266 606780 950620 971970 769641 955117 810496 991168
 567434 449343 480667 536094 451712 425107 835610 761709 558724 590574 540677 1.02638e+06 909613 661332 553331 677488 622148 614628 489766 618324
 643075 1.04676e+06 1.14056e+06 1.18562e+06 1.00051e+06 644628 606087 500203 308020 404380 347761 326322 426318 454363 538690 901655 833400 769656 767696 684025
 573368 456379 382101 663785 686063 923348 956304 702111 841781 1.04926e+06 1.0114e+06 756554 487761 536996 655307 655224 808692 727026 897285 756726
 590326 635617 828737 741023 678195 781073 1.17614e+06 1.12396e+06 784835 1.21961e+06 1.08406e+06 1.12066e+06 910702 536351 549948 884245 985121 912194 665553 536068
 583700 527351 422506 425207 437292 599546 573472 535967 468466 468680 719072 892176 728094 852081 1.07136e+06 835845 664160 836723 682568 462918
 601547 689338 733111 1.06725e+06 924596 674757 566554 675264 1.38074e+06 1.45826e+06 927855 700609 472106 403915 537348 819316 982485 1.02817e+06 681569 574344
 595173 643517 756483 1.16707e+06 864320 490726 578358 1.10379e+06 2.03838e+06 1.62403e+06 844222 435441 498543 497633 422874 541364 517789 461722 642642 797603
 577510 495712 512514 808950 709325 674578 704893 554738 458970 509628 655904 791446 693543 544034 452311 811884 893230 1.22846e+06 967035 1.07986e+06
 581906 559909 691358 757182 677487 615293 541617 675964 626956 858650 1.06046e+06 1.2434e+06 1.10507e+06 993968 726179 714547 1.3623e+06 1.13328e+06 720518 564329
 603490 734640 919343 754667 575636 423569 352800 422238 341283 362266 502946 449917 388410 599153 785418 677080 522738 843196 1.02264e+06 798260
 567402 449898 636607 768850 592599 575616 970623 871544 751177 1.09382e+06 1.14852e+06 919081 719118 800616 971171 1.27831e+06 860886 442695 407154 667012
 583909 559104 561686 670450 945256 692637 466985 1.01039e+06 1.18965e+06 1.01314e+06 1.20763e+06 899079 667077 480836 474312 438654 438654 359347 285002 244759
 634739 998855 1.19367e+06 1.00552e+06 754141 495019 480986 551544 435433 349209 472117 547745 596877 557177 570663 778985 1.01072e+06 824703 594274 601339
 530473 360808 368689 535429 535904 714572 560885 387855 496419 439218 471524 456458 353760 303343 220723 285658 470677 493470 462357 742495
 536783 395356 276946 214815 358432 379766 590519 1.07259e+06 1.01926e+06 874941 940437 831799 666456 608869 549817 692557 693617 575252 813002 731487
 561676 497883 554393 645417 674572 674126 528808 576835 612809 732774 642859 547030 665209 1.01922e+06 1.07988e+06 934013 710866 560108 311174 233461
 587858 659331 482559 432826 370506 327310 249991 308106 267756 443687 479111 434596 414679 433074 507074 598265 680452 717717 1.00301e+06 867719
 584246 650606 531207 458049 406408 461910 580075 505088 612413 614668 501010 396765 514022 576004 780177 840892 1.12346e+06 1.33679e+06 978363 805930
 572564 583718 606274 502927 447579 443815 333416 411903 433195 512396 571586 674424 445754 371655 538416 799432 815763 774040 861927 655541
 569965 554260 553775 504380 1.08899e+06 1.01648e+06 604264 468082 546748 899819 708793 624132 829615 818858 695159 656586 742584 693919 628267 535801
 594039 729158 589368 671158 837424 767876 991326 1.04541e+06 883309 651707 554977 790030 827610 1.22597e+06 1.19227e+06 822084 749572 1.19421e+06 1.20202e+06 746225
 578529 605753 565361 732640 1.36115e+06 1.44926e+06 894889 761643 727289 802322 604758 678324 974282 688436 718566 624591 719042 803330 701725 467198
 586741 676019 655624 521513 784718 1.05313e+06 1.19866e+06 975039 622641 446024 379822 642826 806406 724550 538968 653007 609246 539141 606815 605322
 561409 472719 417222 396625 458774 1.13014e+06 945483 635159 443595 439382 507452 740571 736915 592311 752567 1.03262e+06 1.23476e+06 1.1482e+06 1.02508e+06 930147
 591580 719253 665763 482397 446343 415482 931774 962715 841035 574144 534029 650863 593927 719278 587087 531459 785890 890483 922373 647032
 559557 469273 510953 401386 336878 382574 397126 540978 511103 344268 270935 197492 330618 568559 596489 669097 536702 628894 728301 1.02258e+06
 578376 587880 459051 335154 452671 506861 549611 757672 869767 639161 743423 824431 652559 479060 421406 484269 761793 853098 1.27176e+06 1.0854e+06
 579121 634782 853293 1.08217e+06 828903 575808 593709 957498 1.16917e+06 982109 986646 777115 548177 456208 661598 877200 944048 962791 1.09283e+06 811293
 556469 443543 531791 547607 596723 472612 431794 854983 1.1923e+06 890079 500180 271489 249796 491513 474300 380285 340761 388692 540019 1.30925e+06
 587258 656545 526663 471368 394783 430787 628381 583595 475058 686004 615487 721780 569574 336744 380847 645354 1.16175e+06 1.09879e+06 713218 486712
 574746 566214 544170 496217 651101 604716 582072 610148 725914 604797 397219 427861 365756 306147 322822 603295 570098 981014 947452 712599
 596497 748547 693135 511566 337154 383975 300085 234588 281361 374448 390327 679578 820994 1.51879e+06 1.42537e+06 1.33589e+06 1.05613e+06 592388 575638 878061
 572252 461584 365743 385957 467251 569725 1.04057e+06 1.60661e+06 1.2461e+06 720494 346879 361329 519318 862225 1.35411e+06 1.08379e+06 820462 614972 741178 1.39599e+06
 571674 475219 502028 677282 1.01098e+06 1.14268e+06 1.05924e+06 700621 440624 709464 544901 337884 300567 327577 577174 550258 475180 687388 775293 672300
 582612 599275 901182 1.33259e+06 988935 544236 387861 538427 680580 910858 976376 1.004e+06 772466 510604 443314 540903 904248 964498 794127 696493
 591593 628526 564744 503953 914305 1.25679e+06 1.00343e+06 673042 741714 612620 542001 435885 352138 269235 260329 593374 784970 968866 974249 1.03317e+06
 600365 724966 726627 847268 838888 1.00772e+06 716122 415088 504993 564526 592281 874257 969852 911631 867194 587443 392171 659613 781439 699686
 618510 852836 720286 605111 1.06682e+06 1.14709e+06 854278 667616 501645 334235 265992 476881 591322 629026 1.02379e+06 1.04807e+06 800107 667472 860703 1.24302e+06
 568719 583192 1.36788e+06 1.59523e+06 1.02026e+06 515847 337848 596345 867689 825719 689800 601735 609052 1.15848e+06 1.42469e+06 983231 541329 388472 464336 635741
 617812 848236 685245 507586 654220 775927 1.01291e+06 776230 600265 548203 597343 925127 910757 967417 731691 638831 680830 644201 651037 544953
 612001 802873 736080 829450 761354 625554 691696 577929 480959 586283 686216 864411 740156 525322 950889 874790 804719 754033 624739 839179
 563352 430817 448835 647152 578204 496980 389315 471250 588896 677072 889780 767993 594693 517010 692183 725308 839374 811927 743375 541023
 645206 1.09519e+06 959254 746988 620481 489264 1.1427e+06 1.20591e+06 980557 809604 571823 654687 934800 1.64691e+06 1.44022e+06 855346 577763 641790 787947 626090
 603536 759917 667785 577552 574203 942399 946289 637726 445715 574457 574357 766931 1.08619e+06 813460 515192 619662 656893 669837 663417 616578
 583428 669075 1.01704e+06 908112 775603 1.03955e+06 874711 778194 777929 697297 642612 677818 517548 322246 347875 428848 613162 802150 582908 465997
 567548 490655 556276 1.12463e+06 1.89878e+06 1.4858e+06 926169 485060 458295 599748 557167 557129 801922 867046 814161 639672 651831 639272 657400 929426
 583630 592899 447208 393192 464925 735279 642421 358487 273157 326162 283301 350832 533441 609623 944120 716830 415706 461397 681340 716177
 643212 1.07517e+06 959202 718266 593257 590003 720512 651650 558288 661675 806650 670676 501849 882166 1.06023e+06 954129 668007 371210 285924 504655
 559618 387218 252679 265391 392688 542848 675384 548481 748302 829782 842412 745705 480142 423429 491604 410501 343512 572963 651963 929745
 581651 599746 696521 898124 938204 853773 1.12436e+06 1.03763e+06 620288 400976 348503 319657 394178 435786 1.0019e+06 1.02583e+06 735424 753929 810935 732102
 603949 743094 770569 812901 719879 532156 654765 715965 542276 507213 584377 866689 1.02727e+06 715081 422191 349246 532339 733027 1.3738e+06 1.2401e+06
 620737 889061 995569 799791 636827 1.17975e+06 1.19432e+06 934702 658026 645275 618623 591727 502165 483809 403364 448753 628756 868733 1.04056e+06 824371
 575299 483966 373314 593949 575180 478957 805163 865587 564887 467973 1.46014e+06 1.54194e+06 1.05614e+06 787051 510952 589136 574718 610080 1.09787e+06 1.20425e+06
 606523 777196 926518 966512 873552 762457 756773 572854 601336 1.1286e+06 1.26481e+06 1.3461e+06 1.36578e+06 885566 657649 738939 2.36727e+06 2.31663e+06 1.19929e+06 556468
 587623 669978 1.12717e+06 1.01275e+06 911026 727865 490254 425380 494939 551249 472074 504544 395830 500471 444409 576122 654379 526815 785465 1.18064e+06
 669580 1.24578e+06 1.04564e+06 604823 422532 352832 523645 635015 712812 640514 458806 444323 530228 629471 939409 872464 825124 1.67636e+06 1.39317e+06 825908
 637494 992945 976407 620671 335120 365890 433920 668209 769684 691278 664527 657746 776677 737599 1.18318e+06 1.00922e+06 629904 418562 375700 454084
 577357 572113 968715 891047 525881 405637 586518 949767 1.43492e+06 1.18905e+06 688168 362948 345690 444934 385845 216766 176342 253948 203396 294922
 595316 645248 621551 602995 488102 783747 614742 613595 1.2696e+06 1.25706e+06 823690 657106 827499 771848 857639 789244 616975 526624 421360 773933
 677319 1.28225e+06 1.01596e+06 477969 267840 364102 391025 458506 562208 862063 2.43406e+06 2.10889e+06 948384 417841 255300 237441 307903 352271 668910 793653
 591563 629352 694349 633969 557687 524223 477722 680069 908874 782328 544924 550454 741300 841071 905831 732161 495870 286491 507380 624332
 595752 641970 596059 547732 612189 634785 691016 686855 543099 646597 562320 677812 1.12812e+06 1.05025e+06 972737 882675 947845 954197 593799 456171
 598318 667521 658714 823679 1.23471e+06 1.12219e+06 782699 625160 519102 433932 645335 840500 772437 935666 785085 685170 575928 614151 530808 516944
 566943 430610 631560 882678 753598 504592 367464 334852 731499 902278 858644 772962 572124 503827 685481 806884 798500 679895 618712 842315
 606359 693826 522675 552373 499760 716379 934455 732884 509298 384050 394796 375713 551549 543528 682671 870066 809351 652007 572637 712130
 581823 614326 1.18548e+06 999806 701776 666621 615630 576505 587793 544443 1.35088e+06 1.35134e+06 786482 534528 680212 1.05902e+06 936082 899611 696877 673266
 598052 688937 925851 1.05818e+06 1.14303e+06 922359 545194 506396 434915 501896 1.06512e+06 1.21395e+06 801666 539610 730961 517705 422833 474462 900415 1.38755e+06
 582217 544354 645206 505378 547348 632581 630929 722182 884021 1.05265e+06 1.14768e+06 906016 679744 492103 585615 525055 445785 576831 1.32406e+06 1.26686e+06
 581694 523809 469340 388885 489062 597082 622234 858618 1.29311e+06 1.47475e+06 1.14048e+06 639617 397289 438117 498871 501083 620621 636223 710007 755016
 589261 595080 688346 919933 807566 895835 1.1407e+06 1.17811e+06 1.29058e+06 960621 780733 610058 643921 940218 988191 873729 612909 392550 541067 660542
 604095 691479 573954 517442 1.10091e+06 1.31921e+06 1.2302e+06 781458 580586 491566 956342 766163 503346 518055 615432 475888 384492 386905 771205 785001
 588032 577696 624179 810428 815161 720116 589258 415158 401827 1.38417e+06 1.80209e+06 1.54641e+06 1.08881e+06 609693 484888 806888 766161 707977 792976 775018
 577356 496042 498886 584704 1.13937e+06 1.09613e+06 817526 682525 825085 880920 779949 611219 576482 538484 580000 584980 541782 469584 552515 810386
 592555 851289 786460 753723 537948 477778 859265 835332 574114 335329 440215 361062 340932 552103 623474 471708 340973 553805 973785 1.18302e+06
 577716 510628 473778 468285 367070 425274 474445 1.10677e+06 892712 710364 805133 815941 762330 1.07506e+06 955938 577399 380260 447478 403431 436263
 577072 496785 373162 377819 807308 815174 786190 639696 1.03246e+06 1.16078e+06 970241 778173 607053 420252 287857 221718 251685 366007 461330 617878
 658335 1.17062e+06 1.1696e+06 829952 792376 958844 823159 633191 427641 438187 503288 402584 285308 443280 462541 1.28676e+06 1.41128e+06 989790 579938 550226
 582987 555857 534647 645277 566190 420382 714185 1.56131e+06 1.46786e+06 836466 600615 544890 497487 627637 695225 788502 636336 493103 580670 1.16789e+06
 577738 514427 463275 309505 304803 543892 773624 1.19273e+06 1.02051e+06 730730 484327 362710 520459 594346 645802 661021 531501 692094 634316 530555
 602597 714975 754128 1.07655e+06 1.39162e+06 1.15018e+06 727557 757840 788227 526504 336016 735608 702895 759306 704987 648801 728163 587032 412871 484992
 691930 1.4562e+06 1.38996e+06 760620 378568 477011 652414 925156 938977 667586 505462 450353 473421 510236 462774 426322 638019 605570 480895 584563
 598119 697127 615393 478102 395023 665627 604717 455944 407274 568843 579634 489447 369871 326692 510254 716448 532586 514324 823584 1.03423e+06
 569485 477238 508857 505184 665029 620483 826713 601318 475214 481301 450982 841085 1.07323e+06 1.30463e+06 1.19764e+06 816121 563632 560938 472480 404234
 577855 538016 522987 610874 1.0152e+06 1.31818e+06 1.14232e+06 978765 623882 455512 584398 703122 723780 688726 679735 981599 1.3964e+06 1.16831e+06 888757 653090
 614097 840960 887448 733241 563175 639515 650465 637613 729215 605191 574371 775461 1.28796e+06 1.17575e+06 693160 432644 270319 342630 366554 315177
 565185 463803 549770 628458 750384 625539 512281 557191 626225 575886 856302 783806 633148 1.09145e+06 1.17081e+06 880048 541716 380713 411226 511000
 585024 633262 793997 807323 937518 993103 1.0151e+06 743892 697166 997221 1.19432e+06 950545 717445 761898 720305 1.03031e+06 851633 426867 299977 431034
 594184 671096 612174 604263 554433 437781 439477 566805 556309 366257 258738 403728 545920 657229 734993 617685 759502 647057 444285 451566
 567714 493644 669078 837767 960720 737624 602948 668290 907777 894380 695257 687883 786446 1.32022e+06 984522 601541 798821 964411 886200 644135
 568443 478894 461369 499056 427102 414556 849244 1.19741e+06 1.16177e+06 698894 334131 294090 494303 1.1413e+06 1.6585e+06 1.50457e+06 893757 476062 515812 523126
 650164 1.12135e+06 1.07548e+06 847597 1.00061e+06 968129 1.19524e+06 950640 527178 379224 345304 576768 656385 864166 1.23845e+06 1.92596e+06 1.55828e+06 756671 334526 261187
 630863 1.06999e+06 1.64576e+06 1.19806e+06 735440 823019 587928 539005 661881 598507 702280 794522 637879 406800 296243 392776 512505 1.279e+06 1.20003e+06 730288
 596003 740088 1.03528e+06 1.02292e+06 758128 511698 404116 583620 646042 540157 972217 1.00564e+06 1.08683e+06 1.2449e+06 992837 1.01142e+06 818949 531653 375790 449477
 561658 419131 395898 485130 742412 910518 1.1403e+06 1.26172e+06 1.26978e+06 1.06687e+06 644168 643005 895043 967723 1.10651e+06 825147 512838 470833 449361 405978
 571998 516615 665402 1.29408e+06 1.11716e+06 667057 439886 376259 689143 926525 730802 448966 322026 340919 787196 800534 603057 583073 512527 485552
 568136 486458 601700 630984 724615 1.14948e+06 1.18019e+06 839229 761216 927248 970024 982139 897624 565735 318265 398313 390290 439519 460741 402979
 600079 716953 642022 855544 827685 1.01988e+06 1.4079e+06 1.14285e+06 652305 558159 745150 619062 480247 559675 865089 912424 804455 597087 449963 721094
 573009 574329 953739 812853 506658 345592 415582 410282 386027 336722 306931 573969 616931 660385 711874 624981 576363 608228 865827 894880
 588217 654067 874894 1.02879e+06 1.06005e+06 1.08195e+06 740489 574433 515678 679592 561159 560253 605063 687982 817442 775351 1.02302e+06 954551 818225 802852
 598299 704921 639646 484528 624532 806217 659272 480937 382919 393066 503783 407137 315574 273165 440083 466854 668410 987075 1.31487e+06 1.30485e+06
 573117 527413 604068 870799 878531 572607 403526 614307 663115 839771 1.88437e+06 1.88811e+06 1.19742e+06 665299 337214 415037 1.38349e+06 1.45819e+06 868221 461087
 585118 604845 561842 515046 789799 1.01042e+06 968521 1.42875e+06 1.33421e+06 1.02881e+06 1.08301e+06 833416 651302 584128 883320 888495 806866 632334 765447 1.02015e+06
 581660 588737 561567 696318 745462 926690 998136 1.11663e+06 911359 633924 804531 980840 828587 675296 627312 581285 473733 543465 680128 668805
 623125 963963 1.18001e+06 1.11448e+06 804283 598002 574248 499884 466126 552029 628745 420654 303311 265963 510261 473153 511256 642777 1.1612e+06 1.05024e+06
 602644 745554 615899 469161 399086 520932 513018 485824 520925 1.10384e+06 928267 694619 891952 1.04665e+06 1.20032e+06 1.00132e+06 768979 549756 619052 627021
 583359 636417 869198 842506 596759 383326 198182 240098 377360 358670 326338 361200 719293 1.08541e+06 898444 646371 411490 297720 320891 449413
 580562 577924 689038 1.45297e+06 1.5778e+06 1.03354e+06 590602 361709 562874 1.16147e+06 1.09604e+06 637164 459758 455795 672727 863504 777329 544760 387597 430730
 563195 661980 719849 582874 683756 720766 790216 1.25307e+06 1.03002e+06 561228 414953 589319 706744 701906 668734 488033 433401 866767 851501 634350
 557280 626868 1.29968e+06 1.16445e+06 771220 579396 715501 711735 964557 949770 588412 470569 939310 924411 683530 520956 365576 280758 257182 318146
 557884 516777 405205 353057 474147 806577 794048 902697 1.91572e+06 1.62147e+06 908718 526488 558813 408145 322309 534586 705980 508295 631927 923063
 567956 632518 712499 643647 545932 398023 345699 371321 743732 761522 559940 479865 374662 551946 567643 655263 1.04779e+06 1.02111e+06 923644 946413
