 nan nan nan nan nan nan nan nan nan nan nan nan nan nan nan nan nan nan nan nan
 45457 74523.6 40972 32605.4 57542.6 29227.4 72546.8 46470 198826 39052.5 15442.2 56030.2 52114.5 54437.5 87967.5 29560.2 107978 99722.9 122984 26432.1
 26310 51716 155487 137658 131782 90003.3 22172.9 34228 66284 24769.5 116559 76251.8 171771 70215.2 42190 36359.8 68590.3 50117.6 107948 73388.5
 82720 34876.9 110061 46798.6 37380.9 29287.3 68289.3 109660 19048.4 25851.6 92765.5 67960 58634.7 170249 141520 26403.2 20183.2 203184 44685.1 46192.2
 115327 105133 41144.2 45149.8 26627.4 44548.7 44913.2 53068.2 33070.1 68567.6 66782.5 205565 47571.4 42594.9 44170.1 51679.6 26683.5 18218.6 42733.5 37299.8
 107173 90192.1 93441.6 118756 13187.5 22613.7 65620.8 26656 81285.1 104898 31580.4 91983.6 57493.3 75469.1 56398.2 76731.5 133146 94588.4 39957.5 114656
 49740.9 79995.7 30327 80494.3 30122.6 22404.6 67228.9 211202 11690.2 37397.9 18323.1 129003 23372.4 31373 56844.4 23050.2 51897.5 56576.9 42979.4 48898.3
 106679 130651 82259.9 22374.9 86501.4 29900.2 170691 74912.3 112306 160065 138792 52582.6 13322.7 107735 47614.9 65747.2 93430 32772.2 125785 78835.9
 225061 106240 25187.1 21747.3 97805 49652.6 32223.4 69683.3 268134 15087.7 15941.1 38427.9 108855 63299.5 73710.3 20988.1 95290.5 29272.1 115480 51227.3
 123561 182275 96721 10634 40688.4 43298.2 174774 58371.7 31906.1 22192.1 38918 29705.8 50420.8 15351.3 34817.6 44740.3 13910.1 69723.2 81012.7 157116
 17733.3 48752.3 38798.5 66645.7 48633.4 111622 37768.6 89048.7 60672.2 32578.3 37667.1 49479.2 149002 128695 65735.8 51077 25717.1 50516.3 36903.8 33807.3
 44897.9 32354.2 69003.1 78114 44219.1 62439.7 57853.2 71605.3 60963.8 26451.9 13245.3 24572.1 20584.5 15381.7 9003.41 46825.5 22712.9 32710.8 22934.4 58033.2
 24223.7 81590.2 29086.1 51117.4 36396.1 50093.9 51760.7 199523 118505 37427.9 46766.6 54849.1 26715.2 138595 67206.4 25654.3 37765.7 52318.9 41672.8 107010
 44823.4 34922.8 52154.9 146693 24423.6 28393.7 86324.8 24918.3 141915 51624 298535 35806.3 18650.9 35726.5 60050.9 39214 60414 43535 29722.5 40348
 62700 99889.7 126818 25086.9 164239 118355 30688.6 70859.4 23153.1 83680.7 69552.8 127150 32534 39267.1 46625.9 150458 51667.9 34680.6 62587 171465
 89642.1 115525 81880.8 35450.3 32166.8 29077.8 68805.7 77067.5 70659.8 128008 105206 49089.7 235425 18958.8 17373.6 74531.9 69121.6 61087.3 15623.7 69748.7
 36920.9 155852 74190.9 41352.3 165399 109401 37812.8 91679.6 34825.9 40958.4 128489 95865.8 28604.9 66864.4 73238.4 23459 63973 86143.5 72197 112105
 67636.6 57036.4 36631.4 30596.4 57877.4 79638.8 54964.8 64364.4 46045.1 33437.6 63889.3 118880 87296.9 66271.2 46005.1 63118.6 9994.09 67676.3 54427.2 41071.6
 104135 41792.7 42779.1 45804.8 122979 106172 40678.2 31946.9 76087.1 82587.7 31421.2 110898 214572 46444.8 9337.75 30063.8 49012.9 124478 36295.6 145434
 80913.1 17221.8 55628.6 69441.6 132575 66389.5 29813.7 30353.3 85204.1 111697 217984 54607.1 38186.4 20609.9 47488.7 57512.3 110671 62660.4 42097 18881
 28447.2 40593.7 112902 66293.3 70259.5 37808.7 89347.9 25569.3 73345.3 49915.8 39330.4 24773 32351.7 27043.3 91287 176771 86080.6 81388.4 80079.8 48787.2
 85582.1 122533 246465 47245.9 14574.8 47907.9 68577.4 60802.7 12968.8 127926 79861.1 166113 79065.4 55575.8 32996.8 114697 19178.8 18628.4 53826.2 88071.8
 111935 101911 23348.8 112242 99709.9 39357.9 65889.1 45465.9 21459.1 43445.3 32345.2 23806.5 52947.8 74262.9 86888.7 28294.1 39964.6 105321 94263.6 58068.6
 82576 70474.9 98240.1 37183.7 59786.9 28060.4 37024.9 77141.8 34162.2 73746.2 37584.9 51124.5 54624.9 98144.8 101878 39577.7 29191.8 176829 93204.8 65323.5
 46735.5 70728 274957 83989.5 12132.4 39838.7 62351.5 112556 36459.1 97879.8 85269.2 21651.3 74473.1 90491.3 95564 136668 28797.9 38625.1 151288 47911.3
 25126.9 47550.5 57472.9 47556.8 37110 23524 69300.8 99514.6 25037.4 26845.8 55096.5 96485.9 149428 116126 38719 31398.7 45932.3 20147.6 83516.5 60609
 129325 70984.1 26562.1 45598.7 47734.1 86863.3 43036.6 53070.3 39115.9 37078.9 63459.5 32387 167085 48643.2 49080.9 20970.5 55997.6 42191.1 80461 60452
 53461.5 34370.4 77600.1 81173.9 75614.1 34782.6 32759.9 176419 53840 127985 25997.4 20551.4 103626 80893.7 37445.5 52327.6 50528.3 123793 94058.7 127680
 44646.1 117312 125928 49524.9 21957.7 52422.5 86203.1 31513.2 43920.1 103249 56716.4 42411.5 76374 43830.9 67651.1 78844 126234 41604.5 40184.9 32845.6
 182569 101623 47080.3 17001.4 26141.8 45842.5 15533.5 78261.8 42555.5 22558.9 63217.3 51406.4 103884 163763 16753.6 35256.8 52619.6 27463.8 83063.5 125147
 89591.5 334743 33407 9215.97 29026.1 158478 22033.8 65874.5 177262 27316.7 51512.9 54910.2 207772 35201.2 101515 43692.3 71073.9 59047.3 49459.6 45509.7
 29367.1 29323.8 62286.6 27422.2 17591.2 52959.5 59983.7 36189.9 29339.5 52075.1 136442 64432.4 21165.1 43701.1 46770.5 45724.2 44194.9 79238 32948.8 104576
 63985 59566.7 40390.1 8122.21 142570 64134.7 29001.8 49534.7 28313.5 22070.2 107301 143886 80527 73516.5 114158 43005.3 71003.3 30352.3 54557.9 23332.3
 98016.8 63147.8 35630.4 16653.5 37645.4 30680.4 35321.9 43328.1 49478.4 64129.1 41627.5 77283.7 125060 70814.4 62161.1 41252.2 58094.7 114705 33394.8 31190.3
 34069.5 72819.6 41119.1 62675.5 69791.9 22655.4 88995.7 74605.6 17605.6 23850 62795 55689 138176 76920.7 20520.5 24796.4 62803.4 18467.7 40743.1 77224.8
 56291.3 133758 77767.1 80252.1 64369.7 47030.2 180456 51118.3 36976.7 52817.3 91101 153033 44724.8 38253.1 29585.2 77873.9 33538.7 22647.8 65303.2 59178.8
 56044 180929 61855 103416 47322.6 154557 162996 39583.2 53338.7 27794.5 47541.6 218002 57751.9 33311.2 37630.4 41279.4 39255.7 70102.7 37935 78330.1
 177480 27049.8 26893.3 65806.3 78805.4 251005 165928 52625.7 19731.8 18094.4 62717.1 15260.6 51660 85955.9 50278.4 40468.8 82541.1 33543.9 198271 38287
 34025.1 86429.2 46642.7 58683.6 15637.7 22904.9 34589 83197.9 33962.5 56347.3 36669 57187.2 84290.3 62085.9 50525.6 38771 58198.8 42317 30921.2 101915
 62448.1 171396 26020.9 29149.6 57951.1 55881.8 27603.7 78604.2 66697 92347.7 34310.8 52226 105165 89040.4 52413.3 40099 73211 204356 199888 83823
 32598.3 67738.1 30780.7 53875.6 111495 72023.1 38718.5 34128.3 51559.4 38159.7 54363.6 123621 14567.1 21552.1 31931.9 16439.7 27373 44313.7 67960.3 400539
 149325 41267.5 134214 24885.6 31371 122386 34244.8 52270.1 178590 26805.5 52940.4 42276.8 62522.3 69529 47743.4 46013.6 249859 52794.6 17310.1 31257.1
 73349.7 11753.4 147313 55201.7 39519.2 53632.2 77525.6 51281.1 52336.6 223691 64315.2 69273.2 31410.8 16021.4 56538.7 30904.9 37372.5 42690.9 36178 50651.4
 37012.7 52555.5 87417.5 51334.6 101434 15690.7 64159.6 49738.6 200145 60339.7 45467 32704.5 101392 105117 72788 59646.9 46179.3 120702 56112.2 31079.4
 134720 49928.6 43793.6 100806 25427.7 31667.6 38427.2 23273 117551 79250.4 145828 73232.4 44843.9 59884.5 21502 67698 115753 66185.1 50542 41241.1
 94257.4 73442.6 45879.9 49953.1 43336.3 68003.3 33455.1 35302.2 41870.4 48948.3 124218 45455.5 104964 58408.6 68281.3 15660 117304 91100 25243.2 84253.6
 80009.9 33985.6 117709 96547.2 37805.1 63227.5 32675.2 113502 80401.3 55108.3 130251 141301 115847 18726.3 17262.6 83805.3 54229.8 31157.3 80410.3 26752.4
 63437.5 53164.2 153892 72692.5 90353.2 26406.7 38181.4 82341.2 31652 50386.7 58880.9 94482.1 35536.5 40059.4 77014.9 30814.4 56734.7 43285.2 103374 95224.6
 74527.8 88154.7 77059.7 55933.6 116240 38471.9 53361 102732 71442.5 63291.4 26393.1 22957.6 67358.2 7739.89 134113 94511.2 183204 26816.6 63367.3 27330.3
 58640.4 73760.7 72049 159952 63900.4 32597 15671.5 148603 88924.9 29056.8 18837.1 41089.7 41242.7 60527 28958.3 141963 30440.6 146872 44266 87476.2
 14168.2 85788.4 27031.1 78360.6 35669.5 217935 23750.1 24905.1 111510 78050 59832.7 91014.3 105479 39987.3 56789.2 63270 119545 75546.2 50948.6 19377.1
 67034.1 21211.4 22473.5 161381 87140.5 36249.6 120837 29046.2 74294.4 63897.9 27073.3 108937 48329.4 60806.8 22186.4 38096.1 23475.4 22542.9 85125.5 56646.8
 30641 56865.1 38051.3 66753.3 73186 54778.8 34489.2 62451.4 76825.9 51300.8 117488 45924.8 38501.7 23943.9 51238.2 81093.5 89871.7 56968.5 71428 50657.4
 36688.9 25847.9 40539.5 68515.4 88122.8 113006 46222.1 77276.4 43888.7 147434 29907.9 36159.1 40299.7 97926.2 38275.8 111362 41594.6 44477.6 68479.8 53561.9
 76142.2 34791.3 36489.7 67791 26315.9 94462.2 87456.8 90865.1 49572.9 84950.2 30739 54548.4 58728.7 47444.5 193912 12474.2 47645.6 30723.9 56923.6 103789
 115762 47932.9 69884.5 153142 67192 21992.1 35427.5 204967 112435 57108.2 17925.7 53955.4 97905.1 23290 41351.3 218110 47273.8 74563.6 93882.8 96754.4
 72679.1 44184.2 37690.4 26473.1 32510.6 31391.6 26050.4 47136.4 60832.7 112282 116705 15358 55651.4 101938 63752.9 30863.1 26102.5 71240 31124.9 50781.2
 39379.7 47726.5 26630.2 81669.2 163230 99670.9 21440.7 16731.1 88260.2 92461.7 47708.3 60259.9 20423.8 48786.3 52187.1 89109 40903.4 98939.8 22053.9 91213.6
 175948 20824.8 94198 38628.5 33763.5 66294.6 65645.4 311451 82870.5 40135.3 13704.7 34398.2 54847.4 117900 46636.3 59143.1 41128.5 52521 104026 91065.4
 57733 81055.3 27342.1 56314.7 89054.7 15359.7 47213.7 36788 138464 29733.3 32895.2 27742.7 24162.3 64401.1 45674.6 25559.9 68852.1 73208.1 63571.5 183700
 180161 24672.3 24168.8 89122.7 126241 56899.9 33041.8 104333 63601.5 37591 112628 126677 25115 30151.3 50210.4 105571 55584.5 27296.5 35863.3 47602.9
 164210 27131.1 28169.6 122442 44721 85130.2 57189.2 35632.5 53341.7 56237.3 48263.9 163736 63880.5 23740.1 24066.8 23309.6 54054.2 72139.2 178465 62075.5
 43203.9 31242.4 120389 82256.4 80869.5 64527.7 25062.5 87628.2 79779.6 50268.9 16619.8 96462 73033.3 52050.5 40557.3 67503.3 37865.8 31056.6 75222.7 112219
 21142.6 89881.1 98667.2 71999 92907 31403.1 48359 127798 15565.9 70547.8 63380.6 23931.5 56917 43936.7 31754.3 35037.4 28222.3 64178.4 20709.7 36493.7
 39644.9 67161.3 42650.7 70895.8 101668 65276.1 62840.7 54436.9 147204 94100.5 36351.4 37417.5 61525.8 33522.9 56358.5 128702 34416.2 96564.2 79545.3 74601.2
 62146.3 55476.7 65831.2 22737.8 26762.7 97747 62784.4 60478.9 69204.4 133290 70358.2 68150.4 14246.8 36316.5 23339.8 32752.2 72707.6 61508.9 115235 36429.4
 36915.5 96037.1 105257 50749.9 65541.4 56615.8 41821.3 99234.8 36899.4 47341.8 36942.8 51591.9 40967.3 85176.7 45864.6 34857.8 91537.6 60295.6 26619.7 60818.9
 118756 84253.5 13765.4 56678.4 152966 85698.3 38971 27344.3 31079.8 44173.7 43270.5 96136.6 71217.5 46341 43046.9 23910.6 43176.2 53808 58096.2 41375.8
 43858.2 52109.9 84477.7 21026.1 23029.1 123032 52369.8 123193 69091.7 74135.8 82866.9 14304.9 74235.5 83621.1 58299.6 112580 146688 45474.3 90378.6 12810.9
 50578.9 130570 85335.1 71771 61591 118535 74280.6 17963.5 39827.1 39220.7 17240 31768.3 22917.4 34978.5 73173.4 89224.4 60805.5 94790.5 57617.1 16396.6
 45521.3 39404 70468.8 72192.7 150011 21474.8 36171.9 47786.7 80413.2 98542.9 58297.1 105946 121797 114216 26454.9 59761.8 62450.9 128772 84377.5 46630.1
 29231 113957 66072.4 45584.6 30957.3 34651.9 39927.5 74241.7 35261.3 264218 102354 28443.5 71320.1 38471.6 253909 64528.5 18701.9 25464.4 129976 56466.8
 74111.5 35323.5 60212.4 46225.1 84458.5 124684 36729.5 24892.1 61696.7 88823.3 32807.6 19623.2 85134.4 44421.1 195496 24282.3 16842.3 53908.2 71621.2 38267.4
 47593.3 51303.1 36270.4 71913.8 39947.3 33638.5 92637.3 66983.9 15323.8 33682.4 38162.6 59737.5 76600.4 89388.4 62484.3 38970.2 47648.3 86492.6 52446 67193.3
 21614.9 52071.1 245642 54765.6 31712.7 42859.7 72474.6 30898.2 15441.9 45414.7 54102.5 33555.1 108157 114975 52045.8 65448.4 29911.3 53586.1 34920.1 59263
 22859.9 42185.6 32328.9 66742.8 89149 117400 58849.8 59350.5 160902 20792.8 151992 60214.2 67715.7 35509.3 67727 58144.3 33844.8 127554 109375 29940.8
 119775 209363 32905.2 18749.3 37584.9 93029.3 44482.4 36575.4 44016.8 105460 75583.2 129452 141182 18962.5 18670.3 61845.9 93577.5 30878 64690.9 105868
 56968.4 70099.5 35675.5 41511.1 36956.9 101039 89246.9 69311.3 48442.7 76526.4 57560.1 18152.1 83678.4 28281.8 39889.3 61681.4 67486.5 53815.4 24649.9 52225.8
 14525.3 104252 124754 66855 16881.7 31272.4 61606.3 31734.2 56011.5 62373.3 25659.5 63798.7 33064 20511.5 31959.4 96401 64631.4 24678.8 43020.9 78897.3
 71848.5 108868 74020.3 41984.2 60379.3 51937.4 57135.8 95845.4 53634.6 38128 47082.1 62968.7 11484.3 91561.4 120770 54985 30854.3 15712.5 42739 55717.1
 30149.4 36524 39362.2 81626.1 31671.2 39469.4 62227.6 55924.5 67540.4 64060.5 37324.4 39604.5 31267.3 81433.9 45333.2 183408 67459.9 64488.7 66315.3 73627.5
 93202.3 28304.3 54854.2 62459.1 98153.3 18853.8 60228 131765 53518.4 59325.2 101124 49541.6 185951 27894.8 22360.3 65787.3 107652 77242.7 22063.1 76164.7
 37772.4 60419.8 47480.8 70857.2 83994.3 31930.8 28214 93137.5 28885.6 163104 26478.7 32896.7 42918.8 41067.2 70944.9 19123 109399 34228.6 35645.7 24045.3
 66383.4 38188.6 18338.8 55383.9 36749.8 158360 70310.2 109871 79355 58982.7 62893.3 73704.5 85205.1 64226.1 67491 94058.6 142273 25965.5 34748 14746.3
 55938.8 40631.6 113007 107950 386890 68119.8 9517.63 18176.5 13010.9 96170.9 36795.8 94726.6 88129.9 49749.1 17626.7 199103 90879.1 96658.1 83273.3 50116.5
 66550.8 48305.4 71050.9 14336.3 74204.5 41745.3 10604.5 101514 106752 16241.7 37647.8 27219.1 65688.5 73941.4 31688.3 26178.9 65843.7 84173.2 22791 72172.4
 70479.4 67650.2 86471.5 51006.5 89361.4 110354 62227.8 51409.6 38404.8 48237.8 75191.6 127492 53098.1 100729 80602.4 46238.9 151727 43138.6 31109.2 65541.8
 37893.7 19183.4 62855.3 20496.6 24281.5 140211 39415 30168.9 22724.5 53724.4 66973 37042.2 60731.6 120733 122116 20660.1 21521.9 22732.9 29864.4 56216.9
 39497 73051.9 121897 217910 27587.4 15568.8 25385.5 45547.1 58136.2 65982.4 43653.8 63614 42273.7 133459 59728.9 29523.6 120359 42216.8 122478 98363
 25123.4 53412.4 58779.2 31004.7 32044.8 148963 32199.2 35174.5 68834.7 25530.1 166863 26374.1 53513.6 37942.8 97774.7 34088.8 68112.9 19388.6 81962.8 153709
 147503 73607.1 104795 60746.5 31148.4 72525.5 34535.7 12188.4 67445.3 21896 31622 54665.7 38366 53054.6 126142 28148.8 72563.6 60970.1 57695.8 25421
 30526.2 23032.9 106782 24136 115065 71657.1 31333.1 98938.9 101613 70309.6 34445.4 21825.5 69868.1 73024.2 43660.7 101221 41928.9 120927 34150.9 82449.7
 58078.8 101072 46921.3 62341.8 77597.9 159595 95731.8 22271.9 192632 43786.3 127379 30436 28587.3 56432.3 133480 74263.8 71150.8 35862.8 50727.3 63161.5
 45938.2 34703.8 52496.1 36304.2 90823.3 50110.9 51700.9 32930.1 43812.9 99206.3 96416.2 28275.7 97584.4 116865 29226.2 41275.7 113673 34806.4 24213.6 109027
 74860.1 49623.1 152827 38068.1 51749.8 44179.6 69570.8 230646 97957.5 26184.3 62986.2 28213.3 36373.7 62468.6 105251 100839 82607.3 14795.5 68261.7 55316.5
 63403 58323.8 169411 32261.3 19476.5 73099 127480 293256 34155.7 18107.7 17221.4 85314.1 40323 29160.8 73042.6 34175.3 39539.7 80830.5 51506.3 246419
 35730.2 42349.8 115305 33630.6 72640.9 67663 26895.2 37615.3 61181.4 78184.8 81643.9 46398.5 36931.7 31726.2 138766 67678.5 171609 33027.1 134463 51589.4
 43772.6 73779.1 75810.9 39287.5 53628.3 35356.1 91678 32008.9 123661 91433.9 130400 48064.2 93970.3 23456.4 68763.6 220707 18234 39296.8 47226.6 52115.1
 80149.1 114994 40578.4 47886.7 29890.9 28624.7 53863.5 17680.1 40811.4 67675.7 25253 28409.3 88268.8 95895.8 30885.1 18507 130703 90706.4 33509.9 39510.7
 20479.9 87294.8 79340.8 29856.3 46159.3 149550 49391.4 52111.2 144974 89072.1 55504.9 39695.2 95713.9 85434.7 172388 25276.6 23656.5 41375.4 106279 60052.8
 48021.8 49401.5 74630.2 131502 19875.1 19231.1 172639 104896 39363.9 152885 21188.2 60452.2 21034.2 66962.3 24575.1 46399.2 23236.8 32431.4 18054.6 69883
 133607 108739 55035.6 49168.4 23008 51617.1 59783.1 32829.1 28673.2 66261.4 50990 52607.3 38855.8 54350 85524.7 113464 36386.9 38003.5 68106.7 18689.8
 11450.5 44398.8 71285.2 33722.5 95627.6 26890.9 25472.4 73983.1 34281.6 55356.3 42839.1 21548.1 31956.2 15648.9 37337.8 64000 49716 29376.7 113194 24635.8
 20757.2 23763 15836 60246.8 27538.7 72801.3 150267 56928.5 64735.5 112054 58222.9 53732.3 54464.2 42213.5 89472 61685 36340.7 118216 30367.1 88312.2
 35611.8 59273.4 64453.7 59438.2 65880.3 27648.4 70529.1 51294 105779 40832.7 43719.4 74394.1 144929 86886.8 71286.6 48788.9 51616.4 10895.8 27655.7 62471.1
 77750.6 23883.2 51690.9 49047.1 24746.1 17406.9 45993.4 12708.2 76148.1 34861.6 36367.1 36548 45327.9 44439.4 62911.4 64113.9 55252.5 121626 25370 74196.6
 71169.7 21112.7 42703.6 32016.9 58299.5 59402.1 36931.7 78919.9 52738.1 33639 29749.5 74311.1 44272.1 94090.3 57693.8 129571 129991 28870.4 77076.9 60263.9
 53830.4 59121.6 27531 39724.7 53379.8 23659.3 59358 39122.2 70693.7 44751.8 82720.3 18606.8 41050 71071.2 96298.9 53651.7 58999.1 92919.7 29988.8 44365.4
 49467.9 65301.8 24882.2 197160 40174.5 26990.1 44430.9 62939.5 128596 17346.9 60588.7 107112 59715.4 38531.3 61248 76293 48848.5 55402.3 39622.1 61685.9
 89349.4 23168.8 88833.4 87673.6 47366.2 125783 89141.5 66416 43633.9 44548.8 114323 51768.3 179108 63790.1 44906.1 55130.2 178004 76631.5 13607.8 38578.8
 60961.7 43676.3 79745.4 197163 112724 5691.71 90072.3 52292.4 100492 13152 86639.6 128417 22952.1 99530.7 27324.3 90282.6 69282.9 52245.9 16658 20584
 74293.1 59344.2 24151.5 115284 118318 112301 45782.6 34679.1 39712.4 25753.3 99864.4 74484 62953.1 21871.4 93204.7 44377.9 46487.7 72185.6 37344.4 193990
 33476.4 38821.2 40679 34000.8 206985 51217.9 40931.6 20005.5 60097.2 39120.4 96440.6 46348.7 39927.7 98717 112088 110760 70166 89038.3 78718.7 24760.7
 82668.1 42276.2 29833.9 48542 31258.8 154582 49474.7 83486 23401.3 67554.7 76423.1 41019.3 92703.2 32175.6 44538.7 99380.8 77096.1 98015.1 18387.1 36742.8
 29517 68240.5 29677.6 36439.3 61786.6 29005.6 80035.4 37253.3 19395.7 32123.8 10387 50739.2 75140.7 43530.5 79840.5 15907.5 83693.8 61413.4 129333 78992.1
 58979.4 28841.3 18216.3 69903.2 58859.6 56144 92218.8 90753.8 21709.5 90835.8 81334.4 51331.9 34847.3 40060.8 50068.3 101183 62742.1 174794 51456.1 46813.7
 59461.3 95643 125475 29929.6 34470.9 65420.6 126286 116290 53030.2 109040 41304.5 47076.7 31364 94870.9 90992.1 92591.8 79242.4 126325 21131.9 26758.6
 22644 70577.5 44985.4 70017.4 19245 37419.4 130503 140610 28905.8 23455.7 19274.9 23576.7 82924.1 29937 34518.4 26731.1 48020.3 39779 224398 34532.6
 73400.2 26525.3 51090.5 29327.3 46200.6 87622.6 34627.9 24920.6 104300 35257.5 93886.8 24696.4 18890.2 46028.5 74110.7 168790 59233.9 41412.1 35222.9 54539.2
 50647.5 48326.1 35589.2 88086.8 33674.4 59915.5 63358.3 92153.4 39420.8 21966.4 60600.8 16556.4 31606.1 31554.6 103903 22683 158454 65856.6 49744.4 13746.8
 88988.3 41389.5 32614.6 13930.6 65674.6 17644.5 18004.3 33672 55329 28072.8 111532 54514.9 239979 44195.5 130914 42387.5 20001 54418.7 124090 82461.4
 30884.2 27781.5 40578.7 49334.3 57634.6 135334 199291 46988.4 18819.8 12203.9 54571 60547 107888 169502 24832.2 72408 51416.2 86589.8 196437 122283
 29737.8 48515.3 73948 127431 95655.4 93838.4 20127 26919.2 119940 21116.2 24544 36580.3 41839.2 86322.5 25849.8 36758.1 90960.2 69591.5 26151.7 164851
 49275.7 105378 168503 36675.1 20971.4 32979.2 75555.5 60115 100821 75277.9 94042.3 34179.7 30905 41078.4 59151.7 125034 81644 48890.1 59717.4 92707.8
 67743.2 62011.6 29350 136116 134544 43608.9 23063 104613 37910.8 57872.6 25057.5 37315.3 22578.2 23534.8 95166.8 81304.5 106567 62290.2 88240.4 213284
 83829.8 51487.8 103273 70282 101379 18769.1 24265.7 70645.2 64779 43804.3 114839 66462.5 70003.8 74918.8 24252.5 19384.8 108729 65633.6 47460.4 44596.1
 112689 29164.2 36987.2 164235 82152.9 40818.7 52571.3 48173.3 19107.4 22394.8 75703.7 59768.6 40124.4 151793 81624.3 43246.3 42620.2 107236 159833 16011.3
 31980.2 225304 107494 16105.3 12152.5 34340.2 88252.4 99820.3 51747.8 45732.3 47990.5 47142 169277 124586 7684.6 18659.1 41812.6 56301.7 77368.7 19776.6
 112986 27549.4 38995.2 97224 73059.1 130458 35072.1 48112.1 52392 56216.1 130138 72606.7 99613.9 21563.2 62207 70979.3 62269.3 64850 33830 20917.4
 102081 39324.2 96824 41453.5 44837.4 74797 41557 36102.5 77016.7 71143.8 101151 45959.8 13630.5 167434 31395.6 78752 52077.6 52599 109995 55119.4
 23914.8 50914.7 82036.3 39938.5 41446.5 27488.7 60483.4 62993 72001.7 105744 34838.7 42724.7 35658 98554.6 51233.9 86459.2 52058.6 69990.6 26306.5 28659.8
 163002 20556.4 54149.5 53086.6 24937.5 203245 68855.9 74865.2 56828.3 31311.4 80979.3 99482.7 233997 74381.4 29190.5 34154.7 80831.7 77253.2 37955.1 53097.3
 93346 35630.6 51144.7 42401.4 136579 59389.3 26703.5 22931.1 90890.4 36672.8 94419 132781 23720.7 23773.7 96133.8 57440.3 62838.1 64562.8 59960.9 75015.7
 62250.8 140025 34256.9 51268.6 140953 37350.1 82606.5 80994.2 60335.8 49301.9 79447.2 26641.5 21804.3 43001.1 46250.1 71233.9 95695.5 19498.7 44433.6 73590.5
 34671 47744.1 149275 241646 17769.7 41626.7 20346.8 62637.4 67797.1 40257.1 54466.5 108650 64937.4 67950.5 37641.3 74268.7 49778.6 49889.9 106448 148049
 60053.2 18759.5 44490.2 58012.7 105707 39695.5 7477.04 31523.7 49337.9 14218.2 41442.5 75471.6 52994.3 131453 25768.9 16128.8 55502.6 86037.5 38137.6 66163.7
 158058 30697.6 52738.1 42350 60775.2 79969.7 49957 37416 77910 94247.7 38257.8 20425.7 141762 100824 83190.8 35468 22511.3 26155.8 84654.9 32860.7
 18505.1 19189.1 27608.4 53116 54313.3 81819.2 29669.8 100821 66548.5 88382.6 56583.9 19552.4 42511.1 61226.1 22527.5 27809.6 92388.9 49691.9 123394 53508.7
 54480.8 62350.2 106716 91052.4 33636.4 150597 67140.1 17907 28939.1 45289.5 31992.7 50139.8 19915.5 173472 62138 26758.1 76185.2 86816 68567.6 38511.2
 88819 76404.7 75165.5 50989.3 23216.4 90048.8 76115.9 21223.1 50604.8 58924.6 108451 105531 24298.2 27049.6 34566 74305.9 62869 205808 39336.8 52900.2
 112407 81953 49742.4 30415.1 193742 66358.6 51119.8 22649 87995 46690.5 57137.1 32320.9 57146.9 36524.9 47104.4 72893.4 99313.3 104813 29778.8 42133.9
 37343.7 20354.5 96535.2 38148.1 31204.5 117739 71097 9841.93 15470 276964 71723.1 44896.7 70308.3 24330.6 78842.1 49736.9 54684.5 166985 93003.3 124901
 89649.1 87145.3 78557.2 74606.7 49648.9 81149.5 32379.2 58977.2 188803 82695.6 123280 107868 20893.5 60490.2 34871.4 438267 55947 4540.77 11257.3 35602.4
 57969.6 172108 52999.9 98485.9 49319.1 33126.1 43441.4 60775.6 53799.9 29388.3 66279.7 19229.8 77222.7 18611.8 76228.2 56716 17679 101787 130016 98943.7
 194899 21641.8 15462.8 34747.2 37221.2 73287 75073.4 87740.2 41912.9 21395.9 45321.6 58238.9 54364 131459 52661.9 59809.5 277837 46904.1 28699.1 59040.9
 139596 86098.4 25122.6 14250.9 54366.7 36755.6 87806 69608.4 51445.3 60522.4 62228.9 96536.4 50301.9 182365 37698 27809.7 30024.2 43297.1 59611 32645.6
 38464.3 142503 45024.6 11888.1 30497.2 86570.6 107892 183410 53676.8 20920 18217.3 50281.9 52754.4 29715.5 7007.5 23349.3 44809 7273.92 45466 51687.6
 66351.1 46198.7 57857.2 24735.4 137089 15569.4 57210.8 201186 70809.6 28004 52633.6 114563 38928.1 101255 51800.8 42752 48545.5 28260.6 120816 92240.5
 204120 22645.7 11168.5 21531.8 63265.5 35861.7 46430.6 59475.5 56327.1 422971 32032.7 9766.14 13537.6 41234.7 18289.5 47260 27438 107213 46811.6 269845
 59303.3 68098.8 61084.6 53107.3 45166.9 34219.6 86519.9 101397 48392.2 19184.1 58180.8 85469 74024 95715.9 37992 32185.8 9961.84 94270.6 52240.7 90727.5
 66491.5 47059.9 42820.8 69722.2 55598 74143.2 65618.3 26157.6 89335.8 43049.6 69649.6 161314 42864.9 97180.3 73018.5 103896 76975.7 10334.4 40851.7 123257
 70206.8 42758.9 84501.9 155164 76525.3 23222.5 55799.8 47889.7 32050 91739.1 90199.6 44878.1 118853 35304.7 67544.8 30603.4 77728.6 34135.2 64458.1 26628.4
 15503.6 86437 96610.7 49981.6 22440.7 35160.1 25240.1 121634 72483.8 74973.3 57697.8 33122.5 40530.2 92507.4 76608.8 67004 47950 52876.5 115752 62923.6
 80981.3 14070 73101.4 39584.9 96610.2 98312.3 34872.7 30491.5 29369.6 52408.6 26921.3 87892.5 37590 83595.7 97066.9 56805.7 39907 42398.2 93556.7 51059.6
 41446 196819 45178.4 42304.2 74317.1 69611.2 38178.6 63470.5 15867.9 243778 70441.1 12958.8 40835.1 85096.6 141507 38836.9 101029 33535.7 76865.8 117858
 68893.1 112775 91871 109626 45493 14447.1 65703.6 36849.1 48786 168023 104895 18765.1 30681 119881 13377.6 46101.2 35052.6 130585 159648 26526.1
 41525.6 85687.9 13255.5 63020.4 63803.1 53241.2 74689.4 98317.1 112237 101064 47927.7 54309.1 21415.6 85018.1 34264.4 35282.7 55724.3 221131 40629.5 25135.3
 40725.1 41038 29371.2 59130.1 76328.6 47861.7 104235 136866 149243 39539.7 26835.7 36270.3 55912.8 53371.6 39085.1 80340.4 60391.6 86066.1 49970.8 180192
 53017 65267.4 109277 35555.4 106550 110128 77792.2 133960 25862 75090.6 22961 75267.5 114687 78753 64315 30971.2 17908.5 77116.5 68224.9 48250.2
 78385 35153.8 29768 172795 99006.3 97171.9 7710.29 65263.8 16485.4 178857 16767.9 26078 54175.7 76756.6 14561.7 41071.5 25338.5 131321 34319.4 162224
 51334.1 62160.4 96412.3 55826.3 60283 49834.5 26034.2 17361 255902 134724 74412.8 38736.4 33443.5 33416.1 128427 38569.7 65050.3 76183.5 58991.1 103481
 34971.6 55422.2 48744.9 181497 31527.1 52983.9 44124 115324 74150.4 54131.2 35905.7 72059.6 52249.5 68036.8 52247 48509.8 37269.7 58112.7 101951 57442.5
 113931 46730.6 78700.2 14559.4 42864.4 138069 61562.9 48506.1 20503.6 79654.5 13908.1 35791.8 82376.8 66599.6 30283 25658.7 82572.6 125096 95554 76292.8
 38718.1 44536.3 52169.6 19229.8 56316.5 21769.8 199159 22697 70772.2 82915.8 81950.1 43358.2 146830 65123.2 29791.4 28630.6 68249.3 29305 43792.1 115920
 38716.1 28630.4 32538.5 133169 35635.6 84886.6 35940.5 157038 82566.6 66026.1 53878.6 56694.3 28878.2 20689.2 21800.7 32843 49592.4 43684.3 74279.2 60548.3
 173225 64787.7 25206.5 78608.8 120325 64955.5 43357.8 26092.2 53343.8 58510.4 22446.9 13555.3 80008.1 21817.8 231031 110579 33938.6 23884.9 75641.5 28062.8
 47730.8 42551.2 78963.1 31536.2 22953.7 92571.9 241011 89274.9 21191.4 48081.8 58780.7 35914.5 75077.9 62424.7 95929 28889.3 41527.9 61244.3 169486 193330
 38210.4 39631.9 10533 31721.3 77612 73268.7 155708 46176.1 45673.6 20530 35969.5 77181.8 49080.3 62700.2 63948.9 26239.6 94322.7 35802.9 53138 31866.8
 80927.4 60293.5 124728 144419 33379.2 20961.6 95711.9 79092.9 23085.5 14332 140894 40632.5 84137 52249.8 56711.6 70515.7 40452.9 22642.2 61550.2 53209.8
 233183 58196.6 8339.92 8050.19 84493.7 63346.3 110514 70734.6 30146.1 36588.2 43805.2 50611.4 49427.5 33002.9 32132.3 91858.4 38483.2 29662.3 80272.2 24539
 77822.2 33246.2 36078.3 20154.2 114060 29639.5 37450.5 28569 87966.6 53556.7 38931.5 24136.9 31587.1 69235.1 84646.7 14441.3 45848.6 111418 104731 55620.7
 30401.4 62800 38825.8 87762.2 35227.8 115801 19701 56021.3 55495.9 34170.8 127659 80526.1 140979 87967.5 28543.5 34928.4 71955.7 33703.5 26102.8 117755
 43524.8 45957.4 65812.2 132153 132144 59289.6 87487.2 20160.9 45959.5 70496.1 79431.9 56537.1 65442.3 55451.4 120928 167690 60170.3 60162.5 39068.2 60737.2
 105439 75937.9 45569.9 30964.3 82549.1 64335.7 65061.8 76743.9 40738.8 58758.1 80685.2 178727 41841.5 11549.2 29580.8 21931.2 48854.6 34258.5 29644 20984.3
 26599.7 76494.5 75380.3 75945.3 37985.5 43617.6 64705.8 61145.6 27069.2 127198 53147.2 30591.1 167962 95004.8 43208.3 20003 38542.3 45242.4 56856.5 81182.7
 58918.3 92917.8 65617.7 103572 78806.8 111187 21599.8 72943.2 115402 121800 32304.1 48108 88384.1 42377.3 149053 38273.9 11692.6 29337.7 81092.5 15688.8
 73048.3 37447.1 56139.8 41470.2 32123.8 46200 66865.1 48243.5 19234.9 22230.8 60907.6 59110.1 73522.2 75983.8 26277.2 101922 39192.3 27493 47625.5 48021.1
 30295.2 87760.1 75429.4 99057.2 26955.5 52598.2 53115.2 116904 72756.3 40764.6 66701.1 68019 198903 23857.3 25893.9 107083 98695.3 59791.3 45161.5 25984.1
 32064.8 43721.6 56834.9 36669.5 41235.2 123399 110584 87518.2 10097.9 17364 34837.8 56381.3 166753 178371 93514.1 8204.48 22909.5 76555.9 47079 45119.7
 168007 78133.1 37755.4 124669 70080.3 149154 37595.7 25560 41309.5 31769.8 89553.4 51898 97612.1 127110 252880 41881.1 13391.5 11648.5 40014.7 27827.1
 135328 206947 47473.5 16802.5 122529 16193.1 59755.3 76547 40762.7 78361.6 86545.4 40010.9 19361.6 24575.4 56499 45511.3 224934 61521.6 20843.8 91867.6
 77082.7 118063 64288.8 31966.4 33377.8 31685.1 88025.5 68637.5 27913.7 164783 62820.3 104371 127866 44926.4 121567 47709.9 31914.9 27864.9 64230.3 43003.7
 19255.5 38770.9 53385.8 99206.3 81755.7 127747 127324 99918.8 70909.7 13899.3 84408.8 109941 85632.1 110926 22012 36530.2 50766.1 42387.7 24028.9 111122
 37925.2 66769.9 203944 28203.7 30735.9 26098.9 37233.7 99135.4 105188 37991.6 22903.4 31500.3 24857.9 134927 52672 35418.7 68100.3 43300.3 47793.9 42044.8
 29745.9 76818.6 48941.4 63913 146532 80467.4 34791.8 64514.4 109981 71719.7 76711.8 69994.2 25964.2 14360.8 66406.9 24704.6 54144.2 48077.3 42199.4 48640.2
 84849.2 34137.2 124927 58811.7 108471 165973 58404.9 20168.9 62185.1 104648 34411 40046.5 61370.7 120457 85999.4 63537.7 37891.7 26967.7 100886 121692
 38788.6 140734 45130.3 17517.3 23799.8 63386.3 31835.6 37313.4 25653.2 23053.8 98559.4 44585.2 62621.4 65971.8 44936.2 51707.8 52280.7 110940 64191.1 71491.5
 61666.1 97437.7 91248.8 86423.5 103975 16968.4 69031.5 41168.7 105635 21931.6 64638 49462.2 71733.7 103356 62325.6 125372 50852.8 57776.8 67239.6 86509.4
 79671.1 46241 28346.6 79551.7 92043.5 37467.6 29592.5 38949.9 44838.7 69379.8 29622.4 27954.6 24529 70836.4 34730 89674.8 106059 148834 99684.4 36311.4
 40020.6 57750.1 114498 70337.7 10958 26216.5 95848.3 47011.6 65864.8 305746 120017 36653.5 30971.1 29884.1 32349.3 251013 62340.1 14128.4 21623.4 43036
 59639.9 48770.5 32052.4 114985 114339 50586.2 204294 58804.9 61605.5 112345 45889.6 45766.5 41050.5 129845 66478.4 77597.1 28785.5 101735 121792 88808.9
 56341.3 41821.1 84188.4 57806.4 111821 63999.1 117045 38196 32041.6 99816.5 106900 44854.2 58090.9 58856.1 61737.9 23713.6 62905.1 74788 26783.8 196219
 126240 100035 75851.8 35663.3 45106.2 58747 38502.4 41557.7 66462.6 74801.3 23273 23936.6 23421 87176.3 15488.5 59566.2 52652.9 187101 35298.1 26852.4
 89985.2 22982.5 36957.5 26713.9 77553.9 43104.6 49035.2 40832.3 191325 22217.7 51754.9 112932 105536 131777 46320.2 66614.4 27003.2 83658.3 63999.8 72914.9
 57860.5 110531 68196.4 18751.4 33880 13662.4 37263.3 52807.3 23260.2 29024.6 32229.3 105782 131653 38893.6 43647.1 27490.1 26316 32187.4 56357.6 54806.1
 52608.7 56259.4 230289 119874 26705.5 23782.5 32063.3 79549.8 167013 62606.5 8221.17 46691.1 51400.6 84108.6 90806.2 61316.5 27647.5 29646.8 54817 40570.1
 70847.9 77151.7 36615.2 90794.7 60818.2 68889.5 184452 41532.5 20866.6 38228.2 90949.6 69530.1 60258 54980.1 29376 33874.4 140793 59099.1 45834.6 32195.7
 43878.7 207552 37107.3 44559.3 39128.8 108845 38275.2 132445 62711.8 28369.7 31099.2 167738 72847.9 43575.8 45532.4 34355.6 30177.9 25577.8 45474.4 11003.1
 45189.3 30609 33876.4 55324 113117 59015.7 85898.1 299092 44955.3 32480.3 24426.8 93617 23557.1 29902.9 77402.4 77175.6 16378.5 86913.5 108788 73878.5
 62860.3 71910.5 51250.2 52253.6 20616.4 33098.2 31373.4 124015 51026.4 25140.8 44389.1 26420.5 84209.4 47628.4 76443.4 141731 63459.6 74107.2 82954.1 88314
