 0.944792 0.861684 1.47238 0.310176 0.0541499 0.514747 0.326516 0.65191 0.733218 0.541913 1.00794 0.881211 1.38831 2.7437 3.18482 1.36385 1.00505 0.685897 0.559516 0.574231 0.273918 0.326136 0.386558 0.385378
 0.944792 0.861684 1.47238 0.310176 0.0541499 0.514747 0.326516 0.65191 0.733218 0.541913 1.00794 0.881211 1.38831 2.7437 3.18482 1.36385 1.00505 0.685897 0.559516 0.574231 0.273918 0.326136 0.386558 0.385378
 0.944792 0.861684 1.47238 0.310176 0.0541499 0.514747 0.326516 0.65191 0.733218 0.541913 1.00794 0.881211 1.38831 2.7437 3.18482 1.36385 1.00505 0.685897 0.559516 0.574231 0.273918 0.326136 0.386558 0.385378
 0.944792 0.861684 1.47238 0.310176 0.0541499 0.514747 0.326516 0.65191 0.733218 0.541913 1.00794 0.881211 1.38831 2.7437 3.18482 1.36385 1.00505 0.685897 0.559516 0.574231 0.273918 0.326136 0.386558 0.385378
 0.944792 0.861684 1.47238 0.310176 0.0541499 0.514747 0.326516 0.65191 0.733218 0.541913 1.00794 0.881211 1.38831 2.7437 3.18482 1.36385 1.00505 0.685897 0.559516 0.574231 0.273918 0.326136 0.386558 0.385378
 0.990768 0.892012 1.53033 0.325138 0.0555385 0.507464 0.325752 0.668121 0.757617 0.55003 1.01485 0.894014 1.39712 2.75369 3.22867 1.34934 1.00971 0.684912 0.562232 0.58605 0.280881 0.333204 0.395672 0.393986
 1.03269 0.931784 1.56351 0.341679 0.0587187 0.526865 0.332967 0.681086 0.77075 0.56322 1.02867 0.898225 1.38969 2.70388 3.29922 1.38563 1.05741 0.722798 0.59767 0.608087 0.290859 0.339522 0.399371 0.398818
 1.05216 0.969745 1.61706 0.339809 0.0585461 0.534235 0.337987 0.690244 0.761677 0.555231 1.01561 0.880007 1.34705 2.68611 3.15224 1.34286 1.01368 0.699522 0.59198 0.608835 0.290773 0.340359 0.403979 0.389583
 1.05734 0.995992 1.61933 0.336069 0.057698 0.522493 0.325217 0.656695 0.740101 0.548491 0.991741 0.85544 1.31147 2.59015 3.03793 1.31178 0.995526 0.684868 0.579726 0.603162 0.285321 0.336957 0.399609 0.38742
 1.05687 0.994217 1.61302 0.334372 0.0575049 0.522325 0.325142 0.656431 0.741496 0.549096 0.990223 0.854571 1.31206 2.59631 3.04508 1.30951 0.996643 0.686551 0.579853 0.602694 0.285029 0.335448 0.398683 0.387186
 1.06238 0.99653 1.61938 0.337035 0.0579572 0.522642 0.325785 0.656597 0.735342 0.545932 0.992044 0.859005 1.32046 2.60583 3.0353 1.30925 0.999838 0.688017 0.57953 0.60046 0.283287 0.33304 0.397344 0.389675
 1.05272 0.988406 1.61911 0.341026 0.0584532 0.52542 0.327295 0.65568 0.736247 0.547792 0.991993 0.854198 1.3137 2.59372 3.00043 1.31047 1.0026 0.690904 0.582885 0.602823 0.283167 0.332763 0.396772 0.386374
 1.05272 0.988406 1.61911 0.341026 0.0584532 0.52542 0.327295 0.65568 0.736247 0.547792 0.991993 0.854198 1.3137 2.59372 3.00043 1.31047 1.0026 0.690904 0.582885 0.602823 0.283167 0.332763 0.396772 0.386374
 1.05705 0.990633 1.62511 0.342858 0.0586326 0.526146 0.327433 0.656823 0.738707 0.548896 0.992678 0.854707 1.31523 2.59007 2.98482 1.31072 1.0032 0.691583 0.583456 0.601961 0.282812 0.331931 0.395423 0.385608
 1.06125 0.993776 1.63037 0.34439 0.0588517 0.526952 0.327487 0.657413 0.739627 0.550048 0.99528 0.857151 1.3184 2.5948 2.99352 1.31382 1.00558 0.692981 0.583832 0.602585 0.2833 0.332273 0.396101 0.385856
 1.05801 0.991866 1.63246 0.344854 0.0588636 0.52629 0.326978 0.656534 0.73766 0.549311 0.994638 0.85728 1.31907 2.59303 2.99603 1.31554 1.00474 0.691487 0.582779 0.601684 0.283076 0.332302 0.396022 0.385578
 1.05342 0.987798 1.62195 0.342751 0.0586451 0.524981 0.327033 0.65489 0.73413 0.547021 0.991307 0.855021 1.31754 2.58715 2.97409 1.30993 0.999322 0.688857 0.581565 0.599543 0.281493 0.330704 0.394093 0.383553
 1.04877 0.978945 1.61454 0.341661 0.0585984 0.526034 0.328234 0.655403 0.734216 0.546783 0.992552 0.859185 1.32215 2.59063 2.98263 1.30622 0.998028 0.689717 0.582843 0.599682 0.281382 0.330814 0.394061 0.383317
 1.04656 0.977543 1.61153 0.341361 0.058695 0.526495 0.328742 0.657198 0.738943 0.549908 0.997784 0.863696 1.32947 2.59977 2.9894 1.30843 1.00124 0.69243 0.58485 0.601436 0.281917 0.331087 0.394646 0.384682
 1.04727 0.978758 1.61161 0.341011 0.0587269 0.527352 0.329791 0.658355 0.738559 0.54891 0.997261 0.863392 1.32837 2.59868 2.98841 1.30654 0.999689 0.692132 0.58554 0.601137 0.281734 0.331282 0.394531 0.383927
 1.04683 0.977815 1.60896 0.340177 0.0585965 0.528195 0.33001 0.657959 0.737064 0.548383 0.997548 0.862668 1.3267 2.59531 2.99067 1.3095 1.00179 0.692099 0.584219 0.599355 0.281324 0.330949 0.394604 0.383968
 1.05012 0.979065 1.6127 0.34115 0.0585763 0.527421 0.330482 0.660528 0.738099 0.54854 0.995005 0.860663 1.32462 2.59075 2.98746 1.3119 1.00038 0.691075 0.584459 0.598883 0.280617 0.330371 0.394276 0.383307
 1.05295 0.981728 1.61461 0.341198 0.0585507 0.528013 0.330519 0.660813 0.73598 0.548454 0.995863 0.862654 1.32757 2.59582 2.98841 1.31079 1.00241 0.691451 0.583582 0.597949 0.280739 0.330727 0.395243 0.384231
 1.0467 0.97796 1.61289 0.341036 0.0585275 0.528236 0.331128 0.661932 0.736263 0.549022 0.996312 0.862166 1.32715 2.60178 2.99541 1.31383 1.00334 0.692632 0.58453 0.59868 0.281541 0.331583 0.395296 0.384384
 1.04675 0.976994 1.60537 0.339619 0.0583306 0.527094 0.330471 0.661582 0.737003 0.549264 0.996914 0.863151 1.32821 2.60172 2.99033 1.31194 1.0025 0.69288 0.584406 0.598398 0.281644 0.331697 0.395574 0.384889
 1.04566 0.976827 1.60679 0.33982 0.058343 0.527639 0.330508 0.660841 0.736448 0.548708 0.996812 0.863074 1.32867 2.60236 2.9917 1.31308 1.00214 0.692581 0.584308 0.598711 0.281913 0.331921 0.395987 0.385133
 1.04525 0.976695 1.60437 0.339588 0.0583013 0.527003 0.330041 0.659957 0.736272 0.548533 0.99619 0.862463 1.32776 2.60094 2.99181 1.31161 1.00142 0.692109 0.58363 0.598044 0.281669 0.331537 0.395771 0.384592
 1.04755 0.977082 1.60346 0.339661 0.0583205 0.527193 0.330351 0.660824 0.737299 0.549106 0.997202 0.863196 1.32881 2.60091 2.9929 1.31237 1.00207 0.692447 0.58371 0.598328 0.281804 0.331556 0.395736 0.384508
 1.05195 0.981339 1.60771 0.340378 0.0584892 0.529067 0.331557 0.662758 0.739581 0.550913 0.999662 0.864881 1.3308 2.6054 2.99922 1.31528 1.00465 0.69445 0.584708 0.598985 0.282061 0.331858 0.396277 0.385384
 1.04853 0.978143 1.60385 0.339391 0.0583433 0.528618 0.331262 0.6622 0.739513 0.550633 0.99898 0.864931 1.33172 2.60716 2.99953 1.3146 1.00288 0.693186 0.584141 0.598031 0.281956 0.331817 0.396395 0.385259
 1.04669 0.975619 1.59628 0.338072 0.058219 0.527687 0.330774 0.660207 0.736898 0.549204 0.996662 0.86293 1.32877 2.60255 2.99446 1.31126 0.999746 0.691016 0.582443 0.596724 0.281516 0.331129 0.395289 0.3842
 1.04313 0.972715 1.59185 0.337294 0.0581282 0.526791 0.330126 0.659062 0.736159 0.548659 0.995893 0.863211 1.3284 2.59898 2.99278 1.31084 0.999337 0.690283 0.582219 0.596375 0.281234 0.331119 0.395142 0.383732
 1.04491 0.974747 1.59309 0.337791 0.0581941 0.52654 0.329823 0.658824 0.736668 0.549103 0.997116 0.864376 1.32951 2.60061 2.99763 1.31305 1.00036 0.691498 0.582498 0.596345 0.281444 0.331463 0.395551 0.384405
 1.04429 0.974891 1.59569 0.338334 0.0582422 0.526605 0.329624 0.658355 0.736439 0.549156 0.99702 0.864199 1.33023 2.60152 2.99801 1.3144 1.00106 0.692191 0.582636 0.596014 0.281236 0.331389 0.395509 0.385
 1.04955 0.979246 1.59994 0.338549 0.0582717 0.526919 0.329547 0.657093 0.735691 0.548907 0.996121 0.862813 1.32748 2.59727 3.00169 1.31412 1.00036 0.692045 0.582932 0.595761 0.28125 0.331025 0.395517 0.385129
 1.04726 0.973011 1.57326 0.329818 0.0568956 0.514139 0.320544 0.637856 0.710226 0.528794 0.960586 0.845422 1.31927 2.56563 2.97965 1.27562 0.943081 0.658349 0.568072 0.570034 0.265606 0.313055 0.372855 0.365675
 1.04917 0.977446 1.59171 0.336337 0.0579408 0.524069 0.327391 0.651276 0.726944 0.542382 0.986578 0.858646 1.32668 2.59181 2.99837 1.30508 0.984789 0.681833 0.577659 0.58822 0.276986 0.32628 0.389965 0.379828
 1.04923 0.976824 1.58829 0.335289 0.0578753 0.523988 0.327682 0.652223 0.727771 0.542825 0.987649 0.860504 1.32842 2.59082 2.99558 1.30319 0.984244 0.682158 0.57745 0.587651 0.276741 0.32616 0.389908 0.37984
 1.05052 0.976529 1.58615 0.334711 0.0577867 0.522767 0.327007 0.65175 0.728748 0.543658 0.986943 0.858958 1.3244 2.58379 2.99278 1.3032 0.984964 0.683528 0.578213 0.587709 0.276681 0.32621 0.389842 0.379445
 1.05192 0.975536 1.58323 0.334229 0.0576656 0.521495 0.326136 0.649887 0.726885 0.542826 0.985286 0.856891 1.32129 2.57667 2.98775 1.30133 0.982885 0.682545 0.577594 0.587432 0.276783 0.326087 0.389225 0.379192
 1.05251 0.974081 1.58181 0.333761 0.0576466 0.521776 0.326527 0.650807 0.727501 0.542678 0.985001 0.856501 1.32057 2.57296 2.98546 1.30183 0.982939 0.682337 0.576945 0.586907 0.276656 0.32601 0.389506 0.379407
 1.05378 0.975325 1.58357 0.33428 0.0578329 0.523916 0.327816 0.653364 0.730285 0.544139 0.987642 0.858603 1.32262 2.57756 2.99018 1.30379 0.985606 0.683671 0.577877 0.588073 0.277193 0.326612 0.390547 0.379531
 1.05325 0.973179 1.58093 0.333966 0.057826 0.524529 0.328317 0.653555 0.730531 0.544648 0.98786 0.857952 1.32215 2.57661 2.99169 1.30518 0.985987 0.68389 0.577461 0.58757 0.276852 0.32613 0.389957 0.379781
 1.04955 0.971812 1.58021 0.333719 0.0577764 0.524392 0.328325 0.653407 0.730955 0.544811 0.986815 0.857132 1.32016 2.57293 2.98819 1.30431 0.985266 0.682759 0.576841 0.586817 0.27636 0.325463 0.389105 0.378514
 1.0523 0.974703 1.58722 0.335839 0.0580187 0.526062 0.329624 0.656034 0.733919 0.546648 0.988788 0.858352 1.32319 2.57846 2.99165 1.30603 0.985609 0.683294 0.578019 0.588729 0.277041 0.325881 0.389848 0.37885
 1.0538 0.975311 1.5873 0.336311 0.0580396 0.52645 0.329901 0.656038 0.734034 0.547119 0.989956 0.859708 1.32548 2.58216 2.99436 1.3075 0.985955 0.683444 0.578679 0.589793 0.277256 0.326011 0.389751 0.379341
 1.05181 0.973413 1.58299 0.335269 0.0578881 0.524704 0.329215 0.654836 0.733243 0.546958 0.989843 0.859366 1.32499 2.57821 2.98432 1.30389 0.983408 0.681554 0.577715 0.589173 0.27705 0.325767 0.38874 0.378203
 1.05396 0.972575 1.58231 0.335118 0.0578665 0.524724 0.329108 0.654779 0.73381 0.547344 0.990604 0.859395 1.32583 2.58207 2.98099 1.30313 0.982241 0.681488 0.578272 0.590174 0.277357 0.326183 0.389069 0.379308
 1.05669 0.975576 1.58849 0.336233 0.0579507 0.524542 0.328841 0.653906 0.733161 0.546969 0.989468 0.857928 1.32475 2.58334 2.97886 1.3033 0.982891 0.681824 0.578172 0.590623 0.277557 0.326284 0.389029 0.379493
 1.05514 0.976459 1.59011 0.336014 0.0578496 0.523343 0.328261 0.652343 0.73079 0.545891 0.988706 0.857254 1.32358 2.58311 2.98015 1.30506 0.983556 0.682003 0.577959 0.590921 0.277533 0.326121 0.389046 0.379888
 1.06052 0.979328 1.59494 0.337283 0.0578574 0.522985 0.328 0.651881 0.730445 0.545754 0.987986 0.856152 1.32182 2.57823 2.97636 1.30622 0.984214 0.682133 0.577458 0.590136 0.277177 0.325727 0.388612 0.379835
 1.06208 0.980425 1.5946 0.337645 0.0580173 0.524723 0.328804 0.652775 0.730853 0.54632 0.989455 0.857698 1.3234 2.58092 2.98038 1.31025 0.985935 0.68258 0.578089 0.59152 0.277825 0.326297 0.389326 0.380572
 1.06389 0.982667 1.59741 0.338157 0.0580781 0.525566 0.329127 0.653631 0.732083 0.547188 0.989864 0.857639 1.32449 2.5834 2.97823 1.31079 0.98755 0.683184 0.578336 0.591601 0.278124 0.32652 0.38918 0.380613
 1.06454 0.983275 1.60027 0.33857 0.0580838 0.525646 0.329181 0.653744 0.731611 0.546905 0.989733 0.858281 1.32521 2.58152 2.97985 1.31402 0.989266 0.684119 0.579548 0.592748 0.27864 0.326744 0.389413 0.380667
 1.06346 0.981373 1.59868 0.338049 0.0579014 0.524267 0.328327 0.652254 0.730246 0.546172 0.989044 0.857665 1.32416 2.57705 2.97327 1.31368 0.987971 0.683373 0.579171 0.592251 0.278302 0.326404 0.389347 0.380374
 1.06094 0.980228 1.60155 0.338053 0.0578534 0.523407 0.32732 0.650534 0.729089 0.545132 0.987795 0.856748 1.32318 2.57587 2.97375 1.31138 0.986887 0.682757 0.578963 0.591345 0.277568 0.325744 0.388507 0.379412
 1.05955 0.980577 1.60274 0.338107 0.0577411 0.522423 0.326744 0.649077 0.727103 0.544176 0.987325 0.856576 1.32236 2.57038 2.97267 1.31012 0.986523 0.683061 0.579469 0.591545 0.277505 0.325334 0.387795 0.378602
 1.06313 0.981871 1.60344 0.338276 0.0577259 0.522058 0.326161 0.648469 0.726879 0.543553 0.987165 0.857308 1.32272 2.56904 2.97059 1.30945 0.985363 0.68291 0.579389 0.591004 0.277264 0.325113 0.387583 0.378451
 1.06119 0.981483 1.60591 0.338363 0.0576372 0.521559 0.325838 0.648063 0.726077 0.543228 0.986786 0.85676 1.32161 2.56486 2.96717 1.30782 0.985548 0.682708 0.579729 0.591351 0.277381 0.325105 0.387761 0.378732
 1.0616 0.982342 1.60444 0.337445 0.0576641 0.522059 0.325859 0.648604 0.727321 0.543587 0.986615 0.855999 1.32052 2.56355 2.9679 1.30868 0.987476 0.683923 0.580466 0.591494 0.276968 0.324874 0.387802 0.378696
 1.06212 0.984426 1.60598 0.337302 0.0576584 0.522516 0.326133 0.648986 0.72787 0.544057 0.9869 0.856194 1.32109 2.56752 2.97806 1.30938 0.988575 0.684456 0.580622 0.591241 0.277036 0.32484 0.388153 0.378938
 1.05902 0.983872 1.60755 0.337875 0.0576982 0.522263 0.325901 0.647725 0.727046 0.544434 0.98739 0.855466 1.31973 2.56306 2.98057 1.3096 0.986516 0.683121 0.579176 0.589207 0.276203 0.3244 0.387739 0.377887
 1.05775 0.981972 1.60259 0.33696 0.0577043 0.523005 0.326452 0.648408 0.727849 0.545527 0.98868 0.856344 1.32252 2.57099 2.98921 1.3115 0.989253 0.685996 0.581282 0.591666 0.276795 0.325002 0.388771 0.379362
 1.06029 0.984191 1.59945 0.336112 0.0576612 0.523225 0.326507 0.648815 0.728497 0.544902 0.986856 0.854198 1.3193 2.56793 2.99172 1.31065 0.98855 0.685646 0.58067 0.590861 0.276683 0.324781 0.388449 0.379116
 1.06194 0.986694 1.60012 0.335892 0.0575971 0.522623 0.325864 0.64635 0.725458 0.542966 0.984403 0.852331 1.31853 2.56658 2.98758 1.30992 0.987832 0.684372 0.579903 0.589537 0.276168 0.324529 0.38823 0.378395
 1.06319 0.988136 1.60112 0.335566 0.0575797 0.522682 0.32619 0.646961 0.726672 0.543629 0.985947 0.853564 1.31936 2.56453 2.98768 1.3105 0.989337 0.685641 0.581265 0.590336 0.276475 0.324615 0.388039 0.378432
 1.06014 0.983539 1.59097 0.333949 0.0575092 0.523041 0.326637 0.647652 0.72699 0.543524 0.986177 0.853905 1.31892 2.56551 2.98392 1.30764 0.989072 0.685846 0.581485 0.590405 0.276452 0.324624 0.38807 0.378111
 1.0651 0.985661 1.59223 0.334296 0.0575442 0.522942 0.326523 0.646864 0.726071 0.542881 0.986238 0.853918 1.31924 2.56495 2.98404 1.30755 0.989187 0.685818 0.580543 0.589065 0.275756 0.323978 0.387867 0.378326
 1.06402 0.98569 1.59312 0.334608 0.0576132 0.522396 0.325954 0.646579 0.726303 0.542242 0.984313 0.852486 1.31734 2.5625 2.98193 1.30575 0.989062 0.68658 0.581191 0.589624 0.275717 0.323935 0.387987 0.378008
 1.06391 0.984706 1.59491 0.335222 0.0576667 0.523138 0.326639 0.648147 0.726516 0.541629 0.982737 0.851542 1.31707 2.55984 2.98168 1.30435 0.988847 0.686551 0.580811 0.5896 0.275565 0.323914 0.387688 0.377558
 1.06218 0.98351 1.59178 0.334487 0.0575953 0.52291 0.326636 0.647888 0.725916 0.541514 0.982357 0.851458 1.31687 2.56048 2.98256 1.30728 0.989232 0.686297 0.580628 0.589643 0.275635 0.323967 0.387468 0.377001
 1.06263 0.985698 1.59992 0.335756 0.0576466 0.522822 0.326434 0.648355 0.726213 0.541173 0.982114 0.852335 1.31809 2.5611 2.98284 1.30708 0.988532 0.685607 0.579837 0.588771 0.275326 0.323795 0.387419 0.376911
 1.06002 0.983015 1.59948 0.335716 0.0576045 0.522182 0.326018 0.64827 0.72672 0.541286 0.982308 0.852886 1.318 2.55918 2.98034 1.30715 0.988447 0.685079 0.579559 0.588683 0.275426 0.323778 0.387204 0.376968
 1.05788 0.979595 1.59838 0.335542 0.057476 0.521225 0.325818 0.648014 0.726994 0.541807 0.982264 0.852328 1.31591 2.55511 2.97918 1.30859 0.988019 0.684209 0.578916 0.587999 0.274937 0.322901 0.385834 0.375902
 1.05592 0.977346 1.59479 0.334885 0.057448 0.521487 0.326117 0.648412 0.726664 0.54136 0.982165 0.853255 1.31705 2.55572 2.98187 1.31053 0.988702 0.684906 0.579796 0.588624 0.275258 0.323182 0.386001 0.376166
 1.05567 0.977032 1.59047 0.334068 0.0574256 0.522039 0.326419 0.648889 0.728478 0.542403 0.982563 0.853351 1.31801 2.55856 2.98538 1.31239 0.98977 0.685415 0.579629 0.589093 0.275445 0.323014 0.385776 0.376345
 1.05929 0.978834 1.5912 0.334234 0.0574714 0.522447 0.326704 0.649353 0.728974 0.542718 0.983313 0.854202 1.31907 2.56238 2.98709 1.3124 0.991141 0.687049 0.580469 0.59005 0.275604 0.32296 0.385892 0.376702
 1.05748 0.97709 1.58762 0.33337 0.0573259 0.52151 0.326372 0.648651 0.727395 0.54148 0.982411 0.853966 1.31883 2.55956 2.98341 1.31171 0.990871 0.686483 0.580189 0.589655 0.275508 0.322815 0.385563 0.376314
 1.0526 0.972074 1.57906 0.331625 0.0572058 0.52181 0.326593 0.64811 0.727038 0.541132 0.981767 0.854212 1.31958 2.56022 2.98112 1.31028 0.989223 0.684926 0.578798 0.588635 0.274952 0.322237 0.38512 0.376346
 1.05507 0.974014 1.57861 0.330798 0.0570464 0.520828 0.326211 0.647813 0.726748 0.541373 0.983323 0.855361 1.32045 2.55996 2.98543 1.31059 0.989258 0.684613 0.578317 0.58805 0.275045 0.322281 0.385261 0.376786
 1.05729 0.975955 1.57747 0.330655 0.0570329 0.520708 0.3263 0.64899 0.728238 0.541994 0.98382 0.855512 1.32192 2.5644 2.98784 1.31155 0.990076 0.684935 0.578885 0.588727 0.275466 0.322717 0.385698 0.377562
 1.05982 0.978028 1.58304 0.331896 0.0572121 0.522481 0.327542 0.650829 0.730039 0.542901 0.985399 0.856634 1.32421 2.56796 2.98565 1.31127 0.99043 0.685205 0.57932 0.589845 0.276194 0.323605 0.386217 0.378279
 1.05322 0.972935 1.57896 0.331729 0.0571773 0.522243 0.327372 0.649663 0.727486 0.540974 0.983473 0.85631 1.32357 2.56427 2.97969 1.30937 0.987882 0.683307 0.577688 0.588305 0.27575 0.323057 0.385851 0.378405
 1.05257 0.971698 1.57755 0.331997 0.0572662 0.522679 0.327214 0.64908 0.725449 0.539471 0.982357 0.855614 1.3219 2.5609 2.98168 1.30944 0.987385 0.68356 0.577277 0.588566 0.276032 0.323459 0.38574 0.377892
 1.0529 0.972456 1.57912 0.331504 0.0572197 0.521934 0.326378 0.648138 0.725082 0.539243 0.982945 0.856796 1.32424 2.56229 2.98055 1.30995 0.987398 0.683167 0.576986 0.588341 0.276098 0.323503 0.385752 0.378079
 1.04953 0.969526 1.57647 0.331512 0.0572716 0.523136 0.327234 0.649489 0.725383 0.539854 0.985274 0.857903 1.32473 2.56258 2.97854 1.3118 0.988842 0.684642 0.577484 0.587247 0.275944 0.323313 0.385846 0.378152
 1.05321 0.970365 1.57781 0.331581 0.0572386 0.523257 0.327066 0.64872 0.724834 0.540061 0.986852 0.86028 1.32734 2.56439 2.98174 1.31162 0.989847 0.685773 0.578412 0.587567 0.275924 0.323139 0.385257 0.378563
 1.05035 0.967824 1.57694 0.330757 0.0570878 0.522162 0.326611 0.647418 0.723925 0.539689 0.985553 0.859304 1.32544 2.5596 2.98031 1.3127 0.990001 0.68537 0.577609 0.587075 0.275694 0.3229 0.384908 0.378504
 1.04984 0.969899 1.58278 0.332215 0.0572201 0.522692 0.326788 0.647676 0.723851 0.539663 0.985765 0.859313 1.32537 2.55862 2.98479 1.31545 0.990909 0.685989 0.577541 0.586654 0.275229 0.32252 0.38481 0.378212
 1.05186 0.968612 1.58162 0.333027 0.0572844 0.523056 0.327291 0.648768 0.723453 0.538609 0.983015 0.857617 1.32489 2.55753 2.98516 1.31724 0.99264 0.686432 0.576987 0.586371 0.275444 0.322941 0.385435 0.378985
 1.05222 0.967859 1.58373 0.333345 0.0572352 0.522805 0.32711 0.648626 0.723132 0.538495 0.982264 0.857242 1.32505 2.55407 2.97958 1.31637 0.993662 0.687622 0.577749 0.586027 0.275008 0.322295 0.38414 0.377933
 1.05178 0.965772 1.58304 0.333246 0.057306 0.523804 0.327943 0.650228 0.724474 0.539236 0.983467 0.858638 1.32769 2.55426 2.98052 1.31641 0.993437 0.686995 0.57752 0.585701 0.275008 0.32242 0.384265 0.378004
 1.05068 0.964836 1.57958 0.331713 0.0571216 0.522463 0.326989 0.648418 0.722147 0.537832 0.981689 0.857583 1.32653 2.55064 2.97684 1.31251 0.991919 0.685909 0.577258 0.584885 0.274721 0.322152 0.38366 0.377643
 1.05061 0.965317 1.57434 0.33053 0.0570616 0.522336 0.32709 0.648433 0.721467 0.537618 0.981587 0.858387 1.3276 2.55115 2.9727 1.31082 0.991967 0.686504 0.577488 0.584859 0.274654 0.321765 0.382909 0.377131
 1.05475 0.966646 1.57617 0.330335 0.0569697 0.521714 0.326694 0.647579 0.719803 0.536095 0.979353 0.856553 1.3262 2.54717 2.96863 1.30934 0.991836 0.686194 0.576652 0.583896 0.274616 0.321824 0.382544 0.376547
 1.0551 0.965748 1.57341 0.329508 0.0568669 0.52103 0.326175 0.646719 0.720346 0.536004 0.977972 0.854996 1.32453 2.54583 2.96327 1.30518 0.989913 0.685033 0.57603 0.583221 0.274124 0.321379 0.381962 0.3761
 1.05265 0.962081 1.56399 0.327256 0.056722 0.521137 0.326273 0.646247 0.719863 0.535955 0.978431 0.856359 1.32684 2.55124 2.96735 1.30563 0.988192 0.684093 0.575986 0.583123 0.27417 0.321891 0.382708 0.376439
 1.04983 0.960491 1.56266 0.326423 0.0565579 0.519775 0.325477 0.643992 0.717349 0.534308 0.976868 0.855267 1.32494 2.54818 2.9629 1.30628 0.987855 0.683951 0.576169 0.582495 0.27355 0.321533 0.382851 0.376747
 1.04953 0.960362 1.56334 0.326485 0.0565903 0.520638 0.32578 0.644095 0.717766 0.534648 0.977151 0.855725 1.32649 2.55211 2.96604 1.30505 0.985861 0.683104 0.575721 0.582898 0.273567 0.321555 0.383321 0.377279
 1.04976 0.961852 1.56332 0.326405 0.0565987 0.520649 0.325947 0.644067 0.716947 0.533957 0.976806 0.856565 1.32888 2.55205 2.9651 1.30626 0.987628 0.683384 0.575336 0.581704 0.273307 0.321347 0.383647 0.377815
 1.05022 0.96262 1.56597 0.326769 0.0566011 0.520012 0.32577 0.644028 0.716597 0.53368 0.976121 0.855204 1.32555 2.54637 2.96002 1.3049 0.986189 0.682921 0.574911 0.580885 0.273086 0.321046 0.383695 0.378396
 1.04853 0.962992 1.56608 0.327001 0.0566148 0.520549 0.325907 0.644399 0.716726 0.533733 0.976839 0.855674 1.32531 2.55107 2.96655 1.30616 0.98711 0.683626 0.5757 0.581533 0.273302 0.321479 0.38425 0.378972
 1.05926 0.982988 1.62969 0.347507 0.0600011 0.55271 0.347995 0.688827 0.77227 0.577873 1.05757 0.895341 1.34765 2.6275 3.02167 1.39503 1.12139 0.760988 0.608135 0.640098 0.309586 0.363236 0.437146 0.423421
 1.06196 0.984532 1.6316 0.34825 0.0600796 0.552464 0.347598 0.688488 0.772025 0.577505 1.05671 0.894492 1.3469 2.62704 3.02174 1.39618 1.12154 0.760945 0.608222 0.639867 0.30907 0.362344 0.436312 0.422961
 1.05691 0.975464 1.59967 0.337847 0.0584164 0.536631 0.336295 0.665085 0.74298 0.554589 1.01503 0.874545 1.3366 2.58326 2.99024 1.34724 1.04928 0.719599 0.591165 0.607417 0.289029 0.339443 0.407493 0.398707
 1.05744 0.976895 1.60024 0.338022 0.0584612 0.537316 0.3366 0.66601 0.743581 0.554806 1.01599 0.875378 1.33869 2.58692 2.99453 1.34972 1.05151 0.721071 0.592218 0.608121 0.289389 0.339719 0.407476 0.398706
 1.05647 0.974941 1.59817 0.337892 0.0584579 0.537516 0.336943 0.666324 0.744124 0.555448 1.01677 0.876535 1.34011 2.5892 2.99519 1.34978 1.05185 0.721431 0.592253 0.607978 0.289176 0.339629 0.407795 0.398671
 1.05867 0.974945 1.60149 0.338757 0.058533 0.538681 0.337616 0.666987 0.743835 0.554114 1.01412 0.875541 1.3401 2.58907 2.99369 1.34998 1.05103 0.720695 0.592414 0.608546 0.289465 0.339597 0.408101 0.39937
 1.05633 0.971852 1.5991 0.339105 0.0586508 0.538999 0.337464 0.665884 0.741964 0.553625 1.01448 0.875983 1.34022 2.58919 2.99561 1.35023 1.05114 0.720682 0.592967 0.609409 0.290208 0.340647 0.40866 0.399975
 1.05413 0.968437 1.59262 0.337993 0.0586111 0.538026 0.336965 0.665796 0.742101 0.55274 1.01434 0.87583 1.33966 2.58761 2.99615 1.35265 1.05174 0.721253 0.592567 0.609005 0.289859 0.340275 0.40864 0.400265
 1.05435 0.969935 1.59519 0.338265 0.0586227 0.537449 0.336384 0.665226 0.742046 0.552206 1.01305 0.875363 1.3417 2.58857 2.99736 1.35253 1.05275 0.721758 0.593137 0.609805 0.290197 0.340741 0.409017 0.399614
 1.05715 0.971959 1.59831 0.339129 0.0587079 0.537797 0.336808 0.666203 0.742397 0.551876 1.01335 0.876175 1.34366 2.59127 3.00212 1.35438 1.05235 0.721296 0.593417 0.610423 0.290082 0.340729 0.408671 0.398986
 1.06309 0.975258 1.60192 0.340087 0.0587962 0.538227 0.336836 0.665976 0.74225 0.552387 1.01494 0.877625 1.34539 2.59271 2.99947 1.35312 1.05356 0.722298 0.593667 0.610419 0.289842 0.340359 0.408215 0.399021
 1.0622 0.974014 1.60032 0.339316 0.0587631 0.539368 0.337588 0.666976 0.742541 0.55241 1.01446 0.877331 1.34526 2.59335 3.00111 1.35457 1.0549 0.722402 0.593455 0.60998 0.289885 0.340298 0.407707 0.398556
 1.06253 0.97373 1.60237 0.340003 0.0589703 0.540821 0.338175 0.668236 0.743807 0.552856 1.0146 0.876666 1.34481 2.59526 3.00499 1.35512 1.05555 0.722336 0.593119 0.610639 0.290093 0.340096 0.407457 0.39892
 1.06269 0.97541 1.60107 0.339459 0.0589533 0.540357 0.338018 0.668755 0.745308 0.553928 1.01567 0.876411 1.34453 2.59676 3.00558 1.35521 1.05701 0.723051 0.593706 0.610883 0.290142 0.340445 0.406938 0.39887
 1.05402 0.968612 1.59576 0.338731 0.0587721 0.538742 0.33761 0.668418 0.744729 0.553159 1.01407 0.874949 1.34146 2.58807 2.99598 1.35208 1.05253 0.71994 0.591986 0.609722 0.289748 0.339958 0.40633 0.39812
 1.05381 0.967976 1.59509 0.338537 0.0587084 0.538182 0.337377 0.668653 0.744933 0.552521 1.0125 0.873962 1.341 2.58628 2.99198 1.35037 1.05114 0.718671 0.591462 0.610001 0.289954 0.340021 0.406686 0.398492
 1.05019 0.967949 1.59861 0.339141 0.0588091 0.539638 0.338511 0.670027 0.745375 0.553556 1.01416 0.87453 1.34097 2.58595 2.99047 1.35132 1.05256 0.719651 0.592315 0.610219 0.290504 0.340794 0.407241 0.398859
 1.0499 0.967655 1.60123 0.340424 0.0589681 0.540956 0.339667 0.672803 0.748513 0.554762 1.01559 0.875295 1.34236 2.59211 2.99878 1.35507 1.05462 0.721209 0.593708 0.611379 0.291142 0.341384 0.407355 0.398689
 1.05362 0.973806 1.60867 0.342638 0.059243 0.542195 0.340073 0.673107 0.748501 0.554853 1.01537 0.875284 1.34328 2.59847 3.00229 1.35623 1.05595 0.721292 0.593421 0.61161 0.29165 0.341878 0.407989 0.399386
 1.05143 0.967826 1.58644 0.336064 0.0581518 0.530979 0.332131 0.657086 0.727662 0.538942 0.98829 0.862445 1.33671 2.57051 2.98186 1.32332 1.0085 0.694502 0.582544 0.592527 0.279578 0.327821 0.390069 0.384369
 1.05052 0.968041 1.58425 0.335842 0.0581503 0.53104 0.332395 0.65812 0.728498 0.538916 0.988377 0.86223 1.33604 2.5677 2.97736 1.32191 1.00572 0.692708 0.581919 0.592577 0.279132 0.327611 0.39003 0.384381
 1.04881 0.968858 1.58754 0.33626 0.0581448 0.531415 0.332918 0.658563 0.728909 0.539241 0.989758 0.863746 1.33876 2.56852 2.97754 1.32203 1.00556 0.69327 0.582575 0.593519 0.279471 0.328129 0.390829 0.385246
 1.05124 0.968681 1.58473 0.335859 0.058119 0.531495 0.333242 0.658973 0.729349 0.539451 0.98988 0.863943 1.33862 2.56495 2.97496 1.32205 1.00439 0.692918 0.582626 0.593292 0.279408 0.328165 0.391445 0.386496
 1.05399 0.969477 1.58612 0.336132 0.0582146 0.532375 0.333905 0.659736 0.730098 0.539621 0.989406 0.863538 1.33755 2.56789 2.97603 1.32225 1.00426 0.692118 0.58127 0.591641 0.279016 0.327855 0.390721 0.386743
 1.05481 0.970596 1.59016 0.337082 0.0582392 0.532112 0.333488 0.658892 0.729017 0.538863 0.988459 0.86293 1.33614 2.56715 2.97686 1.32189 1.00304 0.691995 0.580857 0.590277 0.278265 0.326828 0.389504 0.385932
 1.05813 0.973041 1.59521 0.337739 0.0582867 0.532628 0.334108 0.660303 0.730312 0.539823 0.990485 0.865455 1.34024 2.57446 2.97338 1.32232 1.00429 0.693111 0.581956 0.590834 0.27865 0.327384 0.39042 0.387093
 1.05941 0.975121 1.59574 0.337102 0.0581887 0.532149 0.333364 0.658436 0.729361 0.539776 0.990528 0.865335 1.33955 2.57001 2.96702 1.31984 1.00255 0.692418 0.582225 0.590515 0.278406 0.32694 0.389414 0.386447
 1.05762 0.972377 1.59101 0.336089 0.0580869 0.53164 0.333422 0.65848 0.729385 0.539714 0.990247 0.864986 1.3395 2.5688 2.9678 1.32027 1.00337 0.692762 0.582373 0.591445 0.278818 0.326809 0.38873 0.385423
 1.05586 0.970372 1.58987 0.335432 0.0579895 0.530909 0.332704 0.657309 0.729088 0.539991 0.990879 0.864657 1.33959 2.568 2.96579 1.31892 1.00238 0.692054 0.582365 0.59115 0.278395 0.326266 0.388091 0.386191
 1.05476 0.969418 1.58544 0.334307 0.0578604 0.530666 0.332798 0.6585 0.7309 0.540544 0.991886 0.865449 1.33993 2.56758 2.96548 1.31975 1.00393 0.693662 0.584198 0.592181 0.278673 0.326493 0.387977 0.386786
 1.05763 0.97368 1.58777 0.334258 0.0579127 0.531291 0.33318 0.657858 0.730552 0.541599 0.994696 0.867973 1.34427 2.57545 2.97296 1.32179 1.00573 0.695896 0.585465 0.593066 0.27933 0.327242 0.388616 0.387336
 1.05709 0.973075 1.58872 0.334694 0.0579431 0.530677 0.332382 0.656116 0.730178 0.541692 0.994728 0.867023 1.34234 2.57741 2.97535 1.32241 1.0056 0.694973 0.584498 0.592258 0.279223 0.327293 0.388626 0.387299
 1.05276 0.967422 1.5842 0.334245 0.0579139 0.530641 0.332259 0.654971 0.728431 0.541556 0.994936 0.867331 1.34365 2.58095 2.98044 1.32414 1.0056 0.695294 0.583532 0.590983 0.278758 0.327194 0.388802 0.387146
 1.05779 0.970882 1.58733 0.334436 0.0578797 0.530059 0.332231 0.655624 0.728724 0.540833 0.993137 0.86562 1.34108 2.5786 2.97943 1.32544 1.00442 0.694304 0.582782 0.591534 0.279242 0.327583 0.388723 0.38701
 1.05611 0.968319 1.5852 0.334301 0.0578387 0.529472 0.331481 0.654023 0.72651 0.538881 0.990021 0.86371 1.33918 2.57729 2.98071 1.32426 1.00295 0.692898 0.581991 0.590467 0.278624 0.327263 0.387868 0.385959
 1.05952 0.971581 1.58975 0.33481 0.0578265 0.529235 0.330985 0.65377 0.726324 0.539197 0.990808 0.865274 1.34155 2.57936 2.98302 1.324 1.00344 0.69274 0.581769 0.590525 0.278786 0.327454 0.387709 0.385944
 1.05465 0.96731 1.58445 0.33419 0.057741 0.527983 0.330063 0.651076 0.723849 0.5381 0.989806 0.865512 1.34197 2.57327 2.98106 1.32294 1.00161 0.691915 0.581141 0.590257 0.278328 0.327009 0.388127 0.386294
 1.0544 0.966407 1.58561 0.334644 0.0578459 0.528706 0.330403 0.651736 0.724151 0.538158 0.99012 0.865973 1.34368 2.57801 2.98313 1.32465 1.00248 0.692408 0.581474 0.59043 0.27832 0.327045 0.388379 0.385604
 1.05589 0.967221 1.58346 0.333707 0.0577261 0.527997 0.330037 0.651746 0.724081 0.537554 0.989741 0.864933 1.34166 2.57671 2.98323 1.32314 1.00135 0.691124 0.580206 0.590083 0.278326 0.326651 0.388257 0.384926
 1.06071 0.967855 1.58152 0.333163 0.0576502 0.52794 0.330207 0.652453 0.723897 0.537448 0.990022 0.865361 1.34191 2.57644 2.9809 1.32183 1.0015 0.691168 0.580672 0.590392 0.278563 0.326583 0.388234 0.385049
 1.06162 0.969444 1.58485 0.334123 0.057691 0.527661 0.329775 0.652068 0.723634 0.537483 0.988584 0.863812 1.34037 2.57158 2.97836 1.32163 0.999841 0.689753 0.579829 0.589685 0.278299 0.326097 0.387884 0.384777
 1.05983 0.968642 1.57923 0.33316 0.0576508 0.527668 0.330121 0.65257 0.722948 0.536591 0.986881 0.863805 1.34231 2.57323 2.97548 1.31919 0.99699 0.687766 0.578648 0.588804 0.277906 0.325806 0.387509 0.38427
 1.0586 0.967823 1.57538 0.332594 0.0575893 0.527732 0.329809 0.651888 0.721763 0.535359 0.985332 0.861947 1.34047 2.57296 2.97687 1.31769 0.994615 0.686942 0.578018 0.588209 0.277253 0.325294 0.38765 0.384462
 1.05819 0.969442 1.57999 0.333814 0.0576579 0.5282 0.330257 0.65306 0.723259 0.536603 0.986577 0.862196 1.34052 2.57567 2.98036 1.32062 0.995709 0.688681 0.579209 0.587842 0.276762 0.325135 0.387476 0.38394
 1.05935 0.970371 1.58191 0.334364 0.0577437 0.528824 0.330577 0.653743 0.723735 0.536743 0.9873 0.862964 1.34158 2.5747 2.97883 1.32068 0.995341 0.689 0.579833 0.588452 0.276913 0.325249 0.38751 0.38346
 1.06129 0.970992 1.5822 0.334289 0.0577394 0.528747 0.330589 0.653941 0.724348 0.536788 0.985916 0.860605 1.33869 2.57083 2.97806 1.3217 0.995865 0.689644 0.579778 0.587554 0.276524 0.325074 0.387211 0.383337
 1.05588 0.966174 1.57851 0.333781 0.0576259 0.527396 0.329629 0.652058 0.722749 0.535587 0.983737 0.858861 1.33582 2.56577 2.97314 1.31785 0.992579 0.688315 0.579502 0.586809 0.275929 0.324488 0.387224 0.383302
 1.05649 0.966332 1.57717 0.333227 0.0576568 0.52777 0.329721 0.652401 0.723608 0.536455 0.984934 0.859645 1.33761 2.56911 2.97827 1.31764 0.992521 0.688475 0.579585 0.586763 0.27608 0.324632 0.387247 0.383129
 1.05496 0.965408 1.57666 0.333261 0.057715 0.528789 0.330288 0.652858 0.723526 0.535901 0.98377 0.858265 1.33593 2.56628 2.97419 1.31514 0.991081 0.687938 0.579051 0.585651 0.275442 0.324099 0.387228 0.382968
 1.054 0.964487 1.57723 0.333439 0.0577869 0.529122 0.330192 0.652835 0.723733 0.5358 0.983237 0.857696 1.33462 2.56019 2.97024 1.31316 0.989662 0.686429 0.578336 0.585464 0.275145 0.323665 0.387232 0.382569
 1.05721 0.965798 1.58413 0.334972 0.0578534 0.528905 0.329868 0.651644 0.72275 0.535819 0.982779 0.857275 1.33394 2.56099 2.9652 1.31049 0.989625 0.687197 0.578235 0.585268 0.274897 0.323416 0.386941 0.38197
 1.05076 0.961154 1.57942 0.333676 0.0576239 0.526608 0.32835 0.649059 0.720075 0.534107 0.980493 0.856078 1.33182 2.55404 2.95659 1.30669 0.987425 0.686464 0.577761 0.584578 0.274252 0.322335 0.385963 0.38146
 1.0532 0.961864 1.58217 0.334279 0.0576536 0.527055 0.328669 0.649643 0.720626 0.534364 0.981373 0.857276 1.33301 2.5551 2.95841 1.30611 0.988276 0.687402 0.57875 0.585738 0.274546 0.322499 0.386211 0.381928
 1.05185 0.96056 1.57828 0.333349 0.0575651 0.526803 0.328373 0.648766 0.720334 0.533697 0.980344 0.856345 1.33199 2.55266 2.95419 1.30344 0.985511 0.685826 0.578029 0.585383 0.274171 0.321834 0.38563 0.381469
 1.04752 0.958601 1.57609 0.333606 0.0576697 0.527675 0.328882 0.648992 0.720365 0.533693 0.981145 0.856717 1.33076 2.5482 2.95064 1.30371 0.984964 0.685237 0.577821 0.585489 0.274314 0.321641 0.385542 0.381325
 1.05012 0.959374 1.57817 0.333943 0.0576109 0.526976 0.3283 0.648253 0.71928 0.532536 0.978284 0.853897 1.32773 2.54647 2.94662 1.30112 0.982465 0.683867 0.577014 0.584735 0.273925 0.320844 0.384632 0.381371
 1.05184 0.960661 1.58025 0.333945 0.0575814 0.526833 0.328072 0.647522 0.718412 0.532003 0.977305 0.8533 1.32629 2.54433 2.93996 1.30043 0.981516 0.682807 0.576614 0.584641 0.273924 0.320739 0.384481 0.38134
 1.05488 0.964441 1.5882 0.335912 0.0578453 0.528487 0.328697 0.649312 0.720843 0.533104 0.978188 0.854394 1.3284 2.54855 2.94436 1.30204 0.984063 0.684918 0.578551 0.586549 0.27468 0.321459 0.385604 0.381984
 1.05943 0.967371 1.59297 0.336859 0.0578545 0.527872 0.328513 0.649523 0.720905 0.533574 0.978424 0.854218 1.32785 2.54717 2.94116 1.30316 0.983095 0.685213 0.5785 0.585273 0.274367 0.321529 0.385589 0.381705
 1.05788 0.964718 1.59059 0.336294 0.0578348 0.528509 0.328696 0.649923 0.721732 0.534312 0.979 0.854552 1.32784 2.54889 2.94268 1.30544 0.984359 0.685483 0.579085 0.585838 0.274479 0.321816 0.385872 0.382416
 1.06393 0.983835 1.66154 0.360205 0.0616073 0.563758 0.35322 0.701222 0.787012 0.58496 1.06896 0.896614 1.34868 2.62734 2.99853 1.40863 1.13909 0.774319 0.616056 0.65412 0.316306 0.369366 0.446932 0.434363
 1.05414 0.964063 1.59378 0.337905 0.0580493 0.530402 0.33008 0.654454 0.727614 0.538329 0.984582 0.855312 1.32564 2.54927 2.93778 1.31419 0.9975 0.692266 0.581476 0.591458 0.278174 0.325834 0.391154 0.386966
 1.06133 0.968408 1.59713 0.3386 0.0581138 0.530982 0.330465 0.655379 0.728329 0.538937 0.985689 0.855872 1.32662 2.55368 2.93954 1.31329 0.99678 0.692229 0.581571 0.591321 0.277921 0.325488 0.39167 0.387526
 1.06211 0.96914 1.59871 0.338678 0.0580131 0.529027 0.329236 0.653454 0.726953 0.538233 0.983917 0.853771 1.32446 2.55419 2.94174 1.31289 0.997636 0.693079 0.582364 0.591025 0.27807 0.325919 0.392035 0.387261
 1.06543 0.970213 1.5987 0.338295 0.0579835 0.528847 0.32889 0.653545 0.727232 0.538546 0.985382 0.855357 1.32606 2.55397 2.94014 1.31465 0.999275 0.693918 0.58308 0.591743 0.277897 0.32577 0.391999 0.387566
 1.06678 0.97031 1.59912 0.339179 0.0580794 0.528134 0.32827 0.652428 0.725951 0.537808 0.985212 0.855433 1.32686 2.55661 2.94184 1.31747 0.999317 0.692895 0.581838 0.590892 0.277654 0.325893 0.392009 0.387284
 1.06812 0.971807 1.597 0.338594 0.0580908 0.529485 0.328987 0.653313 0.726965 0.538119 0.985625 0.856039 1.3283 2.55968 2.94811 1.3182 0.999424 0.693226 0.582396 0.591622 0.278183 0.326492 0.393143 0.388204
 1.06765 0.972929 1.5973 0.338824 0.0581147 0.530154 0.329216 0.653897 0.728024 0.539096 0.98716 0.856747 1.32917 2.56227 2.95055 1.3182 1.0004 0.693207 0.582014 0.591552 0.278558 0.326867 0.393279 0.388816
 1.06687 0.973863 1.60088 0.339218 0.0581682 0.530442 0.329596 0.654394 0.729227 0.540051 0.988269 0.858756 1.3331 2.56837 2.95605 1.31993 1.00122 0.694264 0.583722 0.593381 0.279545 0.327807 0.394365 0.389933
 1.06392 0.970631 1.59475 0.337556 0.0579526 0.528939 0.328835 0.653502 0.728649 0.539987 0.987904 0.858724 1.33312 2.56618 2.95172 1.31818 1.00109 0.694814 0.58402 0.594058 0.279543 0.327371 0.393741 0.389581
 1.06615 0.972853 1.59805 0.33806 0.0579562 0.528965 0.328952 0.65386 0.728987 0.540038 0.987353 0.85785 1.33219 2.56742 2.9519 1.31747 0.99896 0.693665 0.583657 0.593919 0.279499 0.327191 0.393569 0.389421
 1.06574 0.972733 1.60013 0.33847 0.0579253 0.528316 0.328946 0.654857 0.729762 0.540208 0.987539 0.85775 1.33335 2.56803 2.95176 1.31896 0.999187 0.694033 0.583479 0.594413 0.279988 0.327359 0.393677 0.389919
 1.06292 0.973291 1.6045 0.339759 0.0580529 0.528957 0.32953 0.655674 0.731063 0.541038 0.987892 0.857531 1.33306 2.56533 2.9546 1.31812 0.999169 0.693961 0.583314 0.59429 0.279399 0.326905 0.393741 0.390483
 1.05895 0.968095 1.60096 0.339126 0.057865 0.527305 0.328956 0.655755 0.730958 0.540766 0.987427 0.856963 1.3307 2.56175 2.95354 1.31636 0.996467 0.692912 0.582665 0.594244 0.278951 0.326424 0.393483 0.390216
 1.06497 0.971003 1.60371 0.339575 0.0579892 0.528878 0.330032 0.657768 0.733742 0.542357 0.988358 0.857992 1.33244 2.56063 2.95783 1.31679 0.997291 0.692903 0.582994 0.594971 0.27895 0.326439 0.393412 0.389893
 1.06624 0.97304 1.60223 0.338855 0.0579085 0.528831 0.329923 0.657868 0.733805 0.542198 0.989077 0.859135 1.33254 2.55905 2.95803 1.31571 0.996268 0.692765 0.583069 0.59497 0.27847 0.325923 0.392996 0.389958
 1.06907 0.974074 1.60363 0.338897 0.0579562 0.529485 0.330261 0.657169 0.732945 0.542154 0.988847 0.858454 1.33143 2.55771 2.9638 1.31842 0.996987 0.693895 0.584473 0.594995 0.278516 0.326115 0.394094 0.390934
 1.0686 0.972585 1.60126 0.338609 0.0580327 0.530755 0.330843 0.658083 0.733725 0.542356 0.990095 0.859348 1.33121 2.55686 2.96797 1.31874 0.996915 0.693983 0.584407 0.595381 0.27876 0.326374 0.394486 0.390681
 1.06874 0.972339 1.60115 0.338207 0.057988 0.530768 0.331178 0.65849 0.733326 0.542142 0.989824 0.859329 1.33135 2.55441 2.96421 1.3166 0.996844 0.694825 0.58527 0.596022 0.278851 0.326391 0.394231 0.390258
 1.0707 0.97321 1.60409 0.339011 0.0580211 0.531089 0.331193 0.658222 0.733744 0.542501 0.989677 0.859117 1.33153 2.55298 2.96002 1.317 0.997009 0.694185 0.584842 0.595987 0.278726 0.326024 0.393797 0.389816
 1.07143 0.974271 1.60807 0.340109 0.0581789 0.531999 0.331802 0.659063 0.735138 0.543638 0.991541 0.860529 1.33418 2.55961 2.96698 1.32035 1.00012 0.696014 0.585959 0.597588 0.279387 0.326738 0.394459 0.390266
 1.07333 0.976747 1.61101 0.341321 0.0583338 0.533134 0.332411 0.660222 0.737104 0.544823 0.99214 0.860973 1.33525 2.56223 2.97447 1.32406 1.00248 0.697116 0.586851 0.598578 0.279945 0.327305 0.394477 0.390725
 1.07492 0.976586 1.60669 0.340053 0.0581963 0.532068 0.331699 0.659379 0.736457 0.544515 0.991847 0.860487 1.33354 2.5553 2.97118 1.32239 1.00121 0.696946 0.586796 0.598701 0.279856 0.326833 0.393346 0.389824
 1.07318 0.976839 1.60686 0.339566 0.0581175 0.53095 0.331103 0.658838 0.735515 0.543643 0.990424 0.858313 1.33087 2.55439 2.97278 1.3211 0.997995 0.695714 0.586292 0.598139 0.27967 0.326928 0.393763 0.390877
 1.07032 0.975251 1.60408 0.338749 0.0580223 0.529966 0.330646 0.657554 0.735024 0.542981 0.988499 0.856935 1.33015 2.55041 2.96881 1.31961 0.996982 0.694915 0.58514 0.596724 0.279063 0.326444 0.392953 0.390195
 1.06469 0.970141 1.59764 0.337973 0.0579467 0.529291 0.330213 0.656772 0.734539 0.542476 0.987743 0.856304 1.32817 2.54608 2.96228 1.31718 0.995845 0.694546 0.584591 0.596505 0.278777 0.325806 0.392206 0.389029
 1.06423 0.970057 1.5967 0.337786 0.0579582 0.52993 0.330532 0.656682 0.733923 0.542153 0.98803 0.855887 1.32626 2.54718 2.95876 1.31811 0.996876 0.695666 0.585077 0.597012 0.278862 0.325638 0.392368 0.389396
 1.06377 0.971165 1.59502 0.337465 0.0580121 0.531168 0.331004 0.657379 0.735286 0.543345 0.989152 0.856299 1.32647 2.55176 2.96204 1.31921 0.9985 0.697087 0.58574 0.597931 0.279061 0.325941 0.393291 0.390168
 1.06436 0.969521 1.59012 0.336576 0.0579069 0.530088 0.330316 0.656552 0.734031 0.54225 0.987926 0.854712 1.3242 2.54733 2.95604 1.31561 0.995613 0.695048 0.58363 0.596404 0.27846 0.325644 0.393067 0.389536
 1.06556 0.96942 1.59272 0.337794 0.0579992 0.531093 0.330787 0.657782 0.734404 0.542845 0.988855 0.855364 1.32347 2.547 2.9576 1.31675 0.998593 0.697703 0.585575 0.598779 0.279329 0.326544 0.393632 0.389866
 1.06731 0.969395 1.59402 0.338211 0.0580093 0.531193 0.330454 0.657201 0.735767 0.543952 0.990038 0.856658 1.32637 2.54954 2.95998 1.31594 0.999377 0.698391 0.586178 0.599375 0.279904 0.326717 0.393941 0.390444
 1.06558 0.967715 1.59154 0.337312 0.0578492 0.529978 0.329845 0.656396 0.735072 0.543658 0.989207 0.855722 1.32546 2.5491 2.95813 1.31309 0.997736 0.696739 0.584231 0.598229 0.279744 0.326406 0.392986 0.389538
 1.06532 0.966185 1.59242 0.337924 0.0578452 0.529351 0.329571 0.655811 0.734368 0.543662 0.98878 0.855576 1.32625 2.55011 2.95658 1.31076 0.996951 0.696781 0.584224 0.598081 0.279757 0.32625 0.392455 0.388926
 1.06656 0.966812 1.59361 0.338565 0.0579325 0.529543 0.329602 0.656304 0.735002 0.544242 0.989469 0.855642 1.32503 2.55029 2.9586 1.31008 0.996256 0.696759 0.583852 0.598039 0.279809 0.326397 0.392805 0.389022
 1.0782 0.986101 1.65767 0.359654 0.0612842 0.561448 0.351645 0.700928 0.791582 0.589072 1.06952 0.89335 1.34432 2.62195 3.01272 1.39945 1.13001 0.775189 0.616709 0.658796 0.316609 0.367737 0.446303 0.434234
 1.07696 0.981913 1.63943 0.352862 0.0601538 0.550553 0.344194 0.686271 0.772897 0.574359 1.04281 0.880611 1.33708 2.59495 2.99297 1.36741 1.08135 0.747259 0.605044 0.638311 0.304094 0.353591 0.427374 0.417771
 1.07718 0.980353 1.6363 0.353213 0.0603138 0.551634 0.344549 0.6872 0.774505 0.575061 1.04379 0.88115 1.33887 2.59816 2.9959 1.36926 1.08363 0.748444 0.606616 0.640408 0.304783 0.354196 0.427852 0.417925
 1.0748 0.976467 1.62655 0.352019 0.0602835 0.551676 0.344697 0.688512 0.776171 0.575698 1.04311 0.881302 1.33922 2.59485 2.98887 1.36722 1.0848 0.748988 0.606849 0.640528 0.304887 0.354314 0.427613 0.417894
