 453761 250216 279848 276441 321478 540384 767194 936645 810882 866660 905584 641415 407333 210312 89235.1 70978.9 79513.8 105353 130491 148548 225794 278453 351369 495107
 453761 250216 279848 276441 321478 540384 767194 936645 810882 866660 905584 641415 407333 210312 89235.1 70978.9 79513.8 105353 130491 148548 225794 278453 351369 495107
 453761 250216 279848 276441 321478 540384 767194 936645 810882 866660 905584 641415 407333 210312 89235.1 70978.9 79513.8 105353 130491 148548 225794 278453 351369 495107
 453761 250216 279848 276441 321478 540384 767194 936645 810882 866660 905584 641415 407333 210312 89235.1 70978.9 79513.8 105353 130491 148548 225794 278453 351369 495107
 453761 250216 279848 276441 321478 540384 767194 936645 810882 866660 905584 641415 407333 210312 89235.1 70978.9 79513.8 105353 130491 148548 225794 278453 351369 495107
 440189 243382 272075 264647 314584 550866 768614 919143 790720 859435 901558 634770 406795 210084 88356.5 72025.5 79415.6 105863 129927 146338 220865 273403 344663 485243
 430421 235095 269536 254224 299726 536826 757474 909338 785927 847271 898588 635505 411359 215297 87480.7 71406.2 76957.4 101957 123764 142322 215395 271235 343825 484066
 423384 227213 264778 258574 301609 529897 747731 900442 799792 857236 909614 648641 422498 215820 91182.5 73272.1 80195.7 105132 125189 142131 216348 271579 340700 497444
 418666 219858 265019 260297 304656 538591 773008 940699 812103 859920 927181 660612 429305 220674 93455.7 74196.9 81154.6 106591 127192 142779 219298 273398 343110 497625
 419493 220427 266084 261722 305855 538996 773794 941775 811231 859803 929712 661090 429562 220394 93406 74424.6 81227.9 106420 127279 142970 219741 274820 344181 498288
 419478 220590 265485 260212 304072 540111 773603 942724 819017 865927 929411 659186 428174 220160 93817.6 74605.3 81186.9 106367 127489 143703 221361 277110 345955 496429
 422641 222269 264770 256648 301286 537204 770351 943948 817499 862082 928116 662427 429128 220652 94657.4 74471.2 80936.1 105895 126719 143101 221284 277061 345994 499658
 422641 222269 264770 256648 301286 537204 770351 943948 817499 862082 928116 662427 429128 220652 94657.4 74471.2 80936.1 105895 126719 143101 221284 277061 345994 499658
 421079 221700 263865 255309 300292 536365 769896 942265 814978 860235 927258 662068 428622 220815 95036.2 74398.9 80870.2 105780 126566 143220 221489 277593 347054 500481
 420511 221490 263542 254607 299668 536169 770705 942866 815055 859828 926362 661096 428348 220806 94989 74379.4 80849 105730 126672 143314 221428 277750 346964 500857
 421111 221936 263184 254275 299600 536875 771623 943741 817040 860834 926737 660964 428170 220955 94902.9 74306.8 80879.6 105923 126854 143521 221569 277672 346993 501138
 421944 222103 263997 255147 299938 537122 770364 943905 818694 862074 927654 661258 427864 220876 95222.3 74346.4 81020.5 106033 126795 143580 222147 278366 347869 502587
 424475 224182 264627 255673 299899 535739 767746 942905 818131 862028 926485 658345 426987 220535 94931.5 74498.8 81073.7 105833 126471 143454 222157 278228 347669 502539
 425573 224874 265259 256194 299780 536195 767618 942162 814192 858934 923264 656094 425465 220212 94902.6 74510.6 80973.6 105615 126214 143231 222070 278305 347582 501485
 424860 224500 265283 256467 299509 535340 765360 940402 814368 860201 923369 656217 425655 220200 94900.5 74561.8 81071.4 105623 126048 143266 222133 278001 347561 502231
 424622 224463 265505 256941 300118 534045 764558 940416 815854 860239 922822 656601 425821 220371 94817.8 74410.6 80879.4 105608 126245 143587 222308 278158 347424 502026
 423599 224091 264959 256176 300288 534608 763230 936627 814716 860003 924787 657531 426319 220589 94915.9 74258.4 80931.4 105712 126136 143644 222775 278519 347718 502694
 422300 223213 264715 256102 300224 533794 762607 935404 816542 859413 923989 655904 425702 220147 94811.3 74296.4 80742.9 105612 126243 143777 222491 278151 346781 501261
 424642 224343 264984 256344 300593 533702 761629 934348 816950 858809 924170 656535 426049 219837 94696.2 74196 80729.2 105507 126111 143721 222027 277618 346893 501391
 424318 224186 265781 257107 301372 534457 762529 934252 815470 857900 923190 655610 425679 219691 94748.1 74220.3 80725.4 105396 126041 143694 221758 277422 346456 500515
 424586 224291 265603 256990 301380 533903 762539 935301 815962 858744 923169 655739 425531 219693 94724.8 74167.6 80758 105453 126080 143640 221565 277299 346172 500238
 424450 224186 265880 257054 301557 534405 763449 936350 815839 858883 923602 656056 425697 219757 94694.9 74228.1 80790.8 105492 126189 143756 221714 277592 346319 500774
 423932 224124 266036 256990 301527 534242 762845 935399 814916 858208 922951 655668 425481 219777 94674.4 74204.4 80754.8 105463 126188 143713 221629 277639 346395 500931
 422702 223322 265779 256760 300878 532877 760854 933704 813339 856315 921804 654977 425273 219627 94605.8 74144.7 80652.6 105281 126086 143688 221599 277594 346214 500201
 424073 224135 266246 257511 301687 533190 761625 934671 813379 856997 922530 654922 425108 219546 94607.4 74184.1 80788.8 105477 126205 143929 221714 277649 346181 500409
 424441 224404 267053 258195 302117 533813 762367 936576 815294 858303 923799 655937 425592 219696 94642.6 74273.2 80943.3 105692 126460 144133 221883 278044 346862 501377
 425316 224934 267484 258590 302451 534506 763561 937844 815465 858704 924083 655409 425610 219850 94634 74249.4 80925.2 105755 126468 144148 222000 277942 346844 501727
 424617 224487 267389 258304 302187 535001 764345 938406 815016 858359 923414 654771 425525 219787 94546.2 74167.7 80879.2 105628 126442 144197 221894 277726 346591 501060
 424908 224492 267056 257888 301945 534863 764770 938862 815197 858193 923562 654911 425215 219758 94544.3 74101.3 80823.3 105522 126408 144259 222032 277759 346633 500329
 423575 223660 266696 257959 301890 534660 765318 940817 816061 858935 924540 655880 425968 220123 94472.5 74154.2 80916 105581 126389 144365 222089 278218 346753 500319
 424889 224906 270491 264442 309144 546662 785091 966023 840931 888040 952882 664921 428249 222547 94906.7 75857.7 85128.9 110128 129348 150308 234522 292895 366483 526288
 424008 224064 267812 259529 303626 537371 770095 948397 824533 868240 931835 657899 426187 220592 94534.7 74549.7 82025.7 106933 127421 146076 225358 282037 351464 507152
 424025 224088 268214 260254 303746 537358 769222 946731 823624 867385 930766 656550 425801 220599 94557.7 74616 82044 106844 127406 146151 225461 282059 351434 506975
 423679 224147 268475 260641 304190 538557 770625 947426 822562 866090 931616 657532 426894 221034 94631.4 74615.5 82004.7 106648 127246 146128 225524 282038 351505 507436
 423346 224205 268712 260832 304676 539559 772180 949336 824014 866694 932551 658590 427434 221404 94706.9 74650.2 82107 106722 127318 146124 225341 282007 351842 507582
 423486 224630 268844 261171 304701 539352 771335 948224 823437 866935 932597 658809 427536 221661 94752.7 74612.1 82081.8 106743 127429 146250 225440 282060 351652 507280
 423300 224453 268741 260978 303833 537500 768789 945247 821141 865274 930787 657700 427164 221450 94683.2 74571.9 81926.7 106612 127298 146058 225094 281668 350889 507235
 423662 224971 269045 261150 303909 536895 767869 945122 820914 864499 930831 658202 427112 221558 94661.6 74514.7 81903.6 106588 127405 146168 225381 282081 351410 507104
 424416 225134 268987 261196 303973 536740 767460 944749 819972 863685 931315 658378 427502 221682 94682.6 74501 81898.3 106683 127444 146246 225645 282466 351949 508356
 423946 224816 268220 259841 303020 535626 765222 942139 817956 861842 930540 657926 427041 221491 94711.7 74490.2 81954 106704 127324 145938 225333 282397 351623 508330
 423767 224793 268249 259542 303092 535360 764898 942528 817975 861385 929960 657137 426599 221324 94685.2 74450 81953.5 106720 127244 145735 225234 282382 351797 507888
 423951 224940 268635 260057 303615 536760 765938 943390 817977 860826 929590 657057 426379 221441 94850.8 74541.5 82071 106897 127350 145782 225185 282345 352339 508967
 423829 225314 268745 260206 303843 536856 766392 943756 817545 860647 929265 657267 426174 221256 94973.5 74597.2 82173.3 106931 127284 145587 225011 282042 352116 507787
 423131 224752 268059 259540 303556 537229 767246 945141 818460 861557 930456 658296 426476 221215 95081.5 74616.5 82161 106927 127368 145545 224950 282011 352295 507777
 423600 224670 267999 259842 304234 538539 768808 947602 821024 863238 931119 658840 426894 221302 95093.9 74562.7 82153.4 106938 127462 145526 225066 282238 352378 507476
 421653 223864 267167 258680 304116 538535 769006 947695 820921 862819 931420 659274 427161 221521 95136.4 74469.2 82043.2 106870 127501 145613 225212 282420 352615 507308
 421231 223661 267293 258486 303352 536977 767507 946751 820981 862263 930478 658408 426945 221392 95094.3 74308 81941.2 106851 127410 145336 224800 282028 352102 506504
 420916 223344 267085 258257 303251 536423 767053 946142 820235 861482 930665 658647 426829 221311 95222.8 74332.5 81875 106841 127419 145398 224701 281948 352378 506798
 421026 223344 266737 258004 303242 536342 766960 945967 820835 861886 930739 658190 426702 221499 95203 74191.6 81759.8 106711 127191 145139 224314 281844 352189 506688
 421341 223735 266832 258273 304171 537355 768607 947612 821990 862685 930942 658441 426817 221752 95350.5 74172.2 81814.9 106786 127223 145231 224487 282064 352164 506888
 422034 224124 266460 258397 304427 538183 770830 950002 823028 864346 931924 659026 427093 221855 95334 74292.9 81897.2 106888 127276 145421 225085 282616 352923 508061
 422255 224024 266326 258324 305134 539066 772108 952125 825016 865721 932197 659179 427300 222273 95350.2 74355.4 81935.9 106847 127180 145385 225166 282926 353559 509132
 421176 223550 266181 258114 305049 539211 772995 952547 824804 866507 931854 658524 427152 222281 95361.3 74345.9 81976.8 106825 127148 145446 225262 282955 353622 509139
 421427 223561 265808 258024 305469 539365 773537 952677 825363 866576 931971 658670 427321 222500 95423.4 74397.5 81943 106831 127049 145324 225146 282930 353366 508616
 421410 223454 266228 258981 305438 539187 773827 952419 824514 866702 932630 659374 427743 222712 95452.6 74426.6 81862 106742 126970 145361 225646 283249 353508 508967
 421198 223020 266194 259234 305523 538864 773368 952135 824109 866245 932570 659388 427723 222514 95201.8 74426.2 81801.3 106693 126948 145448 225646 283383 353303 508708
 421712 222993 265854 258702 305129 539016 773692 953416 824395 865264 931919 659717 427814 222757 95066.1 74380.7 81895.2 106814 127167 145843 226159 283612 353475 509710
 422183 223462 266548 259448 305159 538531 772798 952789 823949 863812 931197 659488 427095 222342 94874.1 74337.2 81735.6 106461 126818 145319 225780 283193 352656 508052
 421172 222750 267039 260022 305255 538220 772584 951970 823017 864736 932329 660650 427803 222495 94784.8 74368.6 81767.7 106485 126927 145478 225797 283338 352870 508216
 420519 222098 267054 260186 305594 538725 774078 955145 825819 867474 934051 661763 427861 222590 94889.5 74396.8 81810.7 106662 127085 145766 226169 283540 353071 509053
 420317 221968 267139 260678 305868 539020 773917 955167 824929 867194 933257 661355 427923 222849 94965.9 74431.4 81757.1 106570 126904 145685 226075 283640 353395 509337
 421263 222883 268397 261721 306160 538549 772945 954053 824586 867300 933007 661116 428065 222733 95045.4 74561 81784.8 106525 126853 145659 226069 283585 353330 509641
 420003 222382 268318 261508 306040 538751 773412 955269 825510 868443 932893 661249 428030 222819 95057.6 74578 81791.7 106536 127049 145974 226658 284139 353615 509451
 420382 222490 268273 261411 305751 539594 774699 956013 825463 869823 934521 662221 428656 223019 95140.9 74690.5 81834.5 106457 126955 145876 226786 284259 353615 509997
 420663 222831 267986 260952 305512 538857 773165 953777 825464 870679 935661 662795 428755 223242 95141.6 74759.1 81849.5 106475 127041 145897 226920 284252 353849 510635
 420961 222997 268327 261426 305804 538934 773080 953866 825901 870440 935986 662744 428766 223145 95106.1 74595 81784.7 106489 127042 145849 226791 284140 353934 511163
 420795 222694 267361 260688 305613 539126 773596 953480 825986 871307 936308 662205 428628 223158 95128.7 74630.4 81854.2 106612 127226 146104 227091 284384 354050 511318
 421695 223258 267250 260574 305694 539494 774058 953047 825190 870775 935892 661650 428556 223181 95145.7 74585.9 81820.1 106644 127222 146052 226909 284297 354071 511058
 422360 224020 267170 260545 306311 540136 774216 952953 824612 869626 935585 661911 428994 223352 95143.8 74471.4 81793.1 106716 127310 146155 227194 284937 355087 512329
 423083 224578 267653 261096 306494 539981 773791 952587 825138 870565 935800 661329 428818 223337 95099.5 74392.9 81754.6 106642 127151 146039 226996 284757 354963 512146
 423230 224655 268261 261691 306675 539492 773337 952280 823353 869269 935769 661294 428665 223175 95030.4 74317.6 81694.9 106587 127200 145970 226893 284970 355213 512019
 422255 224271 268247 261673 306498 539202 772997 951908 823063 869000 935302 660847 428477 222934 94995.1 74341.8 81635.8 106374 127062 145776 226834 285094 355227 511675
 422776 224590 268617 262211 307202 539900 773565 952436 824446 870526 935614 660905 428462 223060 95053.6 74350.8 81632.2 106426 127077 145831 226828 285163 355407 512042
 423889 225496 269559 263344 307594 539260 772821 952717 824295 870347 935719 660385 428179 222911 95039.7 74351 81683 106569 127279 145977 227141 285510 355602 511760
 422990 225034 269720 264000 308482 540094 773554 952993 824627 870026 934293 659808 427971 222977 94937 74343 81686.7 106630 127374 146119 227059 285448 355520 511168
 422332 224735 270058 264229 308812 540559 773695 952082 823764 869805 934402 660014 427810 222796 94978.2 74357.2 81697.1 106666 127346 146084 226892 285289 355369 510570
 421678 224333 269321 263337 307828 538854 771142 949666 822019 868502 933134 659351 427154 222540 95029.2 74369.7 81661.2 106619 127247 145821 226304 284474 354869 509666
 423037 225261 269463 263106 307703 538675 771008 950317 823904 870525 933710 659061 427041 222611 95071.5 74370.7 81750 106773 127470 146043 226438 284727 354920 509163
 423377 225519 269550 262859 307189 538336 771334 950950 825912 872619 934338 659504 427524 222830 95022.1 74356.6 81784 106719 127535 145994 226223 284336 354935 509729
 423190 225379 269422 263353 307402 539060 773076 952096 826316 873011 933537 658649 426876 222729 95051.8 74324.6 81777.7 106779 127595 146037 226183 284250 354950 509553
 423988 225917 269586 263178 306966 537618 770938 949892 825862 871794 931353 657928 426533 222625 95070.9 74197.8 81636.6 106529 127437 146236 226168 284315 354805 509232
 423214 225782 269376 263149 307138 537463 771309 950809 826374 871424 930033 656449 426001 222539 94976.1 74215.6 81567 106371 127228 146145 226199 284400 355272 508818
 424001 226342 269401 263717 307814 538289 772043 952121 826967 871487 930842 656859 426397 222771 94969.2 74128.4 81509.6 106396 127349 146204 226271 284481 355451 508735
 424162 225982 268700 262678 307198 537921 771797 951981 827163 871746 930929 656963 426441 222927 94892.2 74022.6 81464.9 106333 127394 146354 226700 284846 355618 509224
 423978 226332 268677 261888 306993 537572 770688 950391 827906 873216 933195 657899 426504 223044 94900.9 73947.3 81348.2 106301 127539 146432 226520 284506 355057 508306
 424187 226703 268403 261756 307439 537908 771223 950705 828583 873521 934146 658277 426519 223349 95076.4 74017.2 81308.9 106196 127431 146551 226971 285076 356237 509828
 424494 227218 268433 261854 307020 536965 769320 948541 827229 872230 933300 657410 425776 223382 95036.6 74010.8 81305.3 106269 127466 146616 226964 284948 356100 509681
 424553 227331 268920 263031 307881 538103 771099 950600 829388 873994 934525 657971 425998 223592 95093.2 74174.2 81400.9 106401 127481 146766 227145 285089 356548 510051
 424524 227128 269742 263951 308202 538317 771004 950687 830232 874375 934857 657443 425755 223611 95221.9 74271.2 81417.4 106325 127441 146799 227240 285455 357236 510785
 423550 226849 269532 264138 308688 538812 771768 951616 831854 876627 936279 658528 425969 223867 95298.6 74336.1 81420.5 106360 127598 146985 227255 285399 357519 511480
 423187 226873 269782 264661 309018 539259 772604 952405 830661 876443 936884 659321 426207 223868 95366.1 74485.7 81520.1 106457 127649 147066 227516 285633 357836 511888
 423727 227477 270863 266208 309491 538847 771945 952334 830534 875788 935922 658074 425529 223350 95183.2 74398.2 81562 106506 127568 146982 227288 284960 356948 511061
 424391 227750 270959 266785 310232 539978 773586 955167 832697 877774 936667 658698 425842 223446 95257.8 74321.1 81532.6 106479 127464 147069 227665 285155 356727 510494
 424304 227680 270787 266643 309964 539002 772797 954724 832049 877133 936204 658299 425367 223154 95138.9 74355.6 81642.6 106560 127537 146920 227580 285057 356258 509645
 424056 227305 270901 266763 309963 539085 772631 954953 832936 878422 936389 657787 424847 223239 95186.7 74314.4 81529.8 106533 127626 147199 227807 285310 356098 509001
 423539 226975 270457 266420 309772 539529 772665 954619 832922 878531 936578 658570 425468 223508 95273 74330 81583.5 106544 127642 147329 227866 285476 355943 508014
 423765 226845 270464 266198 309769 538869 772339 953966 832871 878503 935911 658350 425591 223165 95113.8 74282.8 81516.9 106449 127479 147188 227695 285123 355455 507257
 419604 222692 261825 251360 292300 510505 726980 898758 781569 818016 875976 640771 420221 217645 94057.2 70640 72940 97349.6 121710 134982 202108 254664 314574 454981
 418919 222442 261614 250894 292015 510959 727883 899440 782096 818748 876738 641362 420454 217734 94102.4 70609.4 72953.7 97381.2 121724 135058 202496 255346 315278 455638
 420844 224246 265930 258241 300354 524562 750569 927946 808204 849133 906679 649519 422688 220855 94696.8 72588.9 77338 102020 124613 141558 215943 271305 336492 482891
 420712 224053 266024 258265 300345 524247 750323 927200 808315 849488 906307 649375 422288 220726 94670.5 72538.8 77245.9 101916 124487 141508 215829 271229 336664 483195
 420850 224515 266193 258331 300403 524065 749712 926811 807801 848614 905922 648656 422057 220580 94654.7 72545.6 77228.2 101866 124482 141539 215959 271292 336482 483253
 420565 224664 265673 257719 300082 523006 748441 926003 808166 850656 907846 649067 422168 220599 94705.4 72538.9 77294.4 101957 124448 141439 215782 271359 336325 482483
 421366 225310 265774 257331 299318 522724 748608 926975 809753 850724 907420 648652 422073 220523 94625.4 72498.9 77253.4 101931 124284 141209 215182 270424 335694 481585
 422352 226154 266610 258092 299553 523924 749762 927371 809666 852417 907436 648865 422298 220696 94661.7 72403.5 77228.8 101877 124397 141331 215496 270775 335828 481371
 422462 225972 266403 258072 299626 524620 751286 928506 809980 853808 908661 649277 421824 220789 94681.3 72447.8 77214.3 101861 124334 141213 215379 270566 335641 482306
 421633 225535 266039 257455 299225 524384 750475 927381 809839 854431 908462 648814 421389 220658 94581 72376.7 77236.7 101938 124288 141092 215457 270583 335909 483079
 420230 224844 265641 256784 298873 524122 750568 927816 810163 853880 907349 648077 421086 220597 94666.4 72452.8 77190.4 101831 124283 141128 215675 270916 336320 483157
 420692 225275 265932 257471 299166 523162 749207 926651 810316 853943 907933 648321 421156 220636 94649.5 72404.8 77127.2 101848 124347 141279 215747 271024 336758 483848
 421096 225699 265810 257257 298321 522374 748534 925854 809903 854135 908462 649152 421483 220681 94656.7 72453.7 77170.9 101942 124530 141294 215806 271393 337239 483910
 420966 225364 266192 257790 298525 523105 749036 925705 808786 853116 908088 649556 421607 220642 94686.1 72493.7 77111.6 101915 124473 141297 215862 271144 337710 484136
 423333 226674 266435 257925 299098 523949 749150 925224 808441 853115 908459 649930 422061 220940 94793.9 72529.6 77292.1 102192 124675 141396 215889 271295 337820 484517
 423503 226833 266521 258098 299389 524472 749514 924795 808198 853966 909446 650396 422077 221038 94891.2 72600.8 77382.9 102323 124766 141344 215720 271258 337518 484076
 424158 226816 266024 257740 298797 523090 747160 922778 807768 852217 908122 650159 421992 221071 94907.7 72549.8 77281.2 102188 124572 141259 215248 270622 336992 483536
 424647 227148 265763 256923 298243 522244 745242 919915 805440 851333 907540 650078 421880 220801 94782.4 72444.9 77213.3 102065 124408 141124 214957 270336 337105 484039
 423171 225743 265007 255383 297068 521349 744707 919829 805930 851557 908021 650291 421799 220469 94743.1 72446 77165.9 102123 124518 141129 214716 270113 336753 483528
 424007 226852 268021 259988 302621 531260 761008 939536 825736 873854 928524 656222 423447 222520 95135.1 73815.3 80293.9 105382 126502 145206 223562 280770 351264 502002
 424121 226679 268240 259979 302580 531116 760218 937936 824690 873761 928224 656233 423508 222631 95223.3 73846.1 80455.8 105574 126599 145147 223813 280801 351241 501838
 424091 226399 267773 259633 302544 530637 759030 936969 824146 873056 926903 655286 422690 222600 95183 73816.7 80441.2 105447 126450 144889 223466 280292 350479 500657
 423288 226263 268030 259796 302494 530424 758129 935958 823311 872349 926518 655051 422607 222773 95197.9 73771.3 80471.7 105443 126384 144859 223402 280169 349844 499017
 422769 226189 267873 259710 302006 529810 757031 935413 822682 872504 927050 655329 423036 222564 95187.4 73781.2 80494.3 105558 126682 145274 223764 280473 350524 498915
 422320 225865 267225 258912 301765 529842 757608 936181 823372 873216 927402 655563 423306 222502 95118.3 73754.5 80543.6 105527 126707 145516 224219 281200 351424 499753
 421313 225419 266670 258614 301627 529504 756497 934677 822519 872257 926150 654159 422473 222049 95256.5 73759.8 80492.2 105420 126531 145423 224007 280861 350794 498473
 420774 224894 266722 259155 302170 529907 758140 937317 823341 872399 926142 654401 422622 222361 95423 73878.9 80631.8 105507 126493 145527 224189 281244 351597 499394
 421339 225358 267202 259729 302531 530166 757719 936815 822958 872011 925956 654413 422439 222367 95348.6 73819.2 80511.3 105404 126416 145269 223759 281304 351982 500408
 421841 225842 267335 260244 302984 530712 759090 938157 822978 871476 925512 654670 422266 222421 95383.7 73882.2 80562.5 105480 126405 145321 224099 281677 352486 499524
 422052 225937 267914 260982 303617 530737 758657 936485 821142 870555 924597 654113 422131 222376 95375.7 73835.2 80440.1 105257 126003 145064 223840 281444 352476 498766
 421076 225043 267882 261247 303508 530420 758340 937977 821919 869424 922840 652880 421274 221998 95243.5 73801.2 80371.5 105000 125833 144944 223463 280976 352103 498311
 421406 225221 267713 260925 303325 530989 760027 940372 821890 869384 922721 653543 421636 221836 95184.2 73769.5 80365.8 105134 126027 145125 223517 280927 352016 498408
 422936 226593 268132 261130 303429 530989 760289 941880 823600 869246 922537 653285 421229 221598 95027.1 73687.6 80356.1 105050 126189 145386 223815 280921 351808 498473
 421405 225755 267823 261021 303570 531489 760237 940890 823318 870240 923746 654270 421854 221747 95067.6 73616.8 80417.8 105162 126331 145257 223416 280566 351828 498585
 421858 226264 267876 260920 303605 531795 761488 942510 825127 872766 925536 655164 422162 221743 94977.2 73633.6 80473.8 105300 126421 145435 223735 280693 352344 499633
 420914 225632 267460 260703 303813 532090 762663 943110 825831 872642 925413 654302 421851 221706 94955.5 73687.3 80482.1 105386 126508 145488 223717 280645 352585 499915
 422141 226437 267888 260924 304039 532959 764398 946195 827485 873644 925627 653880 421630 221990 94937.1 73674.7 80558.1 105424 126556 145439 223902 280879 352053 499090
 422506 226991 267930 260889 303830 532727 764251 946140 828007 874547 926178 653995 421488 221866 95014.3 73682.1 80589.3 105467 126609 145557 224179 281091 352154 500346
 422244 226785 268331 261683 304466 533411 765006 946074 828183 875539 926516 654590 421998 221982 95006 73760 80682.8 105649 126881 145654 224199 281479 352279 501084
 421158 226619 268585 262009 304856 533343 764565 944877 828566 875560 926118 654308 421867 221989 95050.3 73813.8 80671.8 105626 126781 145564 223995 281569 352295 500928
 420746 226180 268084 261234 304585 533496 765262 945140 828661 875216 927414 655122 422137 222291 95084.5 73796 80773.1 105794 126928 145704 224163 281909 352589 501217
 420937 226117 268762 261764 304608 533358 764250 944004 829251 876059 928505 654755 421549 222150 95107.7 73872.1 80937 106009 127123 145853 224375 282060 352782 501678
 421271 226259 269296 262125 304987 533224 764985 945014 830446 878154 929614 656088 421810 222239 95084 73942.5 81108.1 106129 127250 145998 224904 282498 352744 501455
 421361 226030 268743 261319 304797 532868 764290 943830 829323 876760 928803 656057 421832 222165 95057.7 73835.2 81076.7 105922 127054 146147 225360 282700 353063 502196
 421049 225908 268545 261039 304440 532429 763731 943153 829074 876824 928322 655742 421649 222299 95116.5 73849.6 81124.2 105904 126951 146053 225292 282673 353107 502832
 420636 225805 268551 261150 304455 532589 763728 942884 828478 876785 929590 657313 422206 222595 95144.2 73806.6 81088.1 105818 126970 146260 225590 282817 353375 502947
 422074 226699 268702 261241 304700 533452 765221 944436 829198 877675 930516 658036 422581 222767 95154.3 73899.9 81241.7 105887 126906 146287 225834 283102 353129 502533
 421761 226646 268909 261753 304492 533201 765063 944062 828280 876401 929636 657533 422178 222586 95004.6 73913.8 81249.2 105866 126885 146283 225727 282969 353080 502718
 422021 226769 268907 261670 304080 532129 763750 943228 828213 877101 930379 658292 422424 222735 95070 74006 81338.6 105895 126959 146476 226150 283339 353065 502850
 422159 226947 268763 261585 303525 531775 763766 942946 827932 876925 930672 658442 422724 223120 95151.5 74076.8 81413.1 106077 127096 146475 226341 283687 353009 503253
 421530 226779 267782 260461 303223 531959 764449 944483 828763 876654 931081 658643 422953 223016 95274 74194.1 81414.3 105954 127134 146513 226499 283846 353236 503807
 423022 227684 268218 261304 304186 533815 767286 947368 830961 878638 932393 659117 423303 223375 95429.9 74312.1 81530.9 105989 127180 146600 226898 284678 353949 504244
 422566 227660 267876 260938 304140 533456 766790 946948 830595 878567 931876 658443 423161 223373 95398.7 74374.4 81490.2 105890 127021 146371 226727 284614 353833 503798
 422861 227842 268338 261552 304516 533508 767339 947953 830465 879469 932425 658947 423202 223500 95472.5 74467.2 81660.6 106061 127131 146403 226950 285100 354278 504295
 423726 228122 268480 261159 303801 532572 766118 947254 830122 879047 931429 658632 423375 223676 95526.2 74407.2 81644.2 106097 127112 146329 226743 285215 354240 504225
 423328 228010 268200 260891 304114 533067 767221 948140 831150 880628 933682 660365 423987 223772 95612.8 74519 81814.3 106271 127279 146493 227021 285929 355051 504154
 422498 227562 267877 260850 304118 533009 767542 948736 831609 880940 934199 660497 424347 223775 95739.7 74504.9 81830.9 106382 127321 146458 226931 285928 355041 504014
 421786 226944 267002 259611 302944 531772 766509 946968 829687 879948 934117 660006 424067 223631 95697.7 74486.2 81717.3 106157 127019 146118 226496 285472 354296 503471
 420311 226340 266394 258862 303031 532313 766868 946791 829720 879189 934124 660140 424266 223754 95798 74431.1 81778.2 106142 127025 146433 226738 285431 354346 503879
 420940 226946 266590 259256 303045 531616 766334 946093 828667 877853 933532 659885 424302 223589 95754.7 74308.6 81663.1 106118 126873 146288 226609 285103 354005 502917
 417491 222825 256920 242543 284240 501260 716259 883132 768796 808674 867325 642091 419189 217728 94635.3 70042.4 71827.5 95764.5 120351 132299 197622 250863 307765 443527
 421273 226767 265884 257775 301640 529546 762379 939302 822106 871162 928456 659478 424387 223259 95820.3 73839.3 80647.2 105157 126296 144882 223485 281684 349240 496645
 419376 225784 265563 257319 301373 528983 761615 938020 821580 870321 927723 659155 424206 222979 95791.3 73880.9 80716 105180 126310 144938 223719 282068 348957 496074
 419131 225724 265399 257355 301972 530992 764386 940807 822967 871532 929406 660514 424753 222996 95763.6 73920.8 80686.2 105111 126170 145032 223665 281811 348693 496434
 418301 225517 265483 257754 302126 531227 765099 940709 822777 871338 928376 659604 424451 223000 95820.7 73855.2 80581.8 105021 126038 144882 223837 281953 348758 496129
 418082 225454 265336 256914 301561 531962 766219 942019 823744 872217 928221 659549 424127 222783 95750.6 73706.9 80541.9 105147 126249 145045 223972 281803 348665 496330
 417798 225155 265782 257406 301680 530813 764969 941348 823127 872130 928336 659306 423933 222687 95635.5 73704 80579.5 105131 126184 144962 223640 281465 347863 495345
 417835 224875 265814 257244 301597 530211 764566 940765 822212 870820 927339 658945 423705 222550 95597 73722.2 80522.6 105160 126270 145029 223382 281178 347748 494736
 417808 224705 265424 257075 301330 529963 763859 940302 820940 869559 926631 657599 422792 222188 95458.5 73649.5 80471.9 105038 125938 144638 222653 280438 346880 493425
 418547 225211 266044 258055 302237 531023 765053 940901 820899 868942 926435 657337 422570 222214 95503.3 73670.7 80422.1 104890 125813 144383 222474 280665 347188 493596
 417793 224754 265689 257761 302321 531014 764862 940636 820670 869074 927085 657993 422788 222162 95517.1 73707.6 80584.2 105061 125901 144432 222556 280861 347378 493867
 418059 224854 265414 257469 302552 531718 764808 939273 820105 868920 927009 658179 422450 222162 95544.8 73640.1 80567.3 105005 125943 144332 222205 280811 347315 493307
 418469 224646 264734 256478 301811 531038 763523 937959 818541 867420 926549 658240 422383 222285 95420.8 73664.9 80542.3 104994 125947 144309 222566 281142 347202 492545
 419533 225654 264837 256638 302521 532003 764005 936930 817994 867009 926121 658186 422726 222303 95329.8 73666 80641.9 105036 125974 144182 222661 281330 347167 492409
 417936 225075 264585 256483 301939 530745 761921 934715 815596 864964 925791 657525 422435 222459 95234.6 73688.7 80607.5 105085 125959 144075 222754 281374 347335 492931
 417440 224513 264851 257038 302369 530714 762101 934622 815474 865318 925072 656881 422500 222566 95227.2 73743.6 80692.1 105091 125954 144076 223129 281804 347708 492941
 417081 224479 264775 257154 302245 530288 761831 935960 816532 865619 925449 657488 422837 222762 95125.4 73648.5 80677.6 104978 125707 144127 223179 281788 347002 491874
 417687 224918 265080 257403 301882 529329 760732 934817 816002 865547 924503 657147 423014 222854 95032.6 73661.9 80701 104990 125735 144076 223051 281643 346742 492184
 417730 224979 265052 257721 302055 529313 759925 934043 816429 865667 924574 657081 422925 223002 95108.9 73761 80699.4 104851 125555 143913 222939 281561 346900 492689
 417169 224776 264595 257071 301880 528817 759803 934265 815709 864925 924584 657158 422770 223085 95216.8 73720.8 80658.2 104942 125617 143906 222996 281850 347185 493110
 417046 224619 264084 256340 301132 528163 758646 933366 814316 863427 923270 656425 422173 222691 95045.9 73589 80454.2 104722 125413 143562 222553 281313 346657 492568
 416517 224145 263833 255498 300558 527385 757831 932534 812774 862403 923359 656493 422080 222665 94924.9 73478.9 80338.2 104652 125305 143442 222298 280971 346799 492375
 416148 224180 264466 256453 301320 528426 759417 933691 813534 862920 923733 656897 422516 223167 95015.8 73560 80459.7 104679 125333 143431 222398 281415 347760 493602
 416200 223900 264382 256804 301497 529443 760170 933863 814148 863697 924403 658200 422901 223120 94920.5 73556.1 80634.4 104762 125361 143476 222412 281166 347374 492105
 416697 224057 264591 257250 301741 530145 760817 935150 813888 864117 925378 658660 422846 223315 94937 73570.8 80635.6 104795 125511 143679 222722 281318 347782 492594
 418090 225030 265153 257529 301921 530530 761346 935561 813854 864338 925563 658776 423176 223463 95028.2 73627.5 80668.3 104758 125542 143630 222793 281748 348201 493692
 418071 225004 265231 257703 301843 529839 760694 935632 814342 864687 925171 659113 423641 223282 95121.6 73569.9 80585.8 104587 125433 143509 222695 281863 348026 493222
 418029 224662 265531 257949 301540 528658 759723 934794 813055 863127 924691 658860 423594 222965 95039.5 73524.5 80471.8 104412 125304 143316 222579 281679 347310 492322
 417944 224869 266054 258482 301967 529534 760820 935484 814099 864403 925078 659893 423882 223197 95149.9 73657.7 80639.6 104639 125666 143602 222948 281827 347422 492841
 417825 224990 265624 257486 301562 528573 759750 933827 814078 863558 924454 659470 424222 223186 95126.1 73618.1 80450 104304 125287 143084 222312 281130 346930 492578
 417787 225296 265508 257317 301790 528665 760834 935392 812978 862680 924107 658910 423681 223195 95132.9 73727.3 80470.5 104278 125238 143054 222046 281188 346908 492210
 418350 225718 265816 257957 302699 529710 762149 936471 813637 863211 924859 659555 423896 223256 95180.4 73869.6 80603.6 104484 125636 143325 222173 281451 347673 493337
 418593 226102 265580 257417 302740 530240 762625 937125 814191 862962 925177 659535 423656 223174 95201.1 73965.3 80657.2 104451 125626 143336 222129 281522 348023 494045
 418162 225946 265391 256908 302304 530027 762501 936398 813516 862132 924566 659676 423920 223139 95133.7 73998 80709.8 104444 125695 143328 222072 281374 347717 493862
 414213 222207 256984 242667 285917 502893 718551 883241 763750 803276 867252 644535 419678 218033 94148.1 70397.1 72349.9 95529.2 120125 131411 197376 252196 308221 443508
 414843 223032 259475 247230 291349 511942 733076 900394 779768 822058 885691 649338 421157 219975 94530.6 71681.1 75228.5 98514.5 122042 135222 205209 261512 321276 460710
 415244 223510 259927 247016 290714 511286 732701 899807 778570 821718 885413 649280 420813 219878 94521.4 71647.5 75130 98443.6 121808 134887 204874 261219 321053 460703
 415862 224149 260955 247572 290644 511083 732026 897781 776798 820446 885662 648841 420644 220004 94645 71694.2 75029.8 98355.1 121708 134801 204666 260996 321057 460562
