 36643 44651.2 23370.4 35357.6 61911.5 43863.9 77143.7 77382.9 99828.1 117195 67306.4 46858.6 45117.1 24574.8 14467.1 13330.3 10276.9 11483.9 12539 20268.4 26548.5 34823.9 55430.2 58165.4
 36643 44651.2 23370.4 35357.6 61911.5 43863.9 77143.7 77382.9 99828.1 117195 67306.4 46858.6 45117.1 24574.8 14467.1 13330.3 10276.9 11483.9 12539 20268.4 26548.5 34823.9 55430.2 58165.4
 36643 44651.2 23370.4 35357.6 61911.5 43863.9 77143.7 77382.9 99828.1 117195 67306.4 46858.6 45117.1 24574.8 14467.1 13330.3 10276.9 11483.9 12539 20268.4 26548.5 34823.9 55430.2 58165.4
 36643 44651.2 23370.4 35357.6 61911.5 43863.9 77143.7 77382.9 99828.1 117195 67306.4 46858.6 45117.1 24574.8 14467.1 13330.3 10276.9 11483.9 12539 20268.4 26548.5 34823.9 55430.2 58165.4
 36643 44651.2 23370.4 35357.6 61911.5 43863.9 77143.7 77382.9 99828.1 117195 67306.4 46858.6 45117.1 24574.8 14467.1 13330.3 10276.9 11483.9 12539 20268.4 26548.5 34823.9 55430.2 58165.4
 36450 44201.1 22699.8 34879.9 65077 42376.5 74858.3 75651.7 101262 117404 66139.9 47971.3 45136.4 24240.9 14849.5 13102.7 10425.6 11353.5 12311.8 19825.9 26314.4 34301.7 54449.8 58568.4
 35343.3 45366.4 21387.9 32970.8 64682 43098.7 74062.7 76160.7 99132.1 118612 66410 48662.5 45752.2 23274.7 14862.6 12694.9 10245.9 10886.6 12489.1 19268.8 26632.2 34357.7 54355.1 57717.4
 34043.6 44832.9 23076.7 32912.6 63032.3 43095.4 73124.8 79685 98874.2 119162 67276.2 49464.1 43821.1 24100.5 14602.7 13098 10295.8 10755 12297.3 19473.6 26614.9 33359.2 58319.4 55934.4
 32647 45943 23355.6 33209.6 64112.1 44767.3 76679.7 77865.5 97322.3 122766 66910.3 49038.7 43815.4 23968.2 14484.8 13149.1 10382.1 10898.4 12096.3 19952.1 26493.3 33671.5 57961.2 55440.7
 32658.4 46070.5 23399.4 33310.5 64006.5 44821.8 76803.2 77577.3 97333.6 123385 66553.8 49065.3 43723.6 23975.9 14539.7 13137.6 10345.2 10930.7 12109.3 19961.7 26705.1 33643.5 57960.9 55321.8
 32729.7 45971.6 23247.6 33029 64550.6 44498.1 76855.4 78816.2 97546.7 122502 66332.9 49087.6 43872.5 24088.4 14502.2 13101.1 10341.9 10956.8 12181.5 20085.2 26906.8 33688.2 57414.4 54227.6
 32849.4 45807.9 22733.8 32917.9 64404.8 44250.4 77527 78430.8 96990.2 122617 67221 48676.6 43783 24255.6 14357.3 13082.8 10313 10900.8 12170.5 20146.1 26890.5 33646.6 58048.6 54711.8
 32849.4 45807.9 22733.8 32917.9 64404.8 44250.4 77527 78430.8 96990.2 122617 67221 48676.6 43783 24255.6 14357.3 13082.8 10313 10900.8 12170.5 20146.1 26890.5 33646.6 58048.6 54711.8
 32907.8 45709.3 22661.5 32874.2 64372.5 44370.3 77309.1 78184.2 96975.8 122676 67272.8 48596.4 43882.2 24337.6 14287 13083.8 10306.3 10888.8 12209.8 20145 26957.4 33768.4 58064.7 54378
 32914.8 45693.6 22588.3 32818.7 64415.1 44528.2 77269.7 78158.6 96884.7 122566 67182.6 48686.6 43913.4 24317.3 14280.9 13081.1 10296.5 10908.4 12212.7 20114.5 27002.4 33709.4 58179.2 54349.5
 32968 45551.1 22596.3 32824.4 64559.9 44545.4 77253 78448 96810.8 122534 67110.7 48666.2 43990.7 24277.8 14277.7 13095.8 10319.4 10909.7 12225.7 20117.4 26970.4 33731.8 58190.8 54647.8
 32916 45706.6 22626 32788.7 64596 44238.9 77478.2 78696.5 96822.2 122576 67085.4 48553.4 44022.2 24387.6 14248.9 13125.3 10318.9 10889.8 12236.1 20194.9 27011.5 33790.4 58372.6 54532.6
 33204 45555.1 22623.9 32747.9 64359 44011.3 77685.9 78633.7 96910.1 122430 66626.3 48894.8 44084.3 24342 14329.9 13118.4 10286.3 10866 12254.5 20210.7 26982.9 33778.1 58377.3 54684.7
 33250.5 45597.1 22606.8 32632.9 64502.6 43894 77724.8 78003.6 96892.9 122180 66642.4 48859.5 44225.8 24362.4 14329.8 13095.8 10268.8 10854.7 12245.5 20216.8 27003.3 33762.4 58148.5 54800
 33219.9 45629.4 22668.5 32544.4 64406.5 43675 77730.9 78145.5 97130.4 121990 66674.7 48892 44187.4 24361.9 14340.5 13110 10260.8 10827.9 12274.7 20227.5 26933.1 33801.1 58292.7 54854.2
 33227.3 45659.2 22694.4 32674.6 64033.7 43813.6 77730.5 78442 96943.7 121843 66878.8 48835.4 44201.8 24330.3 14330.5 13089.9 10282.2 10853.8 12301.6 20210.1 26950.3 33751.4 58273.8 55000.3
 33274.5 45606.5 22642.1 32807.4 64108.5 43589.1 77296 78666.3 96943.3 122314 66719.3 48820.1 44181.9 24343.6 14286 13125.4 10290.3 10823.3 12320.2 20274.5 26947.2 33754.1 58378.1 55015.9
 33206.5 45657.9 22677.8 32823.9 63943.5 43723.5 77031.3 79223.1 96524.7 122327 66491.9 48979.3 44179.8 24371.7 14317.2 13076.9 10303.2 10847.8 12333.1 20213.8 26935 33632.9 58257.3 55032.5
 33231.5 45578.4 22664.4 32889.5 63872.7 43594.1 76969.3 79444.1 96304.2 122439 66584 48974.5 44060.4 24390.2 14304.9 13092.1 10286.2 10839.4 12348.4 20147.6 26897 33739.5 58199.7 55233.4
 33216 45772.8 22643.3 32971.6 63897.7 43651.7 76886.5 79202.1 96354.7 122371 66539.3 49047.8 44078.7 24426.5 14307 13092.6 10269.8 10843 12357 20106.3 26906.1 33687.9 58105.9 55189
 33212.6 45720.1 22650.7 33004.6 63775.9 43719.6 77042.9 79134.3 96485.1 122221 66595 48980.9 44107.4 24424.4 14296.5 13107.5 10272.3 10843.4 12347.1 20082.6 26914 33647.4 58100.7 55215.2
 33182.9 45811.9 22606 33032.5 63842.7 43756.4 77126.1 78993.3 96532.6 122294 66596 48970.3 44103.2 24404.5 14315.4 13104.7 10273 10854.5 12351.2 20086.6 26953 33622.4 58187.6 55350.2
 33225.9 45865.3 22563.1 33040.9 63818.2 43698.8 77066.2 78928.4 96527.3 122245 66616.7 48971 44138.4 24392.2 14312.5 13100.3 10272.7 10858.1 12344.6 20075.8 26973.6 33625.2 58206.1 55361.9
 33154.4 45910.4 22575.9 32940 63664.3 43620 77045.3 78836.6 96344.2 122282 66622.5 49030.1 44126.3 24391.9 14306.1 13089.8 10257 10863.8 12350.5 20071.4 26968.7 33606.7 58075.7 55399.4
 33209 45883.7 22612.9 33037.3 63591.6 43688.6 77123.2 78717.4 96474.7 122358 66496.4 49014.1 44137.8 24399.4 14308.7 13110.3 10268.6 10855.5 12380.9 20055.3 26971.1 33587.9 58128 55443.8
 33219.7 46027.1 22588.5 33042.1 63661.6 43649.1 77342.7 78846 96461.2 122441 66530 48972.7 44104.3 24385.7 14322.6 13128 10278.7 10868 12385.3 20052.5 27023.8 33653 58197.8 55536.4
 33246.7 46052.2 22581.1 33057.9 63746.8 43706.7 77423.6 78739.4 96523.3 122477 66352.8 49073.1 44132.6 24363.9 14322.6 13124.8 10292.7 10861.5 12385.8 20076.3 26985.4 33666.5 58271.4 55551.5
 33201.1 46103.7 22543.9 33016.9 63886.3 43729.5 77440.8 78598.6 96534 122396 66311.5 49161.1 44127.3 24350.6 14315.7 13130.5 10275.5 10872.4 12396.9 20053.9 26962.4 33658.4 58170.8 55530.2
 33178.3 46044.4 22535.3 33015.5 63883.5 43820.3 77438.9 78597.7 96470 122455 66342.1 49053.6 44174.7 24362.1 14303.5 13131.9 10264.5 10878.9 12407.7 20068.4 26947.4 33681 57994.8 55572.8
 33147.7 46045 22614.3 32989.8 63848 43879.8 77688.7 78513.7 96494.9 122553 66378.8 49061.5 44151.1 24287.2 14321.6 13143.4 10262.1 10867 12432.6 20044.9 27034.7 33625.7 57977.6 55687.2
 33290.8 46499.8 23008.9 33617.1 65031 44647.1 79161.9 79948.5 98612.6 124689 63859.5 48397 44606.4 23979.5 14524.1 13760 10362 10728.5 12987.9 21087.9 27979.9 35169 60184.9 54471.2
 33199 46198.7 22668.1 33145.1 64101.8 44049.4 78249.1 79094.5 97146.9 122845 65702.9 48846.9 44288 24217.8 14369.5 13310.4 10309.8 10848.2 12572.3 20304.1 27287.9 33935.1 58666.9 55396.7
 33210.2 46250.3 22735.3 33072.8 64105.7 43952.1 78101.7 79118.9 97108.7 122771 65562.5 48985.2 44340.5 24215.2 14381.3 13307.8 10293 10856.3 12583.1 20310.8 27278.8 33930.5 58650.7 55289.2
 33265.2 46281.9 22750.2 33098.7 64274.2 43965.3 78095.1 78902.8 96954 123144 65580.7 49089.1 44269.3 24176.5 14372.5 13305 10268.4 10855.6 12595.2 20322.2 27263.4 33944.9 58733.3 55303.9
 33323.1 46324.8 22731.8 33172.9 64386.7 44014.8 78205.6 78984 96867.4 123252 65667.6 49025.5 44276.1 24147.2 14371.2 13323.3 10264 10859.1 12590.6 20293.1 27282.5 34014.4 58695.5 55235.3
 33431.6 46270.8 22775 33134.8 64358.2 43933.9 78149 78974.5 97001.8 123198 65709.4 48995 44320.5 24125.8 14356.9 13322.6 10267.5 10871.8 12595.9 20294 27284.9 33969.9 58698.7 55084.5
 33402.6 46272.7 22776 32990.5 64146.1 43896.5 77970.8 78865.9 97000.2 123034 65740.7 49078.8 44314.9 24136.6 14359.9 13294 10271.1 10867.8 12582.9 20266 27264 33862.4 58840.5 55097.1
 33500.1 46268.3 22747.6 33005.6 64020.9 43834.6 78073.5 78844.2 96851 123144 65856.4 48954 44349.2 24120.4 14351 13299.2 10266.1 10886.5 12581.7 20293.5 27297.9 33911.1 58737.7 54918.3
 33449.6 46237.2 22770.9 33019.6 63982.1 43794.5 78090.2 78720.1 96789 123381 65779.9 49030.9 44319.3 24115.7 14350 13297.8 10283.9 10879.8 12588 20321.4 27331.5 33944.6 58911.2 54954
 33437.6 46161.8 22661.1 32993.3 63908.6 43635.5 77964.8 78643.7 96669.3 123474 65782.3 48981.7 44344.9 24145.7 14335.3 13310.9 10279.3 10862.9 12555.4 20307.3 27360.9 33875.3 58986.5 54874.4
 33451 46200 22585.9 33066.1 63835.7 43601.5 78078.1 78607.6 96573.2 123443 65702.9 49006.6 44370.1 24162.1 14327.3 13316.2 10282 10851.2 12531.6 20318.5 27362.1 33924.2 58829.2 54984
 33456.4 46253.5 22610.5 33089.5 64043.4 43497.6 78151.7 78542.1 96468.7 123452 65773 48948 44424.1 24188.6 14325.5 13326.3 10295.8 10846.8 12531.2 20309.3 27357.3 34027.5 58942.7 54969.2
 33576.5 46215.5 22609.8 33124.8 64020.5 43559.5 78164.6 78418.5 96509.1 123386 65894.6 48854.3 44407.9 24245.5 14312.7 13341.4 10286.2 10836.4 12508 20313.9 27317.2 34050.3 58713 54951.6
 33518.4 46146.3 22614.2 33127.6 64126.4 43583.8 78283.1 78420 96557 123500 65933 48760 44351.4 24279.5 14299.1 13335.5 10285.2 10851.2 12489.3 20313.5 27315.3 34092.5 58675 54894.9
 33445.5 46131 22669.4 33217.3 64273.7 43544.6 78493.8 78617.9 96550.8 123397 65947.9 48774.6 44307.5 24275.2 14282.7 13342.6 10284.5 10865.2 12469.7 20334.2 27340 34078.3 58600.2 54892.5
 33462.1 46086 22588.8 33348.3 64256.8 43572.8 78477.8 78612.8 96463.8 123521 65994.5 48755.4 44320.8 24265.8 14263.5 13335.4 10287.1 10878.1 12475.9 20344.8 27353.5 34105 58527.5 54848.8
 33448.7 46156.9 22540.8 33227.3 64077.6 43615.7 78450.8 78731.1 96348.7 123421 65943.1 48852 44311.7 24281.7 14235.4 13337.1 10297.7 10868.5 12444.7 20318.9 27336.6 34065.3 58444.4 54841.8
 33399.6 46163.8 22529.6 33247.3 63975.2 43661.9 78393.7 78677.6 96267.6 123570 65952 48781.7 44307.5 24320.9 14220.5 13316.3 10307 10868.8 12456.4 20292.4 27334.3 34128.7 58454.1 54728.2
 33397.8 46089.7 22545.7 33279 63951.4 43670.3 78350.2 78807.1 96259.5 123547 65831.4 48825.5 44372.9 24299.8 14195.8 13315.4 10304 10850.4 12447.4 20255.1 27369.5 34095.5 58473.1 54681.4
 33473.7 46047.3 22557 33453.3 63981.2 43753.3 78409 78849 96285.3 123472 65866.7 48796.6 44407.2 24308.2 14170.4 13330.9 10306.8 10845.5 12458.6 20267.6 27390.4 34050.9 58542.6 54643.8
 33500 45878.4 22649.7 33472.1 64087.1 43942.2 78512.3 78752.5 96500.6 123432 65848.7 48770.9 44398.9 24279.8 14197.1 13326.6 10313.2 10839.8 12476.2 20334.1 27403.4 34116.6 58640.3 54770.9
 33442 45872.3 22638.5 33638.2 64128.9 43947 78696 78880.2 96525.6 123297 65854.7 48780 44469.5 24219.4 14207.6 13326.2 10303.5 10830.7 12481.4 20343.2 27444.3 34181.3 58741.8 54831
 33447.7 45903.7 22629.2 33643.5 64156.5 44082.1 78643.1 78768.2 96757.2 123115 65773.3 48863.5 44488.6 24224 14205.4 13339.5 10293.4 10828.6 12495.2 20350.4 27436.4 34192.3 58726.8 54875.6
 33424.4 45808.4 22673.3 33756.6 64096.3 44171.5 78563.2 78881.4 96682.2 123133 65788 48865.5 44510.7 24207 14213.1 13321.5 10304.7 10813.4 12490.1 20345.1 27450.6 34146.4 58680.5 54784.1
 33378.1 45861.9 22784 33616.7 64086 44283.7 78479.5 78734.4 96813 123229 65820.4 48839.1 44497.7 24177.7 14212.8 13299 10304 10811.4 12494.3 20419.9 27434.4 34128.9 58746.3 54738.9
 33288.9 45899.7 22840 33609.1 64013.4 44271.2 78495.6 78693.6 96767.2 123285 65822.1 48843 44475.3 24138.7 14250.6 13283.5 10306.1 10811.3 12513 20399.8 27468.6 34064.5 58740.2 54782.1
 33220.8 45852.8 22815.1 33578 64105.2 44235.4 78684.9 78637.7 96539.9 123289 66019 48770.4 44531.3 24075 14262 13312.6 10306.6 10826.4 12546.8 20434.6 27445.8 34059.4 58921.3 54896
 33272.9 45922.6 22828.9 33498.4 64030.3 44186.9 78694.1 78659.7 96292.2 123344 66099.5 48631.1 44560.1 24082.8 14280.4 13290.4 10275 10822.9 12498.2 20447.8 27411.3 33976.5 58713.5 54907.2
 33186.5 46117.1 22847.5 33455 63961.7 44251.4 78591.3 78521.4 96602.3 123402 66156.3 48603.3 44499 24039.8 14303.2 13292.9 10272.9 10835 12513.8 20425.1 27441.2 33993.5 58711 54899.1
 33089.7 46206.2 22868.8 33504.1 63997.4 44329.5 78898.4 78633 96777.4 123367 66167.7 48432.2 44525.5 24054.6 14294.1 13293.7 10295.3 10834 12541.7 20447.2 27430.8 33999.4 58840.7 55070.8
 33068.9 46209.8 22940.2 33491.3 64027.8 44226.2 78987.6 78441.5 96867.7 123221 66195.3 48503.1 44565.9 24028.9 14289.6 13275.7 10291.6 10817.1 12553.8 20432.3 27458.5 34042.3 58838.7 55007.7
 33169.3 46360.1 22902.6 33444.9 63913.9 44186.3 78922.9 78475.3 96939 123147 66177 48591.6 44503.3 24057.4 14305.5 13262.6 10284.3 10815.2 12555.4 20435.5 27448.4 34032 58912.3 55048.9
 33180 46412 22877.5 33438.3 63971.2 44181.2 79069.6 78472.5 97078.1 122937 66252.7 48552 44535.7 24046.7 14306.6 13261.6 10281.1 10840.4 12573.2 20485.5 27473.1 34017.1 58822.7 55167.4
 33164.6 46389.6 22877.2 33353.6 64189 44229 79050.1 78347.1 97355.5 123064 66174.2 48559 44489.4 24030.8 14315.8 13255.1 10263.8 10837.7 12563.1 20517.4 27474 33988.9 58952.4 55144.4
 33231.7 46295 22845.9 33376.8 64077.2 44163 78839 78560.9 97485.3 123161 66111 48490 44547.7 23994.7 14331.4 13246 10263.9 10850 12551 20544 27448 34032.6 59057.1 54992.3
 33234.3 46335.8 22868 33384.8 64054.1 44139 78858.3 78654.1 97349.9 123291 66046.6 48518.8 44522.9 24013.5 14303.2 13257.7 10272.5 10848.4 12544.8 20531.5 27443.5 34057.7 59146 55004.5
 33183.6 46161.4 22911.2 33425 64098 44217.6 78707.5 78701.7 97521.7 123251 65865.3 48594.2 44543.7 24012.2 14304.1 13265.2 10279.4 10858.8 12562.4 20545.3 27452.3 34046.7 59151.6 55107.7
 33239.6 46064.9 22915.3 33451.7 64150.2 44255.9 78587.4 78620.2 97538.4 123253 65805 48675.4 44551.4 24017.9 14296.6 13264.1 10290.8 10854.6 12558.2 20522.5 27462.7 34065 59100.5 54992
 33366.3 45941.5 22910.5 33596.2 64169.7 44165.1 78595 78559.2 97380.5 123352 65881.7 48734.6 44518.7 24005.9 14276.6 13274.6 10302.9 10857.9 12562.7 20545 27538.3 34153.4 59224 54699.9
 33417.2 45958.2 22922.6 33573.6 64123.6 44137.1 78576.5 78664.2 97495.6 123285 65718.7 48804.4 44534.9 23995.7 14264.1 13279.1 10296.7 10842.7 12566.2 20525.6 27531.1 34155 59204.7 54658.5
 33420.5 46077.7 22914.6 33555 64009 44155.1 78622.9 78372.6 97466.9 123468 65694.1 48775.9 44527.8 24003 14256.6 13278.3 10293.1 10857.5 12547.5 20513.1 27584.5 34170 59129.2 54671.1
 33432.9 46117.7 22914.5 33520.5 63982.7 44156.1 78604.7 78359.6 97459.2 123410 65664.7 48814.5 44492.1 24020.2 14264 13266.5 10268.2 10864.8 12527.2 20525 27611.5 34154.7 59071.8 54564.7
 33448.9 46147.1 22932 33608.6 64008.9 44131 78611.9 78528.9 97595.1 123248 65652.5 48804.8 44524.3 24016 14259.7 13263.1 10278.9 10859.5 12537.2 20514 27626.6 34175.7 59106.1 54641.7
 33546 46201 22974.1 33575.6 63843.3 44110.9 78761.9 78455.5 97576 123323 65517.7 48841.1 44540.3 24037.4 14263.2 13271.4 10292 10872.5 12532.3 20547.2 27650.1 34171.5 59017.1 54668.6
 33526.2 46264.2 23048.2 33684.3 63862.8 44100.9 78723.3 78508.3 97506.8 123054 65634.7 48865 44589.5 24002.3 14278.3 13270.9 10300.7 10877.6 12548.4 20513.5 27656.1 34172 58892.9 54741
 33518.1 46384.6 23010.5 33725.9 63903.9 44082 78576.8 78454 97573.9 123086 65656.4 48793.8 44572.6 24034.6 14271.8 13268.5 10306.1 10868.5 12550.4 20490.4 27650.2 34172.4 58802.4 54597.4
 33503.7 46291.1 22999.2 33640.8 63726.5 43978.5 78507.6 78378.6 97560.5 122985 65733.6 48731.7 44606 24080.4 14267.3 13259.5 10305.5 10861.6 12525.2 20443.8 27574.9 34207.5 58686.6 54455.5
 33585.7 46223 22932.9 33652.7 63709.3 43967.3 78592.4 78607.3 97727.3 122835 65598.8 48766.8 44638 24085.5 14263.8 13278.6 10313.9 10875.5 12536.8 20434 27613.3 34184 58602.5 54307.7
 33611.2 46225.1 22878.1 33570.7 63722.7 44086.3 78576 78873.7 97883.1 122650 65608.8 48817.5 44622.2 24045.4 14268.9 13291.3 10296 10893.9 12519.4 20417.9 27565.9 34241.9 58681.1 54437.4
 33606.8 46166.6 23002.9 33528.7 63828.9 44260.4 78527.1 78835.2 97959.7 122428 65563.5 48790.4 44689.5 24065.1 14257.1 13293.1 10305.8 10895.2 12521.1 20407.9 27556.3 34260.7 58648.4 54340.5
 33648.5 46150.3 22948.2 33487.7 63619.3 44209.8 78389.3 79009.8 97805.4 122118 65790.3 48792.9 44697.8 24095 14231.3 13288.4 10285.6 10896.3 12576.9 20366.1 27582 34221.2 58618.3 54354.2
 33711.6 46105.4 22973.2 33538.5 63549 44288.3 78471.3 79020 97694.5 121934 65681.1 48918.2 44760 24079 14251.5 13272.5 10274.4 10883.5 12585.1 20378.1 27583.9 34314.3 58454.2 54103.4
 33772.8 45995.6 23073.8 33603.2 63609.8 44221.5 78629.1 78995 97609 122117 65622.4 48954.2 44756.9 24051.9 14238.2 13273 10283.3 10898.9 12577.9 20385.3 27587.9 34341.1 58417 53973.1
 33659.2 45935 23015 33598.5 63618.3 44233.2 78616.6 79036.1 97626.3 122093 65640.5 48933.6 44791.1 24017.6 14226.4 13281.5 10275 10911.6 12588.6 20433.1 27596.2 34314.9 58511.6 53940.9
 33776.6 45933.3 22853.5 33673.8 63571.2 44147.2 78455.5 79315.2 97752.7 122360 65480 48806.1 44826 24008.7 14211.7 13266.2 10283.3 10936.4 12584.7 20401.1 27564.8 34263.3 58419.3 53914.3
 33855.2 45813.7 22862.2 33795.3 63548 44190.9 78415.9 79422.1 97686.7 122531 65407.8 48744.7 44893.8 24002 14200.5 13247.8 10275 10931.3 12611.3 20446.8 27596.9 34405.8 58486.1 54119.3
 33961.8 45730.2 22891.9 33698.5 63449.9 44075.1 78308 79416.3 97596.2 122544 65371.2 48691.6 45021.6 23985.1 14206.1 13245 10287.7 10926 12620.1 20440 27576.5 34403.2 58457.8 54270.3
 33977.2 45764 23018.4 33720.3 63545.6 44152.7 78397 79584.1 97653.4 122563 65318.3 48661.9 45047.3 23960.4 14234.8 13236.4 10301 10910.4 12645.6 20446.4 27576 34474.6 58442.3 54285.3
 33906.5 45962.1 23036.3 33672.4 63560.1 44104.1 78414.8 79735.5 97592.5 122622 65151.8 48703.1 45079.5 23987 14236.8 13227.8 10287.9 10913.1 12654.5 20447.6 27627.5 34548.3 58461.5 54324.7
 33953.1 45922.3 23102.4 33752 63570.2 44138.1 78448 79885.5 97828 122570 65187.3 48566.2 45119.2 23964.9 14240.5 13217.6 10292.2 10930.6 12666.8 20427.1 27617.7 34607.9 58554.2 54266.4
 34007.8 45942.9 23154.1 33751.1 63610.5 44184.1 78527.3 79563.2 97964.1 122697 65252.7 48493.1 45095.6 23978.9 14264.3 13214.8 10297.2 10926.8 12671.2 20459.3 27622.5 34636.5 58578.7 54319.7
 34101.6 46044.4 23248.8 33671.5 63489.1 44161.7 78600.2 79551.9 97863.4 122624 65135.7 48560.9 45083.7 24012.4 14273.6 13238.4 10298.8 10909.8 12672.2 20447.8 27531.2 34571.6 58573.8 54240.7
 34098.4 45998.5 23333 33745.9 63594.4 44161.6 78878.1 79610.4 98001.7 122484 65183.3 48544.7 45053.7 24026.9 14248.5 13245.3 10299.2 10895.3 12694.6 20496 27516.1 34511.9 58510.8 54257.4
 34090.5 45967 23343.7 33723 63440.5 44216.8 78887.1 79536.5 97968.4 122487 65177.4 48499.7 45071.5 24037.5 14271.7 13264.8 10293.9 10901.4 12659.9 20509 27509.7 34441.5 58416.5 54342.5
 33995.6 46048.3 23345.2 33703.5 63465.1 44155.6 78946.6 79633.3 98116.1 122352 65055.6 48461 45180.4 24038.3 14258.4 13244.4 10305.2 10912.2 12694.1 20499.9 27537.2 34380.6 58309.5 54486.3
 33982 45987.1 23373.8 33685 63584.8 44074.5 78907.6 79670.5 98141.4 122353 65199.8 48471.1 45139.5 24028.9 14252.6 13256.2 10298.5 10912.4 12715.9 20486.2 27568.5 34338.8 58115.3 54671.1
 33910.8 46034.5 23324.6 33738.6 63437.2 44179.8 78794.1 79730.9 98160 122203 65253.7 48553.1 45035.6 24039.8 14267.1 13249.5 10294.8 10899.4 12713.7 20481.7 27525.1 34306.1 58034.8 54692.3
 33381 45194.9 22425.8 32103.1 60708.3 42470.6 75692.6 77062.7 93684.1 117410 71031.3 49749 44169.4 24732.5 13845.1 12008.1 10089.7 11217.6 11553.2 18342 25526.7 31084.7 53771.7 57163.2
 33396.8 45198.1 22374.5 32082.7 60835.7 42530 75680.3 77083.9 93758.1 117456 71035.8 49704.9 44155.4 24735.2 13830 12014.9 10091.7 11214.6 11559 18382.2 25596.6 31116 53791.9 57196.5
 33594 45658 22823.9 32827.1 62149.2 43460.2 77355.4 78404.1 95974.3 119859 68014.7 49034.9 44726.3 24333.7 14062.7 12632 10202.7 11037.3 12198 19491.7 26645.5 32763.4 56056.6 55859.6
 33539.5 45713.1 22803.5 32831.9 62084.7 43519.7 77228.2 78496.3 96048.7 119711 68064.7 48955.2 44755 24341.4 14054.6 12619.6 10199.8 11029.9 12207 19476.2 26643.5 32805.9 56064.2 55956.1
 33642.1 45683.3 22777.5 32844.8 62046.2 43443.2 77261.4 78454.8 95927.8 119790 67951.6 49034.4 44753.3 24354.9 14057.4 12616 10193.6 11034.5 12209.2 19493 26638.3 32757.8 56119.3 56002.9
 33729.4 45554.4 22754.8 32875.6 61876.8 43428 77260.5 78524.6 96261.4 119908 67722.2 49023.8 44753.4 24367.3 14046.2 12631.1 10200.4 11018.9 12202.2 19471.8 26679.1 32718.5 56004.8 55902.5
 33810.2 45515.7 22684.5 32748.2 61950.7 43475 77345.4 78740.6 96059.7 119837 67720.3 49074.6 44751.7 24363.2 14054.4 12627.8 10206.1 10998.8 12193.2 19419.6 26585 32749.9 55868.3 56092.1
 33911 45574.4 22675.7 32672.1 62176 43456.7 77312.3 78617.9 96468.5 119547 67783 49084.6 44757.9 24358.9 14028.4 12640.1 10194.1 11022.2 12191.8 19452.6 26608 32730.6 55802.3 56158
 33861.3 45545.9 22706.2 32671.1 62290.8 43575.5 77311.4 78520.9 96709.5 119602 67702.5 48891.9 44874.4 24344.6 14033.4 12628.1 10196 11014.9 12179.7 19452.1 26583.7 32708.1 56024.5 56266.7
 33844.4 45544.7 22660.4 32659.2 62306.1 43491.5 77230.6 78584.3 96868.2 119461 67655.2 48865.4 44918.8 24340.2 14031.2 12642.1 10204.7 11000.4 12163 19484.4 26565.7 32751.5 56149.2 56137.2
 33836.8 45571.6 22605.3 32669.4 62296.2 43539.1 77267.2 78618.9 96734.7 119319 67673.9 48910.5 44941.3 24362.4 14034.9 12621.7 10195.4 11012.3 12164.4 19510.3 26593.6 32785.6 56106 56012.1
 33897 45542.6 22678.3 32673.7 62070.8 43528.2 77207.4 78765.4 96692.3 119434 67621.1 48888.1 44942.8 24355 14025.5 12611.8 10206.2 11016.4 12182.2 19499.3 26604.4 32850.1 56166.3 55976.7
 33962 45452.9 22676.9 32506.9 62062.5 43568.1 77134.8 78755.5 96772.9 119481 67707.3 48821.2 44905 24343.7 14029 12610.1 10211.9 11033.1 12160.3 19503 26662.1 32888.3 56081.5 56031.1
 33870.8 45573.3 22706.1 32463.1 62191 43526.9 77096.3 78590.7 96724 119524 67850.5 48765.8 44869.7 24349.1 14032.1 12588.1 10218.4 11026.7 12165.8 19519.4 26593.3 33037.1 55971.8 56247.1
 33951.5 45466.2 22682 32572.9 62266.3 43402.3 77051.9 78587.9 96766.5 119594 67869.6 48813.9 44865.7 24338.2 14027.7 12621.5 10236.5 11026 12162.8 19512.4 26624.2 33028.8 56041.6 56266.4
 33975 45458.2 22696.8 32609.7 62322.9 43398.5 76949.2 78564.7 96962.3 119662 67810.8 48739.7 44887.3 24345.8 14028.3 12629.2 10245 11024.6 12147.3 19492.7 26646 32971.7 56011.8 56274.5
 33901.5 45349.9 22737.6 32541.8 62154.2 43274.3 76885.8 78739.5 96649.4 119627 67974.6 48738.3 44906.5 24353.7 14018.1 12617.3 10241.6 11010 12165.8 19429.1 26596.5 32967.6 55962.5 56375.5
 33933.3 45291.6 22631.9 32539.4 62074.2 43149.8 76689.7 78590.1 96790.9 119589 68034.4 48726.3 44861.9 24362 14008.7 12620.1 10230.9 10999.8 12168 19398.7 26577.9 33027.1 56007.1 56538.7
 33728.4 45390.4 22490.5 32478.5 62063.9 43195.3 76692.8 78683.8 96748.2 119663 67994.5 48692.5 44799.8 24395.8 14011.4 12605.7 10245.8 11008.9 12158.7 19360.7 26576.3 32989.2 55989.8 56323.9
 33882.3 45768.3 22704.7 32996 63097.8 43868.9 77714.2 79918.6 98314.6 121065 66052.2 48272.5 45181.1 24138.5 14175.1 13051.9 10310.4 10888.8 12539.8 20117.9 27282.5 34154.3 57466 55475.9
 33814 45865.3 22660.3 32993.8 63082.4 43805.9 77568.1 79881.9 98449.4 120988 66110.8 48273.6 45190.5 24146.4 14167.1 13082.2 10316.5 10883.4 12513.4 20177.7 27244.8 34156.7 57428 55547.7
 33755 45802.3 22683.3 33041.2 62990.7 43696 77575.3 79877.3 98411.7 120810 66153.9 48212.4 45317.7 24144.7 14168.3 13088.5 10298.2 10879.5 12490.7 20164.5 27196.7 34094.4 57310.3 55575.3
 33809.8 45871.7 22668.6 33014.2 62970.6 43596 77548.3 79829.9 98378.9 120829 66164.9 48224.2 45373.5 24129.8 14158.1 13104.6 10292.6 10870.6 12496.2 20157.7 27189.4 34004.7 57106.9 55441
 33866.3 45829.6 22691.6 32914.3 62944.3 43498.8 77626.4 79737.9 98483.2 120922 66106.8 48310.6 45253 24155.1 14158.1 13105.4 10302.8 10896.5 12526 20161.2 27197.8 34111 56957.3 55330.5
 33839.9 45752.4 22662.2 32961.4 62965.1 43571.1 77657.2 79776.1 98537.8 120891 66101 48354.1 45198 24149.5 14162.3 13123.5 10288.5 10902.1 12558.8 20187.9 27269.5 34174.8 56970.9 55394
 33851.5 45668.1 22708.6 32968.9 62921.2 43466.9 77564.4 79794.8 98474.4 120796 66000.4 48406.7 45199.9 24245.6 14140.1 13113.6 10282.1 10888.2 12568.6 20165.2 27239.8 34116.5 56813.7 55392.4
 33767 45719 22789.9 33018.1 62903.4 43621.3 77789 79672.6 98411.3 120780 66061 48390.9 45242.2 24236.4 14138.3 13126.4 10279.3 10870.7 12593.8 20170.6 27281.3 34210 56863.5 55304.8
 33823.4 45748.3 22810 33025.3 62914.5 43510.5 77793 79659.4 98388.2 120788 66104.4 48333.9 45282.9 24222.6 14143.8 13109.6 10280 10873.8 12565.5 20129.1 27350.3 34251 57013 55242.7
 33886.1 45679.7 22882.4 33052.9 62944.2 43633 77842.5 79544.4 98292.7 120759 66263.7 48221.1 45325.1 24220.2 14152.4 13109.7 10286.7 10862.1 12572 20174.1 27365.2 34320.8 56726.7 55189.6
 33880.4 45782 22903.1 33115 62852.8 43626.8 77652 79394.2 98383 120678 66283.2 48275.2 45322.2 24224.4 14148.2 13093.9 10275.5 10828.9 12582.2 20161.3 27350 34366.1 56569.2 55005.6
 33756.7 45876.3 22959.2 33052.8 62822.2 43549.7 77947.6 79401.2 98075.7 120503 66312.7 48265.5 45367.8 24239.3 14155.7 13090.4 10242.3 10834.4 12585.7 20117.2 27315.1 34366.2 56516.8 55064.1
 33785.7 45826.6 22936.3 33036.3 62952.8 43657 78160.4 79132.7 98102.5 120462 66479.5 48238.3 45268.9 24252.9 14158.3 13089.6 10262.1 10845.7 12593.6 20105.9 27304.4 34351.2 56599.3 54718
 33965 45738 22901 33040.1 62941.8 43656.8 78345.9 79324.2 97831.5 120479 66473.6 48183.1 45286 24250 14161.7 13105.8 10242.5 10877.9 12608.9 20126.6 27266.6 34315.5 56640.8 54870.4
 33927.4 45770.1 22935.9 33071.4 63016.2 43584.8 78210.2 79347.6 98054.3 120554 66477.2 48179.4 45230.4 24253.1 14140.3 13130.8 10245.8 10888.6 12574.7 20088.4 27252.5 34370.5 56621.2 55006.8
 34010.1 45721.4 22906.6 33090.1 63058.2 43721.6 78275.8 79459.3 98321.1 120565 66396.9 48129.3 45202.3 24234.4 14160.5 13137.8 10261 10883.7 12591.5 20120.8 27226.7 34452.6 56740.4 55001.3
 33946.6 45708.7 22931.9 33161.8 63056.3 43891 78173.4 79571.4 98192.8 120610 66217.7 48213.5 45243.6 24223.9 14172.3 13126.8 10274.5 10886 12590.2 20113 27217.7 34508.7 56738.2 55024.7
 34011.2 45706.4 22894.7 33172 63192.3 43935.7 78478.9 79530.8 98189.6 120549 66109.7 48233.7 45353.4 24179 14176.4 13148 10268.2 10891.6 12571.3 20149.8 27241 34373.6 56669.1 55220.2
 34116.4 45632.9 22882.7 33129.9 63183.3 43950.6 78464 79602.9 98289.2 120537 66054.5 48189.1 45339.7 24212.1 14159.1 13152.2 10268.6 10892.9 12580.3 20176.8 27243.5 34341.4 56927.9 55270.2
 34091.3 45718.8 22949 33163.2 63221.1 43992.3 78358.8 79619.9 98482 120429 66137.8 48200.2 45291.7 24190.8 14174.2 13156.8 10281.6 10912.7 12564.4 20161.2 27322.1 34287.6 57031.7 55687
 34170.8 45782.5 22952 33220.5 63144.3 43991.8 78181.3 79839.4 98434.5 120340 66144.4 48210.8 45306.4 24197.7 14180.4 13145.5 10283.8 10900 12567.4 20130 27370.9 34271 57004.5 55664.7
 34102.7 45762.7 22897.7 33256.1 63193.9 44088 78109.7 79870.8 98297.1 120684 66107 48134.4 45347.3 24166.7 14169.7 13168.9 10294.1 10901.3 12574.2 20133.7 27415 34271 57040.8 55541.7
 34041 45929.8 22875.2 33196.9 63187.7 43969.4 78037.4 80085.2 98348.9 120830 65862.5 48074.5 45421.2 24191.6 14180.7 13191.6 10303.7 10904.9 12575.1 20152.4 27415.3 34284 57116.1 55484.2
 34026.8 46042.2 22830 33255.7 63088.8 44126.4 78065.5 80143.5 98623.3 120711 66020.6 47902.3 45414.2 24174.7 14194.5 13218 10294.8 10911 12574.5 20219.1 27424.1 34218.4 57088.1 55586.6
 33966 45984.1 22770.6 33328.7 63029.5 44091.1 77966.5 80093 98490.4 120724 66111.5 47888.2 45384.4 24188.5 14171 13234.4 10264.3 10903.3 12615.3 20269 27391.9 34253.4 57187.6 55590.5
 33968.2 45961.5 22760.2 33288.6 63000.2 44087.7 77914.5 80106.6 98551.7 120601 66128 47886.1 45442 24181.6 14161.8 13244.3 10255.4 10891.2 12613.7 20268.6 27393.6 34253.8 57320 55560.2
 33999.9 45963.5 22782.6 33270.8 63035.1 44063.6 77891.9 80018.7 98592.7 120836 66269.6 47740 45436.9 24154.4 14149.5 13245.9 10244 10901.8 12640.9 20288.2 27377.9 34297 57256.8 55810
 34074.3 45881 22776.5 33301.2 63160.3 44134.7 77967.6 79976 98679.8 120897 66287.4 47715.6 45430.4 24136.3 14171.2 13267.7 10236.5 10885 12653 20319.2 27402.6 34208.8 57237.1 55868.9
 34093.4 45897.5 22846.1 33181.6 63162.2 44169.1 77932.4 79878.1 98551.5 120900 66317.5 47690.7 45464.7 24120 14194.4 13266.8 10232.6 10884.4 12656.6 20302.4 27393.8 34215.2 57270.1 55949.6
 34092.8 45883.4 22842.7 33118.4 63023.6 44148.8 77939.6 79911 98692.6 120932 66379.8 47614.4 45467 24113 14204 13273.9 10224.4 10890.8 12673.8 20341.2 27408.9 34154.4 57337.5 55880.1
 34132.6 45813.1 22874.9 32997.5 63047.3 44229.6 77866.4 79898.4 98688.3 121019 66349.3 47647.9 45515 24079 14211 13274.9 10243.4 10891 12655.6 20370.2 27451.4 34077.3 57468.6 55841.4
 34186.6 45638.3 22846.3 33066.9 63105.2 44249.3 78028 79913.8 98497.3 121174 66308.7 47690.1 45451.1 24120.1 14218.9 13260.7 10222.7 10913.1 12651.5 20391.8 27455.7 34096 57511.5 56113.2
 34246.1 45578.1 22916.5 33146 63313.5 44357.1 78141.9 80004.5 98606.9 121185 66213.8 47705 45480.3 24106.2 14223.2 13269.9 10212.6 10917.1 12656.3 20430.7 27555.8 34105.6 57507.9 56024.8
 34306.8 45506.4 22905.1 33193.9 63239.9 44340 78140.6 79971.9 98655.6 121097 66143.4 47786.8 45500.8 24091.5 14241.4 13251.8 10205.9 10907.5 12638.2 20431.5 27563.1 34094.8 57439.5 55969.2
 34311.3 45569.7 22931.5 33206.6 63193.4 44406 78257.3 79792.4 98877.8 121060 66189.6 47703.4 45526.3 24091.1 14248.7 13273.9 10208.3 10905.2 12628.9 20457.4 27621.7 34099.7 57500.3 55803.7
 34280 45604.2 22850.2 33110.5 63132.7 44361.8 78289.3 79791 98865.8 120895 66288.5 47785 45522.8 24085.4 14232.4 13279.1 10216.2 10898.3 12624.5 20426.7 27677.9 34067.1 57482.7 55968.4
 34307.1 45565 22842.6 33214.5 63156.2 44458.5 78270.4 79870.6 99006.7 121121 66312.7 47656.5 45462.8 24092.8 14239.8 13298.1 10218.1 10902.9 12631.9 20436.6 27773.2 34127 57312.1 56049.8
 34289.5 45532.2 22898.8 33218.4 63137.2 44515.3 78314.2 79892.2 98993.2 121202 66242.4 47745.2 45399.2 24128.4 14219.1 13301.8 10233.9 10896.7 12625.1 20427 27787 34125.8 57275.8 56115.9
 34218.4 45459.3 22843.3 33121.6 63064.3 44597.8 78134.2 79730.5 99036.6 121335 66119.8 47768.7 45409.8 24134.1 14219 13281.6 10218.3 10880.1 12608.6 20401.8 27761.6 34040.3 57306.7 56074.2
 34238.1 45422.5 22800.6 33228.5 63135.9 44562 78063.7 79805.5 98850.2 121457 66130.3 47790.2 45404 24150.1 14188.1 13307.4 10203.1 10879.6 12660.4 20398.2 27725.2 34058.2 57388.6 56033.1
 34325.8 45358.6 22842.4 33197.6 63000.7 44633.4 78004.1 79716.4 98714.8 121529 66142.5 47851.5 45358.6 24174 14172.5 13299.6 10218.8 10860 12656.4 20403 27677.5 34057.9 57226.9 56077.4
 33741.6 44378.5 21779.8 31532.8 60091.8 42628.4 74347 76431.5 93697.5 116506 72894.8 49141.1 44345 24948.3 13663.6 11889.7 9992.25 11229.6 11312 17993.3 25460.5 30389 52278 59438
 34242.4 45295.9 22723.3 33105.4 62815.9 44495.2 77429.6 79358.7 98304.7 121300 66855.9 47867 45216 24270.2 14093 13158.7 10215.4 10898.3 12515.4 20124.9 27496.2 33663.7 56651.3 56780.1
 34209.4 45368.3 22692.7 33115.3 62736.7 44503.2 77289 79419 98199.3 121260 66897.3 47874.2 45173.3 24298.8 14101.3 13166.5 10208.9 10898.1 12520.8 20147 27542.9 33550 56621.9 56743.8
 34215 45329.5 22713.3 33204.5 63025.3 44547.7 77431.5 79380.8 98235.9 121439 66925.4 47784.6 45105.3 24288.6 14113.7 13152.4 10206.5 10882.3 12557.5 20122.9 27507.8 33530.7 56738.7 56792.7
 34253.1 45342.3 22773.8 33180 63046.4 44664.6 77304.6 79372.4 98253.1 121263 66902.1 47861.6 45135.5 24299.8 14092.2 13140.7 10208.6 10874.3 12541.7 20171.3 27501.5 33532.2 56659.1 56814.5
 34262.7 45372.6 22653.4 33136 63276.3 44670.7 77381.2 79398.8 98326.4 121094 66952.8 47796 45137.9 24322.5 14070.1 13152.8 10229.1 10889.4 12540.4 20182.9 27456.4 33541.6 56706.9 56875.7
 34204.5 45508.7 22655.8 33132.3 63037.2 44685.6 77417.1 79331 98386.3 121135 66879.9 47796 45156.1 24304.6 14082.8 13161.2 10221.4 10881.4 12541.1 20140.1 27448.5 33434 56659.9 56832.7
 34117.4 45577.3 22615.4 33153.9 62921.7 44752.4 77359.2 79257.1 98254 121109 66961.7 47784 45153 24312.3 14094.5 13142.1 10234.6 10889 12547 20093.1 27434.5 33461.3 56546.5 56726
 34073.7 45502 22667.9 33109.2 62922.9 44652.1 77420.8 79079.4 98167.5 121188 66769.9 47799.1 45214 24328.3 14097.6 13143.9 10226.8 10856.4 12534.4 20028.9 27398.9 33405.7 56426 56635.8
 34111.7 45539.3 22727.2 33177.1 62993.3 44682.2 77391.4 79053 98045.3 121252 66744.9 47786.9 45254.1 24339 14102 13133.6 10211.7 10859.4 12506.5 20026.7 27460.6 33424.2 56409.8 56627.9
 34076.9 45525.5 22730.3 33236.9 62968.3 44651.5 77382.3 79032.6 98085.4 121360 66785.6 47735.7 45211.5 24351.4 14102.2 13162.2 10214.6 10853.2 12505.8 20030.3 27487.1 33427.8 56432.5 56667.8
 34069.7 45462 22718.4 33314.4 63065.3 44559 77186.9 79085.7 98129.3 121340 66864.1 47608.8 45271.1 24363.7 14083.1 13171.9 10203.2 10867.7 12487.6 19982.7 27530.8 33421.2 56333.6 56563.2
 33975.2 45378.2 22669.2 33280.2 63045.2 44458.5 77166 78950.3 98027.6 121445 66941.7 47561.9 45320.3 24308.2 14111 13161.8 10206.3 10871.3 12474.8 20045.1 27539.8 33363.5 56227.5 56438.7
 34132.7 45256.5 22671.7 33416 63112.7 44419.1 76957.2 78993.9 98030.9 121404 66985.4 47655.3 45268.2 24286 14127.6 13187.1 10197.1 10875.3 12446.9 20080.3 27558.7 33330.5 56209 56527.1
 34168 45257.3 22696.9 33318.8 62972.2 44321.6 76884.8 78805.7 97910.2 121650 66847.1 47682.5 45356 24227.7 14146.7 13171.8 10211.8 10868.5 12427.8 20113.6 27546.1 33353.7 56283.4 56556.6
 34066.5 45375.9 22739.5 33353.3 62896 44385.8 76839.1 78777.4 98031.5 121444 66816.7 47811.1 45363.1 24206.8 14158.5 13184.3 10200.8 10868.5 12421.5 20171.8 27567.7 33369.4 56238.4 56454.3
 34095.1 45346.7 22776.8 33313.1 62839.8 44352.2 77089 78812.3 97935.4 121475 66880.4 47777.5 45364.9 24159 14150.6 13198.4 10186.2 10841.7 12463.3 20162.5 27567.9 33240.4 56151.1 56569.2
 34143.5 45349.8 22776.6 33214 62723.8 44378.1 77013.8 78811.2 98023.1 121259 66957.2 47872.5 45355.2 24118.2 14166.6 13201.7 10183.7 10845.8 12452.1 20151.4 27561.6 33199 56280 56505.5
 34159.7 45307.9 22839.9 33209.8 62707.1 44258.3 76986.4 78971.1 97975.4 121261 66934.5 47854.9 45404.1 24109.2 14179.1 13190 10165.3 10837 12446.9 20153.9 27554.8 33234.6 56362.1 56424.9
 34184.2 45253.6 22798.7 33270.2 62615.7 44311.4 77042.6 78822 97914.3 121370 66947.8 47796.1 45448 24133.5 14158.8 13183.9 10186.2 10835.8 12438.5 20159.9 27601.4 33237.7 56417.4 56344.7
 34167.7 45180 22767.1 33195.4 62610.9 44214.4 77072.3 78665.9 97811 121303 67002.5 47770.8 45453.3 24148.9 14156.1 13161.1 10181 10833.9 12406.1 20140.8 27557.7 33219.6 56353.4 56584.5
 34100.3 45237.6 22650.1 33189.6 62537.5 44216.3 77055.5 78470.4 97791.8 121469 66980.4 47739.8 45470.2 24124.6 14149 13151.1 10186.5 10825.2 12401.9 20119.2 27521.9 33306.5 56274.5 56425
 34145.1 45336.5 22699.4 33224.4 62625.5 44307.1 77041.7 78500.8 97795 121469 67006.8 47759.4 45514.6 24069.1 14149.6 13166.9 10173 10827.8 12395 20127.9 27582.6 33417.3 56344.8 56456.1
 34066.2 45324.5 22788.5 33187.3 62811.5 44259.3 76984.7 78595 97873.4 121451 67217.1 47629.8 45458.1 24058.6 14160.7 13208.3 10158.2 10823.1 12400.2 20132.3 27534.9 33407.8 56086.7 56496.3
 34050 45332.6 22840 33166.6 62926.3 44185.5 77184.3 78380.2 97993.6 121599 67166.5 47531.8 45535.8 24040.1 14166.5 13207 10161 10840.6 12410.4 20160.4 27517.9 33470.3 56096.7 56585.5
 34143.9 45337.7 22790.2 33171.4 62978.7 44205.6 77197.1 78324.1 98054.7 121609 67161 47595.9 45511.8 24042.8 14168.4 13209 10150.2 10851.6 12395.6 20170.9 27588.6 33467.4 56262.7 56652.2
 34146.7 45348.3 22809.7 33148.3 62858.9 44213.4 77269.6 78387.2 98077.2 121451 67304.3 47665 45376.1 24099.9 14143.8 13205.1 10133.8 10856.9 12387.4 20165.4 27626 33412 56217.5 56576.4
 34050.6 45466.3 22806.8 33072.8 62679.6 44289.3 77235.6 78266.4 97921.7 121597 67314.6 47701.9 45301.3 24126.1 14146.3 13189 10122.2 10860.7 12367.2 20175.5 27610.3 33302 56190 56453.7
 34104.9 45541.1 22803.8 33088.3 62789.6 44326.6 77198.9 78372 98064.6 121441 67511.1 47579.8 45311.1 24117.2 14158.4 13203 10130.3 10888 12364.4 20207.7 27589.8 33301.2 56301.2 56359.6
 34164.7 45476 22688.3 33154.1 62639.1 44378.3 76990.8 78591 97876.7 121449 67480.9 47741.2 45240.2 24111.5 14157.9 13171.9 10108.8 10875.7 12325.7 20180.1 27538.1 33303.2 56353.8 56054.1
 34267.1 45410 22659.5 33234.8 62600.1 44502.7 77147.2 78225.2 97863.8 121522 67406.7 47693.2 45333 24099.6 14177.5 13158.9 10104.7 10870.3 12333.4 20129.4 27592.5 33284.1 56286.4 56018.3
 34315.4 45395.5 22702.9 33348.7 62655.9 44533.5 77171.4 78238.9 97870.3 121605 67432.5 47638.8 45321.7 24096.2 14198.5 13162.8 10114.6 10904.3 12329.1 20116.2 27624.4 33386.3 56363.8 56086.2
 34398.7 45315.1 22640.7 33421.8 62742.7 44489.9 77226.8 78300.4 97721 121735 67379.4 47588.5 45348.1 24108 14216 13161.5 10103.1 10907.1 12333.7 20104.2 27642.5 33432.9 56460.4 55957.3
 34411.3 45316.2 22585.9 33389 62763.3 44527.8 77112.5 78279.3 97648.2 121707 67497.7 47629.7 45292.9 24093.8 14231.4 13170.1 10092.4 10920.1 12322.4 20101.3 27625 33394.9 56468.8 56059.5
 33975.2 44450.7 21704.9 31908.6 60099.6 42780.5 74201.6 75635.6 93215.2 117202 73439.7 48795.1 44380.2 24747.3 13798 11970.4 9875.9 11243.2 11179.1 18043.3 25736.5 30241 52355.9 58666.1
 34099.2 44718.1 22022.2 32416.5 60987 43357.9 75102.3 76502.9 94610.5 118688 71491 48400.7 44703.8 24498.6 13946.5 12381.9 9938.65 11144.5 11525.9 18696.2 26342.4 31324.3 53814.8 57888.5
 34175.2 44789 21910.7 32310.7 60965.2 43423.2 75054.6 76326.6 94711.4 118658 71536.1 48315.9 44737.6 24508 13940.5 12363.1 9945.91 11119.6 11501.8 18687.1 26327.1 31318.2 53852.7 57823
 34261.9 44944.4 21831.9 32234 60956.3 43420.8 74815.3 76250.9 94656 118919 71363.4 48355.1 44790.6 24519.5 13939 12333.3 9951.46 11115.7 11502.4 18666.1 26311.3 31354.3 53821.5 57720
