 1.54347e+06 1.49665e+06 1.65967e+06 1.73684e+06 1.71435e+06 1.45494e+06 3.10793e+06 6.33539e+06 4.76529e+06 3.29289e+06 1.71248e+06 1.24158e+06 2.56089e+06 2.81972e+06 4.12796e+06 4.20007e+06 3.85029e+06 2.91136e+06 3.5434e+06 3.5041e+06
 1.42424e+06 1.86016e+06 1.86561e+06 1.70303e+06 1.96733e+06 1.68245e+06 2.39246e+06 2.28916e+06 5.18596e+06 4.11881e+06 2.87001e+06 2.06192e+06 1.95298e+06 2.05435e+06 2.87125e+06 2.32006e+06 3.34003e+06 3.90286e+06 4.86221e+06 3.35523e+06
 1.05254e+06 1.2369e+06 2.88203e+06 4.34689e+06 5.72505e+06 5.331e+06 3.5391e+06 2.24314e+06 2.19667e+06 1.60082e+06 3.04583e+06 3.24229e+06 5.15571e+06 4.45289e+06 3.3035e+06 2.06647e+06 2.26766e+06 2.15864e+06 3.327e+06 3.40888e+06
 2.14761e+06 1.79122e+06 3.23941e+06 2.83165e+06 2.3488e+06 1.67189e+06 2.11337e+06 3.21781e+06 2.4201e+06 1.77308e+06 2.50748e+06 2.70254e+06 2.74143e+06 4.66966e+06 5.63081e+06 4.12717e+06 2.42993e+06 4.79783e+06 3.76274e+06 3.07795e+06
 2.7806e+06 3.35379e+06 2.96243e+06 2.50483e+06 1.82996e+06 1.73232e+06 1.74075e+06 2.02922e+06 1.78661e+06 2.32092e+06 2.67084e+06 5.63313e+06 4.58061e+06 3.44538e+06 2.16554e+06 2.04657e+06 1.54394e+06 1.1217e+06 1.23198e+06 1.28915e+06
 2.69511e+06 3.08938e+06 3.92507e+06 4.77733e+06 3.16365e+06 2.00929e+06 2.0196e+06 1.53629e+06 2.35535e+06 3.39875e+06 2.83311e+06 3.17669e+06 2.78957e+06 3.08471e+06 2.79929e+06 3.0617e+06 4.3187e+06 4.60827e+06 3.51526e+06 3.6988e+06
 1.55712e+06 2.07149e+06 1.89574e+06 2.77717e+06 2.24082e+06 1.74072e+06 2.14286e+06 5.48223e+06 3.90661e+06 2.90852e+06 1.46e+06 3.13831e+06 2.31814e+06 2.10421e+06 2.04323e+06 1.58392e+06 1.90701e+06 2.21243e+06 2.26082e+06 2.28875e+06
 2.58638e+06 3.52794e+06 4.16611e+06 3.05324e+06 3.19712e+06 2.25421e+06 4.58277e+06 4.30501e+06 4.54392e+06 5.17049e+06 5.94526e+06 4.7394e+06 2.81991e+06 3.21088e+06 2.62419e+06 2.77732e+06 3.22851e+06 2.6207e+06 3.83259e+06 3.85939e+06
 4.87604e+06 4.9084e+06 3.80079e+06 2.061e+06 2.86025e+06 2.52088e+06 2.21261e+06 2.40514e+06 6.5242e+06 4.69835e+06 3.30035e+06 1.78153e+06 2.92415e+06 2.92455e+06 3.22551e+06 2.16212e+06 2.96153e+06 2.27097e+06 3.54958e+06 3.04432e+06
 2.88622e+06 4.50543e+06 5.15062e+06 3.42335e+06 2.42915e+06 1.85352e+06 4.21774e+06 3.82827e+06 2.97158e+06 1.70009e+06 1.45564e+06 1.21458e+06 1.58902e+06 1.14665e+06 1.28673e+06 1.49229e+06 1.17106e+06 2.08515e+06 2.79598e+06 4.89981e+06
 840405 1.01073e+06 944914 1.57253e+06 1.66736e+06 3.13797e+06 2.68346e+06 3.26427e+06 2.94911e+06 2.36332e+06 1.88293e+06 1.8533e+06 3.7902e+06 4.90693e+06 4.43108e+06 3.2231e+06 2.10787e+06 1.95735e+06 1.62927e+06 1.49598e+06
 1.36254e+06 1.16045e+06 1.83517e+06 2.41206e+06 2.29018e+06 2.54482e+06 2.539e+06 2.82945e+06 2.75723e+06 2.06313e+06 1.24328e+06 903299 737125 629259 429784 1.02369e+06 960226 1.32513e+06 1.20333e+06 1.88974e+06
 943811 1.52647e+06 1.26139e+06 1.70461e+06 1.57188e+06 1.82754e+06 2.03743e+06 5.19601e+06 5.70596e+06 4.28044e+06 2.6671e+06 2.18772e+06 1.57977e+06 3.39772e+06 3.302e+06 2.45057e+06 1.83177e+06 1.93887e+06 1.81015e+06 3.08982e+06
 1.36982e+06 1.20094e+06 1.57109e+06 3.3953e+06 2.6385e+06 2.15542e+06 2.60987e+06 1.94512e+06 3.78339e+06 3.28425e+06 7.21731e+06 5.20637e+06 3.55103e+06 1.99099e+06 1.97587e+06 1.63148e+06 1.95782e+06 1.83064e+06 1.51521e+06 1.5645e+06
 1.73821e+06 2.44966e+06 4.02279e+06 3.17599e+06 4.84079e+06 5.16281e+06 3.86187e+06 3.09234e+06 1.93257e+06 2.65164e+06 2.72997e+06 4.1417e+06 3.16006e+06 2.56357e+06 2.05386e+06 3.99183e+06 3.53685e+06 2.81017e+06 2.39171e+06 4.5802e+06
 2.22913e+06 3.03338e+06 3.6017e+06 2.70077e+06 1.96441e+06 1.38275e+06 1.95566e+06 2.538e+06 2.94216e+06 4.12328e+06 4.61972e+06 3.6941e+06 5.75247e+06 3.86242e+06 2.726e+06 2.61909e+06 2.72173e+06 2.81413e+06 1.91112e+06 2.23056e+06
 1.23509e+06 2.89184e+06 3.07197e+06 2.78274e+06 4.81476e+06 5.2879e+06 3.88839e+06 3.1301e+06 2.07346e+06 1.7678e+06 3.22499e+06 3.81694e+06 2.94923e+06 2.6601e+06 2.78056e+06 2.0832e+06 2.34147e+06 2.87474e+06 3.17071e+06 3.99106e+06
 1.8157e+06 1.86326e+06 1.79396e+06 1.52359e+06 1.9365e+06 2.61638e+06 2.73739e+06 2.8317e+06 2.42123e+06 1.93966e+06 2.23638e+06 3.53983e+06 3.99424e+06 3.71204e+06 2.76428e+06 2.57789e+06 1.54893e+06 2.05981e+06 2.06632e+06 1.99862e+06
 2.49941e+06 2.14129e+06 2.15617e+06 2.01475e+06 3.48444e+06 4.23243e+06 3.44134e+06 2.37524e+06 2.4736e+06 2.90734e+06 2.40208e+06 3.31453e+06 6.0653e+06 5.02937e+06 3.05399e+06 1.61319e+06 1.50202e+06 2.9866e+06 2.55504e+06 4.15036e+06
 2.07796e+06 1.46973e+06 1.97909e+06 2.31016e+06 4.02371e+06 3.92996e+06 3.0177e+06 1.95674e+06 2.51665e+06 3.507e+06 6.47815e+06 5.2825e+06 3.69546e+06 1.9227e+06 1.75736e+06 1.7564e+06 3.00083e+06 3.02293e+06 2.6306e+06 1.70273e+06
 1.08165e+06 1.0895e+06 2.2586e+06 2.57715e+06 3.12855e+06 2.59469e+06 3.07431e+06 2.20789e+06 2.57222e+06 2.28481e+06 2.05729e+06 1.54049e+06 1.36663e+06 1.17307e+06 2.39501e+06 4.87528e+06 5.05718e+06 4.41563e+06 3.58342e+06 2.92034e+06
 2.20005e+06 3.17027e+06 7.16402e+06 5.8099e+06 3.82257e+06 2.13287e+06 2.27134e+06 2.32175e+06 1.56087e+06 3.18534e+06 3.33474e+06 5.19668e+06 4.66585e+06 3.78799e+06 2.3654e+06 3.37385e+06 2.30459e+06 1.68773e+06 1.63713e+06 2.39736e+06
 2.71448e+06 3.23976e+06 2.67255e+06 3.66319e+06 4.14389e+06 3.32906e+06 2.83998e+06 2.28516e+06 1.57988e+06 1.574e+06 1.37318e+06 1.1885e+06 1.66548e+06 2.43656e+06 3.2975e+06 2.65254e+06 2.20137e+06 3.06559e+06 3.71134e+06 3.44217e+06
 2.13147e+06 2.31697e+06 3.41806e+06 2.86414e+06 2.82197e+06 1.96256e+06 1.73949e+06 2.317e+06 1.99964e+06 2.56453e+06 2.19791e+06 2.22955e+06 2.26567e+06 3.18249e+06 3.93691e+06 3.20434e+06 2.31863e+06 4.462e+06 4.60437e+06 4.07917e+06
 1.46806e+06 1.85161e+06 6.04339e+06 5.8694e+06 4.13466e+06 2.48355e+06 2.36756e+06 3.33911e+06 2.71342e+06 3.29468e+06 3.39174e+06 2.4896e+06 2.64884e+06 3.16251e+06 3.82419e+06 4.84064e+06 3.46622e+06 2.46925e+06 3.95815e+06 3.38695e+06
 1.02672e+06 1.15779e+06 1.40096e+06 1.64294e+06 1.67347e+06 1.37792e+06 2.05968e+06 3.17277e+06 2.53802e+06 1.90039e+06 1.88989e+06 2.93688e+06 4.7905e+06 5.26107e+06 3.85408e+06 2.45217e+06 1.93541e+06 1.30058e+06 2.2284e+06 2.36197e+06
 3.05661e+06 3.02724e+06 2.5894e+06 2.18794e+06 2.12992e+06 2.84005e+06 2.61659e+06 2.54812e+06 2.01756e+06 1.83438e+06 2.23782e+06 1.90585e+06 4.36763e+06 3.76966e+06 3.18443e+06 1.81904e+06 1.90391e+06 1.73988e+06 2.57708e+06 2.70522e+06
 1.55867e+06 1.34369e+06 2.16137e+06 2.74861e+06 3.27721e+06 2.60974e+06 2.08719e+06 4.45091e+06 3.90013e+06 4.47786e+06 2.89358e+06 1.9728e+06 2.92398e+06 3.17039e+06 2.71904e+06 2.36832e+06 2.20813e+06 3.67449e+06 4.15515e+06 4.83383e+06
 1.37979e+06 2.43199e+06 3.77058e+06 3.54894e+06 2.61192e+06 2.24339e+06 2.80779e+06 2.30696e+06 2.00356e+06 2.94074e+06 2.87359e+06 2.58545e+06 2.73181e+06 2.35273e+06 2.58753e+06 2.98645e+06 4.23068e+06 3.46846e+06 2.74826e+06 1.87838e+06
 3.95263e+06 4.10972e+06 3.64562e+06 2.17226e+06 1.52635e+06 1.45452e+06 1.03993e+06 2.02173e+06 1.89768e+06 1.6835e+06 2.0445e+06 2.15441e+06 3.25171e+06 5.18117e+06 3.72305e+06 2.59405e+06 1.98889e+06 1.43947e+06 2.20791e+06 3.54687e+06
 2.17968e+06 6.10444e+06 4.95727e+06 3.47837e+06 2.04107e+06 4.27951e+06 3.12023e+06 2.81119e+06 4.35414e+06 3.25677e+06 2.85673e+06 2.34329e+06 5.26483e+06 4.02387e+06 3.96906e+06 2.66638e+06 2.96923e+06 2.81086e+06 2.60039e+06 2.17468e+06
 1.06134e+06 898442 1.31388e+06 1.1404e+06 949682 1.3531e+06 1.74843e+06 1.73132e+06 1.53988e+06 1.82899e+06 3.63425e+06 3.64138e+06 2.73354e+06 2.04258e+06 1.83371e+06 1.78378e+06 1.78329e+06 2.49206e+06 2.12522e+06 3.22078e+06
 1.69943e+06 1.79865e+06 1.86951e+06 1.17871e+06 3.21834e+06 3.09172e+06 2.57739e+06 2.0842e+06 1.59509e+06 1.25014e+06 2.62278e+06 4.15054e+06 4.29708e+06 3.81552e+06 4.05806e+06 3.09316e+06 3.11738e+06 2.20098e+06 2.16134e+06 1.50757e+06
 2.38001e+06 2.37971e+06 2.24562e+06 1.50417e+06 1.44425e+06 1.23889e+06 1.3409e+06 1.60252e+06 1.93816e+06 2.43466e+06 2.32752e+06 2.8669e+06 4.05219e+06 3.9627e+06 3.32255e+06 2.39454e+06 2.34162e+06 3.42838e+06 2.81086e+06 2.17231e+06
 1.13548e+06 1.56678e+06 1.58102e+06 2.10897e+06 2.51988e+06 1.9851e+06 2.73481e+06 2.94589e+06 2.18317e+06 1.51401e+06 1.79316e+06 1.93756e+06 3.81719e+06 3.94016e+06 2.92058e+06 1.81649e+06 1.94412e+06 1.32449e+06 1.46752e+06 2.13789e+06
 1.51871e+06 2.69051e+06 3.15126e+06 3.64782e+06 3.4154e+06 2.83527e+06 4.74486e+06 3.9027e+06 3.0384e+06 2.21584e+06 2.81934e+06 4.53061e+06 3.72685e+06 2.77892e+06 1.67444e+06 2.19017e+06 1.77624e+06 1.36868e+06 1.78546e+06 2.01262e+06
 1.52245e+06 3.36001e+06 3.36638e+06 4.25032e+06 3.37876e+06 4.65487e+06 5.69307e+06 4.32574e+06 3.17109e+06 1.89458e+06 1.86154e+06 4.82994e+06 4.23459e+06 3.14247e+06 1.93508e+06 1.61635e+06 1.46746e+06 2.02503e+06 1.87787e+06 2.52594e+06
 3.72517e+06 2.82852e+06 2.25552e+06 2.14109e+06 2.60798e+06 6.27425e+06 7.33337e+06 5.58103e+06 3.0029e+06 1.46009e+06 1.7113e+06 1.05262e+06 1.50885e+06 2.12878e+06 2.27538e+06 2.18922e+06 2.7308e+06 2.27535e+06 4.86548e+06 3.84919e+06
 1.10437e+06 1.70181e+06 1.7094e+06 2.12339e+06 1.48098e+06 1.21922e+06 1.17471e+06 2.14696e+06 2.02962e+06 2.26209e+06 1.95279e+06 2.13327e+06 2.78734e+06 2.93963e+06 2.598e+06 2.07565e+06 2.16551e+06 1.94099e+06 1.68704e+06 2.80483e+06
 1.61577e+06 3.23949e+06 2.61375e+06 2.16183e+06 2.13393e+06 2.16278e+06 1.77864e+06 2.38981e+06 2.54948e+06 3.25326e+06 2.63885e+06 2.43638e+06 3.2307e+06 3.70707e+06 3.27293e+06 2.53078e+06 2.62293e+06 5.40593e+06 7.57411e+06 6.37247e+06
 1.08714e+06 1.43219e+06 1.30351e+06 1.6629e+06 2.81398e+06 3.1714e+06 2.62205e+06 1.97339e+06 1.93048e+06 1.70989e+06 1.95721e+06 3.46048e+06 2.50045e+06 1.81567e+06 1.28975e+06 901631 931726 1.27306e+06 2.04919e+06 9.01745e+06
 3.24864e+06 2.66908e+06 4.39471e+06 3.02973e+06 2.34192e+06 3.25493e+06 2.59068e+06 2.48519e+06 4.60208e+06 3.53281e+06 3.00827e+06 2.07603e+06 2.2316e+06 2.47468e+06 2.42425e+06 2.13238e+06 5.84288e+06 4.92925e+06 3.39032e+06 1.78842e+06
 1.8527e+06 1.21826e+06 3.45143e+06 3.09224e+06 2.74695e+06 2.27625e+06 2.73746e+06 2.55672e+06 2.5175e+06 5.58908e+06 4.95365e+06 3.9725e+06 2.31294e+06 1.29961e+06 1.49542e+06 1.19279e+06 1.30854e+06 1.36381e+06 1.40956e+06 1.75909e+06
 1.17109e+06 1.28445e+06 2.06531e+06 2.16485e+06 3.28574e+06 2.27092e+06 2.40195e+06 2.15002e+06 5.08683e+06 4.4841e+06 3.56472e+06 2.14924e+06 3.00649e+06 3.69694e+06 3.70774e+06 3.06498e+06 2.41701e+06 3.62333e+06 3.27696e+06 2.59665e+06
 2.99e+06 2.60051e+06 2.63015e+06 3.33592e+06 2.49872e+06 1.96635e+06 1.55215e+06 1.18951e+06 2.76845e+06 3.11212e+06 4.63933e+06 4.15057e+06 3.32338e+06 2.74403e+06 1.81804e+06 2.12717e+06 3.22507e+06 3.28367e+06 2.91007e+06 2.22873e+06
 2.27281e+06 2.41277e+06 2.45716e+06 2.35869e+06 2.10232e+06 2.36999e+06 1.98631e+06 1.74331e+06 1.6471e+06 1.79309e+06 3.51786e+06 3.09876e+06 3.58525e+06 2.99858e+06 3.02229e+06 1.93792e+06 3.18456e+06 3.52928e+06 2.69886e+06 2.80762e+06
 1.9584e+06 1.60129e+06 3.25459e+06 3.82411e+06 3.19006e+06 2.74675e+06 1.9856e+06 3.17645e+06 3.43418e+06 3.15039e+06 4.01216e+06 5.20599e+06 5.51541e+06 3.62741e+06 2.11139e+06 2.49869e+06 2.29883e+06 1.91064e+06 2.39935e+06 1.88746e+06
 1.67761e+06 1.67059e+06 3.89636e+06 3.95975e+06 4.14912e+06 2.71322e+06 2.07733e+06 2.45328e+06 2.00191e+06 2.10656e+06 2.12865e+06 3.04706e+06 2.57432e+06 2.22479e+06 2.52259e+06 2.01497e+06 2.19991e+06 2.01161e+06 3.12642e+06 3.75346e+06
 1.87953e+06 2.30777e+06 3.05714e+06 3.03162e+06 4.01912e+06 3.11974e+06 2.76793e+06 3.2343e+06 3.3241e+06 3.10218e+06 2.14062e+06 1.46913e+06 1.91127e+06 1.20849e+06 3.31105e+06 3.78494e+06 5.6389e+06 3.89266e+06 3.22235e+06 1.9454e+06
 1.59986e+06 1.90896e+06 2.51872e+06 4.7077e+06 4.40236e+06 3.28667e+06 1.78483e+06 3.54141e+06 3.59071e+06 2.72512e+06 1.61533e+06 1.44331e+06 1.34354e+06 1.87394e+06 1.64963e+06 3.65786e+06 2.91418e+06 4.30378e+06 3.22976e+06 3.5823e+06
 740034 1.40865e+06 1.07938e+06 2.06979e+06 1.79834e+06 5.35978e+06 4.00371e+06 2.94905e+06 2.91637e+06 3.0945e+06 3.04784e+06 3.42481e+06 4.03432e+06 3.19927e+06 2.78418e+06 2.53569e+06 3.69921e+06 3.77073e+06 3.17462e+06 1.88882e+06
 1.77395e+06 1.29198e+06 1.19499e+06 3.40208e+06 3.63594e+06 3.06392e+06 3.67572e+06 2.72717e+06 2.82293e+06 2.64945e+06 2.08475e+06 3.10857e+06 2.73097e+06 2.72897e+06 1.78106e+06 1.64943e+06 1.22454e+06 1.00169e+06 2.10251e+06 2.32949e+06
 1.07429e+06 1.28245e+06 1.28302e+06 1.90806e+06 2.43145e+06 2.63615e+06 2.21556e+06 2.33684e+06 2.78214e+06 2.6644e+06 3.71522e+06 3.06802e+06 2.42959e+06 1.58702e+06 1.72578e+06 2.35645e+06 3.17208e+06 3.06111e+06 3.12913e+06 2.71324e+06
 1.19631e+06 937207 1.11625e+06 1.64971e+06 2.53082e+06 3.76258e+06 3.31196e+06 3.27901e+06 2.53406e+06 4.17866e+06 3.12701e+06 2.58995e+06 1.8734e+06 2.84085e+06 2.39943e+06 3.54212e+06 2.85313e+06 2.50933e+06 2.52908e+06 2.46292e+06
 2.00692e+06 1.67279e+06 1.67898e+06 2.19505e+06 1.8396e+06 2.92996e+06 3.4811e+06 3.95176e+06 3.19752e+06 3.3271e+06 2.39044e+06 2.33641e+06 2.38974e+06 2.29502e+06 5.12658e+06 3.53228e+06 2.92168e+06 1.73102e+06 1.93978e+06 2.90211e+06
 2.72954e+06 2.39466e+06 2.95747e+06 4.75934e+06 4.37625e+06 2.9856e+06 1.95021e+06 4.814e+06 5.07527e+06 4.31029e+06 2.44107e+06 2.08986e+06 2.76375e+06 2.13127e+06 1.90735e+06 5.0838e+06 4.24302e+06 3.7588e+06 3.38135e+06 3.88598e+06
 1.91488e+06 1.73678e+06 1.7588e+06 1.43683e+06 1.36999e+06 1.30278e+06 1.26128e+06 1.68716e+06 2.21702e+06 3.66788e+06 4.65432e+06 3.27572e+06 2.60068e+06 3.09071e+06 3.09538e+06 2.39512e+06 1.65374e+06 2.11863e+06 1.75441e+06 2.05439e+06
 1.25415e+06 1.28951e+06 1.18192e+06 2.09843e+06 4.07742e+06 4.77136e+06 3.50496e+06 2.04018e+06 2.47632e+06 2.99405e+06 2.85992e+06 2.70952e+06 1.83501e+06 1.81885e+06 1.94996e+06 2.95208e+06 2.61903e+06 3.28185e+06 2.31882e+06 2.9746e+06
 3.95182e+06 2.90659e+06 3.78892e+06 2.69865e+06 2.27273e+06 2.29668e+06 2.57864e+06 7.64416e+06 6.83659e+06 5.16402e+06 2.48837e+06 1.70772e+06 1.68335e+06 3.01502e+06 2.733e+06 2.68279e+06 2.27157e+06 2.2867e+06 3.25734e+06 3.79883e+06
 1.64962e+06 2.09865e+06 1.86833e+06 2.21051e+06 2.9527e+06 2.17908e+06 2.0776e+06 1.71526e+06 3.71692e+06 2.98113e+06 2.49761e+06 1.57967e+06 1.20005e+06 1.78946e+06 1.93194e+06 1.73637e+06 2.2981e+06 2.80048e+06 3.04638e+06 5.1562e+06
 3.9908e+06 2.99281e+06 2.24242e+06 2.57703e+06 3.82564e+06 3.50217e+06 2.69174e+06 3.21599e+06 3.0381e+06 2.60719e+06 3.4501e+06 4.50394e+06 3.36478e+06 2.33274e+06 1.88224e+06 2.85459e+06 2.81314e+06 2.2149e+06 1.72818e+06 1.74008e+06
 3.6591e+06 2.77831e+06 2.28707e+06 3.38839e+06 2.94285e+06 3.29362e+06 2.8363e+06 2.37034e+06 2.22619e+06 2.275e+06 2.25925e+06 4.44143e+06 4.11424e+06 3.02412e+06 1.75553e+06 1.1653e+06 1.41777e+06 1.97683e+06 4.62664e+06 4.24968e+06
 1.31539e+06 1.09704e+06 2.61731e+06 3.00469e+06 3.55589e+06 3.31511e+06 2.42182e+06 2.83161e+06 3.09156e+06 2.88202e+06 1.88639e+06 2.67653e+06 2.88828e+06 2.86637e+06 2.32731e+06 2.49394e+06 2.1298e+06 1.81297e+06 2.38385e+06 3.60436e+06
 894072 1.61338e+06 2.16444e+06 2.81861e+06 3.74484e+06 3.04525e+06 2.63607e+06 3.63549e+06 2.52398e+06 2.66959e+06 2.53781e+06 1.9932e+06 2.11018e+06 1.96e+06 1.78013e+06 1.63298e+06 1.46725e+06 2.1071e+06 1.67454e+06 1.73348e+06
 1.25526e+06 1.57149e+06 1.64145e+06 2.25026e+06 3.21744e+06 3.36836e+06 3.20008e+06 2.6158e+06 4.12291e+06 4.39169e+06 3.4598e+06 2.39585e+06 2.26973e+06 1.84128e+06 2.11118e+06 3.66462e+06 2.97631e+06 3.39827e+06 3.26505e+06 3.45301e+06
 1.71728e+06 1.75863e+06 2.41604e+06 1.94513e+06 1.57131e+06 2.64581e+06 2.84872e+06 3.04556e+06 2.99938e+06 4.36376e+06 4.05393e+06 3.59159e+06 2.14644e+06 1.6897e+06 1.14728e+06 1.15577e+06 1.84564e+06 2.24686e+06 3.66991e+06 3.01322e+06
 1.20519e+06 1.95276e+06 2.86798e+06 2.85714e+06 3.02574e+06 2.81282e+06 2.34848e+06 3.16529e+06 2.58081e+06 2.30528e+06 1.82094e+06 1.9572e+06 1.87659e+06 2.75527e+06 2.56083e+06 2.18649e+06 2.82743e+06 2.86152e+06 2.25105e+06 2.26635e+06
 2.7953e+06 2.9882e+06 2.2307e+06 2.26412e+06 4.16669e+06 4.41187e+06 3.35379e+06 2.0678e+06 1.4207e+06 1.39235e+06 1.45432e+06 2.58427e+06 2.94782e+06 2.82525e+06 2.3144e+06 1.65986e+06 1.60929e+06 1.85037e+06 2.2128e+06 2.0812e+06
 1.36557e+06 1.45802e+06 2.25508e+06 1.80625e+06 1.5389e+06 3.12089e+06 2.97233e+06 3.98586e+06 3.53337e+06 3.42454e+06 3.38873e+06 2.29979e+06 2.59428e+06 2.98967e+06 2.98225e+06 3.75954e+06 5.04847e+06 4.05417e+06 3.66101e+06 2.10642e+06
 1.51898e+06 2.76779e+06 3.3039e+06 3.65166e+06 3.38146e+06 4.15971e+06 3.919e+06 2.63994e+06 1.87629e+06 1.56944e+06 1.0812e+06 1.15474e+06 1.01788e+06 1.21981e+06 2.18119e+06 3.3052e+06 3.4052e+06 3.63823e+06 3.03528e+06 2.04281e+06
 1.39069e+06 1.28161e+06 1.93938e+06 2.42382e+06 4.41948e+06 3.28868e+06 2.59239e+06 1.98282e+06 2.54969e+06 3.34725e+06 3.23367e+06 3.75981e+06 4.42932e+06 5.01488e+06 3.57219e+06 2.88006e+06 2.58185e+06 4.0127e+06 4.156e+06 3.4281e+06
 1.07102e+06 2.12809e+06 2.32506e+06 2.52042e+06 2.0685e+06 1.79992e+06 1.70048e+06 2.43673e+06 2.1615e+06 6.2995e+06 6.2154e+06 4.56961e+06 2.96037e+06 2.08508e+06 6.56802e+06 5.64083e+06 4.04742e+06 1.88404e+06 3.32601e+06 2.90555e+06
 1.92861e+06 1.6113e+06 2.09977e+06 2.01329e+06 2.84665e+06 4.13209e+06 3.41965e+06 2.33598e+06 2.05628e+06 2.73664e+06 2.32362e+06 1.72278e+06 2.39938e+06 2.19129e+06 5.1083e+06 3.75264e+06 2.70279e+06 1.91598e+06 2.30676e+06 2.06144e+06
 1.41829e+06 1.46785e+06 1.54142e+06 2.19987e+06 2.05837e+06 1.85047e+06 2.7944e+06 3.04919e+06 2.20721e+06 1.71869e+06 1.4704e+06 1.87486e+06 2.60485e+06 3.37949e+06 3.17286e+06 2.55329e+06 2.19059e+06 2.80267e+06 2.65063e+06 2.78922e+06
 916073 1.10466e+06 3.60907e+06 3.35859e+06 2.84917e+06 2.1923e+06 2.53392e+06 2.04651e+06 1.45379e+06 1.49287e+06 1.73315e+06 1.69917e+06 3.18745e+06 4.24926e+06 3.74948e+06 3.10852e+06 2.03678e+06 2.05342e+06 1.72243e+06 2.1145e+06
 939471 982107 931376 1.54154e+06 2.29728e+06 3.73407e+06 3.6061e+06 3.27171e+06 4.60001e+06 3.22521e+06 4.41388e+06 3.62242e+06 3.46409e+06 2.50535e+06 2.61463e+06 2.55288e+06 2.15521e+06 3.56618e+06 4.27775e+06 3.28026e+06
 2.90172e+06 5.07378e+06 4.15976e+06 2.81842e+06 1.98035e+06 2.76792e+06 2.46771e+06 2.13821e+06 1.83117e+06 3.00766e+06 3.39926e+06 4.51707e+06 5.27176e+06 3.52788e+06 2.11351e+06 2.0253e+06 2.69472e+06 2.26239e+06 2.47346e+06 3.36295e+06
 1.64659e+06 1.95269e+06 1.88972e+06 1.81927e+06 1.71086e+06 2.92573e+06 3.55034e+06 3.61443e+06 2.8497e+06 2.90451e+06 2.71053e+06 1.90816e+06 2.46667e+06 1.89628e+06 1.84055e+06 2.14273e+06 2.59366e+06 2.65418e+06 2.01145e+06 1.97346e+06
 815142 1.83381e+06 2.48488e+06 3.0538e+06 2.22931e+06 1.90441e+06 2.14464e+06 1.88727e+06 2.20491e+06 2.44089e+06 1.98903e+06 2.30821e+06 1.90215e+06 1.4368e+06 1.28832e+06 2.76929e+06 3.11009e+06 2.40499e+06 1.93396e+06 2.4791e+06
 1.93139e+06 2.75192e+06 3.26349e+06 2.78243e+06 2.64509e+06 2.38369e+06 2.42254e+06 3.25642e+06 3.02109e+06 2.47212e+06 2.13517e+06 2.33695e+06 1.56296e+06 2.61161e+06 3.77935e+06 3.58801e+06 2.59678e+06 1.50425e+06 1.45553e+06 1.68452e+06
 1.07759e+06 1.00151e+06 1.09754e+06 1.87772e+06 1.66212e+06 1.75091e+06 2.13112e+06 2.35532e+06 2.67756e+06 2.80401e+06 2.31834e+06 1.96174e+06 1.606e+06 2.36368e+06 2.29072e+06 4.84231e+06 4.38696e+06 3.76636e+06 2.8867e+06 2.95968e+06
 2.27999e+06 1.76951e+06 2.14324e+06 2.29098e+06 3.26114e+06 2.3632e+06 2.41381e+06 3.69814e+06 3.35527e+06 2.99153e+06 3.31034e+06 2.88238e+06 5.10358e+06 3.69621e+06 2.53458e+06 2.14396e+06 3.12771e+06 3.40632e+06 2.57187e+06 2.55354e+06
 1.22387e+06 1.45227e+06 1.6024e+06 2.18769e+06 2.88272e+06 2.43279e+06 1.8806e+06 2.6108e+06 2.07124e+06 4.27276e+06 3.17314e+06 2.56138e+06 1.8158e+06 1.69426e+06 2.21252e+06 1.64551e+06 2.95869e+06 2.37648e+06 2.15965e+06 1.45348e+06
 1.7624e+06 1.52835e+06 1.17006e+06 1.55895e+06 1.48392e+06 3.8651e+06 3.83734e+06 4.26577e+06 3.58856e+06 3.17044e+06 2.95753e+06 3.05777e+06 3.37705e+06 3.16356e+06 2.95473e+06 3.34492e+06 4.58493e+06 3.33243e+06 2.46797e+06 1.21491e+06
 1.54949e+06 1.40348e+06 2.81576e+06 3.71586e+06 9.49212e+06 7.73266e+06 5.44926e+06 2.35936e+06 1.02344e+06 1.80403e+06 1.36198e+06 2.5103e+06 2.89413e+06 2.85308e+06 1.89227e+06 4.51613e+06 4.5243e+06 4.44937e+06 3.54132e+06 2.87828e+06
 1.73291e+06 1.64359e+06 2.29873e+06 1.59291e+06 2.26579e+06 1.98043e+06 1.39172e+06 2.49753e+06 3.42278e+06 2.46529e+06 1.87719e+06 1.27757e+06 1.77884e+06 2.28211e+06 2.05463e+06 1.61031e+06 1.9899e+06 2.63212e+06 2.03137e+06 2.39068e+06
 1.79693e+06 1.96003e+06 2.88032e+06 2.77149e+06 3.38046e+06 4.01157e+06 3.63949e+06 2.88406e+06 2.16401e+06 1.9379e+06 2.36134e+06 3.68955e+06 3.28245e+06 3.42818e+06 3.25336e+06 2.73821e+06 4.18129e+06 3.29015e+06 2.50683e+06 2.19855e+06
 1.18448e+06 824685 1.33863e+06 1.02546e+06 976229 2.85549e+06 2.51521e+06 2.22431e+06 1.43013e+06 1.62535e+06 1.93113e+06 1.79918e+06 2.11274e+06 3.40613e+06 4.46374e+06 3.20532e+06 2.04338e+06 1.16069e+06 923359 1.21606e+06
 1.24183e+06 1.6441e+06 2.8623e+06 5.90616e+06 4.56755e+06 2.93943e+06 1.47854e+06 1.40827e+06 1.59369e+06 2.0593e+06 2.01213e+06 2.34665e+06 2.14935e+06 3.71177e+06 3.44458e+06 2.67566e+06 3.33805e+06 2.77841e+06 3.86013e+06 4.09749e+06
 968275 1.15603e+06 1.4028e+06 1.36207e+06 1.29238e+06 3.24319e+06 2.69276e+06 2.29235e+06 2.22648e+06 1.69718e+06 4.03537e+06 3.07167e+06 2.79352e+06 1.88642e+06 2.80584e+06 2.24661e+06 2.54133e+06 1.70448e+06 2.4103e+06 4.13179e+06
 3.18837e+06 3.08818e+06 4.10197e+06 3.53403e+06 2.69477e+06 2.49099e+06 1.92327e+06 1.28331e+06 1.73607e+06 1.30105e+06 1.31374e+06 1.66224e+06 1.71275e+06 2.038e+06 3.52298e+06 2.8203e+06 2.87888e+06 2.51343e+06 2.53768e+06 1.89587e+06
 1.02725e+06 762190 1.78335e+06 1.40843e+06 3.06211e+06 3.21694e+06 2.67609e+06 3.02902e+06 3.57655e+06 3.56349e+06 2.6734e+06 1.73003e+06 2.02703e+06 2.3236e+06 2.2172e+06 3.08079e+06 2.5973e+06 3.55932e+06 2.6789e+06 2.90434e+06
 1.51424e+06 2.1706e+06 2.20652e+06 2.48209e+06 2.83614e+06 4.59917e+06 4.64395e+06 3.16931e+06 4.01097e+06 3.08702e+06 4.3847e+06 3.11043e+06 2.35652e+06 1.94586e+06 3.39538e+06 3.4757e+06 3.33381e+06 2.42766e+06 2.09122e+06 2.18034e+06
 1.28425e+06 1.09569e+06 1.38022e+06 1.31893e+06 2.34004e+06 2.29917e+06 2.2514e+06 1.77914e+06 1.72957e+06 2.70825e+06 3.39596e+06 2.62328e+06 2.95941e+06 3.75978e+06 2.93888e+06 2.33602e+06 3.1613e+06 2.48713e+06 1.88587e+06 2.76947e+06
 1.85346e+06 1.73554e+06 3.98367e+06 3.25234e+06 2.88982e+06 2.07428e+06 2.35742e+06 5.59062e+06 5.4415e+06 3.89726e+06 2.54867e+06 1.61919e+06 1.40395e+06 1.73536e+06 2.789e+06 3.61601e+06 3.75343e+06 2.59347e+06 2.43441e+06 2.19761e+06
 1.655e+06 1.71327e+06 4.20302e+06 3.38457e+06 2.39808e+06 2.15087e+06 3.41621e+06 7.73369e+06 5.87788e+06 3.75035e+06 1.55299e+06 2.19131e+06 1.73233e+06 1.53763e+06 2.01095e+06 1.70528e+06 1.81802e+06 2.4628e+06 2.50818e+06 5.99313e+06
 1.10842e+06 1.07109e+06 2.24408e+06 1.97096e+06 2.59672e+06 2.69236e+06 2.16366e+06 1.84453e+06 2.02116e+06 2.54613e+06 3.03664e+06 2.72087e+06 2.14302e+06 1.65419e+06 3.35193e+06 3.29803e+06 4.76979e+06 3.39309e+06 4.046e+06 3.0628e+06
 1.20677e+06 1.52304e+06 2.11498e+06 2.02136e+06 2.18365e+06 1.86276e+06 2.70933e+06 2.18276e+06 3.40008e+06 3.58391e+06 4.47649e+06 3.45081e+06 3.52174e+06 2.27189e+06 2.49706e+06 5.41762e+06 3.87157e+06 2.91567e+06 1.86508e+06 1.81196e+06
 1.8111e+06 2.45995e+06 2.2472e+06 2.15445e+06 1.66109e+06 1.32635e+06 1.59068e+06 1.19247e+06 1.31776e+06 1.79377e+06 1.52942e+06 1.38787e+06 2.26089e+06 3.00447e+06 2.3876e+06 1.62778e+06 3.06592e+06 3.32898e+06 2.76474e+06 2.0522e+06
 759525 1.30258e+06 1.5374e+06 1.4679e+06 1.60776e+06 3.4081e+06 3.13346e+06 2.72866e+06 3.74387e+06 3.91146e+06 3.42633e+06 2.44165e+06 2.88688e+06 3.17765e+06 5.09696e+06 3.58219e+06 2.19937e+06 1.46694e+06 2.46773e+06 2.47975e+06
 1.22694e+06 1.19509e+06 1.81992e+06 3.15306e+06 2.33059e+06 1.60443e+06 3.74685e+06 4.06312e+06 3.19424e+06 3.94359e+06 2.6368e+06 2.63152e+06 1.6742e+06 2.02509e+06 1.4167e+06 1.62029e+06 1.25584e+06 1.22891e+06 904143 1.69715e+06
 2.70939e+06 3.02871e+06 3.04684e+06 2.66517e+06 1.86381e+06 1.80059e+06 1.9818e+06 1.75482e+06 1.40743e+06 1.86616e+06 1.97604e+06 2.13332e+06 1.94069e+06 2.03281e+06 2.62029e+06 3.64734e+06 2.93265e+06 2.23736e+06 2.17955e+06 1.50571e+06
 580724 650944 767195 837669 1.72758e+06 1.4836e+06 1.37942e+06 1.98507e+06 1.82669e+06 2.06636e+06 1.93697e+06 1.51388e+06 1.36001e+06 1.00571e+06 1.20845e+06 1.89052e+06 2.22957e+06 1.87739e+06 3.04794e+06 2.35028e+06
 765191 557948 392978 731673 622625 1.35048e+06 2.69726e+06 2.90138e+06 3.15752e+06 4.04526e+06 3.45706e+06 2.79833e+06 2.23767e+06 1.90721e+06 2.63434e+06 2.67445e+06 2.25429e+06 3.22452e+06 2.49719e+06 2.98624e+06
 1.00228e+06 1.13727e+06 1.49894e+06 1.85071e+06 2.27737e+06 1.85277e+06 2.28424e+06 2.19333e+06 3.21292e+06 2.59758e+06 2.15545e+06 2.31072e+06 3.89424e+06 4.02917e+06 3.54193e+06 2.61573e+06 2.15559e+06 1.27485e+06 1.02228e+06 1.35708e+06
 1.74502e+06 1.2716e+06 1.56913e+06 1.60474e+06 1.25802e+06 947029 1.22073e+06 875183 1.85639e+06 1.66219e+06 1.72241e+06 1.54621e+06 1.67269e+06 1.70602e+06 2.16544e+06 2.42368e+06 2.44904e+06 3.54744e+06 2.66939e+06 2.81909e+06
 1.62077e+06 1.14292e+06 1.42214e+06 1.24255e+06 1.6716e+06 1.94793e+06 1.91259e+06 2.46321e+06 2.34766e+06 1.96076e+06 1.51944e+06 2.02281e+06 1.89141e+06 2.79831e+06 2.71872e+06 3.87945e+06 4.68964e+06 3.47151e+06 2.94067e+06 2.50208e+06
 1.31656e+06 1.36954e+06 1.24662e+06 1.33509e+06 1.5689e+06 1.32087e+06 1.76773e+06 1.68471e+06 2.29817e+06 2.14768e+06 2.74122e+06 1.92609e+06 1.60566e+06 1.97563e+06 2.84361e+06 2.79267e+06 2.65662e+06 3.04838e+06 2.33854e+06 2.04624e+06
 1.25496e+06 1.40895e+06 1.15185e+06 3.87036e+06 3.13674e+06 2.48597e+06 1.74707e+06 1.90392e+06 3.22978e+06 2.36428e+06 2.2989e+06 2.98086e+06 2.89914e+06 2.38434e+06 2.2939e+06 2.55179e+06 2.37022e+06 2.34769e+06 1.94265e+06 2.09468e+06
 1.97395e+06 1.43551e+06 2.48899e+06 2.89789e+06 2.71099e+06 3.56691e+06 3.67656e+06 3.35918e+06 2.50852e+06 1.97538e+06 3.00295e+06 2.69354e+06 4.62249e+06 3.86163e+06 3.14724e+06 2.35845e+06 4.53982e+06 4.33314e+06 2.96944e+06 1.85773e+06
 1.47328e+06 1.32102e+06 2.1028e+06 4.52994e+06 5.14254e+06 3.38566e+06 2.82075e+06 2.22919e+06 3.15365e+06 2.05961e+06 2.54716e+06 3.59398e+06 2.76903e+06 2.94423e+06 1.96263e+06 2.67795e+06 2.72355e+06 2.62477e+06 1.72204e+06 1.16368e+06
 1.70653e+06 1.68977e+06 1.41938e+06 2.76555e+06 3.63618e+06 4.30274e+06 3.27847e+06 2.34975e+06 1.73226e+06 1.25481e+06 2.34173e+06 2.59019e+06 2.79218e+06 1.89657e+06 2.58539e+06 2.25479e+06 2.14047e+06 2.34625e+06 1.99331e+06 4.52809e+06
 981474 892410 971003 963302 3.52504e+06 3.11621e+06 2.67765e+06 1.5026e+06 1.77948e+06 1.56426e+06 2.6857e+06 2.46034e+06 2.20434e+06 2.86897e+06 3.68651e+06 4.25485e+06 3.75742e+06 3.5146e+06 3.3366e+06 2.36403e+06
 1.85221e+06 1.58354e+06 1.54697e+06 1.63668e+06 1.44138e+06 3.53935e+06 3.19962e+06 3.33325e+06 2.02926e+06 2.18654e+06 2.42004e+06 2.17162e+06 2.77915e+06 2.14971e+06 1.94405e+06 2.73226e+06 3.08995e+06 3.61551e+06 2.33478e+06 1.80031e+06
 928424 1.21705e+06 1.04192e+06 1.13626e+06 1.49843e+06 1.29299e+06 2.19953e+06 1.97112e+06 1.49325e+06 1.22531e+06 722115 1.18115e+06 1.71544e+06 1.90236e+06 2.54543e+06 1.78372e+06 2.467e+06 2.46493e+06 3.81994e+06 3.7208e+06
 1.46704e+06 1.1387e+06 909307 1.48359e+06 1.65623e+06 1.99805e+06 2.78375e+06 3.36764e+06 2.44491e+06 2.68845e+06 2.92777e+06 2.72126e+06 2.00888e+06 1.64307e+06 1.69551e+06 2.71665e+06 2.85778e+06 4.77356e+06 3.86504e+06 2.94754e+06
 1.42562e+06 1.90056e+06 3.31319e+06 2.68099e+06 2.1569e+06 2.20006e+06 3.4553e+06 4.26349e+06 3.50303e+06 3.47808e+06 2.56984e+06 2.27563e+06 1.60388e+06 2.42769e+06 2.91633e+06 3.47584e+06 3.38245e+06 4.05299e+06 2.73952e+06 1.90967e+06
 777158 1.0972e+06 1.06521e+06 1.67705e+06 1.27428e+06 1.38305e+06 2.87227e+06 4.25917e+06 3.28336e+06 2.0995e+06 1.14676e+06 787386 1.52685e+06 1.33245e+06 1.3803e+06 1.13597e+06 1.47322e+06 1.5562e+06 5.1188e+06 4.08408e+06
 1.66774e+06 1.24525e+06 1.60679e+06 1.30593e+06 1.54804e+06 2.36323e+06 2.08629e+06 1.6809e+06 2.6769e+06 2.23567e+06 2.8847e+06 2.0422e+06 1.46125e+06 1.36269e+06 1.87266e+06 4.12408e+06 3.76718e+06 3.03015e+06 1.91092e+06 1.83731e+06
 1.26916e+06 1.20987e+06 1.24598e+06 2.0841e+06 1.81448e+06 2.18212e+06 2.34976e+06 3.06348e+06 2.47066e+06 1.71987e+06 1.78597e+06 1.18384e+06 1.21858e+06 1.08828e+06 2.26621e+06 1.78356e+06 3.82988e+06 3.56053e+06 2.94759e+06 1.60772e+06
 1.95321e+06 1.63917e+06 1.63664e+06 1.05288e+06 1.61825e+06 1.16619e+06 994487 1.05076e+06 1.49911e+06 1.37406e+06 2.85392e+06 2.73983e+06 5.65308e+06 4.33703e+06 4.50617e+06 3.01457e+06 2.0673e+06 2.04848e+06 3.21307e+06 3.47275e+06
 952076 737247 837703 1.0132e+06 1.37446e+06 2.91038e+06 5.39207e+06 4.62084e+06 3.00836e+06 1.42396e+06 1.50084e+06 1.59904e+06 2.83826e+06 4.736e+06 3.65072e+06 3.22574e+06 2.45486e+06 2.93683e+06 5.24669e+06 5.61013e+06
 921923 959884 1.41798e+06 2.72057e+06 3.4533e+06 4.10871e+06 2.85857e+06 1.90929e+06 2.85948e+06 2.05861e+06 1.5514e+06 1.21089e+06 1.23824e+06 2.07974e+06 1.75127e+06 1.75278e+06 2.4658e+06 2.76771e+06 2.2271e+06 3.98901e+06
 1.27472e+06 1.92129e+06 3.9085e+06 3.34277e+06 2.26599e+06 1.58425e+06 2.04414e+06 2.2215e+06 3.18006e+06 3.30828e+06 3.65201e+06 2.73947e+06 2.00961e+06 1.63267e+06 1.84545e+06 3.22187e+06 3.52253e+06 3.05909e+06 2.554e+06 2.95554e+06
 1.59201e+06 1.62573e+06 1.41762e+06 3.08333e+06 4.15517e+06 3.59673e+06 2.38069e+06 2.87225e+06 2.24463e+06 2.28674e+06 1.5472e+06 1.44083e+06 1.04463e+06 903067 1.99782e+06 2.5346e+06 3.53746e+06 3.24886e+06 3.46502e+06 5.66308e+06
 1.83127e+06 1.6579e+06 2.89319e+06 3.01339e+06 3.59871e+06 2.48527e+06 1.72e+06 1.90114e+06 2.08246e+06 1.95045e+06 3.09121e+06 3.07334e+06 3.16828e+06 3.04908e+06 2.16527e+06 1.41818e+06 2.51021e+06 2.51818e+06 2.4224e+06 2.0577e+06
 2.3388e+06 1.76884e+06 1.85024e+06 3.92707e+06 3.99377e+06 3.20703e+06 2.348e+06 1.96812e+06 1.24678e+06 930414 1.53025e+06 1.68197e+06 1.72204e+06 3.69376e+06 3.82043e+06 3.06682e+06 2.18404e+06 2.99138e+06 4.61647e+06 3.26354e+06
 908973 2.87771e+06 3.21331e+06 2.62492e+06 1.61284e+06 1.39809e+06 2.06445e+06 3.07243e+06 2.86041e+06 2.41189e+06 2.08184e+06 1.96737e+06 4.08802e+06 4.89157e+06 3.37267e+06 1.97199e+06 1.4716e+06 1.53179e+06 2.11186e+06 1.59119e+06
 2.26896e+06 1.68687e+06 1.73494e+06 2.51953e+06 2.74047e+06 3.81128e+06 2.86822e+06 2.23479e+06 1.92106e+06 1.95487e+06 3.33137e+06 3.34553e+06 3.62202e+06 2.3607e+06 2.27854e+06 2.39838e+06 2.51313e+06 2.50926e+06 1.9439e+06 1.40468e+06
 2.09414e+06 1.69456e+06 2.84309e+06 2.40078e+06 2.28358e+06 2.44989e+06 2.18584e+06 1.8136e+06 2.23572e+06 2.50645e+06 3.24372e+06 2.75923e+06 1.76853e+06 3.6731e+06 2.79469e+06 2.98018e+06 2.31201e+06 2.28382e+06 3.17505e+06 2.91181e+06
 760351 826430 1.17579e+06 1.21167e+06 1.31929e+06 1.14865e+06 1.59575e+06 1.94208e+06 2.4807e+06 3.34989e+06 2.64131e+06 2.19004e+06 1.65541e+06 2.59066e+06 2.4092e+06 2.92452e+06 2.59495e+06 2.76087e+06 1.98782e+06 1.52326e+06
 3.0886e+06 2.21615e+06 2.50551e+06 2.25376e+06 1.69518e+06 4.35331e+06 3.97156e+06 3.6023e+06 2.52282e+06 1.83464e+06 2.37516e+06 3.00841e+06 5.93378e+06 5.18514e+06 3.47643e+06 1.88425e+06 2.25777e+06 2.5038e+06 2.25911e+06 2.04653e+06
 1.91264e+06 1.51133e+06 1.83462e+06 1.6876e+06 3.33057e+06 3.15328e+06 2.43625e+06 1.47246e+06 2.20431e+06 1.82087e+06 2.72049e+06 3.86747e+06 2.90609e+06 1.95903e+06 2.46345e+06 2.34444e+06 2.44255e+06 2.43676e+06 2.37521e+06 2.54522e+06
 1.40211e+06 2.29741e+06 2.03237e+06 2.32048e+06 4.09301e+06 3.30703e+06 3.14475e+06 2.72907e+06 2.56407e+06 2.20783e+06 2.57912e+06 1.88981e+06 1.35684e+06 1.28513e+06 1.39087e+06 2.01914e+06 2.9015e+06 2.16352e+06 1.87893e+06 2.13234e+06
 948932 941080 2.35101e+06 4.9602e+06 3.82608e+06 3.21488e+06 1.90121e+06 2.08764e+06 2.23298e+06 2.04184e+06 2.01218e+06 2.91468e+06 2.92183e+06 2.93457e+06 2.23079e+06 2.39576e+06 2.15304e+06 2.09854e+06 3.0217e+06 4.48849e+06
 1.38268e+06 937195 1.20235e+06 1.42079e+06 2.49646e+06 2.21811e+06 1.43682e+06 1.10807e+06 1.24123e+06 890495 1.16405e+06 1.76936e+06 1.97356e+06 3.45943e+06 2.68261e+06 1.75966e+06 1.57819e+06 2.17434e+06 2.0091e+06 2.38812e+06
 3.0674e+06 2.32847e+06 2.53576e+06 2.02805e+06 2.24851e+06 2.64378e+06 2.47931e+06 1.97774e+06 2.34256e+06 2.99516e+06 2.49548e+06 1.70732e+06 3.22893e+06 3.62642e+06 3.71153e+06 2.54121e+06 1.59781e+06 1.06265e+06 1.76731e+06 1.53445e+06
 688478 436669 346841 472406 593994 1.06447e+06 1.02758e+06 2.25254e+06 2.45353e+06 3.22169e+06 2.83905e+06 1.97496e+06 1.6207e+06 1.84733e+06 1.44995e+06 1.29568e+06 2.22603e+06 2.21297e+06 3.52595e+06 3.06154e+06
 1.3144e+06 1.40267e+06 2.56676e+06 3.23939e+06 2.61281e+06 3.96241e+06 3.60061e+06 2.4974e+06 1.56151e+06 1.3989e+06 1.17602e+06 1.41919e+06 1.10911e+06 3.68894e+06 3.44427e+06 2.67824e+06 2.38527e+06 2.85176e+06 2.96045e+06 2.27501e+06
 1.95335e+06 2.07639e+06 2.65407e+06 2.47794e+06 1.85932e+06 2.49159e+06 2.7548e+06 2.06823e+06 1.84987e+06 1.95413e+06 3.01325e+06 3.79189e+06 2.77879e+06 1.82186e+06 1.32256e+06 1.83242e+06 2.12448e+06 4.97639e+06 3.9918e+06 3.28095e+06
 2.39844e+06 2.50346e+06 2.66244e+06 1.99299e+06 4.64286e+06 4.18125e+06 3.37438e+06 1.90999e+06 2.53218e+06 2.1729e+06 2.27522e+06 1.74261e+06 1.8948e+06 1.6648e+06 1.67977e+06 2.22471e+06 3.13655e+06 3.82741e+06 2.85634e+06 2.21223e+06
 1.04744e+06 717627 1.59202e+06 1.37726e+06 1.37168e+06 2.64256e+06 2.86417e+06 2.01984e+06 1.21791e+06 5.33664e+06 4.63516e+06 3.91483e+06 2.63814e+06 1.71075e+06 2.22484e+06 2.09286e+06 2.13501e+06 4.03343e+06 4.2831e+06 4.51514e+06
 1.94042e+06 2.19197e+06 2.85874e+06 3.20348e+06 2.73892e+06 2.89793e+06 2.18683e+06 2.08048e+06 4.34092e+06 4.249e+06 4.35357e+06 3.97068e+06 2.71093e+06 2.60024e+06 1.96294e+06 8.85707e+06 7.10625e+06 5.22903e+06 2.05695e+06 1.34461e+06
 1.3896e+06 2.7897e+06 2.7256e+06 3.62841e+06 3.01018e+06 2.22633e+06 1.7126e+06 1.83715e+06 1.87769e+06 1.57544e+06 1.97201e+06 1.39479e+06 2.09079e+06 1.48663e+06 2.18339e+06 2.19976e+06 1.69171e+06 2.62393e+06 3.78559e+06 4.30937e+06
 3.69311e+06 2.69213e+06 2.05799e+06 1.441e+06 1.27907e+06 1.80075e+06 2.30968e+06 2.87474e+06 2.30509e+06 1.67679e+06 1.55515e+06 1.75302e+06 1.94367e+06 3.43698e+06 3.05673e+06 2.80074e+06 5.99035e+06 4.80093e+06 3.26266e+06 2.16621e+06
 2.74567e+06 2.75973e+06 2.11681e+06 1.20654e+06 1.36369e+06 1.21334e+06 2.24362e+06 2.52715e+06 2.46707e+06 2.39436e+06 2.42785e+06 3.03062e+06 2.66053e+06 4.45499e+06 3.33026e+06 2.41515e+06 1.49403e+06 1.37327e+06 1.62031e+06 1.46045e+06
 1.01819e+06 2.07349e+06 1.94489e+06 1.4425e+06 1.2048e+06 1.90471e+06 2.85069e+06 5.0534e+06 4.23557e+06 2.73283e+06 1.40406e+06 1.35348e+06 1.3418e+06 1.2268e+06 696409 578093 720231 497746 920689 1.13306e+06
 1.46124e+06 1.30232e+06 1.71017e+06 1.36821e+06 3.10703e+06 2.17395e+06 2.22092e+06 4.42181e+06 4.13411e+06 3.0577e+06 2.12837e+06 3.05464e+06 2.47384e+06 3.12859e+06 2.58564e+06 2.1958e+06 1.95406e+06 1.50938e+06 2.83283e+06 3.28074e+06
 3.72683e+06 2.71933e+06 1.93396e+06 1.0562e+06 1.34935e+06 1.21106e+06 1.44085e+06 1.75033e+06 1.95038e+06 8.56964e+06 6.66508e+06 4.75679e+06 1.74584e+06 1.25506e+06 667485 959024 706397 1.6976e+06 1.60826e+06 5.79608e+06
 1.32186e+06 1.42547e+06 1.8324e+06 1.90079e+06 1.84039e+06 1.59503e+06 2.33358e+06 3.09994e+06 2.80453e+06 1.91808e+06 1.82314e+06 2.37054e+06 2.76495e+06 3.30888e+06 2.59712e+06 1.90762e+06 1.06249e+06 2.00317e+06 1.91646e+06 2.75722e+06
 1.44829e+06 1.29412e+06 1.42182e+06 1.86257e+06 1.97789e+06 2.42686e+06 2.52658e+06 1.94659e+06 2.44222e+06 2.10372e+06 2.34722e+06 4.03255e+06 3.30491e+06 3.41804e+06 2.9546e+06 3.48807e+06 3.35857e+06 2.17461e+06 1.62603e+06 2.69474e+06
 1.50749e+06 1.29138e+06 2.19076e+06 3.87698e+06 3.99994e+06 2.80242e+06 2.16451e+06 1.85049e+06 1.50335e+06 2.29732e+06 2.80709e+06 2.52891e+06 3.35754e+06 2.58103e+06 2.57865e+06 1.83059e+06 2.30717e+06 1.83174e+06 2.08836e+06 1.56936e+06
 613355 1.08217e+06 1.29547e+06 1.61419e+06 1.31231e+06 1.31772e+06 1.10013e+06 2.64688e+06 2.89583e+06 3.14356e+06 2.60411e+06 1.99154e+06 1.67924e+06 2.43216e+06 2.7346e+06 2.79963e+06 2.3884e+06 2.17219e+06 3.143e+06 2.99316e+06
 1.72181e+06 1.13435e+06 1.88107e+06 1.63308e+06 2.59855e+06 3.22914e+06 2.67765e+06 1.88156e+06 1.32408e+06 1.47587e+06 1.18721e+06 2.11247e+06 1.82809e+06 2.49186e+06 3.10274e+06 2.88983e+06 2.26625e+06 1.83123e+06 2.54506e+06 2.35164e+06
 1.06666e+06 2.71941e+06 2.40546e+06 2.37753e+06 2.62728e+06 2.72844e+06 2.08516e+06 2.13246e+06 1.37064e+06 4.831e+06 4.26984e+06 3.04216e+06 1.81954e+06 2.24127e+06 3.50775e+06 2.91091e+06 3.23083e+06 2.24861e+06 2.55631e+06 3.39228e+06
 1.52236e+06 2.12152e+06 2.85483e+06 3.8938e+06 3.27924e+06 2.10614e+06 1.9992e+06 1.57331e+06 1.60198e+06 3.60217e+06 4.0863e+06 2.91128e+06 1.84962e+06 2.83413e+06 1.8727e+06 1.75155e+06 1.32221e+06 2.85775e+06 4.37875e+06 3.46021e+06
 1.0832e+06 1.4953e+06 1.03861e+06 1.58638e+06 1.79925e+06 1.99378e+06 2.43994e+06 3.14109e+06 3.79898e+06 3.87597e+06 3.05943e+06 2.42868e+06 1.5449e+06 2.19335e+06 1.74276e+06 1.64429e+06 1.75899e+06 4.71051e+06 3.8762e+06 2.93223e+06
 1.08778e+06 987429 934667 1.30056e+06 1.81198e+06 1.88779e+06 2.92723e+06 4.20528e+06 5.29989e+06 3.88226e+06 2.42968e+06 1.58295e+06 1.61235e+06 1.69584e+06 1.59506e+06 2.22937e+06 2.32943e+06 2.85209e+06 2.48349e+06 4.3754e+06
 1.2887e+06 1.41882e+06 2.53003e+06 2.20583e+06 3.28889e+06 3.86408e+06 3.83575e+06 4.24885e+06 2.81988e+06 2.84907e+06 1.84835e+06 2.36528e+06 3.2333e+06 3.41284e+06 3.09227e+06 2.16563e+06 1.36482e+06 1.8815e+06 2.10678e+06 2.13907e+06
 1.76702e+06 1.43168e+06 1.32757e+06 3.50994e+06 3.88842e+06 4.16392e+06 2.44583e+06 2.36183e+06 1.39199e+06 3.88759e+06 2.66829e+06 1.94272e+06 1.68487e+06 2.12459e+06 1.52147e+06 1.51965e+06 1.11526e+06 2.77003e+06 2.329e+06 4.09599e+06
 1.29152e+06 1.40511e+06 2.28746e+06 2.33156e+06 2.54551e+06 2.29529e+06 1.74064e+06 1.12677e+06 4.91647e+06 5.17485e+06 4.55997e+06 2.90804e+06 2.20431e+06 1.75508e+06 3.18981e+06 2.62183e+06 2.56619e+06 2.60679e+06 2.61564e+06 3.33842e+06
 1.00946e+06 1.11495e+06 1.21555e+06 3.40912e+06 2.75992e+06 2.76369e+06 2.17909e+06 3.31895e+06 3.24941e+06 2.79069e+06 2.02233e+06 2.2356e+06 2.05593e+06 2.26077e+06 2.10927e+06 1.99787e+06 1.69749e+06 1.84874e+06 2.77098e+06 2.73065e+06
 2.44853e+06 2.09275e+06 2.77275e+06 1.79622e+06 1.75356e+06 3.30426e+06 3.21421e+06 2.72763e+06 1.58007e+06 2.10179e+06 1.3615e+06 1.42233e+06 2.15706e+06 2.48132e+06 2.04571e+06 1.50285e+06 2.15535e+06 3.4535e+06 4.01326e+06 3.71187e+06
 1.08391e+06 1.04572e+06 1.26635e+06 991681 1.38326e+06 1.08537e+06 4.11157e+06 3.11764e+06 2.89392e+06 2.65368e+06 3.03085e+06 2.52254e+06 3.89758e+06 3.53907e+06 2.53438e+06 1.59273e+06 1.82275e+06 1.43601e+06 1.54807e+06 2.78091e+06
 1.09187e+06 858241 849881 2.13373e+06 1.86801e+06 2.79311e+06 2.29145e+06 4.09553e+06 3.94944e+06 3.55033e+06 2.63622e+06 2.31423e+06 1.68418e+06 1.14988e+06 857658 851043 1.1289e+06 1.34712e+06 2.10654e+06 2.36277e+06
 3.51581e+06 3.13892e+06 2.56422e+06 2.77543e+06 3.8992e+06 3.63894e+06 2.69443e+06 1.64829e+06 1.5714e+06 1.70822e+06 1.36351e+06 911853 1.67584e+06 1.30073e+06 5.04656e+06 5.30492e+06 4.07485e+06 2.20644e+06 2.20719e+06 1.55709e+06
 1.26268e+06 1.15777e+06 1.87348e+06 1.6074e+06 1.37061e+06 2.27594e+06 5.35997e+06 5.31594e+06 3.56968e+06 2.27219e+06 2.02181e+06 1.67933e+06 2.22594e+06 2.35362e+06 3.12234e+06 2.35889e+06 2.05259e+06 2.03707e+06 4.14515e+06 6.19404e+06
 1.09785e+06 1.00123e+06 696006 757639 1.22593e+06 1.73267e+06 3.74065e+06 3.37557e+06 2.82295e+06 1.72401e+06 1.45288e+06 1.95103e+06 1.93114e+06 2.26457e+06 2.40808e+06 1.88594e+06 2.66174e+06 2.18336e+06 2.22533e+06 1.6372e+06
 1.85296e+06 1.81747e+06 3.395e+06 4.88804e+06 3.83463e+06 2.57685e+06 2.82224e+06 3.00055e+06 2.23212e+06 1.31713e+06 2.95061e+06 2.41781e+06 2.8686e+06 2.42737e+06 2.41204e+06 2.55855e+06 2.29036e+06 1.63266e+06 1.84067e+06 1.94069e+06
 4.52548e+06 3.78904e+06 2.75437e+06 1.18092e+06 1.92127e+06 1.78808e+06 3.13516e+06 3.18357e+06 2.49605e+06 1.89315e+06 1.72147e+06 1.79808e+06 1.87074e+06 1.66202e+06 1.48104e+06 2.40851e+06 2.17354e+06 1.8566e+06 2.3301e+06 1.77695e+06
 1.82512e+06 1.46578e+06 1.55864e+06 1.12707e+06 2.53749e+06 2.02312e+06 1.91459e+06 1.39556e+06 2.28301e+06 2.26771e+06 2.00058e+06 1.44432e+06 1.24952e+06 1.7863e+06 2.51427e+06 1.88245e+06 1.7677e+06 2.89335e+06 3.72705e+06 3.3452e+06
 965086 1.19547e+06 1.13948e+06 2.00487e+06 1.77067e+06 3.19994e+06 2.32019e+06 2.22302e+06 1.97042e+06 1.70087e+06 3.18468e+06 3.41964e+06 4.59193e+06 4.22815e+06 2.90344e+06 2.02034e+06 2.26667e+06 1.82103e+06 1.43589e+06 2.77512e+06
 1.19713e+06 1.15752e+06 1.64583e+06 3.06811e+06 4.42115e+06 3.9839e+06 3.70444e+06 2.28459e+06 1.94297e+06 2.11775e+06 2.63063e+06 2.53343e+06 2.6335e+06 2.43889e+06 3.54908e+06 5.24932e+06 4.42578e+06 3.36112e+06 2.16553e+06 2.16549e+06
 2.27741e+06 2.33263e+06 2.31726e+06 1.82841e+06 2.48664e+06 2.56648e+06 2.63007e+06 2.69618e+06 2.26693e+06 2.23248e+06 2.58524e+06 4.76127e+06 3.82839e+06 2.58575e+06 1.53512e+06 1.00627e+06 1.16788e+06 1.12292e+06 1.11284e+06 894277
 893411 1.30884e+06 1.64453e+06 2.21876e+06 2.02175e+06 1.99706e+06 2.1968e+06 2.324e+06 1.85225e+06 3.25979e+06 2.91803e+06 2.22784e+06 3.98101e+06 4.20237e+06 3.31885e+06 1.96213e+06 1.52482e+06 1.3821e+06 1.66669e+06 2.30772e+06
 1.48221e+06 1.97367e+06 2.35394e+06 3.38457e+06 3.58592e+06 4.1306e+06 2.67915e+06 2.56711e+06 3.36592e+06 4.41145e+06 3.36111e+06 2.57532e+06 2.81128e+06 2.40078e+06 4.09727e+06 3.1653e+06 2.07689e+06 1.2846e+06 1.92608e+06 1.36002e+06
 1.72058e+06 1.43132e+06 1.86371e+06 1.76688e+06 1.63038e+06 1.65895e+06 2.12985e+06 2.1792e+06 1.6131e+06 1.16032e+06 1.59992e+06 1.96215e+06 2.62861e+06 2.917e+06 2.21447e+06 2.93852e+06 2.39828e+06 1.86458e+06 1.66696e+06 1.73166e+06
 963474 1.49624e+06 1.83073e+06 2.92602e+06 2.34407e+06 2.32476e+06 2.15183e+06 3.45246e+06 3.46509e+06 2.70429e+06 2.45292e+06 2.53701e+06 5.14835e+06 3.79384e+06 2.49561e+06 2.74985e+06 3.30067e+06 3.20242e+06 2.6092e+06 1.72071e+06
 994073 971673 1.24876e+06 1.22513e+06 1.31953e+06 2.69604e+06 3.65541e+06 4.08318e+06 2.59868e+06 1.50338e+06 1.12876e+06 1.35978e+06 3.58923e+06 5.49248e+06 5.35364e+06 3.29247e+06 1.85453e+06 2.15504e+06 1.91174e+06 1.87352e+06
 3.52459e+06 3.34331e+06 2.77114e+06 3.82169e+06 3.72395e+06 4.71962e+06 3.39349e+06 2.29595e+06 1.61422e+06 1.24056e+06 2.12569e+06 2.09299e+06 3.07022e+06 4.19263e+06 7.3793e+06 5.56593e+06 3.53922e+06 1.41015e+06 1.12496e+06 803648
 2.90416e+06 4.60034e+06 4.18162e+06 2.65352e+06 3.57728e+06 2.32345e+06 2.3117e+06 2.4192e+06 2.12425e+06 2.58335e+06 3.0947e+06 2.60402e+06 1.71462e+06 1.21762e+06 1.50642e+06 1.61956e+06 5.09983e+06 4.54394e+06 3.24033e+06 2.63461e+06
 1.81878e+06 2.56157e+06 2.90632e+06 2.48906e+06 2.01313e+06 1.54229e+06 2.35504e+06 2.64375e+06 2.05163e+06 3.88923e+06 3.50784e+06 3.84032e+06 4.23398e+06 3.40128e+06 4.06204e+06 3.16381e+06 2.30986e+06 1.52325e+06 1.78323e+06 1.63599e+06
 784107 770762 914368 1.74373e+06 2.22407e+06 3.8391e+06 5.05276e+06 4.94375e+06 3.78902e+06 2.13074e+06 2.53981e+06 3.20516e+06 3.602e+06 3.92832e+06 2.68732e+06 2.11359e+06 1.84725e+06 1.71748e+06 1.37194e+06 2.67062e+06
 1.13453e+06 1.40566e+06 3.79082e+06 3.05219e+06 2.52053e+06 1.57281e+06 1.42699e+06 2.41653e+06 3.37291e+06 2.82003e+06 1.8735e+06 1.35694e+06 1.01923e+06 2.84399e+06 2.69094e+06 2.27074e+06 2.2869e+06 2.01237e+06 1.96767e+06 1.80286e+06
 970144 1.39885e+06 1.44209e+06 1.95889e+06 3.73849e+06 4.02322e+06 3.21129e+06 2.65265e+06 3.34418e+06 3.36353e+06 3.38113e+06 3.13366e+06 2.22014e+06 1.30119e+06 1.68499e+06 1.28785e+06 1.75047e+06 1.80407e+06 1.82543e+06 1.86105e+06
 1.99412e+06 1.61625e+06 3.30486e+06 3.06306e+06 3.73889e+06 4.94828e+06 4.18076e+06 2.66681e+06 2.21661e+06 2.94503e+06 2.37215e+06 1.99381e+06 1.99038e+06 3.21388e+06 3.61731e+06 3.19933e+06 2.28948e+06 1.56328e+06 2.52244e+06 3.53558e+06
 1.15544e+06 2.40198e+06 2.25741e+06 1.73122e+06 1.23495e+06 1.62949e+06 1.44375e+06 1.51305e+06 1.23739e+06 1.07036e+06 2.28632e+06 2.17726e+06 2.4676e+06 2.54888e+06 2.32408e+06 2.2032e+06 2.10995e+06 3.20067e+06 3.1366e+06 3.13671e+06
 1.56986e+06 2.14352e+06 2.99834e+06 3.64386e+06 4.33238e+06 2.86247e+06 2.57759e+06 1.9205e+06 2.88083e+06 2.0192e+06 2.2416e+06 2.01426e+06 2.49504e+06 3.3676e+06 3.11495e+06 3.84881e+06 3.12529e+06 2.82486e+06 2.70209e+06 3.20377e+06
 1.9084e+06 1.71701e+06 1.5429e+06 2.18021e+06 2.83696e+06 2.48517e+06 1.85341e+06 1.59143e+06 1.58186e+06 2.08551e+06 1.75753e+06 1.41318e+06 1.11281e+06 1.81606e+06 1.68619e+06 2.67911e+06 3.51614e+06 4.92237e+06 4.67801e+06 3.29814e+06
 1.14204e+06 1.26978e+06 2.41375e+06 2.69818e+06 1.86589e+06 1.40402e+06 2.30767e+06 2.18065e+06 2.53209e+06 6.98029e+06 7.08157e+06 5.02959e+06 2.62101e+06 1.45738e+06 981304 3.73628e+06 3.24082e+06 2.48192e+06 1.62847e+06 1.60979e+06
 1.47586e+06 1.39688e+06 1.32006e+06 2.63065e+06 3.53323e+06 3.12023e+06 5.18559e+06 4.33808e+06 3.66021e+06 3.68444e+06 3.02306e+06 2.50517e+06 1.98411e+06 3.35953e+06 3.24051e+06 3.27905e+06 2.20983e+06 2.91427e+06 3.82796e+06 4.00947e+06
 1.43391e+06 1.28144e+06 2.11949e+06 2.20884e+06 3.42019e+06 3.26866e+06 4.05228e+06 3.04276e+06 2.26155e+06 2.89355e+06 3.61932e+06 3.10615e+06 2.64217e+06 2.30939e+06 2.35479e+06 1.69749e+06 2.00503e+06 2.39488e+06 1.95778e+06 4.63114e+06
 2.73999e+06 3.04479e+06 3.5778e+06 2.85e+06 2.42118e+06 2.31997e+06 2.0117e+06 1.80284e+06 2.10883e+06 2.52232e+06 1.94465e+06 1.41771e+06 1.04905e+06 1.99541e+06 1.48904e+06 1.99183e+06 1.98266e+06 4.65052e+06 3.62434e+06 2.73319e+06
 2.05961e+06 1.5079e+06 1.62129e+06 1.24944e+06 1.99555e+06 1.87805e+06 2.04309e+06 1.82586e+06 4.47184e+06 3.31628e+06 2.76538e+06 3.06305e+06 3.7277e+06 4.74905e+06 3.59637e+06 3.01675e+06 1.88163e+06 2.43468e+06 2.44956e+06 2.65552e+06
 1.45553e+06 2.16876e+06 2.5382e+06 1.85309e+06 1.61598e+06 982631 1.06952e+06 1.44433e+06 1.28122e+06 1.26133e+06 1.22755e+06 2.56324e+06 3.96385e+06 3.33268e+06 2.48679e+06 1.62763e+06 1.1668e+06 1.03378e+06 1.41041e+06 1.66465e+06
 1.38466e+06 1.44128e+06 4.63862e+06 5.25299e+06 3.90627e+06 2.22814e+06 1.50215e+06 1.97186e+06 3.77655e+06 3.64832e+06 2.33635e+06 1.88935e+06 1.79447e+06 2.45192e+06 3.14315e+06 3.0666e+06 2.15935e+06 1.58305e+06 1.67862e+06 1.60426e+06
 1.76133e+06 2.02254e+06 1.9753e+06 2.7622e+06 2.72742e+06 2.89059e+06 4.89431e+06 3.86222e+06 2.62204e+06 1.64643e+06 2.34257e+06 2.51013e+06 2.64308e+06 2.45129e+06 1.90638e+06 1.61315e+06 3.3744e+06 3.25729e+06 2.78752e+06 1.85887e+06
 1.28034e+06 3.46601e+06 2.97616e+06 2.93297e+06 2.32734e+06 3.34835e+06 2.69181e+06 3.7703e+06 3.22699e+06 2.47503e+06 1.6951e+06 3.87252e+06 3.72082e+06 2.93161e+06 2.1169e+06 1.63442e+06 1.30233e+06 1.05569e+06 1.29831e+06 868150
 1.30668e+06 1.07521e+06 1.10051e+06 1.39623e+06 2.6284e+06 2.77266e+06 3.31292e+06 7.42854e+06 5.89004e+06 4.07426e+06 1.90395e+06 2.61571e+06 1.78507e+06 1.45677e+06 2.00673e+06 2.47381e+06 1.97635e+06 2.5902e+06 3.46745e+06 3.64434e+06
 1.63763e+06 1.88623e+06 2.12843e+06 2.22378e+06 1.62923e+06 1.46324e+06 1.33752e+06 3.06053e+06 2.89263e+06 2.28703e+06 1.86499e+06 1.43453e+06 2.2602e+06 2.19979e+06 2.75125e+06 4.13363e+06 3.85036e+06 3.49791e+06 3.21055e+06 3.5341e+06
