 437078 583707 716643 810249 737673 739568 773320 1.63198e+06 2.51047e+06 1.77469e+06 731702 466098 359155 1.10168e+06 1.56407e+06 1.60107e+06 1.52742e+06 1.34911e+06 1.05587e+06 1.31601e+06
 442566 533951 971243 883663 643635 866387 791830 943520 998478 2.03905e+06 1.79998e+06 881263 631864 712289 731730 1.06872e+06 772247 1.02224e+06 1.8031e+06 2.04005e+06
 426697 292772 397662 1.30798e+06 1.95489e+06 1.97962e+06 1.76777e+06 1.06194e+06 581419 792559 582923 1.22978e+06 1.47976e+06 2.40094e+06 1.62006e+06 862694 538485 794216 740235 1.12341e+06
 472703 1.10514e+06 1.03155e+06 1.41793e+06 1.29613e+06 936936 743986 899665 1.47721e+06 982929 610147 1.22898e+06 1.43198e+06 1.21429e+06 1.87225e+06 2.58765e+06 1.69303e+06 730241 2.35526e+06 1.81581e+06
 472659 1.43027e+06 1.35871e+06 1.08757e+06 949440 611510 628599 639766 826814 728262 902577 1.15175e+06 2.11188e+06 1.74697e+06 997022 652183 795816 510019 282158 470410
 453638 1.22624e+06 1.48443e+06 1.77039e+06 1.85527e+06 1.15746e+06 617030 942824 674516 920136 1.66546e+06 1.17321e+06 1.2036e+06 1.2219e+06 1.13746e+06 893128 1.11349e+06 1.93199e+06 1.7846e+06 1.14955e+06
 416037 547901 931227 847196 1.29546e+06 843155 555761 1.00617e+06 2.20437e+06 1.88894e+06 792809 347079 1.14265e+06 882668 615231 734251 534308 619500 903570 913294
 456130 947649 1.524e+06 1.82258e+06 1.05144e+06 1.0932e+06 810053 1.86581e+06 1.91043e+06 1.62255e+06 1.95249e+06 2.12479e+06 1.51513e+06 739833 1.37765e+06 1.00758e+06 853743 1.0415e+06 854023 1.90896e+06
 439649 2.74973e+06 2.5751e+06 1.16429e+06 614184 874776 904534 711406 1.05896e+06 2.75036e+06 1.58581e+06 482084 321811 1.12805e+06 1.11709e+06 1.00132e+06 596035 1.01909e+06 885654 1.18443e+06
 444088 1.32341e+06 2.04032e+06 2.13165e+06 1.28193e+06 792628 808265 1.67898e+06 1.6078e+06 837945 464581 480197 474535 642783 489939 385562 558077 467716 845807 1.5825e+06
 477201 315923 428150 472605 815764 980954 1.51115e+06 1.3172e+06 1.25251e+06 1.27649e+06 950815 680886 706729 1.63152e+06 1.7971e+06 1.58307e+06 1.20114e+06 825475 695130 550643
 407232 500345 486377 927621 1.17589e+06 1.115e+06 1.12346e+06 1.16145e+06 1.27011e+06 1.38924e+06 952873 367343 277871 257460 163022 93541 364104 410916 538075 524431
 460371 381147 667711 593709 762965 642996 795888 1.18574e+06 2.68874e+06 2.53274e+06 1.45798e+06 861059 722125 483390 1.50903e+06 1.01677e+06 672203 702063 693658 726644
 429986 528472 641352 828557 1.59369e+06 1.36698e+06 882521 1.1721e+06 832948 1.75473e+06 1.66122e+06 3.04409e+06 2.79649e+06 1.14856e+06 685383 728421 666957 840320 642120 445170
 460080 674091 958852 2.03316e+06 1.48978e+06 1.79656e+06 1.71528e+06 1.17067e+06 1.0343e+06 724874 989871 991658 1.49207e+06 1.08053e+06 766170 746426 1.70237e+06 1.70574e+06 841514 716946
 472822 1.35331e+06 1.94834e+06 1.87577e+06 1.13696e+06 535987 371531 880583 1.08142e+06 1.05324e+06 1.80339e+06 1.95385e+06 1.11594e+06 2.12189e+06 1.63607e+06 684234 763511 991042 1.15962e+06 613755
 472865 583559 1.75906e+06 1.52829e+06 1.08583e+06 2.37243e+06 2.59596e+06 1.46819e+06 1.06502e+06 624636 542198 1.3191e+06 1.528e+06 921566 855103 1.14853e+06 780836 817790 1.13702e+06 1.21845e+06
 489260 914577 678591 509198 512343 750870 1.23458e+06 1.12288e+06 1.01236e+06 839682 694737 703022 1.43165e+06 1.7726e+06 1.32334e+06 844191 971308 654832 767003 749081
 467269 1.05558e+06 884377 831389 772396 1.54633e+06 1.8149e+06 1.29221e+06 673583 939437 1.18088e+06 809681 1.12052e+06 2.83315e+06 1.86555e+06 636993 370679 581658 1.30779e+06 1.04575e+06
 439575 987873 732313 657299 758226 1.56058e+06 1.79433e+06 1.03602e+06 582968 958537 1.49531e+06 2.6198e+06 2.0314e+06 1.26647e+06 643481 578738 656077 1.4196e+06 1.4673e+06 1.09465e+06
 360338 276653 378287 903128 1.19582e+06 1.50433e+06 1.15742e+06 1.4649e+06 1.0409e+06 992810 933081 798670 545672 444712 397415 813026 2.16351e+06 2.17173e+06 1.36164e+06 1.12875e+06
 475759 1.08937e+06 1.66015e+06 3.18365e+06 2.03137e+06 925692 617047 907982 875141 410610 1.09211e+06 1.20301e+06 2.08448e+06 2.07795e+06 1.31167e+06 827358 1.4706e+06 1.00184e+06 458862 629152
 457387 1.21864e+06 1.76675e+06 1.15301e+06 1.63654e+06 1.68985e+06 1.06798e+06 955131 826811 557701 477059 474357 490225 758016 995557 1.32342e+06 902758 750090 1.41314e+06 1.51372e+06
 470611 921547 963153 1.42366e+06 1.2712e+06 1.14169e+06 796845 793436 922913 819010 936327 920399 966023 952400 1.19303e+06 1.5431e+06 1.31537e+06 823873 2.18078e+06 2.34929e+06
 487344 715600 923916 2.5329e+06 2.63119e+06 1.48493e+06 896229 1.02915e+06 1.69668e+06 1.33041e+06 1.36831e+06 1.50244e+06 901292 887277 1.53171e+06 1.74843e+06 2.2136e+06 1.22313e+06 591977 1.90079e+06
 483961 389476 433166 636906 756399 685092 603751 1.06715e+06 1.56402e+06 930479 577070 888644 1.57043e+06 2.1984e+06 2.14188e+06 1.2157e+06 559641 555860 446254 672975
 456614 1.33791e+06 1.08605e+06 726767 730293 674632 1.25232e+06 1.07722e+06 662945 676066 813661 851660 715768 1.913e+06 1.7142e+06 871867 484600 655131 599475 770403
 464696 598132 527341 957550 1.17747e+06 1.07167e+06 816032 721979 1.81094e+06 1.5148e+06 1.44891e+06 1.07553e+06 661088 1.04816e+06 1.25836e+06 805046 709721 898734 1.54577e+06 1.76182e+06
 417741 445143 1.01568e+06 1.58e+06 1.45395e+06 884082 770278 1.46596e+06 1.01968e+06 691352 1.17816e+06 1.24174e+06 1.01137e+06 1.09422e+06 910086 920721 976829 1.51633e+06 1.2432e+06 771588
 460895 2.01374e+06 1.92152e+06 1.33644e+06 667072 475326 636483 371972 752968 882952 698508 884560 852037 1.36996e+06 2.31729e+06 1.79363e+06 853340 531176 328952 889696
 452480 1.13922e+06 2.88007e+06 2.62215e+06 919018 638745 1.58341e+06 1.19254e+06 777342 2.02902e+06 1.40135e+06 1.05512e+06 888208 2.02229e+06 1.37308e+06 1.20353e+06 1.02104e+06 1.01693e+06 1.00688e+06 979127
 457062 445135 416790 600627 454837 390610 740261 902337 864264 724697 881759 1.67201e+06 1.76486e+06 1.03188e+06 807744 785555 658294 655276 1.18212e+06 917854
 447864 733151 922546 763246 446722 1.54632e+06 1.41025e+06 678667 610086 666872 609765 1.14136e+06 1.77712e+06 1.93024e+06 1.37619e+06 1.40157e+06 1.18652e+06 1.04286e+06 685297 747120
 462488 1.05502e+06 1.05525e+06 919803 570887 578967 441750 440672 609726 658717 939212 964951 1.26574e+06 2.15678e+06 1.49882e+06 1.05208e+06 727794 724228 1.39794e+06 1.10759e+06
 378969 375491 702917 697682 891499 1.39415e+06 935735 1.14944e+06 1.4869e+06 882393 479704 783259 845889 1.50829e+06 1.75731e+06 1.11607e+06 600762 828491 437830 309998
 442945 655459 1.36797e+06 1.42879e+06 1.40288e+06 1.36098e+06 1.08754e+06 2.12062e+06 1.8e+06 820421 742037 1.22998e+06 2.09667e+06 1.52587e+06 882176 767442 1.05207e+06 643756 377378 705832
 461339 669895 2.00941e+06 1.79683e+06 1.88977e+06 1.47245e+06 1.73209e+06 2.36214e+06 1.24554e+06 830120 681134 761108 2.45215e+06 2.13091e+06 935529 654485 490107 474977 807215 770563
 442213 1.99791e+06 1.38159e+06 764306 1.09748e+06 1.26867e+06 3.00971e+06 3.50867e+06 1.6387e+06 639838 313558 500183 316435 459002 842407 860359 776224 1.03259e+06 778550 1.79621e+06
 442116 460409 861299 794295 859913 609071 438506 542325 988702 872619 954465 726463 858965 1.34588e+06 1.24634e+06 1.09709e+06 750004 766230 765600 727575
 468350 831670 1.89711e+06 1.43723e+06 781744 934797 1.06345e+06 848300 955293 937735 1.20788e+06 883575 811141 1.21413e+06 1.49711e+06 1.1801e+06 749436 769240 1.99276e+06 3.40919e+06
 392285 437654 837839 665414 813724 1.49567e+06 1.29098e+06 989621 807059 780852 575026 675476 1.57895e+06 1.02926e+06 506096 404241 241135 263069 485317 1.01914e+06
 439993 1.62784e+06 1.4015e+06 1.50014e+06 1.34674e+06 933328 1.29541e+06 929332 656399 2.02478e+06 1.64279e+06 1.02099e+06 789067 833243 1.08247e+06 927995 798192 2.61813e+06 2.29959e+06 1.07576e+06
 473327 908666 588723 1.56607e+06 1.46257e+06 930588 800524 1.06032e+06 949711 808153 2.6842e+06 2.37183e+06 1.2648e+06 763495 379523 496818 453110 447069 551836 518288
 438333 506911 679291 1.09594e+06 1.12427e+06 1.32243e+06 910059 898204 809220 2.12852e+06 1.92676e+06 1.15925e+06 775267 1.42577e+06 1.68632e+06 1.22108e+06 1.02045e+06 779496 1.26201e+06 1.29216e+06
 451028 1.40882e+06 1.38892e+06 1.01443e+06 1.58246e+06 1.09361e+06 665177 606530 420035 1.19269e+06 1.36265e+06 1.67355e+06 1.60871e+06 1.141e+06 1.02981e+06 685967 884714 1.44953e+06 1.21672e+06 925828
 463182 1.06073e+06 1.24817e+06 1.2491e+06 1.15138e+06 988659 1.08385e+06 836194 608790 634506 1.07584e+06 1.77265e+06 1.26692e+06 1.29795e+06 1.26074e+06 1.20712e+06 702023 1.32578e+06 1.51734e+06 1.00425e+06
 451134 934117 777246 1.43313e+06 1.74173e+06 1.2109e+06 863702 742320 1.29023e+06 1.3444e+06 1.04713e+06 1.62103e+06 2.10124e+06 1.64104e+06 1.11099e+06 489111 1.04923e+06 936454 590060 988882
 466626 730137 740316 1.94351e+06 1.93324e+06 1.91539e+06 1.02172e+06 580652 1.15338e+06 876501 701328 840240 1.3846e+06 1.1097e+06 878373 955066 784755 795563 732939 1.17152e+06
 414386 704366 1.10992e+06 1.43149e+06 1.17051e+06 1.45518e+06 1.15462e+06 889541 1.51834e+06 1.38096e+06 1.07192e+06 715202 531701 748689 465617 1.45521e+06 1.79936e+06 2.34654e+06 1.39364e+06 832374
 449112 712172 982471 1.09529e+06 1.8941e+06 2.17815e+06 1.39344e+06 629251 1.73032e+06 1.43526e+06 971739 497035 414465 527602 769952 602441 1.65488e+06 1.41356e+06 1.65432e+06 1.22461e+06
 435149 292429 667856 534856 888749 897653 2.60776e+06 2.12176e+06 948067 1.13948e+06 1.27792e+06 1.03325e+06 1.19553e+06 1.62906e+06 1.19958e+06 788838 893594 1.80702e+06 1.64546e+06 967949
 418963 763377 613140 418427 1.65595e+06 1.61891e+06 1.09159e+06 1.68127e+06 1.0538e+06 886136 1.20543e+06 883019 1.50855e+06 1.13891e+06 865137 632239 568416 409020 318125 757784
 407982 355873 569407 517518 700227 1.07016e+06 1.10283e+06 837863 934335 1.26491e+06 1.2826e+06 1.57981e+06 1.10152e+06 727677 539549 697900 916291 1.2155e+06 1.15483e+06 1.13424e+06
 418117 396386 330150 481867 838035 1.23001e+06 1.75004e+06 1.38277e+06 1.19477e+06 946541 1.45976e+06 1.14902e+06 786384 730857 1.12048e+06 903999 1.29861e+06 1.15322e+06 965046 822977
 476805 756411 608240 618876 892876 772728 1.12373e+06 1.12838e+06 1.2943e+06 1.25075e+06 1.10513e+06 857434 780031 1.03599e+06 1.04962e+06 1.94151e+06 1.44195e+06 882749 593666 715498
 461857 1.24599e+06 1.25694e+06 1.27464e+06 1.82284e+06 1.97801e+06 1.09549e+06 658100 2.08817e+06 2.51886e+06 1.91345e+06 829826 766503 1.18619e+06 946678 786942 2.19257e+06 1.96919e+06 1.28997e+06 1.34101e+06
 469474 884906 778283 750451 517056 386374 401081 457042 639122 852214 1.3858e+06 1.78341e+06 1.17454e+06 840227 1.37995e+06 1.23429e+06 814514 501596 858941 769220
 396600 399374 505112 473560 908146 1.86051e+06 2.15769e+06 1.47423e+06 609025 891148 1.15723e+06 860665 809941 541168 570379 687016 1.24017e+06 972746 1.07638e+06 806070
 434173 1.914e+06 1.39848e+06 1.32549e+06 1.13228e+06 801659 874727 994049 2.67252e+06 2.67109e+06 1.40727e+06 591619 483971 718934 1.21301e+06 1.02078e+06 1.02639e+06 1.00774e+06 808805 1.57877e+06
 418076 622834 999203 755011 795995 1.36715e+06 986990 676692 583506 1.47702e+06 1.28523e+06 736875 521401 357461 587359 726466 625094 980223 1.30015e+06 1.19328e+06
 461670 2.20229e+06 1.57217e+06 807097 1.12222e+06 1.432e+06 1.40736e+06 903122 1.28829e+06 1.31575e+06 847330 1.20187e+06 1.99085e+06 1.60415e+06 775697 712645 1.29499e+06 1.10423e+06 626109 500402
 458914 1.93061e+06 1.38083e+06 800117 1.49524e+06 1.03033e+06 971711 1.21208e+06 818917 761466 859395 884853 1.84954e+06 1.6041e+06 931303 517884 410457 641086 880879 1.65684e+06
 437004 572328 572953 1.07771e+06 1.19098e+06 1.45052e+06 1.48026e+06 859256 1.00955e+06 1.28053e+06 1.13843e+06 599808 867843 1.12515e+06 951125 719175 841777 697549 492611 956146
 417874 304439 678014 882480 1.08031e+06 1.52502e+06 1.19473e+06 770803 1.27676e+06 808302 777870 1.18679e+06 683765 702018 668118 493585 516905 523430 756114 682683
 419898 514628 931494 764779 871090 1.62378e+06 1.66746e+06 1.21041e+06 962297 1.49563e+06 1.71213e+06 1.11966e+06 657053 802673 769295 887026 1.56716e+06 1.14314e+06 1.08757e+06 1.1947e+06
 386810 445118 538756 994465 764823 531099 894311 985117 997308 1.34194e+06 1.79038e+06 1.52853e+06 1.23612e+06 616532 509755 356115 361400 927481 1.01651e+06 1.57394e+06
 466772 567116 970276 1.28902e+06 1.4006e+06 1.15905e+06 1.03691e+06 977269 1.43524e+06 1.08631e+06 673568 629645 694393 663781 1.13906e+06 986986 694412 989559 1.22117e+06 774742
 462925 1.11938e+06 1.47595e+06 868468 867330 1.96566e+06 1.93071e+06 1.19355e+06 637619 517772 537913 486846 1.03781e+06 1.32098e+06 1.16892e+06 880547 570930 719847 846579 895051
 483466 579815 550573 847411 725224 560822 1.5419e+06 1.46604e+06 1.74428e+06 1.35391e+06 908690 1.10731e+06 798227 1.02774e+06 1.30939e+06 1.09973e+06 1.41631e+06 1.77179e+06 1.29507e+06 1.09176e+06
 491907 804623 1.21919e+06 1.47601e+06 1.47792e+06 1.35846e+06 1.75783e+06 1.4763e+06 823390 485070 433908 322327 397853 350347 434679 750850 1.49093e+06 1.33364e+06 1.10362e+06 989084
 446228 595616 658357 923267 1.06013e+06 1.74787e+06 1.44526e+06 897147 798549 1.04925e+06 1.55465e+06 1.20974e+06 1.19254e+06 1.44244e+06 1.88471e+06 1.26214e+06 934134 914847 1.39001e+06 1.62448e+06
 394867 346903 741028 976238 975316 712189 640765 689221 992382 849760 2.51134e+06 2.49838e+06 1.24465e+06 902695 652797 2.97469e+06 2.65875e+06 1.07345e+06 483178 1.39522e+06
 468363 992565 833516 807684 728079 1.01888e+06 2.04401e+06 1.38891e+06 626102 657128 1.02633e+06 901823 516622 1.02643e+06 999451 1.98766e+06 1.41131e+06 642008 644129 1.02852e+06
 378582 463878 667093 696317 1.03027e+06 896585 776689 1.03856e+06 1.37556e+06 817910 488487 485943 819356 1.26277e+06 1.42581e+06 1.18391e+06 873166 846450 1.21909e+06 1.32417e+06
 411037 330441 563476 2.02409e+06 1.7103e+06 979297 771511 993880 818131 485493 452120 593677 648163 1.17924e+06 2.05851e+06 1.45094e+06 968197 575613 594965 524827
 392542 334388 438483 426513 658604 1.07984e+06 1.48507e+06 1.41259e+06 1.09839e+06 1.75126e+06 1.23987e+06 1.42197e+06 1.46334e+06 949048 665897 745138 1.00501e+06 810013 1.37556e+06 1.8198e+06
 466789 1.3936e+06 1.97934e+06 1.65222e+06 921941 767249 1.23104e+06 1.10452e+06 687180 726789 1.14221e+06 1.24627e+06 1.94334e+06 2.08539e+06 1.3305e+06 545811 699589 1.26406e+06 927780 941244
 437831 730378 913536 710962 781436 795715 1.2014e+06 1.44656e+06 1.41844e+06 1.02102e+06 1.19996e+06 1.26563e+06 834984 944672 669836 529413 761680 1.1077e+06 1.02346e+06 645495
 361069 208310 784434 1.03756e+06 1.1008e+06 737567 593437 902650 770443 778377 1.0661e+06 863375 1.0395e+06 816640 460277 485437 1.40054e+06 1.38924e+06 707915 520488
 463887 857766 1.55543e+06 1.53775e+06 1.16924e+06 820696 733406 911658 1.07326e+06 1.11303e+06 796284 723478 940647 653381 976841 1.65835e+06 1.16033e+06 742147 441895 579100
 398372 370719 488195 570006 789889 692710 704870 882877 1.00304e+06 1.19681e+06 1.05082e+06 872552 658762 495407 847155 808195 1.71403e+06 1.80785e+06 1.23403e+06 973627
 446193 1.11594e+06 841106 754424 843527 1.22258e+06 986163 961157 1.68048e+06 1.31528e+06 1.03868e+06 1.39523e+06 1.07521e+06 1.69158e+06 1.21786e+06 586448 640097 1.23038e+06 1.78242e+06 975673
 423427 498206 684314 670226 1.00656e+06 1.41082e+06 1.10192e+06 702537 878170 716792 1.90254e+06 1.38387e+06 725992 701326 681633 937693 667838 1.12756e+06 1.08447e+06 735720
 480362 717459 588164 432259 623414 626571 1.84958e+06 1.93207e+06 1.4696e+06 1.32453e+06 1.09506e+06 945367 1.20184e+06 1.3986e+06 1.26906e+06 1.15667e+06 1.29357e+06 2.1804e+06 1.28074e+06 553938
 468278 617981 571725 1.31779e+06 1.6697e+06 3.71632e+06 3.27161e+06 1.32782e+06 509100 212171 831483 707633 1.14359e+06 1.44304e+06 1.25105e+06 671405 2.07973e+06 2.14192e+06 1.54956e+06 1.47694e+06
 460562 788896 793558 1.07027e+06 733432 1.07591e+06 969875 530799 1.28592e+06 1.88431e+06 993917 595234 509187 753793 1.05244e+06 915315 687712 989543 1.06358e+06 711492
 438455 672242 788831 1.08347e+06 986605 1.20872e+06 1.4352e+06 1.37838e+06 1.09364e+06 831441 910084 1.09933e+06 1.59683e+06 1.30199e+06 1.40517e+06 1.49632e+06 1.05744e+06 1.69569e+06 1.54592e+06 881510
 434542 498603 416107 793387 617362 485478 1.23137e+06 1.28516e+06 1.02143e+06 729667 856452 931701 705430 878288 1.60138e+06 2.07507e+06 1.36978e+06 632340 346849 293679
 491399 579608 736161 1.32642e+06 3.1119e+06 1.72071e+06 726458 386690 487381 568860 812048 792100 842804 842252 1.23647e+06 1.08369e+06 735036 1.37196e+06 1.04649e+06 1.36749e+06
 406901 315053 536987 751994 673810 553247 1.73655e+06 1.40815e+06 763879 835671 633542 1.73805e+06 1.48695e+06 976830 682580 1.04154e+06 811014 1.07973e+06 798132 1.15943e+06
 448330 1.20519e+06 1.29247e+06 1.77341e+06 1.73828e+06 906357 869141 808242 440621 656870 479213 400601 714000 760363 749754 1.32295e+06 1.03524e+06 842646 883522 985743
 444654 399960 339153 687457 629122 1.41686e+06 1.66216e+06 1.06522e+06 1.13631e+06 1.43828e+06 1.49862e+06 1.02463e+06 589357 746744 932461 917423 1.47308e+06 1.27698e+06 1.60072e+06 1.0412e+06
 434788 661909 1.23856e+06 1.10837e+06 1.1168e+06 1.2134e+06 2.65146e+06 2.21117e+06 1.16736e+06 1.60179e+06 1.12343e+06 1.4735e+06 1.20943e+06 679846 792391 1.28613e+06 1.50386e+06 1.4253e+06 835505 599344
 459425 602526 502736 649132 643794 1.30781e+06 1.21044e+06 974750 872935 880164 1.35368e+06 1.69012e+06 1.08011e+06 1.00409e+06 1.53619e+06 1.27419e+06 724479 1.3535e+06 1.35389e+06 663959
 451483 824922 920921 2.0279e+06 1.63067e+06 959606 891404 1.43713e+06 2.73049e+06 2.53948e+06 1.15267e+06 569689 357314 379101 659149 1.04736e+06 1.26949e+06 1.57595e+06 973689 859881
 415168 597440 812926 2.21401e+06 2.04085e+06 766605 653918 1.52032e+06 3.79229e+06 2.82879e+06 913475 274010 781098 657639 458955 703273 618096 608779 782117 882317
 429094 416070 451953 1.32435e+06 1.11685e+06 868841 1.07475e+06 889923 709867 815959 967481 1.08025e+06 1.02751e+06 901009 677907 1.60796e+06 1.51095e+06 2.02433e+06 1.39032e+06 1.17998e+06
 370995 403262 694260 929466 825641 888020 787983 1.39744e+06 1.08406e+06 1.44687e+06 1.46468e+06 1.78147e+06 1.3929e+06 1.34625e+06 1.01867e+06 1.0832e+06 2.2821e+06 1.78888e+06 798554 507871
 473374 1.18334e+06 1.45942e+06 1.09502e+06 908870 630917 568436 764294 540683 581473 827101 825024 727635 1.25747e+06 1.33859e+06 1.19471e+06 740662 1.3766e+06 1.6579e+06 1.03764e+06
 367241 263137 705207 834984 674567 730744 1.89406e+06 1.6549e+06 950890 1.4843e+06 1.73499e+06 1.2211e+06 776741 1.09339e+06 1.86389e+06 2.47159e+06 1.38024e+06 515788 485406 864659
 416490 589713 783848 1.15999e+06 1.85917e+06 1.20535e+06 671875 2.0826e+06 2.13172e+06 1.19792e+06 1.48181e+06 1.0389e+06 955648 629563 644945 465369 661621 587134 555499 449193
 460252 1.48406e+06 1.70176e+06 1.40135e+06 999257 548675 712220 907443 737263 632015 709254 798452 914704 829916 824299 1.04761e+06 1.73892e+06 1.25378e+06 696607 853261
 328335 142545 271013 334544 342222 922762 732506 509873 1.0057e+06 843170 748442 611032 483992 485372 320851 395285 971742 871728 629252 1.27176e+06
 360095 251631 192588 119879 363415 346869 647069 1.22283e+06 1.39303e+06 1.61662e+06 1.8392e+06 1.32963e+06 921896 816892 654796 1.07071e+06 1.11073e+06 735216 1.13753e+06 900400
 389976 362821 533908 744739 924169 1.12776e+06 846125 1.06296e+06 1.18966e+06 1.61091e+06 1.2007e+06 812816 1.13898e+06 1.79673e+06 2.02627e+06 1.36658e+06 936839 968069 442419 271780
 470507 891912 705573 837967 823029 535694 366822 707953 537079 910806 797730 787403 640296 583804 737456 927665 1.04391e+06 955619 1.40403e+06 1.12422e+06
 427735 665533 512136 600020 584738 688776 1.05633e+06 987716 1.1448e+06 1.18533e+06 927036 729439 867082 778758 1.16475e+06 1.13226e+06 1.90842e+06 2.27553e+06 1.23215e+06 822145
 434916 579133 674297 573421 656205 958911 705169 840187 824456 940174 892743 1.54229e+06 934860 542290 783352 1.18695e+06 1.13748e+06 1.0034e+06 1.22359e+06 935387
 470889 758203 885427 705445 2.26288e+06 2.0623e+06 1.00147e+06 749434 804119 1.65832e+06 1.21518e+06 980837 1.12983e+06 1.23468e+06 986590 881997 1.13162e+06 1.18016e+06 1.0534e+06 801138
 458745 1.22628e+06 922359 1.14501e+06 1.77283e+06 1.42073e+06 1.65787e+06 1.8316e+06 1.43713e+06 998810 838107 1.64636e+06 1.21695e+06 1.94209e+06 1.80608e+06 965755 781486 1.87334e+06 2.08903e+06 911639
 442576 824105 817039 1.1813e+06 2.45683e+06 2.69088e+06 1.02936e+06 885377 905388 1.31761e+06 834901 894351 1.81689e+06 1.13402e+06 926401 711571 906227 1.0071e+06 901358 448353
 460657 993006 1.03282e+06 804941 1.6232e+06 1.79588e+06 1.90418e+06 1.3597e+06 727735 666101 566514 987268 1.3484e+06 1.10692e+06 679829 1.18451e+06 1.09374e+06 872576 933337 758367
 432117 439675 493796 539615 537518 2.37505e+06 1.60012e+06 913034 537019 573501 568954 1.0969e+06 1.22329e+06 1.03126e+06 995468 1.45497e+06 1.77822e+06 1.48012e+06 1.12432e+06 1.12218e+06
 417579 808442 774985 646170 758938 656199 1.81397e+06 1.75963e+06 1.58793e+06 1.00495e+06 942301 1.01883e+06 828203 1.19323e+06 788195 633828 1.35867e+06 1.5147e+06 1.53012e+06 1.05121e+06
 430017 432612 655998 719298 698080 815119 702621 1.22809e+06 1.2143e+06 694095 527037 250203 487016 931894 970828 1.13159e+06 715250 1.20349e+06 1.22159e+06 1.58122e+06
 459044 665598 562311 427401 808358 979776 972520 1.41251e+06 1.45571e+06 930043 1.27755e+06 1.62894e+06 1.0592e+06 705347 608779 619147 1.26218e+06 1.27606e+06 1.8484e+06 1.50298e+06
 443765 661741 1.03743e+06 1.58998e+06 1.34687e+06 891074 929357 1.78846e+06 2.17853e+06 1.501e+06 1.67519e+06 1.28315e+06 822321 642962 1.00436e+06 1.5646e+06 1.57883e+06 1.53267e+06 1.81696e+06 1.35254e+06
 381139 318088 569109 532951 874401 633770 557006 1.65182e+06 2.30653e+06 1.52994e+06 538100 215460 216265 634218 557984 434947 444891 621303 656840 2.01905e+06
 440737 885884 584711 690127 623548 711893 1.00935e+06 945316 713746 1.34343e+06 1.07577e+06 1.4115e+06 979034 449373 427012 884294 2.27571e+06 2.06121e+06 1.08926e+06 696495
 432342 589818 628452 569256 968610 916562 1.06819e+06 1.25558e+06 1.61444e+06 1.24197e+06 581279 648532 566935 556038 557572 1.16111e+06 806071 2.0912e+06 1.79123e+06 1.13343e+06
 441337 869814 737808 685096 516330 715198 506011 365797 574981 923293 737172 1.55493e+06 1.46181e+06 2.57759e+06 1.96779e+06 1.3072e+06 1.06756e+06 685115 874260 1.30571e+06
 411497 347954 280300 351654 570581 764447 1.68428e+06 2.76756e+06 1.78098e+06 865787 368711 711388 691295 1.08431e+06 2.09232e+06 1.52691e+06 1.177e+06 1.02456e+06 1.14243e+06 1.95537e+06
 362686 291193 440460 827290 1.30254e+06 1.53749e+06 1.9896e+06 1.18493e+06 696895 1.63914e+06 1.03312e+06 551706 555390 431941 995035 790574 624868 939359 1.17466e+06 856935
 412490 535590 1.08072e+06 2.11063e+06 1.62906e+06 793012 499132 772448 809002 1.2627e+06 1.40378e+06 1.46724e+06 1.01225e+06 668658 672729 761551 1.40419e+06 1.81014e+06 1.25978e+06 935605
 470447 957152 974273 710543 1.24577e+06 2.18481e+06 1.69392e+06 819437 1.52459e+06 1.00789e+06 862294 643417 591407 321713 219721 1.02648e+06 1.19315e+06 1.58018e+06 1.58945e+06 1.44017e+06
 456130 1.00271e+06 992727 1.21966e+06 1.11121e+06 1.8083e+06 975622 530460 974693 1.03816e+06 753805 1.1931e+06 1.22152e+06 1.10472e+06 1.1858e+06 914358 534828 1.07294e+06 1.22251e+06 793428
 440593 1.08787e+06 969632 828001 1.82144e+06 2.11467e+06 1.43224e+06 1.00654e+06 793158 424048 294952 674517 888359 974307 1.87641e+06 1.72546e+06 1.1527e+06 848836 1.36297e+06 2.01424e+06
 405256 379961 1.42118e+06 1.76926e+06 1.00091e+06 563710 515375 858049 1.19696e+06 1.04814e+06 868880 806153 770221 1.61822e+06 2.10314e+06 1.2722e+06 577874 533564 562978 875407
 440455 1.39852e+06 1.08344e+06 897055 1.57717e+06 1.83205e+06 1.88583e+06 1.3203e+06 806748 744879 847707 1.46031e+06 1.40324e+06 1.27785e+06 765792 766605 1.24636e+06 1.02584e+06 801645 779665
 457174 1.15459e+06 958085 1.32526e+06 1.07152e+06 764647 1.10875e+06 1.04468e+06 767840 1.04067e+06 1.12703e+06 1.38833e+06 1.14994e+06 546312 1.76051e+06 1.32307e+06 949327 1.01965e+06 1.01429e+06 1.29519e+06
 422026 311900 345682 661745 619648 663288 617057 782533 1.20117e+06 1.30871e+06 1.44897e+06 968338 756750 630400 1.09234e+06 1.03462e+06 1.13491e+06 1.12886e+06 1.11008e+06 717779
 448196 1.33598e+06 1.19624e+06 1.21286e+06 1.23232e+06 829152 2.35809e+06 2.24996e+06 1.24621e+06 992860 766465 1.02058e+06 1.07813e+06 3.26705e+06 2.34209e+06 802377 441569 823512 1.19774e+06 710722
 451839 971154 786129 772098 760724 1.70656e+06 1.58818e+06 941091 527446 1.05166e+06 907404 1.18348e+06 1.79124e+06 1.20384e+06 638852 1.05951e+06 1.23934e+06 1.29667e+06 1.19386e+06 1.02363e+06
 450441 657879 1.08128e+06 1.00397e+06 1.08198e+06 2.26342e+06 1.74767e+06 1.24226e+06 1.2338e+06 1.00465e+06 924840 1.14157e+06 769064 406905 468391 638411 968224 1.69292e+06 873683 613276
 381117 375312 454019 1.08155e+06 2.2225e+06 1.7727e+06 1.09869e+06 777429 861053 1.0551e+06 947870 757183 1.19384e+06 1.38954e+06 1.31593e+06 873567 895232 802552 751232 1.07182e+06
 439732 607043 434987 721078 828835 1.45453e+06 1.18816e+06 609087 464473 494190 333308 567294 901308 822106 1.9789e+06 1.29918e+06 522662 457174 663383 749359
 451498 1.54236e+06 1.21392e+06 876372 865879 1.03273e+06 1.20585e+06 1.00054e+06 758969 1.05022e+06 1.39025e+06 1.21412e+06 534572 1.54576e+06 1.8727e+06 1.62724e+06 1.04415e+06 473153 336436 657311
 417931 179108 101817 121854 181992 303116 587177 536188 1.1679e+06 1.35343e+06 1.3914e+06 1.12602e+06 632586 465790 738532 622687 543061 1.11646e+06 823502 1.11752e+06
 410428 498209 630190 1.24385e+06 1.51648e+06 1.0097e+06 1.74453e+06 1.73695e+06 742693 572740 567433 357624 489363 453749 1.6687e+06 1.46644e+06 849852 1.06889e+06 1.48927e+06 1.16026e+06
 464700 1.09859e+06 1.0941e+06 1.32244e+06 1.19721e+06 817951 1.15433e+06 1.20709e+06 779787 671569 896374 1.456e+06 1.82815e+06 1.15187e+06 541294 480809 764734 853579 2.46774e+06 2.04333e+06
 438334 1.07069e+06 1.51264e+06 1.24028e+06 830674 2.07539e+06 1.84183e+06 1.08853e+06 626059 1.16167e+06 1.00056e+06 840091 623790 819885 678887 579048 1.07483e+06 1.46385e+06 1.61691e+06 1.03435e+06
 432496 493255 371296 946982 721963 492784 1.18198e+06 1.27917e+06 622157 334944 2.29656e+06 2.54185e+06 1.41934e+06 855508 550559 1.0469e+06 926339 835914 1.96085e+06 1.93764e+06
 455628 863597 1.04063e+06 1.42937e+06 1.35212e+06 1.18035e+06 1.52902e+06 1.10187e+06 960002 1.8833e+06 1.69149e+06 1.42648e+06 1.58452e+06 970720 896547 737204 3.50344e+06 3.42161e+06 1.21709e+06 392033
 445361 691901 1.89846e+06 1.69137e+06 1.81109e+06 1.53423e+06 914063 621047 740612 885495 758716 963973 769022 884795 614840 816870 946853 607614 964880 1.81574e+06
 437762 1.61832e+06 1.36869e+06 664338 629267 623193 1.2689e+06 1.29937e+06 1.17959e+06 932778 540216 578167 850998 970969 1.91153e+06 1.58532e+06 1.18326e+06 3.05084e+06 2.21309e+06 925687
 463575 1.84085e+06 1.78699e+06 831217 359383 513790 543718 1.06997e+06 1.21541e+06 1.05402e+06 1.07396e+06 1.11062e+06 1.3845e+06 1.09057e+06 1.80007e+06 1.42282e+06 661739 451228 555273 564817
 379625 373088 1.09259e+06 837459 505125 605463 910641 1.47089e+06 2.4541e+06 2.01238e+06 956135 430325 471459 594639 511630 222751 231639 335364 201983 504828
 428228 649374 624284 939704 899454 1.88019e+06 1.24104e+06 857267 2.28722e+06 2.24934e+06 1.06837e+06 765232 1.3115e+06 1.09972e+06 1.16549e+06 1.10179e+06 890552 770417 541008 1.27801e+06
 438289 2.05183e+06 1.62413e+06 675765 429118 588472 470051 535228 559775 692185 4.59643e+06 3.71077e+06 1.29129e+06 323225 284571 174049 215986 170856 908951 875126
 405905 644175 937113 939149 892450 916541 737775 1.01223e+06 1.47313e+06 984038 474884 644887 1.06409e+06 1.28044e+06 1.17732e+06 997465 688943 398908 976484 862695
 439846 708201 697896 716391 1.08865e+06 1.05412e+06 1.21036e+06 1.16531e+06 833562 1.20866e+06 1.10494e+06 1.07743e+06 2.10368e+06 1.88518e+06 1.61512e+06 1.27958e+06 1.44015e+06 1.75746e+06 885857 535712
 409608 670914 647412 1.08652e+06 2.03241e+06 1.70384e+06 971394 770385 828207 712104 932857 1.23633e+06 1.02747e+06 1.23148e+06 959156 955805 825729 920319 765431 960698
 311184 147609 517046 739771 705878 584491 567507 424763 1.24322e+06 1.44915e+06 1.25984e+06 934164 696138 679237 1.02072e+06 1.19408e+06 1.05117e+06 895111 920676 1.18649e+06
 456218 873446 559612 905034 800806 1.21416e+06 1.53152e+06 1.04266e+06 635810 597337 700735 581287 1.00915e+06 947081 1.15622e+06 1.41227e+06 1.07733e+06 758989 759864 1.21557e+06
 431028 509550 1.60137e+06 1.4475e+06 1.21642e+06 1.37532e+06 1.16077e+06 916552 929683 519699 2.21291e+06 2.43228e+06 898776 604560 1.03169e+06 1.74873e+06 1.52048e+06 1.38484e+06 1.06529e+06 1.00664e+06
 466125 857864 1.20675e+06 1.45401e+06 1.55185e+06 1.49739e+06 886648 877974 691097 677157 1.69338e+06 2.22336e+06 1.20828e+06 574950 1.40486e+06 663335 519386 534369 1.15423e+06 2.04077e+06
 446464 561564 574500 363854 768969 1.00891e+06 1.11613e+06 1.36492e+06 1.50617e+06 1.77627e+06 1.69105e+06 1.09685e+06 883964 451802 681541 740761 675409 819413 2.04388e+06 1.7126e+06
 402688 481674 477219 424532 736333 983891 819824 1.0744e+06 2.02009e+06 2.49836e+06 1.56327e+06 817213 536371 538222 646916 705889 1.14077e+06 1.2454e+06 1.09551e+06 1.00738e+06
 429798 578828 684535 1.46907e+06 1.20116e+06 1.13697e+06 1.68225e+06 1.69867e+06 1.69782e+06 925445 951552 734009 832170 1.34941e+06 1.31854e+06 1.12049e+06 700481 352887 723948 953288
 454932 892136 621214 485382 1.70561e+06 1.96713e+06 1.71236e+06 832052 993512 680638 1.49718e+06 1.1982e+06 579636 640610 1.0534e+06 654688 546904 433359 1.27525e+06 967866
 464518 671221 756136 1.16295e+06 1.16957e+06 1.20884e+06 1.19467e+06 694143 480572 2.17528e+06 2.309e+06 1.399e+06 786491 688403 654259 1.38953e+06 1.01219e+06 820900 991931 944287
 447239 460200 536914 573944 1.54202e+06 1.37468e+06 1.25459e+06 1.10266e+06 1.53373e+06 1.3511e+06 1.19036e+06 908021 1.15967e+06 1.00077e+06 1.00412e+06 1.05701e+06 850368 571386 697521 1.11483e+06
 459342 1.27385e+06 1.11544e+06 1.01668e+06 730373 878021 1.89737e+06 1.58781e+06 1.10081e+06 579201 744811 541097 619807 1.06199e+06 1.36645e+06 1.02235e+06 555297 893246 1.24987e+06 1.53534e+06
 431203 471590 566715 628172 395294 549197 541227 2.64918e+06 1.70944e+06 1.03174e+06 1.27703e+06 1.24558e+06 895275 2.00255e+06 1.93101e+06 929580 483459 714478 666315 719039
 445822 483330 361002 411602 1.09162e+06 1.0404e+06 1.39737e+06 1.13301e+06 1.68386e+06 2.03632e+06 1.55943e+06 1.06903e+06 831564 526818 360744 274389 302487 492803 686726 1.04137e+06
 453699 1.56663e+06 1.67097e+06 1.05431e+06 1.44684e+06 2.17429e+06 1.92433e+06 958864 443951 596026 729206 519047 329472 787358 574006 2.22752e+06 2.80343e+06 1.58325e+06 563053 689124
 421372 563922 532539 854090 772368 534738 1.35417e+06 2.91438e+06 2.30209e+06 1.04942e+06 601992 638369 589195 925797 975352 1.36488e+06 1.04138e+06 818401 789222 1.74103e+06
 390595 422628 445836 264887 360912 621529 847040 1.92569e+06 1.64861e+06 1.09574e+06 690609 603946 814816 819313 951994 1.08818e+06 788111 1.34615e+06 1.09988e+06 816456
 452864 905124 859210 1.32803e+06 2.04621e+06 1.59148e+06 701530 1.17014e+06 1.78786e+06 869490 377155 1.44601e+06 1.06781e+06 1.14194e+06 861243 837063 1.0094e+06 838019 509610 657890
 454484 2.40192e+06 2.21312e+06 910021 302880 735833 823912 1.37088e+06 1.28409e+06 842673 640331 622759 655448 706559 627878 531473 994168 1.0124e+06 710429 1.00582e+06
 439071 803620 682743 712995 595476 1.29082e+06 1.00929e+06 725284 701211 1.18135e+06 1.06518e+06 880447 567181 475563 794504 1.05765e+06 680050 678618 1.22986e+06 1.36524e+06
 452960 463118 584532 497451 929562 874284 2.0475e+06 1.35572e+06 964644 842994 598705 1.10037e+06 1.48992e+06 1.98699e+06 1.68021e+06 1.01367e+06 696108 882719 741444 530675
 428068 529308 587828 754591 1.49469e+06 2.17242e+06 1.64356e+06 1.57546e+06 850831 645040 962117 1.18255e+06 1.15326e+06 1.02991e+06 1.03333e+06 1.5181e+06 2.25186e+06 1.73313e+06 933108 700708
 463572 1.20486e+06 1.17587e+06 972574 852760 1.57729e+06 1.39311e+06 1.0425e+06 1.27197e+06 995715 845177 1.10804e+06 1.86764e+06 1.40943e+06 690501 406569 283007 474938 512275 410573
 404869 403703 756966 749711 1.06363e+06 1.16835e+06 1.00346e+06 955791 1.0566e+06 897294 1.39243e+06 1.23637e+06 904842 1.90041e+06 1.79575e+06 1.30349e+06 636792 507635 569811 590530
 455269 821679 1.19914e+06 1.16897e+06 1.73847e+06 1.86896e+06 1.78373e+06 849143 730560 1.3843e+06 1.70275e+06 1.11971e+06 717880 1.10579e+06 1.01982e+06 1.70126e+06 1.43698e+06 636407 445639 913031
 450808 713215 600853 852259 803764 630551 674271 1.02913e+06 1.05556e+06 626036 342202 834694 1.03201e+06 1.04375e+06 1.08538e+06 866063 1.38484e+06 945528 521323 626375
 421973 428770 765520 878746 1.59307e+06 854273 621953 884252 1.65379e+06 1.42384e+06 907056 986493 1.12195e+06 2.47305e+06 1.52772e+06 561435 1.01441e+06 1.56155e+06 1.44117e+06 873879
 396677 416137 523785 748368 686734 601446 1.02435e+06 1.84101e+06 2.02351e+06 930452 373423 355567 524396 1.74502e+06 2.72415e+06 2.2689e+06 985134 510873 840908 792424
 447777 1.88672e+06 1.60228e+06 1.19254e+06 1.9362e+06 1.69692e+06 2.23607e+06 1.6161e+06 734381 555937 479163 1.01169e+06 1.03465e+06 1.41215e+06 1.87634e+06 3.42676e+06 2.48525e+06 671042 181349 335593
 456570 1.47867e+06 2.45661e+06 1.88887e+06 880658 1.64767e+06 1.0348e+06 726620 915775 771576 1.20005e+06 1.26315e+06 958053 458571 358844 679516 835668 2.56488e+06 2.42732e+06 1.09837e+06
 433255 686132 1.05073e+06 1.38764e+06 1.0882e+06 760276 641564 1.34694e+06 1.55837e+06 879184 1.79727e+06 1.56853e+06 1.54576e+06 1.90813e+06 1.5281e+06 1.41744e+06 1.26383e+06 833953 413789 611662
 359650 244117 395290 520837 1.00667e+06 1.16176e+06 1.90321e+06 2.32207e+06 1.97383e+06 1.63077e+06 696446 941856 1.49097e+06 1.20861e+06 1.55175e+06 1.03165e+06 597281 716224 670038 484167
 442420 510348 697748 2.13921e+06 1.57096e+06 771852 567785 575065 1.13878e+06 1.79236e+06 1.2915e+06 521066 391478 418974 1.48659e+06 1.57398e+06 955809 988743 977531 778530
 427884 421367 711790 679534 800841 1.63155e+06 1.73532e+06 1.07168e+06 910044 1.18486e+06 1.22228e+06 1.28783e+06 1.29792e+06 828169 362597 611509 550513 711597 1.07367e+06 856042
 466086 1.11239e+06 929563 1.50871e+06 1.37327e+06 1.60767e+06 2.29678e+06 1.98953e+06 889682 790806 1.45132e+06 1.06967e+06 734422 917666 1.94984e+06 1.77083e+06 1.30741e+06 760102 536525 897209
 398726 362943 1.16717e+06 1.13431e+06 678734 550392 751749 555371 590571 590381 553519 1.13574e+06 1.07732e+06 924533 1.18889e+06 1.05398e+06 936779 847011 1.49088e+06 1.37327e+06
 432066 655318 929273 1.29365e+06 1.64176e+06 1.93026e+06 1.34416e+06 1.14374e+06 921447 1.16732e+06 742655 682950 822934 1.45073e+06 1.54295e+06 1.15266e+06 1.34277e+06 1.06754e+06 886725 914864
 462449 1.02597e+06 988610 678696 1.02925e+06 1.3004e+06 962666 694018 786176 766621 997131 780263 628339 506342 969024 871653 1.24412e+06 1.92947e+06 2.4588e+06 2.0839e+06
 414840 468430 754495 1.22622e+06 1.29013e+06 756134 496286 1.02919e+06 1.10614e+06 1.10911e+06 3.42031e+06 3.68299e+06 2.08067e+06 630773 292426 247425 1.50087e+06 1.43156e+06 774061 496106
 451932 711810 648298 591677 1.53032e+06 1.70653e+06 1.37726e+06 2.33393e+06 1.83692e+06 1.13701e+06 1.35156e+06 1.19726e+06 809590 597546 1.4945e+06 1.28984e+06 1.26894e+06 804602 1.26069e+06 1.85617e+06
 456413 686731 621026 1.04279e+06 970479 1.2042e+06 1.26175e+06 1.6187e+06 1.22429e+06 594288 1.23114e+06 1.95792e+06 1.41638e+06 1.06097e+06 849840 712774 531189 662401 925118 652429
 451931 1.10677e+06 1.40465e+06 1.43158e+06 1.02589e+06 925754 1.07745e+06 912185 713534 934728 1.10935e+06 835786 485955 477457 985537 738643 990635 1.15742e+06 2.05167e+06 1.69378e+06
 448106 926594 675288 672697 610580 968838 1.05505e+06 1.03228e+06 919052 2.63703e+06 1.8537e+06 1.0362e+06 1.58436e+06 1.9458e+06 1.97735e+06 1.66712e+06 1.00283e+06 546657 1.13285e+06 1.20428e+06
 440533 746274 1.1134e+06 1.20191e+06 863419 800575 433814 394833 615740 632973 552100 540411 1.48531e+06 1.94498e+06 1.56773e+06 932811 506894 344856 348909 551714
 442304 720859 832793 2.72259e+06 2.66956e+06 1.52365e+06 833421 561591 627468 1.64956e+06 1.60435e+06 787470 687719 597007 1.04602e+06 1.37468e+06 1.3604e+06 815897 525609 713533
 441760 764674 1.24155e+06 1.0509e+06 1.31075e+06 1.33007e+06 1.36582e+06 2.36551e+06 1.75022e+06 859456 625168 958711 1.01848e+06 889780 1.06366e+06 685055 465027 1.66719e+06 1.70349e+06 992471
 411663 437434 1.62104e+06 1.56297e+06 1.18187e+06 983737 1.75786e+06 1.28514e+06 1.64861e+06 1.58768e+06 887798 595164 2.07887e+06 1.71526e+06 1.03517e+06 845424 670980 474981 356803 464286
 465498 643968 533319 486766 586984 1.46809e+06 1.42495e+06 1.27157e+06 3.50608e+06 2.7578e+06 1.04369e+06 414609 1.22539e+06 609305 309378 612274 1.18614e+06 697615 830111 1.2161e+06
 429812 766039 997319 865748 732606 571173 583153 622821 1.33382e+06 1.19605e+06 681379 732178 587848 1.27907e+06 1.26809e+06 1.13835e+06 1.82989e+06 1.61512e+06 1.10469e+06 1.03313e+06
