 176304 128669 212939 166842 135318 127614 490730 526923 86279 75991 81023 132774 298204 294056 336772 234364 183325 152341 338806 249965
 148443 242646 150022 112063 166097 118765 212479 158919 550989 117214 61734.4 181768 159389 152879 217391 116660 229405 381739 297176 107620
 95512.7 115601 396541 429003 361560 224692 71322.5 105816 262446 99653 399418 232223 556203 248359 107950 121575 221892 196870 266943 198344
 328829 126525 454064 144166 146753 127306 212148 390740 71642.8 102626 376811 217081 259826 403097 451422 110797 84499.9 627780 192451 140721
 516423 213689 122197 178886 99493.2 137025 149836 214939 142032 189177 251461 520992 120526 90413 131760 222498 141156 56519 167366 138545
 433222 213033 379766 328999 62409.4 91128.3 322814 116678 264745 303656 140561 236767 198022 240428 165964 183917 407934 255286 127361 244428
 147462 222848 114415 313868 125594 71333.4 338762 671201 60769.4 128042 65821.8 366581 74595.4 105246 212562 76383.9 158464 172651 189274 165548
 289577 245103 390593 98677.6 218473 120711 586068 248617 281877 363526 422440 184261 64484.4 381684 191227 146166 248941 108659 862929 251002
 737614 327131 97059.8 86939.6 241120 132293 104049 333691 671065 82197.1 46834.8 76560.1 394222 190994 202191 86415.9 290348 119228 320223 148785
 405925 375567 306626 67510.1 193565 185306 436233 226501 101015 85644.7 141723 130744 156553 76038.8 143197 108246 68198.9 269328 286049 543777
 105845 112951 130772 177202 193118 353724 135950 248332 209071 127043 153520 187251 386074 434353 137132 199521 133861 201371 110980 115530
 132533 93669.2 353710 193508 207468 228790 238770 246435 220271 144868 75570.6 90996 103676 56897.5 37182.3 125048 63044.2 121048 89257.7 195549
 117119 164471 79139 234001 126826 156914 252955 595683 389582 99549.8 116308 193650 91358.1 575785 207775 61562.9 190099 165935 134324 307348
 138172 133283 246776 340780 100230 152811 290214 116028 386480 215673 830930 137825 94486.2 171546 272939 154174 263228 137940 86514.9 120544
 219946 207647 420496 142202 489197 269317 88283.3 177794 120370 306041 180754 315526 119103 165517 182631 436868 183679 139478 163650 524443
 382922 516840 307664 165613 102520 76614.5 225789 300579 176843 441369 295422 145203 430615 91370.1 81481.7 197385 193067 211243 91895.6 202323
 164714 492172 208440 148261 699962 326193 130494 237443 145395 123810 373254 300444 91755.6 189603 173988 109927 182957 260542 245856 263399
 293531 180224 85048.1 118411 182693 266796 214039 257212 121178 141887 155511 303056 379281 200069 148740 193229 64463 288039 155349 142985
 404499 106081 185498 161434 420169 266232 136197 103007 230091 274287 109801 277890 878255 154856 45991.7 79847.3 239321 322856 139694 419604
 242364 81894.5 155033 155910 372785 286613 109683 99511.9 277625 333357 651090 177787 99071.9 120596 240260 195757 336663 218409 189080 80379.2
 73610.9 101693 247123 202092 376756 156687 285712 112372 250064 156625 152224 106226 135343 81637.6 220455 447529 273171 179572 231823 171289
 337819 360141 761923 161285 44691.3 126737 273125 212599 63799.9 466620 190314 423957 285593 160987 135261 290926 103024 83737.3 232249 259210
 311423 312580 121758 394550 288427 113003 215595 144756 123110 154777 107570 112585 235841 210639 266336 107159 130299 341999 312227 161952
 345715 169072 315146 165530 186333 115944 171849 265924 102329 296739 116925 259553 189922 311872 230128 150308 119668 550386 284091 198827
 233841 211391 754172 206288 60613.3 179224 318399 348348 161531 282308 297879 85116.9 244435 410102 343004 446788 135206 114053 475852 212341
 130999 112013 120768 175526 136043 92273.8 287963 320403 112087 92287.2 260645 380762 426641 303095 117265 101579 147057 92691.9 198967 146255
 338522 210067 75638.9 245959 127254 276917 194312 135855 112939 186692 216557 114602 536862 161475 126022 67954.1 199815 143676 167548 192766
 203942 87908.7 220519 266990 197079 92873.1 149341 587265 146839 294159 97064.2 119974 297467 215501 136085 122254 209885 439038 323632 328758
 124450 330196 253305 197333 100501 174335 453115 144686 170233 270787 203602 153549 246592 127059 247010 191124 334182 164917 117822 109342
 640557 241461 148741 84915.9 120129 223189 65148.1 218836 152980 94165.4 298022 138451 360322 477136 77935 138411 218779 61796.6 272046 380197
 364728 564941 140190 65943 142175 628697 74459.9 174373 571243 127912 176372 228343 566343 110543 210881 182110 248956 288344 170547 163467
 125981 97098.4 164767 83103.1 67249.5 255154 178479 130312 152072 195302 319087 204576 88206.7 185858 203759 139357 138069 294317 134138 276196
 197287 166809 171390 46205.9 455853 173113 96771.2 133089 96527.3 137885 294907 376170 255226 263998 220545 173199 231526 130836 135743 133288
 314349 160689 126224 86253.8 168798 107226 94328.8 177321 138239 158587 157842 215984 514293 249300 138196 165172 158353 356601 143688 111346
 96774.8 207974 129266 229837 246700 122835 249654 240823 91931.3 101483 244631 149996 335402 245218 92602.7 120288 221950 89559 100939 330887
 190203 316029 248516 277326 213404 172243 399199 213110 113460 161730 366153 394016 190672 112377 136497 295811 117578 89936.1 337189 140478
 199841 561899 233772 319147 199385 434605 370259 131233 104001 131986 243786 676911 198847 113689 124698 171876 99479.6 244120 127681 356632
 673992 95803.5 105854 255444 250935 632474 480958 130151 54062.7 135330 151980 53042.8 163077 199812 194488 108818 317411 107113 440980 136952
 137263 237915 141255 196644 74165.1 127671 97875.3 318115 98290.5 269204 123161 156152 365865 221383 156890 157853 173093 126977 139103 332559
 250992 429599 131512 154576 211859 185434 138592 270507 155484 273689 111328 152292 303477 218448 187748 111178 211170 477635 682142 196844
 100762 249480 107553 185965 436166 207049 116473 139172 196122 135835 200298 410941 74232.6 95361.9 111280 69733.1 70390.7 126076 249330 1.43101e+06
 442404 132676 389731 87222.5 127600 295197 123545 148991 481622 120356 167417 153152 153941 339887 171069 187034 840803 177124 70667.1 111721
 329218 50742.8 440957 150443 132407 210268 189271 202816 152233 933166 225385 184312 99994.8 96372.2 177409 77177.8 150712 119765 120555 137184
 149447 150015 266057 200286 339936 64972.4 220512 165124 575642 173716 126557 110995 359078 368828 221124 159824 174061 293289 175937 116446
 322433 166509 182016 311605 133084 124810 134274 90238.5 390301 221390 355916 195198 144950 259158 108256 285877 253888 262455 129160 146205
 341892 184282 236573 260021 178221 253942 115527 161244 109213 257996 421728 165761 299838 153123 291560 78829.6 431338 290863 92921.1 194479
 289571 100745 414144 265995 145935 182195 95275.2 407777 212054 142635 407770 403288 239842 62320 73020.6 371258 220022 100970 228943 136130
 239259 130326 561240 242373 275244 127560 122122 235479 157279 164734 183964 298412 135088 155767 241550 106068 202869 125518 296064 317539
 182271 239675 339794 227162 264247 132217 138908 433289 245197 200492 90646.8 110347 184047 46321.1 503195 288501 472349 102690 159054 99229.7
 205021 226825 211656 465407 223957 121753 80356 645057 223264 94176.6 106239 125042 116612 208137 115715 405331 121747 345717 163685 213583
 79332.3 188597 66335.1 239150 130267 684107 102378 86658.4 269688 232754 159586 260714 320375 172675 151317 178059 395716 300366 182235 72737.6
 180244 82744.2 109335 496190 296112 109690 447827 130689 196895 217480 127989 402929 193283 160297 86050.3 199424 87049.7 94200.2 212988 149213
 109276 157297 111828 167063 266369 225034 119006 228908 245406 201851 384150 144935 116537 109465 185666 267367 211665 163316 165602 153115
 131204 68016.3 131711 253557 301889 308430 142952 282607 148487 275577 104858 109894 179992 262772 149196 314867 153441 160533 220001 145635
 339080 74753.7 137051 191939 115870 315150 251277 207153 170941 268787 96259 225032 181874 235793 468011 68814.7 137482 125940 195717 294117
 386710 135801 325109 501007 163657 89618.9 130503 593707 300395 202054 96624.9 206058 319491 94393.9 182254 746056 141547 194723 285050 309049
 293545 110577 149274 105298 100235 89205.8 91332.7 182709 180341 363123 269431 63712.9 150104 393369 228915 106536 116972 205580 138107 137506
 120735 114135 89746.9 225710 392657 342519 90345.1 92433.2 235584 218889 136716 273615 77184.5 133160 169774 417985 123474 316166 76623.3 265089
 400038 96781.5 221103 214189 124823 206157 248769 679272 200421 94122.5 56594.4 168868 232198 389083 133939 213940 165065 164812 491368 259721
 166442 204570 124779 181637 308219 78209 176451 129467 357695 127926 110425 118392 98154.8 173838 130269 116992 204130 326890 230257 601500
 823582 88124.3 102805 343145 265593 147566 116095 291619 236568 135117 337921 379246 111327 128321 161456 330412 160709 91216.7 100071 132394
 622387 90706.4 106037 385665 160285 169333 160058 140970 158069 197492 176254 427363 202885 76629.7 90603.5 106720 203255 270432 346942 185487
 144336 115869 294332 179372 244485 202296 116553 255045 259998 179756 77070.6 249366 248030 154627 114467 214351 132933 82003.3 290909 276968
 86125.2 217065 149581 197690 260042 136159 153152 309293 67310 179148 211842 117041 168989 150032 99304.6 103147 109923 174003 84456.2 139999
 138087 250611 166077 197049 284918 321526 182705 157887 366901 259953 116156 113556 200132 141412 255515 308896 131782 190119 210874 252941
 121419 103440 331648 94491.9 119476 190946 188534 152272 305499 436324 194678 177815 76561.3 121823 104766 90057.8 282910 196507 254762 169979
 161518 268060 211920 181341 274689 141436 145546 356436 133916 145347 120871 163005 145752 276553 164165 114107 281292 192497 114230 161306
 410383 149058 82183.8 185182 601048 232751 112004 95173.9 142066 178897 111340 233653 280694 150433 159082 91423 186505 244402 199450 156561
 227356 106434 193394 80370.8 107267 489349 153178 371544 223380 150542 263170 62015.3 276757 298792 181782 321874 424289 123894 217219 60008.1
 295504 250985 244175 240413 180655 347773 257814 69238.7 173068 111558 60395.4 150160 85960.9 136772 207829 294905 237864 197318 142618 74585.2
 179026 130494 270868 205835 381323 81377.4 134425 206273 257273 301582 218533 243298 288882 321397 99818.6 192921 251558 313566 280098 174016
 96322.9 178872 160073 187726 134187 118115 177978 308272 134293 743400 270642 71912.8 125585 224725 741298 190111 62718.4 87958.9 404410 180074
 302412 121665 173920 136583 227648 415014 152201 80919.7 189330 233615 111438 91235.8 252258 152347 425305 101464 52433.5 153413 236629 164798
 113710 165295 142515 266636 138429 132540 262887 178454 84413.2 107603 95018.7 192503 370760 248194 187910 122196 198601 296578 261439 228962
 88726.7 172582 617593 169957 146395 150241 202288 111440 68991.3 174217 112233 142977 294404 346603 186219 133750 108376 168892 97464.9 204688
 84096.7 130037 96998.4 174549 248413 256435 185183 181096 421567 87053.7 442410 147720 209983 102279 191227 193332 140372 422429 265297 126766
 457741 441718 105683 86092.8 179463 322891 190033 152254 133984 287327 188106 508845 391010 80475.1 83810.7 203503 308388 122178 294087 319146
 190748 274569 100435 154339 168368 235467 300966 173392 151311 234854 263500 92844 284154 98242.6 150883 172137 232193 238747 90689.7 154280
 54839.6 243342 224410 184795 78608.8 116832 172768 133138 179352 194633 132328 268413 169575 78211.6 123573 423544 213326 86217.6 108533 265094
 260802 386957 237951 171956 203207 122003 180801 248186 155336 111640 147037 150286 65148.5 262604 404274 189714 78037.5 62761 178829 191189
 101226 110951 146699 211749 95258.6 141298 225146 155557 234172 182922 108240 145619 93618.3 264970 139938 446990 163803 167647 174348 273691
 327667 102200 178584 201890 244840 75316 212561 459245 164595 166505 301947 195918 591836 93457.6 74076.3 200584 233508 355684 116136 208237
 130971 214602 117673 218229 253999 140941 105634 203301 87970.7 402101 118391 97788.8 141788 160886 246307 87424.9 292366 143482 117127 98481
 319953 80296.4 70865 147173 137341 480696 279110 230811 184402 219578 194388 220203 315705 180754 293923 303907 280540 115384 89784.7 78382.6
 211961 102883 384936 302262 623061 202062 48748 59401.6 82804.9 253897 111794 281578 294357 162537 79241.1 509099 312309 197122 191688 211554
 232104 148700 211061 85472.1 256696 173485 58224.6 473739 329304 86118 109636 108480 152270 197256 120192 111285 281632 244958 77607 274284
 184330 160313 220760 166153 266393 367624 140021 185107 137717 252770 267458 420707 140573 267930 233509 213213 349426 174960 140175 234247
 139896 74714.3 205403 92371.9 127514 288107 113327 123076 135561 261557 205732 124857 205579 382869 296236 87320.2 86473.6 112910 74432.2 154864
 198050 171745 314199 689496 130125 49859.5 85035 202244 139472 189073 161778 204424 123423 320166 154143 72570.5 454438 158236 268104 297118
 91530 132175 176216 128488 139915 444004 123096 112143 199090 87847.2 453342 108746 164440 144115 323509 116082 194541 115010 268228 590252
 306775 157576 256049 259808 133101 171193 150619 65898.3 220797 71980.8 117879 150134 162554 159479 246491 116069 164748 160304 214750 111559
 117856 76876.5 180756 58930.6 402125 239412 123986 195314 266803 208024 114448 90128.4 252749 189390 160674 413098 150139 393514 128506 291260
 195027 308391 178816 272873 262503 516708 387318 69412 463845 141700 265647 127684 101701 221704 340449 183380 241747 137930 140745 175172
 224533 100938 179600 134807 457112 172139 161618 119423 189968 322013 296555 103741 230460 327919 103912 144323 329828 171762 110119 266305
 212976 179955 454209 162479 166971 149936 425108 522461 335082 77773.9 146824 87951.1 129403 175888 409027 175330 251758 76718.9 234879 207660
 162593 173568 582837 148611 98967.3 129799 467206 891650 128516 64800.8 65817.8 317351 97888.3 123539 152572 147541 105273 196891 137747 420126
 119262 97898.1 329548 133027 226735 157628 102715 155441 233974 210212 277613 121139 157926 143639 563300 195039 443274 111804 253363 156149
 106129 194000 192603 138909 192982 142718 305880 167633 331963 260627 284923 138659 234356 105621 315864 469648 88477.1 105510 136947 161280
 393599 301770 167748 219976 106611 99742.7 202556 72994.9 167608 173255 101632 154947 398087 237117 90682.5 101598 330952 259340 134034 114441
 75071.4 202399 185417 107076 165312 523134 167556 142558 337331 301067 147728 118772 236393 336271 620039 92878.2 73430 155187 242944 149287
 159412 186319 303251 420999 90279.5 84037.7 616473 232804 119493 369821 93051.3 223354 102295 189870 67971.8 172505 114060 131793 93437 270160
 459175 245971 213586 203192 84890.3 157193 207235 124034 122828 224840 121598 169018 157124 157664 274943 355088 153757 112839 211611 87339.7
 50633.4 89346.5 96130.9 70948.2 271164 84461.1 94635.5 296518 110405 183465 121393 73205.5 138638 62868.9 102432 300231 166217 93438.3 291622 95887.7
 76858.1 74090 36681.1 132927 52798.1 162386 317446 169602 339980 304367 208267 128568 146716 148034 292599 219635 115665 287624 101649 206504
 119533 136760 176202 211297 242982 111295 204529 235151 381826 132618 150110 304264 441113 251950 223570 126572 196453 66790.7 98253.6 131782
 386277 67922.2 343994 133638 114249 76112.4 163443 72655.7 221286 109697 142699 156045 98940.1 200687 191474 225193 128755 252968 105221 246799
 191103 62348.5 165068 136235 135952 238124 174792 277284 160349 162948 134971 240701 122730 321139 167805 382363 397099 122163 193244 200904
 178200 129190 92451.1 133161 205357 113442 207428 166893 225849 133893 478634 92271.3 159937 190277 240963 160859 146650 304068 113085 179669
 254429 195624 124540 507516 154495 116019 166364 190096 407378 88310.5 215906 302401 145410 169055 157999 247255 186175 205332 154452 221054
 316719 105069 266493 320216 193794 380666 299092 269825 140416 173787 368949 235070 363513 248178 134016 163524 504427 237111 65672.8 118954
 238058 145827 271814 565371 348855 53384.2 151187 211941 307600 72375.8 216805 574453 108675 205586 100199 258586 182037 167410 68615.4 79136.6
 304067 156274 113230 376271 310473 260203 152213 124525 114001 118015 230647 290184 204256 80590.3 323678 158046 161737 264572 118231 720487
 131827 113130 138877 113225 658251 166674 109117 89338.3 145072 106606 248219 170229 201846 264438 239585 271500 224728 238029 199423 93067.2
 212502 119438 118292 241091 100398 431077 206296 287744 110620 231815 286470 148935 361917 116955 116708 290902 325123 282563 80214.2 192636
 130059 187182 109183 199586 178667 112248 314564 142462 110804 119061 56044.5 145607 228977 188187 227900 72023.1 312998 195212 365382 224008
 231724 79157.5 96683.7 244967 231289 203985 307134 373377 74501.6 259155 368120 207927 109724 152042 124758 295746 195166 629104 119653 133174
 200010 265816 424799 112687 145807 205412 430341 411270 169826 271319 197827 165079 126184 277402 350160 293419 254181 296659 92276.4 130291
 88404.5 187697 90892 211725 85029.9 165699 456707 426223 110304 96984.3 60703.6 86854.4 207135 112257 102881 93969 128891 150936 530757 104482
 264990 84475.5 161782 117856 209678 240318 115674 105789 443735 127154 279370 117265 84781.4 104679 301071 438625 276067 144804 140242 186772
 167694 124908 128745 243683 120854 226099 280395 326006 160872 101713 127268 75008.4 182757 116095 418564 83619.3 667839 209937 142244 69603.2
 243451 112921 126808 80841.8 219766 67501.5 73142.9 197121 215815 148711 438769 208885 591775 137747 266493 135090 91282.6 243660 313994 244557
 123287 74961.7 89310.2 147645 191620 352438 589893 152760 65879.9 58590.9 220685 192757 267009 461158 100175 231539 180850 290579 391511 351908
 90636.3 123680 222958 314455 299364 323472 112029 91919.2 434815 101476 96958.9 207551 112664 172577 116303 125426 224979 214779 101151 402939
 162404 261646 689771 137976 114276 110856 234372 151823 334280 210187 271789 126915 106115 175916 190911 339515 284652 184790 180911 343118
 329624 176246 121465 301823 340914 161085 90486.5 400856 159739 162820 103682 152751 102981 53360.6 382336 240004 232280 198595 297091 439945
 309789 149967 474776 135470 376700 113564 87043.9 349390 182385 156221 226147 216853 215788 229270 112846 105135 299376 182021 174895 156888
 271271 94436.4 185226 453151 299214 133800 223084 180382 93729.4 78877.1 247686 127338 187652 538953 264285 121743 165556 386660 441603 76007.5
 117193 339709 250579 105705 87378.1 131495 266589 288944 158764 121817 171978 142037 442225 271228 52633.8 76595.3 160254 162056 221909 91844.3
 400010 99195.2 199087 414444 248604 531532 114932 179261 172000 184781 451552 217076 251898 70665.9 211431 316525 215189 155014 118055 115404
 368550 107327 265659 157495 133846 307082 157889 153684 319984 217487 332982 149186 73672.3 453592 117098 158885 241065 204458 253825 177387
 120087 87338.3 232182 99701 184257 100682 187455 220848 250081 262932 117790 123322 142863 343252 123485 217339 162392 232591 109940 109512
 377838 61916.8 275716 271567 126876 549781 250416 189535 145436 149024 333301 256822 873204 257103 77284.1 90753.8 150900 300789 157206 129049
 304994 97524.3 206474 131165 396213 202702 91723.9 105756 292600 134056 276654 391382 96748.5 93604.4 335417 184345 231216 280828 182679 251658
 234784 196982 125653 258493 423815 198497 208164 297489 188527 202107 231240 144390 82296.9 139156 137265 243338 334210 108160 114917 286283
 113231 109497 321559 467878 82150.7 206723 105835 223962 207489 205916 214998 284404 194408 263459 131214 249280 120140 160825 236763 406297
 195913 56971.9 232949 184885 352651 142898 48992.9 140396 132292 52503 186868 299359 133194 536370 104610 65375.5 126825 139153 100030 269601
 398466 98608.5 162389 171995 208113 318384 152351 139733 293473 286048 137781 92126.2 471135 370189 259193 129415 105288 86887.8 244890 92312.3
 91531.3 36068.3 59510.9 57502.8 64689 183435 75281.2 256597 240928 267563 186098 68338.6 143252 147642 108743 117418 284258 164411 204489 156230
 144177 139726 430762 194997 144273 455513 241878 81429.6 115838 214558 90387.3 126822 79804.1 549649 161031 78759.7 222191 446691 253010 124458
 373063 188469 246190 177922 105661 283018 251954 79771.8 179572 181857 365529 366993 109537 114244 104692 247243 191007 512186 155925 147206
 252879 270014 244957 125978 657685 169395 124387 94155.3 358611 148853 203902 121767 360848 116740 154900 298039 302772 260142 112241 127920
 160581 72725.6 251287 124102 102724 348091 180180 51755 60313.4 489609 202705 119467 195989 98394.3 336816 173968 200686 521171 354715 267616
 294508 163631 457300 226900 172313 371733 125193 243651 479487 240667 200915 286647 102467 220806 115225 807948 189330 47761.7 41476.6 198038
 195798 508741 222413 413829 198817 139924 155349 163901 174879 124936 248576 84477.7 248087 68314 209609 145456 75471.7 220930 350506 324740
 530461 66891.4 77766.7 173146 147574 351679 355481 228090 128534 75285.3 137542 175345 240431 387821 246208 174885 912695 169447 81854.4 182438
 651084 222303 128591 68760.1 147880 93086.8 267828 217050 151615 226491 208767 304431 187922 463441 110686 106263 93550.7 167175 192487 85275.5
 111265 297260 138946 55472.5 185000 255134 317982 621459 162196 79975.7 86539.4 140072 153462 117253 41944.4 90104.5 93052.8 33621.7 170669 124274
 218488 102451 211313 117977 391891 87532 179743 499936 244270 99448.3 154734 349948 142847 274220 159278 153746 162176 108495 370527 280044
 645197 75839.9 70110.8 107645 230619 81921 165675 113814 138018 957579 138452 47601.3 51383.7 125600 59384.7 140067 56130.1 301271 112274 894690
 163548 250175 214240 176816 160066 125044 248053 256953 156121 65762.1 143031 254477 221226 299556 110251 123511 53938.4 295827 177695 275302
 247643 109295 181026 240713 217317 211892 250247 98015.4 348304 152911 259388 377653 168314 377430 244308 269221 244687 71398.5 144269 279682
 188735 101621 246183 453468 218570 75578.4 167278 184008 131585 236368 265468 149470 300210 118239 187309 102550 292999 129821 295585 102713
 53795.3 139452 169182 157403 91181.7 151511 88391.4 284613 264868 189242 153013 98700.5 163489 264153 211083 195625 155096 192693 321436 135342
 289057 49606.8 318250 118845 284326 328257 118269 93313.8 133579 180024 121582 330448 128133 291502 274429 170258 110508 168871 308618 158664
 160670 453963 150299 211647 448331 181371 121700 204588 66467.1 694997 178855 69104.6 101215 296291 382719 154827 292638 162038 240333 325890
 291803 253315 290413 319003 134706 73256.7 254385 148389 167849 505814 316450 85499.8 107931 471786 69838 105816 124929 296583 372051 111712
 187784 196757 36463.5 268495 174261 200804 279885 390048 258741 301105 127437 154854 92515.3 205946 106751 169540 183728 412445 125615 73968.8
 129145 110082 79742.1 221166 214050 153562 192095 424990 363929 123439 92626.2 133323 185912 147267 152094 333471 235776 241404 143845 406801
 178664 143488 312042 193006 249708 229854 261195 306917 96891 180311 101385 244249 317524 242049 183781 109052 64725.8 245428 204092 163087
 305250 102142 89595.3 484064 259757 307108 50423.1 199541 98677.9 655024 60996.8 94490.3 148480 208624 80330.4 132537 92659.5 460282 96914.5 511308
 221178 167190 236009 208010 212962 185890 111928 75822.9 581405 222783 137148 126390 132388 162690 371390 146109 148490 194803 232132 306052
 159543 126481 144247 324028 117745 197170 215131 449458 197716 163714 186800 354247 212058 227854 182994 203435 114963 197085 224567 201988
 408327 118223 221499 61654.5 200335 417361 259856 151253 102991 216365 64650 165162 307216 237741 140674 117997 244833 257339 245905 242775
 154275 109634 185500 68203.2 124209 78467.4 809239 109984 177539 285808 271002 125753 570934 267112 123213 103783 226988 102498 197797 382561
 172635 78226.8 98932.4 268047 107159 377537 140908 371425 255335 197373 177367 241348 95326.1 86353.7 92046.7 106127 113830 138507 229143 211794
 508297 129253 127269 287711 520330 223907 153019 86994 191462 145403 82998 70391.6 268867 65329.5 686379 278136 113936 72157.6 230199 96161
 165777 125256 198916 124762 100753 296396 749229 279239 69546.7 126643 199704 102320 240176 254726 261426 108465 169015 203912 476452 482936
 114476 114866 44009.3 104347 185187 186236 589159 160426 134844 102958 195002 210914 165812 239819 233347 96657.5 277853 178456 204516 123829
 350685 127672 439399 249764 130304 79730.2 328835 316237 132345 62467.9 554637 102807 268350 165950 120224 262413 156341 81648.7 175497 196343
 618987 158199 56763.2 55201.9 290816 128317 329924 231506 94307.5 119887 161815 161601 134182 125642 112795 269809 135061 123366 268423 99879.8
 214926 104430 129994 119349 369677 123698 132531 144547 415355 182054 139957 114644 129127 176474 322770 59934.2 160799 366733 264424 170753
 140635 188807 97217.7 276166 112924 532767 114854 198000 228483 124680 281020 238505 546675 204639 99888.3 141139 253979 117656 129004 337327
 143012 146021 164329 377959 413791 201915 255691 114779 141209 299839 199014 237925 211985 186629 364128 451613 195271 152999 138354 217618
 419009 183079 173538 139270 408656 308067 173143 306236 187066 179161 271150 354935 133594 45762.8 118142 84168.7 140895 118313 133480 61952.2
 103250 287255 148966 219778 188170 206964 174885 170258 113363 499947 173307 117855 575479 283512 136406 92901.4 123115 186381 120882 282564
 221563 275333 227665 296808 347026 286898 89424.9 160368 331924 294735 105008 129373 239467 167935 425293 152661 65340.8 126201 299554 71403.1
 239937 90191.6 177167 162571 116160 153355 229930 207090 83192.9 100112 195008 246299 244200 209348 96047.5 336468 156629 84923.5 167721 147795
 128743 200091 184485 394099 125712 106292 207646 507467 260352 115093 230034 212212 802093 103651 73237.1 282427 259917 253938 161855 84908.7
 116237 138785 187709 155830 129186 228259 342181 322647 64660.9 77847.1 106097 156609 484154 479062 251667 50955.6 88845.4 315706 118406 193830
 783004 172235 136823 545894 238387 406417 154429 117879 153299 108146 287184 149904 332501 358580 604357 162219 57470 45103.1 153455 65172.5
 390194 619869 172249 90128.7 440931 84779.8 173613 256985 132126 304225 281002 130307 90928.4 72864 309601 157019 724977 203444 78671.7 173587
 232610 186961 206530 171513 134769 122399 398704 285714 135784 522721 181705 295379 355470 195566 384903 126895 152067 110189 159394 148891
 66341.5 134813 137681 267898 237798 492311 381947 255654 169150 79387.4 267706 429787 209985 208624 119114 130483 139794 166428 81948.2 356838
 159820 170660 479058 136737 114883 112882 140713 338119 392224 156061 98997.5 89229.6 82409.1 478452 164013 159696 250582 155980 196785 137107
 118061 198176 123209 178924 353195 248693 113301 180484 310662 166149 202521 276808 117055 76743.4 175689 95852.3 233961 235244 215256 159302
 340744 127846 463125 162708 338750 505660 227139 96817.2 216715 381566 151412 143750 197810 545025 272303 201087 130107 100300 232003 197722
 108131 400192 138288 98565.9 122364 218123 115220 124657 109242 139313 350437 133111 211461 240544 188634 173809 174602 379752 231343 182020
 200129 212079 235601 362720 299528 89802.1 254157 191354 344718 89237.4 172448 145924 397050 339941 182454 299271 131098 149410 261388 212063
 302324 160517 122978 260145 364922 124000 109232 207729 171052 330463 109797 144581 103460 263729 163899 272392 383778 428238 307476 123424
 124837 188020 334868 190745 62324.7 107683 271765 138604 239378 1.0023e+06 384491 97969.2 107140 112958 83025.3 400344 144286 87001.1 151066 145210
 249253 110910 124045 489628 298729 153925 434649 192456 141699 349337 148423 153854 123103 474204 229126 213169 117239 371088 461240 232067
 214100 121602 283692 189434 288235 190286 317778 132144 108953 343107 316973 192964 162415 250052 178044 82491.8 187393 182957 97038.4 708372
 351419 196145 338439 145164 168649 235518 143064 191122 231207 297539 87547.9 133027 90910.9 239693 67874.6 199868 259706 436837 138539 93116.7
 249465 77680.6 144292 129133 254727 176524 247725 167219 622986 109955 160377 368946 445693 344149 168456 231996 91635.4 477007 207802 271183
 214722 339775 164157 104331 170185 83943 122460 159455 85406.5 123799 128750 357219 431704 126832 174912 106375 85992.5 97079.3 176325 167443
 215956 171246 759294 372248 94470.3 101358 193729 158232 499624 165244 54402.6 220622 150851 258097 358111 195473 117911 100364 209723 123570
 202473 287380 161215 276518 199135 253917 469910 161801 78633.3 142737 272770 217741 147953 182227 134784 90008 492364 220587 147837 103872
 122415 469361 128578 245271 201110 377800 160581 290241 273287 125747 133724 735774 232941 137798 185501 156762 109769 82549.3 168352 46558.4
 192336 107902 126218 155813 405781 251723 208905 879403 166216 86354.9 87899.7 508157 89916.6 93964.7 147872 307385 84883.3 214272 269550 168942
 194115 207832 209806 175245 65962.6 144862 126724 388471 142830 75022.4 203019 104994 314157 233041 218937 383474 198904 160655 215063 253434
