 208683 142889 163729 169590 163266 108497 483531 911240 98420.2 72007.3 90391.4 123400 425383 256688 483847 372700 257673 158965 429999 317827
 183843 236664 149966 133368 230981 115202 294837 190358 790845 157288 42005 193067 212863 213992 353931 119324 417806 407528 472661 92695.6
 106406 162419 455684 499256 585935 367103 69146.8 111239 275175 95989.8 470255 294598 642833 263288 130576 128454 281641 196635 435405 296227
 334546 112093 457862 189052 139452 112632 276401 430023 76955.6 93780.3 373977 251907 231323 661534 573195 86974.8 57560.3 826639 172749 141108
 466419 340396 174500 181653 109365 180724 177497 215455 134400 279702 279188 823101 184292 103620 139294 225331 107561 72799.3 167842 133776
 446316 298493 405423 505499 51903.6 73239.3 268297 102222 341539 431474 130360 322609 230487 304628 229905 307468 541194 386003 139637 398433
 211777 260832 120415 352422 127838 92209.9 285702 878503 49712 100263 69830.2 543863 79742.6 122382 240045 94122.3 220609 239330 184892 206266
 436152 404074 366757 97902.5 348669 124026 684320 312013 376136 570781 587832 222133 46900.1 436004 198950 264889 380853 135124 492160 331303
 910791 338160 90850.8 83107.7 433212 188006 125444 276328 1.08889e+06 64574.4 36168.2 133036 454423 235885 286200 83392.8 385578 119855 451428 208234
 496778 561263 431478 45725.4 151892 185523 693541 235194 102122 81316.3 160557 108783 200666 60206.5 145295 174033 57638.1 297704 322904 640542
 71198.5 143468 91118.3 216166 159817 440557 151917 337504 242488 129118 150560 200591 588907 514093 233014 162461 105261 224848 142840 137540
 179990 97187.4 246308 275864 178675 253376 235654 287379 242579 103595 52447.1 99837.8 81793.7 60380.3 35232.4 179366 66836.2 143335 92947.4 245313
 96125.3 235664 77252.2 197928 134178 197501 209526 823771 476960 100208 126436 229616 110629 551786 249938 95592.4 145460 210922 163852 433990
 180905 105521 186700 526527 95482.7 103472 350560 98596.3 567791 209045 1.06459e+06 151472 56162.5 149489 261707 143033 246664 168806 120430 162308
 254514 310125 512516 111203 623793 504319 111528 218745 97480.5 369679 271430 512730 129755 138219 188928 615829 209078 115722 233095 710372
 358290 355909 348309 148983 121728 116108 275137 289040 284588 508108 418463 171500 789058 82852.6 65941.4 347066 278099 245112 60463.4 274283
 148611 478462 248734 180193 710998 467023 116006 249795 137989 173427 503046 370549 107271 238658 298627 96052.9 252233 348317 292254 432291
 271304 175612 147695 123636 228646 311028 222223 250064 180949 132271 257250 478305 352712 237830 164696 252586 41284.6 273233 209737 169814
 415457 128484 180030 189154 493724 427777 144084 102794 303460 329549 126576 423167 867525 187904 23243.3 97337.6 197164 465314 141220 542092
 325297 53565.1 231365 268983 533844 269601 103964 113322 353905 427510 876263 213454 102110 78193.6 214260 207781 434635 249042 163938 75308.8
 115111 125668 342460 228850 301484 159706 353638 103284 282346 203462 159660 100649 132434 108381 377279 694781 341427 236039 272934 221679
 347892 389505 1.06477e+06 216150 30642.8 139709 294698 236126 53079.2 523173 295768 625346 296647 182477 122846 485609 78186.4 70215.3 219721 328385
 456037 324770 102147 480078 429464 149219 218316 182486 90369.5 178051 125441 99698.3 221446 304888 371240 112547 142656 424061 383441 226221
 335283 221993 417277 159878 233878 113422 150811 314260 136580 300820 154371 206259 223709 403870 419035 149146 101363 720334 380732 221781
 192438 226872 1.03494e+06 359811 35337.3 130012 292780 456787 151110 372092 353983 90121.9 293540 376658 398841 542794 110194 131688 623201 194398
 102784 148210 166290 166657 144617 94913.4 279404 404035 104048 97819.8 225043 396565 621026 451609 119251 102428 198808 81331.4 336405 226858
 525386 228150 113921 195634 200914 355832 176736 204480 155377 151949 260897 133283 690297 198964 152511 73409.6 231627 161350 328537 246937
 215243 106676 295647 300808 311377 139069 127140 713320 217591 413366 96173.5 83902.7 454562 300397 144759 198094 208938 507505 386464 462697
 179022 360515 454983 223263 91974.6 212793 353997 127586 170071 422216 228513 161048 293459 178052 271863 320227 511370 166208 140175 130490
 719143 313876 189025 72054.7 117302 179512 56470.6 329343 152522 92106.9 254281 204401 421547 656977 62684.6 101017 208875 108145 325180 462316
 352041 1.00197e+06 153452 37286.5 152138 727837 82465.4 188084 651863 114632 195495 223291 840812 143070 282451 161688 328972 262816 197110 175947
 116549 87454.4 183654 81192.6 65762.4 191536 194331 143910 118938 213124 548581 260743 72234.5 160574 194108 178179 176576 317955 131519 418478
 251114 178289 159711 32975.1 564610 212942 102964 183910 114616 87824.1 421457 529855 311495 244029 421519 181553 281766 125568 220367 93298.6
 389258 195640 152297 70826.3 153290 114682 142001 184786 204612 265262 169792 303460 500843 282039 214439 152627 236438 465581 135057 110866
 133409 215229 129417 247185 272429 91146.9 348785 298072 68832.4 89678.4 250299 200059 558621 308040 70537.3 87497.9 256564 68119 165982 300047
 214613 391140 291720 344485 273368 182187 677758 204077 118741 197252 369703 600621 173739 117595 109536 306837 121252 89204.2 255682 209029
 215835 529996 235406 458013 210228 563297 633725 142604 163509 118847 207942 821121 221003 96925.7 131854 168376 145950 269424 144384 309351
 678962 79859.5 102964 262391 299718 989431 653161 128944 48418.3 84687.2 263176 44676.3 205498 291332 187638 159168 323727 132227 749980 152691
 131469 247379 142884 232932 61494.7 90962.6 132481 320939 138298 221293 145562 226572 334816 246370 190680 148458 230407 167131 122825 405083
 239676 490489 101921 130149 256290 213472 109389 310316 259216 362364 133872 194473 421501 357636 196906 143946 294037 827555 822736 241210
 127645 194839 93114.6 204501 398816 281067 146715 123073 204486 150507 218346 496840 58303.5 73508.5 125564 63001.2 110193 168890 265464 1.60499e+06
 580074 121406 550494 108255 109396 475762 134301 195929 712022 109978 166029 160872 255429 273106 189806 180567 992543 211599 40821.6 95820
 288465 34312 591260 189297 140861 205180 319734 208185 205483 887171 266185 189985 102224 67828 221822 94632.4 146064 153695 131973 198226
 146026 151685 280893 186562 417657 64336.5 232707 199411 805275 245132 128654 109972 435249 414294 282912 210847 177517 496304 230254 112120
 526643 147070 182563 431359 104849 114963 151349 91123.4 464227 280127 542177 278395 156953 230012 91580.3 274963 443345 263994 182621 155019
 374261 219113 195761 213809 178741 274243 136268 141831 170363 195919 516770 184825 356904 221567 271038 64788 477745 355351 96528.6 303058
 313189 97614.8 483422 381758 144200 216121 127986 456880 317646 208479 482384 584171 460647 61086.4 56824.9 368030 197059 123827 320673 105149
 251295 155623 607194 296694 337335 99077.8 146688 338103 122270 201188 237419 378265 143385 150163 306895 123652 226201 174754 417653 384132
 294731 257499 320018 247387 479485 153041 182377 397931 296281 249778 98715.7 89273.3 273102 28706.5 556655 361510 648338 93468.9 206164 119254
 233677 218127 280109 670176 273035 101692 51300.5 608150 309065 105129 70135.8 169858 144518 234402 114048 576296 119820 498945 173226 339935
 56141.8 241492 52773.8 297294 124155 882946 97681.1 65384.5 384025 316297 246472 359344 429074 161147 206880 250445 482930 306301 181556 69978.5
 268714 63415 90395 600299 286910 131928 454318 122124 280912 258693 109512 435283 194301 232768 87110.9 153469 94252.4 90988.5 341854 211501
 122329 167015 113778 245754 272567 221619 137656 244727 312184 206876 453053 182859 140354 94081.4 206986 307972 361195 227601 268025 200313
 147579 76826 132455 216611 316072 456266 187669 269413 170030 596884 122343 121507 159287 400503 151677 433383 168669 167436 273241 218793
 312811 108114 153492 273133 105214 389954 361094 355504 175345 310563 128933 227386 245188 196744 799867 51946.1 135233 116950 237937 401417
 466432 146662 299119 656972 281132 65694.2 113463 848859 417808 179586 59217.7 244524 386358 93210.4 161240 886566 182584 214806 336832 428481
 294627 135387 155632 106972 129496 127666 108057 204235 254414 473670 469582 52217.6 168341 407473 264832 122929 99935.1 291536 120195 209534
 158796 142065 89974.7 303216 581919 411976 78422.5 57329.7 363023 347982 193400 224295 82567.4 199996 207411 368185 167114 375033 88221.9 350380
 717679 65874.1 367315 167965 140089 272759 267703 1.27522e+06 351156 79878.6 37474.5 175570 217737 442323 187921 233447 170313 216711 426967 373948
 237288 251617 109366 242094 365889 63607.8 180983 153002 585379 122198 110859 105457 100569 260913 181509 108552 286849 300927 261107 712395
 728668 76887.5 92169.8 361018 492337 229383 111733 399318 270214 155634 444167 520957 97928.2 97483.2 201508 416470 220438 105830 142271 192559
 661703 83194.4 112379 513711 177531 312472 223669 143142 218961 230170 196706 664242 260507 73397.8 82281.8 96323.3 200391 253141 717344 253780
 174215 92521.3 421258 282742 324038 252167 98931 346240 326006 200361 62269.3 381878 289380 206819 153381 267502 154538 125556 306963 454482
 85671.1 262948 246829 292752 415152 139355 177330 492928 63557 245902 256188 98467.7 229308 180347 132294 146397 119066 272025 86379.9 151221
 160145 200505 145659 281524 402121 265864 232155 202169 575134 386004 128952 128483 256658 136166 229973 528992 141934 322197 305903 304626
 253735 170346 266626 96449.8 112264 398626 246699 235194 266218 543683 294345 237772 52219.7 150569 93592.7 126256 272909 229470 476028 147948
 149050 287436 348931 213740 270450 235480 168091 394309 150223 180295 148595 210396 166611 351330 187845 134354 360709 245898 103209 232956
 479978 260325 58966.6 238029 633328 351176 121975 81943.2 126085 168416 156399 382074 278937 182580 164218 96054.7 175873 214342 240136 174824
 179071 160901 304167 81067.1 94535 503718 199118 444306 258405 277374 335949 60361 298854 345924 240155 434278 584101 172879 283094 51257.5
 208960 411252 330035 311883 258288 472156 300596 63081.5 145110 162452 68749.9 133030 90262.2 147512 311598 391707 247382 322765 210657 64072.7
 185793 120765 256292 267763 614233 87163.3 112872 186971 329949 396767 235095 391910 486294 460931 97161.4 207674 271518 547363 350503 159009
 119275 345394 199304 197965 137247 146093 163025 309628 147650 1.05733e+06 419630 62909.7 175386 170670 1.16537e+06 271700 35942.9 64712.8 564651 195978
 299104 107953 246084 182421 341952 503832 142244 77576 235612 351374 132674 75246.7 342489 170380 779075 97769.8 46097.8 193991 286078 151457
 192494 155692 133231 282542 156710 135785 383058 278920 57637.8 122949 154637 232283 305676 362952 244397 143097 182604 352075 212526 260432
 87633 155068 625764 188047 152983 181492 296199 126441 61413.6 186787 206824 137923 451800 468813 187643 198256 112812 223548 139767 240166
 92564.4 125961 84899.5 218648 289373 464688 244432 207630 599567 87718.6 525457 252079 269968 143989 275672 240088 136296 504654 444654 106351
 494127 680922 146917 68897.5 165121 397852 176607 143345 178277 437451 310281 482827 524610 70550 65410.1 266204 351923 126462 257001 436961
 233448 222348 141343 171537 149910 413137 363749 261952 165195 291474 241464 74849.2 335962 117309 163237 256361 277547 220301 97089.6 207395
 59502.7 321829 276057 284162 84363 142171 257045 128764 231199 260078 105950 254411 137451 85232.7 140131 440119 273663 91511.6 153754 325367
 293095 345415 309929 178829 238879 210122 231185 388899 217256 140573 179924 257044 46798 371046 477884 219993 103401 58466.6 174831 202657
 120185 109268 117166 266529 110531 157808 246967 222227 268286 251536 143572 152080 124851 325519 181036 716720 264654 176372 212152 314973
 370046 86746.4 226527 248431 390263 73840.3 213702 523385 215487 205842 374304 201569 726497 114321 66601.1 244058 422613 308246 82165.9 278653
 150008 181483 156098 269517 325109 126823 105734 367707 112840 625866 106172 108389 166856 162125 276898 75648.5 434447 134251 132287 92946.1
 262149 115709 71716.1 208665 124211 619918 271326 356856 274139 231428 266199 307314 340377 246461 250553 363581 564102 99085.6 106840 58207.5
 219667 121491 422151 403315 1.47168e+06 273980 14757.4 50355.8 65965.1 330443 82075.8 371039 317673 197209 65064.7 758610 349205 288997 261376 207830
 259097 143139 276329 55781.9 290727 159661 41553.9 401333 401600 61436.5 125714 106430 247208 265305 124425 101529 258221 312493 89518.5 269885
 272630 199574 340228 209502 349121 428037 231841 170472 141550 193312 290038 493309 204151 314851 289934 181408 577140 171718 102461 241547
 145691 55472.9 197154 57244.1 90131.3 508466 127933 103252 84457 206392 236176 143910 236841 466190 472670 70858.6 65156.1 89956.8 105072 174262
 153561 217883 400804 843289 115524 41244.6 93126.7 178118 192925 247664 167481 248497 165252 513839 232467 96751.8 424415 172076 477123 389524
 97708.1 156510 157721 107016 120021 539266 115472 117702 258035 98822.8 652287 101020 166970 141671 387397 131211 254334 75389.2 318243 588389
 563711 219505 408161 244435 118863 267693 134005 46687.5 260267 74485.5 125638 211704 147527 210507 494515 108418 225632 224161 226565 99481.8
 116516 65022.6 298974 61913.5 450378 277148 118173 352342 395471 269252 121929 81918.8 279612 255948 168585 384567 162836 440410 131482 290783
 220366 284818 173241 255695 309085 613323 355624 62465.5 559660 176274 538515 133787 98023.5 214047 503237 283445 238449 124672 195817 246481
 174132 96018.5 173855 117252 336314 183246 194226 125154 168722 380088 367263 103636 332357 456990 116293 142650 441706 135562 88607.7 415062
 288153 143590 606884 154071 172576 161953 274237 895747 385391 64379.7 175819 117355 144768 221995 380157 388777 313469 51200 238876 218492
 245691 169704 652054 132504 64075.7 258643 490173 1.14754e+06 132829 34526.4 59546 367048 113347 115091 283668 120918 155059 317108 202316 927142
 136295 117448 346256 109955 294323 269610 103439 137308 236981 299863 317855 173407 130844 120156 536906 252364 572885 117187 437407 199217
 162677 195677 243275 150970 211464 136722 348916 121538 445622 346782 457422 166900 322757 97327.4 279594 868929 70928.1 91582.8 163129 204514
 293347 298173 158566 199381 117948 107962 200581 63884.1 155135 236442 92453.2 107829 331171 346011 114492 63813.6 495144 312357 118876 138601
 74843.3 215279 158311 107142 181137 524736 182674 169380 509916 345942 197399 134246 363640 332249 644924 90899.1 64564.9 148058 381881 208549
 173884 123370 238614 442788 75417.8 69378.5 656306 344457 120947 498278 91491.1 246195 85957 252820 88777.6 174832 84822.6 120512 65096.1 264891
 483761 278192 225426 215865 96946.7 197066 218813 122714 107214 249663 189333 199678 145009 202084 319835 424585 132083 122863 253497 69431.4
 42788.1 104063 93732.2 81294.6 267149 76422.1 100219 277061 125095 211582 168116 83426.2 124491 61878.4 152395 259192 204641 112785 426393 95530.8
 78288.8 59150.3 32337.6 123708 43838.5 209558 386992 214050 277955 467256 220065 164655 186858 163108 347335 236310 135649 435523 117284 306181
 130065 144799 177812 199574 247660 107004 267643 193531 396600 152850 147319 274549 545648 330914 222901 158782 198476 42598.6 104441 208841
 284306 60123.8 196356 163890 91877.7 67757.2 168661 42988.5 296177 118628 140921 139601 172190 169291 240514 242865 207348 449613 96001.7 251802
 259637 52327.4 159496 107947 206626 212287 140064 295900 199702 123795 110102 279756 159131 356121 217850 470068 492140 101839 241684 241421
 196189 145802 93453.5 143388 179549 84063.4 225442 150066 275543 172724 306945 69238.1 147478 268115 355283 202115 203784 341229 115596 162450
 181231 163674 81430.8 694333 125723 83334.9 163126 235622 464486 65245 206154 410950 226163 136232 221772 293677 186689 208063 149916 233245
 329166 59957.4 348838 318818 176955 441642 340721 240307 154231 167980 436772 192300 633360 243032 143700 198179 709939 303385 38270.6 117661
 224176 112545 285369 693580 439602 17050.4 259346 209025 397024 51010.7 304298 485579 87071.6 312205 100957 335519 262835 194057 60338.4 76923.2
 272857 153538 92000.5 437636 404380 402653 148267 116559 158461 96938.3 365000 256330 233699 80465.8 346063 165634 170044 268714 140963 723186
 122719 97106.9 109167 96972.8 634662 152930 144127 72754.1 229092 136887 367530 173714 144184 367837 424488 397664 225813 293759 319269 101502
 303635 109101 116914 185567 111615 585755 181964 254795 81333.8 260067 285304 155181 344012 121991 163824 376342 288577 353258 65573.2 129784
 109192 173135 75557.9 124045 197942 99623.9 309023 137435 72699.3 122431 37751.7 187179 224376 163720 303270 60553 308499 232064 484667 295908
 219485 76031 64984.2 228027 167184 211090 350319 345985 78139.8 309558 312030 197804 128795 151508 188906 377589 237121 629037 191261 144373
 215913 240157 444663 124390 133218 254287 470822 435231 175735 346254 162581 188357 122695 353715 322533 343766 287599 449511 79041.9 91936.3
 82155.6 169435 92813.8 227457 61515.7 140062 456301 496550 101565 71221.4 73634.6 83560.5 249424 86939.5 128433 95560.8 173955 146762 868899 129084
 267603 66323 192427 100060 169728 323349 129415 91448.3 393995 128415 339233 93407.7 69514.6 174500 247172 617309 226883 130980 124085 211603
 184936 119466 117569 299783 113661 228324 241189 349147 146326 76777.4 227464 59655.3 120760 112346 365855 77078.8 587764 249129 159543 46749.2
 326255 104927 129975 53975.7 235551 57067.9 70693.1 131270 194579 106172 438539 204661 826474 164378 366767 170184 96505.6 249863 454154 312320
 114846 69772.4 103638 121286 164587 439517 727423 194410 56747.8 43203.3 217253 184509 405491 634539 96713.2 220176 201218 349431 754330 454610
 109785 120404 185434 389352 358812 394106 78083.8 87025.4 451964 74735.9 88076.5 139091 141212 310977 93884.8 138247 345726 256174 95869.5 589977
 182527 268093 562590 159185 85553.8 133106 283021 219249 384749 288107 345738 127713 112921 160344 218584 462295 309989 170981 201788 355730
 249165 158073 108129 501914 461722 156847 72790.4 397573 144753 217209 94997.7 141367 81847.5 85314.3 335943 259726 400408 232093 305517 788592
 302816 127219 401143 271653 379221 67433.3 85909.7 271967 215313 164941 431237 249316 248752 275108 93415.3 73331.8 407867 214660 172566 165861
 408886 72683.5 149291 639557 301619 124095 168644 190428 72840.1 82226.7 248863 168773 148476 569475 306718 141108 139871 412618 608731 60180.4
 114400 520892 268299 85263.3 74255.5 158917 289275 375605 191176 156478 176845 178746 633141 466225 23301.3 52979.4 170362 185290 268884 72076.5
 399250 65257.6 156056 365435 256738 464186 127472 161931 198247 206798 477604 269341 336629 73095.3 221402 272143 232866 238306 123690 76734.7
 362387 93666.6 386179 160256 166931 280234 155909 132915 286915 260555 374392 167661 46447 615253 109000 247412 189776 204688 425076 206628
 84726.9 114614 162154 104053 142589 90076 208180 213649 268082 393175 126308 142629 133285 366607 184996 311979 193480 259054 99901.4 106074
 571550 48596.6 213567 221610 96205 752134 241829 203094 184473 128234 321903 354773 861982 274408 71165.7 107814 324784 261934 140265 195204
 326038 82890.6 198568 155414 497787 217197 87590.3 79683.6 337915 117825 345297 489559 86620.3 73553.8 355053 200457 226560 235505 221497 276674
 219297 324875 120921 226653 596578 145906 231495 268143 228811 186410 298179 99843.3 80112.2 158342 155864 257603 349625 72189.6 153305 273435
 122347 110974 384436 714269 83163.8 178325 99138.3 259982 244862 151458 198374 400970 239000 233234 132459 275216 185567 184580 394465 553775
 211405 44915.1 150651 167837 356622 141813 26748.4 115390 162282 48069.4 153125 241105 186813 483708 94831.8 50344.3 199821 287460 136887 241236
 562486 75989.7 207583 175659 232970 297670 184821 133407 287589 347808 141416 70417.4 524472 349125 283034 115953 80658.1 98638.5 282421 102860
 66229.8 44301.4 44884.1 68782 75313.2 149274 70125.1 347702 212552 330328 209224 68239.8 151408 225842 82010.7 104374 341264 175561 447549 195503
 194976 152755 358414 337877 130121 521879 262375 61485.2 100390 169001 105588 182253 69235.8 644146 206901 78274.2 246238 333978 264582 139059
 324399 196403 295154 201377 89376 339085 279067 78104.2 178233 220354 401097 397182 85387.1 87962.3 130982 260994 219652 774495 152008 142431
 414058 217483 203853 127461 770349 250592 137488 71734.8 367181 168491 214090 122113 216393 134605 178834 277292 376197 391557 103130 139018
 135089 50850.7 267333 88215.9 115195 419724 236862 34958.6 54895.5 1.01921e+06 202217 99582.3 205168 106558 312979 172318 202643 622571 347848 369125
 321612 222059 308661 311058 196451 291135 119331 212760 698718 305855 336287 342513 89152.9 274671 144169 1.63014e+06 215946 5435.99 25611.3 162760
 207630 430551 185891 426708 209403 112993 151129 225191 193081 108516 245197 68870.8 287256 67228.9 283846 207783 65166.9 371115 468811 363042
 690275 54920.1 56851.6 141962 128996 249032 262760 324067 153290 75524.8 166043 205737 194357 484313 195548 195267 972701 183827 70147.7 197865
 493051 215256 100164 57882.9 196672 106872 320420 244052 187074 217622 228025 352355 182797 615687 135582 83376 108346 158763 196893 116316
 134635 336067 125100 50965.8 126375 273083 356713 672130 195577 56745.9 62524.9 188386 152409 103663 24256.4 74334.7 99649.8 20357.2 143684 128553
 229435 107991 202069 84945 496381 53516.8 183266 721856 257689 79485.6 172268 448566 141503 348084 190653 156112 181015 103517 439529 325410
 702472 54301.1 41374.4 86369.2 201557 107105 165967 202915 197536 1.53075e+06 127743 12460.8 32974.8 166307 49776.8 148499 61609 298786 98038.4 993752
 202787 154490 202800 191526 163793 123777 312712 360464 172803 63397.5 205580 300071 265437 340418 134485 107947 36229.1 334851 156918 329256
 227983 108054 147721 233221 188585 269483 239284 93921.9 314270 154363 248848 583331 156657 291253 266471 408588 294679 35767.4 141448 439697
 240253 98494.8 297850 537843 293089 73510.7 173880 179237 115548 327683 312055 159727 406508 128884 227415 110587 280941 122131 231020 95572.1
 53064.1 188028 136942 161426 88311.4 130161 83860.8 433347 248740 246331 189649 117247 148079 330844 269818 235016 165794 187177 418647 227122
 281323 33774.7 268525 123902 349030 354393 121048 97703.9 106562 182740 89204.5 315397 126426 300511 351272 200913 131059 150005 342351 182064
 144087 463758 129697 188917 311635 257334 132371 219345 57209.8 879397 224200 32469 125691 325427 466211 140500 332638 127956 287092 433861
 239072 270065 326988 449303 182317 46405.7 226617 130727 174368 587505 364275 58114.1 94345.6 449804 43971.1 156336 125962 451023 538183 91704.9
 145258 206555 37926.7 223119 187563 189379 271742 356999 400739 340291 154019 186019 82637.3 312815 114488 126923 201537 783000 146118 60968.2
 144427 100511 84148.3 175846 221226 165695 381242 502248 514168 118297 74423.2 143336 200933 181564 141010 290472 214843 310974 179021 618929
 187060 159770 354728 128130 413130 423955 270930 406914 92794.7 293374 95269.8 282218 417616 287003 213659 105651 66098.7 281143 214439 175749
 282365 90506.7 111641 603523 320454 326182 28076.7 257845 64691.3 660347 57816.9 78871.6 198222 263489 52448.5 151175 89690.9 463112 111563 553942
 184505 157158 314200 196683 232712 191471 96605.4 63501.4 935453 379656 183308 126556 181617 159511 472294 141835 213050 277918 221075 380153
 125006 138853 131131 568379 105781 188431 180247 449958 276743 178118 121428 270257 189763 249401 191524 177404 136616 212645 365979 210130
 426455 122758 311337 57777.1 160342 518704 226933 153703 68793.5 299015 52751.5 138900 316481 247258 112657 92308.1 315768 464794 357880 238258
 139667 113451 149782 58885.7 191449 64970 718848 76796.5 205614 297966 313631 165056 532857 251042 103207 103094 253131 98824.1 163450 419811
 141316 73240.7 93926.3 358668 100179 333557 145210 584528 307545 200821 175004 224126 114289 77696.4 79098.4 107920 150545 143933 267952 221851
 643714 177479 98577 335178 498967 251400 133976 87599.3 204064 192190 82370.6 51010.2 278024 60741.1 893136 402127 81961.1 55316.3 298231 99863.9
 176316 110621 257297 104662 87654.6 344594 823742 336875 56257.4 149509 230760 133235 282689 230477 363013 109237 144927 229332 635204 731238
 141597 102722 31027.3 97191.1 180965 203634 551862 185478 166023 78492.6 139664 276494 174028 238218 242855 99994.9 353976 134533 195599 120851
 300386 157958 488540 575918 128129 61891.3 373200 311117 88257.6 51702.8 533034 116129 289925 196407 218456 271093 154570 84849.9 234065 193221
 858160 156333 29394.8 34051.1 332277 150775 422457 270879 112951 135305 167642 188489 186195 125307 121844 344588 141012 108196 300189 91582.1
 291773 89378.3 141298 75242.7 410997 99260.1 138526 109448 331822 193957 147534 91905.5 120983 252016 304937 55496.3 170431 421511 391529 200276
 113444 163239 102182 293074 115093 447314 75455.5 195636 210779 130180 491151 301623 483740 314737 103572 133658 291931 124362 99341.8 447823
 162264 120382 208733 443307 500750 227088 293390 77139.4 181486 270540 295447 216088 246616 212827 460825 643393 211377 163230 135305 252469
 388939 200082 186024 128853 324634 239754 242102 284017 153245 220035 306347 677133 159275 33188.8 109310 84458.1 159172 107868 105369 72791.6
 98593.4 197258 184085 268439 142942 170716 246906 231671 102400 476868 200121 107335 614488 362578 143920 66385.6 153035 160787 196043 294464
 220134 247662 238079 423244 319095 397305 75329.5 251165 453749 476966 117205 151506 347826 167489 561679 147391 37944.2 107309 296678 54292.5
 272406 98418.4 215296 152662 122826 176082 250525 186392 73072.3 84781 232069 216746 289699 289889 96994.4 364639 150557 101921 181548 177801
 113151 226931 197030 373952 113031 212383 209454 447557 279080 140233 237023 263420 771759 93748.4 70264.7 390709 366500 232142 163569 99206.5
 119947 113038 152628 111173 141665 421866 394525 327727 36768.7 65525.6 136922 176483 586697 647287 341635 25048 83021.3 324910 153413 173203
 642427 220493 150780 522172 298495 533155 136682 88181.2 169627 115299 326584 180377 379920 500162 976658 148992 29173.9 42306.4 163877 69681.3
 513489 577784 208175 72647.9 512273 65207 209335 294201 156281 302719 335290 153065 69853.9 94302.2 210582 158280 880659 231961 51465.4 273364
 289396 319434 256440 141385 140961 126403 332312 257782 104744 610453 238277 339651 455294 182781 469591 196675 115125 104646 244199 149776
 72331.5 101984 109615 261270 241597 510206 546234 356050 184540 44592 360470 403083 328616 394237 81205.8 135629 205263 157045 92016.1 424873
 143336 182916 622581 105050 120907 114591 144370 358986 392077 142523 79670 121038 90937.8 488311 175385 125723 258179 166127 183065 161753
 111455 205283 130515 233572 543605 318931 119195 214169 427053 285377 277213 254449 101008 56476.8 252026 80882.8 212407 179646 163128 188559
 321683 95832.9 497896 224540 384050 592123 219025 66865.1 241682 406666 131478 146277 236457 451150 330671 222892 132118 103991 388078 424589
 146893 387064 141339 75536.8 97717.9 227247 108580 146268 97799.6 87861.3 368827 157085 235011 251587 173013 197432 201825 427647 248181 258056
 232989 270653 341593 366250 428072 61365.4 224396 158754 406128 82938.4 238067 189940 275545 398201 237202 435761 184923 207159 268303 351682
 302348 130442 112225 306193 325608 144161 109479 150523 168294 265101 114557 108200 95856.9 271200 128479 353863 410777 551472 340178 114029
 148861 152406 349895 248863 44947.1 104643 356339 159934 246463 1.16751e+06 492019 76812.1 69851.1 126033 118174 699896 162009 63992.2 121839 183204
 219892 128216 114056 407435 390603 188031 716432 236834 192200 416595 198899 183025 158443 496944 249896 267503 101361 376562 465071 331164
 209285 110995 294872 199503 434699 251019 413386 141643 117044 400902 405329 168360 195753 224408 238766 90731.4 238580 277832 101732 735206
 478008 278887 320334 161329 192257 235927 148999 159733 256253 282956 89894.2 89936.6 92443.4 324196 52829.4 230659 199346 720432 137581 77924.6
 337703 62824.5 148322 100285 279759 152516 188647 157258 738456 83966.7 146167 414573 414445 519797 169881 220122 108305 336299 233319 279122
 215038 292246 245228 78723.3 137248 51367.4 137358 199455 88343.5 114006 121738 396734 484679 141326 135168 104569 101371 112891 189737 182132
 196993 151950 796580 448670 94038.9 80438.9 136867 289528 571371 238693 29638.5 183319 196729 313757 348740 230240 99192.1 110883 208708 146357
 274788 215250 143682 364369 235951 257253 686557 161373 61217.1 137710 349656 249307 232941 210938 114343 132286 546657 221525 152207 112689
 169847 589390 128143 209443 190771 448163 150400 457631 242383 110209 126383 657802 263175 142380 161298 137313 116494 97741.9 173616 39059.6
 175537 87192 115462 179843 382078 221664 336187 1.16451e+06 177487 64916.1 79164.6 415159 79180.5 116252 304762 273357 64487.3 329181 426261 286005
 244812 205933 198446 214027 82464.4 130571 123843 491193 194992 88437.6 163109 104127 327201 179500 299035 556023 246426 235854 299176 368173
