 0.301486 0.2868 0.253795 0.324925 0.283468 0.26918 0.147945 0.143079 0.189797 0.242828 0.390103 0.442469 0.227427 0.228065 0.203515 0.179875 0.182044 0.234233 0.205583 0.239593
 0.327393 0.226121 0.277248 0.314388 0.222727 0.233052 0.199113 0.221089 0.108332 0.199722 0.251699 0.321315 0.320031 0.271019 0.199684 0.244523 0.152895 0.130477 0.170132 0.23584
 0.447532 0.302752 0.118847 0.154902 0.153813 0.156412 0.207739 0.308089 0.298903 0.437922 0.196214 0.225608 0.137254 0.221858 0.298694 0.327408 0.270453 0.292161 0.202155 0.181
 0.215294 0.32288 0.179543 0.288251 0.26074 0.348913 0.271238 0.194179 0.304546 0.358143 0.199742 0.26383 0.251967 0.179335 0.150553 0.239765 0.394771 0.167783 0.259978 0.368616
 0.16572 0.247048 0.218633 0.222573 0.325915 0.285914 0.267562 0.26421 0.284964 0.213092 0.177117 0.114091 0.181955 0.214302 0.298772 0.30236 0.410655 0.58456 0.3553 0.282196
 0.169826 0.229796 0.163557 0.185922 0.249972 0.330774 0.3085 0.513736 0.268947 0.190839 0.229529 0.215193 0.225364 0.228508 0.246197 0.21378 0.138693 0.183492 0.242991 0.197984
 0.288983 0.188339 0.249621 0.174406 0.261555 0.307192 0.176828 0.12857 0.240225 0.248265 0.516255 0.151908 0.252311 0.299086 0.255582 0.284182 0.207232 0.190478 0.211157 0.220695
 0.17321 0.1533 0.140342 0.283958 0.205746 0.235852 0.134447 0.223503 0.198882 0.170396 0.152124 0.222998 0.324109 0.249657 0.306941 0.308958 0.188538 0.24174 0.140952 0.360037
 0.0925736 0.196611 0.298612 0.394487 0.210019 0.220988 0.274616 0.264526 0.112327 0.192719 0.275765 0.337146 0.146516 0.239231 0.219659 0.282445 0.149558 0.23264 0.161418 0.217671
 0.158095 0.154078 0.157656 0.244987 0.307121 0.382796 0.161699 0.21904 0.293146 0.384681 0.333526 0.394941 0.322152 0.393209 0.289634 0.243859 0.23543 0.162816 0.177919 0.12823
 0.565492 0.432 0.341576 0.269696 0.234205 0.161402 0.229955 0.187128 0.217745 0.279426 0.337437 0.328212 0.159205 0.145166 0.221319 0.19974 0.365995 0.358301 0.407091 0.379471
 0.340207 0.314044 0.203713 0.276592 0.21775 0.233199 0.237104 0.238078 0.243344 0.337889 0.580557 0.636483 0.551047 0.642687 0.706491 0.200927 0.212034 0.168508 0.22261 0.154147
 0.503742 0.279061 0.285226 0.236214 0.309565 0.21775 0.195223 0.121977 0.171037 0.2569 0.309718 0.324608 0.441123 0.182171 0.299891 0.298527 0.221873 0.294894 0.284728 0.161955
 0.339739 0.319055 0.275958 0.178195 0.216484 0.27033 0.236952 0.324063 0.165285 0.216662 0.12713 0.230312 0.301575 0.53558 0.436814 0.533793 0.365125 0.427291 0.302973 0.2423
 0.265152 0.204379 0.129017 0.232965 0.165928 0.177189 0.204323 0.22949 0.359737 0.274314 0.250872 0.164585 0.205334 0.249464 0.296733 0.149582 0.215927 0.274559 0.310398 0.119371
 0.206558 0.228246 0.300052 0.319059 0.408336 0.399764 0.228939 0.228446 0.252037 0.136182 0.178795 0.22114 0.137351 0.199179 0.328039 0.27659 0.229845 0.21683 0.333097 0.297897
 0.372949 0.163782 0.252741 0.273538 0.128117 0.21063 0.25486 0.31469 0.422155 0.414816 0.182532 0.209189 0.258841 0.219757 0.20809 0.248088 0.266279 0.199705 0.195309 0.167148
 0.250758 0.310637 0.306147 0.235872 0.199307 0.157992 0.203828 0.227372 0.256552 0.242608 0.232951 0.140401 0.154795 0.238958 0.2629 0.241494 0.349161 0.279785 0.328285 0.254421
 0.181698 0.300335 0.229296 0.267197 0.151108 0.172358 0.209386 0.304749 0.235737 0.204955 0.290453 0.189286 0.107849 0.25357 0.311427 0.45098 0.345947 0.219101 0.263071 0.174908
 0.219632 0.300539 0.255788 0.194416 0.111328 0.159019 0.259855 0.348833 0.202664 0.179649 0.125085 0.211561 0.252371 0.382141 0.459134 0.436639 0.228322 0.243799 0.26215 0.390762
 0.425161 0.281253 0.139135 0.176408 0.167272 0.28541 0.201131 0.287833 0.264905 0.292461 0.285744 0.37012 0.366536 0.397276 0.141767 0.0985431 0.144547 0.197653 0.210444 0.244899
 0.202512 0.198193 0.113296 0.201148 0.268727 0.30851 0.286859 0.327673 0.471086 0.183236 0.202696 0.112137 0.171499 0.254102 0.332777 0.206604 0.289747 0.47337 0.37539 0.23392
 0.160398 0.168545 0.270642 0.183649 0.187806 0.230055 0.234045 0.310509 0.369685 0.358668 0.379369 0.324637 0.224767 0.207105 0.146251 0.208038 0.242414 0.152438 0.180763 0.228855
 0.204052 0.262434 0.151304 0.219847 0.229924 0.282689 0.327106 0.24768 0.303367 0.194002 0.278794 0.2144 0.280434 0.181779 0.172354 0.184714 0.296805 0.134752 0.194859 0.241435
 0.300211 0.285183 0.0906286 0.177501 0.207588 0.313251 0.338071 0.260495 0.310939 0.284281 0.210868 0.306381 0.252503 0.218783 0.233065 0.183582 0.28181 0.365858 0.152782 0.242514
 0.43715 0.37104 0.238253 0.214652 0.259264 0.267413 0.166288 0.175523 0.250504 0.315176 0.227312 0.198267 0.162367 0.17452 0.23149 0.312924 0.324545 0.418499 0.242947 0.205782
 0.141137 0.180646 0.254852 0.194188 0.273569 0.146071 0.214771 0.271921 0.22808 0.213993 0.237651 0.28096 0.109272 0.203838 0.233248 0.340756 0.249013 0.291407 0.200872 0.174067
 0.282337 0.337448 0.168764 0.168759 0.185988 0.189953 0.208326 0.114671 0.219291 0.163533 0.245267 0.326905 0.200545 0.205187 0.251254 0.248038 0.210537 0.1501 0.194799 0.177284
 0.319429 0.152499 0.15529 0.160839 0.251756 0.237431 0.186994 0.365621 0.363204 0.201159 0.18973 0.245167 0.224816 0.275124 0.204686 0.212219 0.137965 0.189809 0.250085 0.298299
 0.107022 0.211524 0.227111 0.311383 0.402526 0.325828 0.572338 0.24331 0.205806 0.265733 0.191613 0.273636 0.140987 0.132825 0.229566 0.296294 0.366005 0.465104 0.192116 0.170114
 0.198718 0.110067 0.16968 0.276136 0.399694 0.132529 0.300875 0.273308 0.165808 0.257621 0.285943 0.294771 0.148017 0.207809 0.207268 0.264395 0.233033 0.241129 0.299311 0.296147
 0.423739 0.448389 0.270626 0.332573 0.359258 0.181244 0.263879 0.251908 0.271712 0.25873 0.131103 0.161878 0.258611 0.312806 0.331693 0.342079 0.29763 0.201344 0.265795 0.169893
 0.258167 0.242268 0.252906 0.430893 0.106226 0.202062 0.253687 0.256896 0.260012 0.31998 0.186282 0.14757 0.167474 0.197003 0.213027 0.204723 0.24011 0.332703 0.303395 0.306095
 0.182627 0.229125 0.240083 0.322044 0.320053 0.341126 0.295778 0.216089 0.205301 0.150737 0.159568 0.170227 0.129865 0.235948 0.260529 0.248811 0.278047 0.158095 0.251058 0.321875
 0.395923 0.211318 0.267875 0.206306 0.195778 0.259199 0.2104 0.189654 0.291354 0.412781 0.280052 0.279189 0.130694 0.163061 0.242057 0.345358 0.301261 0.414158 0.368306 0.183302
 0.29383 0.170497 0.189462 0.193465 0.201674 0.223917 0.14069 0.195854 0.322353 0.325341 0.211377 0.178691 0.219516 0.338511 0.370232 0.273167 0.398519 0.475846 0.2639 0.299976
 0.292106 0.143791 0.253726 0.202174 0.226783 0.175193 0.16587 0.216435 0.312549 0.31729 0.36427 0.146992 0.245755 0.315517 0.383894 0.361431 0.413665 0.240172 0.321599 0.173633
 0.116298 0.303113 0.328399 0.256731 0.239136 0.110679 0.143761 0.240533 0.353511 0.518382 0.43062 0.493815 0.387238 0.188476 0.170872 0.225805 0.148597 0.269307 0.0964326 0.174732
 0.414545 0.243435 0.278256 0.23351 0.306524 0.31733 0.347588 0.162548 0.280697 0.18685 0.298639 0.212054 0.159313 0.25046 0.259738 0.269505 0.278995 0.254889 0.291983 0.188031
 0.276505 0.168348 0.271473 0.350248 0.290098 0.244751 0.32407 0.263853 0.255229 0.151717 0.228715 0.232131 0.156868 0.173685 0.19287 0.272523 0.21155 0.10535 0.110855 0.20476
 0.416436 0.237571 0.38186 0.27015 0.157698 0.22942 0.234958 0.265448 0.284626 0.320182 0.263419 0.152813 0.25772 0.329967 0.363426 0.438086 0.37425 0.223238 0.162617 0.0520986
 0.13269 0.233608 0.153743 0.239799 0.253536 0.180421 0.248016 0.279691 0.116791 0.214577 0.257871 0.325944 0.281419 0.205081 0.32614 0.306258 0.0943815 0.225508 0.279994 0.454977
 0.237503 0.462985 0.119873 0.210842 0.236458 0.235881 0.218324 0.204476 0.25055 0.103266 0.249282 0.249602 0.378921 0.533962 0.416153 0.456272 0.405221 0.287227 0.23675 0.202354
 0.38957 0.322404 0.202608 0.255558 0.17822 0.270689 0.207281 0.264538 0.11315 0.1921 0.229931 0.332548 0.197875 0.209778 0.255819 0.273228 0.243008 0.174604 0.191879 0.270388
 0.149935 0.198066 0.255342 0.190837 0.254459 0.350478 0.367389 0.453676 0.15278 0.208207 0.146668 0.172068 0.210589 0.248471 0.409066 0.311551 0.217952 0.193638 0.264549 0.240552
 0.197771 0.246564 0.232695 0.292185 0.342437 0.249245 0.323322 0.341404 0.335796 0.234468 0.178231 0.249198 0.202491 0.23052 0.209798 0.395718 0.19733 0.229111 0.281279 0.233007
 0.231829 0.323786 0.147902 0.188622 0.216155 0.238379 0.304475 0.166252 0.224456 0.225503 0.152255 0.159195 0.170951 0.222666 0.331953 0.248816 0.326359 0.416667 0.225624 0.260125
 0.27119 0.299247 0.118279 0.216931 0.197516 0.275965 0.390481 0.243405 0.290146 0.368667 0.248058 0.172858 0.232287 0.283143 0.234437 0.284318 0.234419 0.278621 0.159891 0.15757
 0.239726 0.177122 0.181987 0.243758 0.171187 0.182005 0.231887 0.185074 0.261789 0.254705 0.311176 0.39095 0.26167 0.378623 0.138858 0.198695 0.138298 0.228507 0.259479 0.330638
 0.28182 0.241667 0.217628 0.123516 0.17671 0.226593 0.444565 0.187313 0.288576 0.311631 0.422208 0.413585 0.318645 0.232236 0.330849 0.117873 0.198364 0.151225 0.216869 0.207534
 0.658003 0.262702 0.328149 0.186374 0.237655 0.0830853 0.219087 0.294229 0.238453 0.217894 0.242951 0.200468 0.189523 0.219352 0.271368 0.249392 0.1562 0.210747 0.296851 0.391075
 0.255129 0.293788 0.36757 0.120765 0.192345 0.255991 0.154514 0.305414 0.25806 0.231588 0.323194 0.203712 0.275961 0.285885 0.295625 0.315857 0.468767 0.414274 0.189008 0.165221
 0.439005 0.289317 0.29509 0.213674 0.157876 0.197038 0.25272 0.209952 0.205206 0.22232 0.184908 0.260912 0.277357 0.338297 0.313733 0.231471 0.198905 0.180235 0.180035 0.196842
 0.393326 0.40548 0.279524 0.221157 0.2038 0.158257 0.190194 0.201504 0.286074 0.154258 0.19048 0.268317 0.30772 0.211236 0.242626 0.178203 0.229678 0.24176 0.233554 0.255806
 0.226234 0.356061 0.227814 0.195234 0.234452 0.150929 0.174074 0.163781 0.167351 0.195095 0.290394 0.227039 0.26972 0.236793 0.140673 0.206257 0.248775 0.354976 0.316468 0.198913
 0.167388 0.25428 0.200062 0.168365 0.205639 0.224254 0.407816 0.148216 0.184993 0.237664 0.4236 0.406083 0.243639 0.358309 0.401734 0.127921 0.241863 0.218204 0.247961 0.221085
 0.238645 0.316667 0.258147 0.3149 0.308217 0.241136 0.234756 0.197843 0.176583 0.117279 0.140622 0.185767 0.233041 0.188011 0.258287 0.311515 0.371155 0.254618 0.254574 0.27722
 0.373641 0.280636 0.28615 0.174493 0.113682 0.140993 0.234151 0.349656 0.264467 0.195381 0.22936 0.232387 0.352589 0.227233 0.211549 0.172991 0.280056 0.163628 0.268171 0.161059
 0.114484 0.188182 0.198402 0.217152 0.329977 0.239186 0.234604 0.0995937 0.138303 0.186873 0.340727 0.427183 0.404766 0.2465 0.314606 0.20046 0.246812 0.25328 0.182846 0.243887
 0.282014 0.197374 0.252884 0.23763 0.161249 0.256662 0.266259 0.321742 0.12844 0.191488 0.267637 0.34959 0.382685 0.239017 0.21464 0.249401 0.172014 0.15997 0.230112 0.131027
 0.11662 0.346579 0.353447 0.248648 0.204464 0.186268 0.248765 0.23574 0.209178 0.288631 0.200471 0.16816 0.231806 0.343513 0.416106 0.209147 0.253568 0.318792 0.327394 0.22742
 0.126665 0.293923 0.31821 0.169426 0.239183 0.21309 0.193773 0.266654 0.265964 0.229642 0.260073 0.128719 0.182166 0.255662 0.337158 0.48641 0.356854 0.2824 0.151374 0.138935
 0.356285 0.359125 0.163484 0.18037 0.150609 0.1749 0.263787 0.227182 0.199937 0.243467 0.343827 0.212092 0.184754 0.218532 0.249618 0.201536 0.241537 0.267735 0.176652 0.164302
 0.539001 0.228392 0.197367 0.154038 0.132857 0.177886 0.229137 0.157848 0.232128 0.216178 0.206066 0.28297 0.273045 0.236631 0.275635 0.227985 0.244746 0.182057 0.218776 0.226844
 0.373494 0.25464 0.327489 0.247496 0.149776 0.169196 0.269463 0.259839 0.153435 0.170309 0.227123 0.30862 0.260816 0.298448 0.277825 0.192272 0.202078 0.192687 0.171765 0.188717
 0.269296 0.18935 0.14389 0.311458 0.281314 0.150982 0.138288 0.175007 0.161397 0.168303 0.208826 0.204114 0.314606 0.378848 0.434101 0.457034 0.210753 0.234714 0.15043 0.169653
 0.392181 0.23836 0.197233 0.189574 0.19756 0.252565 0.218686 0.187795 0.294026 0.29325 0.304507 0.243915 0.259539 0.18234 0.224397 0.252446 0.168232 0.202123 0.248353 0.255065
 0.165437 0.222788 0.226362 0.269306 0.133851 0.21798 0.240064 0.372461 0.440039 0.41025 0.417482 0.195189 0.158198 0.23169 0.237978 0.345702 0.301502 0.284377 0.295661 0.258045
 0.34511 0.369805 0.171225 0.229468 0.266946 0.124217 0.247276 0.167743 0.225942 0.238363 0.17391 0.282429 0.238066 0.224933 0.255491 0.174062 0.151714 0.220295 0.192023 0.328895
 0.307595 0.233354 0.168442 0.182849 0.205896 0.155243 0.203813 0.32494 0.359096 0.421554 0.412066 0.346578 0.427132 0.258578 0.151158 0.126646 0.16236 0.191289 0.184982 0.249294
 0.341435 0.347817 0.230308 0.245839 0.128587 0.192758 0.241153 0.323251 0.261068 0.201229 0.228853 0.21782 0.144216 0.147436 0.223675 0.277331 0.282929 0.187676 0.173774 0.239714
 0.448782 0.170947 0.158176 0.18793 0.24717 0.250597 0.231578 0.21033 0.286256 0.0843595 0.165363 0.206407 0.265187 0.310839 0.126016 0.187934 0.301225 0.454506 0.189186 0.259857
 0.237581 0.342174 0.2497 0.235848 0.162482 0.121426 0.220203 0.346179 0.262447 0.196484 0.2344 0.325651 0.211075 0.213829 0.112142 0.181375 0.279991 0.263205 0.225599 0.291987
 0.328307 0.228431 0.274697 0.20731 0.257633 0.249909 0.164294 0.184314 0.23315 0.341755 0.312999 0.19385 0.183502 0.229519 0.19599 0.235925 0.24692 0.219051 0.257657 0.283174
 0.524153 0.329716 0.119226 0.257892 0.26502 0.273088 0.212943 0.263215 0.404473 0.350208 0.24894 0.196227 0.141363 0.133794 0.185095 0.251863 0.278568 0.270709 0.287259 0.227805
 0.51292 0.356102 0.384052 0.235138 0.167097 0.133491 0.150514 0.187614 0.140055 0.230712 0.164542 0.243973 0.198314 0.284692 0.21285 0.228691 0.252555 0.17541 0.177324 0.205619
 0.157585 0.15415 0.198986 0.240976 0.333066 0.228554 0.288178 0.372257 0.355149 0.150759 0.178087 0.139025 0.193286 0.260356 0.362122 0.337724 0.230712 0.313185 0.284831 0.216237
 0.28108 0.229893 0.325483 0.242077 0.259441 0.169455 0.145884 0.201835 0.212 0.221018 0.236932 0.398056 0.263652 0.338032 0.283345 0.23058 0.183528 0.212602 0.31159 0.244849
 0.58882 0.171103 0.172178 0.180831 0.210705 0.221207 0.187202 0.228825 0.242395 0.197912 0.241992 0.230152 0.316654 0.418715 0.325958 0.151126 0.226571 0.267207 0.279951 0.165744
 0.237251 0.197328 0.234388 0.257331 0.252406 0.2551 0.197412 0.181388 0.208422 0.217479 0.240969 0.213599 0.279511 0.189257 0.151922 0.212371 0.26418 0.322406 0.31615 0.289487
 0.436475 0.352324 0.316576 0.228359 0.252041 0.201416 0.184443 0.21554 0.173435 0.209606 0.244313 0.238301 0.319387 0.18087 0.229276 0.105607 0.159327 0.177169 0.241943 0.21945
 0.203004 0.307478 0.25761 0.222604 0.16586 0.208631 0.217226 0.171723 0.24128 0.24007 0.196662 0.253717 0.147772 0.259421 0.286175 0.26513 0.193147 0.171586 0.33251 0.309758
 0.387173 0.274237 0.310729 0.193617 0.172388 0.226951 0.312578 0.199831 0.225775 0.114859 0.205847 0.30516 0.287482 0.296459 0.253381 0.340789 0.188277 0.21004 0.264601 0.343385
 0.268761 0.399289 0.324527 0.245251 0.24385 0.109804 0.185499 0.208873 0.20051 0.2119 0.257556 0.226422 0.213339 0.256241 0.234806 0.249836 0.175578 0.207759 0.374474 0.498245
 0.309153 0.345398 0.149014 0.187474 0.0858857 0.122008 0.222132 0.425358 0.874343 0.435524 0.477346 0.30752 0.18571 0.241885 0.315973 0.130298 0.184043 0.231934 0.239337 0.267027
 0.278688 0.302281 0.225249 0.308357 0.235924 0.262293 0.422564 0.194687 0.24205 0.300573 0.381417 0.414709 0.271295 0.203454 0.278892 0.327697 0.233009 0.241618 0.292783 0.21245
 0.270789 0.222847 0.169128 0.187386 0.167692 0.152128 0.217286 0.2113 0.328457 0.329122 0.310932 0.207197 0.261125 0.200944 0.228866 0.280799 0.208515 0.228378 0.34669 0.347189
 0.411195 0.48808 0.285278 0.423753 0.473801 0.137722 0.177388 0.238107 0.370161 0.375087 0.328326 0.326968 0.263635 0.155938 0.171296 0.229141 0.375827 0.566723 0.627653 0.361953
 0.382691 0.319792 0.164407 0.115647 0.228604 0.334372 0.409132 0.40779 0.38542 0.264813 0.264699 0.195811 0.223469 0.126454 0.179044 0.211011 0.144092 0.285668 0.179056 0.155284
 0.49798 0.317558 0.250554 0.337721 0.333414 0.126659 0.23133 0.298439 0.248781 0.299186 0.120681 0.226236 0.275085 0.318427 0.214477 0.28592 0.231215 0.328793 0.2366 0.154338
 0.146666 0.16637 0.147639 0.181845 0.312865 0.277111 0.279743 0.50356 0.300016 0.386848 0.30521 0.22279 0.215905 0.230654 0.128222 0.167829 0.194194 0.202253 0.204059 0.301327
 0.473434 0.529178 0.195848 0.247582 0.115487 0.192024 0.245327 0.208448 0.157867 0.197932 0.260371 0.406968 0.278139 0.259675 0.256478 0.196725 0.300921 0.186188 0.296074 0.256901
 0.313196 0.216433 0.281284 0.258265 0.23867 0.146676 0.202404 0.386367 0.196501 0.293898 0.193308 0.222885 0.353839 0.318709 0.191775 0.213299 0.19444 0.327421 0.318502 0.241615
 0.370343 0.471083 0.296165 0.341527 0.190925 0.31868 0.262911 0.308656 0.292244 0.22212 0.208258 0.289785 0.226874 0.170445 0.238538 0.295743 0.219425 0.261847 0.384285 0.243465
 0.24999 0.258359 0.142472 0.225886 0.277882 0.304055 0.246213 0.176976 0.179565 0.301053 0.331727 0.416716 0.397591 0.326201 0.197305 0.206359 0.124862 0.245542 0.256924 0.290921
 0.279079 0.228167 0.116959 0.252406 0.339652 0.323097 0.140118 0.12092 0.227603 0.339477 0.612005 0.291634 0.392226 0.45064 0.298594 0.188793 0.254113 0.152016 0.188488 0.0747804
 0.432734 0.360529 0.155775 0.277501 0.227912 0.196061 0.202437 0.280248 0.270951 0.240077 0.174653 0.237886 0.232365 0.337467 0.168227 0.274006 0.159971 0.254719 0.198304 0.224174
 0.403057 0.226964 0.212254 0.235715 0.217161 0.248007 0.18291 0.273371 0.210574 0.19448 0.173311 0.208629 0.21999 0.314971 0.283494 0.165615 0.2084 0.308736 0.385881 0.338907
 0.263394 0.297598 0.324225 0.313729 0.385414 0.362453 0.285557 0.457293 0.338843 0.248917 0.270389 0.305806 0.227444 0.250866 0.251091 0.329921 0.195138 0.193666 0.276997 0.366161
 0.682451 0.267816 0.265932 0.350338 0.256396 0.127318 0.251321 0.273569 0.179488 0.179412 0.244735 0.305904 0.239702 0.189167 0.173676 0.34009 0.401667 0.440278 0.239849 0.243785
 0.407202 0.352774 0.294453 0.224494 0.329267 0.415128 0.142139 0.242712 0.278389 0.214855 0.302154 0.269644 0.416939 0.362609 0.349939 0.266324 0.375187 0.361641 0.463417 0.228213
 0.178553 0.24399 0.246643 0.282949 0.37004 0.2819 0.254192 0.360851 0.365898 0.255951 0.263995 0.193545 0.25913 0.265845 0.18691 0.176221 0.245012 0.334933 0.267017 0.354077
 0.961463 0.513461 0.342592 0.360695 0.145275 0.268742 0.274603 0.171807 0.286327 0.225253 0.248268 0.276725 0.245823 0.398821 0.287109 0.150657 0.241345 0.249514 0.128226 0.211338
 0.676814 0.624322 0.814845 0.336431 0.407106 0.155103 0.115937 0.183382 0.161013 0.198138 0.216267 0.280613 0.284826 0.320065 0.229801 0.245641 0.294515 0.166429 0.221517 0.187391
 0.495279 0.332402 0.247958 0.246674 0.22504 0.282133 0.21427 0.229422 0.214008 0.300035 0.317867 0.265444 0.188941 0.222553 0.238139 0.347131 0.296019 0.52168 0.694243 0.364471
 0.273658 0.522586 0.285806 0.460203 0.364075 0.471707 0.302075 0.45391 0.215757 0.256949 0.25669 0.270686 0.290982 0.211059 0.227529 0.206957 0.226606 0.139353 0.198106 0.218318
 0.297074 0.349331 0.275368 0.344262 0.261934 0.177092 0.271581 0.235846 0.25575 0.284033 0.408343 0.278951 0.305494 0.181374 0.243694 0.156215 0.169258 0.27707 0.295504 0.27266
 0.373792 0.323992 0.326597 0.304962 0.246567 0.343666 0.273221 0.288068 0.22834 0.242498 0.184286 0.449663 0.40483 0.286816 0.174655 0.207742 0.224622 0.188727 0.277943 0.288919
 0.392622 0.412941 0.472291 0.138148 0.228606 0.343825 0.425555 0.345815 0.192695 0.325185 0.355935 0.217944 0.23781 0.242851 0.317455 0.241453 0.257068 0.287596 0.3508 0.289694
 0.242366 0.376999 0.247859 0.209026 0.276329 0.216956 0.232791 0.270331 0.365233 0.38643 0.242241 0.2888 0.210398 0.19345 0.301071 0.31895 0.150034 0.210702 0.297095 0.471762
 0.327895 0.379924 0.253344 0.142656 0.188496 0.283175 0.309404 0.260402 0.237397 0.351849 0.285471 0.162679 0.343807 0.260738 0.30118 0.218552 0.218751 0.231064 0.338163 0.382749
 0.282287 0.346234 0.38696 0.192678 0.196006 0.189319 0.224245 0.350866 0.390993 0.426295 0.266552 0.211082 0.265 0.324804 0.195782 0.283142 0.301649 0.265315 0.325434 0.117108
 0.507705 0.468419 0.399782 0.442427 0.108715 0.269587 0.323101 0.354892 0.296074 0.282835 0.180698 0.22728 0.247674 0.223938 0.172628 0.14322 0.201402 0.242496 0.226442 0.263389
 0.255444 0.266915 0.306807 0.275851 0.379396 0.112028 0.204352 0.248821 0.384445 0.33275 0.281467 0.34576 0.24254 0.335492 0.312099 0.167719 0.20293 0.241464 0.307501 0.375293
 0.53854 0.350546 0.415932 0.402187 0.366224 0.320086 0.199071 0.298572 0.390423 0.461931 0.616238 0.333883 0.20599 0.269 0.20694 0.272728 0.192625 0.246069 0.177744 0.206084
 0.322197 0.429238 0.435864 0.27578 0.290164 0.276873 0.196576 0.198084 0.329352 0.207338 0.22353 0.332435 0.394666 0.35603 0.325518 0.169248 0.220561 0.143418 0.262749 0.225697
 0.334971 0.24959 0.183595 0.288764 0.282675 0.266229 0.174244 0.203539 0.28949 0.254996 0.291677 0.399662 0.464072 0.275213 0.228659 0.234562 0.249332 0.195201 0.27646 0.416528
 0.652989 0.32591 0.379723 0.225722 0.321587 0.283968 0.1471 0.174293 0.269832 0.364751 0.592554 0.529912 0.261718 0.345253 0.316535 0.253294 0.198425 0.204465 0.0856069 0.170946
 0.278118 0.395782 0.292243 0.314052 0.282753 0.201929 0.233325 0.287038 0.167472 0.331582 0.207361 0.304817 0.472247 0.362802 0.207994 0.160448 0.193084 0.328888 0.378454 0.332902
 0.378941 0.350487 0.33409 0.208841 0.25337 0.207978 0.232239 0.232506 0.290389 0.418569 0.345985 0.335959 0.400211 0.510251 0.193104 0.360334 0.12736 0.2766 0.282555 0.423599
 0.238112 0.279286 0.292844 0.405264 0.254767 0.352437 0.386311 0.323196 0.288373 0.335338 0.175664 0.256703 0.127176 0.214725 0.209939 0.274252 0.342929 0.343151 0.22354 0.222565
 0.512797 0.5332 0.379906 0.293532 0.258972 0.144417 0.116847 0.220413 0.285811 0.453056 0.382505 0.377813 0.24298 0.132017 0.206863 0.22082 0.292909 0.240761 0.149054 0.15037
 0.528108 0.344044 0.23893 0.183286 0.174789 0.161536 0.251019 0.403333 0.196607 0.378554 0.523536 0.463666 0.486207 0.194093 0.22122 0.324699 0.158775 0.170765 0.244348 0.129348
 0.365978 0.216837 0.142061 0.32469 0.317303 0.396322 0.242951 0.254828 0.176159 0.211365 0.165683 0.246761 0.319997 0.33539 0.307341 0.180284 0.18658 0.246902 0.287044 0.213956
 0.289015 0.383276 0.3961 0.166635 0.138186 0.196428 0.340406 0.234683 0.339778 0.347363 0.385547 0.401354 0.453618 0.51368 0.157038 0.228987 0.172228 0.165269 0.199547 0.144001
 0.248469 0.334692 0.19107 0.283092 0.142638 0.286528 0.457176 0.273815 0.343441 0.318572 0.186207 0.169513 0.199935 0.207733 0.296384 0.418535 0.214873 0.234349 0.249683 0.300727
 0.193683 0.257437 0.282859 0.144441 0.185251 0.262424 0.330061 0.423449 0.509928 0.667343 0.307584 0.291861 0.234274 0.149378 0.228291 0.257887 0.298266 0.227111 0.179898 0.272951
 0.545454 0.135534 0.165014 0.272755 0.384494 0.322596 0.2127 0.195168 0.22972 0.226814 0.221967 0.266006 0.125291 0.1592 0.216719 0.362987 0.403413 0.36189 0.259421 0.352763
 0.198258 0.358195 0.359643 0.239185 0.288673 0.198703 0.377797 0.346494 0.363149 0.321067 0.196523 0.253049 0.204255 0.276153 0.250131 0.247786 0.296374 0.288374 0.264088 0.342866
 0.219325 0.352875 0.192977 0.233964 0.274191 0.194789 0.298531 0.344217 0.256195 0.281451 0.18892 0.263381 0.365344 0.144877 0.24434 0.264655 0.247694 0.309793 0.201697 0.216436
 0.674832 0.517141 0.255609 0.395843 0.275524 0.352877 0.223755 0.222636 0.213791 0.197202 0.229891 0.273321 0.298131 0.21249 0.275479 0.187984 0.219003 0.206752 0.312995 0.378894
 0.146183 0.241872 0.216464 0.309174 0.435525 0.132375 0.213598 0.29773 0.324151 0.365138 0.287103 0.266181 0.134771 0.243766 0.350301 0.429438 0.252103 0.210267 0.36242 0.361416
 0.241542 0.349036 0.267743 0.308083 0.137689 0.203949 0.303032 0.418078 0.235714 0.316717 0.226911 0.175671 0.257761 0.339698 0.229272 0.300069 0.263354 0.304066 0.340496 0.235725
 0.333719 0.226311 0.215969 0.228778 0.154861 0.214639 0.293294 0.279791 0.326348 0.312218 0.277768 0.350477 0.474952 0.369781 0.30567 0.207135 0.190435 0.302602 0.345914 0.197853
 0.518691 0.385927 0.150075 0.120265 0.191293 0.211444 0.369751 0.287579 0.282844 0.325221 0.3631 0.200808 0.201095 0.215109 0.342354 0.263372 0.287471 0.249863 0.187417 0.128625
 0.340155 0.455097 0.30209 0.362522 0.200529 0.271341 0.413144 0.442746 0.370645 0.45419 0.304096 0.250558 0.278793 0.12157 0.300395 0.412741 0.315513 0.199898 0.197334 0.181127
 0.145859 0.244616 0.252833 0.263557 0.242963 0.207526 0.296647 0.31208 0.22114 0.221011 0.268951 0.375751 0.177216 0.208051 0.253559 0.329559 0.466564 0.576754 0.259715 0.365629
 0.755201 1.00342 0.689518 0.512623 0.299069 0.149694 0.301651 0.119068 0.16826 0.192418 0.217835 0.307071 0.302749 0.255805 0.290339 0.3694 0.188598 0.229597 0.157108 0.144611
 0.359356 0.272343 0.159299 0.232771 0.205564 0.151722 0.218662 0.328235 0.460236 0.406861 0.520497 0.306278 0.346576 0.0918532 0.210111 0.24232 0.214655 0.203783 0.317744 0.338493
 0.235588 0.313903 0.22717 0.24757 0.333274 0.211313 0.229106 0.341408 0.293669 0.285797 0.171944 0.197908 0.302346 0.395059 0.442165 0.252996 0.278511 0.121344 0.19234 0.270237
 0.19048 0.187491 0.264362 0.373935 0.12314 0.223766 0.240026 0.38939 0.247775 0.334274 0.302481 0.390689 0.258014 0.43538 0.284583 0.228217 0.191825 0.182772 0.232728 0.30059
 0.465056 0.611649 0.229365 0.328785 0.368704 0.130898 0.195144 0.268472 0.393417 0.070291 0.133702 0.240194 0.318025 0.419302 0.245243 0.356307 0.361891 0.142789 0.199649 0.223703
 0.243724 0.255582 0.179044 0.287455 0.241 0.213234 0.386355 0.362076 0.174592 0.205909 0.204273 0.186897 0.305365 0.287949 0.349543 0.0749405 0.143136 0.239678 0.505166 0.547747
 0.353339 0.179664 0.30773 0.242692 0.299328 0.353439 0.440158 0.377986 0.316416 0.356401 0.295535 0.395479 0.238279 0.358011 0.218673 0.219912 0.27349 0.182112 0.129554 0.171506
 0.127939 0.255552 0.300816 0.393965 0.43254 0.277555 0.328141 0.332128 0.247792 0.325032 0.324497 0.270943 0.271682 0.19456 0.233845 0.31382 0.118506 0.276178 0.350188 0.406086
 0.172512 0.349946 0.385777 0.610732 0.353903 0.319538 0.19645 0.235164 0.236684 0.218923 0.254968 0.213661 0.268151 0.17133 0.242441 0.303237 0.450755 0.373933 0.33921 0.364845
 0.49369 0.182787 0.259919 0.385168 0.305708 0.241314 0.192709 0.142293 0.254095 0.303274 0.54682 0.493011 0.407464 0.47178 0.77907 0.570241 0.379549 0.504181 0.272958 0.285377
 0.332515 0.358322 0.24192 0.356974 0.164575 0.277073 0.330268 0.142536 0.198844 0.32472 0.393542 0.230515 0.286363 0.245357 0.294369 0.279182 0.305967 0.3861 0.194455 0.203974
 0.126063 0.298971 0.389192 0.609247 0.38688 0.434003 0.30509 0.295825 0.156283 0.0477112 0.166422 0.29946 0.589432 0.667497 0.878451 0.667085 0.864104 0.107894 0.263179 0.0794547
 0.371294 0.287471 0.335713 0.310291 0.283433 0.298722 0.213928 0.187992 0.219883 0.332715 0.255239 0.179887 0.212458 0.196653 0.274681 0.262075 0.504651 0.231465 0.298142 0.226944
 0.338265 0.396917 0.310317 0.28411 0.278258 0.251524 0.223393 0.354876 0.222033 0.346156 0.284138 0.183167 0.222783 0.263238 0.348845 0.261525 0.228692 0.382859 0.560739 0.230135
 0.323387 0.320457 0.195363 0.144393 0.206252 0.262965 0.277515 0.329397 0.403215 0.272914 0.220182 0.244359 0.176162 0.249256 0.233169 0.304922 0.24751 0.36433 0.263302 0.429419
 0.886367 0.283192 0.228778 0.279808 0.310579 0.250692 0.348114 0.134513 0.167654 0.224417 0.225728 0.279762 0.284983 0.226349 0.230385 0.215356 0.252389 0.253009 0.189897 0.231861
 0.276959 0.45363 0.230695 0.36125 0.188372 0.175477 0.272345 0.334238 0.371805 0.363094 0.42675 0.251373 0.331639 0.201431 0.208922 0.230995 0.282389 0.29028 0.23344 0.279091
 0.469535 0.172258 0.287133 0.300778 0.260937 0.349732 0.303623 0.301638 0.477943 0.105815 0.220829 0.290281 0.461964 0.245688 0.211989 0.285497 0.280089 0.330941 0.286811 0.21787
 0.321632 0.290062 0.218892 0.19127 0.225596 0.279856 0.329131 0.460163 0.409778 0.166784 0.213176 0.281643 0.430938 0.225004 0.415169 0.430493 0.374843 0.168842 0.130705 0.214189
 0.459788 0.33577 0.431122 0.211073 0.278522 0.228277 0.227415 0.221413 0.2328 0.18448 0.293369 0.301389 0.410665 0.287013 0.288587 0.305551 0.30957 0.10999 0.166136 0.255444
 0.457649 0.391455 0.416474 0.268103 0.258062 0.248734 0.169121 0.114248 0.157454 0.231136 0.36339 0.451333 0.39818 0.370347 0.349199 0.239307 0.27614 0.233435 0.258171 0.134739
 0.385072 0.319316 0.178531 0.266766 0.226951 0.152488 0.158273 0.204613 0.288049 0.271178 0.294523 0.274235 0.208876 0.2065 0.238337 0.285298 0.431157 0.23976 0.260309 0.273872
 0.272961 0.392122 0.372843 0.115657 0.188025 0.186566 0.332937 0.292902 0.385066 0.174177 0.364996 0.319444 0.339767 0.224281 0.34909 0.382409 0.434499 0.132576 0.288137 0.139057
 0.382768 0.377342 0.223128 0.231646 0.251083 0.252177 0.350975 0.536406 0.0930205 0.163285 0.192289 0.264241 0.306708 0.312813 0.209973 0.292353 0.259175 0.193749 0.20911 0.206416
 0.498249 0.425798 0.323535 0.137418 0.180893 0.218567 0.276948 0.224489 0.272342 0.264826 0.34942 0.331402 0.414282 0.340787 0.330509 0.314372 0.392729 0.2793 0.203041 0.193863
 0.194154 0.307851 0.213021 0.30111 0.273992 0.168036 0.239522 0.343352 0.407274 0.303156 0.358428 0.377212 0.257936 0.249188 0.294438 0.412554 0.261187 0.158858 0.156913 0.185108
 0.453062 0.418381 0.299606 0.479563 0.253888 0.245651 0.0832053 0.320761 0.3144 0.244526 0.243933 0.306536 0.173397 0.299471 0.36431 0.517569 0.337182 0.396217 0.353949 0.233292
 0.447697 0.539672 0.425922 0.165606 0.23526 0.167108 0.302318 0.153306 0.178524 0.233971 0.331692 0.332999 0.4565 0.484657 0.639413 0.494893 0.301054 0.229425 0.183667 0.201463
 0.129012 0.226985 0.244595 0.241792 0.183923 0.283118 0.340044 0.559721 0.358075 0.325985 0.393016 0.555791 0.210221 0.337736 0.077742 0.172938 0.215614 0.398623 0.310887 0.377011
 0.374634 0.359567 0.226199 0.266868 0.338941 0.165571 0.107622 0.223352 0.285947 0.338957 0.301866 0.367357 0.260777 0.267512 0.206392 0.232213 0.293796 0.289033 0.145925 0.140316
 0.435722 0.35463 0.520089 0.426732 0.236636 0.206389 0.114689 0.256479 0.242506 0.336764 0.409063 0.318718 0.290979 0.265031 0.232957 0.304811 0.187947 0.26328 0.326838 0.369857
 0.244823 0.339109 0.143247 0.162951 0.154513 0.280409 0.220131 0.239755 0.361416 0.688802 0.159476 0.318978 0.223636 0.279815 0.256804 0.172456 0.281379 0.374598 0.234985 0.235756
 0.0963123 0.207285 0.325878 0.636004 0.26132 0.296648 0.172902 0.227761 0.252786 0.254924 0.276571 0.291958 0.255079 0.271563 0.285582 0.155686 0.22197 0.265666 0.207009 0.29732
 0.245002 0.289755 0.289919 0.361791 0.175523 0.27348 0.30003 0.350723 0.207915 0.328155 0.299964 0.37887 0.388486 0.244332 0.176038 0.347041 0.237781 0.15278 0.177864 0.192609
 0.495338 0.364122 0.394336 0.193681 0.272917 0.133335 0.343046 0.355124 0.314846 0.385146 0.172096 0.166095 0.156343 0.242353 0.261919 0.338152 0.281118 0.367623 0.417582 0.201944
 0.388606 0.3407 0.261273 0.143227 0.153224 0.203778 0.215671 0.324575 0.395846 0.276041 0.290629 0.24379 0.262792 0.258487 0.165381 0.152181 0.209882 0.26819 0.346226 0.29074
 0.195866 0.290762 0.260689 0.31189 0.213989 0.298159 0.337479 0.242327 0.317139 0.318144 0.23413 0.15028 0.179231 0.287557 0.373864 0.519282 0.377906 0.37568 0.388516 0.385311
 0.542697 0.28477 0.343415 0.207975 0.237268 0.278032 0.276485 0.227122 0.281769 0.166843 0.294948 0.289236 0.148945 0.231082 0.267334 0.371656 0.480331 0.372487 0.355268 0.21416
 0.312921 0.25316 0.267282 0.192765 0.182559 0.219128 0.290825 0.297098 0.170707 0.170639 0.231352 0.269707 0.205772 0.234301 0.169358 0.251539 0.363144 0.462323 0.272365 0.439035
 0.265733 0.329207 0.216276 0.245527 0.304241 0.232257 0.197963 0.239162 0.35117 0.412876 0.244445 0.20723 0.235126 0.202627 0.235479 0.162369 0.274364 0.370397 0.27649 0.274969
 0.497012 0.269574 0.236306 0.176304 0.29091 0.259588 0.170824 0.156071 0.258219 0.289682 0.245032 0.237566 0.128539 0.315955 0.372531 0.219295 0.189034 0.225301 0.329464 0.431382
 0.479233 0.379922 0.316187 0.377785 0.35691 0.136765 0.12041 0.17086 0.319669 0.479463 0.438167 0.301905 0.134914 0.147719 0.181874 0.272465 0.421669 0.272708 0.382672 0.347192
 0.125066 0.313675 0.264709 0.169173 0.270597 0.18404 0.27285 0.46301 0.480732 0.512977 0.273999 0.289356 0.198447 0.163771 0.114485 0.189428 0.338557 0.702695 0.526498 0.70998
 0.152948 0.143544 0.265628 0.315426 0.194586 0.324396 0.347709 0.289258 0.314546 0.202014 0.21694 0.284193 0.311951 0.437925 0.250048 0.380164 0.0994115 0.216538 0.279763 0.289
 0.247499 0.188142 0.157516 0.228095 0.311305 0.315556 0.197616 0.285986 0.381141 0.170025 0.234162 0.203148 0.193662 0.267577 0.216571 0.288065 0.31843 0.4881 0.351783 0.286192
 0.619079 0.412502 0.383328 0.222297 0.22051 0.144636 0.167902 0.178695 0.231111 0.380936 0.312317 0.216454 0.27179 0.191358 0.218925 0.340571 0.304478 0.29791 0.42266 0.155707
 0.408145 0.308354 0.11804 0.230077 0.318023 0.337321 0.328793 0.201855 0.203676 0.297479 0.363989 0.413055 0.374373 0.137578 0.277778 0.294852 0.272599 0.297292 0.28882 0.350862
 0.48805 0.280229 0.295907 0.220676 0.118328 0.147055 0.218442 0.236767 0.178879 0.203338 0.183672 0.21599 0.33748 0.477598 0.30554 0.335697 0.253231 0.285389 0.302202 0.320544
 0.225269 0.360188 0.171094 0.254834 0.174483 0.156167 0.242292 0.369566 0.378322 0.250038 0.335624 0.410946 0.324709 0.173846 0.269966 0.283323 0.34352 0.413984 0.210957 0.166914
 0.403961 0.151172 0.270339 0.321384 0.398538 0.253236 0.326863 0.307996 0.325298 0.346861 0.181983 0.263126 0.210154 0.216326 0.251102 0.284395 0.271683 0.186755 0.226658 0.241905
 0.29024 0.212541 0.167855 0.156882 0.184852 0.245039 0.28094 0.407439 0.262445 0.363361 0.282752 0.255207 0.188574 0.248269 0.260776 0.180456 0.212984 0.227222 0.218941 0.224957
 0.236687 0.320203 0.37018 0.231187 0.194238 0.291892 0.294811 0.329411 0.357053 0.25981 0.398063 0.357861 0.430943 0.231778 0.307436 0.213198 0.169268 0.167481 0.205941 0.306487
 0.407281 0.29501 0.192471 0.237471 0.289946 0.331705 0.181956 0.23789 0.220097 0.0966135 0.191945 0.248928 0.442379 0.76404 0.732217 0.153092 0.223076 0.271611 0.311878 0.319941
 0.310044 0.36781 0.315337 0.163305 0.22466 0.226413 0.126286 0.188623 0.253604 0.202419 0.287037 0.28825 0.341315 0.179385 0.240358 0.237219 0.295454 0.212152 0.197413 0.242117
 0.318605 0.367574 0.208951 0.252783 0.167245 0.169629 0.14668 0.231573 0.300566 0.203313 0.186434 0.251568 0.320576 0.285393 0.299284 0.329929 0.259526 0.210448 0.228447 0.100245
 0.160314 0.189974 0.162622 0.275487 0.251605 0.233469 0.321022 0.346273 0.28543 0.224228 0.337273 0.362954 0.508119 0.18574 0.307112 0.240703 0.239154 0.141654 0.195171 0.286564
 0.217288 0.297036 0.288329 0.343907 0.22575 0.252719 0.266556 0.356512 0.121579 0.26575 0.347837 0.242628 0.224779 0.231032 0.264499 0.316255 0.43865 0.258402 0.39309 0.279475
 0.316802 0.224855 0.267879 0.275931 0.33323 0.508977 0.45805 0.283219 0.308565 0.283401 0.302394 0.148499 0.152103 0.258294 0.267502 0.428247 0.469411 0.438662 0.311237 0.265532
 0.326242 0.330521 0.108861 0.205456 0.277151 0.353587 0.476677 0.38083 0.153373 0.251853 0.292578 0.297814 0.334435 0.212511 0.191817 0.266833 0.277372 0.372388 0.284747 0.32852
 0.249826 0.215428 0.320128 0.218188 0.219158 0.211479 0.144763 0.225305 0.356186 0.428527 0.274921 0.257326 0.260186 0.234794 0.263804 0.344811 0.121847 0.231094 0.276929 0.352495
 0.352708 0.109132 0.218637 0.224497 0.303215 0.186453 0.268363 0.218567 0.223856 0.349194 0.42379 0.152638 0.300225 0.310094 0.346487 0.403096 0.467383 0.512612 0.365348 0.433537
 0.342772 0.425381 0.38535 0.286321 0.149105 0.226188 0.214943 0.0849918 0.201565 0.2879 0.49838 0.269261 0.501035 0.540192 0.270041 0.129284 0.299067 0.198296 0.146646 0.152156
 0.271988 0.228887 0.249037 0.256892 0.28581 0.233122 0.314142 0.144109 0.213242 0.241139 0.241257 0.352556 0.200255 0.270631 0.27414 0.144416 0.189841 0.224146 0.211525 0.196364
