 0.328675 0.325061 0.220023 0.302387 0.309042 0.259221 0.1356 0.19119 0.277087 0.319908 0.521513 0.437744 0.308127 0.239792 0.224291 0.251192 0.261903 0.290629 0.244922 0.303262
 0.359498 0.234338 0.261856 0.322474 0.27242 0.241195 0.233084 0.271136 0.144075 0.279474 0.292463 0.328084 0.407581 0.344463 0.296334 0.313244 0.249178 0.176202 0.21779 0.273716
 0.461887 0.4132 0.14563 0.184966 0.210245 0.247261 0.303557 0.380274 0.328959 0.480921 0.223331 0.281023 0.158022 0.240082 0.404462 0.418734 0.359099 0.336211 0.309581 0.27238
 0.208523 0.289901 0.16235 0.337283 0.266033 0.321479 0.279606 0.210097 0.341367 0.367445 0.189075 0.272957 0.227271 0.235565 0.194428 0.26965 0.373869 0.200262 0.260579 0.383555
 0.147279 0.272956 0.301107 0.255626 0.353068 0.349017 0.31066 0.300061 0.296867 0.267204 0.208603 0.160427 0.273603 0.294178 0.345951 0.329423 0.379687 0.705542 0.380555 0.293158
 0.172812 0.269662 0.174707 0.225582 0.316799 0.349609 0.254338 0.425355 0.28553 0.251861 0.236294 0.259259 0.255956 0.264251 0.320733 0.340143 0.182273 0.23352 0.314089 0.278881
 0.374029 0.233168 0.283075 0.192273 0.263348 0.390802 0.164894 0.154356 0.333244 0.242711 0.562393 0.223485 0.351031 0.403402 0.28924 0.355383 0.280557 0.268487 0.238006 0.26108
 0.224033 0.231838 0.160406 0.312033 0.27999 0.285059 0.162982 0.276212 0.242695 0.235227 0.206126 0.310978 0.425061 0.288282 0.298379 0.443953 0.275492 0.364267 0.107371 0.360934
 0.111913 0.195867 0.312005 0.436972 0.309259 0.351756 0.378175 0.255104 0.154084 0.251221 0.432436 0.654033 0.198906 0.303745 0.305881 0.382473 0.216411 0.29787 0.217519 0.313593
 0.182626 0.19964 0.208071 0.293033 0.293393 0.371235 0.214335 0.278154 0.353554 0.456069 0.384252 0.404514 0.373515 0.396256 0.276433 0.372721 0.277111 0.177886 0.207313 0.132291
 0.401014 0.439272 0.286847 0.276686 0.197874 0.16514 0.24702 0.210579 0.253492 0.297378 0.320541 0.339676 0.214099 0.17431 0.349943 0.224246 0.346616 0.329837 0.472163 0.456075
 0.402715 0.347151 0.167182 0.305377 0.209564 0.234513 0.240433 0.254586 0.256147 0.285683 0.433085 0.602323 0.474499 0.649448 0.779904 0.295387 0.289195 0.208312 0.251262 0.186269
 0.398392 0.321499 0.306664 0.217752 0.309518 0.260205 0.186531 0.141303 0.191996 0.316666 0.346817 0.349409 0.533629 0.187596 0.343967 0.500793 0.241628 0.329413 0.35427 0.209547
 0.379652 0.306862 0.21281 0.217909 0.244989 0.238549 0.237691 0.322526 0.208252 0.226448 0.147449 0.276461 0.271475 0.441976 0.378598 0.516346 0.32837 0.443217 0.381766 0.349527
 0.277356 0.272908 0.166329 0.232468 0.190512 0.261047 0.333995 0.314472 0.371803 0.300576 0.331288 0.255268 0.28075 0.309611 0.332454 0.198353 0.259815 0.278758 0.409637 0.165602
 0.186391 0.162146 0.266451 0.275657 0.411084 0.543533 0.296264 0.228678 0.338608 0.169313 0.223661 0.270227 0.232125 0.261756 0.370449 0.397793 0.351388 0.27901 0.341585 0.381568
 0.326955 0.151471 0.236071 0.298406 0.132369 0.242843 0.266222 0.32968 0.432082 0.535793 0.242035 0.266355 0.33646 0.291729 0.305465 0.275216 0.338056 0.257881 0.247382 0.24361
 0.222633 0.285891 0.455193 0.320404 0.259105 0.192416 0.221832 0.254877 0.341829 0.287402 0.321267 0.223519 0.176972 0.281929 0.317914 0.323762 0.362999 0.258723 0.405568 0.328577
 0.179465 0.362979 0.257267 0.295299 0.181701 0.225837 0.256734 0.342575 0.298565 0.238098 0.360727 0.267472 0.120616 0.295512 0.385266 0.625938 0.330304 0.289404 0.299245 0.219881
 0.266458 0.283215 0.297506 0.286756 0.172074 0.199914 0.283042 0.386602 0.2517 0.232983 0.162004 0.284721 0.319208 0.329982 0.392114 0.454847 0.275731 0.256257 0.256597 0.370132
 0.585685 0.390211 0.196459 0.230888 0.165851 0.280929 0.218317 0.272471 0.273831 0.341689 0.31988 0.373807 0.369772 0.498373 0.217254 0.160181 0.183484 0.252261 0.282514 0.331292
 0.203453 0.206316 0.142595 0.257047 0.39592 0.378188 0.317566 0.358609 0.52761 0.217054 0.308891 0.172281 0.209771 0.288259 0.351719 0.28691 0.29578 0.472924 0.363031 0.273577
 0.218342 0.186138 0.258679 0.202568 0.224084 0.304238 0.291273 0.377213 0.373778 0.382557 0.495617 0.344129 0.212835 0.25547 0.197041 0.263448 0.311754 0.181408 0.207481 0.306413
 0.201681 0.320674 0.200498 0.258087 0.265396 0.28713 0.319945 0.25192 0.392315 0.207861 0.363183 0.203576 0.294305 0.223261 0.272204 0.237869 0.312381 0.168043 0.223286 0.262161
 0.260721 0.275896 0.118211 0.262002 0.252422 0.284641 0.296269 0.29546 0.296063 0.309311 0.233193 0.344057 0.297154 0.237366 0.248426 0.211076 0.294827 0.440149 0.207682 0.24738
 0.365069 0.418663 0.311033 0.224799 0.28044 0.29467 0.166593 0.19796 0.269399 0.387274 0.228995 0.203959 0.197143 0.230111 0.291556 0.39142 0.471402 0.503051 0.369044 0.342459
 0.205558 0.21659 0.412188 0.219349 0.391026 0.205161 0.234348 0.35633 0.368998 0.239079 0.259881 0.354911 0.145497 0.253891 0.280987 0.462379 0.317943 0.353199 0.350459 0.275129
 0.290049 0.398427 0.223505 0.195567 0.263471 0.299233 0.268776 0.139305 0.302986 0.233776 0.329445 0.340643 0.263958 0.300229 0.321359 0.387757 0.263577 0.177439 0.24644 0.23499
 0.408779 0.18763 0.241058 0.208097 0.296241 0.281799 0.180201 0.328775 0.351018 0.283058 0.237768 0.286407 0.256643 0.336468 0.240464 0.316878 0.221085 0.261725 0.333924 0.391374
 0.123845 0.242638 0.279971 0.334198 0.442491 0.295441 0.521601 0.340347 0.253934 0.293221 0.177285 0.340396 0.171528 0.174848 0.269402 0.262571 0.338138 0.738309 0.262488 0.208695
 0.197368 0.163789 0.211455 0.271583 0.451983 0.157774 0.438818 0.342818 0.206524 0.268709 0.322237 0.2896 0.212591 0.285916 0.320263 0.306871 0.283264 0.276515 0.382376 0.319635
 0.385413 0.387213 0.275536 0.334828 0.38471 0.144632 0.254229 0.248972 0.232409 0.253 0.177893 0.199324 0.275239 0.289065 0.298035 0.365267 0.365826 0.228353 0.269055 0.224216
 0.301 0.263646 0.246692 0.443017 0.131947 0.235976 0.309571 0.3839 0.358 0.275575 0.223002 0.196786 0.218377 0.208478 0.322779 0.266863 0.292687 0.394011 0.444023 0.307629
 0.216153 0.26999 0.291171 0.312817 0.306439 0.336509 0.405081 0.258442 0.280554 0.23996 0.199112 0.219572 0.133953 0.238929 0.355366 0.295196 0.3961 0.215588 0.298722 0.366625
 0.497583 0.241351 0.296122 0.229491 0.225391 0.21884 0.243123 0.220231 0.278216 0.385168 0.284944 0.314997 0.190737 0.220186 0.272043 0.313116 0.3194 0.38505 0.544952 0.223835
 0.310932 0.201044 0.209968 0.236869 0.258914 0.256911 0.204346 0.219667 0.355113 0.414538 0.230334 0.239783 0.244396 0.3854 0.354184 0.245618 0.383186 0.53017 0.228191 0.382296
 0.294201 0.143096 0.230273 0.227183 0.239537 0.21391 0.242733 0.270705 0.50414 0.366202 0.326875 0.168212 0.265801 0.310737 0.417484 0.348129 0.570822 0.280808 0.372742 0.166416
 0.121071 0.298742 0.33596 0.256951 0.240404 0.155979 0.180036 0.27602 0.477249 0.523686 0.680126 0.623473 0.514698 0.276129 0.207876 0.321906 0.174191 0.355664 0.160584 0.244822
 0.368746 0.245542 0.269801 0.256362 0.326049 0.278668 0.389249 0.158184 0.335677 0.183072 0.321531 0.277473 0.161583 0.272153 0.300395 0.267783 0.350852 0.32714 0.314503 0.21134
 0.252456 0.177547 0.243992 0.295339 0.314647 0.262857 0.29138 0.260613 0.338113 0.211355 0.302986 0.322982 0.207415 0.257165 0.236248 0.35335 0.29353 0.185203 0.156374 0.251039
 0.476385 0.199251 0.313977 0.264697 0.149607 0.257565 0.30252 0.285327 0.283915 0.348592 0.327589 0.198784 0.286658 0.348005 0.40422 0.488839 0.571691 0.323722 0.195174 0.0610537
 0.170843 0.245239 0.194662 0.343611 0.264978 0.228803 0.317237 0.387999 0.184062 0.254604 0.278786 0.342377 0.371015 0.208141 0.370265 0.329816 0.115916 0.283688 0.303422 0.420701
 0.207713 0.413183 0.150635 0.253658 0.270712 0.25631 0.32164 0.242488 0.343152 0.108696 0.282833 0.264631 0.435221 0.469965 0.468303 0.568762 0.406112 0.346988 0.267906 0.278101
 0.361068 0.307456 0.199254 0.238955 0.190815 0.3291 0.229399 0.296446 0.155498 0.251167 0.281286 0.358532 0.218673 0.218503 0.304222 0.379317 0.282477 0.268485 0.270227 0.328718
 0.213433 0.208172 0.254918 0.226654 0.246781 0.346612 0.376807 0.440858 0.176418 0.256672 0.200125 0.248716 0.268896 0.262575 0.405038 0.289719 0.292558 0.214951 0.37412 0.301322
 0.203213 0.273905 0.213456 0.237677 0.304328 0.235274 0.333516 0.324589 0.417948 0.211748 0.174799 0.263472 0.247059 0.293531 0.216602 0.404626 0.211346 0.265866 0.335424 0.297142
 0.22663 0.311132 0.166057 0.233606 0.247489 0.27466 0.402056 0.187303 0.293692 0.307846 0.190539 0.211369 0.253063 0.378166 0.408599 0.263038 0.316077 0.473392 0.295144 0.265972
 0.253994 0.321329 0.126878 0.235897 0.221631 0.247999 0.429526 0.331046 0.264138 0.402362 0.302063 0.213916 0.252607 0.296697 0.255353 0.349036 0.264666 0.358001 0.216842 0.204165
 0.328844 0.210089 0.18685 0.256244 0.253535 0.243414 0.309797 0.191496 0.275276 0.301314 0.384396 0.401286 0.309653 0.41632 0.157817 0.236323 0.174069 0.268995 0.343951 0.445079
 0.293624 0.23563 0.239068 0.163689 0.236911 0.223539 0.358502 0.171601 0.31345 0.396815 0.391433 0.479207 0.421817 0.268134 0.371341 0.165593 0.223744 0.1949 0.25924 0.300445
 0.495178 0.285828 0.322396 0.215979 0.259791 0.104101 0.245294 0.286774 0.283853 0.277041 0.325072 0.287378 0.264254 0.25733 0.348119 0.365302 0.201521 0.220745 0.334196 0.488679
 0.329676 0.289548 0.337391 0.144611 0.210663 0.318623 0.166367 0.308805 0.328957 0.30064 0.315984 0.211463 0.272548 0.365832 0.366334 0.302627 0.504835 0.437604 0.288061 0.239962
 0.446551 0.317543 0.304456 0.28422 0.184302 0.221231 0.291461 0.233181 0.245416 0.232686 0.198973 0.303822 0.356037 0.384422 0.333918 0.247441 0.291271 0.24822 0.257257 0.256553
 0.399329 0.473245 0.305098 0.203943 0.207381 0.191909 0.225379 0.221552 0.327473 0.255468 0.277693 0.360423 0.306662 0.264474 0.28635 0.243326 0.284213 0.275491 0.25919 0.378399
 0.19764 0.459783 0.280734 0.253791 0.274757 0.176682 0.241177 0.281216 0.232556 0.229706 0.395205 0.254005 0.359244 0.230685 0.202943 0.289929 0.300797 0.358253 0.366277 0.254947
 0.18565 0.278667 0.186081 0.19519 0.299983 0.235774 0.38213 0.189469 0.232221 0.250333 0.345415 0.399148 0.269641 0.399687 0.358811 0.138945 0.314618 0.245914 0.281465 0.270947
 0.226054 0.329935 0.278355 0.310309 0.382791 0.363378 0.333289 0.235881 0.241345 0.159293 0.222485 0.25479 0.280659 0.200842 0.287896 0.375364 0.393582 0.335969 0.269207 0.349826
 0.431016 0.359653 0.327458 0.220007 0.150512 0.173049 0.271625 0.309662 0.346708 0.278961 0.328826 0.279136 0.479637 0.321714 0.279577 0.190571 0.335778 0.201552 0.386155 0.216782
 0.180131 0.199191 0.266097 0.233935 0.364973 0.27117 0.270056 0.166172 0.233329 0.26906 0.421812 0.451477 0.393573 0.260042 0.408763 0.243549 0.27602 0.275616 0.183389 0.279961
 0.347426 0.234031 0.258004 0.283441 0.193194 0.270164 0.259641 0.379056 0.193207 0.242869 0.313506 0.375708 0.405097 0.34037 0.321945 0.307719 0.225474 0.167507 0.260854 0.159577
 0.0997888 0.320837 0.316502 0.230204 0.279829 0.274869 0.294569 0.292018 0.232126 0.332601 0.258791 0.231476 0.263881 0.29902 0.428867 0.237325 0.299181 0.401912 0.453864 0.318018
 0.126802 0.290383 0.32426 0.194633 0.275346 0.342371 0.288799 0.28549 0.335836 0.283207 0.313058 0.17559 0.237143 0.340161 0.370325 0.472749 0.328284 0.266099 0.247343 0.21071
 0.359452 0.311246 0.19675 0.253134 0.211152 0.211003 0.27275 0.283663 0.257341 0.294604 0.367669 0.295997 0.253225 0.300045 0.348461 0.271498 0.318709 0.398027 0.222564 0.23363
 0.482522 0.258459 0.273689 0.219762 0.195369 0.222793 0.2771 0.2435 0.32637 0.321256 0.27512 0.25388 0.353548 0.297587 0.391742 0.355157 0.320442 0.261441 0.292679 0.261824
 0.378571 0.222483 0.265721 0.292392 0.201255 0.164914 0.291321 0.308314 0.216996 0.252588 0.303966 0.389126 0.340294 0.339812 0.270438 0.268833 0.246412 0.287617 0.246874 0.252567
 0.433067 0.344503 0.167072 0.356858 0.292545 0.250861 0.211783 0.283926 0.190536 0.193808 0.278168 0.27757 0.366623 0.47294 0.443714 0.606639 0.224982 0.249817 0.224928 0.197034
 0.325537 0.22505 0.247355 0.227828 0.194225 0.339139 0.268753 0.203419 0.315129 0.332991 0.409335 0.306195 0.322975 0.239548 0.265867 0.320761 0.219744 0.280458 0.275638 0.335343
 0.176942 0.316765 0.2334 0.300895 0.137326 0.268954 0.284413 0.394547 0.407168 0.363278 0.490824 0.293788 0.185235 0.27914 0.251098 0.376665 0.304143 0.245353 0.323307 0.295207
 0.266673 0.413905 0.242202 0.30532 0.291553 0.127028 0.276787 0.185558 0.2476 0.34533 0.264076 0.398463 0.265559 0.246706 0.309187 0.230065 0.205647 0.336917 0.273639 0.434394
 0.22198 0.270674 0.213867 0.225209 0.259623 0.194096 0.238884 0.410857 0.359358 0.585056 0.559873 0.35902 0.475555 0.291868 0.215814 0.187938 0.187371 0.272309 0.288751 0.33416
 0.314421 0.316676 0.205278 0.274524 0.177856 0.262039 0.258236 0.295697 0.291699 0.246348 0.250477 0.309425 0.22764 0.232193 0.289653 0.320689 0.307033 0.286159 0.249611 0.295392
 0.485754 0.274617 0.233575 0.227998 0.280828 0.318432 0.245642 0.22271 0.339377 0.115242 0.240399 0.287666 0.372631 0.298498 0.191677 0.234026 0.348896 0.478039 0.244475 0.302028
 0.221716 0.300917 0.275854 0.294619 0.233822 0.160068 0.231486 0.387008 0.324615 0.284839 0.30834 0.367024 0.277476 0.239196 0.177591 0.247563 0.389393 0.333055 0.274913 0.298601
 0.447659 0.262067 0.283139 0.213371 0.275409 0.270269 0.203699 0.273485 0.249697 0.380077 0.439664 0.249059 0.178705 0.277498 0.241979 0.306321 0.274025 0.249743 0.258875 0.281686
 0.482573 0.290128 0.117706 0.261901 0.271949 0.314319 0.284943 0.315227 0.437258 0.358455 0.405165 0.253072 0.206163 0.191645 0.204263 0.329342 0.3447 0.378149 0.430626 0.311199
 0.510807 0.327831 0.354901 0.259982 0.195112 0.189461 0.211005 0.24084 0.194002 0.301031 0.201501 0.366911 0.250241 0.457691 0.329854 0.331752 0.286614 0.210121 0.258332 0.248574
 0.162364 0.197658 0.300178 0.281763 0.32061 0.246661 0.302665 0.373108 0.432945 0.194471 0.270721 0.16674 0.2342 0.324296 0.368212 0.408919 0.270651 0.321526 0.270886 0.266168
 0.312179 0.206922 0.374378 0.277556 0.249258 0.227366 0.185361 0.283546 0.249107 0.271697 0.236729 0.370845 0.263395 0.40308 0.343512 0.340611 0.239205 0.229348 0.367915 0.317812
 0.651247 0.222761 0.213924 0.260809 0.282208 0.291883 0.259279 0.254378 0.297928 0.261841 0.253304 0.22649 0.289866 0.426522 0.365811 0.163713 0.254793 0.307965 0.397984 0.224483
 0.246898 0.191966 0.238489 0.269843 0.272749 0.393139 0.280885 0.250253 0.322122 0.284157 0.306689 0.306221 0.309124 0.238206 0.191153 0.264001 0.397068 0.405548 0.323643 0.297261
 0.46191 0.359559 0.264407 0.245017 0.306658 0.234667 0.205163 0.281048 0.201869 0.250063 0.326488 0.268747 0.415136 0.237026 0.318559 0.168267 0.250882 0.228527 0.300915 0.26668
 0.214468 0.296156 0.285549 0.273074 0.246242 0.275535 0.233658 0.184686 0.285445 0.304128 0.238687 0.277975 0.183569 0.401668 0.400654 0.335718 0.317287 0.192038 0.300834 0.351878
 0.388185 0.242195 0.344427 0.226452 0.199874 0.23419 0.310206 0.275978 0.334183 0.17566 0.228268 0.360359 0.332303 0.306027 0.278079 0.354506 0.247985 0.255173 0.297631 0.365226
 0.211567 0.467089 0.360727 0.293875 0.261434 0.134603 0.201125 0.249544 0.275138 0.255394 0.333943 0.318451 0.241019 0.31121 0.238591 0.287243 0.267772 0.220232 0.459177 0.583812
 0.275183 0.382034 0.16103 0.219183 0.152369 0.177929 0.29208 0.514215 0.769635 0.497746 0.406188 0.322657 0.189147 0.269439 0.307583 0.176279 0.208095 0.28812 0.30318 0.267504
 0.267812 0.290575 0.248912 0.289738 0.237104 0.237068 0.391685 0.154418 0.249874 0.272368 0.394234 0.412902 0.33446 0.246522 0.307308 0.310275 0.204867 0.255593 0.36816 0.232779
 0.316688 0.273779 0.234769 0.24685 0.227226 0.187782 0.328592 0.23917 0.343736 0.278346 0.285867 0.219796 0.322898 0.239451 0.253199 0.267964 0.280507 0.264324 0.33041 0.327494
 0.368862 0.399235 0.237492 0.295246 0.30565 0.183466 0.228739 0.241589 0.261475 0.259813 0.289479 0.331825 0.291193 0.176534 0.218315 0.254765 0.354392 0.459495 0.684221 0.389024
 0.281342 0.318472 0.192503 0.136608 0.231726 0.422415 0.450056 0.389924 0.469242 0.340882 0.303521 0.234211 0.301128 0.179876 0.287378 0.35051 0.158579 0.321252 0.268261 0.211178
 0.488108 0.35145 0.22554 0.291456 0.276994 0.142562 0.229451 0.297026 0.288411 0.356198 0.162442 0.269979 0.290265 0.312227 0.250776 0.361494 0.307217 0.29558 0.242628 0.149339
 0.221902 0.237268 0.212955 0.187251 0.29923 0.351401 0.31424 0.471555 0.312953 0.445779 0.347518 0.308748 0.227648 0.273067 0.213017 0.232406 0.273787 0.289402 0.252311 0.32818
 0.397684 0.447033 0.256222 0.320154 0.128873 0.21319 0.249614 0.272881 0.21316 0.260064 0.291014 0.40691 0.282786 0.334394 0.302151 0.19479 0.303046 0.189146 0.303422 0.280515
 0.308982 0.206493 0.252165 0.237316 0.247047 0.170549 0.179793 0.402693 0.206246 0.347205 0.31549 0.299563 0.419543 0.322202 0.242634 0.312206 0.218775 0.323656 0.386778 0.346471
 0.276185 0.403677 0.270055 0.307725 0.148318 0.288742 0.255275 0.308488 0.246019 0.219822 0.226489 0.295304 0.271338 0.232635 0.298874 0.300997 0.278542 0.267912 0.311938 0.31358
 0.277861 0.242934 0.16382 0.224369 0.281344 0.330186 0.183059 0.211669 0.202602 0.339677 0.395602 0.622702 0.556057 0.446882 0.206199 0.351712 0.17786 0.278386 0.270875 0.319769
 0.344937 0.25912 0.126732 0.247945 0.26149 0.427553 0.162967 0.149958 0.252424 0.330825 0.623164 0.349849 0.474504 0.483465 0.457881 0.22367 0.373384 0.224795 0.31212 0.146639
 0.403553 0.373665 0.161386 0.231611 0.231021 0.295269 0.243864 0.276123 0.267162 0.2974 0.215049 0.342996 0.247649 0.301552 0.156737 0.302179 0.190546 0.285265 0.270486 0.328141
 0.470821 0.24922 0.242043 0.261593 0.238797 0.256488 0.197022 0.232334 0.2335 0.225912 0.243776 0.251596 0.269265 0.327943 0.244567 0.235384 0.261419 0.326673 0.423992 0.443488
 0.181948 0.233348 0.276872 0.272783 0.373353 0.3708 0.253511 0.400457 0.282696 0.269607 0.276411 0.228194 0.171981 0.260191 0.293207 0.26495 0.226749 0.218946 0.282145 0.396232
 0.564688 0.25659 0.228681 0.316439 0.244817 0.122163 0.241119 0.265995 0.232667 0.213954 0.287604 0.359135 0.318172 0.203865 0.161285 0.350006 0.420778 0.459939 0.32606 0.347347
 0.357343 0.256819 0.204474 0.190707 0.278729 0.3356 0.132316 0.254846 0.283242 0.252823 0.360896 0.29561 0.412746 0.413508 0.450821 0.311286 0.338141 0.310205 0.35637 0.198724
 0.162245 0.231914 0.23637 0.270197 0.420744 0.352311 0.261428 0.361682 0.334586 0.242277 0.360049 0.231524 0.267397 0.293755 0.209106 0.217304 0.249319 0.35108 0.307188 0.366377
 0.740285 0.515562 0.321725 0.397317 0.145848 0.257725 0.276775 0.16794 0.288147 0.242599 0.324006 0.398919 0.266287 0.439903 0.38749 0.155673 0.26038 0.319406 0.18006 0.252182
 0.577359 0.49269 0.704981 0.303103 0.352444 0.167638 0.134807 0.230839 0.153548 0.220241 0.234822 0.347851 0.342346 0.347893 0.277318 0.280884 0.346326 0.231941 0.300524 0.268778
 0.437636 0.344183 0.243928 0.235286 0.219925 0.271704 0.239271 0.21134 0.205083 0.294855 0.312578 0.244854 0.199734 0.267354 0.236384 0.39829 0.305826 0.419457 0.645668 0.512562
 0.184779 0.44933 0.170677 0.395027 0.287513 0.418209 0.284842 0.308933 0.219237 0.262301 0.266317 0.236977 0.37869 0.226085 0.262644 0.22398 0.287274 0.203397 0.248648 0.235574
 0.312968 0.363704 0.268406 0.305198 0.302663 0.180569 0.237775 0.221364 0.27335 0.248695 0.32987 0.260751 0.352389 0.20512 0.29556 0.189396 0.181886 0.290443 0.352376 0.355041
 0.324695 0.323581 0.304302 0.291605 0.211663 0.251953 0.247946 0.26473 0.242201 0.291517 0.153245 0.341455 0.314364 0.353216 0.227639 0.265057 0.278611 0.214557 0.322621 0.291522
 0.24951 0.284252 0.305355 0.151346 0.203271 0.265739 0.34211 0.34132 0.20534 0.3105 0.306232 0.231327 0.343236 0.246782 0.348953 0.271217 0.266258 0.268393 0.327675 0.291116
 0.215366 0.265546 0.239487 0.207145 0.229413 0.209288 0.245468 0.25406 0.365768 0.358047 0.249031 0.243867 0.292954 0.215123 0.327828 0.382534 0.200502 0.271471 0.305583 0.498335
 0.268914 0.280924 0.218819 0.148979 0.205013 0.273503 0.435571 0.282637 0.289177 0.376638 0.34608 0.160452 0.343235 0.318764 0.386768 0.277418 0.308345 0.307952 0.410698 0.485956
 0.2219 0.277859 0.289582 0.177615 0.190488 0.236523 0.243212 0.357116 0.456095 0.378354 0.327452 0.220183 0.27064 0.359825 0.211443 0.285204 0.296255 0.263756 0.373958 0.122657
 0.389081 0.363317 0.28613 0.330539 0.097182 0.220932 0.345458 0.345196 0.374826 0.378497 0.257207 0.264663 0.220303 0.237746 0.278591 0.195338 0.238551 0.287002 0.330335 0.355896
 0.29693 0.279573 0.306607 0.224104 0.37296 0.135353 0.208997 0.230984 0.297142 0.288828 0.269099 0.386376 0.244625 0.351782 0.397547 0.212855 0.196363 0.269538 0.317265 0.293321
 0.39476 0.280761 0.32309 0.223931 0.292541 0.264732 0.177684 0.259712 0.274981 0.362956 0.458887 0.376342 0.20953 0.246302 0.22196 0.289076 0.198798 0.240941 0.207435 0.253478
 0.268067 0.400669 0.331555 0.228926 0.229838 0.237107 0.198465 0.190199 0.381651 0.232246 0.190821 0.288292 0.431581 0.362318 0.391418 0.209454 0.245557 0.1486 0.356334 0.271663
 0.29912 0.228151 0.180865 0.307789 0.253644 0.266491 0.184386 0.201159 0.284333 0.273299 0.240964 0.360898 0.448242 0.298781 0.236944 0.235693 0.269391 0.233651 0.286229 0.331281
 0.519212 0.267797 0.347394 0.223418 0.276633 0.245548 0.14488 0.178178 0.268104 0.315543 0.696423 0.635126 0.325169 0.363683 0.364051 0.307308 0.250974 0.216674 0.133324 0.241953
 0.249858 0.325791 0.311835 0.287264 0.245628 0.230994 0.283852 0.284053 0.148805 0.326625 0.223832 0.266091 0.409479 0.458129 0.207299 0.205026 0.17719 0.298709 0.351412 0.338024
 0.338019 0.312569 0.293964 0.228725 0.26693 0.198175 0.204594 0.224874 0.254084 0.344518 0.445455 0.359142 0.295484 0.4048 0.15624 0.346304 0.114291 0.260473 0.291114 0.383685
 0.262957 0.294786 0.317726 0.338581 0.23427 0.352209 0.386324 0.241601 0.237748 0.243684 0.16386 0.240091 0.153229 0.249054 0.254131 0.377081 0.397083 0.334791 0.269307 0.28799
 0.416807 0.49176 0.403104 0.259379 0.209467 0.158658 0.127873 0.251835 0.350584 0.462196 0.363093 0.322612 0.319655 0.177369 0.249983 0.238572 0.301247 0.262838 0.238605 0.214186
 0.52971 0.360174 0.208094 0.192179 0.206193 0.198116 0.242874 0.395301 0.190762 0.307671 0.439788 0.318721 0.453938 0.30708 0.225117 0.363339 0.215173 0.231734 0.282737 0.17321
 0.354928 0.224252 0.123909 0.327607 0.278126 0.400152 0.288118 0.337618 0.221925 0.270392 0.204311 0.283828 0.364136 0.323915 0.315295 0.226797 0.216613 0.237988 0.301188 0.233351
 0.207844 0.29539 0.2979 0.216985 0.189198 0.203039 0.318011 0.224473 0.27451 0.393715 0.384288 0.3682 0.37688 0.715922 0.15676 0.239002 0.23759 0.190348 0.206465 0.209419
 0.219774 0.284694 0.155266 0.394095 0.173035 0.252923 0.475602 0.227294 0.333968 0.303316 0.28395 0.219426 0.258977 0.266136 0.327677 0.346086 0.257826 0.279299 0.259461 0.369633
 0.243712 0.268975 0.249952 0.176346 0.213091 0.253846 0.265176 0.371042 0.441172 0.643059 0.296054 0.331702 0.202591 0.142684 0.245172 0.299842 0.293601 0.230872 0.220969 0.323232
 0.430747 0.185096 0.186426 0.267458 0.37006 0.326756 0.236726 0.251233 0.306208 0.296736 0.249569 0.308826 0.166649 0.236995 0.263609 0.358666 0.377201 0.377999 0.31246 0.367495
 0.18442 0.27492 0.259124 0.187932 0.241209 0.153808 0.38142 0.30755 0.380777 0.344089 0.206362 0.305032 0.257053 0.354709 0.292886 0.244858 0.275345 0.363085 0.344942 0.313236
 0.192502 0.30728 0.2149 0.234918 0.318043 0.201847 0.299543 0.299085 0.226652 0.301251 0.209679 0.30585 0.365243 0.188806 0.255865 0.331658 0.256705 0.302592 0.249397 0.267033
 0.416749 0.489905 0.202384 0.349921 0.220045 0.304167 0.208384 0.212027 0.185601 0.227103 0.269818 0.341285 0.304835 0.22854 0.341026 0.241311 0.26762 0.229081 0.328786 0.400481
 0.189471 0.293719 0.193823 0.240169 0.338194 0.156451 0.212197 0.288572 0.369655 0.34484 0.265819 0.322476 0.154009 0.234129 0.380574 0.578205 0.460581 0.231466 0.363962 0.507145
 0.222455 0.321522 0.250063 0.327099 0.163152 0.210834 0.306162 0.353815 0.245855 0.296301 0.24663 0.205974 0.283483 0.3386 0.228923 0.318015 0.235623 0.24806 0.331039 0.245608
 0.267473 0.289342 0.23215 0.216625 0.187587 0.193441 0.284453 0.256835 0.334226 0.316216 0.308266 0.322562 0.456418 0.399775 0.35039 0.211234 0.202155 0.249057 0.394402 0.206506
 0.457007 0.354006 0.168376 0.163594 0.242024 0.217163 0.369681 0.282488 0.30521 0.295271 0.320793 0.257614 0.252917 0.215425 0.33357 0.279684 0.371598 0.308695 0.27052 0.184669
 0.304203 0.420893 0.217923 0.269968 0.184468 0.240728 0.340367 0.316905 0.361739 0.482091 0.271179 0.208178 0.309868 0.120149 0.266013 0.372737 0.393026 0.369325 0.323427 0.202342
 0.181781 0.251823 0.276976 0.285417 0.260259 0.200517 0.335761 0.324956 0.219486 0.250307 0.288839 0.323836 0.201936 0.211272 0.266792 0.320209 0.401815 0.593846 0.294487 0.467634
 0.478434 1.01426 0.567533 0.549485 0.337911 0.132796 0.288073 0.143657 0.166317 0.210558 0.245933 0.363081 0.339793 0.384741 0.306188 0.354777 0.208306 0.240802 0.289667 0.224321
 0.37945 0.308128 0.148573 0.294497 0.220119 0.179372 0.241838 0.32426 0.484086 0.312353 0.525956 0.427911 0.407084 0.108811 0.263735 0.307543 0.245747 0.17229 0.306454 0.389919
 0.190315 0.2745 0.237893 0.243123 0.314188 0.216994 0.242373 0.38466 0.295298 0.328369 0.180956 0.214176 0.305107 0.354415 0.485306 0.254506 0.321718 0.173256 0.206368 0.27264
 0.256261 0.192165 0.220546 0.340522 0.137166 0.280876 0.287411 0.41312 0.245726 0.325547 0.306362 0.413451 0.199957 0.442568 0.296105 0.245378 0.20985 0.230362 0.273575 0.351811
 0.349528 0.4308 0.211815 0.25684 0.35488 0.153818 0.24486 0.306495 0.449316 0.138665 0.174571 0.253829 0.305479 0.477501 0.243861 0.338611 0.359085 0.161949 0.215027 0.278588
 0.227461 0.299911 0.152121 0.305409 0.270619 0.191752 0.318881 0.286066 0.208154 0.259621 0.294756 0.243648 0.336014 0.326222 0.414815 0.138038 0.206091 0.286297 0.596379 0.479949
 0.302699 0.147959 0.235222 0.205885 0.277332 0.29989 0.379009 0.427382 0.332574 0.32392 0.260305 0.339514 0.220615 0.385108 0.26452 0.283967 0.309427 0.257329 0.174296 0.195583
 0.14748 0.312626 0.293808 0.325592 0.34997 0.19762 0.215378 0.335008 0.278286 0.361347 0.371125 0.299022 0.238942 0.211115 0.198883 0.30591 0.116902 0.291287 0.365977 0.421271
 0.12206 0.272198 0.279185 0.50928 0.40152 0.352306 0.216514 0.242701 0.255716 0.217533 0.261141 0.225807 0.276284 0.21167 0.294442 0.325616 0.519551 0.370797 0.332356 0.481797
 0.462219 0.196938 0.244699 0.42725 0.236917 0.218394 0.206755 0.146743 0.283962 0.288481 0.447949 0.509396 0.403151 0.416231 0.579036 0.408034 0.344453 0.424575 0.218598 0.246133
 0.288819 0.358819 0.229371 0.273341 0.160632 0.224497 0.294798 0.178002 0.208762 0.303677 0.387223 0.256606 0.309702 0.278721 0.343823 0.285746 0.307732 0.389832 0.225254 0.225612
 0.125327 0.278076 0.307352 0.41872 0.290496 0.444444 0.312389 0.403524 0.235456 0.0751887 0.174423 0.294711 0.519824 0.79457 0.918864 0.677432 1.16128 0.112429 0.258291 0.0857653
 0.355817 0.210604 0.25556 0.286277 0.276072 0.266897 0.232136 0.233109 0.237998 0.428873 0.366974 0.211374 0.242891 0.214399 0.376404 0.2734 0.465539 0.22672 0.280557 0.256712
 0.262422 0.357176 0.245634 0.242198 0.216816 0.252683 0.20851 0.360217 0.193766 0.309384 0.242059 0.219433 0.219114 0.211045 0.302288 0.304955 0.262544 0.323099 0.463953 0.291627
 0.324143 0.315721 0.210681 0.156734 0.230409 0.306333 0.294118 0.323583 0.356342 0.296932 0.262059 0.279684 0.218608 0.323468 0.28628 0.333132 0.232246 0.386189 0.232601 0.38703
 0.753423 0.35517 0.203477 0.263497 0.314639 0.226598 0.337851 0.187071 0.17945 0.259466 0.259518 0.344687 0.293123 0.255739 0.281166 0.25245 0.304262 0.267674 0.218107 0.337983
 0.230519 0.386093 0.184797 0.339719 0.203484 0.184453 0.300556 0.360051 0.340249 0.312885 0.346882 0.216871 0.318605 0.191331 0.233036 0.26457 0.350524 0.305592 0.23696 0.28726
 0.349331 0.159344 0.254615 0.241641 0.182268 0.352037 0.313999 0.292872 0.432341 0.126231 0.261239 0.264096 0.504325 0.245395 0.235811 0.28922 0.263938 0.302836 0.284151 0.261901
 0.227883 0.254002 0.209551 0.216422 0.299694 0.267194 0.268422 0.388074 0.37734 0.179703 0.242944 0.256606 0.378488 0.20946 0.374725 0.555887 0.397353 0.225616 0.180877 0.249273
 0.312965 0.284364 0.516094 0.188674 0.268861 0.201565 0.192451 0.190719 0.272096 0.196546 0.327847 0.34639 0.405806 0.401429 0.390952 0.286057 0.296403 0.165308 0.217384 0.308946
 0.411231 0.328541 0.372863 0.215088 0.229115 0.236539 0.24923 0.148019 0.190795 0.249769 0.367699 0.405456 0.405417 0.462798 0.362462 0.212775 0.250627 0.23403 0.326556 0.182308
 0.327733 0.309485 0.182334 0.213889 0.258207 0.238074 0.181294 0.239145 0.319037 0.383051 0.337446 0.307489 0.26749 0.253597 0.300531 0.327248 0.495625 0.280455 0.29956 0.296481
 0.217608 0.347811 0.399326 0.130465 0.216645 0.198852 0.348863 0.336944 0.311586 0.163919 0.476432 0.315631 0.383348 0.261937 0.316096 0.382639 0.424404 0.13239 0.325304 0.15668
 0.275578 0.30447 0.22697 0.216316 0.252509 0.236297 0.294649 0.472987 0.129321 0.226049 0.258438 0.338411 0.420667 0.340108 0.248755 0.322652 0.333707 0.262322 0.242959 0.264646
 0.344705 0.370017 0.28084 0.193561 0.211556 0.226129 0.223533 0.204604 0.299452 0.308481 0.292539 0.248095 0.326972 0.316382 0.323032 0.260907 0.404627 0.31491 0.282325 0.235214
 0.178006 0.296274 0.229955 0.365814 0.252157 0.167376 0.218007 0.344164 0.338414 0.347299 0.419609 0.354237 0.234448 0.252443 0.25099 0.3229 0.293769 0.227828 0.243371 0.230206
 0.358352 0.374834 0.230145 0.418528 0.310714 0.265514 0.0745817 0.25439 0.298193 0.239792 0.250885 0.367304 0.178533 0.268221 0.302103 0.479851 0.358936 0.41678 0.300169 0.231749
 0.32951 0.437569 0.378526 0.188008 0.24302 0.150216 0.283861 0.193039 0.221975 0.23747 0.308632 0.306409 0.515703 0.52421 0.579969 0.474066 0.366446 0.245687 0.195718 0.209564
 0.14994 0.284558 0.237519 0.242507 0.165196 0.271252 0.290989 0.55468 0.381029 0.382129 0.412906 0.496053 0.202258 0.347513 0.0993566 0.228552 0.223288 0.371976 0.380563 0.469744
 0.347074 0.320289 0.256172 0.267779 0.318354 0.18115 0.108571 0.246315 0.331344 0.405576 0.368737 0.500008 0.315645 0.273861 0.265471 0.254146 0.290944 0.29187 0.192515 0.199142
 0.447055 0.334143 0.465251 0.363965 0.212039 0.212336 0.112777 0.274907 0.256095 0.315973 0.318331 0.331072 0.318938 0.276794 0.244349 0.318117 0.214576 0.230216 0.303273 0.378645
 0.202353 0.352351 0.156914 0.274024 0.195289 0.306216 0.252458 0.247632 0.276217 0.61907 0.15021 0.342231 0.254112 0.307474 0.390394 0.203156 0.333108 0.428931 0.293056 0.275237
 0.127281 0.217864 0.294559 0.492889 0.281057 0.356495 0.213066 0.265626 0.321458 0.307669 0.312183 0.348429 0.337582 0.317322 0.319392 0.195135 0.264773 0.266263 0.223069 0.310554
 0.286603 0.298812 0.311121 0.281586 0.175103 0.265466 0.300057 0.312669 0.167771 0.32159 0.306558 0.332315 0.364579 0.301035 0.180557 0.416182 0.261855 0.171531 0.241205 0.273522
 0.365565 0.284727 0.374124 0.202774 0.29069 0.116915 0.250469 0.292542 0.270626 0.397088 0.260598 0.237295 0.167011 0.291796 0.307125 0.355036 0.308285 0.407387 0.380777 0.241561
 0.37285 0.294244 0.281085 0.16436 0.181237 0.227478 0.249408 0.292621 0.433111 0.264994 0.342453 0.24202 0.278051 0.295168 0.193432 0.199385 0.255831 0.314901 0.417647 0.322282
 0.174284 0.287256 0.269394 0.303436 0.173535 0.212846 0.342483 0.247361 0.290577 0.329683 0.265081 0.227493 0.248513 0.390268 0.40058 0.575281 0.437978 0.367464 0.330714 0.428594
 0.461833 0.197705 0.328756 0.237294 0.223237 0.220641 0.283812 0.271397 0.287908 0.156372 0.350114 0.30713 0.15359 0.264427 0.321267 0.348976 0.512259 0.340861 0.450124 0.250081
 0.2772 0.210108 0.241742 0.222145 0.171988 0.23853 0.302773 0.421111 0.233953 0.242591 0.31039 0.348794 0.284312 0.266826 0.208202 0.286095 0.357773 0.402643 0.264667 0.399733
 0.26324 0.369522 0.258981 0.238054 0.325075 0.257877 0.22459 0.234191 0.324921 0.376026 0.296466 0.181053 0.255514 0.266629 0.303355 0.180642 0.268421 0.440875 0.32185 0.316262
 0.401356 0.266719 0.240163 0.178976 0.255118 0.392614 0.223721 0.158997 0.275703 0.34216 0.274708 0.264034 0.128852 0.336636 0.412281 0.299771 0.250985 0.237426 0.330146 0.496656
 0.440054 0.312587 0.254119 0.269326 0.30834 0.200662 0.163857 0.183703 0.292219 0.457804 0.5127 0.363911 0.17257 0.186652 0.218571 0.303415 0.471377 0.27727 0.464036 0.346956
 0.105506 0.329514 0.285301 0.158931 0.282666 0.219264 0.266095 0.39547 0.451884 0.521971 0.288858 0.305063 0.210569 0.198524 0.165474 0.218265 0.358253 0.934274 0.629056 0.673089
 0.184277 0.143468 0.289077 0.305136 0.220972 0.313879 0.376373 0.328684 0.379066 0.222552 0.233977 0.353059 0.336077 0.588546 0.201031 0.382883 0.113398 0.245038 0.267183 0.338348
 0.274833 0.284214 0.208265 0.227953 0.313442 0.322512 0.173676 0.247231 0.292756 0.187504 0.269832 0.237571 0.228997 0.284315 0.236649 0.405656 0.328529 0.455321 0.508163 0.333791
 0.615093 0.339834 0.299542 0.197353 0.208087 0.152205 0.200092 0.219565 0.280507 0.331527 0.374981 0.224152 0.343689 0.320825 0.247041 0.380282 0.414204 0.316143 0.478459 0.188719
 0.345644 0.297318 0.140667 0.218954 0.317022 0.361223 0.344822 0.210105 0.211252 0.281473 0.326293 0.532595 0.448518 0.144014 0.288436 0.245256 0.261638 0.308349 0.263329 0.394944
 0.415445 0.264689 0.292821 0.258721 0.170096 0.19255 0.270432 0.29456 0.229201 0.316383 0.262281 0.239835 0.34669 0.434482 0.405604 0.375928 0.250398 0.26869 0.226643 0.328807
 0.203817 0.293294 0.16864 0.299352 0.203672 0.177648 0.266207 0.331276 0.385614 0.268973 0.31695 0.399185 0.343855 0.154025 0.253645 0.294509 0.351445 0.457866 0.299802 0.293211
 0.453259 0.16124 0.294031 0.295155 0.335842 0.232918 0.326572 0.368352 0.321727 0.262016 0.173496 0.285408 0.223449 0.248691 0.239256 0.289917 0.287274 0.211327 0.242467 0.29872
 0.304478 0.254163 0.226848 0.179043 0.232046 0.259735 0.247542 0.32685 0.26947 0.411029 0.368557 0.348164 0.169959 0.2343 0.303752 0.251982 0.304159 0.32871 0.262799 0.345403
 0.223092 0.271109 0.306087 0.240841 0.189078 0.334639 0.320175 0.277387 0.300024 0.217267 0.391689 0.303861 0.358448 0.221598 0.264035 0.237028 0.180287 0.180821 0.218288 0.323896
 0.409992 0.261787 0.176698 0.268117 0.293558 0.312463 0.218736 0.276347 0.22019 0.110235 0.224795 0.253481 0.357724 0.784643 0.92628 0.262058 0.299371 0.311279 0.298597 0.404985
 0.258393 0.355335 0.30434 0.142488 0.226598 0.257996 0.170474 0.220857 0.323631 0.248803 0.370251 0.329267 0.434319 0.207108 0.266602 0.305985 0.308007 0.224762 0.203339 0.27946
 0.282706 0.32857 0.21092 0.255746 0.226321 0.245692 0.19934 0.274037 0.337157 0.25976 0.218994 0.232591 0.333225 0.267424 0.379876 0.466209 0.342363 0.306327 0.291133 0.11586
 0.200891 0.262553 0.177598 0.32171 0.29667 0.237698 0.313269 0.307696 0.307419 0.222145 0.372553 0.307083 0.493005 0.206373 0.309803 0.252695 0.190665 0.182917 0.237883 0.310955
 0.256794 0.309769 0.308392 0.295363 0.227753 0.240716 0.21841 0.306505 0.132215 0.23585 0.308906 0.237518 0.20257 0.26286 0.302148 0.290931 0.488094 0.21404 0.378651 0.261356
 0.288443 0.193795 0.305402 0.266996 0.279634 0.339022 0.415998 0.332605 0.346277 0.257286 0.287201 0.15911 0.150118 0.293319 0.237451 0.405644 0.52047 0.518293 0.351141 0.306321
 0.287607 0.2762 0.111502 0.205686 0.294664 0.330331 0.349322 0.510924 0.197785 0.325839 0.312465 0.275831 0.372752 0.281442 0.207779 0.317986 0.269011 0.393196 0.295228 0.35648
 0.296725 0.203747 0.263042 0.230618 0.239299 0.220947 0.182523 0.245792 0.36878 0.392969 0.310406 0.303775 0.356796 0.308155 0.255704 0.44332 0.148555 0.245665 0.274624 0.38428
 0.415772 0.144063 0.260452 0.214138 0.292547 0.210152 0.245904 0.280521 0.224056 0.335716 0.408687 0.14431 0.301938 0.335888 0.34072 0.359782 0.438983 0.545645 0.387634 0.484295
 0.300054 0.342247 0.33182 0.297967 0.155415 0.209569 0.257439 0.111363 0.233559 0.308603 0.539752 0.24479 0.445772 0.64863 0.519418 0.1567 0.308246 0.282833 0.233336 0.253635
 0.311116 0.227399 0.244625 0.310241 0.40047 0.252167 0.317693 0.165878 0.27459 0.311923 0.258415 0.344942 0.207845 0.222106 0.278867 0.186052 0.231382 0.289042 0.29511 0.284235
