 0.296833 0.393446 0.490046 0.558034 0.505083 0.512671 0.550824 1.12911 1.67048 1.1184 0.460189 0.28945 0.225787 0.699208 0.979059 0.990949 0.940597 0.807718 0.632166 0.788449
 0.29662 0.370193 0.670686 0.603973 0.444982 0.598492 0.566113 0.670945 0.721305 1.41139 1.17337 0.567313 0.410466 0.460594 0.476757 0.69619 0.50156 0.669057 1.16616 1.29571
 0.285693 0.200772 0.284219 0.935213 1.33821 1.31258 1.11704 0.646989 0.358314 0.489412 0.364407 0.765329 0.921291 1.44481 0.961026 0.507269 0.320253 0.472426 0.442598 0.67135
 0.319852 0.72649 0.68594 0.921735 0.822015 0.59781 0.472112 0.58682 0.945106 0.618182 0.389797 0.780347 0.908874 0.761053 1.17447 1.53611 0.956932 0.425344 1.32131 1.01381
 0.323609 0.972127 0.909386 0.711149 0.616556 0.40162 0.415659 0.426279 0.545398 0.48484 0.601894 0.775185 1.37437 1.0963 0.618706 0.403237 0.494717 0.32691 0.182956 0.303673
 0.313693 0.839391 1.00659 1.15782 1.18053 0.709546 0.379234 0.582448 0.423151 0.584409 1.0322 0.724586 0.750023 0.763541 0.707691 0.556671 0.702286 1.18823 1.07972 0.68396
 0.283008 0.37737 0.639199 0.588562 0.872047 0.574775 0.383754 0.703493 1.47258 1.16854 0.499136 0.227666 0.749407 0.573011 0.393233 0.470483 0.346048 0.404384 0.5979 0.598324
 0.306217 0.653983 1.05089 1.20176 0.690712 0.699505 0.536207 1.18108 1.17021 0.981026 1.14642 1.2145 0.836474 0.409088 0.748077 0.562313 0.470923 0.570446 0.485628 1.04016
 0.30954 1.82316 1.58823 0.717637 0.379442 0.541428 0.554367 0.439233 0.660454 1.63061 0.930835 0.28726 0.19461 0.682601 0.671953 0.594651 0.361428 0.607661 0.531556 0.705483
 0.307164 0.916744 1.36076 1.34694 0.783592 0.485869 0.49656 1.00718 0.9484 0.491381 0.274666 0.2856 0.285206 0.387127 0.29655 0.237055 0.337285 0.292181 0.529613 1.00088
 0.315927 0.213797 0.296804 0.325118 0.576808 0.698819 1.04586 0.891323 0.842496 0.848623 0.621568 0.452181 0.476247 1.08569 1.16843 0.987352 0.737137 0.507248 0.431822 0.339822
 0.277648 0.342544 0.347593 0.640875 0.803257 0.755502 0.76701 0.786475 0.850868 0.908323 0.620297 0.249228 0.191373 0.180582 0.115762 0.0686427 0.27049 0.30992 0.409964 0.405198
 0.306236 0.259744 0.465895 0.42639 0.547092 0.46369 0.582803 0.866476 1.89931 1.66087 0.923774 0.542862 0.458701 0.314755 0.951549 0.650175 0.420425 0.43932 0.435544 0.462134
 0.288699 0.361399 0.439864 0.578476 1.06396 0.887168 0.569547 0.751423 0.534004 1.11955 1.05152 1.81216 1.55045 0.629995 0.381295 0.403447 0.373921 0.481611 0.371274 0.26182
 0.309091 0.455071 0.658731 1.34653 0.982112 1.13455 1.06635 0.709489 0.614131 0.435187 0.596293 0.5998 0.871422 0.630682 0.446491 0.441647 0.986138 0.969285 0.485471 0.421304
 0.32134 0.921706 1.27261 1.17925 0.712191 0.345381 0.245383 0.593723 0.714266 0.70094 1.17156 1.22128 0.706846 1.28922 0.970221 0.405646 0.454637 0.597086 0.685307 0.366965
 0.315059 0.405524 1.20298 1.02206 0.735881 1.53704 1.56631 0.875895 0.62141 0.373188 0.327481 0.804976 0.909223 0.547078 0.509943 0.680724 0.464563 0.486684 0.680307 0.728272
 0.326112 0.624431 0.46863 0.355829 0.362596 0.53329 0.884387 0.793688 0.708229 0.582855 0.485116 0.491797 0.99273 1.19323 0.876549 0.560411 0.639115 0.433795 0.507464 0.496281
 0.318494 0.727258 0.607687 0.562305 0.538491 1.04761 1.18854 0.824571 0.43607 0.603958 0.765831 0.519526 0.744489 1.78028 1.13887 0.394991 0.231217 0.36457 0.807366 0.647777
 0.300264 0.66675 0.492259 0.450172 0.533871 1.06992 1.1836 0.674236 0.389593 0.642707 0.995597 1.64066 1.20865 0.71628 0.375046 0.338633 0.384559 0.830118 0.857791 0.631425
 0.246728 0.195185 0.276497 0.656506 0.869141 1.05182 0.801025 0.990608 0.709504 0.67536 0.63018 0.527954 0.366739 0.304664 0.272741 0.578201 1.47463 1.4485 0.895748 0.734686
 0.321226 0.748887 1.1198 2.00389 1.24432 0.546933 0.36752 0.533805 0.512505 0.248417 0.649943 0.725691 1.21704 1.18174 0.735147 0.46297 0.811847 0.552339 0.258924 0.356526
 0.309782 0.848508 1.16959 0.764084 1.07452 1.07993 0.67545 0.603907 0.514684 0.344804 0.302267 0.296405 0.311439 0.489708 0.638996 0.835523 0.567097 0.482058 0.896614 0.960709
 0.319331 0.626968 0.654511 0.951164 0.828813 0.742014 0.524535 0.52716 0.612688 0.541081 0.611936 0.593221 0.628367 0.627009 0.781538 0.984318 0.817543 0.519701 1.33714 1.41247
 0.32631 0.480763 0.640786 1.66166 1.57369 0.843008 0.511994 0.592075 0.957068 0.747601 0.76779 0.841373 0.5071 0.504277 0.861978 0.975998 1.1839 0.655641 0.325997 1.03476
 0.320558 0.263357 0.299746 0.457355 0.542683 0.485497 0.441459 0.780662 1.11657 0.664887 0.416219 0.643396 1.12323 1.51657 1.41153 0.783448 0.366521 0.362397 0.293072 0.43776
 0.310009 0.938191 0.75426 0.501574 0.493853 0.46337 0.861567 0.736745 0.457366 0.467005 0.564345 0.586091 0.502868 1.28984 1.13058 0.582098 0.325211 0.440688 0.406548 0.524125
 0.311685 0.415978 0.37429 0.689118 0.834824 0.756479 0.56776 0.510605 1.22543 1.00192 0.945561 0.679263 0.42261 0.668738 0.791904 0.509653 0.449173 0.575616 0.971498 1.08829
 0.281304 0.309677 0.701277 1.08235 0.955859 0.579465 0.508349 0.955647 0.657129 0.456612 0.778187 0.796026 0.653549 0.70645 0.583187 0.589553 0.635565 0.963635 0.775441 0.475624
 0.318255 1.34793 1.23558 0.828924 0.4199 0.301516 0.410769 0.245967 0.500161 0.582616 0.468322 0.590271 0.572765 0.907434 1.48629 1.0926 0.528702 0.336772 0.213274 0.577
 0.311709 0.803236 1.89657 1.55722 0.561397 0.402076 0.957892 0.701138 0.465391 1.15778 0.791428 0.593446 0.505839 1.12912 0.759963 0.649648 0.551824 0.555407 0.542435 0.525881
 0.30483 0.302776 0.29371 0.414526 0.320695 0.283034 0.527121 0.642656 0.621423 0.523742 0.6453 1.19229 1.22166 0.695002 0.544381 0.538485 0.449602 0.451983 0.825396 0.640315
 0.301493 0.516671 0.649969 0.537223 0.324593 1.10473 0.98521 0.479744 0.43094 0.472378 0.434582 0.813592 1.22448 1.28879 0.913236 0.899239 0.763212 0.661203 0.437539 0.47366
 0.313489 0.715737 0.710127 0.6126 0.384691 0.397173 0.308924 0.312559 0.427696 0.472105 0.6745 0.692864 0.917529 1.50376 1.02895 0.701668 0.4917 0.494758 0.938022 0.732993
 0.260124 0.266168 0.496181 0.496677 0.633183 0.94973 0.64772 0.785859 1.00218 0.593709 0.329813 0.542784 0.592735 1.04187 1.16597 0.721824 0.394288 0.545576 0.295828 0.21546
 0.301036 0.450634 0.950005 0.98238 0.944066 0.892255 0.715977 1.34889 1.09362 0.507951 0.464728 0.76745 1.27256 0.891174 0.514721 0.451349 0.620121 0.378609 0.228562 0.421872
 0.309486 0.466277 1.36121 1.16951 1.19372 0.927552 1.06341 1.38091 0.735999 0.47406 0.389993 0.440095 1.38551 1.14847 0.5122 0.35604 0.273102 0.267538 0.450714 0.436277
 0.310727 1.34199 0.910862 0.504897 0.735054 0.856523 1.93801 2.05376 0.951701 0.366308 0.182319 0.290465 0.18655 0.275363 0.507158 0.52064 0.476984 0.626623 0.480072 1.08975
 0.297001 0.318669 0.593316 0.548814 0.590728 0.419378 0.303143 0.390555 0.702041 0.628748 0.673504 0.522737 0.628166 0.968047 0.883705 0.767484 0.527431 0.539291 0.536586 0.514981
 0.315282 0.573915 1.27294 0.938756 0.51738 0.623773 0.699624 0.560326 0.634793 0.621974 0.800284 0.584874 0.539177 0.799652 0.969753 0.762169 0.483332 0.50607 1.28125 2.09251
 0.267912 0.308991 0.588506 0.472644 0.590727 1.05304 0.910021 0.687666 0.561352 0.542559 0.404104 0.481255 1.08364 0.694455 0.344853 0.277303 0.16905 0.18428 0.34661 0.761975
 0.305243 1.12869 0.958906 0.996673 0.859173 0.600629 0.817234 0.584574 0.422674 1.27594 1.00721 0.62147 0.48398 0.517601 0.661668 0.565874 0.499415 1.55096 1.3007 0.591999
 0.319987 0.606462 0.406376 1.06213 0.966317 0.609163 0.532224 0.706158 0.627942 0.541793 1.69344 1.42265 0.762054 0.449125 0.229453 0.300332 0.275618 0.274708 0.337577 0.324295
 0.296721 0.350235 0.473989 0.752225 0.782201 0.908428 0.621034 0.604411 0.562802 1.43576 1.24116 0.719468 0.488311 0.889332 1.03979 0.744985 0.615342 0.469348 0.759504 0.754037
 0.305941 0.961642 0.924161 0.666603 1.03064 0.703139 0.430505 0.395868 0.282937 0.794969 0.902695 1.08827 1.01707 0.716483 0.633653 0.426253 0.552589 0.902407 0.753851 0.569014
 0.314403 0.71259 0.828139 0.82025 0.747146 0.64315 0.694145 0.533412 0.394579 0.420641 0.723573 1.14669 0.819572 0.826639 0.807865 0.752526 0.450152 0.830307 0.950308 0.615976
 0.306338 0.641817 0.548751 0.98573 1.15839 0.794156 0.568033 0.496788 0.831861 0.872071 0.672262 1.05413 1.30686 1.01393 0.650681 0.292254 0.607327 0.552459 0.347401 0.586947
 0.311231 0.489303 0.512708 1.32194 1.27127 1.2027 0.645809 0.374209 0.733078 0.556535 0.452928 0.542237 0.881659 0.706299 0.554955 0.609907 0.496503 0.513477 0.470366 0.760982
 0.282983 0.490226 0.768591 0.96744 0.787485 0.955968 0.740104 0.582825 0.974221 0.878322 0.672337 0.438609 0.332993 0.465125 0.299151 0.904745 1.12045 1.41025 0.834512 0.498001
 0.302203 0.489654 0.682069 0.770327 1.26883 1.3644 0.841769 0.393905 1.07114 0.876089 0.574497 0.296564 0.252862 0.323506 0.476361 0.380917 1.02302 0.874112 1.00397 0.738166
 0.292138 0.201841 0.470213 0.384335 0.635422 0.659237 1.82675 1.40326 0.62596 0.752526 0.840473 0.677295 0.779397 1.03878 0.748723 0.500497 0.57369 1.14254 0.998849 0.593461
 0.285672 0.512193 0.415229 0.295566 1.15044 1.08089 0.727249 1.08295 0.681772 0.573096 0.767776 0.574469 0.968575 0.723688 0.548306 0.399001 0.364554 0.264301 0.209454 0.499677
 0.277337 0.246426 0.394081 0.368205 0.501625 0.768328 0.768632 0.591864 0.652473 0.876537 0.892049 1.04759 0.732167 0.482117 0.356628 0.460457 0.604748 0.811761 0.756554 0.749429
 0.284034 0.274499 0.233163 0.348492 0.604054 0.877895 1.20777 0.947469 0.802191 0.641819 0.9717 0.745475 0.504363 0.465786 0.715654 0.583955 0.822784 0.725214 0.6022 0.519554
 0.320281 0.516373 0.422053 0.437101 0.624366 0.543038 0.786426 0.774768 0.882273 0.841067 0.737479 0.561709 0.518299 0.688739 0.700049 1.23856 0.889757 0.538132 0.365302 0.445213
 0.314325 0.835472 0.837315 0.841841 1.1644 1.16954 0.636638 0.394152 1.21485 1.40298 1.01681 0.451627 0.422719 0.638285 0.505495 0.430689 1.18027 1.03103 0.672333 0.698163
 0.316546 0.629066 0.554689 0.529076 0.369303 0.283938 0.297616 0.345385 0.476546 0.65336 1.03779 1.2691 0.809032 0.591236 0.954879 0.842092 0.548391 0.342197 0.585684 0.526345
 0.270757 0.277195 0.354682 0.340267 0.654766 1.33997 1.47189 0.951841 0.404145 0.597256 0.771141 0.569331 0.530192 0.356235 0.37636 0.461921 0.818551 0.644693 0.711344 0.533881
 0.298793 1.27544 0.916009 0.852927 0.715154 0.502948 0.558163 0.643337 1.6623 1.54088 0.772691 0.32344 0.267995 0.396516 0.684859 0.574876 0.578528 0.56717 0.462746 0.901597
 0.284909 0.432828 0.681761 0.517312 0.554073 0.921592 0.670553 0.462415 0.407863 1.00976 0.859252 0.492484 0.34478 0.245238 0.405478 0.500066 0.433736 0.67449 0.89826 0.82834
 0.320819 1.42307 0.987762 0.511632 0.711819 0.894646 0.846688 0.544654 0.779456 0.786484 0.518103 0.725173 1.15823 0.915777 0.448433 0.416768 0.747081 0.644604 0.367544 0.29528
 0.317093 1.28791 0.902509 0.528704 0.969836 0.676693 0.632561 0.790163 0.533864 0.498112 0.560346 0.581436 1.17389 1.0019 0.562672 0.31709 0.252929 0.404369 0.557722 1.03059
 0.291048 0.391627 0.401345 0.761321 0.845294 1.0196 1.00374 0.586105 0.687006 0.857306 0.746359 0.399516 0.578223 0.743255 0.623647 0.473017 0.550644 0.460273 0.32994 0.642967
 0.278277 0.213415 0.486947 0.644239 0.784522 1.07629 0.840028 0.546864 0.888566 0.562319 0.542337 0.743941 0.473632 0.484888 0.464761 0.34608 0.357297 0.37188 0.5239 0.481077
 0.283312 0.358796 0.642743 0.53695 0.612896 1.15584 1.15434 0.824899 0.658767 1.00757 1.1141 0.715666 0.421886 0.514215 0.495096 0.572669 1.00099 0.726835 0.690297 0.756028
 0.262615 0.302978 0.386549 0.693075 0.523507 0.374859 0.637279 0.698159 0.708517 0.949313 1.2067 1.02032 0.795841 0.400395 0.326074 0.235085 0.243096 0.625175 0.68654 1.04702
 0.308991 0.389218 0.681882 0.898395 0.949285 0.792473 0.702641 0.667678 0.966531 0.727352 0.45349 0.419817 0.470124 0.453762 0.765528 0.666757 0.46836 0.671516 0.819695 0.515442
 0.315407 0.76039 0.952954 0.561494 0.580935 1.27444 1.18732 0.72034 0.381121 0.31374 0.330813 0.308365 0.667302 0.838501 0.737585 0.556463 0.36431 0.45329 0.54446 0.575775
 0.323552 0.397455 0.38962 0.593013 0.502558 0.401893 1.05347 0.985813 1.14912 0.904771 0.609008 0.72616 0.520529 0.672238 0.851117 0.715558 0.917487 1.11129 0.800731 0.664227
 0.330403 0.544562 0.836629 0.995045 0.983608 0.901475 1.14098 0.931341 0.505727 0.306735 0.276025 0.20413 0.256439 0.226344 0.285269 0.503605 0.992694 0.878692 0.713291 0.638134
 0.300115 0.401804 0.457065 0.63531 0.736064 1.1672 0.939662 0.580189 0.519287 0.684494 0.999872 0.773616 0.760802 0.911135 1.16213 0.751172 0.566455 0.55723 0.840807 0.955075
 0.268864 0.240218 0.531754 0.697069 0.692915 0.50979 0.452665 0.501431 0.707369 0.609002 1.73306 1.62595 0.794194 0.565491 0.416573 1.83311 1.54655 0.613644 0.2779 0.819112
 0.31615 0.685529 0.572231 0.567085 0.506455 0.722811 1.40589 0.929292 0.424675 0.444568 0.696885 0.60673 0.353168 0.705884 0.692503 1.33419 0.925223 0.412957 0.424398 0.664818
 0.258006 0.326087 0.466503 0.493193 0.712503 0.625151 0.540815 0.721323 0.942706 0.56055 0.339644 0.341842 0.586139 0.887435 0.99238 0.818102 0.600123 0.583231 0.829667 0.891601
 0.276252 0.226338 0.401589 1.39741 1.15417 0.660521 0.522525 0.659638 0.550003 0.328334 0.309557 0.410017 0.453206 0.823256 1.40226 0.973192 0.63182 0.386078 0.39302 0.355829
 0.265392 0.229841 0.307686 0.305434 0.473563 0.792709 1.0662 0.994194 0.774639 1.19449 0.83052 0.954368 0.960276 0.620354 0.428319 0.486866 0.652272 0.530898 0.894256 1.16025
 0.318608 0.948065 1.29328 1.01917 0.558998 0.471619 0.745397 0.660847 0.416064 0.438536 0.704757 0.774683 1.18049 1.21931 0.751675 0.315763 0.407671 0.721574 0.531655 0.543547
 0.297461 0.508817 0.631736 0.49135 0.547916 0.561494 0.856593 1.00465 0.961227 0.687039 0.794316 0.826688 0.546495 0.616509 0.435265 0.351122 0.509361 0.728254 0.671624 0.428597
 0.246334 0.148511 0.564975 0.749858 0.782348 0.517238 0.426089 0.652508 0.556999 0.557457 0.761928 0.617579 0.732325 0.579977 0.331129 0.358252 1.0169 0.97152 0.505713 0.376467
 0.312517 0.592153 1.04723 1.00824 0.756385 0.541191 0.479902 0.595165 0.708004 0.726971 0.510751 0.469493 0.616758 0.432692 0.652539 1.07426 0.750303 0.464903 0.277544 0.370788
 0.26943 0.257622 0.347192 0.410786 0.56662 0.499574 0.515639 0.642461 0.735057 0.878006 0.764883 0.630792 0.478292 0.365322 0.61997 0.598748 1.24306 1.2707 0.85395 0.672333
 0.30664 0.736353 0.559337 0.511446 0.575491 0.825299 0.656431 0.638535 1.10783 0.843926 0.673064 0.887788 0.691207 1.05195 0.730806 0.349065 0.38912 0.755607 1.04963 0.587343
 0.285118 0.346761 0.471357 0.473248 0.722653 0.985562 0.752638 0.489402 0.608089 0.498291 1.28332 0.930412 0.488075 0.472516 0.462708 0.625524 0.452901 0.755892 0.719363 0.487455
 0.324151 0.49034 0.399967 0.297276 0.431732 0.445536 1.28916 1.30802 0.97766 0.867074 0.712189 0.614326 0.779837 0.882894 0.805999 0.729 0.811274 1.31701 0.78485 0.338859
 0.311588 0.420033 0.39608 0.900129 1.13574 2.34802 1.87015 0.735351 0.276117 0.118464 0.467721 0.397494 0.656561 0.823068 0.708463 0.390365 1.19241 1.19872 0.855292 0.806893
 0.309776 0.540624 0.541384 0.710341 0.497582 0.729093 0.648581 0.363406 0.871079 1.24555 0.660732 0.396145 0.342587 0.515861 0.714953 0.618018 0.469275 0.674622 0.722864 0.486301
 0.29489 0.466233 0.552485 0.749368 0.672118 0.835638 0.973492 0.90105 0.706823 0.537656 0.588885 0.703906 1.00826 0.822275 0.880235 0.918267 0.642788 1.02788 0.911409 0.521177
 0.292143 0.340445 0.290847 0.547202 0.429455 0.35068 0.878963 0.89235 0.694741 0.500227 0.581986 0.642399 0.487337 0.610636 1.1063 1.40447 0.896039 0.414535 0.233897 0.197388
 0.324976 0.391984 0.507279 0.929297 1.99465 1.09254 0.448625 0.246399 0.309244 0.368535 0.528458 0.512532 0.551935 0.551912 0.809447 0.700787 0.475283 0.879088 0.671526 0.874405
 0.276343 0.218671 0.380401 0.534197 0.479843 0.4007 1.22479 0.989031 0.540594 0.589251 0.450468 1.22222 1.01856 0.65227 0.469581 0.707992 0.552485 0.726134 0.53944 0.779214
 0.304032 0.814615 0.86853 1.20074 1.12706 0.593533 0.564886 0.518826 0.287461 0.430507 0.317195 0.268971 0.485134 0.517664 0.51499 0.898763 0.698231 0.56873 0.585012 0.661283
 0.294865 0.270604 0.235594 0.483951 0.452302 1.00943 1.13347 0.736064 0.7748 0.981952 1.00312 0.673409 0.391002 0.495782 0.608627 0.612666 0.969637 0.827667 1.03002 0.665784
 0.295957 0.458109 0.839512 0.75711 0.752122 0.825034 1.72531 1.38461 0.72622 0.984138 0.687751 0.893343 0.717536 0.404578 0.476741 0.765437 0.884144 0.811495 0.487845 0.353411
 0.312013 0.40882 0.34431 0.445549 0.454265 0.89526 0.819356 0.664625 0.596086 0.606179 0.91514 1.11729 0.719357 0.67184 1.00711 0.806788 0.469865 0.852109 0.839545 0.420283
 0.301344 0.56022 0.634176 1.34795 1.05438 0.622293 0.584681 0.935681 1.70861 1.52667 0.686874 0.344384 0.215285 0.23466 0.40899 0.646344 0.791365 0.961059 0.59433 0.524706
 0.281105 0.407698 0.574191 1.46788 1.25611 0.491893 0.433387 1.00447 2.30272 1.57275 0.516813 0.163542 0.459599 0.387729 0.274484 0.434917 0.382078 0.372047 0.490418 0.557968
 0.285672 0.289648 0.325849 0.943968 0.793998 0.618462 0.765191 0.629885 0.50417 0.578295 0.68696 0.756405 0.706788 0.618413 0.472102 1.0903 1.01508 1.30992 0.88995 0.748063
 0.253593 0.285658 0.49311 0.648008 0.575085 0.625521 0.559997 0.974564 0.755091 1.00205 0.998441 1.18674 0.915422 0.869816 0.646988 0.699983 1.42938 1.08109 0.483972 0.31194
 0.32147 0.804291 0.962694 0.718056 0.598469 0.415501 0.378886 0.511322 0.365524 0.402363 0.574214 0.57265 0.512011 0.86446 0.918532 0.795871 0.500724 0.922073 1.08214 0.675157
 0.250765 0.184341 0.502306 0.594357 0.48363 0.534722 1.32197 1.13851 0.659122 1.02267 1.15275 0.797894 0.513519 0.727534 1.24428 1.57093 0.862126 0.328781 0.312578 0.554777
 0.283745 0.406698 0.541071 0.8004 1.23824 0.793979 0.453858 1.38276 1.34943 0.768913 0.923266 0.643573 0.585041 0.388033 0.404106 0.294522 0.419151 0.373883 0.354502 0.292333
 0.314516 1.00704 1.11572 0.905979 0.648001 0.365542 0.473692 0.608923 0.494772 0.422795 0.482646 0.547251 0.626857 0.568539 0.569177 0.719789 1.14418 0.826883 0.463367 0.562144
 0.228532 0.10287 0.203514 0.254388 0.270223 0.72614 0.579038 0.412381 0.800971 0.672814 0.597121 0.486724 0.382012 0.387708 0.259741 0.328471 0.800244 0.70959 0.517638 1.01881
 0.248037 0.174619 0.13766 0.0896313 0.276215 0.268525 0.515978 0.949629 1.07418 1.23038 1.3383 0.948454 0.651401 0.569077 0.466966 0.75622 0.766943 0.514733 0.785237 0.616894
 0.266735 0.252424 0.375225 0.525701 0.661692 0.809354 0.610398 0.770668 0.856944 1.13993 0.839006 0.568622 0.797844 1.22544 1.33889 0.898115 0.610786 0.627705 0.29293 0.182684
 0.319519 0.605041 0.48496 0.573221 0.563098 0.371696 0.25985 0.50853 0.392506 0.670242 0.588381 0.58255 0.473513 0.442289 0.557936 0.697669 0.777619 0.718166 1.04333 0.825069
 0.288693 0.452585 0.351503 0.413422 0.41421 0.491551 0.758265 0.70824 0.79863 0.817961 0.644553 0.510624 0.609294 0.552266 0.81721 0.795093 1.30877 1.4975 0.800159 0.541996
 0.292585 0.398356 0.468673 0.412736 0.473094 0.685408 0.51621 0.615006 0.597905 0.678399 0.661369 1.10636 0.66804 0.398031 0.577765 0.870923 0.821753 0.720281 0.878104 0.657326
 0.316604 0.514878 0.597143 0.489486 1.49905 1.32882 0.647316 0.488032 0.529119 1.05701 0.763921 0.61932 0.710834 0.749219 0.611996 0.549351 0.701613 0.729785 0.649687 0.497159
 0.310465 0.810364 0.622621 0.768734 1.16635 0.933336 1.0645 1.14 0.886942 0.611011 0.517499 0.99205 0.74163 1.16275 1.06177 0.569509 0.467494 1.10373 1.18279 0.517476
 0.301761 0.564797 0.574426 0.834303 1.68008 1.72053 0.675166 0.575115 0.588307 0.841337 0.533774 0.583082 1.13357 0.706856 0.572257 0.442042 0.56159 0.621091 0.551057 0.276482
 0.312397 0.681526 0.703704 0.559343 1.14055 1.22614 1.25298 0.874862 0.472832 0.431711 0.372239 0.65615 0.882476 0.723977 0.450341 0.782292 0.714668 0.575223 0.610707 0.510097
 0.289807 0.300295 0.348503 0.381609 0.397122 1.69173 1.12626 0.631664 0.372867 0.401706 0.408122 0.786058 0.856536 0.724713 0.700738 1.01175 1.21063 0.988804 0.744511 0.73773
 0.285845 0.556823 0.526251 0.44695 0.530028 0.464157 1.25625 1.17975 1.03591 0.655727 0.620558 0.661489 0.541786 0.772349 0.513315 0.417535 0.901826 0.990496 0.972838 0.654496
 0.291045 0.299337 0.447218 0.496773 0.479275 0.570116 0.495633 0.857019 0.831931 0.482171 0.369563 0.184627 0.362332 0.699733 0.71797 0.837107 0.535574 0.889269 0.897909 1.14944
 0.308635 0.458649 0.383882 0.298908 0.561658 0.674931 0.673471 0.994929 1.00912 0.640682 0.876828 1.08385 0.708894 0.470309 0.40752 0.416296 0.845423 0.867317 1.22761 0.961644
 0.298526 0.450336 0.718397 1.06567 0.871341 0.574276 0.613505 1.16656 1.36679 0.929429 1.01101 0.771321 0.500672 0.394823 0.622967 0.949518 0.944177 0.911258 1.06526 0.778012
 0.260823 0.223955 0.398206 0.380218 0.621728 0.460999 0.412342 1.21292 1.61482 1.02559 0.377741 0.15501 0.159067 0.463922 0.404745 0.322592 0.329689 0.463318 0.506137 1.49263
 0.301271 0.598286 0.407884 0.473996 0.435382 0.507302 0.715758 0.656947 0.502996 0.927904 0.741208 0.942588 0.654953 0.311022 0.301179 0.628334 1.55749 1.36902 0.721746 0.463934
 0.290829 0.415173 0.439425 0.410489 0.689665 0.640248 0.761699 0.883017 1.08868 0.834612 0.395401 0.446532 0.387195 0.385185 0.394047 0.805872 0.573155 1.43537 1.19528 0.741987
 0.298211 0.596527 0.507395 0.467803 0.353859 0.495372 0.354491 0.258054 0.408221 0.652606 0.531343 1.10769 1.02623 1.73813 1.26745 0.839601 0.666403 0.430787 0.557418 0.825075
 0.279539 0.237765 0.198261 0.252332 0.410774 0.568853 1.23634 1.91976 1.18611 0.558816 0.2429 0.472061 0.463428 0.73226 1.36273 0.976502 0.747797 0.644432 0.72214 1.21196
 0.249603 0.204463 0.310056 0.59575 0.931403 1.08466 1.33573 0.779 0.462399 1.09464 0.684535 0.368757 0.372051 0.298473 0.688147 0.55111 0.440893 0.662906 0.813628 0.593121
 0.281282 0.367455 0.778711 1.39603 1.04509 0.507073 0.332339 0.516504 0.546032 0.839533 0.917787 0.949017 0.647069 0.427709 0.432819 0.49518 0.910685 1.15021 0.795956 0.59684
 0.318346 0.639317 0.64542 0.483385 0.850588 1.42584 1.07243 0.524906 0.971712 0.648133 0.54469 0.406881 0.374911 0.214198 0.15088 0.697658 0.80527 1.05622 1.03929 0.934309
 0.309043 0.686968 0.675896 0.834958 0.75812 1.19896 0.649389 0.35847 0.652136 0.688729 0.498966 0.814454 0.8196 0.736883 0.773481 0.575309 0.348877 0.687788 0.750229 0.509515
 0.298309 0.750109 0.663729 0.567849 1.22403 1.33021 0.878856 0.617162 0.498164 0.271641 0.190268 0.444594 0.580477 0.656801 1.22506 1.09643 0.728052 0.539795 0.866574 1.23572
 0.273511 0.266121 1.01981 1.21935 0.679368 0.379594 0.356217 0.600606 0.813185 0.715399 0.592484 0.547484 0.532198 1.09361 1.34933 0.79373 0.35775 0.333589 0.355883 0.552901
 0.304274 0.946352 0.721845 0.605312 1.04628 1.20691 1.21308 0.821593 0.51174 0.466192 0.549459 0.928285 0.88393 0.801403 0.4784 0.481644 0.781586 0.638921 0.497383 0.480631
 0.310821 0.780017 0.644749 0.8959 0.732051 0.528464 0.756269 0.707742 0.525542 0.708606 0.766373 0.924564 0.732124 0.362759 1.15098 0.863182 0.614222 0.644229 0.644487 0.830338
 0.285846 0.21591 0.250106 0.475407 0.449587 0.480872 0.454395 0.577408 0.886056 0.962801 1.05492 0.699527 0.544247 0.458617 0.783886 0.748511 0.815183 0.80429 0.774097 0.500341
 0.305212 0.911333 0.791541 0.810516 0.792242 0.552903 1.52655 1.37764 0.77418 0.608683 0.475269 0.630582 0.67746 1.95061 1.35335 0.477654 0.2629 0.501757 0.721249 0.431074
 0.306094 0.670625 0.548254 0.541387 0.536813 1.18528 1.06566 0.626059 0.359646 0.715239 0.619273 0.802479 1.18184 0.776356 0.412312 0.67735 0.799154 0.83715 0.753269 0.649806
 0.303427 0.452012 0.750981 0.703435 0.761162 1.48896 1.11768 0.798097 0.772988 0.636304 0.578038 0.714081 0.475907 0.258858 0.302572 0.410655 0.63754 1.10029 0.574179 0.403858
 0.261329 0.262454 0.327218 0.778244 1.53294 1.17909 0.705368 0.50647 0.562514 0.689843 0.606711 0.496957 0.783358 0.901864 0.842487 0.562036 0.569928 0.517406 0.47843 0.702667
 0.295986 0.420759 0.306106 0.511627 0.603016 1.02685 0.834474 0.427605 0.33149 0.359172 0.246507 0.424816 0.671435 0.621452 1.46131 0.941961 0.385008 0.340496 0.496301 0.568863
 0.307803 1.05328 0.812557 0.585333 0.579765 0.701708 0.808195 0.658501 0.504272 0.700217 0.912117 0.774213 0.359732 1.02704 1.20525 1.02774 0.651313 0.302102 0.218081 0.425297
 0.28036 0.128417 0.0751511 0.0916571 0.140514 0.24487 0.472242 0.441533 0.946195 1.08864 1.0924 0.861769 0.490009 0.363723 0.576591 0.484784 0.428764 0.875029 0.64783 0.870914
 0.277011 0.347934 0.446875 0.876266 1.03699 0.705213 1.17959 1.12777 0.488634 0.377039 0.376834 0.242566 0.332749 0.319342 1.14364 0.981246 0.566202 0.719097 0.983014 0.760778
 0.31559 0.735813 0.747345 0.887899 0.785716 0.541125 0.774172 0.797228 0.512625 0.444627 0.596004 0.967302 1.16236 0.714372 0.346027 0.306121 0.48892 0.558799 1.57224 1.24934
 0.296632 0.729024 0.999506 0.821617 0.559735 1.34238 1.1342 0.65985 0.380639 0.710603 0.610569 0.511244 0.389299 0.508336 0.421333 0.362685 0.675554 0.926756 0.998109 0.633116
 0.293491 0.335018 0.262664 0.674423 0.515267 0.366853 0.876098 0.931556 0.451178 0.251932 1.6806 1.70546 0.927355 0.566407 0.370667 0.687497 0.612464 0.560665 1.29115 1.24138
 0.308312 0.586858 0.716284 0.958504 0.892904 0.778972 0.98822 0.716716 0.623425 1.1956 1.06459 0.871352 0.951848 0.583124 0.539738 0.454941 2.06659 1.85793 0.653969 0.211415
 0.299328 0.483582 1.28943 1.11188 1.1578 0.963686 0.576398 0.39229 0.477087 0.570841 0.493362 0.628342 0.505292 0.581813 0.408143 0.547779 0.622132 0.408083 0.656823 1.2219
 0.305164 1.08904 0.874322 0.427829 0.407591 0.412133 0.839157 0.849641 0.765583 0.600726 0.350587 0.384737 0.572211 0.654715 1.22994 1.02217 0.768 1.87476 1.32151 0.551521
 0.319992 1.26734 1.17453 0.558798 0.248883 0.361543 0.391544 0.762844 0.860154 0.74481 0.754996 0.778968 0.949414 0.748759 1.19602 0.924203 0.432821 0.294013 0.368442 0.374091
 0.260528 0.261503 0.757608 0.587999 0.355827 0.426328 0.646868 1.03593 1.62488 1.26279 0.598757 0.272204 0.303102 0.378977 0.33112 0.14603 0.156175 0.225215 0.139194 0.356188
 0.292664 0.45263 0.442429 0.663165 0.628498 1.29424 0.849607 0.596262 1.54105 1.42805 0.681164 0.485071 0.83564 0.697636 0.721356 0.686099 0.554727 0.480172 0.345374 0.809908
 0.307312 1.39613 1.04666 0.433209 0.285784 0.391813 0.31725 0.366685 0.395401 0.511712 2.97222 2.17372 0.744877 0.194893 0.172885 0.106818 0.131074 0.108482 0.576558 0.563681
 0.277489 0.449808 0.644721 0.64449 0.621554 0.641217 0.522711 0.719662 1.00988 0.677223 0.331209 0.458159 0.736273 0.898969 0.810127 0.664261 0.460953 0.267069 0.665924 0.587187
 0.30049 0.485362 0.47695 0.496081 0.742996 0.729815 0.840061 0.792994 0.564755 0.813049 0.740885 0.723568 1.36509 1.19275 1.01225 0.799478 0.896819 1.06641 0.532704 0.330479
 0.280534 0.474373 0.45888 0.801396 1.43785 1.1641 0.656745 0.520471 0.56098 0.478889 0.640851 0.839407 0.699738 0.822053 0.634084 0.635612 0.541989 0.59536 0.507049 0.620977
 0.218467 0.107767 0.395912 0.560594 0.538641 0.446871 0.437871 0.336101 0.981178 1.10749 0.938995 0.693259 0.518513 0.50944 0.761043 0.885214 0.771299 0.65089 0.665378 0.859515
 0.30897 0.59486 0.390601 0.630124 0.564008 0.850283 1.05286 0.710222 0.432022 0.409522 0.479479 0.402289 0.689498 0.652194 0.792683 0.955548 0.71608 0.508125 0.505725 0.813082
 0.292569 0.353497 1.11119 0.97006 0.820522 0.909305 0.753366 0.596031 0.604259 0.355128 1.45065 1.49169 0.558568 0.374794 0.649727 1.07409 0.914162 0.828782 0.631187 0.59886
 0.314786 0.589544 0.831065 0.9947 1.0386 0.968576 0.572394 0.563618 0.447575 0.448581 1.07783 1.37879 0.741634 0.364115 0.852945 0.419123 0.326977 0.341949 0.745629 1.25039
 0.302902 0.386513 0.399436 0.260386 0.552046 0.725789 0.798441 0.971794 1.04302 1.20332 1.10846 0.72119 0.567816 0.299696 0.450717 0.489348 0.440838 0.551903 1.34786 1.0965
 0.274672 0.332477 0.334459 0.31175 0.537395 0.721738 0.604873 0.80566 1.45881 1.7026 1.04176 0.53274 0.358335 0.356029 0.434469 0.479799 0.765131 0.817331 0.730168 0.675635
 0.29229 0.402779 0.475838 1.03005 0.831589 0.782323 1.15732 1.14525 1.10295 0.606072 0.62131 0.481378 0.548399 0.877451 0.843902 0.707182 0.443643 0.228554 0.468629 0.608321
 0.308995 0.591138 0.424247 0.338911 1.16231 1.30825 1.10191 0.538543 0.627273 0.447141 0.961485 0.742084 0.359507 0.40759 0.654005 0.416043 0.349506 0.284962 0.821146 0.634342
 0.311867 0.46021 0.515473 0.806931 0.802992 0.827396 0.815621 0.477646 0.338957 1.47671 1.51398 0.895583 0.502686 0.433335 0.421175 0.888267 0.641994 0.525375 0.633673 0.602038
 0.302479 0.312303 0.375144 0.404669 1.0877 0.948533 0.857249 0.753417 1.02725 0.894646 0.771092 0.580597 0.734512 0.643652 0.635383 0.673889 0.54763 0.372889 0.458665 0.734326
 0.313598 0.887221 0.758277 0.684564 0.493741 0.609392 1.26957 1.03546 0.703105 0.377233 0.482745 0.347043 0.403921 0.697206 0.873961 0.649252 0.364876 0.584723 0.821757 0.993454
 0.292666 0.326481 0.40094 0.44172 0.281849 0.3989 0.413353 1.85631 1.18092 0.709161 0.878111 0.839808 0.617587 1.31096 1.25056 0.606664 0.320877 0.474395 0.444596 0.484327
 0.301998 0.331251 0.254781 0.300714 0.800316 0.7677 0.990643 0.810757 1.17355 1.35429 1.02658 0.699872 0.547612 0.347166 0.238293 0.183527 0.205202 0.3404 0.47949 0.725637
 0.312225 1.05651 1.07945 0.680927 0.931136 1.36155 1.14867 0.586026 0.277141 0.376143 0.45535 0.326735 0.210406 0.510001 0.385056 1.43988 1.71505 0.936284 0.34325 0.426997
 0.286899 0.38937 0.370692 0.6004 0.535499 0.384628 0.990275 2.00682 1.5124 0.67607 0.394986 0.420375 0.391229 0.615754 0.638486 0.885979 0.681109 0.536253 0.523297 1.13871
 0.266951 0.295266 0.308877 0.187501 0.261417 0.450003 0.633592 1.38682 1.14113 0.739742 0.473043 0.410552 0.555659 0.559176 0.656207 0.735712 0.53649 0.908638 0.736959 0.551208
 0.310863 0.611488 0.591975 0.898996 1.34665 0.990861 0.443667 0.753844 1.10741 0.55629 0.248984 0.934206 0.696967 0.739795 0.55824 0.546552 0.648076 0.535902 0.324975 0.428965
 0.313469 1.60517 1.37344 0.55984 0.196343 0.483135 0.541858 0.908448 0.839109 0.549173 0.412943 0.410183 0.427547 0.461598 0.416339 0.358337 0.668365 0.67679 0.479018 0.674293
 0.296136 0.553773 0.472573 0.486085 0.417742 0.877771 0.678357 0.495391 0.487605 0.807648 0.726497 0.597269 0.384802 0.330123 0.56121 0.738862 0.4743 0.480605 0.848053 0.941052
 0.302174 0.314698 0.401012 0.350064 0.651108 0.621713 1.43571 0.942179 0.661623 0.573218 0.413743 0.761084 1.04658 1.34258 1.1032 0.656885 0.453445 0.565216 0.47187 0.342788
 0.287383 0.369004 0.414042 0.53924 1.0684 1.49138 1.09783 1.0121 0.551506 0.416888 0.621301 0.75984 0.745423 0.659836 0.665729 0.975178 1.37509 1.01824 0.551641 0.41008
 0.315969 0.817788 0.788654 0.642402 0.564896 1.0423 0.908774 0.686349 0.815305 0.634336 0.549631 0.723058 1.18721 0.887789 0.425794 0.252093 0.18028 0.305566 0.329605 0.269169
 0.275302 0.284829 0.52361 0.524189 0.75179 0.806874 0.704754 0.671055 0.738399 0.636371 0.952607 0.817168 0.608796 1.25012 1.14927 0.807277 0.395207 0.316983 0.364199 0.381741
 0.30616 0.582313 0.833156 0.817886 1.18604 1.26472 1.15134 0.555467 0.483445 0.92284 1.07191 0.700078 0.447042 0.689298 0.636577 1.0508 0.855357 0.379393 0.27532 0.561258
 0.303626 0.494467 0.42256 0.606791 0.571532 0.446437 0.489256 0.742484 0.750048 0.448416 0.253622 0.627806 0.76937 0.772929 0.786095 0.629959 0.993209 0.677592 0.373069 0.455218
 0.285962 0.298583 0.530858 0.614583 1.10476 0.605641 0.44446 0.645993 1.15029 0.975211 0.619587 0.672428 0.770533 1.61852 0.974328 0.369091 0.67005 1.02751 0.926533 0.562345
 0.270538 0.290172 0.364798 0.523535 0.489795 0.432457 0.755708 1.33453 1.40151 0.648029 0.266081 0.257223 0.388636 1.27308 1.84999 1.47795 0.637325 0.330431 0.540738 0.513956
 0.314468 1.24978 1.03737 0.764988 1.20096 1.0345 1.31309 0.918552 0.424948 0.322015 0.283485 0.606965 0.613967 0.853275 1.12525 1.95341 1.34064 0.378324 0.103143 0.183302
 0.310836 1.0281 1.61931 1.17449 0.559206 0.999577 0.62517 0.446853 0.554949 0.475503 0.741317 0.77813 0.581684 0.284249 0.223982 0.422974 0.53462 1.56668 1.38655 0.63057
 0.295692 0.466393 0.740051 0.95478 0.729159 0.511708 0.444932 0.921562 1.02774 0.596558 1.18711 1.02322 1.00131 1.19823 0.947373 0.874253 0.747551 0.492586 0.252418 0.37565
 0.245942 0.169384 0.280509 0.379317 0.739259 0.851987 1.35146 1.56175 1.28666 1.00644 0.443223 0.602268 0.948558 0.764493 0.965143 0.636267 0.37186 0.441586 0.42305 0.306861
 0.299283 0.351255 0.485797 1.45738 1.03129 0.516897 0.382854 0.393519 0.765718 1.17952 0.841665 0.351263 0.265026 0.292027 1.01061 1.0302 0.633774 0.647963 0.640146 0.510364
 0.287123 0.295592 0.501469 0.491025 0.590928 1.18487 1.1996 0.732469 0.621063 0.805121 0.815024 0.860233 0.831298 0.533045 0.237888 0.406704 0.370016 0.476931 0.71948 0.572219
 0.316004 0.74649 0.634016 1.00764 0.919081 1.04937 1.43048 1.16889 0.534795 0.481143 0.862917 0.624852 0.436946 0.557666 1.14922 1.03534 0.754541 0.441315 0.314346 0.532003
 0.269381 0.255493 0.794628 0.764485 0.45887 0.373141 0.515776 0.385658 0.405806 0.412209 0.393484 0.789536 0.754424 0.639394 0.804013 0.721373 0.632745 0.577349 1.01623 0.927581
 0.294315 0.455074 0.649202 0.898148 1.13021 1.25912 0.845879 0.721958 0.585647 0.733089 0.4686 0.432567 0.530287 0.931069 0.966573 0.728221 0.843214 0.658412 0.553161 0.569437
 0.31295 0.705868 0.670811 0.468123 0.715908 0.892705 0.645539 0.470982 0.537013 0.522702 0.683265 0.531852 0.425972 0.353361 0.670938 0.605536 0.867658 1.32239 1.62057 1.33111
 0.279451 0.327051 0.529023 0.862699 0.89107 0.517211 0.34719 0.713344 0.772501 0.789172 2.22841 2.17151 1.15174 0.365667 0.17366 0.148542 0.914284 0.858919 0.454556 0.300041
 0.307752 0.486439 0.449778 0.421246 1.06778 1.15602 0.923088 1.51161 1.15385 0.709747 0.830433 0.72671 0.491666 0.37162 0.906617 0.773555 0.745215 0.478336 0.750748 1.08306
 0.306573 0.463041 0.427242 0.719747 0.670974 0.83594 0.871767 1.09281 0.799996 0.404239 0.831129 1.26933 0.921089 0.685006 0.54305 0.458951 0.342841 0.430454 0.599764 0.434001
 0.307563 0.750124 0.951674 0.937948 0.658555 0.595099 0.7069 0.590577 0.473069 0.618737 0.73007 0.543057 0.319513 0.31272 0.658449 0.48635 0.668921 0.781435 1.3586 1.08782
 0.302283 0.616383 0.45712 0.456274 0.420246 0.664606 0.721329 0.700249 0.622466 1.71312 1.18548 0.659728 1.00248 1.18567 1.18326 0.975626 0.593208 0.331477 0.677238 0.717401
 0.29984 0.518078 0.761582 0.815367 0.581676 0.535214 0.29876 0.277269 0.436235 0.451779 0.391257 0.395048 1.07439 1.38482 1.07865 0.641595 0.353969 0.244125 0.246019 0.397255
 0.301218 0.492271 0.591809 1.83292 1.67921 0.931261 0.504466 0.346341 0.397575 1.01876 0.960849 0.468701 0.413906 0.365937 0.645806 0.833523 0.804921 0.484753 0.316264 0.431195
 0.297398 0.518883 0.835243 0.708086 0.885474 0.894022 0.918014 1.51697 1.07586 0.517368 0.382998 0.587411 0.62525 0.543766 0.643861 0.42141 0.294443 1.03171 1.02697 0.598008
 0.277438 0.31364 1.10202 1.01807 0.768999 0.635554 1.1202 0.816702 1.05145 0.971643 0.550609 0.381219 1.28939 1.04514 0.623869 0.508412 0.407768 0.293196 0.222631 0.290673
 0.311462 0.435406 0.365919 0.34367 0.420781 1.02174 0.980329 0.880501 2.25065 1.64476 0.619529 0.25687 0.752408 0.380114 0.196118 0.399256 0.758994 0.452254 0.543123 0.791266
 0.292864 0.543782 0.703902 0.607997 0.514617 0.401148 0.410752 0.439748 0.946959 0.826234 0.477216 0.507737 0.416892 0.901645 0.872564 0.793767 1.22636 1.0642 0.728481 0.675662
