 1.32753 0.888721 0.426186 0.236674 0.257851 0.309976 0.428128 0.228915 0.206877 0.129944 0.0802426 0.166911 0.179629 0.146254 0.0889761 0.113725 0.415098 0.36025 0.824219 0.584352 0.642475 0.783834 0.739985 0.583058 0.847365 0.692777 0.563192 0.617249 0.887907 0.575828
 1.32753 0.888721 0.426186 0.236674 0.257851 0.309976 0.428128 0.228915 0.206877 0.129944 0.0802426 0.166911 0.179629 0.146254 0.0889761 0.113725 0.415098 0.36025 0.824219 0.584352 0.642475 0.783834 0.739985 0.583058 0.847365 0.692777 0.563192 0.617249 0.887907 0.575828
 1.32753 0.888721 0.426186 0.236674 0.257851 0.309976 0.428128 0.228915 0.206877 0.129944 0.0802426 0.166911 0.179629 0.146254 0.0889761 0.113725 0.415098 0.36025 0.824219 0.584352 0.642475 0.783834 0.739985 0.583058 0.847365 0.692777 0.563192 0.617249 0.887907 0.575828
 1.32753 0.888721 0.426186 0.236674 0.257851 0.309976 0.428128 0.228915 0.206877 0.129944 0.0802426 0.166911 0.179629 0.146254 0.0889761 0.113725 0.415098 0.36025 0.824219 0.584352 0.642475 0.783834 0.739985 0.583058 0.847365 0.692777 0.563192 0.617249 0.887907 0.575828
 1.32753 0.888721 0.426186 0.236674 0.257851 0.309976 0.428128 0.228915 0.206877 0.129944 0.0802426 0.166911 0.179629 0.146254 0.0889761 0.113725 0.415098 0.36025 0.824219 0.584352 0.642475 0.783834 0.739985 0.583058 0.847365 0.692777 0.563192 0.617249 0.887907 0.575828
 1.40884 0.923243 0.440715 0.24488 0.264858 0.329624 0.442405 0.240164 0.211549 0.130949 0.0827684 0.173712 0.181793 0.152905 0.101623 0.127965 0.424679 0.36968 0.795006 0.543968 0.671565 0.83379 0.756211 0.582948 0.845336 0.718808 0.615105 0.65341 0.907744 0.575489
 1.44407 0.952221 0.450218 0.247916 0.274931 0.35086 0.441092 0.244154 0.222212 0.137577 0.0851597 0.167172 0.177204 0.150488 0.0996415 0.137961 0.426301 0.385028 0.818259 0.57517 0.688599 0.854475 0.787141 0.596697 0.869246 0.726151 0.614045 0.637239 0.896066 0.565208
 1.37574 0.915905 0.433522 0.238838 0.270825 0.347487 0.439428 0.235099 0.206472 0.131878 0.0788024 0.161329 0.162799 0.137736 0.0873869 0.128112 0.414854 0.375747 0.821343 0.551375 0.638832 0.814096 0.791161 0.592485 0.856066 0.712136 0.6039 0.623606 0.868903 0.533576
 1.34598 0.88816 0.418305 0.231147 0.26673 0.318147 0.397152 0.202589 0.181802 0.117787 0.0723565 0.156223 0.153307 0.133727 0.0876072 0.126711 0.422786 0.398924 0.855891 0.55675 0.629866 0.786806 0.7845 0.587398 0.87938 0.714339 0.590955 0.639766 0.877596 0.536046
 1.39545 0.889567 0.412667 0.230962 0.270631 0.313554 0.387164 0.193351 0.174674 0.114035 0.0700305 0.155742 0.15257 0.134625 0.0852383 0.123931 0.41944 0.388575 0.855257 0.549445 0.626307 0.763517 0.77006 0.576193 0.883127 0.715112 0.597016 0.635206 0.868926 0.531775
 1.35157 0.881264 0.41186 0.228209 0.275182 0.317 0.381163 0.188347 0.174578 0.114194 0.0708456 0.157107 0.149128 0.132836 0.0846504 0.123735 0.427262 0.395485 0.862356 0.544824 0.620332 0.767597 0.789823 0.594959 0.881776 0.7057 0.586803 0.625117 0.864695 0.526903
 1.39103 0.886621 0.414972 0.228424 0.274848 0.319533 0.392731 0.194659 0.17841 0.113164 0.0717813 0.153356 0.147528 0.134984 0.0873771 0.124218 0.428372 0.402894 0.859855 0.547124 0.61595 0.741377 0.784095 0.595958 0.874972 0.696411 0.584272 0.629896 0.856599 0.523957
 1.35376 0.872547 0.408646 0.22561 0.266844 0.309906 0.378527 0.187071 0.173305 0.106888 0.0696911 0.154067 0.149018 0.13381 0.0876086 0.121652 0.435704 0.411816 0.849676 0.548994 0.626782 0.756695 0.773468 0.585362 0.871174 0.693321 0.583068 0.629752 0.848169 0.516702
 1.33815 0.878987 0.412054 0.225962 0.261582 0.312085 0.374599 0.182819 0.172758 0.108993 0.0720217 0.157069 0.151804 0.139603 0.0884758 0.120148 0.430125 0.412747 0.856004 0.557744 0.650636 0.78067 0.787577 0.59325 0.880397 0.693312 0.584369 0.64589 0.868443 0.534788
 1.30664 0.866997 0.413473 0.223071 0.253148 0.302871 0.364212 0.176084 0.167476 0.105518 0.0698919 0.156602 0.152963 0.140295 0.087473 0.117779 0.432435 0.415988 0.866195 0.561718 0.658264 0.771698 0.786222 0.594113 0.865345 0.701841 0.592327 0.645709 0.889752 0.548679
 1.27918 0.851287 0.4073 0.221482 0.253724 0.309608 0.357048 0.169428 0.162702 0.10413 0.0694442 0.148651 0.145687 0.134106 0.0839656 0.112666 0.43764 0.420967 0.869205 0.564359 0.652314 0.763527 0.76095 0.571783 0.846022 0.68941 0.582834 0.637574 0.875942 0.540718
 1.30997 0.867131 0.409903 0.223514 0.255424 0.312989 0.359483 0.173236 0.165201 0.103927 0.0686981 0.147636 0.145641 0.129497 0.0839061 0.113634 0.441374 0.417712 0.87174 0.56552 0.675519 0.75877 0.754081 0.566946 0.841381 0.687881 0.581008 0.651145 0.880999 0.546601
 1.28628 0.867317 0.409323 0.223325 0.252914 0.310216 0.354166 0.16716 0.162509 0.101765 0.0684097 0.142828 0.145159 0.129719 0.0846783 0.116669 0.448001 0.413443 0.886832 0.569419 0.657999 0.756249 0.757452 0.581092 0.848812 0.681526 0.575355 0.646514 0.873345 0.538522
 1.27268 0.857161 0.405742 0.221434 0.248301 0.296668 0.347046 0.167869 0.164609 0.10144 0.0651174 0.144205 0.149263 0.134766 0.0833825 0.112058 0.442891 0.407046 0.894489 0.573874 0.665986 0.772608 0.753525 0.571464 0.841575 0.666184 0.568849 0.640998 0.866946 0.535023
 1.27239 0.860121 0.408278 0.225302 0.249887 0.302444 0.355779 0.166828 0.165579 0.102937 0.0656833 0.145673 0.147216 0.135407 0.0840096 0.111403 0.453666 0.40986 0.878285 0.570293 0.680962 0.782637 0.767792 0.585691 0.865967 0.670154 0.561629 0.640054 0.868699 0.538406
 1.3009 0.871058 0.414041 0.227849 0.252512 0.29914 0.365051 0.17548 0.173189 0.108547 0.0669141 0.148765 0.147474 0.136464 0.0846104 0.1138 0.462883 0.421554 0.871115 0.5692 0.683104 0.779884 0.772083 0.590652 0.861843 0.669845 0.560893 0.64385 0.874511 0.543792
 1.31584 0.886754 0.419611 0.233902 0.27312 0.314856 0.383094 0.186045 0.181161 0.111978 0.0674144 0.148556 0.149696 0.135009 0.0820233 0.111532 0.457642 0.419861 0.864963 0.55686 0.680753 0.782868 0.776758 0.593156 0.849646 0.675397 0.568949 0.650382 0.873821 0.542332
 1.32829 0.888969 0.424716 0.2365 0.269309 0.318729 0.38812 0.194706 0.187434 0.111311 0.0662385 0.14569 0.149292 0.14044 0.0863671 0.11015 0.455085 0.420943 0.860972 0.556955 0.684187 0.791539 0.782701 0.605981 0.842164 0.673313 0.573136 0.637504 0.867293 0.538692
 1.34449 0.894143 0.424193 0.236994 0.272226 0.320411 0.393225 0.196777 0.189236 0.114312 0.0679742 0.145107 0.148161 0.138024 0.0852213 0.108832 0.455671 0.423817 0.854811 0.547736 0.675772 0.78164 0.790966 0.614859 0.841259 0.665083 0.564531 0.625127 0.858002 0.535385
 1.37939 0.910133 0.426783 0.239682 0.275962 0.318394 0.393751 0.199963 0.191647 0.116175 0.0693773 0.148382 0.152845 0.142636 0.0865751 0.105503 0.462981 0.439735 0.855135 0.552235 0.676 0.790464 0.791666 0.619335 0.850074 0.687944 0.583337 0.641923 0.860131 0.541589
 1.40931 0.913747 0.42895 0.238267 0.277987 0.328943 0.406436 0.206624 0.193869 0.114663 0.068211 0.147449 0.153595 0.145808 0.0837511 0.103967 0.455814 0.432359 0.830805 0.538285 0.668065 0.790089 0.778874 0.611114 0.863247 0.68097 0.573871 0.634196 0.852504 0.535386
 1.43949 0.919548 0.425735 0.236871 0.283257 0.329738 0.413526 0.212914 0.193459 0.112772 0.0661429 0.147924 0.153657 0.141175 0.083426 0.101248 0.462255 0.42738 0.822091 0.53908 0.669021 0.802786 0.771062 0.6015 0.833956 0.665655 0.55971 0.614572 0.84112 0.534436
 1.49769 0.928771 0.425935 0.236981 0.288888 0.333723 0.420205 0.217105 0.196435 0.112744 0.0651229 0.144325 0.150682 0.139606 0.0814164 0.0973714 0.459676 0.422582 0.816643 0.532902 0.658509 0.789717 0.752229 0.583143 0.816201 0.660199 0.555888 0.610633 0.824614 0.523469
 1.43881 0.905849 0.422397 0.233223 0.2844 0.336214 0.416982 0.210968 0.190181 0.108085 0.0613514 0.141804 0.148627 0.136878 0.0777679 0.097633 0.45578 0.419259 0.812188 0.531183 0.650694 0.779554 0.746857 0.576691 0.827338 0.67273 0.569254 0.611479 0.824812 0.525285
 1.44557 0.899404 0.421767 0.231431 0.275593 0.329002 0.421505 0.216225 0.194359 0.110399 0.0621892 0.141674 0.144814 0.131642 0.0749275 0.0974247 0.456366 0.413122 0.79086 0.52628 0.64981 0.781422 0.734573 0.562867 0.819802 0.668449 0.561185 0.597873 0.80004 0.50878
 1.45172 0.907438 0.421764 0.232106 0.282492 0.338878 0.429632 0.219845 0.198007 0.111715 0.064043 0.146509 0.14851 0.133214 0.0757222 0.095877 0.460957 0.414154 0.790303 0.531432 0.644609 0.781399 0.735618 0.562854 0.819806 0.682376 0.568463 0.600255 0.792922 0.498489
 1.42002 0.907282 0.426321 0.23643 0.292554 0.36346 0.439348 0.221916 0.195258 0.108804 0.0638507 0.146886 0.151022 0.136445 0.0796538 0.104353 0.462447 0.420872 0.793343 0.541033 0.643874 0.784542 0.737545 0.570891 0.832281 0.699055 0.586489 0.604529 0.796252 0.503598
 1.42715 0.906834 0.42385 0.235335 0.287999 0.357649 0.431736 0.215939 0.192954 0.108432 0.0642515 0.148867 0.154923 0.139923 0.0822148 0.102006 0.45345 0.410173 0.782355 0.534056 0.634696 0.761941 0.728867 0.563506 0.822021 0.694442 0.575173 0.600813 0.790992 0.499903
 1.39812 0.894615 0.423643 0.233393 0.273486 0.343428 0.429223 0.212127 0.189677 0.10769 0.0635161 0.143693 0.152382 0.137785 0.0827457 0.100824 0.451797 0.406419 0.770659 0.540461 0.66045 0.785701 0.743766 0.572166 0.834913 0.709101 0.589433 0.615523 0.79811 0.508035
 1.38239 0.889702 0.420323 0.234599 0.279066 0.347941 0.432741 0.215016 0.19485 0.110677 0.0648457 0.141889 0.148954 0.134751 0.0802619 0.0960289 0.442632 0.400165 0.776651 0.538886 0.661098 0.767381 0.728045 0.568425 0.831995 0.698319 0.583 0.604151 0.782927 0.497787
 1.36672 0.883245 0.417981 0.231294 0.271674 0.337539 0.431164 0.214703 0.192509 0.109654 0.065402 0.141471 0.149053 0.136802 0.0840688 0.097289 0.449359 0.408639 0.795434 0.54383 0.65929 0.765219 0.714223 0.55771 0.810218 0.685851 0.571763 0.586457 0.772747 0.494157
 1.37733 0.885972 0.417403 0.229374 0.277958 0.338953 0.416963 0.201744 0.182001 0.105244 0.0632782 0.140416 0.148874 0.140315 0.0831378 0.0988121 0.443757 0.408917 0.809751 0.549937 0.668641 0.757321 0.700741 0.543423 0.794894 0.67809 0.570102 0.582334 0.772566 0.49338
 1.32946 0.87818 0.417219 0.231939 0.277213 0.340202 0.434534 0.217319 0.191688 0.111221 0.0657179 0.138876 0.148466 0.141707 0.083165 0.096945 0.441245 0.403587 0.818268 0.558949 0.673696 0.757618 0.697891 0.540585 0.793796 0.680618 0.572643 0.574456 0.768533 0.485032
 1.33891 0.881161 0.417777 0.232086 0.277311 0.339836 0.430412 0.217273 0.194653 0.112378 0.0660546 0.138271 0.14377 0.141404 0.0840931 0.0990126 0.448734 0.410441 0.827808 0.570354 0.679657 0.754892 0.697882 0.547064 0.795722 0.694452 0.593081 0.578558 0.776994 0.49092
 1.35754 0.883546 0.418156 0.231208 0.26681 0.330601 0.422612 0.21358 0.192931 0.113196 0.0655997 0.138486 0.145743 0.143016 0.0824943 0.101459 0.453526 0.410232 0.818066 0.561607 0.671047 0.759111 0.695259 0.539428 0.786704 0.684328 0.581523 0.576946 0.775267 0.489804
 1.34668 0.898161 0.430656 0.236845 0.278628 0.346439 0.431363 0.218387 0.19849 0.115452 0.0684686 0.141672 0.149005 0.146163 0.0843403 0.107273 0.453744 0.421434 0.809895 0.568879 0.697974 0.79094 0.714769 0.547655 0.781478 0.688707 0.580492 0.585772 0.793604 0.502672
 1.30539 0.889113 0.426429 0.233607 0.265464 0.33386 0.427849 0.213474 0.192025 0.108761 0.0639699 0.141313 0.147506 0.144785 0.0858731 0.10768 0.446257 0.408252 0.811931 0.581037 0.692778 0.78844 0.710821 0.550032 0.78323 0.678158 0.580151 0.575239 0.787301 0.498723
 1.27905 0.897641 0.429855 0.234957 0.265811 0.330756 0.430831 0.209886 0.188472 0.106302 0.0653769 0.143089 0.150716 0.143868 0.0879665 0.108459 0.444154 0.412727 0.808672 0.60167 0.707855 0.799854 0.715006 0.562787 0.797543 0.683498 0.582033 0.580934 0.803563 0.506008
 1.29612 0.902188 0.431559 0.237555 0.272883 0.337999 0.440366 0.217876 0.196587 0.11203 0.0685897 0.144356 0.154877 0.146293 0.0896099 0.106989 0.445596 0.417972 0.806858 0.59759 0.710354 0.788275 0.724125 0.570503 0.798711 0.682471 0.579927 0.580474 0.806145 0.508318
 1.24372 0.894538 0.428773 0.232963 0.266629 0.333471 0.429816 0.212207 0.194096 0.110812 0.0695152 0.144516 0.158352 0.148852 0.0891319 0.104521 0.445086 0.421054 0.799544 0.582881 0.693591 0.772323 0.726353 0.569037 0.806649 0.671468 0.565238 0.576217 0.811089 0.508162
 1.29777 0.912408 0.432817 0.235159 0.26768 0.342355 0.445833 0.222656 0.200655 0.112189 0.0692173 0.145565 0.156963 0.150952 0.0907386 0.110058 0.445186 0.42117 0.779647 0.575978 0.705268 0.803275 0.732864 0.573929 0.817968 0.685292 0.577924 0.577685 0.820324 0.51656
 1.3155 0.904086 0.424504 0.235074 0.276088 0.349979 0.445173 0.217253 0.196433 0.109228 0.0682585 0.141974 0.155332 0.152464 0.0895423 0.107732 0.434614 0.405499 0.765322 0.56276 0.699581 0.799549 0.723661 0.569781 0.809841 0.683164 0.589021 0.588096 0.804501 0.501927
 1.37742 0.927248 0.430279 0.240252 0.289697 0.360912 0.450598 0.225881 0.20679 0.113178 0.0703475 0.145683 0.158369 0.157603 0.0937971 0.113504 0.438611 0.4074 0.769188 0.553393 0.706805 0.821956 0.71905 0.566357 0.801379 0.690184 0.596411 0.585778 0.806113 0.509037
 1.3273 0.924136 0.433197 0.238133 0.286379 0.354661 0.462767 0.236961 0.21308 0.118374 0.0718111 0.143294 0.157882 0.154593 0.0910606 0.111181 0.442794 0.405625 0.751645 0.536225 0.715941 0.837962 0.713209 0.561754 0.800006 0.696857 0.603003 0.589844 0.801031 0.507401
 1.3441 0.933202 0.438002 0.240448 0.287339 0.359117 0.457345 0.231896 0.213582 0.118459 0.0731114 0.15011 0.162829 0.155432 0.0901961 0.113245 0.451413 0.415434 0.744425 0.541939 0.735287 0.852069 0.708362 0.551528 0.800001 0.685753 0.587833 0.583504 0.809896 0.520843
 1.34364 0.931603 0.435749 0.23836 0.283975 0.357268 0.457326 0.235882 0.211619 0.116882 0.0729721 0.150986 0.165218 0.158106 0.0921804 0.116313 0.455023 0.415669 0.73182 0.54584 0.747166 0.860901 0.70345 0.54378 0.800255 0.676035 0.585074 0.582455 0.802284 0.514452
 1.38583 0.942417 0.438136 0.241011 0.287947 0.36583 0.464721 0.238134 0.211089 0.119252 0.0743158 0.150733 0.167912 0.160459 0.0905423 0.116964 0.458888 0.417644 0.729353 0.540334 0.749406 0.854855 0.709757 0.548073 0.807117 0.681584 0.587725 0.584139 0.815902 0.52552
 1.41592 0.941449 0.433929 0.239561 0.294515 0.367299 0.464367 0.240262 0.214431 0.122451 0.074211 0.14812 0.165394 0.16029 0.0891655 0.113829 0.452328 0.408721 0.720767 0.541443 0.741076 0.847655 0.704495 0.54028 0.801375 0.678661 0.592806 0.590635 0.811121 0.523362
 1.37893 0.936803 0.433183 0.242881 0.295342 0.373859 0.457484 0.235851 0.210806 0.1209 0.0778163 0.148623 0.168766 0.165234 0.0929526 0.115671 0.454047 0.407702 0.724759 0.556952 0.759804 0.856272 0.718866 0.552473 0.824482 0.701429 0.603865 0.591353 0.809891 0.522202
 1.42262 0.957417 0.445167 0.247392 0.302196 0.388002 0.467718 0.2416 0.214852 0.123791 0.081129 0.150111 0.172182 0.168423 0.0992286 0.124668 0.4631 0.418939 0.722554 0.56152 0.776136 0.878296 0.728231 0.562878 0.828646 0.706499 0.61733 0.597775 0.830543 0.536934
 1.39871 0.939989 0.435819 0.243524 0.289274 0.379463 0.457719 0.234653 0.210695 0.12277 0.078756 0.144313 0.17115 0.168732 0.0973556 0.121482 0.458702 0.401695 0.7169 0.554361 0.771238 0.854904 0.717729 0.554382 0.804458 0.687493 0.606715 0.591694 0.823574 0.530272
 1.38495 0.936627 0.432387 0.243878 0.27729 0.374875 0.4603 0.238498 0.209696 0.1156 0.0751967 0.142798 0.167501 0.165953 0.094639 0.119076 0.463533 0.404872 0.711018 0.562971 0.764751 0.855598 0.720433 0.551392 0.814045 0.695819 0.605343 0.588571 0.840377 0.542223
 1.43024 0.943169 0.432432 0.240624 0.265452 0.365767 0.449512 0.229905 0.202355 0.11462 0.0751573 0.142006 0.171185 0.169762 0.0967619 0.129323 0.465363 0.415899 0.711952 0.562433 0.770909 0.847857 0.705135 0.541006 0.80237 0.701269 0.605083 0.58755 0.83371 0.533518
 1.42229 0.947797 0.436716 0.242351 0.27291 0.369878 0.458756 0.235748 0.204354 0.115391 0.0765073 0.145288 0.172231 0.17268 0.0983174 0.133431 0.465789 0.41589 0.707157 0.565464 0.778424 0.857579 0.709818 0.54389 0.802553 0.707289 0.61135 0.598092 0.85083 0.547317
 1.41175 0.949092 0.442652 0.243622 0.282863 0.388123 0.481705 0.247966 0.215103 0.120595 0.0768657 0.14621 0.174605 0.172479 0.0958768 0.130143 0.468312 0.414228 0.706744 0.586634 0.786358 0.871022 0.717435 0.551983 0.830087 0.716713 0.608877 0.594889 0.841411 0.543639
 1.39917 0.936088 0.436126 0.239772 0.269648 0.374202 0.478159 0.245381 0.213689 0.1216 0.0779225 0.151998 0.17957 0.173127 0.0947071 0.129564 0.464792 0.409006 0.718571 0.592875 0.803452 0.868838 0.706266 0.537471 0.812717 0.691911 0.583016 0.583236 0.829828 0.533557
 1.40458 0.9374 0.437363 0.243341 0.281832 0.37802 0.479706 0.244945 0.214135 0.124818 0.0798739 0.154177 0.178578 0.171745 0.0938927 0.130324 0.467927 0.410537 0.714298 0.58818 0.786331 0.848274 0.705872 0.548256 0.799336 0.688693 0.593072 0.584821 0.828563 0.530661
 1.38216 0.945727 0.447832 0.245679 0.288659 0.384319 0.504893 0.264999 0.227182 0.135804 0.0852937 0.154461 0.176482 0.175441 0.0962767 0.130906 0.47372 0.422661 0.715245 0.590687 0.782238 0.840439 0.697448 0.531128 0.772446 0.676267 0.584658 0.580662 0.829528 0.531351
 1.38983 0.950331 0.451953 0.246296 0.287008 0.373508 0.501666 0.264502 0.227632 0.137294 0.0867315 0.157251 0.180532 0.179536 0.0993759 0.132185 0.466702 0.41557 0.701979 0.587196 0.787464 0.86151 0.70963 0.538602 0.780071 0.68362 0.585213 0.584387 0.83841 0.535531
 1.36692 0.940174 0.450874 0.243409 0.285855 0.374855 0.485417 0.251259 0.221432 0.133203 0.0850623 0.1546 0.185421 0.181043 0.0976643 0.133858 0.467997 0.419401 0.701536 0.585873 0.764661 0.861567 0.719351 0.557061 0.786873 0.683408 0.587153 0.582302 0.83486 0.535241
 1.39279 0.947721 0.455852 0.24205 0.27626 0.366145 0.477331 0.250433 0.223734 0.134145 0.0852648 0.149795 0.17765 0.176485 0.096627 0.135753 0.470208 0.418024 0.707804 0.591464 0.754866 0.860208 0.729244 0.573928 0.805687 0.683917 0.585651 0.590653 0.84553 0.544866
 1.34324 0.934158 0.450776 0.241164 0.277952 0.372765 0.478199 0.24663 0.222775 0.132296 0.0878349 0.149172 0.176609 0.174915 0.0966495 0.139441 0.468964 0.41464 0.7077 0.589437 0.746029 0.852978 0.723728 0.575193 0.809272 0.687841 0.577868 0.565287 0.836551 0.538411
 1.32406 0.940453 0.453617 0.243508 0.281851 0.368997 0.479787 0.252757 0.230228 0.135662 0.0908497 0.151927 0.178908 0.180541 0.0986543 0.145672 0.476347 0.417682 0.698682 0.596067 0.756368 0.852423 0.707967 0.564935 0.799951 0.69275 0.58174 0.565119 0.84078 0.543047
 1.32085 0.946975 0.458462 0.245873 0.295024 0.380608 0.487068 0.254488 0.232726 0.136771 0.0909634 0.150077 0.175413 0.180326 0.103297 0.149969 0.473044 0.416262 0.693678 0.600262 0.765046 0.865701 0.722301 0.574376 0.800933 0.69323 0.583022 0.572527 0.846775 0.550277
 1.29508 0.951177 0.463027 0.251474 0.303222 0.394912 0.497599 0.261313 0.233952 0.137861 0.0895378 0.151348 0.172071 0.176285 0.101377 0.147686 0.471849 0.415384 0.684399 0.585034 0.782776 0.860643 0.727494 0.575061 0.805092 0.71392 0.598901 0.583408 0.871293 0.563767
 1.27836 0.939948 0.455145 0.2473 0.301409 0.396668 0.479855 0.246985 0.227823 0.13433 0.0891316 0.151651 0.171539 0.177511 0.100056 0.142122 0.47131 0.412289 0.669949 0.568953 0.774527 0.857376 0.728194 0.56414 0.800693 0.697777 0.584422 0.576309 0.869156 0.560988
 1.27438 0.945108 0.458381 0.250333 0.306613 0.397617 0.488958 0.251298 0.231009 0.137171 0.090499 0.152182 0.171531 0.174295 0.100824 0.141176 0.463929 0.404392 0.670639 0.561015 0.759022 0.853311 0.716074 0.54999 0.800845 0.706261 0.588144 0.591429 0.874849 0.565565
 1.29403 0.935698 0.452966 0.247844 0.300041 0.381936 0.473267 0.241626 0.223646 0.135521 0.0917226 0.15265 0.168697 0.172079 0.0996967 0.142085 0.452244 0.38908 0.650948 0.551463 0.754211 0.845108 0.710054 0.542667 0.786925 0.688068 0.584305 0.58815 0.877108 0.5671
 1.29216 0.936772 0.454334 0.249206 0.301347 0.381941 0.470793 0.237577 0.218324 0.132159 0.0918343 0.155581 0.16984 0.173552 0.104898 0.144428 0.454509 0.391418 0.658409 0.559422 0.757813 0.834274 0.716993 0.547968 0.782789 0.689611 0.587152 0.595303 0.882533 0.56752
 1.3139 0.942196 0.457477 0.248859 0.304222 0.38067 0.471956 0.237721 0.216118 0.12978 0.0924792 0.157321 0.170648 0.173164 0.10271 0.141828 0.446418 0.38761 0.662964 0.560238 0.759556 0.842004 0.71701 0.54598 0.770846 0.68766 0.591093 0.595697 0.885649 0.569404
 1.28445 0.932854 0.454854 0.247499 0.306769 0.373744 0.456151 0.229041 0.209576 0.127182 0.0918379 0.15951 0.172628 0.17883 0.103412 0.141907 0.449675 0.390134 0.677179 0.567463 0.753157 0.838761 0.724389 0.553195 0.769237 0.681947 0.586561 0.600731 0.888335 0.569826
 1.32029 0.944813 0.460823 0.251979 0.311679 0.377475 0.46663 0.238631 0.219539 0.132852 0.0971827 0.162661 0.179371 0.181511 0.105611 0.145261 0.455011 0.394151 0.688979 0.574851 0.768514 0.850864 0.73539 0.566899 0.793092 0.69427 0.594456 0.605798 0.907137 0.586644
 1.34084 0.94568 0.457292 0.250197 0.315935 0.379733 0.461939 0.237326 0.214037 0.13111 0.0922736 0.160192 0.179234 0.175068 0.102842 0.140369 0.454233 0.399987 0.69007 0.564357 0.766492 0.836676 0.723613 0.56747 0.79293 0.686822 0.593926 0.61101 0.89735 0.575901
 1.36704 0.953212 0.458816 0.250118 0.311703 0.374666 0.461592 0.240278 0.218194 0.133376 0.0916553 0.160557 0.181139 0.173934 0.103854 0.137311 0.44332 0.390365 0.686486 0.557984 0.752434 0.828385 0.727397 0.569685 0.795471 0.679473 0.590104 0.617937 0.899953 0.580002
 1.35552 0.951238 0.459501 0.249008 0.316575 0.370283 0.46846 0.24145 0.219188 0.134109 0.0919232 0.160165 0.179812 0.171924 0.102224 0.134578 0.441873 0.387537 0.688032 0.552866 0.739926 0.816148 0.717682 0.570022 0.800544 0.684391 0.594276 0.612503 0.894158 0.575332
 1.34978 0.942384 0.447623 0.24345 0.301587 0.359846 0.47305 0.243192 0.218341 0.129639 0.0858882 0.152776 0.173588 0.167159 0.0972199 0.124072 0.423373 0.369476 0.678667 0.536731 0.709994 0.793316 0.701345 0.547609 0.766973 0.669885 0.585229 0.594234 0.87517 0.564959
 1.37366 0.937615 0.43735 0.240824 0.295344 0.354612 0.467859 0.237754 0.213985 0.124282 0.0804501 0.149241 0.172133 0.167697 0.0959277 0.118086 0.418255 0.366077 0.666924 0.539282 0.70853 0.784265 0.694312 0.539137 0.762898 0.663695 0.590201 0.602617 0.874447 0.566083
 1.3708 0.939266 0.439168 0.240838 0.30035 0.361473 0.473637 0.242057 0.217119 0.124223 0.0799627 0.14776 0.172712 0.166741 0.0916282 0.113701 0.415598 0.363781 0.675163 0.535687 0.709499 0.79803 0.69472 0.533155 0.767476 0.658211 0.588684 0.595039 0.86714 0.564503
 1.3842 0.93548 0.432383 0.238649 0.299235 0.360256 0.471457 0.241454 0.220293 0.123242 0.0784575 0.143624 0.169107 0.163654 0.0890959 0.112662 0.408511 0.354298 0.656133 0.529002 0.702874 0.789075 0.683086 0.533809 0.780876 0.670225 0.597381 0.597564 0.856396 0.561525
 1.34874 0.922873 0.429715 0.236409 0.289324 0.35748 0.469464 0.240399 0.220767 0.122391 0.0786534 0.145094 0.173518 0.169069 0.0909674 0.113737 0.406549 0.35543 0.663693 0.543323 0.703234 0.783009 0.688376 0.540549 0.78253 0.661651 0.596818 0.601741 0.841734 0.551784
 1.38665 0.923685 0.42402 0.236655 0.289996 0.357513 0.463991 0.234215 0.216239 0.121602 0.0771111 0.144455 0.172194 0.165405 0.0911621 0.115552 0.405145 0.347248 0.655497 0.538763 0.701213 0.775882 0.680996 0.533969 0.765808 0.657819 0.586885 0.592032 0.838134 0.546904
 1.40597 0.921597 0.422771 0.235137 0.293216 0.361889 0.474796 0.239569 0.218079 0.118988 0.0763705 0.14356 0.172116 0.162185 0.0903744 0.116212 0.402656 0.344209 0.641684 0.531341 0.699515 0.760666 0.663657 0.518774 0.75061 0.643841 0.570422 0.584384 0.838635 0.551336
 1.37257 0.912954 0.422099 0.234955 0.291096 0.375925 0.480501 0.23632 0.215553 0.118915 0.0744088 0.147062 0.17155 0.162013 0.0883697 0.115323 0.4022 0.346028 0.64067 0.519725 0.701427 0.752696 0.643901 0.50746 0.758167 0.642542 0.56803 0.579914 0.840259 0.549932
 1.36278 0.914932 0.427697 0.237415 0.278643 0.368413 0.48173 0.239946 0.218889 0.120745 0.0769389 0.147727 0.174907 0.164086 0.0915473 0.115703 0.405795 0.355439 0.646034 0.531005 0.721895 0.781692 0.655023 0.511318 0.756411 0.641651 0.571975 0.582071 0.846925 0.556992
 1.4075 0.92965 0.42956 0.235788 0.275929 0.376296 0.489176 0.246183 0.227485 0.126007 0.0813203 0.146554 0.178703 0.173109 0.0919716 0.112286 0.399164 0.352141 0.644479 0.530214 0.708609 0.783832 0.660478 0.515846 0.768075 0.636627 0.563142 0.568909 0.841886 0.550019
 1.33941 0.910214 0.424133 0.229606 0.257063 0.355736 0.480044 0.247873 0.228972 0.124274 0.0820773 0.147208 0.175222 0.179284 0.0935688 0.107562 0.400536 0.355801 0.662722 0.532419 0.695504 0.783167 0.667125 0.51503 0.751831 0.617366 0.534623 0.546167 0.829288 0.542966
 1.3218 0.904792 0.425957 0.230521 0.2497 0.34804 0.491968 0.259852 0.239398 0.128332 0.0840948 0.147144 0.179545 0.178554 0.0933505 0.104592 0.402283 0.350584 0.652034 0.533869 0.704994 0.783839 0.669318 0.520403 0.762001 0.623449 0.541813 0.551905 0.810911 0.532491
 1.35958 0.92181 0.42908 0.235271 0.2579 0.364737 0.511764 0.270422 0.246785 0.135071 0.089295 0.148912 0.180269 0.180452 0.0953036 0.101462 0.402086 0.349406 0.658692 0.529423 0.696305 0.760232 0.644756 0.503309 0.759347 0.614689 0.528735 0.544894 0.806334 0.525438
 1.40076 0.929937 0.430515 0.238111 0.263278 0.379578 0.51323 0.276059 0.249895 0.133025 0.0892582 0.146906 0.180842 0.181662 0.0963975 0.105554 0.406858 0.34813 0.652296 0.514645 0.686317 0.749553 0.652732 0.513598 0.749931 0.615825 0.521063 0.551655 0.792297 0.519662
 1.45214 0.944773 0.434088 0.241066 0.256617 0.363307 0.496719 0.261511 0.238197 0.133541 0.090838 0.152293 0.186031 0.185537 0.0994679 0.106898 0.408197 0.347057 0.664416 0.535369 0.724733 0.780393 0.661619 0.528003 0.755261 0.617811 0.526569 0.558947 0.790948 0.525831
 1.44351 0.946564 0.436457 0.241397 0.257126 0.359087 0.495295 0.258021 0.235491 0.133044 0.0905209 0.154063 0.186299 0.186651 0.100769 0.10822 0.411721 0.347332 0.662354 0.537797 0.738016 0.791215 0.66439 0.530055 0.753897 0.619509 0.532426 0.566792 0.800379 0.532113
 1.42384 0.930652 0.42979 0.239832 0.261512 0.364289 0.491765 0.253227 0.231048 0.128878 0.0860969 0.152226 0.186151 0.185594 0.10066 0.108856 0.416239 0.346571 0.646617 0.525788 0.723962 0.783313 0.658738 0.520201 0.75711 0.615022 0.524989 0.562148 0.790196 0.517957
 1.39789 0.912153 0.41927 0.233151 0.249931 0.357501 0.493367 0.252107 0.230444 0.126483 0.0809578 0.148087 0.188484 0.186606 0.100025 0.106063 0.411839 0.337723 0.6378 0.513206 0.71416 0.761137 0.646168 0.511397 0.734844 0.599885 0.514305 0.548898 0.771994 0.500286
 1.40847 0.914905 0.418037 0.231863 0.254167 0.370363 0.513026 0.25932 0.234197 0.127257 0.0806404 0.147979 0.186529 0.187033 0.0998848 0.10412 0.405354 0.333655 0.626975 0.489297 0.698906 0.744574 0.645837 0.506724 0.717392 0.594408 0.51064 0.535477 0.749073 0.483548
 1.41103 0.913588 0.418389 0.231395 0.2512 0.371265 0.517466 0.261609 0.238149 0.129935 0.0835657 0.150809 0.18709 0.189857 0.100188 0.103547 0.400058 0.328539 0.629156 0.491624 0.700377 0.745532 0.645331 0.508995 0.70752 0.590492 0.508514 0.535596 0.746205 0.483469
 1.41881 0.907964 0.411099 0.232165 0.256801 0.375316 0.524177 0.259908 0.234405 0.128977 0.0807211 0.148942 0.17999 0.189788 0.0986809 0.102601 0.400746 0.322808 0.62036 0.488057 0.696019 0.736904 0.644331 0.512861 0.697193 0.576659 0.501647 0.528822 0.738935 0.478109
 1.39044 0.898992 0.409108 0.234201 0.260422 0.379122 0.516469 0.258108 0.240913 0.127637 0.0776096 0.147162 0.18482 0.196482 0.100546 0.101966 0.407578 0.332312 0.630998 0.497995 0.712883 0.737734 0.630915 0.504592 0.695813 0.579386 0.495661 0.523959 0.739919 0.477954
 1.40357 0.899105 0.407515 0.233046 0.259536 0.376517 0.519233 0.256883 0.234832 0.125939 0.0754475 0.145575 0.182914 0.192185 0.0990713 0.101907 0.405922 0.329569 0.610485 0.493811 0.693839 0.717753 0.626311 0.503071 0.683746 0.577843 0.489745 0.517892 0.729659 0.470316
 1.39658 0.911936 0.413327 0.237484 0.260203 0.374674 0.507238 0.251882 0.231366 0.1316 0.0815822 0.150359 0.183614 0.1923 0.0995064 0.104927 0.409301 0.330908 0.630777 0.506475 0.715498 0.716649 0.646182 0.528967 0.70522 0.581223 0.492366 0.524941 0.728039 0.474237
 1.41418 0.912154 0.413308 0.236046 0.25663 0.36699 0.498447 0.25152 0.230414 0.134503 0.0829835 0.150554 0.181031 0.186623 0.0957894 0.102939 0.400394 0.319145 0.621255 0.497763 0.705261 0.710807 0.649844 0.529403 0.691064 0.571176 0.485946 0.527144 0.72449 0.467645
 1.39373 0.907694 0.411577 0.235947 0.259839 0.367019 0.495852 0.248683 0.22892 0.131674 0.0816059 0.149633 0.180077 0.188346 0.0976723 0.101891 0.39949 0.315069 0.623791 0.497002 0.701747 0.72259 0.652385 0.527903 0.690402 0.578476 0.49113 0.527211 0.722172 0.467999
 1.39756 0.89778 0.407793 0.234634 0.261372 0.377274 0.491999 0.243794 0.224173 0.128986 0.0783789 0.146107 0.179654 0.18408 0.0957454 0.101205 0.391441 0.30669 0.628671 0.504037 0.690481 0.711546 0.652983 0.533519 0.686662 0.58361 0.494363 0.521451 0.72545 0.468404
 1.3668 0.888657 0.408259 0.233346 0.258331 0.366138 0.476392 0.23631 0.223741 0.128157 0.079874 0.147831 0.183956 0.186863 0.0966403 0.105178 0.393597 0.305617 0.651667 0.49605 0.696227 0.702424 0.669909 0.544428 0.682971 0.578933 0.494015 0.523321 0.719727 0.46777
 1.3607 0.888666 0.406741 0.234044 0.256086 0.366674 0.476335 0.236211 0.226697 0.128793 0.0806756 0.147806 0.185399 0.184562 0.0946114 0.105018 0.391673 0.303142 0.648153 0.491816 0.694391 0.692633 0.667445 0.541938 0.688399 0.587374 0.502074 0.530949 0.729353 0.476407
 1.37282 0.895682 0.409664 0.237807 0.275684 0.379513 0.486143 0.241363 0.226417 0.132041 0.0827381 0.14956 0.180013 0.175151 0.0926118 0.10148 0.387868 0.304915 0.649549 0.484874 0.673152 0.678713 0.672482 0.550548 0.695481 0.57992 0.494089 0.536796 0.741668 0.485274
 1.35663 0.89502 0.409963 0.237264 0.277615 0.391 0.489721 0.239459 0.225322 0.134168 0.0839278 0.152136 0.183563 0.175749 0.0883419 0.0987923 0.384884 0.306847 0.652767 0.485081 0.664923 0.662976 0.668693 0.541875 0.69561 0.584428 0.496959 0.532914 0.739805 0.485615
 1.37059 0.896292 0.410579 0.234882 0.270483 0.382566 0.490727 0.239606 0.223966 0.131567 0.0834539 0.154258 0.183042 0.174333 0.0877996 0.0977825 0.390526 0.312816 0.659233 0.487212 0.673217 0.668798 0.667603 0.541577 0.699622 0.591669 0.499497 0.534715 0.732443 0.479851
 1.40161 0.902431 0.411102 0.238687 0.277625 0.381765 0.493101 0.242794 0.226593 0.132252 0.0828605 0.157534 0.181955 0.169153 0.0868104 0.0927039 0.3972 0.315476 0.668557 0.487364 0.667673 0.672261 0.662794 0.543635 0.691302 0.581273 0.496652 0.535334 0.723501 0.473912
 1.4048 0.903076 0.40936 0.239871 0.290976 0.390312 0.484842 0.234883 0.218392 0.128233 0.0813285 0.158498 0.184708 0.169224 0.0853706 0.0911442 0.396707 0.312884 0.661584 0.49173 0.673914 0.673587 0.658743 0.544374 0.689695 0.58414 0.499954 0.535566 0.727804 0.475602
 1.44054 0.907857 0.41048 0.24089 0.280461 0.386211 0.472139 0.226815 0.211478 0.12553 0.0808917 0.159674 0.187956 0.168203 0.087697 0.094775 0.399159 0.318914 0.659977 0.492206 0.68025 0.684959 0.66171 0.544902 0.699682 0.587947 0.499692 0.537742 0.733677 0.482801
 1.43424 0.908366 0.412975 0.240468 0.27514 0.384791 0.475151 0.226301 0.203888 0.121168 0.0812058 0.159535 0.188758 0.167398 0.0897515 0.0962331 0.39385 0.309238 0.648519 0.494014 0.682381 0.686329 0.67179 0.560095 0.720085 0.591919 0.504138 0.533527 0.738391 0.487364
 1.41548 0.890217 0.404832 0.233553 0.26546 0.378383 0.465167 0.219007 0.198969 0.116247 0.076498 0.153269 0.180242 0.159474 0.0868706 0.0953423 0.390073 0.305105 0.629794 0.487374 0.683246 0.673658 0.660291 0.557916 0.710705 0.579282 0.488395 0.511161 0.71549 0.470977
 1.42787 0.897768 0.411999 0.235728 0.282317 0.398044 0.488778 0.232451 0.208018 0.121486 0.0795682 0.154262 0.181105 0.158149 0.0840193 0.0900099 0.383186 0.302427 0.639977 0.487273 0.684921 0.678728 0.660425 0.564853 0.721297 0.570202 0.472831 0.501899 0.707608 0.462784
 1.48674 0.918048 0.417122 0.241388 0.287409 0.406889 0.506127 0.244468 0.212077 0.120647 0.0789095 0.151827 0.183837 0.158734 0.0825318 0.0879528 0.375719 0.296393 0.649697 0.496373 0.678584 0.679744 0.65582 0.55666 0.719643 0.569961 0.472492 0.504232 0.709972 0.459286
 1.44006 0.907854 0.413297 0.23769 0.271502 0.39368 0.489153 0.231363 0.201269 0.11245 0.0765157 0.15382 0.188398 0.167914 0.0895215 0.0872537 0.382335 0.303284 0.650654 0.513485 0.69514 0.686151 0.665636 0.561025 0.715824 0.564924 0.479178 0.515754 0.721659 0.461169
 1.43529 0.911376 0.409702 0.23557 0.26109 0.369642 0.466349 0.221512 0.196809 0.112322 0.0774893 0.148448 0.186083 0.164435 0.0869772 0.0888435 0.384967 0.304747 0.656868 0.502769 0.703561 0.688065 0.673282 0.567182 0.724524 0.570334 0.47879 0.51976 0.72747 0.46724
 1.46411 0.930062 0.420428 0.241511 0.269234 0.3851 0.475476 0.226867 0.197499 0.116551 0.0839631 0.158527 0.194064 0.16776 0.0868624 0.087326 0.389514 0.316911 0.687935 0.519493 0.699416 0.710244 0.694875 0.589265 0.742081 0.591243 0.49209 0.521005 0.746862 0.47988
 1.41998 0.92207 0.420695 0.238813 0.261473 0.383647 0.472429 0.223328 0.201103 0.119156 0.0862899 0.163211 0.194403 0.168046 0.0865292 0.087479 0.380993 0.304216 0.685825 0.522102 0.696736 0.704321 0.692341 0.573262 0.721538 0.576231 0.481317 0.507949 0.751773 0.482399
 1.40872 0.919822 0.419902 0.23947 0.260303 0.385581 0.468807 0.219291 0.195068 0.115962 0.0851628 0.160549 0.194262 0.171659 0.0888721 0.0843176 0.382305 0.299927 0.702812 0.531909 0.704668 0.71276 0.687754 0.571033 0.726262 0.579645 0.480388 0.500296 0.74414 0.482685
 1.4046 0.910136 0.416615 0.235308 0.255516 0.37065 0.461022 0.217609 0.19083 0.109552 0.082664 0.159719 0.19639 0.172727 0.0868057 0.0819719 0.382452 0.297803 0.701344 0.535515 0.694828 0.703595 0.681835 0.571344 0.708485 0.563671 0.468823 0.49729 0.74224 0.480883
 1.39681 0.896924 0.406243 0.234036 0.258956 0.366367 0.439754 0.205485 0.181589 0.101963 0.0784938 0.157339 0.19283 0.171861 0.0847526 0.0800641 0.376545 0.293847 0.665355 0.520932 0.695085 0.697269 0.674914 0.564968 0.718376 0.570008 0.478592 0.496609 0.725573 0.464656
 1.37802 0.897171 0.407809 0.236925 0.262633 0.36786 0.442113 0.209498 0.189476 0.10648 0.0814274 0.156985 0.193095 0.172497 0.0849392 0.0835257 0.376627 0.292426 0.671841 0.526694 0.700865 0.694966 0.673773 0.564916 0.719623 0.573261 0.481606 0.50386 0.73338 0.469954
 1.36483 0.884934 0.403385 0.235031 0.264822 0.370697 0.437821 0.208712 0.189324 0.105426 0.0802476 0.15718 0.194809 0.17033 0.0828343 0.0827292 0.370328 0.282409 0.668337 0.515962 0.692708 0.683258 0.667402 0.556712 0.714807 0.563385 0.482275 0.503002 0.720684 0.459716
 1.37412 0.886674 0.40251 0.234175 0.268925 0.362306 0.436082 0.206061 0.185814 0.102716 0.0823544 0.160288 0.197736 0.166618 0.0776448 0.0786322 0.377385 0.28529 0.654101 0.506435 0.669836 0.676311 0.659589 0.553203 0.716716 0.563214 0.479291 0.493565 0.708395 0.451218
 1.35734 0.892906 0.404022 0.235703 0.278556 0.367036 0.43257 0.20548 0.185803 0.103503 0.0831135 0.164722 0.197282 0.163994 0.0803456 0.081628 0.377933 0.283111 0.656615 0.51775 0.677432 0.690516 0.677246 0.56174 0.726094 0.568096 0.482868 0.497338 0.706076 0.449357
 1.37151 0.897389 0.403547 0.236942 0.280315 0.36351 0.434139 0.210485 0.189312 0.102272 0.0822169 0.162939 0.195136 0.165378 0.0835686 0.0840013 0.378699 0.2886 0.65363 0.519327 0.671947 0.697725 0.681173 0.562424 0.728165 0.563474 0.475816 0.492287 0.705134 0.446329
 1.36562 0.886378 0.398253 0.234396 0.277966 0.359002 0.427493 0.207462 0.190281 0.104053 0.0833402 0.160541 0.191995 0.161514 0.0820359 0.0801123 0.377986 0.286701 0.641606 0.513175 0.67682 0.683841 0.667243 0.55011 0.717515 0.563582 0.471187 0.481508 0.696327 0.443122
 1.41719 0.896967 0.401224 0.233487 0.274842 0.362663 0.443293 0.216167 0.19512 0.107993 0.0859618 0.160968 0.190621 0.156675 0.0802724 0.0795445 0.380911 0.292061 0.643 0.511611 0.660966 0.676648 0.66551 0.534999 0.694214 0.544056 0.459476 0.47668 0.691119 0.441198
 1.37928 0.896896 0.405953 0.237223 0.277527 0.370643 0.442956 0.220862 0.19998 0.110672 0.0841765 0.163091 0.190492 0.158592 0.0801199 0.0811463 0.387537 0.298059 0.638594 0.51966 0.662871 0.696975 0.679019 0.541916 0.710671 0.546403 0.464815 0.487091 0.697376 0.443091
 1.36836 0.892101 0.401922 0.235685 0.283749 0.370969 0.434202 0.215667 0.197366 0.112482 0.0831846 0.162692 0.191601 0.159912 0.0793613 0.07777 0.376605 0.286135 0.621763 0.505726 0.659886 0.694611 0.679499 0.543958 0.709465 0.537176 0.458326 0.488616 0.706916 0.45364
 1.3722 0.893606 0.402585 0.234472 0.276574 0.367564 0.431128 0.21262 0.197968 0.112487 0.0831968 0.165652 0.191035 0.156282 0.080444 0.0800625 0.381353 0.291806 0.616246 0.494267 0.655008 0.68562 0.677594 0.541633 0.69744 0.521376 0.449673 0.488301 0.70877 0.457805
 1.39467 0.908 0.408946 0.241244 0.281661 0.382015 0.453006 0.224905 0.208831 0.120711 0.0867271 0.164723 0.195382 0.161661 0.0849842 0.0820583 0.38035 0.289675 0.628659 0.513577 0.668838 0.698756 0.682759 0.555425 0.713323 0.530932 0.453914 0.476826 0.707658 0.457099
 1.41018 0.907079 0.408978 0.242772 0.279922 0.380239 0.446767 0.223127 0.204536 0.120023 0.0855063 0.162655 0.199269 0.164454 0.0895554 0.0850722 0.380035 0.295147 0.63834 0.520469 0.660109 0.696407 0.684075 0.559843 0.720738 0.533482 0.450725 0.482743 0.718839 0.462951
 1.34983 0.88854 0.408508 0.240197 0.283115 0.382528 0.44306 0.218973 0.198395 0.114062 0.0797276 0.163831 0.196756 0.165403 0.0884737 0.0845355 0.375125 0.290862 0.649512 0.518942 0.672136 0.692116 0.684204 0.556599 0.719687 0.531768 0.452951 0.484067 0.719515 0.467239
 1.37344 0.89788 0.412727 0.239592 0.279196 0.380513 0.437482 0.214812 0.198338 0.115695 0.0794126 0.160528 0.192368 0.168068 0.0908191 0.0867067 0.379939 0.294724 0.650622 0.524332 0.684299 0.706644 0.692497 0.563411 0.746824 0.551109 0.460792 0.487544 0.742943 0.48311
 1.3836 0.900198 0.414928 0.240509 0.284366 0.375891 0.432332 0.212813 0.195845 0.112689 0.0772103 0.164025 0.198207 0.170461 0.0934958 0.0869167 0.37714 0.296055 0.662117 0.541161 0.708689 0.715415 0.694889 0.566855 0.743175 0.548904 0.460314 0.49771 0.746347 0.489283
 1.40949 0.89975 0.407596 0.239326 0.277918 0.362926 0.433702 0.211053 0.194346 0.109991 0.0753992 0.165235 0.19625 0.167296 0.0914868 0.0839663 0.368805 0.291624 0.661566 0.530188 0.684862 0.698328 0.673459 0.544364 0.734938 0.544831 0.450474 0.486915 0.739102 0.480703
 1.37551 0.880866 0.400448 0.234117 0.269083 0.349526 0.420595 0.204763 0.185573 0.104505 0.0689385 0.15963 0.194308 0.16517 0.0931434 0.0881154 0.362574 0.283586 0.666449 0.535345 0.68639 0.685146 0.665516 0.540405 0.74097 0.554634 0.455771 0.499204 0.733202 0.477606
 1.35093 0.870788 0.396006 0.232669 0.265564 0.334392 0.418479 0.205241 0.186207 0.104423 0.0682213 0.158301 0.192876 0.165158 0.0898244 0.0857504 0.36416 0.286077 0.674212 0.543766 0.695418 0.690031 0.678689 0.545299 0.741466 0.560319 0.460407 0.498974 0.732684 0.475216
 1.34053 0.862685 0.39366 0.229832 0.251897 0.324434 0.419346 0.212948 0.193242 0.105224 0.0661232 0.156412 0.190678 0.164189 0.0880591 0.0850925 0.362704 0.280074 0.6675 0.54402 0.692614 0.695681 0.696194 0.551235 0.740834 0.561699 0.454019 0.489249 0.723253 0.462203
 1.33217 0.857724 0.392289 0.229898 0.24855 0.317871 0.424856 0.217195 0.198724 0.108659 0.0674867 0.154397 0.185479 0.161885 0.0842929 0.0809445 0.36195 0.278393 0.678304 0.543565 0.67952 0.682667 0.692035 0.54692 0.735031 0.554238 0.451852 0.483531 0.724407 0.463599
 1.37919 0.870481 0.392564 0.2303 0.25261 0.32388 0.431517 0.221103 0.198289 0.109039 0.067486 0.151301 0.185208 0.162514 0.0862969 0.0817931 0.357854 0.274814 0.681647 0.542934 0.671343 0.68651 0.688858 0.539451 0.722256 0.546416 0.445029 0.472358 0.715262 0.453767
 1.40035 0.873397 0.39261 0.228782 0.249169 0.328025 0.432924 0.224151 0.199356 0.110544 0.0671221 0.149519 0.183911 0.158162 0.0841356 0.0821153 0.347196 0.263726 0.683354 0.539136 0.668084 0.691925 0.688441 0.538725 0.712417 0.529268 0.431017 0.465092 0.70415 0.443751
 1.41612 0.876079 0.389937 0.228425 0.237348 0.321676 0.426526 0.220269 0.196637 0.109394 0.0652544 0.149804 0.186953 0.157988 0.0835338 0.0816654 0.347261 0.266235 0.685184 0.537056 0.653753 0.678957 0.680072 0.534986 0.698674 0.51823 0.429153 0.461784 0.705757 0.444509
 1.38954 0.870624 0.391035 0.227045 0.234327 0.314301 0.42475 0.219277 0.196651 0.10832 0.063129 0.150924 0.188239 0.161775 0.08617 0.0822062 0.347487 0.268944 0.675314 0.535503 0.657973 0.676283 0.683893 0.541432 0.701147 0.515818 0.429835 0.462797 0.702759 0.438478
 1.41305 0.872117 0.389356 0.225768 0.232819 0.308166 0.416828 0.216587 0.192041 0.106155 0.06306 0.150823 0.188098 0.158045 0.0849709 0.0814206 0.342638 0.266628 0.69055 0.536275 0.655687 0.676537 0.679914 0.543102 0.70172 0.514443 0.43098 0.466752 0.706786 0.441415
 1.36536 0.854804 0.383635 0.225309 0.226148 0.299572 0.428162 0.225727 0.200225 0.106897 0.0617386 0.144223 0.186352 0.157911 0.0844992 0.0781983 0.336779 0.262205 0.681737 0.526666 0.650817 0.67446 0.669018 0.535006 0.698745 0.511833 0.431499 0.470422 0.717229 0.447391
 1.38845 0.859002 0.38425 0.224345 0.223203 0.297383 0.4283 0.227615 0.204844 0.108422 0.0628816 0.144958 0.181834 0.155438 0.0829772 0.0766751 0.34139 0.266409 0.685144 0.533005 0.664551 0.669364 0.660112 0.520488 0.689655 0.505065 0.427007 0.467393 0.7178 0.448529
 1.34147 0.85536 0.387433 0.224697 0.224852 0.308936 0.439003 0.232542 0.206453 0.109699 0.0632011 0.146757 0.183236 0.15422 0.0846128 0.0763272 0.345489 0.26988 0.680743 0.536048 0.679897 0.67294 0.666134 0.524862 0.695328 0.511781 0.431593 0.471807 0.7331 0.463734
 1.35426 0.84941 0.385327 0.222832 0.218017 0.303461 0.435086 0.235099 0.207796 0.109331 0.0611465 0.146007 0.181924 0.153917 0.0826089 0.0732842 0.352214 0.279988 0.681083 0.530083 0.678497 0.671773 0.645618 0.50122 0.671824 0.503961 0.438349 0.483452 0.748144 0.47113
 1.34015 0.846917 0.384986 0.221957 0.21726 0.303855 0.442032 0.240693 0.206758 0.107113 0.0615465 0.147479 0.18103 0.150513 0.0809382 0.0744398 0.353086 0.288509 0.681097 0.541094 0.672669 0.676744 0.642686 0.498101 0.658335 0.500708 0.441618 0.487152 0.749157 0.470783
 1.34714 0.853234 0.386142 0.226026 0.21868 0.308497 0.455051 0.245842 0.207461 0.108461 0.0618114 0.150348 0.183125 0.156484 0.0817761 0.0772145 0.351176 0.286 0.666222 0.535762 0.67236 0.679301 0.646578 0.502979 0.654139 0.506969 0.4386 0.495941 0.755404 0.478587
 1.38991 0.868961 0.39137 0.229215 0.217375 0.305791 0.437982 0.23777 0.202199 0.109436 0.0660767 0.156832 0.18501 0.1579 0.0838142 0.0826853 0.352223 0.288461 0.691849 0.541021 0.707427 0.69332 0.654683 0.515365 0.661853 0.509743 0.441698 0.501751 0.766755 0.484834
 1.39751 0.867089 0.389615 0.228502 0.220094 0.309526 0.452468 0.249071 0.209864 0.111394 0.0640799 0.154213 0.180166 0.155678 0.0822282 0.0813354 0.342776 0.283197 0.691326 0.54234 0.708471 0.69834 0.649156 0.510497 0.664131 0.507553 0.435344 0.491243 0.763479 0.48032
 1.43306 0.885845 0.394356 0.23069 0.214286 0.297077 0.449675 0.250104 0.209431 0.115098 0.067511 0.151697 0.179454 0.154864 0.0828695 0.0832904 0.342131 0.277578 0.68822 0.562379 0.728341 0.711673 0.656445 0.524043 0.676173 0.520977 0.443467 0.504698 0.774878 0.492533
 1.39854 0.88252 0.398562 0.229667 0.215346 0.305521 0.459691 0.26151 0.222671 0.123833 0.0711129 0.154171 0.182348 0.159781 0.0812986 0.0792772 0.341177 0.279682 0.67851 0.560044 0.722041 0.706986 0.64777 0.51593 0.684955 0.531977 0.455892 0.510241 0.775683 0.491208
 1.39122 0.879047 0.393062 0.227321 0.206763 0.288439 0.439161 0.247984 0.216303 0.120724 0.0702978 0.162188 0.185174 0.157866 0.0803489 0.081907 0.33945 0.278465 0.69028 0.55133 0.712238 0.703599 0.647038 0.512889 0.682569 0.529125 0.453497 0.500711 0.776446 0.492364
 1.41324 0.887485 0.39654 0.227798 0.209167 0.298773 0.440451 0.248831 0.220416 0.121006 0.0699644 0.16385 0.181386 0.158186 0.0800334 0.08254 0.328694 0.273154 0.682356 0.540046 0.709736 0.696826 0.643355 0.515674 0.684567 0.537775 0.454072 0.494265 0.768236 0.485135
 1.42986 0.896439 0.401614 0.231236 0.216632 0.307895 0.450619 0.257314 0.222738 0.123612 0.0713407 0.161499 0.178007 0.159233 0.0803832 0.0834891 0.327601 0.273534 0.682552 0.54357 0.708953 0.69892 0.657812 0.529752 0.690278 0.553508 0.456615 0.493362 0.771254 0.490486
 1.43806 0.906776 0.406941 0.234787 0.22148 0.315724 0.460258 0.266554 0.232213 0.12965 0.0744751 0.162531 0.174391 0.160075 0.0801598 0.0812749 0.337212 0.278306 0.682411 0.537578 0.715626 0.705276 0.669718 0.541829 0.696521 0.560185 0.466472 0.498938 0.773676 0.489504
 1.47107 0.924138 0.416327 0.237693 0.220569 0.31582 0.471437 0.282972 0.238588 0.134303 0.0772485 0.165773 0.175857 0.162231 0.0811792 0.0818236 0.3375 0.277067 0.684472 0.544678 0.716369 0.712311 0.674984 0.547705 0.710199 0.585484 0.485841 0.51093 0.780742 0.497338
 1.44527 0.923892 0.415832 0.240078 0.223641 0.319216 0.479431 0.284697 0.240091 0.130321 0.0753635 0.170626 0.173153 0.163295 0.0820089 0.0812878 0.332729 0.270237 0.68389 0.546637 0.702253 0.69056 0.657854 0.538664 0.708132 0.589162 0.489894 0.519479 0.776006 0.494144
 1.44002 0.921892 0.414792 0.239403 0.217933 0.326025 0.492663 0.290923 0.239345 0.126061 0.0710683 0.170142 0.170808 0.162502 0.0833323 0.0801236 0.338704 0.270874 0.674178 0.531139 0.689337 0.679475 0.666077 0.556926 0.719693 0.599845 0.494444 0.514095 0.780171 0.494817
 1.47565 0.939208 0.423153 0.241772 0.220908 0.321375 0.488932 0.29616 0.248369 0.131841 0.0718329 0.173165 0.175114 0.163815 0.0855465 0.0857753 0.339707 0.274926 0.692846 0.530076 0.697807 0.676279 0.657622 0.548132 0.723917 0.598398 0.499943 0.513466 0.775791 0.489626
 1.46774 0.932406 0.419663 0.240775 0.22769 0.31421 0.477348 0.284035 0.239109 0.123837 0.0698551 0.172826 0.168398 0.159842 0.0827498 0.0805767 0.348413 0.279056 0.693276 0.533724 0.696867 0.666845 0.639363 0.535106 0.717723 0.59853 0.495541 0.510274 0.763657 0.48374
 1.45424 0.943589 0.4271 0.246444 0.238908 0.324056 0.475261 0.289158 0.241029 0.127879 0.0726548 0.176118 0.178583 0.163811 0.0825383 0.0855447 0.348961 0.284449 0.71144 0.535113 0.698544 0.683988 0.657617 0.546121 0.737743 0.613445 0.509117 0.516135 0.77118 0.493955
 1.42717 0.923984 0.421215 0.242227 0.237064 0.32444 0.484646 0.295612 0.243614 0.127657 0.0732561 0.174513 0.176369 0.161759 0.0835099 0.0824678 0.340665 0.275296 0.699776 0.527289 0.690603 0.66552 0.655031 0.557167 0.738519 0.62134 0.515284 0.513664 0.770527 0.495746
 1.46975 0.940087 0.425111 0.243813 0.24232 0.331396 0.501855 0.30489 0.255052 0.134118 0.0756244 0.176842 0.173531 0.158102 0.0812938 0.083224 0.342402 0.277965 0.695113 0.515894 0.70137 0.668301 0.665867 0.559595 0.717276 0.611838 0.505769 0.512489 0.75927 0.487015
 1.4694 0.931771 0.418654 0.241391 0.232296 0.322753 0.485518 0.291222 0.24288 0.127696 0.074417 0.177176 0.177046 0.158052 0.0786643 0.0800954 0.344628 0.278031 0.681848 0.509194 0.67884 0.659733 0.65951 0.545069 0.711737 0.608485 0.50053 0.514578 0.760083 0.485824
 1.42884 0.920183 0.413383 0.238667 0.223734 0.314884 0.476054 0.282026 0.237628 0.126304 0.0719243 0.173336 0.171772 0.158488 0.0795606 0.0790229 0.347553 0.279032 0.682411 0.522594 0.671578 0.666643 0.665656 0.547678 0.72798 0.629416 0.513274 0.520397 0.760356 0.491115
 1.45186 0.929154 0.413017 0.23904 0.226441 0.31814 0.474461 0.283445 0.23967 0.122985 0.0688951 0.174764 0.172974 0.157377 0.077426 0.0801287 0.346039 0.272964 0.678508 0.528105 0.694282 0.678278 0.67452 0.548055 0.727309 0.6335 0.511371 0.526291 0.764854 0.492935
 1.48602 0.936697 0.417317 0.240568 0.236947 0.324402 0.469873 0.290254 0.249882 0.126841 0.0689883 0.179843 0.178506 0.156581 0.0759854 0.0810285 0.342475 0.266034 0.668404 0.522325 0.692511 0.674194 0.671415 0.545912 0.728003 0.63817 0.511281 0.542883 0.75653 0.485901
 1.48464 0.939652 0.417832 0.239734 0.236045 0.320361 0.443938 0.281263 0.247589 0.126964 0.0658761 0.175091 0.175543 0.154945 0.0794325 0.0802469 0.348417 0.266492 0.662257 0.508167 0.695213 0.678868 0.665764 0.543066 0.732061 0.619913 0.502686 0.547366 0.762964 0.495224
 1.47924 0.930861 0.414826 0.240847 0.236243 0.319072 0.447132 0.283516 0.244299 0.124792 0.0666929 0.174331 0.173593 0.15631 0.079571 0.0818858 0.34759 0.270346 0.655227 0.522898 0.705327 0.687367 0.670407 0.549499 0.733684 0.619013 0.503638 0.550692 0.763205 0.493265
 1.51024 0.94328 0.421148 0.246215 0.239473 0.318549 0.443166 0.276727 0.243103 0.125596 0.0678922 0.176955 0.175997 0.15982 0.0819928 0.085528 0.358915 0.281644 0.673256 0.549177 0.715847 0.697274 0.684236 0.565331 0.753213 0.639807 0.521712 0.563311 0.775545 0.502625
 1.48137 0.936335 0.417476 0.244893 0.240535 0.318847 0.433244 0.273132 0.238479 0.124674 0.0659556 0.181791 0.178484 0.161507 0.0822615 0.0839785 0.355113 0.279086 0.651963 0.545144 0.69934 0.688363 0.672366 0.560338 0.749449 0.642431 0.524878 0.563883 0.777129 0.503318
 1.46541 0.928605 0.415977 0.241979 0.23782 0.308348 0.421915 0.256977 0.230593 0.123226 0.0663106 0.182317 0.183353 0.16293 0.0826525 0.0835895 0.347035 0.269164 0.645896 0.54848 0.698651 0.692439 0.655543 0.547343 0.743403 0.646852 0.529566 0.564994 0.766972 0.496631
 1.41386 0.913027 0.410581 0.238485 0.230005 0.287063 0.394387 0.236102 0.215214 0.118145 0.0640841 0.182058 0.184265 0.159228 0.0816529 0.0848405 0.348834 0.269225 0.652253 0.550627 0.689292 0.677608 0.65864 0.558945 0.755522 0.657261 0.544427 0.57576 0.77129 0.502721
 1.38176 0.916439 0.414498 0.23774 0.221722 0.281153 0.391007 0.239156 0.223369 0.12614 0.0710123 0.183055 0.189292 0.166577 0.0877299 0.0856442 0.346518 0.260505 0.648133 0.545678 0.688064 0.68207 0.662848 0.575049 0.761775 0.668252 0.552434 0.565026 0.777799 0.512268
 1.3596 0.912684 0.4115 0.236061 0.217386 0.282269 0.384252 0.237379 0.224737 0.126563 0.0717095 0.179188 0.187474 0.168327 0.0886019 0.0875453 0.345462 0.26115 0.640883 0.541559 0.689165 0.679466 0.662019 0.575556 0.774428 0.677037 0.554176 0.557564 0.765746 0.501187
 1.40891 0.926019 0.414265 0.237924 0.216799 0.270475 0.378807 0.233571 0.224239 0.129904 0.0745071 0.178683 0.186146 0.165858 0.0904395 0.0880782 0.35317 0.267306 0.655608 0.551911 0.692157 0.68115 0.661761 0.570553 0.787629 0.689641 0.570294 0.56573 0.778051 0.508413
 1.41447 0.922657 0.412123 0.23703 0.214852 0.274177 0.379726 0.229611 0.21989 0.124696 0.0714223 0.180158 0.18536 0.164988 0.0898601 0.0886682 0.35501 0.271007 0.661372 0.568402 0.694564 0.672746 0.653703 0.566278 0.794979 0.693571 0.564814 0.563364 0.772724 0.506257
 1.44624 0.929017 0.412715 0.234802 0.211302 0.267658 0.376489 0.230432 0.22008 0.125602 0.0721959 0.175001 0.181366 0.165301 0.0905 0.0883934 0.353286 0.269319 0.65835 0.561701 0.684379 0.666681 0.64713 0.557182 0.798192 0.690213 0.563427 0.562254 0.77321 0.507227
 1.43384 0.922592 0.409882 0.238418 0.219077 0.272033 0.374008 0.226133 0.215119 0.124379 0.071233 0.173792 0.180089 0.166656 0.0898104 0.0892065 0.354916 0.269668 0.66568 0.567703 0.673494 0.668376 0.644734 0.560541 0.809058 0.703184 0.570548 0.572244 0.778299 0.512205
 1.46998 0.933719 0.407915 0.23752 0.212144 0.279089 0.389577 0.241504 0.227035 0.127777 0.0689234 0.167128 0.181064 0.16629 0.0873593 0.0859797 0.345987 0.261154 0.640615 0.552645 0.666322 0.649901 0.626674 0.54895 0.796762 0.707477 0.567088 0.562031 0.743707 0.484117
 1.47016 0.926171 0.403876 0.233445 0.215772 0.273401 0.390343 0.24561 0.225463 0.126524 0.0681557 0.164433 0.180855 0.169561 0.0890668 0.0858357 0.338716 0.252237 0.641504 0.546539 0.651654 0.634555 0.609333 0.538846 0.797069 0.708855 0.559911 0.549631 0.745892 0.484212
 1.52811 0.939452 0.405851 0.232077 0.213511 0.266529 0.388298 0.244404 0.2235 0.12354 0.0670067 0.162888 0.176566 0.169372 0.0883941 0.088077 0.343021 0.254517 0.635375 0.53934 0.656013 0.641548 0.602508 0.530482 0.803462 0.711605 0.561172 0.547013 0.755936 0.490785
 1.55404 0.947777 0.412619 0.233233 0.212769 0.271015 0.391342 0.248139 0.223185 0.125844 0.0692586 0.163127 0.177355 0.166944 0.088841 0.0933654 0.349319 0.2652 0.654733 0.554761 0.669131 0.641703 0.605947 0.538696 0.827006 0.734703 0.577585 0.559538 0.76912 0.499893
 1.52303 0.936692 0.409028 0.2304 0.205407 0.276116 0.397308 0.252912 0.22416 0.126369 0.0681342 0.166583 0.17758 0.167112 0.0873966 0.0901132 0.347105 0.259359 0.653171 0.544122 0.659255 0.640076 0.614054 0.538255 0.823318 0.730483 0.572549 0.560437 0.765059 0.494868
 1.47807 0.928583 0.406323 0.230772 0.212046 0.285052 0.405324 0.255553 0.222748 0.125333 0.0669971 0.168627 0.178347 0.165267 0.089811 0.0919654 0.353204 0.263871 0.658085 0.535231 0.658356 0.628087 0.606335 0.526832 0.818688 0.724333 0.56848 0.562327 0.761193 0.488131
 1.50375 0.940042 0.41131 0.235448 0.208632 0.274958 0.396907 0.253879 0.219856 0.123533 0.0676367 0.168788 0.182584 0.167852 0.09226 0.0930513 0.352833 0.261029 0.654403 0.529592 0.647354 0.628018 0.607496 0.52606 0.82383 0.728127 0.576379 0.566108 0.768653 0.496731
 1.52872 0.935354 0.410078 0.23382 0.203314 0.267156 0.385642 0.24609 0.215037 0.120574 0.0660132 0.171818 0.182508 0.162586 0.0912975 0.0934451 0.345429 0.256277 0.646927 0.534251 0.629668 0.623348 0.611927 0.524193 0.810591 0.707173 0.556592 0.571459 0.769833 0.493322
 1.57407 0.956271 0.416347 0.238378 0.201563 0.265442 0.390413 0.252963 0.220863 0.124013 0.0689365 0.177157 0.188575 0.16478 0.0914927 0.096036 0.353239 0.266337 0.663092 0.54015 0.639916 0.64483 0.627046 0.538669 0.826632 0.71624 0.566628 0.574802 0.777068 0.498895
 1.53407 0.95146 0.418781 0.239062 0.198724 0.264778 0.392535 0.252733 0.222968 0.125086 0.0689845 0.178031 0.190092 0.164113 0.0912778 0.0957104 0.356186 0.271067 0.665368 0.543098 0.647316 0.650001 0.635649 0.544883 0.834762 0.721723 0.567031 0.574718 0.778781 0.498292
 1.56252 0.952105 0.417164 0.241892 0.196981 0.257005 0.38654 0.249018 0.222559 0.123792 0.0673017 0.181327 0.191871 0.167852 0.0918807 0.101619 0.364657 0.278242 0.666728 0.54868 0.654363 0.658769 0.636299 0.548251 0.834353 0.724668 0.567984 0.574955 0.777567 0.496234
