 92173.7 48860.5 78106.4 101939 77954.6 43160.5 27604.5 24115.2 93101.9 113014 29689.2 41226.1 67421.4 53365.3 44717.4 33210.1 62116.5 82568.8 91298.5 111777
 97678.9 39470.4 28326.6 47988.6 45753.6 25151.5 25339 56789 87097.8 68608 50319.7 32379.4 23191.4 37666.2 41195.8 55559.4 169187 185959 56036 85107.9
 126756 72241.4 24259.8 52548 111986 98365.5 48694.8 48499.2 81278.9 68146.3 54778.8 43086.2 35165.9 91882.9 114359 43401.4 32372.7 55069.6 113116 126397
 90443.9 46348.2 53815.4 71226.3 64048.2 51915.1 51329.6 67839.4 64234.1 30641.8 30313.3 44443.7 55865.9 60742.2 57562.2 67692.5 63438.1 45090.5 27649.9 75643
 92100.2 44504 80912 141199 89632.8 29678.3 33590.9 31025.2 87324.4 118137 44804.7 50668 89825.1 82287.9 103640 104145 50513.7 52300.4 76112 98135.7
 90265 47347 43802.8 52250.7 82172.2 94323.5 43538.4 28846.5 31670.1 53111.9 76693.1 75328.1 44855.8 29461.9 30632.1 36164.1 44233.4 49175.4 38846.3 72850.6
 84812.9 59248.8 51259.4 69722.6 81740.9 46910.3 35499 53990.6 74268.1 64990.7 83909.8 82068 50899 50429 51985 89501.6 124317 91452.9 81584.5 90960.4
 72857.5 24616.8 29957.6 52780.9 56787.9 59486.2 63493.5 51321.3 92598.4 101964 48794.6 32082.1 30490.7 64635.5 86181.2 59082.4 53877.5 55859.1 51448.8 43597.2
 70136.1 44406.3 69476.5 60479 60631.1 50859.5 63420.1 86597.8 64737 35004.7 34217.7 35603.6 54516.5 55587.3 80958.1 115224 74534.1 31021.1 30789 111410
 73916.9 22120.7 20965.6 70732.5 95865.6 42686.1 35608.4 51127.7 56588.2 62450.8 52953.2 47614.3 93853.9 113219 55502.6 49131.3 74182.4 100157 77543.2 28298.9
 87720.4 37573.9 42595 53558.5 57344.1 73571.3 50624.5 22291.1 56686.7 88826.9 58551.8 50021.9 71929.6 67625.2 46474.1 31942.9 27516.5 31339.1 39303.7 79662.2
 96886.2 59473.6 41850.6 18190.7 18619.8 54325.6 78897.3 72682.1 79113.3 38923.9 58271.6 80117.6 37653.2 50883.2 103283 90107 43945.8 54964.1 59262.8 32720.4
 118576 50696.6 46461.2 150633 175697 47991.2 49647.5 70722.6 54134.1 44335.5 53078.2 60468.7 84137.9 130127 86271.2 27714 91176.8 123806 47499.4 24764.5
 135231 0.320374 5.52782e-05 1.78079e-09 4.49276e-13 4.19673e-17 2.25479e-20 1.43989e-24 2.75781e-28 3.82162e-32 3.15499e-36 2.81538e-40 1.3831e-44 1.91858e-48 3.49411e-52 2.3731e-56 4.28449e-60 2.35051e-64 2.41219e-68 4.70449e-72
 134092 42621.1 56444.8 133968 114931 67580.7 78395.1 72381.8 90426.5 84007 97401.8 83691.7 45124.4 90936.1 91136.8 39368 58387.6 77415.4 57396.9 56963.6
 118463 22174.1 15616 43872.4 54685.3 121252 150662 44143.7 24183.3 20260.2 41149.4 97174.3 84012.1 24595.5 24047.8 33782.8 34189.3 31274.4 56140.5 69104.9
 118587 38737.7 21234.8 24798.3 22249.4 13032 19381.7 17255.1 78240.3 132066 67221.5 69940.2 75170.4 36035.5 33359.1 51042.7 54906.4 71270.9 115141 134318
 94430.9 13587.2 11012.7 7959.75 8328.15 41301.8 84509.4 62458.1 22817.1 16453 41528.2 49046.7 23606.9 36655.9 54550.3 63544.8 78416.8 61592.1 64549.1 94493.2
 127929 84823.6 51315.7 120645 124103 37712.5 26965.6 46064.4 40978.3 33007.5 50460.3 44128.4 71490.5 95433.6 79362 54436 41604.4 43687 58590.4 63990.1
 78409.9 39151.8 39180.9 37326.9 41756 40688.7 39978.8 43296.6 39681.7 28730.1 40858.4 51521.4 53653 53366.9 57964.1 63464.9 46681.8 54885.5 62543.3 46319.6
 126933 36899.5 42698.8 64141.1 61098.7 41780.9 47218 51008.2 45533.1 74400.4 97757.5 86195.8 66658.6 55622.8 60811.8 70309.7 59633.2 71109.4 97789.1 54337.4
 125218 31789.5 15782.2 17586.5 22683.3 32544.8 67646.3 130077 114325 30329.3 11513.5 10103.5 73108.8 118407 50679.5 52267.5 62363.7 26969.7 28501.9 63142.8
 98389.4 21494 14319.2 37248.9 50903.5 45654.2 66697.7 110354 83826.4 33425.7 50885.1 96034.5 83403.5 44989.7 58983.3 58445.8 88615.3 83315.6 39986.2 46865.2
 119833 44331.2 24336.7 23328 87794.5 125798 53909.2 52963.6 76633 111090 112759 77028.2 70888.8 75019.4 66137.9 86841.2 66800.4 56344.5 108644 91849.1
 124914 20960.1 23527.1 44298.8 62560.9 67149.9 72059.2 112168 101077 54433.9 45512.2 130828 149252 37876 58416.7 80763.3 44044.8 51707.2 92245.9 93747.5
 89029.7 47253 42405.2 49603 124657 118399 40407.9 51411 53138.5 52574.7 53398.5 46186.3 35290.3 43490.7 50449.8 37167.2 28709.5 34034.3 49697.3 92175.5
 101344 44865.7 32891.8 43620.6 71716.4 93691.9 73089 73440 76297.3 68165.3 54875.7 65897.6 80499.2 129218 146640 54371.9 55613.3 123346 139610 61605.9
 110412 69668.4 54532.5 56381.7 81004.2 49989.2 54722.6 70793.3 88907.2 89270.3 70668.7 63003.5 98612 173272 136022 50956.6 53502.2 58845.2 58803.7 64411.2
 119142 35670.2 26036.2 23317.1 30726 87336.4 98320.1 84975.7 100802 34315.3 22021.8 24227 26879.1 20731.7 42698.7 57217 42336.5 50339.4 91591.9 198539
 131817 74901.2 44453.4 62566.4 42810 42022.5 49516.5 38317.1 30297.1 62033.9 93512.1 78772.5 78836.4 33814.8 22137.6 34142 62074.6 110222 116941 58975.7
 97765.9 51206.9 46514.1 37801.3 36045.2 69237.7 77128.4 68000.8 112361 132798 72100 31470.9 33073.1 42524 75697 81807.3 46066.4 81249.6 117496 55756.9
 77965.1 21949 17745.3 33914.6 38221.2 29782.8 64174.6 76770 45959.2 41423.4 50934.5 70171.3 64449.2 49555.5 65395 51823.9 41804.4 47367.4 37662.3 96550.2
 128687 68993.7 22833.5 19348.3 17300.2 22713.4 40204.4 36738.5 61881.1 92170.4 82332.6 98877 79761.7 73173.9 81072 94613.2 85646.3 65959.6 203078 248967
 101659 32930.7 35293.8 65508.6 88364.5 64088.5 41899.2 43103.6 65697.1 78558.1 136800 158253 41912.5 30699.8 68730 84095 65266.6 56524.3 63508.7 70063.8
 85581 30466.5 39699.7 41010.4 65873.5 102756 76575.9 88004.2 64063.7 56767.6 36894.2 52524.2 133918 134454 43566 127501 198527 38970.6 83430.4 149291
 153590 128211 21060.6 8522.16 6632.34 6797.27 17828.3 36462.6 46356.8 55507.1 49905.7 57484.3 72907.7 51379.2 50258.8 43126.3 42529.4 66381.7 48025 33604.5
 114400 62847.6 41956 54686.9 145673 173041 41519.6 19727.8 21608.9 39176.4 105138 125009 64889.3 52930.5 33531.9 44186.6 33783.2 48591.3 101994 82282
 85537.5 51478.4 77041.9 65795.5 32163.7 50813 120903 129580 55631.7 39889 77040.4 100883 113964 102901 46622.3 36889.8 45685.5 38320.7 32700.2 31935.7
 82669.7 46377.7 39245.5 41073 51453.1 74096 63072.5 28901.5 16395.4 12621.9 21129.7 43360.3 74144.3 75852.4 55088.6 76512.5 89244.8 44455.6 56666.9 221286
 60170.5 46273.7 81796.5 109690 84680.6 40527.4 32134.5 36517.3 33052.3 27718 39356.5 44998.4 37475.8 50504.5 49543 37191 53992.4 63538.1 55514.3 76798.7
 101469 60019.2 47584.6 35836.9 36022.2 54969.7 92211.4 119063 77998.4 38937.4 40551.4 100963 113002 64172.9 63069.6 86142.7 77631.3 59319.8 55810.5 38609.9
 85783.2 39345.8 100910 107973 70202.7 87353.2 53704.8 58562 49636.5 43818.3 47040.9 43709.9 61807 115637 118236 60937.1 37664 33785.3 64616.2 68866.6
 98986.1 31065 78700.3 106711 76318.8 76562.6 49969 64238.9 96909.6 79426.4 50975.4 57738 24859.2 69316.8 109483 93793.5 94390.3 63078.8 95372.7 126759
 146780 89556.2 44603.5 31406.4 41683.5 62303.7 72255.4 79047.4 57608.3 55638 76314 179596 213227 62351.2 32683.2 48909.1 66399.9 68792.4 39738.5 32054.1
 156171 37902 36850.7 69791.7 55637.2 76291.2 109334 81544.2 55068.1 73062.5 82988.4 57658.9 74451.5 83377 65141.8 98227.6 107178 48261.4 66098.8 103286
 101621 25803.7 26632.5 36502.1 29689.9 24376 74441.9 120644 91989.3 36665 36907.5 42354.9 23809.1 37831.3 38722.7 22736.4 23687.5 25009.3 48718.4 56726.5
 106789 27264.3 36601.4 47074.9 49859.3 55973.4 72413.1 63314.2 70339.2 70843.9 52637.7 46966.7 55800.4 68388.6 44347.6 71818.4 120123 90704 49310.3 50584.4
 114214 5719.05 14380.1 17837.1 9214.04 18800.8 45619.1 69267.7 58399.9 47540.7 91697.3 113973 51435.2 32579.8 46482.1 61021.9 77370.6 53509.9 12208.3 17297.6
 111687 35548.3 23038.7 22114.5 31862.9 38239.8 30468.7 47144.5 69026.5 68231.6 48386.6 37404.1 40599.3 40598.3 111445 148226 77220.4 48619.6 94728.1 113760
 149109 62816.5 60798.9 58293 59293.1 133428 128703 38073.7 21261.1 56714 108756 114444 75677.8 65332 89128.5 76295.7 54053.9 110792 123507 55543.7
 125263 29913.1 45775.6 51020.3 38127.1 78000.6 114674 68009.5 44934 38615.9 57018.9 122309 116238 49699.7 43645.4 45566.5 40916.5 32259.2 21530.5 68159.3
 147117 25102 24346.6 75385.7 95000.7 75714.7 58457.1 27327.1 16151.5 30125.5 45280.2 89035.8 183319 157902 50344 48255 73801.8 73596.1 44497.5 44251.9
 116989 51422.7 30634.2 23260.7 29512.2 32039.4 56073.5 65190.5 66860.9 95225.2 49405.5 59664.3 68574.2 53864.3 51134.3 73853.6 112591 98576.8 80390.9 47310.2
 80975.8 55070 58247.8 46538.7 37691.6 58073.2 95463 70261.5 26393.6 52080.5 87002 88205.6 54513.1 38654.6 101361 241805 208902 50934.9 38535.1 112018
 123204 60203.7 49888.7 44805.4 27463.7 72417.8 115263 72067.4 38251 35713 38722.9 77455.2 107187 78056.2 50484.6 64784.9 86851.1 135644 126482 57141.6
 121732 41647.8 90360.3 141633 106510 66178.7 80247.8 126731 94649.1 40223.7 33320.5 119291 160525 46817.2 60775.7 165055 153980 56907.7 49893.1 80901.2
 124714 60484.9 62208 90472.1 104727 51080 22684.2 47264.9 86974.6 67844.8 117074 157591 86299.5 72454.9 59883.1 49444.8 45941.4 26464 25493.2 31985.8
 119222 23790.9 14339.8 28509.7 135879 172450 73639.5 49901.7 96774.6 107808 65408.7 73141.1 80254.8 69777.3 63724.8 56505.1 89409.8 87579.9 21598.1 26398.6
 107301 60845.4 57484.5 45052.1 27897.8 22141.9 35307.5 34234.4 30084.1 26251 41902.2 114009 126270 50860.6 28001.4 37883.7 50299.9 62804.6 60509.9 61708.4
 130169 62769.9 46330.1 44843.8 40254.6 59134.2 111975 115340 55457.4 82581.9 94333.6 99067.1 106933 69498.9 61212.3 54287.8 53470.5 53756.6 81842.1 150275
 106064 53095.4 48604.2 43239.6 70630.1 46910.5 72549.9 92028.4 69536.2 116316 94140.9 70600.9 114592 111414 59078.7 87099.3 93563.5 158552 218498 70519.4
 88520.1 26951.5 19660.5 35439.6 66840.2 71033.3 37533 53601 92185.1 92590.1 74813.4 54337.1 34338.3 72279.9 128039 115029 76806.9 44214.4 87233 132144
 87494 33642 38122.4 76992.6 73790.6 20890.7 44803.3 52702.6 24560.3 26471.6 60866.7 94134.2 78638.3 59208.7 53653 158801 187634 50545.5 19327 27225.2
 157137 96814.1 35020.3 71944 60258.5 98925.3 116785 54814 56070.4 63222.7 51301.7 79754 92603.8 50512.3 45618.7 42086.6 66745.3 83331.7 62619.2 35784.8
 84921.1 59508.9 38301.5 48607 101632 85908.3 60861.7 94522.9 94254.3 64661.9 71264.1 63243.2 62512.4 108672 106850 76153.1 84160.4 80697.2 63951.4 54993.5
 82142.9 39736.8 44662.9 55723.3 51390.2 40282.1 60908.6 68052.6 111118 116431 49454.2 54672 105107 122046 62514.7 45604.7 47762.3 36839.5 50665 55996.3
 113703 56514.3 32359.3 49304 64296.7 63231.6 59647.5 65950.3 56535.2 53521.7 56415.7 29737.2 57245.8 95017 88242.5 48306.8 91719.7 130531 65399.3 40741
 137463 90027.3 33721.7 42944.2 47056.8 66205.1 75685.9 85974.9 159008 139836 43953.6 57712 92689.4 77468.4 40342.1 34286.6 32097 41062 51531.2 68606.9
 134217 84092.2 74148.5 64456.6 67543.9 59494.6 52990 83229.4 154305 122670 30999.3 34911.8 47349 52495.8 45740.1 27775.8 21165.6 15203.5 27455.5 108122
 110712 18769.3 37225 73896.1 82905.7 71248.5 83980.2 87060.1 73800.8 114252 133064 56891.8 27593.9 73701.2 85855.5 56104.2 42371.2 57212.5 65445.4 47001.4
 129237 33241.9 61215.5 118835 83585.8 68428.4 85116.8 51799.6 49693.6 94280.6 116676 60429.8 36758.1 45247.5 43478.6 28928.5 131067 181069 66433.8 26941.3
 153243 77750.5 49759.2 112001 94790.7 38882.1 36102.1 39742.2 42250.7 28858 29170.8 21133.7 27350.5 52059.8 106021 144587 106731 59825.3 43700.9 36060.3
 108817 57168.8 65359.7 100749 102355 51549.3 50705.9 48095.4 45471.1 60464.7 63688.6 75430.9 75936.4 47257.6 49031.5 117198 137826 86884.7 69139.2 62215.5
 100350 51833.6 93730.8 96741.7 41827.5 41848.3 48037.9 58275.2 85440.1 58550.1 58551.3 80677.7 120073 116819 65041.5 86660.2 86405 34172.7 48520.2 75720.4
 109368 34569.2 30785.1 57612.9 125158 100756 50988.8 46188.8 78140.7 162642 127362 31976.4 33150.9 51831.4 54573 46118.8 88942.8 104699 45879.7 64755.2
 73657 20885.5 42063.5 48629.9 21242.5 35607.4 74964.2 69516 28570.5 84198 104337 47145.1 50809.3 56167.6 45226 89779 98945.6 48773.1 28964.8 25815.7
 94560.2 71532.7 60821.2 38142.1 22172.7 23070.4 72017.8 84352.8 54576.3 41637.2 42535.7 76882 93319.2 83846.7 82857.1 70707.6 134848 164922 55750.1 63040.5
 78644.5 50924.7 88428 103121 70237.5 39774.7 30719.7 42538.8 48490.2 55348.6 62257.4 44221.6 43795.7 51152.9 50520.5 61458.3 49599.2 46656 58366.4 70356.5
 75437.6 44175.7 63225.8 83782.1 134003 128436 75702.7 50818.2 50070.3 47489.6 65588.6 92021.9 80276.6 59317.1 31321.2 50515.7 76270.4 62649.3 44697.8 76203.5
 132543 82998 51492.3 94995.9 111252 59231.7 87567.1 95342.3 46448.2 33813.2 167930 199425 63286.7 18676 45919.2 55892.9 32734.5 27163.8 39034.2 54868.3
 72107.4 19235.1 17308.2 22060 36587.8 51439.9 64806.2 57553.9 44068.6 64364.3 79873.9 58367.5 74598.7 66163.7 30149.2 33530.9 57546.3 92289.8 124177 124533
 109552 44730 51527.5 67341.9 46679.9 70857.8 77588.9 35612 96037.3 126980 53739.5 70696.3 108701 75998.6 47842.6 45273.8 42987.9 37985.2 90092.7 95471.9
 122611 71783.5 41993.2 43070.9 76217.1 160385 156553 49698.8 36060.3 34053.1 27194.8 39484.5 51637.4 91889.8 105629 75004.7 55845.4 41375.5 59374.4 72853.6
 112938 58235.5 107199 123073 46599.3 18061.5 19374.2 39848.8 77219.1 101921 57263 47752.2 80414.5 100817 69244.1 49092.6 87269.4 104762 66128.1 71012.4
 147383 77223.5 56195.6 50502.3 52983.4 91805.8 61974.2 41691.4 50589.3 67857.3 108863 114569 63158.7 58231.8 73428.5 71445.1 77318.9 82148.8 45686.6 30721.1
 102222 52456.4 60010.3 51235.9 35787.2 28438.7 42689.7 74330.3 74429 37112.1 62394.2 88616.2 75798.2 62924 65133.7 79299.9 73166.2 75361.8 84734.1 67672.3
 145741 94335.7 36314.9 74336.4 119243 77666.1 53210.8 173457 205825 58835.4 26982.4 66602.6 89947.3 76398.1 76123.1 56575.9 76482.1 199633 215373 62312.1
 92680.3 94981.5 92729.3 58921.9 90356.7 94452 164931 175567 47747.5 24507.9 28550.6 31139.7 48290.6 65697.8 50008.5 56630.5 65657.9 41015.4 60828.4 74029.6
 98878.8 34173.2 94541.3 102905 19425.4 32268.3 86679 84979 62279.5 56010 41634.3 39627.5 46108.5 80252.2 85130.9 72794.1 81366.8 68461.4 60582.1 150842
 129417 74210.5 75901.3 76105.4 65055.1 51752.6 51423.5 68394.3 73281.7 57570.8 36438 69276.4 91308.5 60756.8 69590.1 73775.4 70586.9 82184.7 71462.2 43113.5
 123112 45007.1 26060.6 32977.7 55788.1 72013.5 58091.5 42107.3 66641.9 88205.5 86830.2 69375.3 53276.8 81283.3 94266.8 68431.7 81960.4 92698.7 61502.5 69507.3
 148227 46559.9 31354.5 58888.6 88675.5 66033.5 94271.7 105846 59478.8 50969.1 79583.5 91359.3 58079.9 44453.5 45495.8 75835.8 131595 96895.9 63348.8 80297.2
 114040 117991 133892 47918.2 83707 108110 38088.6 24758 75483.6 101656 56075.4 44185.4 45465.6 68712.8 55794.5 88332.1 129865 77836.3 101240 120407
 103153 50898.2 93493.9 103802 47645.8 53275.8 61407.2 38233 25727.6 40224.7 73905.1 84812.9 77845 69117.5 64144.4 109142 129843 80905.6 22584.7 27173.8
 92769.1 79390.4 69355 52337.3 59520.4 50728.7 50407.6 50612.1 55815.4 91792.7 107267 102776 74104.3 70147.2 71153.1 53355.4 76400 86913.5 59045.4 50269.6
 135386 112503 28351.7 14604.5 30193.2 98462.7 129888 75202.6 47180.6 60846.6 105884 105973 77010.8 50744.7 167204 242532 91567.8 45494.8 57840.9 110590
 83336.1 118860 174910 54219.9 32842.6 43798.3 169730 253731 58454.9 23638 50495.9 57293.7 37955.3 75815.7 99795.1 93844.9 96428.3 49148 45309.8 36210.1
 69605.7 44100.6 81510 85698.4 26308.5 26607.2 44599.2 91166.1 111248 42783.6 78037 131025 73163.3 111696 175702 79418.7 99500.8 167415 85630.5 72614
 104870 68338.9 66401.3 98018.6 73162.8 57389.6 106401 113849 50533.3 49559.6 56245.9 35777.1 40665.8 90047.2 115595 49493.2 32578.2 77328.6 113838 85283.3
 119226 91545.5 98273.3 98263.1 92531.4 93128.1 49429.4 56964.4 53065.7 83385.3 107157 67143.3 30724.3 53146.2 79726.8 80456.2 99385.5 129855 79025.7 27046.7
 127659 80736.9 63407 43043.1 106728 130290 39236.8 26337.6 26391.9 24568.3 20924.3 28739.5 64702.3 110667 113495 95464.5 80636.3 42704.7 61763.3 85960.6
 152137 59350 59048.2 155058 241594 111248 41555.9 69418.4 112367 75694 30484.3 73520.9 128219 65425.1 28525.8 29855.8 72240.2 100893 85370.3 104546
 104804 47294.8 41235.3 34771.3 44195.6 63779.1 60476.2 78645 92657.4 68890.5 57899.2 78306.3 80696.1 112518 93282 45886.6 53544.6 49697.1 20805.7 25627.8
 88941.7 38334.4 35973.6 27817.4 31005.4 31225 14535.6 24428.1 68370.2 169069 181293 55287.5 50793 72658.3 45642.3 44365.5 59695.7 62872.5 58936.9 89013.4
 113256 56921.7 44425.7 80762.8 124559 97424.5 85745.1 121449 138390 71422.4 40052.9 48890.1 67314.7 50611.5 35014.2 30274.4 43453.4 74763.2 105858 82193.3
 92699.9 43549.2 44886 81671.4 88561.2 74350.4 96559.1 76079.4 33338.3 31514.7 48046.4 54302.3 47297.9 96889.7 126235 50878.4 31220 36154 66316.8 99908.6
 122171 77595.1 37751.2 68366.2 84758.2 53169.5 91887.6 135868 111932 57271 72074.7 85125.7 61552.6 94148.6 151546 91933.1 51463.4 68764 98463.6 119146
 61376.3 58857.4 62815.9 47714.2 61484.1 69526.2 41986.6 62349.7 71202.1 34032.2 48995.4 116925 121472 65660.9 75633.1 68942.7 36948.6 34410.1 67982 72001.1
 86748.6 56536 62723.9 74903.8 73961.2 49178.6 114358 136434 39243.7 17630.4 39494.8 60684.8 61375.8 68831.1 69991 70754.2 70658.9 50776.4 41875.9 61614.7
 117993 51740.6 27459.8 51647.3 62451.1 84323.6 89363 70190.4 66098.3 60574.3 71590.2 97920.3 99579.3 80430.4 156063 173052 49938.6 53016.1 69434.6 54505.4
 110476 51343.5 22463.5 27381.3 40666.3 54290.8 86023.4 75702.2 48500.8 52634.7 50197.8 66332.4 90764.3 79535 66501.1 94596.1 110021 69926.6 69623.8 98292.9
 125412 37242.2 33035.3 42581.1 30944.7 39569.4 44489.3 53189.6 75392.5 94647.9 96197.1 49455.8 47102.3 77839.1 86586.8 64752.5 52456.6 48419.9 48201.4 85909.4
 110100 62293.3 23199.3 18734.8 17894.7 34573.4 47848.6 102095 105867 32488.5 40995.6 88421.5 105612 67652 37069.3 42722.8 108504 125846 46741.9 28259.1
 119948 101621 64992.2 31477 31948.9 48415.7 60127 41299.9 25881.7 21420.2 83074.5 128007 70994.3 28924.9 12450.8 29353.8 128143 171120 85107.1 53344.8
 106496 68977.1 66257.1 48929.3 39589.4 33267.1 57014.5 89556.7 55506.2 28971.3 33803.1 31286 32065.5 46315.2 69344.4 69544.6 106471 113852 44025 42911.8
 87835.6 42228.4 39970.3 47418.1 56377.2 98988.7 97682.8 49257.9 49458.3 21214.3 12144.9 20201.8 34675.4 41975.3 49505.9 84376.6 116989 107158 61648.3 43005.6
 95112.4 52399.9 47909.9 44595.5 37099 47719 84014.3 74824.3 47006.8 57205.9 68227.5 69694.7 39964 21144.4 22729.1 41968.6 55981 41711.8 29897.7 70788.3
 75426.5 41432.3 39174.5 65208.7 78840.3 37476.9 70785.2 83853.1 31318.4 36655 105595 133163 59763.7 28462.8 69521.3 90113.6 46613.2 34539 51109.8 73219.7
 106468 67792.7 43972.4 25495.6 17011.8 14493.2 33448.6 41618.3 19318.2 8554.32 16712.3 33552.9 41413.5 77381.7 89647.3 38783.1 38993.3 69402.2 114503 142544
 105153 50696.2 24719.4 45607.4 140759 165122 61187.2 91884.8 115909 33713.3 13096.7 15866.7 25562.5 25883.7 35454.6 71719.1 116391 96696.4 40509.5 52039
 65585.4 49597.2 90537.7 60628.1 20908.6 30434.7 40936.3 59510.5 67606.8 100941 88262.7 28744.9 50410.6 74719.3 46997 22413.3 39376.6 55808.2 37972.3 43727
 59357.2 17213.8 31818.9 51961.2 42928.7 51818.1 67395 60952.2 42297.2 60895.3 72211.3 37950.6 28555.3 29001.4 45373.2 149037 153996 38766.6 31103.2 54683.4
 76703.8 64544.8 51171 63101.4 68608 43297.4 63710.4 66878.3 32951 24350.5 49600 82169.7 81157.1 49215.6 34489.2 42915.8 69320.1 64442.1 65176.1 89660.6
 105633 67061.2 62070.5 65511.7 50556.8 57828.4 77605.7 74713.4 94134.7 92182.7 82465.1 119371 125187 77914.9 24417.1 56822.1 103555 74050.5 40407.6 59840.2
 73427 31154.4 26695.4 35942.6 45043.2 67911.1 105531 75021.9 48657.1 57387.9 71439.5 82276.3 106689 100279 47165.4 38098.8 59505.1 83344.5 86857.8 77232.4
 91952.8 37354.9 48677.8 39800.7 42060.2 54980.6 51180 47365.2 46386.5 143075 154251 55082.5 76292.4 79198.6 69456.1 79499.7 98189.6 100076 59873.2 73190.8
 80408.6 80765.6 94073.6 123903 113830 49641.1 31772.9 71767.5 111338 198470 165649 34799.3 27138 63678 85257.8 78800.2 89208.9 70541.1 62175.8 93274.6
 38733.3 45803.6 66423.4 41611.5 47845.6 57276.4 65747.7 57056.9 62577.8 55392.2 107972 124780 58558.5 58259 54843.7 34110.8 30456.6 74921.3 130109 108622
 105814 72776.8 35662.8 27590 15693.9 29177.9 53469.1 54380.9 58151.7 35692.4 26275.7 24103.5 29325.4 81562.9 84591.4 38809.9 68664.8 71184.3 29746.3 82972.9
 71929.7 28314.6 75356.6 81913.9 53229.6 51778.2 52839.6 76045.5 59859.5 73158.1 91149.1 85780.5 52774.2 29173.1 27992.7 17004.2 31019.3 53447.1 52091.8 50983.6
 75598.7 20627.1 19203.5 28704.4 36091.1 87468.8 92273.3 32609.6 39843.6 50629.1 41960.1 35038.3 109858 146052 56711.1 47042.3 71425.5 54955.6 36342 46560.8
 73845.7 42412.4 40894.9 49464.8 58016.4 58602.3 61785.6 45650.8 31500 50292.3 52463.4 47622.5 66146.2 84623.1 66885.1 23127.4 16300.5 29356.2 46370.9 53196.2
 98699.8 31014.7 36889.5 48690.7 77093.7 134438 87966.1 43552.1 108816 103729 37833.3 33720 55855.1 78156.4 86481.9 87122 109868 97476.8 49687.3 34949
 94226.1 19577.8 25400 28510.8 27219.1 34184.9 83048.3 93770.4 25862.8 45987.1 77235.8 78408.5 73658.6 49716 35883.4 44654.5 74489.7 74568 37926.6 35806.2
 83392.4 47358.7 90916.4 131570 65525.2 41250.3 45053.2 39499.6 33820.9 78225.9 112685 55051 32712.8 78141.9 90269.8 58866.8 64188.5 75679.7 107745 83938.9
 83837.2 103022 107017 33448.9 48400.7 69009.2 65522.3 43668.6 67833.7 84052 55662.7 63076.3 81835.6 77022.4 42510.2 38368.7 70998.9 70954 70435.2 64165.1
 108389 40967.6 43128.5 87128.4 81669.1 48723.4 104037 129251 57355.3 33055.6 58480.3 58138 71127.5 60352.9 40544 65479.5 59946.1 44502.1 85724.8 80749
 103527 41206.1 49390.5 64474.4 60425 70078.8 74468.1 83655.9 61521.1 21526.7 48087 61571.9 53139.3 71902 89494.4 73993.2 49843.9 31447 58539.5 68261.8
 104786 49386 57389.2 51614.6 45243.1 46771.4 55709.6 51125.9 89397.8 83671.9 47390.6 53428.6 58939.1 58253.2 89533.9 78246.7 91639 75081.5 48913.2 71487.9
 85641.3 32245.9 18456.4 45156.6 106133 83791.6 81910.4 64543.2 108716 99180 27456.3 36382.6 59766.9 77354.5 73655.3 54854 44709.4 199243 208836 56253
 90174.6 30154.3 43778.2 112801 90987.2 48288.8 45886.3 63483.6 65795.2 71086.9 117474 91540.7 41690.9 31476.2 41618.1 170277 174297 41543.8 26589.8 82445.4
 134614 94273.9 60494.2 67335.1 65447.9 59326.7 62036.6 115860 101900 40093 53275.5 92671.8 71906.5 60568.2 61839.9 52767.8 32867.2 57983.2 75168.2 71725.1
 129610 71911.1 76152 89631.7 70586 53802.8 48106.6 33431.9 47927.4 55188.5 32134.1 57350.4 102230 131635 101186 78729.2 68051.5 42806.7 48462.8 59244.9
 119620 60438.8 51874.2 145308 136377 55127.7 146749 178728 74777.4 34754.2 36096.8 97838.5 137263 87937.1 67933.9 52150.9 34502.1 54664 140200 142309
 153209 61546.3 97599.2 139147 109111 90273.9 80503.1 61409.1 75571.9 105272 60385.4 46994.7 114618 142039 67167.2 48816.1 44391.3 59498.5 75213.5 86702.5
 159571 37494.7 13593.6 26121.1 47921.8 95997.1 97897.1 58435.6 45596.6 24793.2 22707.8 42481.4 73438.8 67883.1 56997.4 77198.7 81592.6 45214.4 63717.5 81358
 145317 68435.1 39624.6 73265.8 84537.1 45680.2 43492.5 50118.8 57956.6 71547.1 75600.1 73402.4 111846 133592 62661.7 57105.7 133000 166617 61295.3 37415.8
 117529 33279.9 29651.4 56692.4 80463.8 106156 91206.9 55868.2 62191.1 46990.2 45722.3 40840.8 133645 186552 48495.3 17565.3 30982.2 48143.2 147943 181429
 127838 40344.4 32803 56272.9 68969.1 64219.6 62357 143032 145065 29452.4 11024 27737 62423.1 76051.2 73088 91108.1 66291 35317.3 48047 65895.1
 120626 27755 55036.5 89569.6 52921.8 69036.2 77750.8 37127.2 25653.4 46758.8 55110.7 47452.8 65933 159829 175365 44205.4 26305 66671 83076.5 44113.3
 120865 21429.4 34433.1 47845.7 36576.3 94151 132194 76577.8 78764.1 125855 156863 129811 52921 49527.8 100216 136859 92244.8 57783.5 65681.1 68025
 103438 51800.5 27310.9 44610.8 64106.7 93007.1 117407 60651.1 28495.4 49731.6 85293 65898.1 31272.5 58111.4 71706.2 38630.4 38462.6 44202.2 33632 33874.8
 95340.4 42555.3 34193.4 25920.9 61506.4 85801.5 51925.8 97278.9 146038 86037 86662.8 86799.2 32488.6 34660.8 71598.7 112687 88990.8 96847 102303 38857.9
 79098.5 17716 12069.9 9769.23 19068 73028.9 99133.3 72107.5 58522.3 43133 45024.8 55634.6 111901 147352 76792.8 42722.3 38980 68801 81984 46733.2
 130199 55448.8 28958.9 44934.7 63645.7 48456.6 30102.4 36073.9 46164.1 63304.1 105394 79462.3 79792.6 104414 78952.5 68538.6 78404.1 120251 113669 42223.9
 123458 27852.5 29850.9 64033.9 81760.6 58579.2 33749.6 30004.6 64212.8 94980.1 58394.9 35231.5 69815.6 105810 74210.3 54380.2 154580 174478 61897.3 40372.1
 116383 50566 45224.9 99886.1 112666 37410.5 28066.7 56907.5 66639 51066 43751.8 70817.6 94452.9 69911.3 55858 98736.3 137806 85703.8 35608 36350.9
 87090.7 44192.5 66365.3 110185 107296 66685.2 84098.3 69263.9 67869.8 60481.7 26197 33518 55457.1 51134.4 32924.5 40547.6 44036.2 74231.7 75860.5 42694
 91761.1 18222.5 19889.7 24075.7 39469.2 51590.4 62336.5 61873.8 55521.6 67021.3 67540.1 54861.1 28855.3 32751 72258.6 73178 45604.7 45304.8 51858.5 102708
 105799 48879.3 61027.4 91811.2 57645.3 59179.5 70057.2 65549.4 58825.3 121914 135139 41234.9 18996.1 32293.2 38762.3 86522.6 106376 44532.4 31426.3 51677.9
 79667.1 39828.2 19965.8 23131.3 33719.8 49858.9 41799 18376.2 98064.9 129294 40540.9 27828.7 29964.3 27427.9 46130.1 43817.6 24527.1 28144 31583 43835.4
 90865.8 47430.9 59888.1 82277.8 109904 97702.6 41642.2 40828 47726.5 39150.1 65214.6 100335 56795.9 38333.5 61381.4 64908.3 51751.7 53472.8 66746.1 45463
 70059.5 42798.4 32036.4 43853.2 74410.5 77743.3 51136.2 46029.6 43691.5 43548.3 86832.5 95224.4 52802.5 26830.9 12013.9 29092.4 42276.7 27798.9 27033 29370.5
 111537 78974.7 87647.2 106567 25288.3 11039.9 13280.2 13274.1 26610.9 69881.4 83284 56017.4 45117.9 38637.2 54180.2 42756.1 83241.6 94641.4 33365.9 32332.2
 79271.9 65530.9 65412.7 49761.2 75953.7 71599.1 80098.6 78910.2 42723.1 29661.1 54649.7 101930 98633.6 71241.9 52672.7 70461.6 96709.3 71298.6 58524.6 74324.9
 84885.9 61467.5 62605.3 47875.8 40649.2 98683.3 127814 53138.9 68285.3 98872.1 70700.9 29284.9 14960.3 22834.6 40933.2 48641.9 64334.4 59488.8 38434.8 99608.8
 82676.9 106306 96475.2 51249.5 93414.4 83800 59854.3 53012.7 44095.1 82284.7 101883 63232.5 53983.8 43291.3 56388.7 86910.4 99006.3 83800.8 40504.9 28052.1
 93647.6 84077.8 84942.7 87205.8 83287.2 41192.2 30201.3 25520.7 63557.8 83121.1 79351.8 82163.2 47003.5 62076.9 72128.1 79552.4 137771 122780 65452.2 42611.3
 83471 48721.6 79740.4 103745 54467.8 68160.8 170398 160458 42140.6 32984.6 48952 75075.6 85983.6 57755.5 54348.3 109088 105472 51736.8 124532 144817
 58236.4 27958.5 50395.6 41527.4 29292.7 68520.4 112144 75572.4 45351.7 38593.6 24908.8 44483 65576.3 78601.1 70222.3 100764 113588 68686.9 77912.3 66457.4
 97209 63133.2 33319.9 33679.4 54516.6 41094 23837.8 26457.5 25897.4 50996.4 105853 99711.8 42863.5 48790.6 62284.5 40776.3 18596.5 26945.5 39447 50924.1
 69074.6 32050.2 37265.4 28574.4 65926 84035.6 45890.5 54183.5 77162.6 52735.6 79401 93894.6 48178.8 42988 58354.6 79637.8 72205.2 39029.9 57766 93262.6
 98002.4 94933.8 81808.6 51292.6 37304.6 31475.8 28506.9 66402.8 93954 66102.1 24172 23595 54453.5 57515.2 46245.9 32970 55617.6 74114.2 56229.2 57573
 77944 39297.9 40259.1 45394.5 75479.3 88966.8 94603.1 90780.3 66602.1 67842.2 52058.8 38755.1 39100.2 102122 123548 49820.5 36724.2 42876.4 45063.4 62640.5
 90589.6 71110.4 39167 16249 18547.4 18966.5 21198.3 55025.7 74163.7 41838.4 35602.8 62045.8 86813.8 75967.1 90580 111607 92138.2 58836.4 63497.1 73022.7
 80768.7 26023.8 60862.9 85614.2 50065.7 48792.5 113559 115097 61995.5 33217.7 24656.1 23253.4 16467.7 21478.1 42525.6 89385.1 81939.9 67263.5 106879 114094
 81959.5 63638.6 48456.4 28462.7 48673.3 57019 70612.8 66680 51417.6 77787.6 87229.9 74630.3 80293.7 66944.1 108913 155706 81041.2 38987.4 55362.5 67473.5
 65888.5 22594 18206.4 59737.7 89971.8 60832 43001.8 33309.1 23817.5 129038 163916 53522 29113.3 43333.9 62917.9 59959.4 49201.6 82622.3 83936.8 45943.5
 74334.1 22770.8 25302.7 49697 53477.8 45253.2 47217.9 47903.8 39278.3 51658.9 82322.3 67892.4 84462.1 78328.2 29211.9 45749.8 90823.5 119561 73403.1 36443.8
 109732 24664.1 33063.3 42541.1 66096.7 54148.8 43287.4 60755 44899.3 33115 35603.2 42947.7 46024.2 93328.9 91217.6 35909.9 122275 123586 80641.8 122064
 90350.8 27569.3 31723.8 44374.2 54506.4 61780.4 97964.1 162207 124139 58968.8 28746.4 37265.5 58782.9 79003.4 77173.1 43726.4 35809.9 44988.3 110516 142416
 79692.4 33947.2 83126.3 117209 103802 69882.7 48222.9 61276.2 64673.9 51143.1 70455.4 69038 55440.7 58034.3 34780.9 56492.9 137655 123887 33327.6 41543.4
 97711.5 35922.4 20920.3 25126.6 37287.6 36219.8 84460.4 99016.7 64088.8 91642.3 107465 109997 75692.7 54145.5 122645 114043 60113.6 59718.3 73953.9 106840
 106201 44573.1 38085.5 49448.4 59589 79607.8 85586.5 50348.6 64930.3 66652.9 57373 103502 108707 95199.1 77850.4 62097.7 64128 74206.1 60474.1 65030.8
 98803.6 24382.7 16012.5 24039.7 25458.5 41976.7 116189 155211 84557.5 24771.5 34246 84642.2 93737.2 49545.4 34847.3 64770.4 58862.9 79643.4 95590.4 54375.3
 108000 38334.3 43144.8 63738.1 98082.9 84995.1 81192.7 70697.4 42386.6 73342.1 71896.4 30353 23008.4 26021.1 30786.3 60575.1 88927.1 89936.3 52913.7 66154.4
 131450 66626.7 27413.4 51655.9 115241 124668 36806.5 11701.6 16528.7 22654.6 29001.2 34879.2 94220.2 128235 51960.4 36431.6 35819.4 45371 59155 80676.6
 117578 36504.7 36367.5 56638.1 54485.6 29197.5 43594 84990.9 100444 59304.6 41313.2 68199.9 87489.9 74601.5 62679.8 60840.5 57260.2 77697.1 86006.9 65727.6
 100005 27184.6 24821.5 55760.7 105719 79316.6 36117.7 62963 103553 88239.6 44428.6 64664.1 82095.6 44123.5 45025.4 94390.1 100203 25937 20811.5 39722.6
 115860 69050.2 57790.6 97371.8 105764 72461.5 35585.3 59952.9 74517.2 65301.5 48458.3 56160.9 82687.2 82628.4 58840.1 39262.1 44321.4 56179.2 81880.6 59349.2
 91838.3 55828.9 89086.8 88547.6 41724.6 29870.1 61864.6 82575 73612.7 57681.9 97996 113416 47295.9 20446 26541.7 32185.1 58807.4 80476.6 56818.6 43610.4
 99632.7 53212.9 35674.1 22339 41941.7 62507 45255.6 35568.1 40797.1 39807.3 42390.4 51659.4 60344.4 65293.4 94185 113942 78822 94978.9 123509 60353.3
 145855 106670 57420.1 33295.2 67117.4 89297.2 95029.4 86630.3 28658.3 33627.5 49776.8 69011.9 71763.9 46584.4 42631.4 82595.9 89446.3 50798.2 39237.7 46228.4
 112487 85492.4 91240.3 64800.7 46835.8 33302.2 56673.5 80798 85402.7 87773.2 72792.1 61546.1 71610.6 189002 189465 45796.8 37124.4 89222.9 111908 83648.9
 101935 31966.7 48613.4 98209.4 114333 66833.2 49950.1 74745.5 86579.2 80238.5 140468 144662 57234.6 50387 81196.5 80946.2 55081.7 44174.6 48692.4 40861.7
 109411 68715.7 52117.8 43411.5 63795.8 50591.5 51635 71390.3 63304.5 107969 118980 82993.1 71397.6 50729.9 61314.4 75361.7 63709 80640.8 71010.1 46473.9
 110365 95827.9 73008.6 47238.9 83573.4 121048 95007.2 87879.9 161047 147300 48274 36343.7 64763.1 93371.5 73449.1 58764.8 59286.6 51100.4 69094.2 85098.9
 101558 28478.2 22059.4 43406.8 80756.5 83479.5 48099.7 62644.8 80207.7 76539 67139.4 30633.3 55816.2 84374 80385.1 82844.5 66464.4 66040.8 71767.1 74130.7
 115228 50284.3 62069.5 82160.3 39631.7 53615.3 60350 29437.7 29288 46782 85598.1 82807.1 60586.9 88797.3 76792 45160.6 60368.3 61382.6 66475.9 56045.4
 100393 38025 84468.4 104158 32206.9 55272.7 85424.6 80146.2 69612.7 61428.3 83254.9 88187.5 75315.4 56736 45761.8 32691.7 26156.5 69744.6 112431 74183.1
