 16204.9 15243.3 15393.5 15637.9 14697.2 14076.2 12487.6 12560.4 13352.8 13162.2 12333.5 12468.8 12360 12117.8 11798.4 11523.2 11578.2 11602.2 11741.1 11788.3
 16040.8 15210.3 12999.7 14029.9 13935.6 12770.9 12282.4 11896.8 12739.8 12535.1 12262 11662.5 11149.6 11140.6 11025.9 11130 11555 11531.7 11119.5 11223.2
 14635.6 15210.5 12832.6 5709.58 14913.7 13590.9 13535.1 13305.8 13471.4 13344.1 12871.8 12271.9 12193.5 12324.4 12541.3 11740 11460.2 11404.2 11729.7 11882.3
 14065.9 15686.9 15057.6 13659 14420 14233.5 13690.7 13687.1 13636.8 12780.7 12471 12253 12298 12066.1 11807.2 11697.2 11634.7 11475.3 10942.8 11107.6
 14267.9 15145.5 13895.5 15859.8 13811.5 14062.5 13411.8 12941.4 13570.8 13504.9 12758.2 12626 12799 12676.3 12787.6 12537.1 12169 12117.2 12024.6 12058.8
 16078.5 15587.6 13861.6 14745.9 15248.4 15342.6 14314.3 13554.5 13340.7 13437.6 13502 13448.3 12883.7 12404.1 12126.4 11926.7 11903.3 11816.1 11569.2 11739.1
 15935.5 14372.3 14924.1 15265.2 15108.4 14243 14024.5 13928.5 13386.7 13892.4 14082 13962.6 13677.4 13201.8 13070.8 13341.5 13701.6 13455.2 13380.8 13400.6
 14189.7 14391 14129.2 14174.7 14014.3 14059 13137.5 13842.8 13743.2 14272.8 13909.7 13065.5 12789.1 12881.6 13065.4 12783.1 12604.4 12483.3 12374.1 12076.7
 15901.3 15863.4 15592.5 15116 15219.5 14558.5 14712 14589.3 14714.4 14141.2 13453 13073.1 13232.8 12911.3 13161.4 13072.4 13064.2 12463.4 12079.5 12653
 16228.3 12946.1 13661.5 13089.4 14355.7 13516.6 13493 13513.9 12758.4 13473.8 12992.3 12754.6 13124.1 13235 12708.4 12648.9 12664.5 12730.3 12565 12138
 14315.4 15026.5 14965.7 14995.8 14668.1 14838.5 14020.6 12164.1 12349.7 13483.9 13013.8 12808.2 12714.3 12592.8 12448.7 11941.6 11425 11310.2 11286.5 11490.2
 6137.3 5961.56 15038.7 14153.2 13188 13945.3 13961.7 13456.1 14174.2 13430.8 13689.1 13616.6 13123.1 13000.8 13287.8 13327.3 12523 12330.5 12320.9 11733.1
 14752.4 14377.4 13853.3 16261.1 16550 13654.2 14874.4 14562.3 14321.7 14111.1 14004 13915 14205.4 14436.6 14083.6 13065.4 13330.7 13412.5 12932.2 12538.3
 24185.1 50005.2 532588 1.52508e+06 158431 1.93621e+06 1.48637e+06 6003.41 737212 11085.3 5921.9 12791.4 5490.7 244.469 579489 10430.4 23322.9 1.82031e+06 422553 1.168e+07
 14688 13684.4 14788.5 14038 15229.6 14807.4 14378.8 13448.9 13670.1 14118.5 14289.1 13689.5 13350.2 13436.9 13262.9 12642.6 12677.9 12617.2 12414.1 12240.3
 16218.7 15211.7 14114.3 14545.2 14326.5 14944.7 14199.7 13895.9 13130.8 12569.2 12788.9 13236.4 13112.8 11980.4 11721 11692.8 11659.6 11451.4 11540 11523.4
 14593.9 14922.2 12677.2 12307.8 11866.2 11852.4 11678.7 11249.2 11943.7 12356.4 12047.9 12154.1 11960.5 11590.8 11262.9 11378.3 11334.3 11472.2 11704.3 11872.4
 14286.9 12657.6 14177.1 11863.2 11423.1 12925.7 13453.8 12077.7 12034.3 11521.9 11556.5 11526 11130.3 11021 11003.3 11022.5 11055.8 10929 10898.9 11019.4
 16788.2 16521.1 14856.8 14001.8 14800 14072.1 13525.9 12690.7 13035.3 12811.1 12835.1 12332.3 12404.8 12425.6 12420.9 12018.2 11725.6 11432.8 11365.1 11222.8
 14217 15745.5 14828.8 13986.9 13570 13503.5 13308.7 13271.6 12418 12456.3 12314.9 12280.6 12242 12172.5 12089.3 11877.1 11558.4 11605.1 11455.9 11175.9
 16294.9 13638.4 14756.2 15143.5 15169.1 14111.7 14078.4 13800.8 12702.9 13617.3 13741.1 13414.3 13003.2 12932.8 12808.4 12657.7 12497.5 12544.9 12569.1 12348.4
 16406 15212.3 12979.6 11959 12581.9 12713.5 13094.3 13564.8 12888.6 12500 11685.1 11225.7 11616.6 11838.6 11452 11398.9 11240.7 10991.9 10657.5 10791.3
 15988.2 14641.2 13541.2 13956.1 14199 13853.9 13862.5 14217.3 13099.8 12854.6 13362.2 13749.5 13371.6 12756.6 12507.8 12435.9 12647.3 12313.2 12012.9 11905
 16039.4 15037.3 13762.8 13099.3 13894.3 13968 5609.92 13511.2 13379.6 13522.1 13640.1 13305.8 12982.9 12805.3 13033.5 13148.8 12516.8 12479.3 12745.5 12640
 16330.1 14695 14336.3 14267.6 14706.9 14313.5 14563.2 14677.4 13670.5 13673.2 13585.3 14133.6 13936.9 13346.9 13268.4 13015.2 12695.9 12547.7 12857.3 12748.3
 14262.9 15728.6 14683.2 13068.2 14940.3 14800.9 13952.5 13729.5 12677 13447 13158.7 12795.6 12459.7 12253.3 12019.3 11750.9 11483.6 11194.4 11251.8 11457.5
 14192.7 15173 14733.2 13297.4 14833.2 13704.3 14341.6 14363.3 13525.3 13931.3 13684.1 13460.9 13363.5 13903.3 13790.9 13119.7 13052.7 13432.7 13364.3 12715.4
 14265.8 16139 15207.7 13828.4 14825.9 14457.1 14433.2 14416.1 14771.7 14295.2 14137.5 14120.3 14303.7 14546.4 14350.7 13681.5 13486.3 13328.2 13174.6 13000.4
 16462.2 14579.5 14166.4 13427.2 13243.2 14068.1 13821.6 13795.4 12873.1 13001.4 12229.7 11901.2 11499.6 11111.5 11232.4 11158.8 10946.3 10903.9 11139.7 11430.5
 6178.96 16237.2 14275.9 15685.4 15060.1 14384.7 13166.7 13564.1 12887.6 13206.8 13165.2 13463.4 13183.4 12144.8 11746.1 11684.6 11811.1 12007.8 11974.4 11692.2
 14259.9 14066.2 14209.5 14180.4 13563.6 13975 13780.8 13841.8 13256.5 14120.3 13480.8 12800.5 12360.9 12333.3 12445.7 12288.8 11730.2 11925.1 12116.8 11423.5
 14014.9 15259.2 13680.4 12432.9 13407.5 13017.3 13255.6 13332 12965.6 12823.1 12515.2 12660.4 12472.5 12289.1 12043.8 11765.9 11620.4 11503.5 11034.9 11406
 14731 15610.7 14570.9 13099.2 12341.6 12255.3 12388.8 12026 12323.4 12401.5 12502.7 12385 12152.7 12220 12013.1 12106.7 11943.9 11574.8 12054.4 12035.5
 15751.3 13468.1 14798.6 14895.1 15031.3 14867.8 12595.2 13388.7 13416.5 13415.6 13650.7 13580.3 12840.3 12703.2 12635.5 12644.6 12350.4 12230.1 12125.4 12081.1
 16011.5 15230.2 14288.1 12683.5 14464.5 13324.8 14394.6 13072.7 13973.4 12714.1 12872.6 12891.6 13396.4 13137.1 12388.2 12973.8 13121.3 12248.5 12535.2 12573.4
 15029.6 16429.5 14756.6 12303.2 12560.9 11695.1 11774.8 12054.8 12074.5 12085 11869.4 11837.7 11733.8 11407.1 11407.5 11077.5 10939.7 11005.4 10698.4 10346.5
 14395.5 13981.6 14928.3 14659.6 15494.1 15575.8 14372.3 13435.9 11981.1 13055.4 13465.5 13507.6 13035.3 12419.1 11898.2 11816.7 11400.4 11521.4 11703.9 11554.7
 15361.2 13628.7 15721.2 13526.6 13443.4 13823.2 14197.2 14212.2 13242.5 12968.2 13162.8 13312.5 13255.7 13023.9 12108.1 11884.2 11687.8 11518.3 11138.2 10955.3
 13869.6 14904.6 14343.4 13890.5 13753.8 13696 13454 12424.6 11493.1 11088.7 10953.6 11139.4 11281 11194.2 11020.5 11053.5 11035.7 10639.8 10645 10983.1
 15633.9 15259.8 15194.9 15677.5 15194.5 13689.5 13037 12913.3 12256.3 11785.3 11628 11618 11389.3 11392.8 11069.7 10866.5 10756.7 10710.5 10495.6 10604.3
 16215.7 13759.6 14736.9 13120.3 12989.3 13129.3 13299 13357 12950.1 12659.2 12257.5 12555 12405.4 12379.6 11983 11888 11774.4 11744 11394.9 11095.6
 15688.9 14789.1 15609.7 15566.7 15012.3 14903 14478.4 13378.2 13633.6 13423.6 13222.9 12920.5 12710.1 13022.8 12807.4 12525.5 11933.8 11668.9 11895 11700.7
 14120.2 15035.6 15745 15253.2 15041.5 14759.9 14302.6 14672.4 13828.6 14223.7 13894.7 13587.6 12715.4 13173.5 13132.1 13045.5 13022.9 12554.8 12823.3 12779.7
 16638.5 14439.5 13674.8 13705.4 13468.1 12583.5 13361 13527.6 12984.5 12985.4 12748.7 13319.8 13102.5 12635.2 12232.9 12010.4 11989.5 11982.3 11553.5 11240.6
 16544.9 14810.3 13118.8 14922.5 12749.8 14279.3 14309.7 14102.8 13630.8 13499.8 13292.9 13063 12960.6 12826.3 12613.4 12630.7 12529.9 12318.9 12218.6 12307.5
 15952.2 15005.3 14183.2 12322.4 13069.9 12745.6 12141.1 13303.4 13162 12340.1 12271.1 11958.9 11240.7 11170.6 10879.4 10422.6 10083.2 9930.97 10039.9 9961.65
 16218.6 15149.7 14488.6 13998.1 13648.3 13660.6 13485 11974.9 12149.7 12693.7 12421.2 12001 12005.5 11755.4 11283.8 11451.6 11526 11366.7 11155.2 10913.4
 23952.7 17149.1 17593.6 15659.7 14658.6 14647.3 15054.8 15365.8 14974.1 14729.9 15020.6 15268.7 14255.4 13893.3 13719.3 13801 13875.8 13496.1 12558.1 12270.1
 15984.9 13442.3 13957.3 13382.8 13300 13106.8 11711.7 12742 12806.3 12679.9 12258.1 12006.3 11746.6 11524.2 11752.3 11796.5 11567.7 11243.7 11430 11359.7
 16659.6 15613.9 13909.7 13423 14348.6 14917.6 14839 12920.5 12815.7 12928.1 13280.2 13201.8 12910.7 12621.9 12679.8 12528.4 12155.5 12215.8 12239.5 12056.4
 16464.3 15093.2 14973.7 14326.5 12418.4 13601.1 13978.1 12732.2 12538.4 12079.5 12309.7 12402.1 12283.8 11897.7 11680.4 11312.1 11150.9 10903.1 10452.9 10531.4
 16365 14602.9 14498.2 15025.7 14979.1 14616.1 12901.8 12962 12221.7 12139.8 12184.1 12470.3 12829.8 12634.1 12248.8 11927.9 11921.5 11937.2 11583.8 11455
 14374.1 15751 14248.8 13124.5 12723.5 12454.6 12580.9 12499.3 12033.6 12915.1 12587.8 12425.1 11930 11686.7 11542.7 11822.9 11806.2 11807.1 11574.8 11278.1
 13984.2 15517.1 5752.81 14039.3 13747.5 13653 14019.4 13461.1 12446 12446.3 12619.9 12513.1 12169.1 11716 11896.2 12256.7 12030.5 11632.3 11498.1 11768.9
 16198.8 15513.9 13427.4 13905.2 13170.3 13733.1 13898.6 13337.9 12716.8 12212.8 11913.3 12185.5 12157.8 11910.6 11621.4 11518.6 11619.1 11941.6 11790.9 11391.8
 16206.1 15775.8 16081 14205.3 15230.9 15141.4 13716 15246.6 14558.4 13760.8 13023.7 13644 13327.4 12501.2 12585.6 13077.4 12969.7 12329.9 12234.6 12173.2
 16516.2 15904.8 15287 15517.9 15225.2 14606.9 13123.9 13300.4 13723.3 13333.9 13607 13629 13417 13318 12812.3 12498.2 12213.2 11732.9 11346.2 11161.1
 16335.1 12798.1 13784.8 13783 14766.6 14970.7 14269.5 12824.3 13134.1 14043.4 13549.3 13495.2 13384.7 13026.5 12928.7 12552.4 12677.7 12533.4 11714.7 11485.1
 6092.18 14090.1 15574.3 14959.6 13584.5 12984.6 13034.8 12806.8 12016.9 11522.4 11640.9 12030.3 12102.8 11591 10890.7 10642.4 10671.6 10672.1 10630.6 10583.3
 14425.4 13765.8 14723.4 13889.4 13581 13512.6 14108.6 13878.2 13214.7 13483.1 13342.1 13496.6 13504.4 13112 12785.9 12547.5 12318.9 12170 12253.9 12492.5
 14427.1 15621.6 14861.4 14631.8 15046.5 14240.3 14310.1 14068 14147 14286 13876.1 13933.6 14150.4 14006.4 13734.9 13564 13546.8 13888.3 13979.2 13375.4
 16045 13225.1 12233.4 12465.1 13879.6 13797.9 12782.1 12989.2 13110.4 13144.5 12876.1 12621.7 12064.9 12379.1 12583.5 12660.1 12369.2 11909.3 12114.8 12224.9
 14384.6 13324.5 13963.5 14165.1 14013.5 12297.4 13241.6 12869.8 12081.4 11692 11923 12010.5 11900.2 11391.8 11244 11595.3 11607.1 11255.8 10721 10534.8
 16797.5 15832.4 13204.4 15187.1 14782.5 15086.3 14589.2 14211.3 13621.6 13717.7 13245.5 13096.2 12981.2 12682 12396 12106.5 12306.3 12195.6 11955.6 11524.2
 15752.1 15722.9 13938.6 13863.2 14316.9 14005.1 12853.6 12858 12880.4 13171.8 13190.8 12873.8 12460.5 12804.9 12918.3 12517.4 12380.2 12319.8 12183.2 11899.6
 16046.2 14551.5 14134.7 13025.2 13965.5 13110.4 13361.1 12389.9 12985.5 13456.4 13008.5 12691.9 12926.9 12922.6 12394 12148.2 11855.3 11615.8 11471 11323.8
 16441.6 15022.3 13795.5 13927 14063.7 13813.6 13658.8 13158.3 12721.6 13086.5 12892.9 12341.4 12473.9 12656.6 12709.8 12134.1 12371.9 12549.9 12118.1 11730.4
 6184.98 16222.3 13857 14308.7 14162.5 14300.1 13991 14268.1 14739.2 14331.9 13429.1 13217 13418.6 13049 12735.2 12234.9 11959.5 11868.6 11830.6 11948.1
 14102.7 14277.4 13976.3 15317.5 14591.8 14087.1 13075.7 14193.6 14402.2 14081.3 13260.9 13005.9 12717.6 12497.4 12129.4 11591.9 11228.8 10845.2 10826 11254.3
 16267.7 12767.2 15001.4 13423 13539.7 14786.3 14630.8 14443.6 13358 14618.7 14639.1 13818.6 13369 13474.9 13321.3 12952.6 12557.9 12699.6 12525.2 12239.4
 14543.4 13453.9 15106.5 14146 13947.2 14732.2 14549.2 13443.9 13925.1 14050.7 14405.9 13489.9 13013.6 12698.4 12543.5 11939.5 12550.5 12709.7 12224.9 11448.1
 16901.4 15497.3 13594.9 15486 13732.4 14020.9 13592.9 13383.2 13260.2 12467.6 12233.8 11750.5 11637.5 11726.8 11990.7 12046.3 12033.2 11669.1 11273.3 11069.1
 15967.8 15242.9 15255.1 5905.35 15075.9 14440.3 13930.9 13375.3 12914.5 12938.9 13213.4 13283.9 13092 12588.4 12502.7 12751.7 12908.8 12572.5 12318.9 11997.9
 15970.9 15754.5 15903.8 13820.9 13059.4 14094.8 13484.9 13684.1 13759.4 13296.7 13489.8 13449.1 13687.6 13254.9 12868 13035.9 12765.7 11952.9 11903.6 12012.2
 14426.9 13776.3 14180.1 14679.3 15228 14829.2 14244.8 12491.1 13610.6 13433.7 13874.3 12635.2 12342.7 12312.5 12294.5 11823.3 12006.5 12030.7 11694.3 11659.5
 14178.4 14074.3 14147.8 14084.4 12740.4 12780.7 13026 12940.9 12124.3 12661.8 12454.8 11994.5 11902.1 11715.1 11542.4 11780.2 11683.7 11231.9 10887.9 10586.6
 16007.5 15834.3 15465.4 14242.2 13321.9 12668.7 13346.8 13203.9 12117.6 12189.8 12055.2 12141.9 12304 12141.4 12067.1 11964.6 12151.8 12078.3 11820 11696
 13944.9 15437.5 15749 15735.9 13618.3 13858.8 13047.8 13225.4 13129.6 13118.5 12748.7 12273 12037.3 11775.9 11765.4 11774.4 11409.4 11293.7 11245 11297.8
 13908.6 15179.8 13837.7 13947.3 15792.3 15661.1 14995.2 14314.3 13954.5 13047.1 13788.6 13840.1 13527 13076.9 12731.9 12753.4 12759 12515 12153.5 12095.3
 16696.7 16184.7 13684.3 14966 15150.9 14382.3 13457.5 14298 13661.7 13065.2 13795.2 13658.3 13012.4 11926.5 12009.5 11907.7 11561.8 11218.5 11015.7 11017.3
 15611.9 14423.3 13089.5 13164.7 13265.7 13010.1 13159.2 12791.6 12273 12309.4 12426.7 12244.2 12253.5 11960.3 11429.1 11121.4 11175 11263.1 11386 11415.6
 15912.4 15033 14940 13088.2 13538.4 13972.5 13709.1 13011.7 12569.2 13418.6 12755.2 12865.3 12928.6 12719.6 12032.4 11666.1 11365.6 11136.1 11398.3 11253.2
 15814.5 15614.1 14680.9 14001.2 12879.7 14501.2 14401.4 12512.9 13200.9 12591.6 12233.4 11927.1 12028.5 12204.5 12001.7 11636.4 11521.2 11199.8 11083.6 11084.5
 14369.6 15353.8 16085.8 15492.3 13168.4 12939 12383.3 12518 12857.7 13055.4 12293 12081.5 12144.6 12158.9 11908.1 11678.9 11770.7 11751.3 11681.9 11717.7
 14566.7 15215.3 14725.4 13879.4 12838.2 14097.1 13590.2 12871.9 12820.3 12985.6 12968.7 12943.8 12373.9 12138.5 12014 11978.2 12009.7 11906.2 11396.3 10972.1
 15562.6 13450.2 13250.9 13002.2 12495 13148.6 12077.9 12940 12760.2 12208.7 12341.8 12431.7 12238.7 11943.8 11809.5 11677.7 11625.3 11531.3 11649.7 11225.3
 16559.8 15665.4 14403.9 14608.5 14921.3 14251.3 13701.4 13599.2 14286 13896.2 12975.5 12962.9 12874.3 12803.6 12370.7 12218.7 12196.3 12568.7 12472.2 11983.4
 15528.6 16369 15278 14601 14660.8 14584.4 13931.9 14024.3 13738.9 12872.3 12569.3 12195.4 12083.1 11988.3 11726.6 11670 11394.7 10966.1 10933 10983
 15767.5 15261 15852.3 15696.6 13881.4 12473 12805.1 12592.5 13849.5 13196.2 12696.8 12352.6 12352.4 12318 12049.5 11880.3 11779.2 11636.4 11495 11797.5
 14345.8 15558.5 15402 13840.9 14079.4 12619.6 12706.8 13186.9 12477.3 12745.8 12193.3 12245.3 12237.3 11963 11866.8 11728.9 11757.1 11703 11484.3 11069.4
 15852.5 15686.9 12688.1 13344.8 13596 13234.8 13077.5 11931.5 11972.2 12515.4 12709.7 12228.7 11846.2 11925.3 11769 11743.4 11845.2 11582.1 11365 11269.1
 14424.6 13673.5 14286.6 13029.1 13240.9 12753.4 14263.5 12897.3 12953.9 13349.1 13417 13271.7 12760.2 12360.2 11935.5 12159.8 12213.6 12053 11852.1 11749.3
 14300.1 16935.9 16467.8 13767.2 15608.1 15486.6 6002.16 13215.4 13658.9 13699.5 13482.6 12809.7 12665.1 12625.6 12178.8 12309 12488.3 12310.6 12337.2 12169.4
 16276.4 15373.3 15323.3 14999.8 14151.6 14013.7 13787.4 12980.5 12250.2 12201.3 12305.7 12292.7 12306 11754.5 11829.9 12121.6 12331.7 11763.8 11017.8 10759.1
 15597.5 15840.5 15375.7 14895.6 13376.5 13809.3 13669.4 13263.4 12748.8 13546.2 13689.9 13696.5 13127.2 13007.9 12726.7 12678.7 12521.4 12561.3 11967.5 11788.7
 16442.1 15928.6 14225.6 13053.3 12986.7 13760.8 12692 13622 12652.2 12718.9 12880.2 12732 12520.8 12203.9 12773.4 12696.8 12119.7 11935.2 11693.3 11911.1
 15915.4 14605.5 16438.1 15458.6 14367.7 14075 15135.9 15329 14576.9 13978.9 14010.9 13598 13428.7 13430.4 13239.6 13412.8 13021.1 12584.6 12444.6 12115.5
 13839.2 15346.9 15465.9 15493 13420.5 13365.7 13313.2 12660.6 13612.1 13134.8 13316.3 13580.9 12950.1 13222.9 13245.8 13054.8 13176.6 13337 13119.7 12840.2
 16145.1 15395.3 15156.2 14996.2 14667 14371.9 14658.8 14836.7 13902.8 13492.5 13057.9 12834 12514.9 12985.6 12912.4 12388.4 11693.2 11887.3 12119.4 11747.2
 14250.1 15841.8 15892 15570.8 15459.1 15020.2 14355.6 13604.4 13908.2 14257.3 14342.5 13964 12935.7 12950.8 13022.5 12797.3 12937.2 13114.5 12827.9 11892.2
 14627.6 16233.5 13462.3 13843.9 14547.1 14360.6 13233.6 12687.8 12256.6 11748.2 11167.6 11167.2 11381.6 11634.9 11637.6 11668.8 11316 11007.2 11039.6 10982
 16325.4 13301.8 14663.5 16092.8 14438.8 15112.4 14300.6 14450.1 14721.6 14597.5 13173.9 13604.7 13708.5 12929.1 12281.1 12047.6 12239.8 12311.6 12302.9 12338.4
 16252.9 14850.5 14040.7 13451.5 13506.3 13584.3 13364.1 13518.2 13457.3 13100.9 12810.1 12870.1 12851 13228.9 12924.8 12404.2 12059.2 11912.8 11288.2 11031.2
 15559.6 13301.9 13591.9 13188.1 12827.9 12589.9 11639.7 11579.3 12063.1 12836.2 13013.2 12033.8 12126.7 12100.5 11797.2 11595.2 11476.1 11421.7 11350.8 11583.7
 16338.4 15096.4 12942.6 14606.3 15218.1 14671.7 14207.7 14453 14355.3 13912.6 13588.1 13408.4 13418.7 13057.1 12675.9 12415.2 12255.1 12356.6 12540.2 12159.2
 14200.3 14921.3 14627.8 15033.3 14845.7 14374.9 14695 13852.2 13116.2 12688.1 12590.4 12637.1 12369.2 12624.1 12826.8 12120.4 11546.4 11387.7 11586 11715.7
 16999.3 13791 13021.3 13345.1 14268.6 13755.4 14208.3 14362.7 14255.6 13957.1 13941.4 13852.4 13415.2 13692.2 13980.8 13495.2 13031.7 12759.9 12970.2 13084.8
 16101.6 15601.7 14875.9 14205.4 13997.2 13139.2 13138.8 13151.9 13021 12541.6 12470.7 12754.2 12794.2 12549 12577.5 12321 11794.5 11634.5 11759.4 11569.2
 15958.3 16012.7 15221.1 15363.9 14826 13186.9 14966.2 14191.7 13917 12996.5 13243.3 13178.3 13101.5 12975.7 12821.4 12803.2 12680.6 12511.9 12124 12094.6
 16348.7 15248.4 12978.1 14533.4 14391.8 14466.9 14640.5 14254.9 13950.4 13838.6 13658.4 13791.4 13669.6 13571.2 13984 13857.9 12914.1 12957.9 12760.5 12638.5
 16699.8 15891.1 12770.3 13567.3 12498.5 13779.8 14142 13827.8 13238.7 12892.3 12643 12962.9 13160.5 13021 12795.2 12919.8 12750.5 12518.1 12567.5 12672
 14546.9 14756.2 14086.3 12713.2 13434.5 13296.7 13048 13228.2 13196.6 13276.9 13460.9 12804.6 12500.6 12626.4 12753.6 12652.8 12258.8 12144.6 11969.8 12075.1
 16206.3 13783.2 12356.8 12595.7 11999 12118.5 12262.5 12854.9 12651.5 11758.8 11698.7 12134.3 12119.1 11625 11180.7 11009.9 11372.3 11249.7 10896.1 10461.2
 16742.8 16231.9 15180 13919 13266.2 13518.5 13679.2 12969.1 12404.1 11728.9 12187.1 12475.6 12127.2 11377.3 10566.6 10541.2 11171.3 11308.1 11000.5 10818.2
 14497.4 16641 15948.6 14629.1 14434.2 13493.6 13855.8 14006.3 13440.9 13064.9 12644.5 12166.6 12043.8 12113.1 12333.6 12144 12399.1 12123 11771 11424
 13919.8 15407 14175.3 14510.9 14423.1 14748 14407.5 14060.6 12929.2 12773.7 11894.1 11510.2 11600.6 11507.4 11318.7 11486.8 11589.8 11572.6 11415.2 11042.6
 14401.7 15653.4 15323.5 14434.9 12630.7 13560.5 14099.4 12773.6 12573.8 13398.4 13355.8 13378.5 12456.9 11849.8 11670.3 11909.6 12018 11598.4 11121.6 11312.7
 15435.6 13431.2 14385.8 14448.8 14714.6 13697 14177.8 14045.4 12378.4 12790.8 13294.6 13325.5 12795.7 12045.6 12215.3 12186.5 11714.6 11455.4 11587.2 11487.7
 16254.7 14091 14901.6 13610 12932.2 12370.6 12406 12234.4 11399.1 10684.9 10563.9 10689.1 10899.4 11028.1 11008.4 10540.8 10401.2 10485.3 10760.9 10946.9
 16633.7 14628.9 12665.9 12765.2 14748 14612.4 13035 14491.8 14489.1 13318.6 12175.4 11785.5 11609.6 11505.9 11547.1 11786.2 11942.5 11852.1 11596.9 11551.5
 15702.8 15907.6 16207.8 13973.9 14127.5 13583.8 13603.7 13638.3 12863.8 14009.5 13529 13098.2 13020.7 13055.7 12547.7 12000.4 11966.4 11958.8 11744.9 11629.1
 15603.4 13533.9 13663.6 13847.3 13552.8 13643 12681.8 13372.5 13089.1 13117.1 12938.4 12517.1 12122.3 11761.4 11828.1 12443.6 12392.5 11706.3 11582.8 11530.7
 14202 15712.7 14901.6 15038.1 14752.1 14265.8 14342.2 14235.1 13128.3 12646 12827.4 13088.2 13081.4 12733.1 12187.7 11933.3 11961.4 11864 11778.8 11836.1
 14440.6 15567.8 13747.8 13542.4 14464.9 14668.3 13957.2 14256.9 13785.4 13874.4 14251.9 14417.1 14433.8 14062.4 12864 13052.6 13239.3 13215.2 12632.9 12557.5
 15640.4 13301.2 14165.6 13560.1 13258.3 13631.3 13978.3 13566.3 12638.8 12798.7 12925.3 12867.6 13134.6 13160.4 12541.9 11995.5 12016.4 12005.6 12070 11917.5
 15750.4 14490.8 14860.6 13654.4 13872.2 13468 13358.3 13078.6 12933 13462.8 13424.5 12923.7 12937.9 12624.4 12490.8 12431 12459.5 12314.1 12021 11992.4
 14152.1 16118.3 14293.3 15897.4 15735.5 13995.7 13691.2 14275.2 14412.5 14460.7 14864 13605.2 13064.5 13198.3 13289.5 13150.1 13003.9 12748.9 12649.7 12605.5
 14932.6 15385.1 15096.5 14533 14545.4 14124.5 14321.8 13562.4 13591.6 13396.5 13990.9 13916.2 13314.6 13119.3 12790.4 12411.8 12067.9 12380 12432.3 12481.6
 16648.2 15448 14439.8 13631.1 12349.4 12460.4 12722 12446.7 12555.8 11767.5 11500.9 10959.5 10911.4 11222.7 11122.8 10771.9 10874.8 10890.5 10380.2 10529.9
 16427.7 13240.6 13544.7 14647.9 14519.1 13946.8 12691 13685 12517.2 13149.5 13201.3 13316.8 12548.9 12331.1 11748.1 11220.2 11095.5 11202.2 11055 10982.2
 15709.8 14492.9 13248.9 13246.5 13311.1 13796.4 12651 12720.3 12719.3 12495 12318.7 12029 12482.1 12715.2 11980 11624.7 11744.8 11705.1 11208.1 11157.2
 14113.3 15745.8 14997.6 13625.4 14509.8 14409.2 14504.4 13881.1 12493.6 13020.3 12890.9 12900.7 12785 12958.7 12610.8 11807.7 11289.9 11218.4 11374.5 11354.6
 16129.1 14833.1 13278.1 14221.6 14631.7 15026.8 14520.5 14093.3 13598.5 14105.8 13434.2 13082.1 13079.2 13109 13128.7 12959.2 12930.5 12826 12387.4 11909.4
 16087.4 12867.5 14236.8 13733.4 13241.7 12067.8 13528.8 13638 12379.3 12646.7 12745.4 12684.4 12509.7 12079.7 11808.9 11770.9 11797.2 11816.7 11394.9 11046.3
 16203.7 14167.4 16342.2 16868.2 15394 15176.4 14701.1 14421.2 13745.2 13445.8 14449.7 13681.4 13259.4 13379.7 13401.6 12964.2 12862.1 12661.5 12860.5 12458.8
 15878.6 16824.8 16436.7 14620.2 14699.8 14564.6 13553.3 14090.4 14448.3 14317.9 13748.3 13616.3 13655.6 13598.5 13064.6 12563 12618.7 12677.5 12621.1 12265.5
 16303.7 15697.6 15296.2 15637.5 15064.8 14540.4 15141.6 14400.6 13069 13236.5 13317 13198.8 13413.3 12849.7 12483.6 12508.2 12345.7 12089.7 12371.7 12166.5
 16065.7 15560.7 15053.3 14726.6 13291.7 14548 13474.3 14375 13466.1 12619.8 12745.8 12677.8 12750.1 12476 12434.1 12349.8 12158.1 11611.2 11671.3 11569.9
 16067.1 13891.3 15108.9 14515.7 14258.9 13676.1 12884.3 13181.1 13576.3 13156.1 12661.6 12448.9 12299.7 12065.1 12291.2 11869.3 12018.3 11695.4 11501.1 11550.1
 14030.9 14935.9 13107.9 13373.2 14020.1 12579.2 12669.9 13382.7 13177.7 13381.1 12381.8 12035.9 12075.6 12204.8 12094.6 11766 11533.7 12058 12126.9 11758.2
 15868.1 14532.1 14366.5 14824 14557.3 14084 13479.5 13547.7 13538.4 13423.7 13742.3 13254.6 12629.5 12355.3 12135.9 12675.2 12768.1 11787.9 11487 11700.9
 14629.1 16084 15396.3 14805.4 14685.6 14137.5 13171.2 13746.1 13703.5 13082.1 13157.5 13436.7 12903.9 12923.2 12770.3 12599.1 11898 12004.2 11982.2 11890.8
 20151 15804.8 13898.2 13830.8 14480.3 14148.8 12839.6 12962.5 12630.5 12887.5 12192 12123.7 12340 12601.5 12409.9 12207.4 12050 11655.7 11438.6 11356.5
 14488.2 14470 14888.2 15793.5 15154.8 14361.4 15056.2 15068.8 14412.8 13452.7 12908.7 13339.5 13413.1 13027.4 12820.6 12509.6 12166.5 12197.2 12467.3 12521.9
 16117.8 15470.8 14229 14241.1 15269.6 13686.5 14489.3 14128.1 13850.2 14271.5 13916.6 13236.4 13520.9 13575.7 12946.4 12502.1 12224.3 12132.6 12178.8 12084.9
 16468.5 14951.6 13454 13149.8 12409.1 13964.8 13663.4 13215.6 11991.5 12065.6 11495.1 11595.9 11845.3 11707 11496.9 11450.1 11257.5 10999.3 11116.9 11090.9
 6122.27 16065.6 14804.7 13814.9 14739.7 13752.6 13597.9 13342.3 13417.4 13512.5 13479.9 13208.8 13603 13601.2 12957.7 12480.6 12902.8 12899.3 12312.2 11971.3
 15966.2 12937.4 12652.7 14191.9 14363.2 14416.2 14323.6 14050.2 13351.4 13169.6 12977.7 12635.9 13163.9 12963.4 12454.5 11645.4 11435.8 11528.6 11987.2 12022.1
 14232.9 13653.3 14185.5 14328.9 13983.2 13825.9 12959.2 14469.9 14400.4 12735.7 12224.7 12067.6 12293.4 12321.9 12272.5 12261.8 11943.1 11582.3 11462.6 11488.8
 14378.2 14174.3 14882 14884.6 14061.2 14193.2 14041.1 13895.3 12729.2 12892.9 12530.9 12477.5 12492.1 12886.8 12818.8 12071.7 11679.8 11847.6 11748.7 11426
 16300.6 12848.5 13239.5 6156.98 14209.7 14841.8 14724.3 14329.8 14314.2 14487.5 14768.3 14357.2 13825.8 13420.1 13794.1 13972.5 13660.4 13447.6 13281.3 13137.7
 14148.9 14825 12697 5598.72 14138.5 14618.3 13772 13792 13220.1 13091.7 13391.3 13090.5 12530.2 12484.6 12510.7 11912.4 11636.6 11583.8 11409.9 11080.9
 15830.3 13528.5 12952.1 12398.9 14071 14263.7 13758.2 14109.1 14333 13809.6 13914.2 13655 12592.3 12529.5 12831.2 12982.6 12907.2 12859.7 12737.3 12037.7
 14087.6 12278.8 12908.4 11316.1 12082.3 12864.8 12978.5 12870.7 12492.8 12215.4 12087.2 12216 12441.1 12612.5 12232 11930.3 11628.3 11698 11694.6 11509.9
 16369.1 15265.2 13040.9 5710.8 14272.3 13837.5 13150.8 12772.6 12802.8 12886.7 13275.1 12959.8 12960.7 12741.4 12622.1 12548.5 12578.9 12856.5 12637.5 12173
 16287.4 14402.9 12888.8 13009.1 14545.9 13925.5 12958 12749.5 13072.7 13153.8 12631.1 12004.4 12154.7 12436.4 12149.3 11632.7 11994.5 12066 11733.3 11402.1
 16230 15033.1 14707.5 14967 14980.5 14036.5 12634.3 13553.5 13601.8 13166.5 12918.2 12971.7 13285 12799.1 12404.5 12646.3 12763.6 12602.4 11906.7 11642.3
 14057.6 15120.4 15378 14090.9 14115 14597.8 14651.6 14165 14247.2 13854.9 12992 12808.6 12804.9 12535 12229.1 12055.9 11810.1 11941.7 11897.6 11460
 14419 12564.1 13975.6 13728.1 13732.2 13711.8 13841.9 13441.5 13252.5 13247.2 13248.9 12932 12468.4 12380 12545.2 12263.9 12103.4 11889.9 11857.5 12080
 16430.7 15270.3 13762.1 15299 14812.8 14678 14294.6 13724.9 13721.3 14368.1 14585 13581.7 12617.4 12443.5 12331.7 12566.5 12663.8 12120.6 11822.7 11847.1
 14257.8 15360.2 13328.5 12931 12976.7 13100.5 12667 11952.3 12708.3 12811.8 11974.2 11554.8 11312.9 11167.3 11164.1 11047.8 10552.1 10273.7 10175.6 10217.7
 16214 13635.9 15207 15391.5 15718.1 14911.4 13567.6 14160.3 13916.5 13582 13554.8 13916 13324.3 12938.8 12957.2 12921.4 12591.9 12437.5 12495.2 12070.8
 16078.6 15321.1 13007.5 13952.5 14414.9 14241.4 13647 13343.9 13015.9 13000.2 13562.9 13157 13134.5 12265 11464.9 11343.7 11492.6 11171 10918.6 10713.1
 17050.9 15768.8 14710.6 15978.8 14035.9 13042.8 12349.1 12081.8 12193.5 12703.8 12879.6 12591.1 12474.2 12378.9 12148.5 11996.2 12295.2 12181.5 11757.5 11377.7
 15943.5 13811.3 14999.5 14875.9 15011 13357.4 13722.8 14541.3 13523.9 12955.9 13315.4 13528 13687.7 13328.6 13068.5 12973.9 13138.1 12924 12677.4 12718.5
 14525.3 15545.4 14871.8 14438.8 13737.1 14493.5 14731.2 14231.3 14253.4 14567.7 14223.5 13227 12430.2 12088 12281.2 12322.1 12281.1 12063.5 11810.5 12014.2
 16101.5 14650.7 15848.9 15068.4 15633.2 14956.2 14706.4 14216.4 13738.4 13914.4 14057.9 14002.1 13461 13069.9 13018.3 13196.3 13295 13157.4 12641.8 12271.4
 15885.5 15955.7 15861.6 15673.8 15167.6 14023.5 13528.3 13013.1 13547 13818.7 14105.2 13635.3 13414.4 13510.1 13401.4 13421.9 13768.4 13400.2 13078.5 12635.1
 16233.3 14906.3 15379.3 15238 14527.4 14836.4 15345.7 14707 14381.1 14130.9 13943.2 14267.2 14175.2 13975.3 13842.2 13971.8 14025.5 13507.1 13822.6 13790
 13639.3 13183.5 15110.1 14269.9 13633.5 13729.7 13257.1 13755.1 13274.6 12666.2 12234.1 12227.6 12241.7 12310.5 12241.4 12385 12302.9 12220.2 12146.1 12015.3
 16264.3 15906.9 14639 14153.1 14241.5 13850.4 12591.7 12376.5 12285.8 12431.3 12854.2 12753.1 12262.1 12192.1 12235.1 11702 11033.1 10987.8 10985.2 11009.5
 15911.2 14776.2 14055.4 13039.3 13665.6 13504.8 12837.8 13003.5 12454.4 12308 12672 12537.1 12062.4 11613 11505.5 11533.9 11467 11263.8 11393.2 11424
 16494.7 16495 15284.7 14556.4 13811.9 13394.1 12426.2 12709.8 12746.2 13154.4 12129 11865.6 11948.7 11818.7 11731.5 11448.4 11525.4 11550.9 11303.7 11089.6
 13990.3 13719.6 14654.1 14294.2 14350.7 14222.5 13632.9 14111.6 13628.3 13978.5 13313.6 12771.3 12515.6 12933.2 12951.5 12350.5 12015.1 11681.5 11588.7 11720.1
 14067.4 16300.6 13296.6 12422.2 12425.3 11974 11690.6 12028.3 12183.5 11695.3 11483.7 11493.2 11635.6 11610 11728.5 11735.9 11766.1 11298.3 11260 11240
 14341.3 14488.1 15029 14604.6 13693.5 13295.8 12983.1 12925.7 12887.6 12228.7 11902.2 11233.5 10873.8 10692 10792.1 11028.4 10951.8 10936.1 11052.3 11013.1
 14174.6 15655.6 14174.9 12790.1 13497.5 13480.5 13590.6 13056.5 12389.2 12772.7 12785.1 12834.8 12901.5 12617.2 12874.6 12991.9 12722.3 12144.2 12046.9 12012
 15844.6 13758.8 12855.6 13554.6 13745.8 12446 12632.7 11690.1 11116.5 11884.7 12093.8 11558.8 11018.1 11031.3 11003.9 10752.7 10739.4 10891.5 10890.3 10492.8
 15889.4 13003.3 13704.7 12752.3 13164.2 12901.3 12716.4 12273.8 11415.1 11945.9 12065.7 11772.9 11949.4 11562.5 10766.2 10800.6 10964.3 11143 10778.2 10546.6
 16639.7 14150 14753.2 14109.6 14275.3 13958 13791.2 13538.6 13217.2 12824 12346.4 12176.1 12090.1 12358.9 12287.3 11773.6 12029.4 11921.8 11928.9 12070
 16116.2 14177 12885.4 12725.9 13858 13817.6 13882.6 14358.4 13724.4 13688.4 12565.5 12514 12291.9 12360.1 12259.4 11985.9 11687.2 11628.8 11957.9 12217.7
 13990.9 15121.1 15322.9 15428.4 15499.2 13776.3 14064.1 13854.5 13678.4 13331.1 13458.9 13101.5 12999.5 12766.7 12191.4 12241 12497.7 12416.2 11707.8 11647.1
 16298.4 14668.3 13093.2 12817.9 12717.7 12179.7 12684.8 12169.5 11907.7 12531 12665.8 12753.9 12128.3 11878.6 12138.5 11953.6 11528.1 11455 11549.6 11562.9
 14185.8 15563.1 14592 14394 14280.7 14277.5 14122.9 13645.8 13327.7 13286.4 13390.9 13747.4 13692.8 13602.1 13015.7 12795.5 12793.6 12787.5 12456.5 12486.4
 14357.6 14412 13014.2 12823.7 12416.1 11633.8 12979.2 13195.3 12855.5 11801.8 11668.6 12058.6 12125.8 11725.7 11327.9 11415.9 11238.4 11448.9 11372.2 11119
 16089.6 13678.2 14895.9 14932.6 15095.2 14593.4 13454.3 13610.3 13556.7 13692.7 13442.1 12437.7 11990.9 11602.7 11526 11715.2 11744.6 11785.3 11505.8 11448.5
 6186.23 14677.4 13833.6 13552.2 15586.4 15271.3 13704.4 12585.9 12521.3 12003.8 12066.6 11671.5 12227.1 12206.5 11695.2 11255.4 11084.8 11102.2 11064.7 11268.5
 16135.8 13584.3 13344.3 13314.6 14159.5 13625.8 13785.8 13945.8 13995.7 13604.3 12884.7 12850.9 12971.5 12760.5 12669.5 12364.4 12176.4 12213.8 12224.8 12132.6
 16168.2 13238.7 13634.9 14038 14647.1 14141.9 13380.2 13802.4 13154.3 13662.6 13227.5 13144.6 13065.2 12644 12490.8 12782.2 12723.7 11935.2 11610.7 11577.7
 14758.4 15633.5 14908.8 14989.2 15349.1 15244.5 13788.2 13924 13355.4 13615.1 13189.8 13393.2 13509.2 13308.5 12880.7 12518.4 12293.3 12305.6 12303.7 12063.4
 16385.2 14056.7 15600.1 15417 14059.3 13517.7 13833.5 14036.8 13171.6 13542.8 13872.9 13975.6 13355.4 12498.5 12095.3 11885.7 12097.3 12196.2 11946.9 11789.7
 16063.9 15101.4 14747.2 12763.3 13866.9 13071.7 13304.1 13320.7 12589.3 12460.4 12176.6 11958.4 12018.7 12214.6 12527.3 12618.6 12276.7 12321.3 12462.2 12101.6
 14853 16278 13923.2 13720.4 13134.5 14053.6 14227.4 14064.6 12844.1 12737.2 12665.8 12901.5 12864.7 12304.1 12185.2 12126.2 12185.7 11816.4 11363.9 11283.7
 14089.8 16364.8 15766.7 14978.2 13165.6 13403.7 12804.4 13691.5 13412.9 13532.4 13326 12976.7 12980.6 13558.2 13398.7 12667.3 12281.5 12468.8 12467.3 12360.2
 14456.2 14972.6 15000.7 15509.8 15651.9 15011.3 14419.9 14620.6 13807 13854.7 14812.2 14793.8 14096.5 13637.8 13777.8 13783.3 13415.7 12983 12836.9 12656.8
 15985.5 15863.9 14198.1 14311.7 14536.2 13791.7 13816.7 13684.6 13101.6 13999.9 13908.4 13626.3 13414.6 13043 13145.7 13065.5 12813 12829 12593.7 12196
 14064.2 16232.3 15212 14596.6 14775.8 15227.2 15069.7 15054.7 14864.2 15183.6 14521.5 13873.1 13969.7 14270.2 13754.3 13573.8 13346.3 13194.6 13307.7 13294.8
 14216.9 14907.5 12724.4 12612.1 14470.2 14349.3 13466.6 13524.5 13678.8 13639.5 13347.9 12630.2 12749.2 12648.4 12624.7 12556.5 12489.4 12302.8 12369.9 12219.6
 14429.4 14907.2 14729.7 14387.1 13975.6 14153.6 13881.1 13128.7 12568 12579.7 12924.3 12677.9 12509 12672.3 12269.7 11923.3 11921.4 12000.9 12036 11634.1
 14101.2 13693.1 13826.9 15678.5 14193.3 14393.7 14321.1 14304.5 13136.7 13819.1 13864.6 13811.3 13392.8 13029.1 12596.1 12168.4 11861 12169 12213.8 11831.7
