 0.477638 0.884528 0.35746 0.379689 0.737684 0.665323 0.852662 0.854464 0.183859 0.5382 1.07283 0.405073 0.460033 0.577988 0.586061 0.627252 0.393639 0.397819 0.343198 0.395288
 0.527566 0.781692 0.810908 0.427839 0.497434 1.05412 0.692186 0.338162 0.387148 0.543095 0.555862 0.798797 0.830749 0.480942 0.526791 0.377477 0.205046 0.424319 0.797151 0.289895
 0.415515 0.753489 1.01202 0.666681 0.133312 0.542952 0.845813 0.509403 0.372541 0.493043 0.655103 0.743996 0.518976 0.349012 0.288561 1.19152 0.645906 0.475351 0.21986 0.358751
 0.613031 0.524853 0.568964 0.43151 0.586854 0.484348 0.628153 0.400692 0.451653 0.889782 0.606902 0.547789 0.425781 0.538948 0.563307 0.438726 0.437548 0.561146 0.846925 0.285069
 0.539731 0.703713 0.360549 0.28907 0.729382 0.842092 0.714622 0.65775 0.224324 0.456901 0.892265 0.453732 0.319504 0.483494 0.333311 0.530097 0.666138 0.417352 0.458892 0.368324
 0.540589 0.618235 0.523431 0.518976 0.318713 0.39982 0.891661 0.718547 0.551273 0.417301 0.401929 0.438288 0.720811 0.707519 0.599941 0.613264 0.453057 0.507506 0.589288 0.272556
 0.582131 0.478215 0.678209 0.359009 0.4875 0.759774 0.530519 0.48377 0.378414 0.489651 0.352975 0.477502 0.546153 0.623699 0.485765 0.289422 0.270473 0.549304 0.385602 0.369886
 0.573371 1.03554 0.52534 0.445424 0.500421 0.442718 0.457653 0.493712 0.258246 0.460283 0.570729 0.787061 0.562833 0.350753 0.350755 0.599077 0.462822 0.459246 0.446117 0.602059
 0.581625 0.562831 0.460036 0.564459 0.407017 0.651429 0.361487 0.474723 0.393947 0.684262 0.668594 0.616313 0.33359 0.583766 0.301468 0.44068 0.41628 0.796975 0.617398 0.13367
 0.52248 1.42687 0.627354 0.260943 0.416659 0.801443 0.47974 0.429775 0.424148 0.420362 0.64733 0.513021 0.274584 0.375953 0.72654 0.407367 0.383114 0.346667 0.469196 0.715948
 0.513592 0.831252 0.428139 0.431723 0.550551 0.373183 0.748702 1.09075 0.294328 0.318634 0.691649 0.49969 0.451584 0.486434 0.483257 0.740559 0.859553 0.565366 0.483382 0.292163
 0.818008 0.43272 0.312314 0.758232 0.786827 0.248898 0.413287 0.38414 0.378144 0.737814 0.310166 0.434027 0.656673 0.448389 0.267941 0.414906 0.816733 0.406054 0.430338 0.865023
 0.36815 0.657939 0.597388 0.167559 0.423199 1.3051 0.381537 0.529424 0.536746 0.519087 0.474203 0.443061 0.299173 0.341039 0.557369 1.04866 0.219147 0.383269 0.778125 0.684997
 0.138939 2.01375 2.01375 2.01375 2.01371 2.01375 2.01375 2.01375 2.01375 1.59875 2.01375 2.01375 2.01375 2.01375 2.01375 2.00524 2.01372 2.0137 2.01351 2.01375
 0.352987 1.07053 0.503145 0.208615 0.53324 0.625882 0.520076 0.43816 0.39006 0.509089 0.342002 0.670287 0.609262 0.337721 0.467112 0.870501 0.344624 0.472855 0.542466 0.513961
 0.441288 1.1376 0.834564 0.33953 0.518467 0.283108 0.313538 1.26799 0.824176 0.821275 0.382744 0.273512 0.466145 1.42281 0.656594 0.4803 0.493296 0.599396 0.360353 0.4087
 0.398335 1.05035 0.908009 0.673478 0.724555 1.16042 0.690462 0.871287 0.188559 0.312719 0.631095 0.375884 0.480592 0.650005 0.615273 0.330003 0.48364 0.30553 0.292076 0.327767
 0.444919 2.01375 0.710034 1.16584 0.998889 0.277464 0.279254 0.626122 0.994681 0.772684 0.425449 0.42887 0.767733 0.450947 0.414116 0.385796 0.355079 0.492015 0.413879 0.309574
 0.333196 0.558182 0.97232 0.291397 0.510797 0.894518 0.665795 0.423482 0.664048 0.588372 0.401673 0.714621 0.349619 0.363546 0.404989 0.608129 0.596463 0.603153 0.4626 0.51444
 0.520938 0.567775 0.652749 0.694735 0.556697 0.483659 0.512558 0.442183 0.544576 0.640422 0.463352 0.449845 0.431599 0.397128 0.45746 0.462634 0.625187 0.344997 0.525125 0.578467
 0.429546 1.02181 0.478702 0.362504 0.442481 0.82 0.417772 0.541933 0.604033 0.288359 0.399029 0.543833 0.586284 0.38733 0.455448 0.486855 0.471754 0.374372 0.325941 0.620734
 0.410429 1.10152 1.60466 0.622095 0.691978 0.462548 0.350695 0.292537 0.425839 1.25274 1.15472 1.02672 0.218853 0.379908 0.735617 0.430844 0.518419 0.685417 0.762812 0.275542
 0.522483 1.17053 0.952025 0.326588 0.404256 0.560491 0.396135 0.339316 0.567655 0.564129 0.432249 0.242769 0.606862 0.760375 0.474132 0.462174 0.28688 0.617042 0.615162 0.44727
 0.523804 0.888102 0.945824 0.774985 0.222127 0.433744 1.44757 0.220325 0.487886 0.351199 0.366253 0.596345 0.513436 0.458972 0.341574 0.358547 0.726886 0.379545 0.256176 0.472241
 0.388221 1.55269 0.61142 0.430217 0.350856 0.545325 0.37626 0.37252 0.484147 0.768711 0.435749 0.210561 0.470786 0.930872 0.3977 0.479177 0.686952 0.471891 0.217831 0.514939
 0.504857 0.587848 0.71168 0.610145 0.209993 0.478462 0.976586 0.475236 0.469322 0.495393 0.537069 0.569969 0.650646 0.535741 0.56528 0.590421 0.682193 0.65107 0.416619 0.275996
 0.560132 0.671174 0.576956 0.505917 0.337834 0.457263 0.515033 0.424515 0.554373 0.439288 0.545509 0.477849 0.43939 0.221725 0.452956 0.728309 0.422249 0.228992 0.47598 0.771687
 0.520264 0.460953 0.669523 0.485437 0.472407 0.611265 0.446924 0.416326 0.343276 0.44053 0.596032 0.41776 0.342619 0.314135 0.448747 0.741571 0.482232 0.487118 0.484545 0.48894
 0.403801 1.4466 0.59988 0.802641 0.555098 0.211489 0.540565 0.465901 0.441639 0.885532 0.908116 0.702743 0.793691 0.927079 0.365448 0.526896 0.634377 0.423103 0.26944 0.257384
 0.584063 0.233316 0.584085 0.388077 0.620012 0.632588 0.524495 0.613072 0.761436 0.31845 0.441457 0.32823 0.537861 1.01629 0.732255 0.513817 0.384798 0.293401 0.421569 0.579847
 0.48544 0.613831 0.810003 0.459057 0.669488 0.282346 0.485269 0.420207 0.334488 0.36877 0.671734 0.771479 0.601263 0.436634 0.342722 0.489648 0.818853 0.266119 0.312615 1.0489
 0.570532 0.92312 0.976576 0.415409 0.566518 0.666643 0.333737 0.403484 0.586525 0.488632 0.520299 0.326117 0.488399 0.510591 0.482757 0.541094 0.52408 0.480878 0.785884 0.189303
 0.398755 0.654585 0.844901 1.09113 0.880683 0.63499 0.435901 0.644818 0.338582 0.377016 0.40858 0.447774 0.512526 0.372458 0.483363 0.323328 0.526463 0.597836 0.127296 0.418545
 0.570702 0.845607 0.505794 0.392839 0.354519 0.532501 0.94396 0.498128 0.403832 0.429835 0.329601 0.39353 1.08951 0.495123 0.406691 0.38996 0.572162 0.462236 0.455852 0.416664
 0.506809 0.871202 0.685985 0.563771 0.313356 0.343949 0.580397 0.435272 0.49175 0.576189 0.7104 0.422045 0.204289 0.51589 0.934135 0.162979 0.318536 1.72201 0.217611 0.377114
 0.328456 0.515759 1.73051 1.28582 1.2728 1.4091 0.605863 0.43065 0.458376 0.415078 0.53264 0.413514 0.439786 0.63704 0.389772 0.611659 0.505675 0.331968 0.676355 0.771952
 0.464705 0.606406 0.576568 0.46938 0.240137 0.428226 1.42868 0.892167 0.636289 0.478685 0.271879 0.37671 0.775179 0.626371 0.867548 0.469604 0.81439 0.380999 0.27852 0.55384
 0.740717 0.523201 0.323292 0.611391 1.11113 0.293033 0.316004 0.416971 0.925602 0.571711 0.31103 0.344772 0.426671 0.488522 0.927607 0.590448 0.540414 0.576834 0.75252 0.621579
 0.686137 0.64421 0.58444 0.583226 0.473181 0.433182 0.503577 1.02654 1.16817 0.912665 0.666082 0.404276 0.347323 0.477406 0.501698 0.361559 0.387881 0.734347 0.369045 0.177705
 0.640923 0.652182 0.40602 0.318001 0.584793 1.13126 0.710804 0.481634 0.843003 0.826974 0.553534 0.487995 0.578575 0.419112 0.606358 0.575902 0.471073 0.444074 0.59114 0.329598
 0.453478 0.829277 0.489431 1.16324 0.499971 0.421831 0.358535 0.38851 0.598442 0.602887 0.587918 0.292252 0.459358 0.464751 0.567135 0.422578 0.44857 0.445392 0.631749 0.648289
 0.637708 0.824261 0.244872 0.43693 0.717066 0.400591 0.628962 0.427028 0.675635 0.561587 0.500997 0.605221 0.490701 0.25019 0.508075 0.575752 0.814067 0.618893 0.278843 0.578838
 0.533572 0.864955 0.272886 0.564796 0.518367 0.499499 0.628904 0.317315 0.466448 0.481812 0.603592 0.511883 1.04769 0.182216 0.500617 0.405469 0.393602 0.687489 0.264555 0.418233
 0.365952 0.666669 0.829227 0.749627 0.586744 0.466551 0.485812 0.375275 0.693998 0.441286 0.51542 0.186501 0.520845 0.790797 0.675382 0.522008 0.446408 0.441195 0.778606 0.687181
 0.368169 1.51171 0.541807 0.338692 0.801416 0.369693 0.389371 0.510821 0.613042 0.450078 0.483538 0.549331 0.444265 0.458504 0.507965 0.37967 0.414804 0.588865 0.439545 0.33009
 0.49305 1.13712 0.669841 0.725658 0.615419 0.647882 0.281828 0.366989 0.462305 0.894293 0.447814 0.57843 0.958499 0.421187 0.685762 0.931692 0.824651 0.661855 0.395654 0.523271
 0.444229 1.45463 0.564518 0.596192 0.567143 0.436706 0.484777 0.615151 0.326413 0.580162 0.557796 0.617655 0.40581 0.542303 0.697749 0.29972 0.361592 0.514898 0.556434 0.567947
 0.208104 2.01375 0.577918 0.681741 1.47118 0.511524 0.337784 0.332615 0.526616 0.463712 0.254894 0.319667 0.890008 0.533931 0.451383 0.365893 0.341927 0.613253 1.33891 0.699453
 0.499164 0.946263 0.799052 0.668989 0.495561 0.529189 0.695904 0.356732 0.400624 0.471008 0.596158 0.543828 0.526302 0.537387 0.267532 0.362806 0.572678 0.602438 0.235933 0.461272
 0.307324 0.920455 0.50993 0.595598 0.431098 0.259372 0.471539 1.01163 0.946109 0.324934 0.309691 0.453015 0.514748 0.527697 0.338578 0.499421 0.63515 0.32703 0.376777 0.581239
 0.375402 1.25986 0.425075 0.620042 0.847977 0.299278 0.320117 1.14126 0.535533 0.672169 0.324406 0.36149 0.428191 0.690738 0.536382 0.656067 0.542618 0.665338 0.969539 0.311262
 0.388287 1.86883 0.631631 0.281469 0.444743 0.560341 0.630905 1.00221 1.07627 0.514435 0.464445 0.289276 0.251114 0.507885 0.738869 0.592272 0.388236 0.428413 0.707896 0.477875
 0.458565 0.614181 0.925798 0.957727 0.688285 0.635701 0.440414 0.45532 0.387087 0.342933 0.639267 0.47005 0.609299 0.588999 0.484362 0.287742 0.414524 0.404499 0.539724 0.608494
 0.616895 0.507633 1.45387 0.301165 0.575386 0.437953 0.285181 0.638511 1.09649 0.407967 0.346142 0.473455 0.551014 0.692845 0.284027 0.188657 0.538095 0.962974 0.504826 0.236615
 0.471498 0.737214 0.656428 0.636307 0.787037 0.273661 0.370923 0.70879 0.726327 0.707728 0.660173 0.284149 0.476814 0.507316 0.5955 0.461648 0.368213 0.250848 0.479374 0.686716
 0.450607 0.875691 0.339752 0.417886 0.622897 0.453536 0.515934 0.268823 0.698072 0.854049 0.788539 0.175704 0.520783 1.0496 0.374462 0.195711 0.496156 0.914271 0.453825 0.438441
 0.383739 0.761457 0.548744 0.395027 0.496844 0.66677 1.28342 0.375728 0.299476 0.65637 0.292215 0.390431 0.528104 0.445597 0.632241 0.581415 0.596434 0.920398 0.882363 0.699138
 0.401231 1.97707 0.792743 0.50043 0.188859 0.385625 0.788982 0.605374 0.276465 0.393768 0.642075 0.402237 0.445775 0.53911 0.442335 0.6234 0.338734 0.473619 1.55843 0.643929
 1.00205 0.275245 0.490378 0.604088 0.951013 0.779081 0.421709 0.587041 0.888318 0.803149 0.40603 0.234509 0.389065 0.7383 1.00429 0.628694 0.431541 0.450518 0.457287 0.455105
 0.464023 0.758211 0.54265 0.695244 0.605653 0.475678 0.260349 0.515523 0.765142 0.295945 0.501414 0.374681 0.37706 0.624304 0.505519 0.52704 0.572336 0.502678 0.386638 0.251784
 0.431209 0.711522 0.584134 0.563159 0.310016 0.762122 0.391582 0.477405 0.46275 0.327786 0.597228 0.379842 0.353021 0.441361 0.509089 0.438712 0.386554 0.272591 0.32607 0.845813
 0.516341 1.1581 1.04774 0.35787 0.339125 0.474764 0.90262 0.365372 0.364414 0.413396 0.527427 0.525496 0.716508 0.26502 0.307263 0.39078 0.540909 0.670778 0.291363 0.327363
 0.455836 1.0377 0.568719 0.351559 0.464313 0.910934 0.376458 0.563365 0.905288 0.635882 0.3389 0.355948 0.453962 0.71037 0.47021 0.202146 0.395291 0.8203 0.958455 0.556278
 0.313334 0.741536 1.06452 0.270349 0.562681 0.341252 0.562551 0.637821 0.646419 0.363223 0.661013 0.451373 0.401811 0.602158 0.532309 0.589269 0.299177 0.489898 0.517916 0.774506
 0.619935 0.464642 1.10158 0.442127 0.289501 0.556333 0.543021 0.387792 0.42017 0.545153 0.389137 0.550366 0.602737 0.244978 0.351819 0.621462 0.412083 0.433166 0.475014 0.575168
 0.556821 1.01041 0.547917 0.469131 0.443192 0.819629 0.324732 0.580561 0.240355 0.441965 0.669157 0.51223 0.280811 0.404969 0.712188 0.530664 0.604255 0.618156 0.526437 0.52544
 0.426091 0.93117 0.888504 0.406911 0.406946 0.53383 0.472075 0.381272 0.651305 0.414877 0.502948 0.761471 0.323947 0.353772 0.403647 0.729476 0.264517 0.34361 0.678708 0.637752
 0.610789 0.195779 0.781121 0.608394 0.465169 0.383765 0.511419 0.323224 0.271293 0.563414 0.956005 0.474752 0.328798 0.568877 0.56405 0.718481 0.641225 0.485769 0.447833 0.360539
 0.549607 0.440161 0.514132 0.450523 0.619172 0.575786 0.491215 0.303098 0.349393 0.523863 1.08058 0.536102 0.569655 0.50332 0.648624 0.888577 0.804578 0.983994 0.470481 0.204722
 0.411384 2.01375 0.336668 0.42196 0.35607 0.507152 0.446132 0.460365 0.442163 0.275251 0.398736 0.817359 0.721304 0.303837 0.471165 0.589597 0.651201 0.329114 0.522795 0.592124
 0.402914 1.08879 0.394414 0.292182 0.565469 0.54528 0.434936 0.629273 0.472895 0.380654 0.289451 0.901213 0.624172 0.585376 0.527278 0.920147 0.108535 0.420479 0.698079 1.09076
 0.297786 0.955025 0.648692 0.256635 0.634596 0.822745 0.564323 0.532335 0.50035 0.897665 0.618136 0.782185 0.621573 0.379237 0.286138 0.398224 0.375558 0.676817 0.695645 0.593318
 0.562788 0.71297 0.420164 0.697605 0.204389 0.654293 0.584812 0.621316 0.418671 0.427706 0.452353 0.388346 0.482149 0.621509 0.453899 0.232087 0.392798 0.554001 0.485175 0.574278
 0.54966 0.620136 0.385649 0.610654 0.802405 0.488038 0.670689 0.388841 0.40326 0.640351 0.341676 0.46704 0.291643 0.599284 0.567712 0.292077 0.570146 1.02002 0.452363 0.346503
 0.422489 1.07092 0.624122 0.316499 0.296968 0.577324 0.658279 0.747183 0.343942 0.217668 0.527514 1.37285 0.622332 0.487507 0.471192 0.797347 0.255332 0.415485 0.698005 0.400281
 0.547717 1.35147 0.39844 0.475106 1.17354 0.430581 0.368216 0.458489 0.962899 0.206781 0.508997 0.690912 0.459926 0.474031 0.530737 0.271755 0.450425 0.745933 0.706466 0.712217
 0.542004 0.499821 0.518611 0.857199 0.825455 0.737748 0.218167 0.518672 0.628474 0.679966 0.549457 0.340239 0.348355 0.48913 0.423401 0.446948 0.288311 0.402922 0.657736 0.491997
 0.638649 0.60159 0.328778 0.44079 0.670596 0.841017 0.822258 0.406111 0.490775 0.437671 0.579384 0.700504 0.538579 0.589533 0.413249 0.431667 0.619799 0.517833 0.418029 0.403212
 0.67838 0.600611 0.366903 0.38138 0.332325 0.456663 0.655083 0.656894 0.566235 0.507134 0.400979 0.37359 0.570744 0.573697 0.658551 0.376385 0.409822 0.513022 0.652592 0.391269
 0.365985 0.624141 0.813984 0.370534 0.37159 0.754058 0.347402 0.47688 0.708723 0.720841 0.130415 0.501698 0.81234 1.50008 0.335259 0.522679 0.727651 0.727203 0.651644 0.465338
 0.647728 1.36093 1.0282 0.478603 0.447029 0.501648 0.39593 0.593219 0.647128 0.383676 0.378274 0.512717 0.387148 0.535763 0.834041 0.557557 0.386771 0.34248 0.320589 0.358753
 0.547036 0.842037 0.45648 0.597778 0.693459 0.304352 0.523734 0.800916 0.215375 0.433525 0.770318 0.368226 0.358704 0.512655 0.727812 0.627543 0.649378 0.671144 0.23301 0.531249
 0.614017 0.540432 0.738876 0.6567 0.415605 0.2542 0.476584 0.953334 0.586741 0.738087 0.760211 0.62955 0.417499 0.333301 0.496749 0.594522 0.461248 0.665935 0.487189 0.405686
 0.475384 0.703194 0.254985 0.605994 0.972321 1.20852 0.954408 0.454117 0.355349 0.346523 0.949626 0.550488 0.366759 0.403355 0.555243 0.586307 0.366945 0.440628 0.488047 0.405057
 0.418956 0.790061 0.571955 0.698721 0.492944 0.385562 0.660627 0.78714 0.466443 0.387607 0.437418 0.415766 0.717609 0.522889 0.485184 0.476622 0.385488 0.484611 0.783227 0.825028
 0.673159 0.739048 0.478284 0.562461 0.698953 0.590314 0.54932 0.397643 0.483524 0.792288 0.354284 0.383077 0.476838 0.524021 0.487277 0.446545 0.43693 0.452596 0.35393 0.672719
 0.408879 0.691915 0.957936 0.375725 0.340634 0.710118 0.646274 0.19618 0.450593 0.838556 0.993365 0.392704 0.477947 0.45417 0.594785 0.522328 0.41185 0.216612 0.474788 0.937968
 0.691319 0.324492 0.718749 0.728224 0.390009 0.460246 0.279412 0.417034 1.29814 1.02421 0.646525 0.781399 0.557754 0.431901 0.63929 0.447183 0.611538 0.846847 0.443073 0.412782
 0.578288 0.887164 0.279792 0.4775 2.01375 0.525808 0.287321 0.538951 0.460874 0.695125 0.729454 0.590896 0.457877 0.395568 0.537783 0.456398 0.444251 0.485303 0.506776 0.205179
 0.496567 0.597858 0.457342 0.512092 0.714713 0.703664 0.423576 0.530046 0.483583 0.549657 0.753268 0.386625 0.409098 0.610292 0.465084 0.43694 0.412976 0.434656 0.533839 0.725466
 0.565219 0.637519 1.20922 0.622984 0.386999 0.578913 0.49404 0.681185 0.40857 0.460825 0.339134 0.671725 0.623589 0.357277 0.462466 0.439839 0.364047 0.534684 0.540437 0.45981
 0.394185 0.947586 0.793851 0.36216 0.376479 0.645202 0.309323 0.533133 0.418456 0.621362 0.351811 0.458209 0.649755 0.633742 0.595324 0.297393 0.375966 0.491544 0.534181 0.442927
 0.475831 0.328566 0.517721 0.994542 0.272798 0.462139 2.01355 0.708991 0.275775 0.40582 0.601681 0.707871 0.526272 0.38282 0.655841 0.317598 0.291289 0.579154 0.361986 0.469647
 0.433021 0.818425 0.394709 0.50538 0.80933 0.479775 0.499766 0.80989 0.917574 0.493652 0.383539 0.436768 0.427617 0.689789 0.386554 0.278611 0.338795 0.740732 1.28774 0.738747
 0.66831 0.417974 0.539597 0.594008 0.560676 0.599575 0.477192 0.573404 0.400153 0.326803 0.37178 0.394619 0.65768 0.430854 0.511522 0.443815 0.450137 0.373966 0.817763 0.510052
 0.45953 0.55815 1.3933 1.20441 0.549985 0.243569 0.491096 0.464487 0.940798 0.412517 0.353281 0.483752 0.538266 0.58047 0.153207 0.462807 0.830903 0.529459 0.581041 0.253093
 0.571893 0.366594 0.38669 0.944119 0.879202 0.536105 0.170296 0.380114 1.38527 0.790736 0.415415 0.608186 0.543234 0.397139 0.423844 0.352373 0.598069 0.740597 0.485689 0.717925
 0.722358 0.579545 0.366478 0.421921 1.68747 0.558562 0.487198 0.295092 0.4314 0.740536 0.327477 0.305118 0.797926 0.287683 0.38104 0.504113 0.333125 0.284946 0.590635 0.54875
 0.506237 0.709916 0.503863 0.432538 0.56063 0.559043 0.315756 0.374177 0.909403 0.579415 0.61308 0.649382 0.599127 0.238258 0.458816 0.726011 0.946054 0.26503 0.33504 0.682014
 0.574205 0.45684 0.443269 0.510547 0.485937 0.542035 0.769608 0.412311 0.644695 0.324042 0.416072 0.579686 1.00315 0.404695 0.45832 0.49608 0.339427 0.338738 0.58507 1.16132
 0.381559 0.554337 0.924358 0.687734 0.250558 0.506152 1.26372 0.786052 0.752825 0.928083 1.04245 0.58769 0.361514 0.305317 0.443171 0.388533 0.668845 0.665988 0.374381 0.467318
 0.439805 1.26946 0.463055 0.196526 0.467045 0.745794 0.820592 0.393844 0.325884 0.523647 1.37704 0.265926 0.382388 0.891045 0.995078 0.673207 0.351976 0.389407 0.499547 0.358905
 0.52112 1.03265 0.689248 0.694426 0.502444 0.449258 0.59433 0.386783 0.489211 0.64245 0.54965 0.434955 0.456264 0.285978 0.580651 0.681677 0.61265 0.537725 1.14132 0.718665
 0.724539 0.839804 0.847789 0.704625 0.69667 0.638241 1.24008 0.635562 0.316119 0.234225 0.437473 1.14752 0.38471 0.439519 0.620331 0.541451 0.485526 0.479977 0.466887 0.277092
 0.479661 0.954679 0.804476 0.318276 0.31282 0.692966 0.580844 0.361507 0.492956 0.692876 0.61657 0.522551 0.461085 0.665706 0.655627 0.621492 0.554825 0.360759 0.366427 0.660738
 0.580252 0.775459 0.531601 0.330571 0.532188 0.595742 0.334805 0.830593 0.882321 0.712031 0.525125 0.451865 0.636948 0.283462 0.323204 0.936419 0.862573 0.543705 0.361332 0.363112
 0.328768 1.16262 0.817708 0.32621 0.444852 0.712173 0.282169 0.403304 0.456482 0.579209 0.415394 0.451304 0.622062 0.308276 0.276625 0.664433 0.614562 0.529216 0.3167 0.370397
 0.532164 0.622159 0.577593 0.650835 0.491028 0.388558 0.855235 0.399445 0.474974 0.731999 0.441403 0.308587 0.389713 0.547423 0.358219 0.521063 0.75807 0.501402 0.320167 0.556862
 0.562855 0.513762 0.620119 0.38791 0.597043 0.659996 0.217418 0.405909 1.02681 0.993188 0.352338 0.506065 0.435778 0.480701 0.485825 0.416952 0.464973 0.514146 0.655191 0.415342
 0.440048 0.839754 0.884527 0.315037 0.504989 0.392766 0.397034 0.553513 0.498424 0.466009 0.476186 0.345968 0.475728 0.426834 0.256849 0.420712 1.05561 0.358181 0.525431 0.478871
 0.388751 0.746536 1.32942 0.568408 0.544528 0.344984 0.337002 0.563694 0.71584 0.575159 0.561291 0.300884 0.37369 0.472644 0.502584 0.33945 0.476273 0.51723 0.368217 0.344402
 0.405718 1.2059 0.69149 0.490601 0.714785 0.520052 0.577034 0.39511 0.473699 0.39976 0.35443 0.813377 0.53419 0.375936 0.351234 0.478433 0.594398 0.458645 0.508564 0.317406
 0.498149 0.736641 1.396 0.901087 0.966317 0.471121 0.452699 0.261731 0.519631 1.16716 0.460549 0.245596 0.452719 0.653614 0.755901 0.522291 0.234658 0.486263 0.768574 0.864831
 0.36106 0.606989 0.737335 0.964399 0.747262 0.398568 0.415066 0.773565 0.771393 0.975763 0.209943 0.359683 0.62372 0.973307 1.59118 0.434433 0.171949 0.38719 0.656574 0.52694
 0.423863 0.426086 0.609116 0.813463 0.539148 0.818142 0.335281 0.398466 0.681064 0.661389 0.647519 0.753507 0.570936 0.39118 0.358677 0.493404 0.256084 0.523857 0.673173 0.623888
 0.651962 0.625609 0.8204 0.357195 0.505418 0.342924 0.532077 0.63268 0.472422 1.04407 1.2162 0.842255 0.492475 0.565881 0.585666 0.314167 0.372504 0.401429 0.532538 0.690033
 0.465502 0.643271 0.494036 0.707423 0.798837 0.449772 0.30081 0.648978 0.532345 0.337821 0.486876 0.41478 0.938268 0.8871 0.601026 0.388646 0.363476 0.730385 0.764444 0.268579
 0.7807 0.677658 0.570646 0.434151 0.360579 0.939641 0.29155 0.460327 0.933107 0.609396 0.228538 0.428663 0.733983 0.955485 0.301523 0.411699 0.839748 0.573656 0.384347 0.465616
 0.490627 0.657658 0.599205 0.947072 0.802274 0.810382 0.519929 0.575917 1.22778 1.4513 0.767413 0.533854 0.374461 0.393906 0.413209 0.849256 0.512929 0.362805 0.263221 0.320915
 0.371609 1.27717 0.924664 0.384418 0.208903 0.516577 0.721601 0.277167 0.408806 1.26559 1.46751 0.919055 0.749479 0.665901 0.483635 0.310281 0.35719 0.460739 0.633924 0.401438
 0.640118 0.436289 0.348345 0.70718 0.984907 0.59884 0.44306 0.424303 0.413365 0.302092 0.613284 0.704171 0.393179 0.382669 0.702251 0.798343 0.434019 0.417099 0.589089 0.482919
 0.668678 1.64987 0.416661 0.383133 0.584915 0.409858 0.471113 0.465193 0.548743 0.385431 0.488271 0.630666 0.65448 0.616144 0.380346 0.170064 0.462741 0.93598 0.489169 0.440015
 0.602945 0.46399 0.644012 0.40445 0.520362 0.598791 0.389883 0.457514 0.703732 0.999966 0.32275 0.340987 0.440018 0.587524 0.70809 0.560169 0.381233 0.514562 0.435246 0.366689
 0.481734 0.600452 0.579455 0.463703 0.506257 0.372506 0.381146 0.578629 0.376809 0.414817 0.40174 0.35946 0.387587 0.581019 1.09599 0.304093 0.349697 0.430734 0.760375 0.391758
 0.668115 0.867953 0.569282 0.655349 0.541898 0.34055 0.333657 0.590074 0.559746 0.573504 0.396418 0.456382 0.331964 0.408706 0.747375 0.682026 0.37654 0.395178 0.374915 0.479405
 0.614279 0.986919 0.352729 0.850686 0.380985 0.589636 0.468176 0.538092 0.456387 0.211055 0.430046 0.740578 0.335151 0.527776 0.454977 0.395523 0.373791 0.488511 0.590003 0.370577
 0.5797 0.381374 0.518237 0.335259 0.478727 1.2743 0.568124 0.284855 0.389392 0.20887 0.486786 1.50624 0.746612 0.355248 0.385251 0.467574 0.451363 0.535069 0.446236 0.405579
 1.02411 0.393343 0.496479 0.625327 0.425936 0.549842 0.359609 0.767039 0.378689 0.509077 0.213205 0.48773 0.653619 0.452491 0.559858 0.627639 0.663565 0.266573 0.349151 0.373611
 0.375602 0.787065 0.766457 0.714724 1.24881 0.434173 0.380211 0.570022 0.365261 0.923436 0.613791 0.861592 0.499014 0.27359 0.454359 0.696229 0.298159 0.418173 0.907437 0.261593
 0.439002 1.28984 0.291656 0.467611 0.485551 0.615636 0.589448 0.32228 0.669115 0.387109 0.374111 0.402703 0.78708 0.618703 0.767003 1.07497 0.560511 0.412242 0.561512 0.466902
 0.639435 1.14103 0.96362 0.485376 0.470113 0.278958 0.467292 0.951879 0.413343 0.511538 0.538647 0.601169 0.226806 0.349199 0.868202 0.592158 0.307567 0.510306 0.760391 0.418285
 0.56987 0.546012 0.599261 0.446633 0.510724 0.451721 0.383883 0.670145 0.716227 0.439901 0.469764 0.451266 0.443547 0.340198 0.561476 0.983783 0.891366 0.509748 0.356304 0.471942
 0.500513 0.995474 0.537484 0.477752 0.320703 0.332233 0.611058 0.638302 0.253728 0.541682 0.775963 0.570751 0.399775 0.406592 0.377706 0.460938 0.375106 0.468109 0.67832 0.730662
 0.51879 1.4957 0.478022 0.631348 0.652619 0.51381 0.248497 0.410918 1.33723 0.305858 0.387868 0.45458 0.493988 0.657406 0.544035 0.428211 0.387248 0.372727 0.785907 0.713675
 0.464307 0.647076 0.28628 0.3346 0.94882 0.546004 0.541631 0.54221 0.697574 0.22328 0.356098 0.790465 0.624099 0.294274 0.401905 0.614161 0.414553 0.482985 0.276852 0.684552
 0.568492 0.294005 0.534618 1.14662 0.414215 0.462648 0.384694 0.612238 0.268284 0.476383 0.628175 0.423686 0.387091 0.433574 0.643541 0.67341 0.338896 0.409374 0.423715 0.602909
 0.432284 0.762538 0.502926 0.316145 0.612279 0.5834 0.239533 0.37685 1.09255 0.723102 0.367704 0.455448 0.324983 0.664797 0.621796 0.357295 0.526364 0.566989 0.259122 0.530045
 0.498997 0.718145 0.546551 0.487045 0.547121 0.358031 0.49462 0.366435 0.541432 1.31727 0.345552 0.517517 0.371128 0.560623 0.363012 0.45714 0.52239 0.808796 0.335843 0.494996
 0.510651 0.732516 0.419563 0.617819 0.492823 0.652219 0.411332 0.611727 0.264189 0.622215 0.65703 0.485074 0.501257 0.518458 0.269153 0.689597 0.29612 0.640817 0.498157 0.344461
 0.630469 0.769794 1.25464 0.357407 0.260536 0.681755 0.36828 0.460358 0.243444 0.585179 1.04004 0.607219 0.399349 0.358729 0.483969 0.61704 0.549389 0.136791 0.419514 0.745261
 0.603441 1.01088 0.508288 0.272273 0.562136 0.642406 0.629009 0.382436 0.445137 0.462199 0.290668 0.651054 0.717586 0.577565 0.587016 0.141026 0.426712 1.29749 0.683382 0.234489
 0.417499 0.485752 0.633505 0.568894 0.470366 0.638395 0.506655 0.231652 0.535806 0.959601 0.378331 0.322677 0.709843 0.368257 0.49736 0.492269 0.922423 0.335364 0.452007 0.452372
 0.217565 0.973138 0.63652 0.458966 0.539252 0.567429 0.723096 0.699394 0.407559 0.546781 0.920087 0.428306 0.332842 0.315495 0.551059 0.481043 0.487858 0.717073 0.559215 0.475596
 0.450407 0.505809 0.719204 0.200108 0.651504 0.809135 0.214454 0.455766 0.696031 0.980653 0.695087 0.279594 0.361733 0.657823 0.501984 0.622279 0.704477 0.4175 0.262326 0.401853
 0.493673 0.757456 0.326758 0.434231 0.519327 0.600872 0.450052 0.554439 0.396545 0.394985 0.586682 0.700831 0.240421 0.391337 0.790573 0.654674 0.63896 0.464832 0.420667 0.467155
 0.376386 1.30426 1.33508 0.591806 0.439367 0.286641 0.542498 0.640121 0.693908 0.888923 0.853376 0.413021 0.337547 0.513885 0.559716 0.427137 0.542088 0.672527 0.329487 0.44499
 0.882265 0.263078 0.856956 0.316789 0.533429 0.856546 0.522206 0.568899 0.454214 0.410867 0.444637 0.534094 0.262696 0.396188 0.729697 0.617199 0.184642 0.44104 0.819207 0.640545
 0.541034 1.38087 0.636521 0.358719 0.430001 0.425975 0.44467 0.580431 0.427197 0.767218 0.523765 0.606263 0.199803 0.43557 0.914451 1.2542 0.58205 0.44729 0.194093 0.409483
 0.528308 0.791465 0.759101 0.401542 0.586826 0.49123 0.457534 0.226314 0.474461 1.83431 1.15214 0.555506 0.387091 0.431653 0.460913 0.378122 0.648928 0.743594 0.496591 0.415159
 0.474263 1.55387 0.312715 0.447438 0.765219 0.403204 0.467389 0.551656 1.09255 0.358203 0.632133 0.4799 0.394582 0.228772 0.40195 1.18606 0.732529 0.290225 0.529768 0.72336
 0.444215 2.01375 0.414981 0.699256 0.400518 0.249377 0.483835 0.587592 0.437625 0.35326 0.309727 0.58862 0.678223 0.568085 0.237216 0.341105 0.572276 0.502155 0.472702 0.479256
 0.614039 0.771747 0.86217 0.741762 0.246242 0.313371 0.416084 0.766772 0.709093 0.497933 0.310424 0.569879 0.752396 0.425131 0.403319 0.831089 0.623942 0.441595 0.627404 0.682865
 0.641215 0.774863 0.698177 0.746684 0.327458 0.388605 0.668868 0.306412 0.380472 0.660684 0.357687 0.504063 1.09867 0.478231 0.340408 0.336637 0.44774 0.40701 0.41362 0.999597
 0.594096 2.01375 0.992983 1.22696 0.711148 0.26001 0.420537 0.521789 0.600132 0.591756 0.506211 0.370686 0.315757 0.316347 0.672761 0.563619 0.597873 0.354845 0.422884 0.562549
 0.432585 0.873328 0.893069 0.78667 0.234267 0.607752 0.730827 0.604753 0.427297 0.420301 0.274463 0.600326 0.396986 0.484324 0.463638 0.431641 0.368493 0.270575 0.493418 0.702666
 0.452626 1.47551 0.615032 0.418859 0.331276 0.687039 0.906325 0.546404 0.337123 0.389278 0.706563 0.805699 0.28371 0.313806 0.607722 0.70127 0.167131 0.403961 0.701842 0.652024
 0.5046 0.924286 0.536969 0.355804 0.468759 0.899335 0.732465 0.392468 0.469752 0.650498 0.561898 0.397228 0.303281 0.688799 0.578674 0.30281 0.364247 0.496442 0.947477 0.626725
 0.620719 0.707311 0.35142 0.383376 0.444887 0.711976 0.385893 0.623382 0.390776 0.573756 0.980952 0.528415 0.434828 0.563924 0.638989 0.517215 0.623981 0.295961 0.474564 0.729026
 0.44508 2.01375 0.558082 0.578461 0.464446 0.447102 0.408776 0.584778 0.531286 0.396427 0.428889 0.555087 0.70629 0.452803 0.311481 0.552953 0.507905 0.509769 0.42273 0.258842
 0.443616 0.825615 0.452106 0.356277 0.627249 0.455326 0.547178 0.624859 0.416171 0.284564 0.367008 0.968909 1.0461 0.539361 0.542318 0.306085 0.35258 0.855934 0.60387 0.415151
 0.534189 0.619903 1.34526 0.620028 0.496743 0.43324 0.631895 0.927209 0.155758 0.418976 0.999618 0.686878 0.582264 0.563253 0.455867 0.498381 0.940315 0.694594 0.566279 0.419363
 0.511455 0.834721 0.37224 0.3808 0.379813 0.679636 0.604476 0.533782 0.519531 0.584725 0.425787 0.290744 0.734291 0.57892 0.384389 0.433949 0.586437 0.455115 0.379317 0.711731
 0.573116 0.695948 0.831538 0.493475 0.317022 0.53423 0.672054 0.54654 0.623883 0.445774 0.256388 0.637877 0.465116 0.937994 1.24712 0.576891 0.433892 0.80022 0.653367 0.646072
 0.379573 0.800499 0.329176 0.474522 1.52563 1.34878 1.13954 0.937427 0.562773 0.274928 0.406157 0.65063 0.46643 0.523287 0.549769 0.527922 0.239105 0.490893 0.786113 0.704166
 0.604185 0.671526 0.455812 0.528819 0.384016 0.64913 0.348571 0.428621 0.922351 0.731838 0.306245 0.346573 0.408316 0.548823 0.523353 0.438313 0.318828 0.533755 0.511425 0.350382
 0.461117 0.688037 0.595569 0.590323 0.72733 0.263329 0.389989 0.721343 0.39943 0.347881 0.608793 0.961799 1.08217 0.780502 0.408905 0.452244 0.468092 0.5237 0.634637 0.236875
 0.627539 0.342279 0.564616 0.719656 0.296972 0.709075 0.532728 0.629904 0.696724 0.333145 0.408187 0.509298 0.657939 0.658716 0.457272 0.371786 0.358632 0.490198 0.740017 0.669971
 0.660914 0.463296 0.471528 0.515087 0.581537 1.0002 0.683567 0.830115 0.294727 0.4311 0.354699 0.654592 0.539489 0.391938 0.461839 0.40151 0.247996 0.640673 0.566843 0.685727
 0.554045 0.920296 0.330569 0.51051 0.707839 0.364844 0.301349 0.447324 1.03336 0.57057 0.559772 0.343583 0.473346 0.525503 0.459137 0.312655 0.383381 0.703156 0.215701 0.458708
 0.856373 0.76969 0.317216 0.72449 0.705598 0.391681 0.287061 0.655148 0.645727 0.755538 0.763822 0.439592 0.472251 0.407921 0.45889 0.315069 0.436541 0.464266 0.426098 0.48752
 0.493247 0.574786 0.849198 0.60666 0.414804 0.600782 1.22916 0.578845 0.602498 0.387524 0.288039 0.50606 0.734518 0.440045 0.409862 0.792159 1.07116 0.525239 0.516788 0.419103
 0.57607 0.976778 0.609996 0.904584 0.256797 0.519734 0.761494 0.353143 0.405092 0.782683 0.279236 0.496277 0.708575 0.681279 0.480249 0.398318 0.47145 0.591012 0.313068 0.428429
 0.403601 0.483878 0.739396 0.650537 0.709641 0.622373 0.680523 0.304489 0.425696 0.469981 1.13358 0.649318 0.370727 0.520477 0.474528 0.627658 0.374103 0.381167 0.602494 0.527334
 0.653618 0.590601 0.524223 0.527732 0.41056 0.458631 0.378665 0.480574 0.430139 0.415949 0.69856 0.679659 0.525475 0.231844 0.397699 0.79714 0.563454 0.669471 0.469636 0.353331
 0.612256 0.339852 1.16325 1.0588 0.899219 0.862792 0.746879 0.384656 0.402037 0.758571 0.562639 0.428168 0.347272 0.448348 0.363326 0.37929 0.418399 0.706747 0.368289 0.446273
 0.50464 1.03242 0.285545 0.537193 0.77196 0.591941 0.26174 0.486322 0.442912 1.14462 0.676995 1.02804 1.04772 0.715286 0.44563 0.295908 0.489974 0.419016 0.307823 0.423241
 0.555304 0.479323 0.899093 0.697887 0.464486 0.453162 0.404461 0.621857 0.535549 0.408756 0.421814 0.379431 0.392736 0.513296 0.279493 0.342507 0.569542 0.710423 0.463261 0.436752
 0.568757 1.49612 0.837112 0.260543 0.368955 0.734671 0.557425 0.723712 0.958357 0.165588 0.351938 0.84658 0.853794 0.376563 0.452915 0.613529 0.423263 0.288896 0.430052 0.776411
 0.543966 1.23169 0.601587 0.407669 0.62909 0.501742 0.518072 0.617069 0.614923 0.370936 0.358018 0.570213 0.294302 0.608921 1.10227 0.381771 0.319981 0.306041 0.670626 0.617338
 0.334437 2.01375 0.397986 0.643867 0.3513 0.536428 0.510877 0.46977 0.558628 0.613268 0.658057 0.516706 0.482772 0.249395 0.440993 0.757606 0.187344 0.490802 0.403762 0.285177
 0.469 1.4325 0.518582 0.520607 0.381909 0.452694 0.388385 0.282767 0.466394 0.64204 1.06992 0.474567 0.544082 0.386899 0.440798 0.621226 0.626291 0.448605 0.227039 0.293467
 0.621825 0.700949 0.336615 0.403031 0.427001 0.62231 0.668098 0.450191 0.492444 0.585785 0.364313 0.567318 0.448404 0.476877 0.771449 0.373578 0.250532 0.47283 1.07836 0.43145
 0.427298 1.16415 1.12269 0.616522 0.521762 0.695398 0.256536 0.415428 0.587419 0.306624 0.362103 0.358332 0.746881 0.505995 0.22685 0.529869 0.70151 0.424481 0.359972 0.365206
 0.54429 0.603514 0.705534 0.474005 0.472081 0.426513 0.465571 0.611108 0.349876 0.59079 0.374087 0.309338 0.429944 0.418039 0.654361 0.480544 0.415106 0.415739 0.585681 0.378064
 0.474978 1.2637 1.09492 0.599395 0.712688 0.517405 0.228685 0.395433 0.589196 1.27381 0.506502 0.24156 0.425454 0.650116 0.667549 0.325875 0.544505 0.291797 0.462669 0.604408
 0.469786 0.896058 0.484608 0.436089 0.358273 0.598561 0.445535 0.38697 0.836427 0.334761 0.539719 1.02176 0.801848 0.774469 0.583126 0.349318 0.397011 0.403728 0.608672 0.416273
 0.608238 0.207859 0.754395 0.453499 0.246599 0.502714 1.28854 1.25723 0.580032 0.847621 0.488843 0.688989 0.183788 0.415235 0.760188 0.69877 0.546546 0.44543 0.435326 0.271608
 0.454369 0.955981 0.494212 0.457292 0.508615 0.678064 0.38154 0.380333 0.38556 0.592006 0.760796 0.373897 0.376242 0.50707 0.452955 0.526688 0.515098 0.361838 0.411181 0.440078
 0.469489 1.22337 0.749235 0.331245 0.266277 0.662457 0.784496 0.28969 0.360298 0.536114 0.633345 0.412812 0.423758 0.686804 0.446256 0.292442 0.431531 1.16976 0.750058 0.459309
 0.367687 0.668946 0.630232 0.375661 0.349158 0.482084 1.12652 0.347453 0.363124 0.625895 0.586896 0.349384 0.354506 0.496639 0.568928 0.644407 0.514988 0.439593 0.382378 0.597229
 0.445223 0.76704 0.349689 0.47842 1.00478 0.744096 0.301134 0.41875 0.472488 0.549827 0.274618 0.422094 0.715934 0.9606 0.686957 0.663474 0.307802 0.403334 0.588181 0.49161
 0.536267 0.807203 0.521998 0.875976 0.393092 0.399444 0.706999 0.434061 0.768409 0.504842 0.60561 0.560579 0.411921 0.380617 0.290158 0.366776 0.5769 0.324129 0.300338 0.664573
 0.316364 0.557684 0.754235 0.921293 0.349679 0.39939 0.414092 0.464126 1.3244 0.463084 0.546721 0.312015 0.448144 0.685558 0.477378 0.432403 0.365806 0.688983 0.775564 0.446576
 0.571699 0.352244 0.585131 0.660208 0.666264 0.803928 0.331255 0.428653 0.529266 0.354809 0.548734 0.545365 0.402192 0.189092 0.445316 0.962337 0.652153 0.285904 0.433882 0.470753
 0.427563 1.03663 0.419937 0.313174 0.420177 0.662903 0.605102 0.338147 0.455558 0.439044 0.241297 0.469401 0.709262 0.572307 0.32757 0.433703 0.58137 0.643209 0.499763 0.561767
 0.525667 0.562145 0.986455 0.441027 0.419303 0.710828 0.470136 0.449552 0.499434 0.27788 0.491485 0.529674 0.485838 0.601047 0.375476 0.428694 0.541251 0.324076 0.569028 0.646403
 0.645906 0.356555 0.716374 0.684448 0.3792 0.320972 0.522482 0.452405 0.308467 0.493136 0.772379 0.688746 0.361904 0.329286 0.676585 0.454468 0.540066 0.492363 0.346131 0.419969
 0.541573 0.896533 0.802075 0.511497 0.248557 0.519932 0.806212 0.40188 0.39807 0.452729 0.524631 0.848287 0.34787 0.438775 0.425981 0.428555 0.451662 0.501218 0.367417 0.498656
 0.496546 0.841177 0.497091 0.525062 0.63621 0.399934 0.50708 0.845129 0.744874 0.454701 0.298021 0.572548 0.485805 0.327912 0.604682 0.618423 0.38388 0.406942 0.372882 0.677227
 0.556331 0.71838 0.346736 0.357341 1.20508 0.385842 0.44977 0.425851 0.540942 0.474471 0.39082 0.445151 0.59067 0.550827 0.63613 0.719758 0.68065 0.228785 0.439419 0.64972
