 40994.6 53047.8 74863.3 50708.5 50319.4 56309.5 42795.2 38870.9 64678.2 151514 87303.8 40100.9 28151.5 21067.7 45026.2 32873.7 29108.7 32500.1 42831.9 48283.4 34998.6 52597.6 61295.5 36235.8 46391.7 44638 51638.4 71527.4 52678 34300.6 23144 30019.5 49395.6 48528.1 70054.5 106903
 40994.6 53047.8 74863.3 50708.5 50319.4 56309.5 42795.2 38870.9 64678.2 151514 87303.8 40100.9 28151.5 21067.7 45026.2 32873.7 29108.7 32500.1 42831.9 48283.4 34998.6 52597.6 61295.5 36235.8 46391.7 44638 51638.4 71527.4 52678 34300.6 23144 30019.5 49395.6 48528.1 70054.5 106903
 40994.6 53047.8 74863.3 50708.5 50319.4 56309.5 42795.2 38870.9 64678.2 151514 87303.8 40100.9 28151.5 21067.7 45026.2 32873.7 29108.7 32500.1 42831.9 48283.4 34998.6 52597.6 61295.5 36235.8 46391.7 44638 51638.4 71527.4 52678 34300.6 23144 30019.5 49395.6 48528.1 70054.5 106903
 40994.6 53047.8 74863.3 50708.5 50319.4 56309.5 42795.2 38870.9 64678.2 151514 87303.8 40100.9 28151.5 21067.7 45026.2 32873.7 29108.7 32500.1 42831.9 48283.4 34998.6 52597.6 61295.5 36235.8 46391.7 44638 51638.4 71527.4 52678 34300.6 23144 30019.5 49395.6 48528.1 70054.5 106903
 38526.3 51901.7 73914.1 50276.1 50147.4 56050.8 41758.8 38635.5 63545 149127 85718.2 39627 28169.9 21184.5 44632.3 31999.6 28455.5 31480.6 41913.1 47187.5 34120.2 51870.3 60050.7 35750.3 45849.8 44225.7 50872.5 69656.3 51939.7 34044 22804.3 29251.8 48353.7 47976.6 69750.1 105577
 42849.4 48811.8 70287.1 45910.9 47100.3 56946.4 39732.7 38564.1 71744.9 152581 84165.4 36032.9 27243.4 20010.7 42714.7 31614.7 28728.4 30846.6 37868.6 44590 33480.1 45838.1 54846.2 33756.4 44411.6 42412.5 49234.4 69019.8 51050.1 29368.5 19216.6 25876.7 43530.4 44943 67012.3 94960.5
 44046.4 53775.2 68068.8 41758.6 38357.6 51968.5 40375.9 32485.7 68965.7 154864 85712.4 35650.3 24916.8 19517.1 42343.5 30934.2 27120.7 28671.4 36487.1 44773.4 35817.8 46542 54164.8 35116.2 47271.9 45048.5 49738.1 68749.5 50429.6 28519 19263.4 24963.8 39664.3 43739.9 72339.2 101502
 38369.8 58272.5 77414.5 38619.5 38264.6 47343.2 35402.1 28264.6 58822.7 146022 83216.3 35814.7 27452.3 19899.4 38190.9 27823.2 26849.4 26828.8 36886.1 45328.2 35065.4 44577.4 54410.2 34483 45568.3 39813.9 46080.8 63260.8 44341.9 25919.3 18086.9 23791.3 39976.2 42110.6 66656.8 93748.5
 37328.1 54485.7 78736.3 36918.5 35421.5 49543.5 34065.1 25531.1 49068 138057 82666.6 31662.8 22311.8 20264.3 38718.9 26037.4 27306.8 27664.5 37454.6 43851 32368.2 44434.1 55030.3 32795.4 44398.3 40035.6 43694.7 58961.6 40908.8 24885.4 17978.1 24915 41565.4 41458.2 66933 98471.3
 45971.8 56232.1 77394.8 42879.6 50360 60681.9 36991.7 30069.1 48703.9 137707 88409.1 27557.3 18950.8 19688.6 39666.6 24419.8 22732.7 26427.5 36359 44270.7 30729.3 42821.2 55453 31854.8 44342 42209.5 40214.8 53917.8 39115 22723.6 16571.4 22886 39198.1 35350.9 62122.3 91934.2
 38417.8 48610.2 63199.4 38252.9 46629.7 67389.1 46144.5 31986.8 45546 127853 84267.6 30313.9 24884.8 19748.2 37198.8 26966.7 28790 31014.9 37900 44930.2 28938.4 40173.3 56390.1 32402.4 41716.8 42948.7 42962.6 57767.8 46933 30011.7 19431.9 22959.1 38943 38342.5 65741.1 103725
 34542.9 56136.1 70593.1 42970.3 62005.4 67910.8 37579.9 30127.6 45178.6 147165 94320.5 29707.6 24454.8 19624.1 37396.5 26820.5 27331.3 28716.5 31025.7 35087.9 24349.4 40388.3 56990.8 32455.1 39191.6 38813.7 39939 55075.2 42857.8 28087.8 17607.2 20930.4 35982.9 36762.4 59857.5 105334
 35988.2 48704.9 59043.1 36394.5 52801.2 67048.6 45160.6 32053.8 46630.4 140985 90393.1 30674.7 26106.4 20208.1 38161.9 27211.2 26146 26788.6 30829.3 40493.7 29326.1 41447.8 51460.4 29178.6 42521.5 40929.5 35085.9 46965.7 38710 26389.4 16891.9 21624.8 36187 37049 63316.5 115325
 36095.7 53846.3 67192.8 32587.2 47983.6 67082.3 41444.6 34512.4 45615.6 130080 89403.8 30067.5 24338.8 19563.2 42041.1 32027 27895.3 26900 30058.8 37424.8 27735.8 41233.4 54319.8 30187.7 41403.7 42551.3 37876.8 53516.1 42080.2 23865 15097.6 21256.9 36953 37147.3 73774.1 143036
 34795.6 58862 71737.1 38813 54399.2 68523.9 46659.2 27492.5 57509.5 151905 78121.2 30838.2 22611.6 19840.1 42651.1 36493.8 30602.4 30285.9 39008.4 40952.7 32136.4 48969.2 53547.6 34885.5 49806.6 50702.3 52693.9 67318.1 52273.1 32256.2 23258.8 29897.5 44511.8 44855 82605.2 159495
 43707.5 61095.1 70060.2 39911 46598.4 61999.2 38179.4 23420 60342.9 155363 79950.4 34071.1 24050 20309.5 42769.2 30061.2 27583 28498.2 38135.7 41326.9 29818.3 44375.3 52981.2 32805.7 43439.9 47777.1 50355.7 61424.7 44860.8 28491 19212.2 25487 40467.8 36541.4 62329.9 136857
 42293.8 43475.6 67274.6 45237 39303.2 62371.3 44435.3 28069.2 60214.2 156677 85520.3 33594.2 24418.4 20082 39981.4 29626.2 28520.2 26702.8 32593.7 41534.2 32756.5 45496.3 57149.4 31564.2 42071.7 47534.6 49126.2 58802.1 41706 27532.5 20138.1 27546.9 42155.5 39624.1 57290.5 117964
 37711.3 43093.2 62182 42538.3 36039.5 50986.5 35076 19944.1 52091.1 161241 91646.9 33332.6 27097.3 21729.5 41054.1 30786.7 25451.3 24926.2 32135 41316.5 33044.6 41495.5 54167.5 31568.5 37880.9 41610.2 49214.8 59777.9 38657.7 25311.3 20433.4 26814.9 41383.1 42272.8 56005.1 104481
 27881.7 42978.4 67599.4 43893.4 36249 52173.5 41541.3 31246.7 53329.7 154532 91706.7 34570.5 28707 21232.1 39015.2 29366.8 25704.5 27359.7 36070.9 49301.4 36119.9 47064.4 62089.3 32637.2 37380.8 43193.8 54051.2 64578.6 42415.9 28350.4 22979.9 29441.9 44705.1 45172 60520 97799.2
 26654.9 41219.1 70961.9 38582.4 33870.3 47257.1 29497 21851.8 49452 160829 100788 31435.1 21040.5 21098.1 40219.9 24962.5 24630.7 27389.9 30667.4 41330.3 31162.7 38260.6 53470.2 29976.1 33906.6 39545.5 48615.2 59848.2 44035.2 28259.3 20902 27012.8 43214.4 39059.6 52792 90393
 30666.1 46957.5 72512.9 46760.2 29726 39448.7 35218.7 25544.7 54352.3 165823 96895.2 31072.7 24680.2 19777 37956.4 26743.3 25597 27427.8 33271.4 44687.5 29868.9 40228 57990.2 34480.1 39252.8 43655.3 53979.5 69272.7 48454.5 28193.1 21592.6 28855.9 46867.8 41598.5 59336.9 124425
 23509.7 43033.6 75390.4 46942.8 36390.4 39799 36613.1 40563.1 54327.1 143652 81971.2 29133.4 27473.8 18926.7 37154.1 25891.7 28385.1 26904.4 37991.4 47570.5 27666.9 46990.2 62101.2 30929.1 40257.8 43384.2 57125.7 83011.4 54278.8 27690.3 17849 25564 42509.3 37639.1 64344 126792
 23798.1 42970.2 73846 38653.2 35670.8 44502.2 35778.5 38878.1 54751.4 130340 67008.1 25960.6 24576.9 20198.3 35886.5 24950.8 27153.8 28171.8 41779.2 46882.8 27666.6 43399.1 54791.7 31678.2 39724.3 41554 56644.1 78189.8 49325.7 26578.9 17716.6 25401 40760.5 33682.6 58381.8 109468
 31666.9 58149.2 93406.4 41886.7 46784 63463.7 43154 41957.1 65816.3 149842 72237.6 30848.7 34457.2 21757.4 39508.5 28373.2 30383.6 33830 42786.2 46576.9 31831.8 49077.3 62054.4 36898.3 45486.9 47217.6 59265.4 78733.7 49542.7 28561.8 21646.3 27911.8 43594.1 39036.1 67371.7 126050
 29068.2 52609.5 97210.5 51354.5 48131.8 65997.5 46135.3 43210.1 57564.8 133383 66385.1 25801.9 33887.7 21347.4 40847.1 32502.5 31194.4 32095.9 40226.7 44797.6 31964.7 49038.2 60214.9 35967 45115.7 44001.6 53987.5 77871.5 51628.6 27673.9 19646 25659.8 41456.7 35800.5 57445.7 122384
 28731.7 44511.1 85736.1 63574.6 47040.8 62452.6 59326.5 50695.9 56290.1 138717 73402.9 32742 34585.6 20183.6 38754.7 28437.9 27927.8 31946 42030.9 46747.6 33032.5 47124.7 63407.7 37906.9 47257.2 45350.9 50488.1 77696.5 53492 28892.3 19296.2 25898.2 43036.4 37512.9 57035.2 99192.2
 27926.7 43704.4 78188 58519.3 63250.5 66997.3 54571.1 54509.9 63521.6 163030 103908 42829.5 37226.1 19271 35990.5 28529.6 28267 37301.7 45815.3 51319.5 36693.5 45680.5 62047.1 36883.3 44962.8 45165 53537.6 78432.4 50770.5 30140.7 20533.8 29918 47231 42460.2 59610.1 101119
 34632.4 43908 71587 57218.4 67618.9 74607.3 53739.5 53893.3 68168.5 169325 99023.6 40580.9 43892.1 19860.4 35468.1 30062.9 31154.5 37673.8 42525.9 47317 35559.9 44678.9 63259.9 40618.9 46449.3 42427.8 46127.6 75044.4 51422 31628.5 22348.4 30610.6 46169.4 43198.8 69466.1 120830
 29448.3 42933.5 70662 53035.8 50825.5 57874.7 55863.2 41854.4 68153.2 170118 82621.5 37053.7 36978.7 19689.3 41009.7 29139.9 27338.9 33372.9 42472.9 49946.8 32535.8 38871.1 60975.3 40705.4 48836.2 45197.2 48785.8 76642.4 51135 31255.3 23099.1 29335.2 47511.7 47541.9 69211.1 124329
 30392.5 42587.7 72953.1 51742 40063 52450.6 56635.3 39300.8 68339.5 166567 75626.2 27303.1 29512.6 19911 44845 29920 29031 32440.8 40047.5 43969.1 25583.6 36677.2 59945.9 36256.4 45765.7 46015.3 45508.5 72336 51774.6 30508.5 20948.9 28123.3 49568.8 51323 67315.2 121249
 26233.8 40529.6 59608.1 38985.2 29572.8 44854.9 45717 29710 64054.6 153404 64945 29522.2 24328.7 21988.3 42405.2 25239.1 21295.1 29377.2 33844.2 37129.1 24583.2 42088.5 58954.4 32419.5 41380.7 38974.5 46891.2 65126 44455.5 28716.4 19588 28460.4 46479.4 44093.6 59883.1 111339
 28133.1 33581 52013 40168.6 29474.4 33846.8 35138.4 27136.2 53857.9 139343 63809 26482.1 24106.8 20293.6 39289.9 24110.1 19600.5 28517 39086.2 39979.9 24417.4 38311.4 52580.7 27317.8 33646.4 27990.7 36036.5 61295.1 44485.1 27602.1 16711.5 26497.3 46739.9 44599.8 63434.8 104033
 24192.2 39007.7 66202.2 49782.7 43899.5 45087.4 43861.2 28614.4 60887.6 152915 72675.2 38204.2 33114.1 20603.1 42403.2 28666.8 24770.6 29636.7 39682.4 43969.8 28892.2 45667.3 65361.3 36867 40767.7 33997.1 40325.8 66933.5 47018.8 31442.4 19198.7 28697.4 51006.6 49305.6 65341.2 106004
 31113.1 34200.1 67931.8 54332.2 51004.1 61613.4 40213.2 32423.2 50442.3 146628 89115.2 36299.9 30913.2 21523 49277.3 30422.7 27432.7 27827.9 33853.9 38275.3 28188.9 46525.4 64518.5 34241.7 37330.3 31656 39940.6 72381.3 46094.1 31255.4 19282.2 27284.2 49498.4 46945 66591.7 109919
 35405.1 27742.1 55782.2 50425.3 52875.9 60959.2 38520.3 32516.1 58403 159174 88132 33575.1 28884.4 21018.8 47054.4 31793.3 25633.2 25620.1 33799.6 35135.6 27129.9 51363.5 60077.7 29466.2 38111.9 36904.3 37605.3 59830.1 40510 29043.9 16817.2 24159.1 46723.2 45833 54456.1 84659.4
 35874.9 31838 56833.7 42856.4 47461.9 67575.2 43125.9 31557 54159.5 135133 74492.9 33889.6 29075.8 21307 42696.2 28805.3 24888.5 25784 30854.6 35195.9 28003.9 50970.1 59440.6 28800.8 40283.8 40104 39285.5 61104.7 42698.1 28098.8 17575.2 25530 46649 42686.9 57246 91852.7
 37179.5 29102 51287.8 34833.1 44859.2 74391.3 50408.3 32119.3 51700.9 132058 77500 33168.6 27405.8 21023.7 39785.8 31093.9 27538.8 27352.1 32470.1 35165.9 27397.1 53995.2 66597.7 33402.8 42616.6 41681.8 41450.8 62446 44304.2 29114.7 19287.3 26873.9 46417.6 47113.2 62466.7 99594.2
 41673.4 43366.2 58657.6 31924.1 51362.2 84282 50555 38137.1 43909.7 110154 65149.8 32910.8 23661.6 22496.7 41676.3 30234.9 25803.1 26190.2 36559.5 40942 25888.3 50168.5 61074.4 33362.1 47725.6 45402.9 43920.3 61800.3 46969.8 30151.3 20188.7 25879.2 44929.1 49335.7 62973.8 95052.3
 42659.5 47855.1 60269 33308.7 68017.2 104961 52784.2 44964.8 54770.7 117715 68819.3 32947.7 19370.2 23235.4 47908.1 34290.9 30188 32666 40724.1 42585.7 32925.6 53441.3 63685.7 36571.6 43950.3 44088.7 50732.9 70011.7 53879.8 36055.7 20689.1 27104 50464.4 57103.5 73329.1 90325.8
 43566.9 44340.9 57276.9 28368.4 57141.2 82566.2 43843.4 42563.7 53501 109608 55217.1 28505.2 18926 21458 41836.6 30044.5 26971.6 32322.2 39316.5 39212.4 28862.2 51497.6 65635.2 37740.9 42078.9 40883.2 44217.3 67401.8 55523.1 34775.3 20459.6 27149 46466.1 52007.8 69492.9 79987.3
 37129.7 41710.2 46998.6 21396.9 44289.1 59045.3 36536.6 49624 51399.1 114855 59403.7 32462.9 20808.8 22912.4 43524.2 31856.3 27254.4 34723.4 41890.1 39487.9 27265.2 50994.9 63183.7 38819.6 45631.8 40786.7 43705.8 62529.3 53519.6 35725.5 21000.9 27598.9 47782 53084.7 67381.1 91279
 48462.8 42615.5 49712.9 22950.1 48357.6 59352.2 33854.5 45988.6 52459.1 115764 56920.3 34181.3 20833.4 21530.7 43561.4 32145.9 26991.2 31730 38371.1 38996.2 23585.5 45499 58023.2 34220.9 50801.5 46142.1 43196.5 63546.9 51907 34661.6 22223.5 27840.1 45852.7 51067.9 67899.3 93692.2
 39260.5 39286.2 50423.4 29066.5 44440.8 53831.7 32899.9 45162.1 63000.5 126222 71500.6 32486.2 25463 19431.8 44481.2 32671.7 25997.5 31229.5 37619 40596.4 29017.9 45752.1 53884 32433 52341.3 48832.7 50374.7 74190.1 52105.1 34021.8 23358.9 30240.5 46773.2 50090.4 65457.3 99339.2
 39643 43940.8 63137.5 35640.9 46798.3 60685.2 33536.1 55513.2 76289 122850 76303.7 41672 34130.6 21561.1 44916.8 34481.3 31915.8 34892.1 42289 48968.8 30577.9 47596.6 59094.2 38582 57594.7 52395.5 52340.6 76277.2 57844.7 36317.9 25101.5 34566.7 57858 65067 80824.2 115300
 39976.1 47406 67035.8 34295.2 42130.3 60962.2 37883.9 62437.7 87603.9 131553 76836.5 44862.4 38554.1 21594.1 43520.1 32726.4 33717.8 36653.8 43739 57285.9 32431.6 45428.8 58844.9 38045.9 58810.2 56718.6 55450.7 74497.2 56046.5 38110.1 29724.2 39563.9 63778.4 67295.1 87897.7 148641
 33139.1 44463.3 62129 27155.4 40595.5 53920.7 31232.3 47906.7 58684.7 114802 62228.8 35829.6 36641.6 22114.7 38105.9 30212.1 31067.7 32562.8 40455.9 48354.9 30801.4 42253.6 47592 33683.7 52721.6 47581 50857.8 70029.8 49165.2 33926.9 26265.1 34313.4 60352 63126 78594.9 116773
 43284.5 51470.3 60067 29753.3 44575 52537 32050.5 45390 46039.8 113280 64175.5 36915.5 32370.2 21586.9 40017 33256.3 30355.5 28952.3 40450.6 49475.3 33398.8 48760 50985.6 32682.7 48048.5 43083.9 52834.7 75267.6 54662.2 34179.6 25864.4 35061.3 59459.4 61950.6 79202.9 124837
 41452.9 53125.3 67313 41265.4 46024.1 44770.8 32592.2 42758.1 46649 112143 66957.7 35786.8 28269.8 21351.8 44668.7 35791.7 29640.1 29473.2 38610.1 43599.9 32664.3 45508.9 48081.3 31789.8 47516.6 41986.8 47877.3 68438.3 51155.8 33659.4 24507.8 32805.4 55158.1 59787.6 82129.8 122226
 41955 46730.3 62533.5 35850.1 39048.6 35777.5 29485.1 55937.1 56789.5 115879 70522.9 35811.5 30980.6 20983.8 40531.1 30806.8 26970.9 26282.4 37664.7 46293.4 31496.3 47301.9 51208.3 30715.8 46391.5 41237.1 53267.5 75888 53491.4 30391.3 21776.5 28472.6 45718.1 47290.2 59623.6 105163
 45381.4 58410 81051.3 39852.8 39041.3 57207.3 47053.3 53373.1 57392.6 130700 70600.5 39850.5 32104.9 23839.5 47700.6 37297.6 31712.6 29294.3 38239.4 42750 37022.8 62461.4 58625 33427.7 51705.9 49789.8 64150.8 81190.6 57688.8 35018.7 24876.8 30014.3 48823.5 55794.6 69029.1 122997
 48447.5 55661.6 71112.1 46373.6 41928.5 59290.4 51901.9 68187.8 81614.2 147619 74913.4 38539.8 28137.3 24710.6 46548 34789.8 30797.5 29301.5 46798.9 49477.6 32982.6 57973.2 58012.1 33725.1 52260.6 51554.7 62995.9 80555 62009.7 36760.9 25554.2 29847.1 46494.2 50239.3 71801.4 133641
 42981.8 50365 71437.6 50701.6 40498.6 60899 59995.4 61093.6 69215.4 134795 79812.1 34942.8 29310 22177.5 48338.9 34542.5 29442.5 28025.2 43646 49349.3 33435.1 52730.8 59628.9 36527 55841.8 54072.3 60567.6 85900.7 65432.6 37686.4 27855.6 33743.7 50449.2 50868.3 73607.1 143376
 38928.7 56092.7 82811.3 61432.1 52006.7 67518.7 62302 53020.5 74168.8 145655 81800.4 36429.2 33912.8 20840.3 47816.9 36723.2 33398.2 29670 44850.8 52654.8 34758.2 58637.7 63717.4 31202 50849.1 52888.1 56651.1 77349.8 55263.8 33096.6 25495.8 32767.6 48983 47689.7 72190.9 120152
 34598.4 62357.6 85435.6 62253.5 50542.6 61393.6 53356.9 46934.3 65813.1 147941 76630.7 38185.7 33614.8 22473.6 48777.6 35892.2 29516.1 30222.7 39804.7 45339.3 31676 56966.9 59568.3 31981.6 44210.9 42659.7 54356.3 73465.6 55611.7 32001.5 23701.3 33109.9 48644.1 49718.8 73010.7 102952
 40544 64067.6 89685.6 73833 61269.3 57659 47980.6 61070.6 81014 156739 88135.8 42273 39741.4 22059 48147.6 37437.4 33284.4 33556.7 43688.1 52104.6 37061.6 63400.4 67409.4 37981.5 51086.1 44571.3 64645.9 87760.1 60578.8 35964.6 26286.9 37350.4 54114.1 56718.7 80638.5 124075
 44372.9 70787.3 103580 73651.3 61718.2 57792.8 49315.8 66452 87082.2 162619 85647.6 41180.9 39197.7 21844 47216.8 36239.8 31046.2 32025.6 43709.2 52378.5 35427.1 60283.5 68889.7 37164.4 48912.9 42450.1 65495.5 91144.6 60503.1 36454.1 25490.9 37582.1 54442.1 57184.3 87585.6 141664
 38767.9 60926.3 83538.5 66629.3 63552 60851 44898 52473.5 73119.4 150107 81652.5 38090.3 39883.4 22345.2 44127.2 31648.8 30453.5 31476.9 41865.9 47150 30403.6 55308.9 64925.4 34929.2 47404.7 41455.3 62174.2 92157.5 64290.9 38745.9 24668.2 33623.9 51511.1 52770 87168.8 138140
 33487.3 47849.5 76271.9 67044.8 62384.9 65135.4 48907.4 49948.1 72810.6 155439 79626.7 40862.2 33352.9 23397.8 43884.2 32735 35353.4 32724.7 42046.3 52715.6 35234.1 51689.8 61293.6 36066.3 46810 40524.4 61489.2 88403.3 62160.8 36279.4 25740.9 35158.5 52335.4 54797.9 84529.4 139349
 31205.8 43711.9 63115.8 49043.8 55776.2 55064.5 43046.8 43285.5 60774.8 145132 82573.4 50046.4 45580.3 21900.3 42510.6 35416.1 34497.7 32714.3 47316.7 55511 31434.1 52378.1 60064.8 32344.3 46166.3 40236.3 58652.8 86032.9 59641.6 32614 24332 32680.5 48993.7 53936.3 77511.7 128146
 31311.3 53620.9 77072.7 52862 57534 63990.9 63629 47287.6 64920.7 142931 69187.2 44224.8 43802.9 20941.7 39446.4 36808.8 40375.2 36434.1 44651.1 53089.9 36607.1 56577.2 67705 37007.9 47099.3 42532 56996.1 81890.9 59657.5 34087.3 24208.6 32684.2 50787.5 53482.5 75923 121350
 28067.6 49026.4 66063.5 48053.3 55681.1 62232.9 60769.5 41722.1 58086 133031 59151.3 42034.1 44766.4 20209.4 36096.1 32547.3 34006.5 30976.7 39583.3 46512.8 30141.6 49917 58504.3 32941.3 46382 42257.5 51255.3 74359.8 51840.5 30125.2 21636.5 26963.1 44138.4 47487.4 63920.8 107815
 30532.1 45547.7 55796.7 37238 51673.5 58273.9 46974.3 47791.3 68193.1 131263 51207.5 42358.3 42071.1 21259.8 40605.8 30828.4 27148.6 30696.4 38074.1 39376 26808.8 49950.3 58890 32707.7 47520.4 42133.1 51000.7 77352.8 55057.8 32143.4 22353.2 27076.3 46132.7 46024 69876.1 107660
 28611.6 53412.7 81546.8 47308.9 48265.5 50157.1 43103.9 42012.3 58054.7 136301 56996.7 41580.6 33857.8 23291.9 42056.9 30544 25368.4 28484.5 37204.2 41334.9 31685.5 45079.6 46991.5 30764.4 46522.4 38687.8 49539.2 72969.6 53875.8 33314.8 22254.3 26711.6 46958.9 48008.8 70857.2 107474
 27859.1 46490.4 70690 39839.6 46249 45374.2 35366.1 33972.7 44374.2 121631 62841.4 38611.9 30052.8 21711.8 44292.1 30607 23710.9 28722.4 36648.8 42667.9 32177.4 44189.5 49301.7 32068.5 49343.4 41799 53934.2 86871.3 62911.4 36596.3 24415.3 30484.5 48212.2 46301.8 68841.9 103452
 22343.3 48986.7 68644.8 34842.2 44200.2 48577.5 36466.2 34627 52977.4 133809 65996 41256.8 30811.6 22515.6 41769.2 32571.1 27870.8 30938 37554.1 38915.7 33347.9 53111.5 54507.2 35491 51506.1 41640.2 49586 76535.3 59162.1 36442 26559 34251.1 48522.1 50473.5 66618.2 92043.3
 25148.3 44187.1 71232.4 38183.1 42513 48366.1 30925.1 34906.6 70667.8 150902 66921.2 38943.1 30107.6 20322.1 39344.7 27898 25327.8 24810.7 30837 36709.8 30515.3 50231.9 52888.8 29695.5 48320.5 39469.7 40330.9 66405 50371.6 31670.8 21091.2 28274.2 46653.9 47741.4 61374.9 83289.8
 31514 49741.8 78912.9 42265 39075 41509.9 31927.3 37278.7 63426.8 149953 65419.2 36026.6 28640.4 21205.3 43350.4 30554.6 24526.4 24112.4 32569.4 36598.1 28223.7 49967.9 52386.7 28136.5 43343.3 35880.3 41266.2 63951.2 50174.6 32846.2 23774.3 29432.9 49619.6 52863.6 59893.7 91687.7
 38335 53197.4 83465.9 46279.4 35608.7 41333.3 49598.9 46213.4 56418.4 145152 77526.5 37462.4 30703.6 21062.6 43297.8 32886.6 27564.7 27293.4 33028.5 37222.4 32585.2 51940.2 58116.9 30824.4 39994.9 40202.4 40871.4 64607.8 56836.6 36755.4 24029.7 28418.6 45837.6 54915.7 71013 107940
 42730 51392.7 78192.6 51734.5 46724.3 46544.1 49402 43595.3 56280.1 149204 81269.7 40349.2 32494.4 21906.4 44850.1 38120 33156.7 31321.1 41585.7 47582.9 37078.7 51147.9 58922.7 36365.3 50156.6 45935.8 46977.9 73584.9 62163.7 39112.5 24822.6 31413.5 49671.1 61624 78433.9 126561
 34541.8 53339.6 79332.3 38365.3 36878.2 47325 40173.2 36319.7 48190.8 139316 78861.7 32762.5 28018.1 21484.5 37651.6 29594.2 28129.4 30066 41524.9 43540.4 37489 51123.8 52946.7 32144.8 43915.1 40889.7 43102.8 61620.3 48817.1 29781.5 19684.1 27822.1 45590.1 51746.8 66391.9 113318
 37081.8 53491.4 87497.7 51085.4 39240.8 47405.5 56112.2 47470.2 52287.6 144107 76902.9 27883.2 22697 20866.2 45611.4 35365 28253.4 34926.8 46880.3 43989.7 40412.9 56398.5 58463 38002.5 50600.8 48078.6 51456.4 72736.5 56995.4 35439.9 24027.4 32186.1 51717.5 53474.7 72661 129096
 34714.6 48130.3 79793.3 45124.6 31507.8 41763.4 45024.5 43213.1 56140.5 135594 68693.3 31508.4 21859.1 21579.2 43809 33208.8 28147.8 31426.3 37502.2 41301.1 34004.2 49161.9 55055.7 35154 48438.4 43545 44703.1 65137.1 53577.1 33212.7 23260 29867 46178.8 53600.5 72697.5 109033
 44451.5 50661.9 95367.7 68861.7 36671.1 46847.4 54435.9 45513.6 71534.5 155762 69770 41701.1 28660.9 23198.9 49050.5 35536.3 28935.2 33584.7 42646.6 49437.7 39856.1 55016.1 64122.2 37297.3 51060.5 49833.3 50229.6 68670.4 54772 34786.3 24673.4 31693.4 50685.4 57227.1 77419.4 109943
 45863.7 52572.3 95782.6 65228 46971.6 58363.7 53973.2 49358 68949.6 169838 93473.2 41596.8 27929.9 23230.5 51509.6 34290.4 31178.6 33843.5 44513.4 48172.6 42477.1 58100.2 65557.9 37948.3 52606.5 53841.8 51142.3 69971.8 56236.6 37693.2 24266.5 31030.9 49668.9 58046.1 82300.5 116247
 44670.8 37912.7 73638.5 63093.4 43703.6 54207.7 45908.2 39605.5 60145.1 148060 84733.1 40326.6 26153.5 22445.8 42344.1 30460 29591.8 34566.7 44170.2 49090.9 38896.1 52897.5 63685.9 37419.4 48541.6 47296.4 50485.6 72077.4 59341.6 37811.9 21590.1 26508.8 43478.6 47703.5 76399.4 130189
 35135.7 32346.1 76236.6 74997.5 46130.3 60277.5 60560.5 44041.6 49057.5 134400 81325 39188.7 21194 22798.6 43071.6 32206.8 33587.4 41780 46849.9 45201.5 36429.1 55092.6 69883.6 38187.1 46237.4 48683.6 50789.8 66496.6 53587.7 33284.7 19957.4 27109.2 43755.2 39058.6 61099.8 95787.3
 32207.2 33332.2 74329.5 61717.3 32074.7 53250 63046.2 48624 60637.2 148235 91092.9 34939.9 22175.3 21236.6 38323.1 24728.5 26820.2 30921.8 39648.3 41302.4 37777.9 59402.1 65569 33480.4 38837.6 48441.1 58773.6 75120.1 54995.7 35592.4 21592.3 26209.7 43823 39063 58975.6 91258.5
 31240.1 39752.2 64075.3 42512.2 32599.5 59822 60909.3 40535.4 66386.5 174692 112308 38160.9 20376.8 20823.7 34669.2 28698.9 31227.5 33000.2 42986.4 41580.7 40937.6 64843.7 62300.1 38200.2 43686.5 43185.5 56015.7 72274.8 56216.6 38689.5 24203.1 30899.2 48968.9 49977.4 69227.9 101634
 37653.1 32640.8 57497.7 48047.4 33651.7 58007.1 56254.2 39467.5 60288.5 168404 114316 40371.8 19744.1 20625.9 36265.6 28858.4 30442.1 30382.2 39232.4 42242.8 38320.8 57228 54569.4 35229.7 45299.7 45254.2 51936.8 64756.5 53332.1 38762.7 24437.1 31986.4 50438.9 50291.8 72063 99085.8
 37437.4 42431 78223.9 64644.3 49229.7 58003.5 48254.2 41089 85682.2 187245 105105 42052.9 27484.2 21084 34914.9 30645.3 33105.9 32003.9 43133.8 49070.8 36785.5 53637.1 51208.9 31083.6 43314.6 41962.4 53830.4 72288.9 59129.3 41070.5 25142 32806 51456 48741.3 66027.9 109414
 35989.4 45922.6 77327.8 55745 51090.1 55216.8 36745.4 34121.5 66352.4 176967 106580 43621.8 33366 21590.5 34071.3 30151.6 32991.8 30152 38986.8 47303.8 39506.2 50442.1 46024.1 29971.9 40470.9 36494.5 52627.8 70942.9 55433.5 38390.5 23117.7 28158.1 45935.2 46774.9 61266.7 96089.1
 38720 43074.6 69517.4 53337.7 49016.8 62354.1 60012.7 44343.4 65665.8 173979 107988 45150.4 37820.4 21346.3 34303.1 29752.9 32897.3 35368.3 42032.2 49483.9 40554.5 53416.9 55991.2 32160 46455.7 45343.7 51696.5 73172.7 56019.3 35114.9 21398.5 30490.5 51688.1 44998.3 60931.4 110228
 38104.7 44854.4 70234.8 48512.7 49207.4 64009.6 54264.7 50615.7 69575.8 181739 122943 49550.8 40936.4 21164.8 40348 37690.2 38598 36373.2 46134.3 54412 42645.3 57665.3 61421.9 34635.4 52455.5 54045 56028.6 78095.8 63092.6 42538.2 26490.5 37988.9 60867.5 53246.1 80120.4 127412
 43174.9 43595.5 79072.4 61707.4 53293.7 75081.4 75023 53897.1 64463.5 168327 129401 52709.8 51192 20803.2 40940.2 36663.7 35813.5 34860.1 49949.1 56485.8 38160.7 59515.5 69679.3 36147.5 49392.4 52962.4 51715.5 75870.4 62099.3 39589.6 28074.2 36799.3 57774.5 48578.6 68173.6 115414
 48046 46424.6 86349.9 64310.2 53062 62122.2 53431.7 48283.8 74825.4 187811 125406 47740.7 42403 20377.5 42961.9 39693.5 36235.5 33834 45563.8 51928.1 37826.7 63348.8 75126.3 41790.1 55683 56266.7 58548.3 84944.2 65137.5 39645.3 31817.4 41077.1 62259.3 51848.1 70951.8 130011
 44232 37203.6 70191 55317.8 35407.7 55700.1 56148.7 37367.9 60884.2 168350 105077 46202.5 38573.4 21432.7 41693.3 35800.1 33006.9 32699.9 48209 52359 36584.4 56456.6 64604.5 36302.7 49443.7 51551.3 53476.6 75053.3 56369.5 36232.9 29046.6 36364.7 54094.3 45786 64973.5 120043
 43115.7 38111.1 68907.2 51161.1 41799.8 69628.3 64868.1 38172.5 74696.5 175854 96898.8 49462.4 39651.3 21665 40053.1 36369.8 32898.8 31501.1 47024.3 55387.7 36932.2 58356.3 69763.4 36997.1 50997.5 56919.1 59197.9 76118.6 59248.5 37217.8 28889.5 42633.7 65442.1 57257.5 71414.4 113512
 53055.9 50482.7 76890.9 50877.1 47940.1 87836 81384.4 43714.2 73435.1 172536 95499.1 57638.9 42510.2 22411.8 46382.7 39509.1 32546.8 34055.4 48441.4 56634.2 36819.6 64596.5 82344.9 42161.1 58806.5 68331.7 68130.5 77874.6 57834.5 37477.6 30244.3 42086.1 61115.2 56953.4 78694.5 117621
 51115.7 44590.6 79214.7 59183.5 47754.8 77403.4 66481.8 32839.8 69709 172977 97122.3 51293.4 37442.2 24890.7 43049.4 35916 34645.3 37288.9 52695.8 60597.3 36011.4 64223 83423.3 42553.9 57368.1 65187.7 67391.8 77911.6 57964.4 36884 27972.1 41422.3 61491.8 54658.6 76174.3 124321
 72795.9 54906.2 88161.5 63317.4 50962.9 92299.9 73059.9 34418.6 65060.3 165133 98761.2 56117.6 37056.9 23288.3 41577.3 35454.1 35295.4 34596.5 55638.6 63778.3 37078.2 64822.6 81613.5 46733 58643.8 58527.7 58979.3 79288.2 68535.9 42347.8 28022.7 43114.9 63646.2 55634.3 75179.7 127432
 82311.6 53867.2 88341.7 81230.9 56577.7 90458.8 78025.7 38691.3 64253.8 166225 108150 52327.6 32044 22668.6 43527.3 35692 35528.3 34608.6 55381.6 64133.4 37642 60431.7 77859.4 49146.1 60670.2 62110.5 58809.1 74173.8 67425 45547 28286.4 43131.7 64612.7 57030 76836.6 130843
 64399.7 57252.2 69422.3 61904.9 55371.2 81840.2 69689.9 33820.9 63823.1 167645 95470.6 44072.2 25457.2 23791.7 46341 32363.2 31698.1 33335 49482.9 59527.5 43458.9 65417.7 79358.7 41183.4 50499.6 56640.1 59659.7 76144 68691.4 44521.8 27495 41332 62167.3 56199.2 72849.7 145728
 62655.3 52216.9 69224.8 51610 54088.5 80885.3 65301.3 36731.8 61021.9 162510 89463.1 42362.3 31317.6 24555.7 50825 30722.9 28600.8 31484.7 47866.2 56778.2 39457.9 57841.1 69927.9 35601.6 48744.9 57711.8 53952.4 71530.1 67836.3 41629.7 24452.2 34262.3 59336.6 55174 63244.3 110428
 66311 47246.3 65276.9 68123.8 59803.1 73142.1 71550.2 45920.1 59394.6 153382 79774.7 41317.9 30130.4 24411.7 47588 29508.5 29294.9 33802.3 50091 60325.5 45966.5 66689.9 76101.6 37956.4 47483.7 50647.9 48565 70737.7 68056.7 41650.8 25842 32900.8 55706.4 54002.2 65988.2 103997
 65965.8 56921.2 82001.3 68433.4 50636.8 73216.9 70355 40419.7 58886.1 152838 79728 43377.7 27665.8 24040.5 48664.7 30457.5 31735.8 35019 53262.9 67288.6 48796.6 64569.1 74322 39201.2 49860.8 50279 51541.4 72949.8 64621.3 39979.9 26313.4 34224.5 55492.2 57723.2 66703.7 93491.5
 73501.8 64426.1 85975.9 67133.3 55082.9 76698 75375.7 43420.9 58422.2 153830 93130.3 43346.9 28953.9 21690.3 47265.5 33406.8 33092.5 44713.4 58462 65134.5 51329.5 71539.9 83128.8 46261.7 56519.7 58944.2 58817.3 78955.8 63988.9 41137.8 28547.9 37476.1 64135.6 69140.2 77343.8 93197.9
 58626.9 62634 90009.1 50539.7 49627.5 73019 72496.5 37154.1 52881.9 136016 83877.6 47051.7 30707.9 19770.3 51208.8 38467.1 33850.8 38142.3 55940.7 68399.9 47268 66107.8 81962.5 49153.7 55379.8 53091.8 52485.4 78052.6 57055.9 34683.9 24076.2 30073.7 56006.2 58498.2 67565.4 94254.3
 56648.6 55775 81934.2 44455.3 57877.4 82865.5 61482 34083.8 53266.5 137742 75140.3 40775.9 29530.9 20343.2 50389.6 37895.4 35402.2 38241.7 57764.4 66334.9 46089.1 66144.8 75945 46357.2 49760.5 47340.3 53860 75052.3 55614.6 33204.3 21340 29128.3 51416.8 53896.1 72513.5 94167.4
 61855 62346.9 81370.2 49318.2 62844.4 95056.8 65559.7 43846.8 58134.9 130130 73433.6 39175.2 34451.5 20993.9 57607.9 45992.5 40570.5 43617 59609.6 65252.1 44721.5 65534 77479.5 51100.6 52514.1 48097.5 51376.2 78548.2 59893.3 37957.3 24548.6 27326.9 47783.6 52674.7 80167.7 105653
 61073.1 61625.9 88230.5 71792.9 66718.4 68235.2 59545.3 40240.6 68725.5 163183 89323.5 38272.3 37231.9 20526.9 59835.5 49566.5 42936.9 40660.3 54413.8 60930.2 47497.4 67901.9 76851.8 50007.6 50677.2 53751.2 58523.2 77769.6 62929.3 40248.4 24092.9 31417.5 59833.7 60161 82726.1 115793
 50592.5 57329.2 84673.6 68492.9 66605.4 73491.7 58787.4 49287.6 67782.6 141904 91030.3 41389.8 28302.3 20798.9 52760.2 46379.5 39724.9 35948.6 47913.6 58323.1 43453.1 60975.3 70751.3 46853.3 51962.3 52074.1 49906.9 65343.9 59104.7 41177.7 23287.1 32257.5 59315.6 56422.7 68285.2 113628
 43241.1 62375.1 91756 67769.6 67070.8 86617.2 81805.9 57154.4 72056.8 138055 109288 49005 34946.2 19358 57520.2 55821.4 46493.2 38115.7 49472.6 66883.6 48574.7 61707.5 73613.4 47764.8 57701.4 59996.7 55705.5 69824.6 62221.6 43377.1 25070.5 34823.5 65422.6 59512.2 81223.4 150949
 51497.8 55792.8 83446.2 65704.7 55917.3 75347.1 69146.7 53050.6 68591.5 148838 111650 38762.9 28612.8 18991.6 54780.7 53534.3 45960.1 39102.1 51546.5 62133.6 43067 59726.4 71417.4 45108.8 58992.1 65092.8 55430.5 67710.3 59471.3 41012.6 25517.2 36740.6 64343.3 59476.2 78355 112914
 49225 46984.1 70477.4 55506.6 53006.4 78758.1 58356.8 50522.5 71339.7 151566 103258 44263.3 34487 18738.8 51707.6 50152.8 43509.5 42542 60357.9 70668.4 43117.5 58026.9 70465.4 44230.7 60437.1 64796 55668.9 69941.9 62492.2 45066.7 26216.1 37936.1 63984.1 55989.7 73157.4 109406
 52315.5 46866.9 63384.3 47570.7 50489.9 73792.8 64501.3 49787.9 60363.8 132828 91240.2 40734.8 29365.9 19611.7 55682.4 47414.1 42180.4 40323.8 52050.3 60470.7 43232.7 61185.1 69732.5 42603.2 59467.6 63466.3 55312.6 74059.5 65858 43767.7 25483.4 34796.5 61527.8 57012.3 69979.2 109177
 59328.8 51562.7 72649.7 58066.8 50898.4 73096.4 55001.5 51519.9 64914.9 134550 93800.2 39333.2 25421 19864.3 56910.1 43829 36364.8 34629.8 49660.4 62145.6 38388.1 52584.9 60647.2 39955.8 58389.4 60873.3 56011.7 72110.4 63795.1 41012.9 23000 32503.2 55039.3 50530.6 63022.7 95759.5
 60384 59116.3 83304.6 60170.8 60924.9 77057.8 53149.3 41179.6 67589.6 140837 86733.1 40007.3 21449.3 22260.5 57438.7 41399.4 35326.3 33252.8 46932.1 63638.7 44021 51757.8 59829.4 40700.6 59661.6 61088.5 51077.4 65791.6 58384.4 40012.6 22785.4 30992.2 49443.7 45674.3 58623.2 82804.1
 54102.5 65870.1 87451.7 56218.8 52664.2 71541.1 50407.5 47078.4 53078.4 125684 92841.3 38943 16717.4 21928.2 50001.4 32726.6 27474.4 30175.2 40949.1 50575.3 37048.9 49102.5 55242.2 38556.5 53366.9 45577.5 45110.2 61557.8 52531.8 33559.7 18869 26492.3 41497.9 37226.7 51369.7 70397.4
 48835.4 68979.9 95449.4 53736.2 47767.9 72367.2 54265.6 40761.8 43122.4 127402 118794 47611.7 23941.3 20084.9 51724.6 31053.3 25783.8 27073.5 37698.5 44798.3 26257.2 42614.2 51921 31060.9 47832.8 42118.6 45310.1 66061.4 51091 31789.8 18448.4 26453.5 41603.5 38646.4 63682.6 96657.6
 45151.8 59476.1 86714.2 45027.8 51834.4 67404.6 51000.4 49132.5 42533.2 124367 103049 46232.7 20632.4 21320 50726.4 33278 31792.7 31511.9 39588.4 46500.2 33194.3 49125 56051.2 36401.7 52987.1 44590.6 46688.4 65081.5 52179 33955.1 21099.1 27276.5 42656.2 45422.9 64616.9 101184
 46974.1 59949.2 77924 50590.2 64982.5 73263.6 50461.3 48591.4 46258.8 114481 82374.7 44874.9 22165.4 20766.6 50315.9 35156 31709 27516.8 35231 48627.4 34437 49400 59755.9 34534.6 45672.9 41343.3 46786.9 62683.7 49805.5 34090 21151.6 25305.3 41518.7 48002.9 70339.8 107497
 58357.5 73087.1 73745.7 49841 76201.8 79567.4 47315.6 53596.1 48449.9 111987 81593.9 43201.3 26014.5 19968.4 48834.8 36023.2 34924.1 30697.8 44453.4 60354.2 33219.3 51643 71739.3 45702.7 53632.2 47678.7 47007.3 66152.3 51107.7 36080.1 24900.6 29678.3 45837.1 44838.1 63290.1 118659
 51452.6 66787.5 81640.8 45915.2 69194 79418.2 44255.5 48328.6 54682.1 117516 73295 40627.8 23147.8 22412.3 43617.8 35280.1 35914.2 33296.6 45854.7 51037.4 31679.3 52458.4 64350.5 45035.4 56336.8 49671.9 50677.5 66473.6 52975.2 36260.9 26555.2 31854.8 46751.7 49461.2 70365.5 96467.6
 35107.3 51642.8 69565.4 46425.2 67045.6 63638.1 42750 48979.2 42207.5 108994 65564.3 36141.5 24103.9 21638.5 44763.3 34899.3 31018.8 27060.6 39460.3 45327.3 31986.4 50174.6 54916.8 37713 47929.3 39907.7 47190 63711.8 48937 35575 24479.3 28716.9 46138.9 46627.5 61960.4 92183.8
 32349.2 43513.2 68098.4 45031.3 58382.1 53570.9 34408.8 38219 38439.7 109087 71194.4 35427 24949.9 19626 44541.8 30830.2 26430.1 22074.6 35677.6 46511.5 30160.9 51869.7 60396.9 31649.9 41065.8 37043.9 45897.8 66660.9 51238.6 36828.7 24188.7 27308.1 45647.3 46741.9 66753.5 109352
 32402.7 37998.6 61312.6 39064.8 51914.2 59658.5 38923.6 40969.2 39085.5 111103 66246.1 32975.8 22872 19575.7 46157.1 33668.1 30278.1 24834.9 36248.5 46599.8 27942.2 49311.3 56543.8 31787.3 42463 35405.5 45950.5 67174.6 48261.1 33207.9 24193.7 31999.5 52925.3 52821.7 64996.1 102489
 28339 33456.2 53029.6 33592.3 49298.6 53406.9 28902.2 30718.3 28162 110078 73906.7 38971.9 20682.8 18465.2 41842.8 30479.4 26052.3 23054.1 37123.4 45192.9 23993.4 45580.1 55802.2 34690.6 43515.9 31192.2 45962.6 67546.9 44792.2 27008.3 17802.1 28993.8 53395.3 49630.7 57587.2 91484
 29856.6 29378.6 52675.4 36719.5 46789.6 56081.9 36666.2 34516 30463.8 110668 73935.5 37150.8 20947.4 19375.9 44632 32853.1 28173.5 22908.2 37964.3 48190.1 24971.6 48868.8 63812.8 35758 44381.9 35646 47585.8 67045 47095.9 32143.3 22613.3 30754.1 52908.4 54095.2 63031.4 83979.5
 33789.3 41799 65528.8 41559.1 55314.8 58825.2 44549.8 45412.5 40451 125749 82980 38768.7 18494.6 20253.7 47741.7 35777.5 28662.6 24662.7 41431.5 52863.6 31950.4 56961.3 70031.5 37841.4 46274.1 38104.9 47732.7 66589 51525.1 34278.2 22972.5 29867.2 51655 55618.5 71858.7 98844.5
 30631.1 32644.7 57053.9 42982.7 45431.7 54625.6 44578.9 42957.1 35636 117617 85579.6 36198.7 17553.3 20230.6 43322.5 29650.1 24355.9 24659.9 36909.4 45032.8 27703.4 49084.1 61800.3 31346.8 39664.6 35325.7 46408.3 63609 47984.6 33048.9 22050.1 27839.6 52493.3 56545.9 65354 88117.9
 19886.4 35823.3 61557.5 37262.8 49117.4 54528.7 29353.7 34526.6 38032.9 111384 69125.3 31368.8 15308.7 20540.5 38951.1 25532.7 24132.8 23051.6 29630.3 37000.1 26269.3 47376.2 53956.5 23831.5 34564.3 31397 44697.5 64162.1 47067 30977.7 21203.3 25246.2 40408.9 40405.7 53222.6 77719
 25975.7 37764.2 60801.2 37959.4 57999.3 63195.3 34128.4 39930.9 38792.9 109427 66019.2 32278.5 19730.8 20286.8 41203 29052.3 24287.4 23709.3 31485.6 38274.4 28078 50447.6 57231 28143.5 38602 35075.3 41416.5 62754.9 46530 31844.2 23648.6 26435.1 41204.6 39950.2 56938.9 77895.6
 28872 47694.3 65236.9 43488.9 48114.5 57326.3 43521.2 32149.6 39100 115711 57655.5 33969.1 17062.7 18860.9 36205.2 26650.4 22895.2 27698.2 40440.6 41850 36118.9 55522.9 60224.8 31661.7 40926.3 37780.8 43457.7 63434.1 49925.2 34963.5 24898.6 31156.9 44532.7 40912.2 75185.1 99862.4
 29232 51826.4 71338 35213.5 48128.2 61819.8 44268.3 36001.8 42288.1 118665 69930.4 35789.2 20241.3 19167 42902 31694.5 23148 29089.1 43876.1 48205.4 40719.6 58199.9 61904.6 36028.4 43774.9 43795.5 47555.1 69607 53531 35712.9 26206.9 31190.1 46590.4 44827.5 78804.6 115597
 35051.7 62043.1 78924.9 34415.5 60868.3 73869.5 37377.7 33581.5 44435.6 129718 76332.2 39306.5 23835.5 20176 42881.6 30000.6 22215 29812.9 39928.3 44838.6 45575.4 60642.5 63234.9 38963.8 46075.5 45357.3 47690.9 67391.9 53140.7 35138.8 24173.4 28012.5 44707.4 44590.9 70699.8 98599.6
 34214.9 53770 70167.2 41546.2 48967.5 60606.3 39257.2 36098.6 47858.1 129339 76273.2 38067.4 20013.6 21126.4 41676.4 26058.6 18588 26502.2 36362.2 41284.4 38254.2 53538.2 54288.6 32166.9 43336.2 41102.2 46248.3 66513.7 54589.6 37310.6 23501.9 24125 36700.9 40869 71749.4 109679
 36781.6 42315.8 59328.4 45894.1 59009.1 53431.2 38507.8 49248.7 48966.8 127256 81597.8 37616.9 20709.8 19828.3 42174.1 28689.1 21057.9 29420.8 38086.5 42379.7 31340.6 51339.1 57070 30778.2 40292 38662.8 40497.2 64294.9 53596.3 36502.9 25037.5 26220.7 41852.6 45613.6 69653.1 95693.6
 28072.6 33394.1 56665.2 45278.2 45741.4 54155.3 43061.5 45320.9 46554.8 119047 73003.7 40486 22767.1 20438.7 43644.7 29263.3 19841.2 25728.8 35932.9 40160 25125.1 46742.3 53980.8 30129.1 42096.9 38723.3 46708.6 68332 50183.7 31401.9 22371.8 24658.3 38156.9 41317.1 61379 76785.5
 34792.1 39186.1 50459.3 41246.2 49778.5 51901.8 33386 37633.9 43585.8 115765 57899.9 41045.6 22286.9 23073.9 42574.2 25982.3 19091.4 25912.1 38186 40054.4 23437.5 46146.4 50183.4 28334.8 41869.7 38597.5 47483 67828.7 48411.1 29850.6 21958.7 26584.3 42005.9 41708.2 67046.3 79852.3
 30111.2 34776 49908.3 48966.3 58773 48652 38880.3 40088.1 43368 124316 70354.5 38478.3 20251 20842.8 41373.6 29036.7 22983.7 32921.6 43552.3 42772.1 22910.6 45087.3 53335.8 27935.2 38602.3 39509.9 54050 73950.4 48654.6 28944.2 20869.7 26365.4 43059.5 43656.3 69626.6 90416.9
 21333.9 27859.9 43833.6 49259 57755.1 50238.6 45671.9 36171.5 54666.3 146559 76605.3 29786.9 19186.8 20454.1 42190.8 29332.8 25075.3 33171.2 39642.2 38538.5 23595.7 46705.2 53798.2 32753.7 41852.7 43345.4 54855 71575.6 48806.5 28782.4 18365.4 27029.5 43594.2 41575.5 76386 117007
 24215.8 30177.7 48249.2 46906 59529 57218.7 48759 43183.5 54416.7 133034 59419.9 28266.1 19870.7 20542.7 41852.6 31254.8 26032.4 29112.6 41167 44913.3 24539.7 41803 50977.1 32284.7 37656.1 37097.2 52017.4 67176.4 44209.9 28155.7 19793.9 24470.6 42481.9 42374.1 65282.1 102013
 29580.4 49029.5 66800.1 58851.7 76331.6 67351.6 58946.2 48657.4 58416.6 155574 84129.7 36098.9 19136 21453.4 43285.5 35570.5 31828.9 30297.4 42961.2 49576.5 25871 48250.7 59233.8 35290.5 40430.2 44711.1 62747.3 73892.5 47750.1 31743.7 20658.6 26412 44566.5 44797 63888.1 108504
 33224.9 53466.2 70403.9 60820.9 67212 64565.3 56915.8 43931 66619 172688 89890.9 32719.6 22072 21403.1 43234 33326.9 27933.7 29974.9 40656.5 50003.7 28096.4 48300.5 64838.6 38340.9 40608.2 44291.7 58019 68307.5 44031.1 27780.4 18128.8 22539.9 40827.6 39836.3 61225.9 112953
 29711 49079.4 69414.2 60271.8 63178 60569.6 45899.2 23527.2 60836.9 169118 83694.3 32948.5 23535.4 21535 38169.5 28972 24334.1 30040.2 43540.4 50028.4 26414.6 45951.2 54717.1 34262.3 42457.2 37696.3 51941 66598.7 42105.7 25797.2 17594.1 21934.7 36872.4 38793.3 64233.1 107004
 30354.2 49116 66870.9 63750.6 66261.8 63547.9 51584.1 24729.9 55002.9 168160 85505.2 34005.6 23177 23339.4 39736.9 30372.5 27964.7 31283.6 42923.3 46332.3 22298.1 50619.5 59975 33567.7 39875.4 35427.6 52081.6 67367.6 44544.1 26161.7 18146.4 23142.6 37387.5 37578.1 63285.9 106270
 34198.1 47614.8 65152.2 57632.5 70418 70983.9 48182.8 25108.8 48492.2 155927 88608 34563.2 24233 23191 39941.8 28163 28823.8 32328.9 38655.9 39684.6 21013.7 44418.9 56054.7 32001.9 39362.6 35732.1 47780.2 63934.7 41785.7 25810.6 18282 21973.4 39689.7 41931 69212.8 123640
 40347.9 53348.8 66595.8 69510.2 88388.4 78529.8 53163.9 30030.2 74060.1 177041 78419.2 37364.6 26966.4 22573.7 38919.5 28294.4 27980.8 29258.7 37503.9 37431.9 24174.9 45537.1 60009.4 37829 45587.5 42736.9 59662.7 76941.2 49691.2 28854.8 20436.3 22915.3 39944.6 44091.5 76353.1 126962
 41758.8 62170.9 78644.9 71617.9 86250.2 84145.2 56258.6 30829.7 78127 170719 66957.4 37675.2 27151.5 22897.2 41051.1 33006.1 31907.1 33368.3 39367.5 39360.8 29687.5 52655.8 64792.1 41898.2 54347.3 49193.7 62688.2 78387.8 51496 30442.4 22779.7 28234.1 49462.3 51561.4 84626.6 130524
 41173.1 57247.2 76421.7 69545.2 78174.2 76241.5 61068.4 42473.2 80941 170989 70004.7 43340.5 30199.9 22532.4 38034.2 33788.3 34790.2 35854.5 45236.3 43554 35350.8 49744.9 53711.1 34712.3 52429.7 49116.6 65398.7 81870.9 54211.4 33229.8 24071.8 29254.6 49713.7 52188.9 85035.5 127572
 43738.3 53294.5 71989.8 59573.2 57582.2 54901.7 50057.1 37290.2 59323.1 150825 72454 43606.8 29069.5 20916.2 33235.9 30738.4 35112.2 31569.1 44232.5 43531.1 30673.9 44738.8 52096.2 34168.3 49114.6 45637.9 59655.5 74688.6 49978.4 32701.9 23861.3 29661.3 50486.5 51131.2 76640.5 114033
 42204.9 55622.8 71482.3 57982.3 55080.3 53188.1 58092.4 49053.5 66980 156647 79262.2 43715.9 28231.2 20872.2 36870.8 34760 36616.1 31191.1 43590.1 46478 33228.1 50756.1 57041.8 34255.2 49193.1 45895.2 60073 76254.9 52475.6 35561.7 23688.4 31265.4 53109.5 50410.8 72429.3 109583
 31342 49841.5 73683.6 54732 46243.8 51745.2 60781.8 48145.3 73262.4 164596 92246 48185.6 27031.9 21397.5 43259.5 33930.2 35561.5 39724.3 58221 57149.2 32894.6 47591 56493.3 40047.2 55230.1 47111.2 58632.7 76152.3 52301.1 35807.5 22887.1 35423 60557.8 57516.2 83823.3 121541
 30056.5 43227.5 61512.4 52144.9 42780.8 56821.4 60900.5 41855.1 75867.3 156821 78652.8 44349.2 30500.8 20330.3 43555.8 38186 35798.8 38640.4 56521.5 57018.1 33070.5 51853.2 60593.6 36941 53338.5 49041 51922.5 69879.5 53836.6 38562.5 25513 37117.1 59665.6 57197.6 82034.9 131613
 38561.5 43575.2 59028.9 49801.1 47143.5 69240.8 68965.1 58921.5 92565 152972 81461.7 45584.1 34141.1 20593.9 49553.6 41004.3 32643.5 42284.6 66658 69002.3 36120.3 56280.1 69550.3 44705.5 58415.9 53389.4 53828.4 79211.9 63291 43568.6 26456.8 34922.2 60098.6 57371.2 73484.8 146926
 41665.3 46344.8 62413.7 46485.5 40462.2 60688.6 62919.2 44419.4 72948.5 149967 79889.2 38815.5 33860.6 20409.3 51745 42315.7 33185.6 41379.5 65805.7 72453.6 32622.7 56645.2 73944.8 45697 57157.8 51050.5 52327.1 86909.2 70519.2 46757.2 27254.6 33269.4 58019.8 61213.9 79310.7 146706
 32684 38949.3 62690.5 56811.2 47756.6 60196.7 57125.6 37848.1 62594.2 138901 80124.1 34246 22659.8 19877.4 54915.1 42329.1 31481.9 39354.5 61574.7 62191.8 28663.4 52223 68325.4 45417.7 59848.7 55296.6 60016.8 89606.3 66991 46487.7 29435.3 38459.1 63235.6 69343.5 100379 157541
 39607.6 48204.6 64275.3 50508 46056.9 57013.2 49786.9 40330.9 70427.3 143724 73552.6 32604.8 25804.4 20922.8 51890.1 40868.3 29697.7 35140.4 58286.8 59071 30893.7 54615.5 64460.2 40045.3 53299.5 43991.6 49664.4 78838.4 60991.7 40918.5 25627 38032.6 58345.9 58714.3 88217.2 135704
 40942.7 41228.4 67561.3 53131.7 44099.5 57327.2 41307.2 36992 62580.7 140356 83047 36439.9 27533.9 21872.1 50426.6 36794.7 27801.8 33769.5 51633.3 54275.4 34151.6 61499.5 73697.5 42216.3 51100.1 47337.2 54708 77696.2 58220.8 38793.9 25593.9 39214.3 58715.3 58151.1 89785 145997
 41987.7 48170 67037.5 50149 50496.3 65593.5 40479.9 31980.1 52558 129884 79057.7 37386.2 25582.7 21385.5 48686 31364.1 25641.3 32303.1 43735.8 45476.7 27133.2 52780.1 68680.3 39648.7 49198.5 47419.2 51992.6 71892.3 55940.1 36308.5 24858 40314.2 62084.3 54910.4 80189.8 136449
 40914.2 51457.7 72069.4 45123.8 40990 63974 51949.2 34137.1 46745.8 127111 79389.9 36267.1 26432.2 19323.8 46358.4 33352.2 27858.7 38772.5 51812.9 48834.2 29135.6 59881.8 80328.6 44695 50048.8 53197.9 55466 77719.3 66761.3 44541.6 29426.5 40755.6 60236.7 54036 90966 147275
 49746.2 57330.2 76598.2 57096.3 51175.5 62795 43596.1 35174.9 66423.9 143774 71856.9 36154.6 29093.5 19681.7 41138.5 32549.8 28789.3 32874.4 43047.3 43681.9 30530.6 60389.8 72544.3 38180.7 51172.9 51571.7 53241.9 75893.2 60785.2 40817.6 28188.2 37701.4 58716.2 54595.8 90020.5 126784
 50587.9 61773.7 69539.6 53322.4 53128 57621.3 44320 40657 68372.2 138433 64720.9 24067.4 20811.3 19019.2 44030.3 31706.4 29241.3 36685.3 47292.9 48820.3 32737 54786.5 62632.9 34443.3 44284.8 43077 53226.5 72748.7 54283.8 37701.7 24611.4 33081.6 56221.5 55366.9 98469.8 139995
 35378.7 54837 82389.9 57176.4 40366.1 42959.8 36135.8 36457.7 63982.2 127351 50852.4 22267.5 19008.2 18559.1 43644.8 31330.8 28085.5 30315.9 39014.4 50576.4 39743.8 53012.4 57101 31782.7 43967 41553.8 55698 77859.8 53591.4 34366.2 23353.1 33104.7 53942.8 52085.7 82733.7 119306
 40373 54082.2 83807.8 51456.7 38443.4 51141.6 41715.1 44223.2 69791.5 135595 67262.2 30707.3 25205.4 19923.5 43596 27737.2 24755.3 29529 37681.4 50236.8 39715.1 53597.2 55179.6 29461.2 46207.5 48161.2 55737.8 74923.9 55892.1 34793.5 21729.3 31391.6 51638.2 47503.9 76114.2 131930
 50118 55843.2 83856.4 59982.4 42289.1 57311.1 51519.1 39115 79057.6 158302 69874.3 37078.2 33529.7 20255.2 41314.4 27446.7 25926.2 33113.8 41253.2 49963.6 40334.3 56756.5 55425.6 31888.3 49019 51497 60312.1 78937.1 60233.5 36958 24686.3 32808.7 55190.5 50665.9 76302.2 138875
 57280.1 70329.2 89145.7 54914.9 41919.8 62188.7 59216.8 41273.5 74480.4 148636 64414.3 37332.9 33559.8 19235.5 42255.6 31089.9 29658.8 35187.4 43936.8 56573.2 48792.2 64156 59303.2 31850.7 48063.8 51826.4 60789.1 79508.7 57722.9 34903.9 24613.9 34852.5 57866 51551 76583.9 129054
 59944.2 63846.8 81978.6 63452.4 38447.7 48657.8 55025.7 37619.9 61688.4 139161 64047.5 40517.4 33337.5 19534.9 38088.4 27613.8 23902.4 30117.4 38260.4 47665.2 40000.8 53471 54856.5 30879.3 43248.2 45658.3 53611.5 66580 51780.8 35467.5 23336.6 33272.8 53589.1 46573 72163.5 114774
 54876.2 58916 71237.4 47334.7 34768.3 51301.5 51880.5 36059.1 74058.2 145049 69917.2 37791.7 25215.8 18933.9 39363.4 26897.5 22834.8 27251.8 35517.2 46037.1 38111 47408.3 49130.4 27654.7 38873.7 41153.5 45542.4 65477 55597.8 33060.7 20491.7 27499.4 43182.2 41050.3 63540.6 107754
 60561.2 64125.8 65195.6 55443.3 39221.2 41121.8 45069.2 37225 71307.3 150287 75981.9 41041.5 23582.4 19963.9 41328.6 32156.9 24239.2 25667 35596.6 44947.3 37071.1 47065.1 46767.8 27610.7 43196 43573.6 43843.7 58644.9 52375.8 33299.2 21700.8 27979 44838.3 45653.5 69068.7 101657
 51481.4 49899.3 64133.7 53456.2 34173.4 39512.8 46249.2 31420.5 66818.3 145638 63145.2 38925.2 23961.3 20155.1 40258.2 27485.1 22951.5 24822.3 31287.9 44655.6 34356.1 39954.4 46459.6 28206.7 40215.8 39393.3 41256.8 57675 50282 31754.2 20079.8 26886.8 43282.7 41857.7 59507.7 87034.4
 50624.1 48817.5 71260.3 51333.3 31405.2 33306.3 44125.6 33437.2 73636.3 158111 68042.3 37212.3 26113.9 20450.5 41770.9 31377.4 26819 27082.6 28545.5 48632.3 39764.3 43040.9 53724.4 29804.5 37820.3 39648.3 43925.9 61893.2 49895.8 29880.3 18644.8 26379.1 45159.4 41927.1 57344 90745.3
 48923.4 46217.1 67135.7 53207.4 32248 33951.7 38405.1 34351.9 75042.4 156793 76494.4 36868.3 24953.1 19797.3 44804.2 31561.2 28505.2 30421.4 33227.8 45873.5 37550.9 45236.2 60652.9 35450.6 40380.3 41502.8 42119 57274.5 45673.6 29918.1 19649.1 25878.3 43396.8 37916.3 50528.4 74624
 54478.7 53326.4 73882.5 52692.2 38835.3 45635.8 50742.4 43968.8 82091.5 146838 70068 41612.8 29193.3 19294.4 47789.8 33940.2 27404.7 29773.4 36742.4 54931.2 35018.6 42640.4 60066.8 35529.8 43043.5 43083.4 41697.3 57611.8 48062.3 32438.2 20478.7 23667.9 42514.2 39163.6 53015.6 83254
 46125.2 50361.8 72176.9 51478.2 43146.1 49611.1 54795.7 49473.8 79638 144822 66530.3 38085.5 24462.2 19968.4 47651.7 32140.9 24497.3 26974.6 36352.3 53696.2 32592.8 41020.6 59185.7 33089.4 39648.5 42385.7 45664.8 60572.2 45083.1 31952.8 19072.4 19324.8 37034 39382.1 52499.2 82024.6
 43996.3 56441.5 92509.4 75628.4 50986.7 61047.1 70745.9 57754.2 89629.3 172922 79591.6 43723.3 29889.3 18692.4 50657.6 41955.3 31216.9 34166.3 46286.6 61510.9 40422.2 45674.9 62472.6 36691.8 46003.1 48643.6 50578.7 68726.9 51995.1 35873.4 22546.8 24027.4 44144.8 50351.7 62954.5 88688
 56799.9 71155.9 113624 85599.2 48000.8 57545.4 68441.2 66483.2 98430.4 180470 92429.2 44824.2 32077.4 18743.7 50547.7 45944.6 33264.6 29980.9 41424.9 55581.9 41920.5 56967.9 68576.2 43991.4 49279.1 49036.3 56245.3 74314.8 55804.4 36676.1 22748.7 28789.3 46822.7 53206.1 70615.7 90601.6
 47119.4 63737.2 97566.3 80897.6 47188.9 60625.7 73035.9 61332.3 88389 166080 82868.8 39383.9 38263.3 18740.2 48339.9 42330 33864.3 29332.1 40047.7 55269.4 41869.1 59849.6 71004.4 40359.5 47737.8 54035.1 61253.1 81676 59947.2 37198.4 24169.4 29734.1 50684.4 60449.9 72102.7 94642.3
 42949.1 57955.5 67527.8 68530.4 63116.7 55218.9 60069.2 45664.9 65531.5 145123 75703.1 33620.7 25572.3 18122.1 50022.1 39925.1 28538.4 24458.5 34607.6 47960.7 34086.8 57523 74184.8 44462.4 44779.9 46559.1 59246.2 84556.4 64392.7 38019.6 23192.2 28666.5 51218.3 56433.6 68905.9 87630.8
 42372.3 49712.3 61271.9 51295.7 53162.6 59113 55333.9 50724.9 68384.6 128775 67056.8 36303.8 27184.2 19420.8 47916 39591.1 31611.8 27762.3 35763.9 46196 33643.2 52178.6 61204.8 36306.1 44711 48099.3 59091.1 78902.8 58384 34527.5 24980.2 31046.6 50707.5 51316.4 60679 81527.6
 41903.3 51083 65054.6 42838.6 41653.6 55753.3 51604.8 45810.2 65181 126440 64016.4 32158.9 29610.8 19592.4 45293.1 38337.4 32671.7 25668.3 32638 38492.5 32606.7 46664.4 51759.8 33791.8 43859.5 42596.2 47211 66027.8 49577.9 30613.4 24187.1 30738.6 47422.3 44745.6 61473.6 91607.8
 42169 59944.4 72705.6 51447.9 43008.3 42961.1 43692.6 55858.9 84711.8 144647 70162.2 42592.8 34459.2 21042.2 42770.2 35709 32834.7 28575.6 32106.8 34237 31594.8 48376.7 51678.1 33660.6 44732.5 40603.4 51006.6 71187.9 51852.5 34636.9 25848.9 31299.6 46781.8 48926.5 69495.3 92158.6
 38866.6 62246.1 73272.8 49980.3 36177.5 35642.3 37682.3 43665.4 71762.3 144187 64723.2 41928.4 30668.1 20535.5 37179.5 33902.8 32848.3 27249.9 31059.9 33946.6 30523.9 46241.7 51099 31874.5 41692.2 38971.3 55184.5 76959 56340 31995.6 20227 25784.9 39621 37572.6 56705.4 95265.2
 39310.5 68229.4 78030.9 48501.8 33252 36225.4 39926.9 44445.4 66179.6 139247 68278.9 44573 30601.3 20935.9 40192 34763.2 32332.9 28155.1 31066.3 33380.7 31392.9 45296.8 48248.5 31380.3 43484.6 41335.8 56171.8 77163.5 52804.5 29103.2 19804.5 25612.4 42082.1 41760.2 56940.6 93117.3
 45999.1 84513 117100 77591.9 58243 55192.2 50118 49434.5 84165.8 156246 86109.3 51281.9 34454 20519.1 40469.1 36268.3 36378.1 34892.4 37128.1 39702 36118.7 52200.3 59087.8 37028 48095 48035.6 66086 89380.6 64834.4 35264.2 21851.2 29383.2 44951.3 42782.1 64309.9 100310
 47055.7 67800 90926 61141.7 49976.1 50808.8 46326.8 36650.5 68650.6 146038 71475.3 49281.6 42037.5 22168 43568.1 34580.4 31338.3 30246.9 33748.1 38507.7 34495.7 47946.3 53604.8 34278.2 46125 43260.7 58478.3 82372.9 59994.1 34975.1 20203.3 29867.3 45414.9 39056.1 60003.1 92460.2
 46382.1 68734.5 94553.7 66852.5 53601 49184.4 39718.3 32113 70107.1 149638 67486 50735.5 48527.1 23607.2 44488.5 36839.3 34645.8 33395.4 37757.7 37088.6 30409.2 49382.8 54230.7 31388.3 46434.1 45917.7 56355 76297.3 58075.1 37641.9 20834.6 27755.8 44782.1 40363.7 64656.7 95826.4
 40850.7 60430 81496 58662.6 48600.3 50631.2 39691.3 30273.1 85196.8 166214 68552.6 53814.6 41094.2 23911.6 41589.6 34124.5 33422.5 36013.4 37358.3 33607 29005 45810.4 48661.9 34196.3 45914 44635.1 54431.7 69737.3 56112.4 36768.2 22144.1 28056.5 44063.2 43232.2 59850.7 77479.6
 40636.3 64103 79243.1 64827.6 54342.3 51850.8 40991.7 30125.2 96345.2 179548 75472.6 52808.5 31988.9 24560.9 43821.9 33901.8 29760.9 34325.5 38173.5 34229 27691.2 46151.8 48464.7 34458.6 50735.8 43561.3 51221.5 68095.5 55860.3 35816.2 24520.1 31719.4 44946.9 45869.9 58399.5 89108
 38184.4 59504.8 73834.5 65455.7 52689.8 48551.4 40294 26632.4 80899.5 174837 77124.4 49515.9 31372.6 23107.6 40067.1 31564.5 29505.1 32139.5 38599.1 36284.4 27081.9 45487.3 50041.6 34189.8 48218.8 39911.8 52589.9 70815.2 54682.2 35497.8 24408.2 30209.4 42968.3 42825 53395.6 92088.3
 49878.6 59144.4 70952.8 61481.3 51950.9 48967.2 47379.2 30380.2 70219.3 163252 81093.4 47960.5 36899.6 22277.5 40716.1 32436.9 30029.4 28723.4 38709.5 37857.6 28253.9 48245.8 54569.7 34623.4 44613.3 41165.6 54214.2 72394.3 52022.6 31122.5 23080 28620 39717.3 36235.1 48450.6 86682.6
 40945.4 59568.5 76158.7 58569.3 47075.5 43582.4 45407.1 34447 72833.7 168684 87826.4 47295.1 29103.8 22332.4 46208.9 34369.9 31501.8 32631.6 40229.8 40851.7 30917.7 47857.9 56073 33453.2 43397.4 43734.1 54638 72309.2 51029.9 31752.9 24316.9 31696.3 45731.3 39319.2 57952.5 97507.2
 41951.1 66230.4 81879.7 63603.3 50532.2 50752.6 47865.9 38030.8 78445.2 167384 85309.7 48637.4 28668.1 23133.2 44725.3 32897.3 32163.1 34403.4 43430.7 45253.9 30073.6 49100 57963.6 34030.7 47091.3 46245.4 53735.5 72016.2 53040 33726.9 24377.2 30615 44215.8 41071.3 59991.6 100096
 39909 70213 90047.9 61249.2 53754.8 54138.3 46327.9 44368.3 84181.3 157852 79727.9 44497.6 30113.7 20004.5 44148.6 36009.1 35685.6 38578.5 45977.7 45566.6 33562.3 51404.9 59361.5 35461.1 44785.9 48746.3 53049.8 74681.1 59256.5 36882.3 26419 32018.9 48693 44629.5 63954 116095
 40721.6 60506.8 86128.6 64523.7 48677.8 51683.6 41941.1 40364.8 79539.4 152513 72825.1 43141.7 25197.1 19571.8 41343.1 31970.1 30033.4 34482.7 40348.8 46976.8 36443.7 51342.2 58063 35504.7 48913.5 48612.2 51200.2 71083.5 55689.6 35088.6 26003.2 32444 48127.4 46170.5 69262 117830
 35607.3 53446.2 72641.3 56810.4 44107.4 43164.6 42542.8 35471.8 64711 142202 73737.4 43368.4 31192.3 20511.6 44976.6 34249.1 28005.5 36840.7 44698.2 46087.3 34967.3 51102.1 60091.5 38304 49617.9 48987.9 48873.6 69970.9 56793.3 34904.1 26058.4 32257.7 49767.9 42201.6 66183.6 125847
 32201 41836.7 55124.2 56881.3 55529.9 48878.7 45502.6 35096.8 71503.5 143736 84734.2 48099.6 29245 20494.1 42459.1 27965 24310.1 30861 36443.4 42055.2 32411.8 45211.3 59398.3 33760.6 42331.9 44151.6 39542.3 55590.7 44768.1 28274.3 21423.1 28053.6 44929.8 35917.4 49614.8 109522
 35996.7 46496.7 52757.7 44860.9 40917 35496.1 34479.2 34126.9 62492.3 133309 72824.8 38246.7 22131.9 20540.8 40701 25911.3 24445.8 28366.3 32723.8 35751.7 28812.7 48350.7 52797.5 29194.6 42299.6 45246.6 38770.7 51300.9 42311.2 28572.8 21305.9 28034.3 44738.2 40475.9 58822.2 115851
 37576 37783.5 47830.6 45638.2 44603.9 37509.4 31857.3 30685.8 60602.8 138860 76218 38251.4 21187.1 19647.8 42846 26700.5 24996.7 26421.9 24951.6 33041.9 27596.3 46388.9 54023.8 27364.1 38898.5 41248.8 36397.9 49199.6 38610.6 25260.3 17973 25305.9 42944 36827.9 48187.1 95640.6
 34411.4 41520.8 59996.4 50256.3 44803.3 46105.1 31118.8 23450.6 53726.9 130903 79334.5 40873.2 26005.9 20988.9 38661.9 23619.3 24158.9 25274.7 29187 35801.3 27924.3 41570.7 46574.4 28743.9 38896.9 36316.4 39904.5 59263.7 47045.7 30931.3 20365.6 24985.7 42079.1 40445.3 60054.5 95430.2
 35817.4 46242 60347.5 44024.4 50554.6 53462.1 29583.6 21681.5 44916.8 129166 87164.8 34838.9 22581 20306.4 41734.5 23606.9 22032.2 24883.6 32109.8 37957.2 29439.9 44843.1 54088.7 29441.1 38225.5 36136.1 40748.9 61786.4 44898.7 29442.1 20268 26539.5 45590.3 44277.9 61478 97430.1
 48068.7 65291 66753.9 42142.5 49592.5 62094.7 38689.7 29509.6 56698.4 140585 95097.5 43760.5 30115.6 21225.9 41409.6 23871 21310.6 27026.9 36218.6 42629.5 30637.3 44878.9 56316.4 31717.1 42908 42980.5 49933 72315.8 50613.5 31925.4 23471.8 31556.6 46812.8 44518 67588.3 105588
 45395.3 64884.8 78120.6 44293.9 57408.3 70641.9 44761.3 42063.4 73591.7 153868 93761.2 42509.5 29312 23063.5 40186.7 25502.1 24753.1 29192.4 39269.2 45710.2 32243.9 50025.8 56612.5 31484.3 48225.7 50643.1 49442 66880.9 51700 34325.9 23875.7 33858.7 51428.6 48651.6 69573.3 109685
 38279.3 58045.4 76577.7 44449.6 55290.9 59250.8 39405.4 41429.1 82932.7 164593 95022.9 43276 28773.8 22230.8 39786.6 27673.6 27414.7 30464.9 38783.3 42623.8 33865.1 52843.4 59613.2 32263.9 50386 53281.3 53835.5 74127.3 54919.6 34619 24737.7 32496.8 50783.4 50683.6 72851 121719
 39046.1 52229 70509.2 46377.4 53414.2 55007.8 40284.4 29150.4 76385 163672 82334 42563.9 28199.6 20709.5 44759.5 29766.6 26924 30331.5 37760.4 43568.2 30328.2 44697 54220.5 30643.3 46166.9 47470.6 48169.6 69665.8 48382 30641.5 22366.8 30664.5 49199.3 40158.3 63367.6 111876
 47450.2 61107.5 73689 49848.9 70818.1 69836.5 36606 32748.5 94269.3 192919 94039.6 45396.3 28873.3 20201.6 49329.2 33215.9 31419.3 32929.6 47449.7 58622.5 36102.9 53949 66231.2 33776.6 47624.8 51439.9 52849.6 74962.5 55512.5 33250 21957.3 31551 52427.4 45955.7 67533.5 111215
 43036.8 67500.5 77541 47530.5 72395.2 81559.4 45537.3 42686.5 90726.2 167376 78744.3 46554.6 35229.3 19878.8 47041.2 35554.7 29311.9 32132.1 47470.7 55826 43829.6 66262.7 68971.7 34871.3 52861.7 57621 56214.6 77914.7 57801.8 34940.5 24341 35100.2 55234.9 47914.7 68363.1 109388
 43788.2 56378.3 64326.5 46546.3 63018.3 66985.9 41301.7 33813 65096.2 144196 71659.9 47863.6 39763.1 20415.8 45573 33144.6 26828.7 29262.1 39369.1 49915.5 42067.7 56335.1 56226.4 30968.4 47633.7 56522.3 53128.4 67688.1 50118.3 31351.1 19932.6 28192.9 47145.2 43535.1 68117.3 113901
 37743.7 51789.5 63507.1 39505.8 50582.1 61259.3 34476.2 27078.3 79951.2 160881 68907.3 46094.1 39316.7 21057.2 45975.7 32079.8 27502.4 31803.3 41263.3 52313.4 39863.6 55355 59430.2 32980.4 48458.7 55410.2 55180.2 71490.9 49905.4 30919.9 21565.4 30487 49150.3 42208.3 71955.6 117350
 43219.6 42668.6 57377.3 34761 49944.3 61758 35034.3 29211.8 74011.5 153416 66722 43801.7 39709.8 20682.7 45281.2 31278.7 27895.5 32870 41707.8 53017.9 40392.9 50978.8 54590.3 31728.4 45617 51167.7 56448.9 75140.6 52052.6 31640.3 20870.1 28677.4 47034.9 41746.3 71365.5 118599
