 13469.6 27586.4 13192.1 12641.6 25952.2 20415.5 11419.7 12911.9 44947.3 62706.2 11244.5 25735.4 5867.48 28844.5 14153 10781.6 4951.6 11723.3 27847.9 16453.5 17802.4 28791 11440.3 13540.1 18090.9 10220.3 28504.7 13581.1 11215.6 7306.73 5201.11 14024.9 12398.8 15163.4 33428.9 39491.5
 13469.6 27586.4 13192.1 12641.6 25952.2 20415.5 11419.7 12911.9 44947.3 62706.2 11244.5 25735.4 5867.48 28844.5 14153 10781.6 4951.6 11723.3 27847.9 16453.5 17802.4 28791 11440.3 13540.1 18090.9 10220.3 28504.7 13581.1 11215.6 7306.73 5201.11 14024.9 12398.8 15163.4 33428.9 39491.5
 13469.6 27586.4 13192.1 12641.6 25952.2 20415.5 11419.7 12911.9 44947.3 62706.2 11244.5 25735.4 5867.48 28844.5 14153 10781.6 4951.6 11723.3 27847.9 16453.5 17802.4 28791 11440.3 13540.1 18090.9 10220.3 28504.7 13581.1 11215.6 7306.73 5201.11 14024.9 12398.8 15163.4 33428.9 39491.5
 13469.6 27586.4 13192.1 12641.6 25952.2 20415.5 11419.7 12911.9 44947.3 62706.2 11244.5 25735.4 5867.48 28844.5 14153 10781.6 4951.6 11723.3 27847.9 16453.5 17802.4 28791 11440.3 13540.1 18090.9 10220.3 28504.7 13581.1 11215.6 7306.73 5201.11 14024.9 12398.8 15163.4 33428.9 39491.5
 12795.6 27186.3 13325.3 12360.7 26110.4 20079 11101.5 13299.3 43489.2 62747 11004.6 26038.1 5746.43 28941.1 13752.4 10667.9 4860.59 11272.2 27771.8 16202.8 17805.6 28461.5 11199.7 13593.9 17604.9 10509.2 27681.4 13541.4 11216.3 7225.05 5087.27 13662.2 12346.6 15060.3 33255.9 38799.8
 13007.2 28005.9 11115.9 12718 25001.5 22425.2 7267.43 18867.6 44750.1 62772.3 10552.5 26102.3 6604.16 27756.8 14018.8 10819 5195.65 10724.8 26220.6 17601.5 16377.2 27702.4 10767.1 14788.1 16431.1 10728.3 27628.8 14459 9944.86 6520.84 5160.08 12889.6 11589.5 15559.8 32493.3 35117
 7104.19 26279.2 10108.2 11518.5 22112.4 24937.2 6760.2 15377.3 47867.9 62659.5 9587.29 25745.6 5809.7 28592.9 13327.4 10851.4 4306.04 10877.3 25973.7 18027.4 16383.5 27008.6 11147.5 14632.2 17820.9 10131.3 27613.5 14078.5 10386.6 6270.61 5678.7 11716.6 10748 16818.2 34676.8 34630.6
 8323.65 32664.5 6599.66 11915.1 22714.3 21372.1 7869.57 11877.3 44807.4 62185.7 8963.37 26255.1 5677.65 27969.9 11874.5 12055.9 3794.52 10371.5 26593.8 18065.6 14670.2 27140.3 11035.4 14230.8 16598.4 9521.31 26932.1 11949.4 10284.9 6400.33 5194.42 11781.5 11019.9 14441.8 33324.2 32490.5
 8156.85 34303.1 7170.48 9421.59 23622.7 22334.8 5880.99 13184.8 38577.1 66458 7396.49 25068.8 5562.91 29330.6 10410.4 12996.4 3619.09 10978.8 25826.2 17993.5 13865 28202.4 10706 14037.6 17041.9 9352.14 26322.4 11409.9 10213.2 6335.2 5398.29 12308.7 10733.4 13962.7 33903.6 34267.8
 12650.2 31983.4 8663.97 12027.5 29076.8 19213.5 8367.4 12970.7 38193.5 70705.6 6250.33 23819.1 6315.64 29585 11213.6 9866.14 4290.27 11020 28008.7 17277.4 14773.2 28784.6 11161 13617.5 17941.4 9547.49 23830.2 12462.8 9732.57 6489.66 4895.91 12678.5 9970.16 13748.2 34608 31647.9
 6508.98 25958.9 9185.11 12172.9 28290.2 25183.2 6270.75 15129.6 35031.9 72364.9 6719.17 26131.2 7028.43 28456.5 11275.2 12567.2 4443.08 12165.5 26315.8 18542.2 13355 28954.2 12348 12750.3 17594.2 10879.9 23705.4 14149.7 11622.4 6680.46 4831.23 11516.6 11224.4 14588.7 36626.9 37372
 16373.6 30633.9 6652.49 17299.5 30808.4 19007.5 7280.91 13748.6 35885.1 79643.1 5350.8 25830 6340.59 28035.6 11728.1 11628.7 4659.08 10294.5 22913.8 18893.3 12915 28868.4 12460.5 11768.4 16861.1 9652.39 22866.9 12577.9 10978.6 6565.82 4360.28 10802.4 10683.2 14061.2 32075.4 44043.8
 11813.6 26618 6403.3 16063 29224.8 22872.1 7856.35 12741.9 36682.8 72926.1 5919.13 25686 6556.9 28114.5 11606.3 11316.4 3978.53 10209.5 24129.9 20239.5 12979.3 28862.9 10403.6 13218.5 17626.1 8708.68 20904.4 11748.3 11548.2 5730.14 5021.18 10447.2 10905.5 13655.9 34205.1 45945.2
 16768.2 29820.5 6493.05 12029.9 32937 20479.4 8654.72 14907.5 35151.3 71947.8 7115.99 24063.7 7605.09 29085.6 13677.4 11243.5 4071.09 10355.5 24336.7 19999.7 13314.8 30038.4 11068.5 12582.2 18783.6 9315.96 22708.7 13307.5 10356.6 4974.86 5340.86 10812.5 11465 13285.4 43319.8 50471
 15533.2 31221 5903.13 14534.2 28830.1 22111.5 8605.1 7921.65 46451 62339.9 7754.73 24346.4 6040.15 26746.7 14982.1 10948.8 4444.58 10042.5 25686.1 15857.3 15771.5 27494.9 11015.8 13878 18550 11545.4 25219.4 14444.4 10536.8 6322.46 6350.75 11559.7 11824.5 13506.9 41592.7 52517.7
 9068.03 26352.1 10080.7 10958.7 27777.7 22295.9 6042.35 10645.9 50764.6 62499.4 8238.58 27437.5 4889.21 30082.9 12611.7 11068.1 4310.41 10269.4 26876 17333.5 14240.8 29016.7 11100.9 12921.7 17995.7 13249.1 24765 12373.6 10834 5669.28 5671.68 11272.3 11565 11080.3 37789.6 51414.5
 10922.3 23265 16696.2 7420.83 27746.6 25725.8 6357.17 11702.5 48925.2 65695.2 7623.31 26623.6 5966.71 28951.9 12705 12422.3 3641.44 9650.33 25880.3 20022.8 13224.3 30670.4 10786.7 12057 18488.5 13031.1 24506.4 11193.3 10563.8 6229.79 6020.74 11771.6 11266.6 12637.3 32307.6 48794.8
 14450.6 21185.9 15457.7 7714.7 24988.3 21934.3 6585.3 8092.8 48962 72116.8 7012.64 24373 7674.45 26459.2 14362.1 10746.8 3225.15 9878.8 25712.3 20655.5 12568.6 28732.8 11672.1 11323.9 16155.6 12691.7 25686.6 10230.2 9427.15 6707.89 5805.77 11507.3 11053.7 14737.3 28193.2 45435.7
 32457.3 27102 11871.9 10973 21748 26109.2 6925.77 13621 39768.5 76225.4 7339.67 25007.8 8798.16 25010.4 14236.3 10362.9 4087.64 10207.4 26517.7 21627.3 11256.2 31959.9 11539.2 10336.3 16373.3 13136.5 26394.9 10604.3 9857.08 7424.97 5869.95 12060.4 11484.3 15250.7 28611.2 39157.9
 13085.1 29382.7 12230.7 6984.44 27834.9 17508.5 8370.56 8698.4 46963.7 76153.4 6562.22 24195.4 5296.99 29889.7 10929.5 10685.7 3959.1 10976.3 23302.8 21173.1 10672.9 29394.2 12286.6 10455.8 14677.9 14411.7 23988.3 12656.7 9664.6 7289.74 5242.03 12759 10621.6 13383.4 28866.8 38055.3
 14683 27301.1 14187.9 9194.73 20962.7 20043 10896.1 7023.5 52822.5 71326.4 6233.52 26317.7 5585.56 28626.1 12077.3 10972.3 3689.26 11505.1 25765.1 19291 11241.2 30821 12431 12211.7 15259.4 14273.2 26709.6 13578.5 8935.86 7214.16 5970.13 13424.6 11541.2 13186.1 33059.5 54009.7
 13887.9 30728.4 13181.7 10042 25215 15150.3 18636 8229.41 47237.3 64126 6588.62 28748.3 5038.71 30159.8 10679.4 12706.2 3787.06 10950.6 29912.1 15466.8 13322.6 34256.5 9972.78 13073.8 17202.5 11633.6 33018.2 14506.5 8735.36 6533.16 4791.02 14077 9092.01 14844.9 36457.6 52975.4
 11818.1 32512.1 9714.18 8815.64 26527.1 17112.5 13163.6 12573.5 41040.2 59887.1 6924.12 27588.8 6862.62 29029.5 9758.11 12813 3387.82 12120.3 29414.1 14830.6 14029.7 29387.9 11163 12970.9 16292.4 11457.9 31829.3 12924.6 8650.8 6749.68 4676.35 13622.1 8496.26 13070 34208.3 44017.3
 11427.1 40144.2 8221.3 8854.7 34482.1 16343.6 15004.1 10928.6 49854.7 59035.3 7607.87 30052.6 7630.79 30035.4 11210.7 13796.9 3789.94 15217.6 26733.1 16961.7 15405 31104.9 11458.5 14910.8 16727 12715.7 32367.5 12470.8 9273.22 7344.77 6189.05 12886.9 10724.8 13522 39011.7 47856.6
 16721.7 40599.3 11723.4 9301.74 34616.9 17810.6 14998.1 11348.6 44916.1 59260.9 7050.86 29050.1 9834.04 28394.1 13817.9 13050.1 3816.98 14457.6 27602.5 16876 16556.2 30168.8 10849.1 15983.2 16046.8 12008.3 32230.8 13858.3 9136.95 6893.13 5946.29 12856.2 10558.4 12327 37239.6 54354.4
 13475.8 29879.1 20359.3 9098.77 29566.7 23067.6 17831.8 8723.21 45125.8 62395.5 8693.23 29750 7476.07 27968.2 12000.1 11843.3 4180.45 13906.2 26618.6 16513.8 14898.1 30742.8 12316.3 13976.8 18765.5 8713.17 32859.8 14080 9118.47 6894.39 5519.9 13149.2 10756.4 12159.4 34827.9 40021.6
 15677.8 30726.9 14820.6 15263.7 32547.4 17252.3 21796 8771.01 49025.4 72386.9 11356.9 28338 7110.01 25770.5 13263.5 10963.3 5371.95 15645.7 26447.4 20003.1 14089.1 29201.5 13740.8 12303.2 19419.7 9345.32 34141.7 12065.5 10389.4 6951.46 6504.13 14193.6 11302.6 13462.2 33269.8 42139.3
 23302.1 27172.1 15824.8 16113.2 36017.9 17346.6 21346.6 9457.05 55140.5 70849.7 10380.3 29675.5 10452.6 24643.9 14603.5 11979.2 6065.75 15133.6 25490 20694.8 15220.8 30703.4 14504.6 13887.9 18625.6 8709.31 33171.6 13544.8 10508.6 7176.31 7262.37 14215.1 11210.3 15094.9 41187 44712.2
 21311.2 28923.7 13025.1 16659.1 23277 24089.4 15692.5 7017.23 59342.2 62546.9 9079.87 29529.2 6125.72 28063.4 13713.6 10634.9 5290.33 13559.9 26635.5 21470.4 11710.1 30344.1 15261.2 13640.5 19531.4 8965.83 32147.8 13362.5 9567.6 7782.23 6387.08 13502.9 12608.8 15110.1 37861.2 48491.3
 18285.2 29374.3 14870.5 13152.8 21130.8 28853.1 12757.5 8756.44 60285.6 62431.3 6790.99 29617.7 6264.63 31777.6 12723.2 12368.8 4133.32 15007.3 25241.8 19310.9 11485.5 32121.5 13244.6 14217.2 19371.7 9411.34 30289 14350.9 10376.9 6706.34 6028.19 14643.3 14063.9 16008.2 36210.4 50377.2
 6073.92 21964.2 12705.9 8768.58 17942.2 25883.9 10481 6427.48 50725.5 55021.1 6178.3 27929.1 4385.64 29354.1 11368 9074.31 3855.23 12307.2 21435.6 18253.1 11657.4 29467.3 11832.2 11507.1 16543.2 8121.29 27752.4 11024.2 11067.1 5312.83 6023.23 11982 12718.7 12381.3 30792.1 44163.1
 10362.1 19557.3 13293.1 10365.8 17681.5 20182.9 12028.5 6137.15 47709.6 55427.4 6711.44 26400.2 6505.25 27685.6 11814.5 9098.54 3173.93 13953.5 24040.6 16226.6 13410.8 27268 11293.2 10185.9 15045.5 6310.01 27325.6 12237.3 10837.4 4858.92 5390.39 13241 12552.3 13205.3 33258 38694.1
 26910 28011.6 11263.6 16440.9 19780.6 21411.3 13239.5 4303.51 58330.1 53461.6 10701.9 29413.1 5279.32 28411 13236.7 10693.5 3541.83 13222.3 26743.1 16995.3 15031.1 30375.1 13547.1 10863.3 17610.1 6406.19 30277.3 11822.5 12269.6 5736.67 5139.9 14795.6 13094.4 15363.1 32758.4 43450.3
 25441.4 25823.9 18624.4 10683.1 34142.5 15130.2 15727.9 5491.92 54139.7 61530.3 10593.4 27924.3 6511.66 33722.1 12328.9 11968 3496 13094.3 28051.6 16415.3 17941 32254.4 13659.2 11819.3 17174.4 7019.52 34553.3 10954.1 12634.4 5908.59 5705.97 14954.5 13745.5 16482.1 36478.2 46842.9
 16440.4 21104.4 18715 11887.7 33762.1 15037.3 14907.9 6771.25 59890.8 59226 11325.8 25305 8697.78 30668.7 14378.4 10984.5 3351.13 12210.1 28620.3 12522.6 22360.3 30773.6 11026.9 12866.7 17745.2 9307.93 28258.7 10785.7 12636.9 5743.61 4923.98 14670.9 13156.4 16775.3 28003.4 41680.5
 13340.8 21298.9 17435.3 7897.81 35808.7 17685.4 12163.4 8451.99 49750.8 54093.8 12525.2 26283.1 8583.37 28928.4 12858.1 11100.5 3091.5 12074.7 25738.9 14608.3 20015.2 30941.8 10648.1 12852.7 18858.5 9158.72 27651.6 11464.2 11727.7 5630.02 5193.15 14142.2 12675 14278.7 32334.2 37835.5
 9549.33 19122 16608.3 6039.05 37035.9 21577.7 9558.2 9790.64 42542.8 58781.4 11346.8 25332.1 8500.06 26308.5 13367.4 11821.4 3149.63 11697.3 24799 14598.6 18454 32951.8 11325.5 12815.5 18327.8 9491.26 26555.7 12029.3 11589 5791.15 5704.95 13167.3 12924.5 16425.9 29823.5 41959.2
 9101.6 21571.4 13670.7 5297.9 39847.5 22414.6 6251.69 16996.3 26965.4 61121.4 11219.8 25491.4 5818.69 27918.3 12267.2 11272.1 2984.57 10650.8 27409.8 13383.2 15894.9 31152.1 10388.8 14475.9 17908.1 10450.2 24188.7 12590.2 11811.5 5617.06 5642.18 11346.7 13471.2 16540.9 25630.3 42335.3
 11745.5 21955.3 12385.9 6868.82 47493.2 19902.8 5592.68 21680.3 27818.7 62676.5 11321.3 23762 5286.16 31785.4 12875.4 12120.6 3557.53 12822.2 26643.4 15025.8 17441.6 29641.4 12335 12875.1 17089 11598.6 26851.6 13288.9 13375.1 5656.84 4710.4 12883.3 14785.6 18556.7 28081.3 35634.8
 12374 24827.9 8445.42 8998.53 38273.2 19420.7 5470.72 21564.6 26724.9 57909.4 11386.1 23645.3 5726.75 29188.2 12959.9 11473.7 3423.06 13449.9 25344.5 14509.5 16930.7 31010.4 12824.4 12670.1 16490.8 10371.2 25051.3 15337.9 12363.7 5553.82 4899.05 12468.8 12766 18190.5 27038.5 31893.2
 11201.2 19668 7837.5 6801.96 31405.1 16755.5 7936.45 21186.4 22025.5 59888.5 12606.6 22906.5 5546.13 27911.9 13165.6 10864.4 3824.6 12824.6 23648.6 14367.5 14761.6 29661.8 12948.8 12356 16642.7 8515.09 23595 14153.7 12635.4 5888.11 4367.62 11948.4 12660.5 16739.3 25035.4 37854.9
 10898.1 20202.5 8882 6352.98 35373 12885.6 11331.6 16825.1 25455.4 58429.8 13785 24276.7 4086.85 29221 13028.7 11325.4 3161.45 12352.1 23270.8 16285.4 13177.1 30349.1 10911.1 12763.2 20047.7 6738.05 24220.6 14586.5 11786 6391.67 5102.24 11654.7 12342.3 16588.2 26257.1 37593
 14697.9 21490.3 9300.88 11040.1 29988.9 15021.4 10192.2 20281.9 32668.3 63739.9 12636.7 24683 6044.28 28546.8 16090.5 10120.4 3849.41 13437.7 24896.8 17106.8 16481.7 30197.9 8752.06 16834.5 20371 8461.24 30292.6 13556.6 12164.8 6519.16 6922.6 13148.8 12337.1 18857.7 27265 47044.9
 26974.1 24115.2 13526.5 7847.52 34355.3 16050.9 8369.27 30008.5 28309.8 63864.6 14763.2 27432.5 7113.6 29345.8 14955.6 12651.4 4116.24 13683.1 27401.3 16917.8 16040.2 32042 9398.9 17882.3 19948.9 9713.74 28825.1 16111.7 12155.1 6614.07 7368.42 14554.1 16170.7 20679.1 30207.3 48565.4
 19947.8 26317.3 12054.7 7547.97 31697 18543.9 8249.39 33474.6 29305.1 65454.9 13143 30242.4 5424.6 29211 14279.7 12204.5 6057.88 11965.9 29420.6 18606.1 12963.8 33241.6 8655.25 17764.4 20340.9 11516.2 27796.4 15183 11572.3 8771.03 7043.22 16583.3 16011.9 20525.8 34612.7 61772.5
 8570.25 26463.8 8967.45 7546.81 29777.2 16202.5 7726.12 24337 23943.7 62449.3 8633.39 30313.4 5721.13 26919 11986.7 12951.7 4047.62 11926.6 26072.2 18562.5 13864.8 27028.3 9386.26 16635 17857.4 8637.3 27643.1 13617 10088.4 9169.53 5112.4 15269.8 15715.8 18074.4 30362.6 46903.2
 6933.6 24408.6 8473.27 9527.19 26629.4 16510.9 8778.63 19727.9 19957.9 64473.6 8420.35 28906.3 4899.64 25362.1 13236 12283.8 3691.45 9671.59 27546 16108.6 16375 25948.3 9315.63 14613.6 16533.6 8999.87 27172.5 15783.2 9000.81 8938.2 4771.73 15002.1 14782.9 17984.4 29577 49959.3
 6103.96 28781.8 7778.18 16432.2 19825.8 19897.4 7801.52 20548.3 22063.8 64874.3 9883.99 28651 4247.47 28165.1 14660 11367.8 3552.69 11030.9 26431.7 15467.5 17150.8 24222.6 10125.9 14627.7 17202.4 8783.3 26780.2 14419.3 10753.3 8069.2 5074.25 14723.8 14029.2 20045.8 31281.1 48488.5
 7415.58 27403.2 7945.47 14290 20666.7 16060.5 12474.5 25505.1 21924.5 67643 10154.8 29399.4 5547.5 27580.9 12440.1 11614.2 3454.15 10312.4 27625.3 16545 16712.5 27072.6 8486.81 15659.7 16855.7 9900.87 30063.5 14572.8 10336.7 6374.72 6024.27 12545.8 12701 16750.7 25502.2 51496.9
 19457.5 31490.8 10596.3 8599.87 24579 21867 10003.1 19163.2 25313.6 65657.9 9154.88 31036.4 4568.53 29054.8 13457.9 11630.4 4469.43 8871.6 25143.4 15980.5 19516.2 29011.5 7320.62 16022.7 17065 11486.3 29468.9 14369.3 10325.2 7591.35 5362.46 11859.2 13233.9 18012 25015.8 53961.2
 10381.4 26215.8 10873.6 13537.8 19729.4 27375.6 7843 28258 26230.7 65248.9 9338 28427.7 4616.61 29626.5 11658 12059.8 3907.41 9130.52 28353.1 15021.9 15569.2 29703.7 6875.63 15455.7 17599.3 11437.4 28494.4 15118.7 11190.6 6702.27 6082.71 10688.2 12885.6 15452.3 28427.9 53542
 10579 24736.4 15600.5 12595.6 21252.5 30951.8 8321.5 26425.1 27748.3 71749.8 11184.5 28516.4 6493.21 29762.4 13586.7 11600.1 4028.25 10370.3 30288.7 16594 16343.3 31616.6 7864.81 18707 18329.1 12448 31128.8 17440.6 10750.7 7635.44 7320.52 13471.8 13220.4 16994.1 33195.3 61520.9
 13461.1 29246.6 16235.8 16127.1 23154.7 32009.3 7573.44 22930.7 35328.8 69154.7 9007.43 31113.4 5706.1 29374.7 15030 12302.3 4844.98 9767.38 33325.2 14845.7 18606.5 33373.8 7246.6 16642.6 20190.5 11122.2 30454.1 14140.9 11160.1 7138.73 7580.8 13746.9 12797.3 16522.8 34591.7 47687.3
 9692.77 28925.7 15035.9 15669.4 20479.3 28702.8 6859.55 19849.6 32448.6 69525.5 7601.69 30734.8 5689.47 27746.7 15070.1 9697.64 5482.79 9030.37 29000.6 15150.2 17632.2 30873.7 7992.82 14838.5 15523.9 11039.1 27550.7 14081.1 10932 5916.61 7409.59 13033.9 12306.3 16361 31974.7 36020.3
 8555.98 28132.9 17764.1 18138.4 20923.9 24111.8 9850.54 26065.5 31347.6 74410.7 5936.16 32743.5 6549.36 27315.6 15278.6 10953.5 6041.53 9618.65 29649 16614.9 18411.4 34051.3 7871.8 17490.2 16008.3 10192.1 34239.8 13559.9 11637.6 6293.11 7745.88 14352.8 13078 18498.1 32132.4 46248.4
 15221.6 33812.5 18267.5 14443.5 25535.5 19188 15473.4 23015.2 38549.9 69652.4 7286.1 31517.4 6967.53 27427.3 15269.5 10533.3 5650.41 10178.4 30509.7 16528.6 17523.8 34354.3 7871.51 17408.6 15345 10286.5 36373.3 12318.3 12510.2 6156.75 7757.16 15269.4 12350.1 19825.8 36239.9 52398.3
 23672.2 26942.1 17261.2 16896.8 25272 21239.9 11476.4 21022.3 38840.6 68602.6 6814.59 32229.3 7296.25 28758.4 12760.7 11484.7 4947.83 10903.2 28950.5 15659.6 17488.9 33210.2 7868.76 17002.8 15699.6 9505.78 36130.4 14496.4 12308.3 6603.35 6417.34 14893.7 12100.4 18654.2 39421.2 48107.1
 18638.5 22683.4 21035.8 13848.8 25571.6 21763.5 11859.3 16502 40845.5 62755.7 7686.22 29999.2 5299.18 30177.6 10874.1 13868.5 5013.92 9324.47 28304.7 18013 14778.3 31077.2 9072.5 15009.2 15739.4 9098.25 33803.3 14231.2 11213 6442.77 7224.73 13675.3 12549.9 17282.8 35294.4 49584.8
 14453.6 25317 10977.6 17026.2 22127.2 21520.6 11025.1 14791.3 36956.3 65971.7 8894.86 34492.4 4797.28 26744.4 13072.9 13346.8 4622.81 10088.7 30492.3 14772.8 15293.2 31316.6 8250.87 14421.3 16660.2 8587.59 32912.8 14804.4 9674.26 6456.44 7112.9 12475 12427 16995 32617.9 48546.9
 7577.89 31443.7 10127.3 18057.9 23597.3 26795.9 16039.3 8691.1 49558.2 55347.2 12426.8 32926.6 6982.88 26709.2 12971.9 16202 4794.21 11614 28612.6 18560.6 16148.5 33195.7 8649.02 15762.3 15829.7 11746.9 30707.7 16401 9728.55 6602.59 6809.04 14196.1 12941.7 17533.6 33407.7 47782.4
 10076.1 27811 8573.42 20475.7 22076.5 27605.8 12730.4 9005.1 48359.1 53063.2 13456.5 32680.3 7742.9 24655.2 13456 14309.7 4071.39 10908.5 28751.5 16210.3 16656.9 30390.3 8066.81 15517 16796.8 10899.5 29333.1 14613.6 9377.63 6390.64 6353.86 11967 13354.3 15092.7 30773 47671.6
 11316.2 22612.7 8581.81 14746.7 25918.1 19241.2 14080.9 13418.3 42493.4 50466.6 11270 33489 5346.55 26350.4 13847.7 10693.5 3788.18 11963.1 25288.2 15780.9 16632 29286.2 8822.08 13449.9 18415 7821.05 30700.1 14339.6 9161.94 6830.85 5185.06 12104.3 12787 12978.6 33964.7 38929.1
 4917.24 31865.9 10792.9 10787.8 24092.1 16880.2 15472.8 8931.33 40263.9 53639.2 10871.4 28765.6 4382.98 27409.2 12578.9 11077.1 2631.32 11674.4 24611.9 17211.5 15691.5 24351.6 8523.3 13526.3 16886.3 7339.82 28896.9 12869.8 10503.9 6393.95 5098.85 10970.4 13675.6 11970.1 32650.7 37419.4
 10057.2 32536.2 6441.66 15376.5 22682.6 16348.4 14087.3 8070.77 39494.5 53206.2 13289.6 26094.8 5804.17 27915.7 14733.8 9629.49 3069.66 12702.3 24271.8 19659 15311.4 26469.8 8766.56 15480.9 18651.1 7516.72 33879.7 15516.5 11193 6734.33 5773.9 12942.7 12431 13681.5 32183.7 39798.2
 14966.8 31078.2 6225 11346.3 24556.1 16263.1 13397.1 8464.66 40627 54135.6 12622.6 25015.7 5954.43 26241 13929 11141 3375.15 11779.7 22674.8 17640.3 17723 26600.9 9257 14611.3 18529.5 6941.85 28338 15593.4 10619.4 7287.64 6036.97 12780.2 10855.4 16513.6 24990.8 36446.8
 26917.7 32093.3 8107.54 11128.6 24428.9 17792.1 10124.1 14172.4 48261.3 55802.5 11948.5 26309.8 5578.97 26743.5 12738.5 10997.1 3158.29 9694.87 23203.1 17403.1 18181.2 28246.9 8271.19 15141.7 18744.9 6349.69 27390.8 14065.6 10044.7 6953.18 4553.37 13749 11092.4 16746.2 25418.7 35733.9
 14482.6 32945.8 9295.44 9689.5 21831 16804.2 13503.9 11379.7 43444.6 58528.3 8164.06 27418 5775.75 26226.6 13856.8 9941.26 3036.86 9089.5 23924.9 15581.9 17425.1 28903.6 7505.45 14081.5 17054.9 7334.9 25809.7 14107.8 10292.6 7788.15 4722.68 12983.2 12856.8 16367.9 22529.1 42501.2
 10910.8 37140.4 7945.46 13592.2 17588.1 24720.9 16823 9440.28 42703.1 63277.9 9127.79 26085.8 7521.45 26090 14304.2 10660.5 3731.34 9775.8 23682.4 17160.2 18114.6 28073 10421.6 11685.3 18419.2 8740.11 24543.3 16327.5 11549.1 7251.75 4829.76 12903.1 11790 20313.9 25301.1 47685
 9866.41 33066.1 9067.82 16170.9 19952.6 22620.5 16052.5 8566.94 43448.5 64140.7 7093.75 28946.3 4767.89 27768.8 13927.7 12861 2846.14 11963.7 24468.7 18840.3 15658.5 28244.3 10845.3 13303.3 20842.5 7861.21 27350.7 16740.5 11817.3 6628.11 5292.29 13667.5 12198.6 22573.6 24836.7 56775.8
 10306.4 33935 8544.87 8897.57 23563.4 20390.1 11877.5 10371.4 35737.8 66375.6 4687.37 27439 5452.07 26319.2 11007.2 12317.1 2676.55 11996.9 24221.7 16251.7 18709.3 25171.8 11377.9 12626 18674.3 8611.83 23621.8 14050.1 9896.02 6531.52 4502.88 13098.3 10863 18761.7 23714.9 51717.7
 24451.3 35300.9 11674 10762.6 20297.7 24134.2 17321.3 8059.3 39664.2 64373.2 4657.25 25871.8 4830.31 29225.3 14266.8 10499.3 3497.02 14126.9 24987.2 16321.5 21542.8 25283.5 13394.1 13840.4 19908.6 9077.19 26466.2 15546.7 10694.7 6897.05 5517.29 14225.3 12425.5 17482.8 28580.8 54233.7
 20149.7 31029.3 13114.9 7087.76 21028.5 20424.5 15360.6 9484.53 38586.9 58124.9 7114.97 24870.6 4810.23 29561.6 12546.6 10868.1 3412.87 11819.9 23249.7 18593.9 16553 26469.3 11067.2 14574.8 17729.3 8877.42 23245.4 16528.4 9500.14 7239.67 5205.5 13194.6 10811.1 19726 26220.8 44775.4
 16296.6 30706.6 22558 6739.25 20641.3 22435.6 17170.2 7746.36 50628.9 53655.7 8953.62 27402.3 3869.27 32456.9 13485.4 10179.2 4308.86 12159.8 24727.1 20087 16282.7 28943.8 12063.7 12661.5 20358.3 9305.71 24767 15392.5 10279.7 7263.47 5644.78 13758.6 12483.1 19095.4 29662.3 41258.8
 25000.1 33936 19540.4 7464.01 28592.6 20559.3 17377.8 9739.83 49346.5 67788.5 7061.86 27308.3 4685.37 35441 11621.9 11715.9 4622.46 12413.8 26295.9 17727.8 20228.3 28988.4 13481.8 12291.3 23334.7 9161.73 26874.5 15131.2 12202.1 6628.04 6278.28 14020.4 12725.6 20634.3 32501.8 44776.5
 11168.6 22289.4 21474.3 8244.75 23116.3 23247.3 10226.3 13033.1 38815.7 64910.8 8545.63 24535.4 6259.09 30372.9 10846 11632.4 4510.3 12319.8 24792.3 18584.1 15406.8 28820 12821 11183 20030.4 8651.51 26760.2 15686.8 11951.9 5890.99 5057.91 11819.2 11833.2 15500.9 34028.7 48538.8
 5936.64 20888.3 25974 10191 18817.1 28251.2 11056.5 10516.5 33661 65696.2 9425.06 23349.8 4946.77 30227.7 11520.7 11464.9 6499.37 12886 24199 18079.2 14740.9 31081.5 13329.2 10697.3 18784.8 10645.3 24601.2 14536.2 11176.4 5729.7 4732.35 12640.8 10643.3 11646.9 31260.9 34847
 12649 23941.5 21868 8308.07 16955.8 30638.9 11673.9 12410 39599.1 69380.7 7323.83 23405.3 6075.24 28057.5 10527.4 10521.8 5727.52 9674.81 27551.8 16611.9 18492.9 29651.6 11690.5 9940.98 18355 13279.5 28535.8 13597 11661.7 6643.84 4439.83 12839.9 10946.9 12835.5 31092.5 35322
 4682.09 23772.5 13522.3 8305.43 18973.3 31493.7 8202.5 11384.3 42988.6 74213.3 7995.57 19917.1 7670.34 25323.3 10801.8 12448.5 5078.56 10173.8 26411.4 15036.8 20806.1 27921.1 10556.1 13437.3 15529.1 12282.1 28168.8 12755.2 12410.9 6836.79 4812.57 13159.5 11663 17044.8 28144.1 38201.6
 7080.04 18393.8 17367.2 9216.9 17156.5 32305.7 6047.96 14542.7 36461 79821.1 8296.78 21127.7 5642.81 26331.1 10124.6 13109.6 3995.97 9955.39 26068.2 15571.8 19503.4 26324 10091.2 14223.5 16174.1 12354.1 24905.4 13058.5 12263.6 7130.89 4686.41 13821.7 11577.6 17026.9 30004.7 33856.8
 6292.47 24829.2 19635 11956.3 20419.2 24058.6 9404.43 13208.3 49087.3 68450.9 6864.61 24406.9 7041.79 24741.3 10201.1 13880.3 4180.65 10103.1 27516 16615.6 17935.9 25380.4 8332.72 14310.6 15899.5 11548.7 26974.8 13863.5 12932.8 6832.35 4798.23 14211.9 11665.6 14958.4 30295.9 40392.6
 6527.67 27660 14971.2 11138.3 23888.5 18894.4 8547.16 12491.3 42050.1 73722.6 4998.35 27339 7114.61 23736 9851.15 14216.9 3943.55 9314.01 24844.3 17897.2 18390.5 22513.3 8778.62 14164 14288.5 10490.8 27967.3 12774.1 12580.3 6841.01 4245.24 12755.1 11438.3 15111.4 27354.4 37601.8
 5250.54 26786.6 12652 14108.9 20959.5 27820.2 11640.3 10758.9 44066.1 72439.6 5773.55 27485.7 7866.52 23042.6 11499.8 13192 4682.54 12025.2 23928.7 20182.3 17095 28090.2 10301.1 13404.2 19020.6 9753.35 28528.4 14337.3 11581 6662.35 4770.04 14927.3 11840.4 13093.7 31291.4 44923.4
 4740.02 26212.5 13230 10962.5 25835.3 24274.6 11973.1 15319.7 41456.1 82569.6 4328.01 30617.4 6374.09 24270.7 13569.4 14668.4 4648.79 11654.4 26394.3 20333.9 17547.4 29893.1 9740.98 13952.6 21663.4 11240.6 28707 15912.1 13058.7 7229.14 5321.36 17787.5 12314.4 15934.4 38066.9 43663.2
 3309.54 30488.7 15632.6 14972.6 23732.8 35299 9499.26 17155.6 40735.6 86051.3 5026.82 33506.7 7600.12 25380.8 14326.1 13857.8 3889.18 14210.5 30533.5 16990.2 19399.5 33295.6 10244.2 14095.1 22149.7 11811.3 28759.1 17983.1 11675.2 7985.59 6388.04 17525.1 12424.6 15129.9 37677.4 44158.6
 6191 32630.8 17427.6 12280.8 26734.9 21861.2 14230.2 12140 53499.6 78958.6 6437.24 30007.8 7774.06 25571.3 15435.1 14134.9 3453.73 13754 28253.9 17223.2 21085.7 34239.7 10907.7 15943.4 21980.2 11702.4 31765.7 18256.6 10241.7 9299.28 7293.39 17773 13567.6 14348.5 38568.6 50008.3
 6050.05 23608.8 20006.2 7713.58 22641.3 27521.9 11319.5 8058.05 49224.5 72739.4 8220.3 28643.9 7020.03 26780.4 12660.9 13766.3 2772.92 13920.9 28444.1 15982.1 19824.1 30159.5 11784.1 13497 21518.7 10396.2 28851.1 15258.6 10260.5 8788.13 6874.9 14895.9 12751.1 12919.5 35734.9 44709.6
 12005.1 24555.7 16868.3 8314.24 25163 30554.5 9764.87 8287.76 56606.5 63280.7 11619.6 27893.2 8565.84 25017.8 13823.8 13775.9 2682.68 13233.6 28260.4 16958.7 17994.1 32467.9 11346.6 13359.4 21695.6 11943.8 27444 15742.9 10536.3 8114.91 6998.41 18070.3 13958.2 15544.7 33433.6 41161.3
 10957.1 26135.6 16376.6 7308 30427.2 35176.6 10232.6 7289.31 54442.8 60897.4 14449.4 30018 5979.99 27382.8 15459.9 12023.8 3900.12 13151.6 28509.7 17368.2 15885.8 37055.2 10987.7 13987.8 24026.2 13309.9 27782 14150.4 11128.3 8411.1 7190.28 16510 13047.2 16452.8 35409.7 39671.8
 15544 26333.7 19397.3 8278.2 27269.9 30104.5 9076.22 5751.96 55503.6 61380.3 13675.6 27481.5 7735.53 28662 12408.1 14450.2 3676.03 14755.5 27687.9 18561.8 14164.9 37559 11201.9 13357.9 23087.8 12924.5 28141.5 13436.7 11458.6 7687.93 6714.92 17170.3 12378.3 15395.9 35068.3 43745.3
 14744.3 26465.9 21907.8 5960.48 30980.2 33330.5 6236.6 8472.83 49050.6 63734.7 12551.4 29403.3 5829.48 27898.6 12419.1 14706.6 3984.98 12316.9 32272.7 16956.3 15587 36352.5 11661.6 14439.4 20948.8 10807 26893 18001.7 12198.7 7176.52 6393.32 18485.8 11400 16811.3 32425.9 48376
 23529.8 23380.5 28133 9095.5 27549.9 36263.9 6331.8 10363.2 50100.2 68623.3 12323.4 25987.4 6736.53 29382.5 12752.6 14069.1 4392.37 12744.7 33929.1 16582.5 16815.1 35424.5 12861.9 15796.1 21741.8 12477 26082.4 17037 15121 6690.2 7132.53 19026.8 12069 17681.4 34347.7 51230.5
 22636 18696.7 20173.8 11232.9 26554.8 32600.4 6818.72 8119.69 50801 66442.9 10067 23995.4 5869.59 31770.1 11126.7 12951.7 4068.3 12256.5 29026.7 21404.9 16122.8 35079.7 11739.5 12570.8 19928.7 13784.5 26109.3 17407.6 14561 6138.5 7145.26 17390.4 12779.6 15506.1 32647.4 62310.6
 14489.4 23348.7 15615.1 10715 31811.5 27680.3 10462.6 7207.03 54751.2 65676.6 11328.4 26654.4 6110.66 34140.4 11193.2 11877 4251.55 13242.4 31679 17420.5 18224.3 32288.1 10854.2 13541 20968 14663 24538.5 19290.9 13515.8 6495.12 5972.15 16738.1 14698 14548.2 31378.9 48925
 19228.8 17601.1 21293.9 14979.3 24566 28743.3 14816.9 5746.94 50229.7 62093.8 11455.7 26368.6 6063.15 32415.9 10074.1 12576.6 4130.99 13714.1 30665.3 19488.7 19016.3 33908.8 10556.1 12700.8 19283.4 11632.4 23478.5 19811.3 12201.3 7248.23 5394.77 15075.2 14185.2 14428.6 30825.2 41421.5
 20867.6 23127.9 21768.1 10067.7 24650.1 30960.6 11280.6 6536.54 49549 61869.7 14272.4 25563 5610.81 32946 9902.61 12843.9 5083.64 12456 33213 20431.8 17611.7 33608 10341.4 14592.1 18716.7 11956.6 24704.3 18283.8 11691.7 7558.47 5819.3 14936 13735.5 17341.8 27284.2 38010.8
 20558.6 27398.5 18512.5 13240 25323.7 34519.9 9607.77 10334.7 47688.7 67067.5 13945 24664 7179.36 29511.1 14399.8 11639.8 6851.02 17196.4 31802.6 19659.9 21228.7 35551.8 12589.2 15600.7 21323.2 13467.2 27784.7 17502.5 11543.8 8603.61 5774.27 17814.7 15806.5 20870.7 29217.6 36214.8
 36521.6 36606.2 9997.49 15164.6 26776.2 35262.6 7787.16 10706.7 50013.7 61926.5 20090.9 25727.5 6392.74 30984.4 16626.5 11826.8 5913.28 15449.7 37533.2 16613.2 21912.9 34903.8 14685.9 15811.1 21190.6 11282.6 31737.1 15481.2 10598 8572.31 5233.99 16572.9 15774.8 17217 33272.1 38571.7
 34719.8 34354.9 10345.3 12169.2 36547.9 26597.7 9300.13 9115.07 51169.3 57872.1 15947.7 26198.3 5436.08 31233.4 15594.2 13352.4 5113.24 15289.9 37843.7 14533.6 23724.3 31612.1 13808 15676 17511.1 13076.7 30019.6 14893.7 11094 6963.07 5642.06 15419.2 13791.7 17419.5 34927.9 32875.1
 31206.4 30072.1 13591.6 11721.9 41869.8 27793.8 7583.88 17336.9 44440.4 61590.9 12741.3 29893.8 5037.02 33978 17994.9 13927.3 5925.02 17574.2 36590.7 15417.5 25007.8 31163 16515.4 15485.4 19441.5 10926.5 32633.2 15669.8 12291.8 8062.02 5222.83 14583.6 13731.8 19987.5 37878.7 35370
 21033.8 30764.5 18571.1 19787.9 27690.9 28611.7 10135.2 13435.9 60925.2 65386.9 10170.1 31306.7 4365.26 35780.1 17905.3 15397.5 4449.48 18244.3 34285.1 15455.8 26327.7 29433.4 16667.2 15800.6 18644.7 16690.5 29745.5 17387.6 13163.7 7661.21 5100.31 19496.8 15159.3 20616.5 38829.1 42971.8
 16105.4 30094.8 15439 18934.1 26067.8 29400.5 7935.23 19615 38825.8 68700.8 11516.4 25387.8 4371.44 31169.3 16604.3 14801.1 3706.2 13783 31737.9 16584.2 21303.7 28307.5 15499.5 15413.4 17995.1 14797.5 22909.3 16871 13525.6 7045.49 3699.91 18348.6 13543 17211.8 28671.9 49314.5
 18294 34215.5 14123.3 21022.5 27601.6 40090.2 6634.14 24254.8 38444.9 74426.3 14295.2 27975.9 4145.55 32977 19965.1 16052.2 4174.61 15121 34317.7 19697 20723 31715.4 14201.3 17629.1 20993.2 16182.9 25684.9 17533.1 14938.6 7333.89 4505.35 20660.7 15449.7 16883.1 41335.6 61576.4
 23180.4 28914 17734.4 15724.4 26815.8 32914.9 8314.93 20337.4 38336.4 76643.5 8043.31 27958 3977.52 31976.4 18807.1 16492.6 3902.21 15123.5 33387.1 16451.3 20877.2 31206.8 13838 16120 23650.9 14746.3 24553.1 16343.9 13628.6 7767.61 4363.9 20448.3 13356.7 18290.3 34664.8 42022.3
 13722.8 22667.7 19238.4 10857.6 31624 28564.5 6495.76 23422.7 35686.4 75136.3 8793.27 31476.5 3612.79 28908.7 18521.3 15039.5 4666.52 15870.3 35012.1 17147.5 17362.8 32562.5 12592.1 15869.6 24075.9 12747.6 25099 16195.6 14864.7 7266.44 4155.42 19932.4 12628.4 15903.1 33822.5 41838.8
 20672.5 23274.6 14121.6 13868.4 27422.2 32152.1 7311.36 20261.6 33557.9 68575 9383.8 30572.8 2586.79 33508.8 16789.9 14576.4 4966.56 14491.1 32403 16644.5 20613.1 32065.2 12593.5 15695.7 24014.1 12674.9 25891.5 18236.4 13479.2 7086.89 4364.62 18584.9 14060.9 15922.8 32811.4 45835.7
 18809 22147 21133.3 9573.49 30483.6 26629.8 8755.04 22323.7 35602.2 67486.5 11023.5 27434.8 2569.55 34321.9 16050.8 13034 4376.17 12973.1 34329.6 14588.1 19159.4 29405.8 11802 17056.4 22337.1 13722.1 25070.3 17304.5 13527.2 6199.53 4852.62 16770.4 12685.1 16061.1 30432.5 40175.5
 28984.3 27517.8 17422.5 12701.9 30028.8 24713.5 7467.1 16384.3 42301.5 59601.3 15213.3 25605.2 2132.64 35930 14505.1 12386.2 5246.06 10417.3 32908.8 17575.5 17181 26651.3 14231.9 13515.5 24293.4 11080.5 23588.1 15692.9 14163.8 6050.67 4922.93 14586.6 11679.9 15419.3 26942.9 36287.1
 26388.6 28882.3 15375.9 10289.1 26493.8 25319.3 6162.16 20148.7 27168.9 66957 13373.7 22283.2 1945.78 31109.5 13570.7 9229 5566.92 9151.36 27928.5 16832.8 15052.9 26176 12027.8 14949.1 17460.4 10304.6 23080.2 14489 11973.4 5385.41 4453.51 11666.9 10299.5 12357.8 25381.4 29684.5
 27683 33784.6 14935.2 8724.68 31267.6 25704.7 8787.66 15529 30140.9 81032.6 14810.7 24263.9 2230.84 35059.6 13023.7 9930.6 4725.11 10610.7 30482.2 14293.1 15956.7 28607 10546.5 16777.9 16928.3 11387.1 27613.2 14276.5 12147.5 5084.37 5950.3 12920.7 11025.2 15093.1 34398.1 40035
 21021.4 32576.5 12723.2 7990.48 34443.3 17339.5 17115.7 10837.7 31672.3 70853.4 16270.8 23338.6 1825.53 34729 12429.3 12067.8 5114.81 10852.5 29396.1 15441.9 16365.5 29178.1 10204.3 17685.9 17093.9 10774.2 25793.7 14501.4 12203.4 6006.87 5899.87 11933.6 12175 16100.1 30421.4 44279.7
 20420.1 28278.8 12608.2 13188.9 34392.2 17210 14742.4 13166.2 30684.2 65048.6 16758.6 24904.6 1772.92 34676.5 12870 12656.8 4113.77 9484.3 28939.3 17352.4 15380.7 29992.3 11508 14487.8 16759.2 10498 26297.6 13400.7 12640.6 6042.26 5883.18 10754.9 13132.6 17060.9 31859.8 41971.1
 28996.7 25896.8 10487.3 18274.5 38584.6 14403.6 16741.7 16658.2 30924.7 66103.5 17544.1 26515.1 3043.26 34420.3 13469.4 13354.3 5246.28 9949.84 35906.4 14656.5 16899.7 33391.8 13730 15597 18983.1 10391.5 28220.7 13399.5 13350.4 7256.05 6724.87 12541.8 13474 14601.3 34147.6 53473.4
 8848.77 30019.1 10716.7 10805.6 38051.2 14627.2 12740.2 16403.4 31019.2 59553.6 15118.4 25501.3 3032.18 32896.6 11689 14571.4 4314.57 11203.5 29366.8 13419.9 17979.8 28679.9 13026.6 15381.8 18724 9878.15 26268.4 14089.2 12067.2 7577.45 6640.8 12084.7 12489.9 16394.8 29970 36643.1
 7568.88 28237.5 9838.23 15295.4 31558.9 12799.8 17188.7 12904.3 27152.6 62072.7 11255.5 28035.8 2837.48 32448.7 12858.2 13520.4 2992.07 10236 28624 13382.5 19675.8 25666.4 11762.3 15759.1 15973.1 9297.27 27692.2 12008.8 12506.1 7784.5 5230.1 12397.5 12629.8 14341.8 29156.4 37711.8
 5437.11 29972.5 9863.98 16030.8 28653.1 13329.7 13981.4 12096.8 30736.7 62177.4 10099.2 28435.8 2830.19 32173.7 12708.1 12060.3 2743.5 9165.33 30649.4 13880 19305.8 29680.9 10636 14396.2 16220.8 9603.29 28989 13360.1 12774.4 7686.45 5051.52 12744.8 12929 14934.9 34851.9 43078.7
 3067.89 25086.4 12422.8 11250.4 32937.9 13221 16668 10145.2 34498.8 58777.6 10371.8 28748.7 2315.29 33129.1 13560.4 12489.1 3831.64 8854.59 30089.6 14285.1 18004.2 29372.2 9515.64 16140.1 15497.3 9122.75 30241.2 12351.3 12193.6 7388.71 6520.68 14486.2 14294 15762.5 31253.5 41521
 2672.24 22831.4 11816.1 10908.5 33025.3 11723.4 13504.6 9508.1 30610.4 64702.4 14571.8 26398.3 2884.68 30486 13193.5 11176.7 3466.18 9017.92 29991.7 14069.7 14867.1 30371.4 8763.85 17394.3 13740.1 8688.52 30407 11663.8 10550.7 6266.26 5070.56 15500.8 13714.6 14116.4 28085 39630.5
 4009.93 21984.8 13933.4 11343.3 30976.1 16066.3 12441.1 11214 30352.5 67265.3 12782.9 25698.8 2851.58 32750.5 13118.7 12226 3119.54 9191.59 31416 14219.7 14914.7 33120.5 9463.34 16535.2 15247 10148.9 30196.9 11647.3 12055.8 7293.55 5848.01 14933.9 14122.3 16789.2 28089.3 36101.7
 4253.98 27496.3 11122.7 14155.1 30684.1 16271.7 17511.2 10481.6 33273.5 67619.3 14015 23329.2 3755 32327.1 14075.5 11124.9 3727.66 8715 31857.7 15626.7 15675.3 33905.9 9891.72 15632.5 15788.3 10414.6 28060.6 13205.2 12444.3 7084.5 5787.98 13665.3 14183.6 16805.6 31068.6 38064.9
 4240.41 22590.2 14588.7 12146.3 26962.4 20729.3 13540.9 13026.4 28681.8 70065.9 12730.2 23239.1 4744.26 31863.3 12010 10724.7 2976.94 10974.9 27594.3 15940.6 15009.8 31682.2 9802.85 13842.2 15135.7 11375.9 27671.9 12321.4 12632.7 6655.54 5730.53 12787.4 16746.9 14503.1 30553.7 34907.7
 2911.11 26817.6 10628.6 10658.8 29584 17391 8500.27 15893.2 25911.8 63549.3 12300.3 22378.5 4440.9 30258.6 9760.44 11271 3155.08 8950.62 24783.8 15552.9 15176.4 27750.7 8532.31 11676.3 14653 9422.33 27427.8 12195.7 11235.7 6907.73 5470.46 10537.2 11694.2 12618.5 27558 34410.6
 4088.28 26822.1 9511.44 12731.2 32093.3 17059.2 9630.62 17384.1 24917.6 62951.6 11544.7 24508.5 4555.35 29286.1 11929.5 10583 3170.92 9354.66 26238.6 14664 16412 27943.9 9854.55 12002.2 16040.3 8006.28 26916.2 12864.7 10576.8 8056.16 5513.56 10754.1 11675.7 12469.7 28703.8 30243.9
 6946.31 23798.5 11795.8 12246.4 23102.8 24391.1 7759.81 11282.1 28115.6 55749.2 10824.8 25515.7 3534.25 25934.8 11941.3 9883.33 3451.31 10674.9 25357.8 16216.7 17875.3 26783.4 10908.5 10589.5 17078.7 7684.17 26110 13185.8 11026.1 8401.21 5011.44 12438.3 9854.85 12986.8 35892.2 30113.7
 6863.29 29602.2 8732.01 11485.5 28666.2 23152.4 8980.66 13605.7 30060 60832.1 11871.3 24559.9 4288.71 28185.8 14841.8 9230.36 3696.17 12452.7 27471.2 17053.3 20676.2 26352.7 12428.4 11935.5 17769.2 9695.84 27443 14745.5 10840.3 8508.36 5465.97 13282.7 11105.3 14758.7 39530.7 36495.5
 6321.06 31036.6 8973.93 8152.78 39168.2 16016.1 10512.3 11763.9 33544.7 61675.6 9951.43 25924.6 3916.56 28200.3 14424.9 8978.27 3832.89 12553.5 24265 19230.6 21705.6 25488.8 13544.9 12264.5 17886 10003.2 26060.4 14615.8 10967.1 7850.86 4802.12 12594.2 11698.8 13970.3 34542.4 32731.2
 8698.99 26203.6 11197.4 10554 26178.5 22855.1 7736.77 15282.1 30761.6 62976.9 9715.24 23896.9 3491.63 28697 12909.6 8419.57 3154.5 11757.2 23673.9 17592.7 19251.2 24621.9 10672.4 13018.6 16687.6 9372.88 25640.5 14263 12469.2 6890.74 4684.93 10100.6 10392.9 14589.3 34648.5 36660
 12159.4 24683.1 9925.87 16720.8 24200.2 17907.8 12779.2 17811.8 25524.3 66292.6 8289.82 23814.8 3666.01 26559.3 15255.3 8048.6 4555.21 11339.8 24148.4 16836.9 17139.2 26228.4 10648.9 11237.9 17092.6 7882.49 24101.6 16160.8 10434.8 8119.44 4193 10845.7 11717.9 14497.6 32123.2 30747.3
 14497.6 19370.7 15907.6 10580.1 23373.1 21557.7 11331.9 15714 27264.1 60841.1 11156.1 24034.4 4267.23 27279.4 14786.2 8201.05 3489.45 10929.3 24389.6 15577.5 15736.5 26138 9288.3 12777.3 16146.1 8529.85 26394.6 14737.8 8748.11 7214.02 4624.86 10003.1 11160.3 13191 28822.5 25544.3
 10574.6 15140.2 14051.7 10623.3 23590.4 17249.8 10140.5 13127.2 26480 55351 11757.4 25579.3 2780.61 28223.5 12236.1 8288.04 3233.57 10315.8 23034.6 15610.7 14160 24837 9114.89 11379 16109.1 8147.23 25244.8 14108.1 7396.49 7355.66 4453.41 10548.2 11291.9 10941.5 30837.1 22293.5
 8448.52 17002.4 12971.1 16672.6 22375.3 16493.8 14972.1 9685.26 31398.9 58367.8 13698.4 22699.9 5256.2 25756.6 14334.6 8712.4 4384.08 12532.4 22748.5 17112.3 12495 26942.6 9760.04 9969.43 16813.1 8793.11 29308.9 12560.4 8064.79 6912.11 4766.57 11075.1 11749.7 11876.2 32759.8 25670.9
 14425.5 16834.7 11691.9 19825 19923.8 21072.5 14738 6927.1 41673.7 59786.8 8327.55 22792.6 5726.5 26530.6 13729.9 9181.39 4969.55 11948.7 21965.9 14997.6 15133.2 26004.8 10824.4 12346.5 16759.1 10638.8 28454.3 12400.1 8906.22 5861.29 4749.93 12638.9 10587 12499.9 37924.5 32893
 20647.1 14986.5 16341.2 12907.5 28361 16562.1 19120 5833.52 41363 53432.7 8305.22 24130.6 5614.68 26277.2 14059.7 9687.46 4249.05 10317.9 25269 15146.4 13800.8 25752.6 10526.6 12720.2 14482.7 10511.9 27161.2 11716 8059.2 7452.02 4160.36 11722.5 11681.4 12249.6 32616.1 33930
 34080.1 25037.8 11303.9 19646.4 27665.8 17948.7 19116.7 5446.79 42547.7 61555.1 7743.52 22855.7 4571.51 27803.5 13699.8 11188.3 4685.17 8799.87 27223.8 14975.9 13810.2 28356.4 10536.9 12203.9 15499.8 12719.5 27809.2 11378.5 9185.32 7309.78 4156.89 12258.1 11661 12736.6 29199.3 39311
 17769.8 23656 14341 17430.9 26379.3 19535.9 17527.3 5082.56 50307.1 64664.6 5868.67 24371.8 7320.98 26952.2 14748.5 9981.32 4435.9 10134.2 25866.8 19564.2 11918.2 31444.3 10967.5 12527.2 15000.6 13548.4 25832.3 11826.8 8696.2 7001.98 3888.52 11464.6 12143.2 11224.4 31910.8 42370.3
 11044.6 26303.2 11456.2 18996.3 21030.1 22210.3 8797.74 4702.07 46466.4 62467.3 3774.37 24444.7 7470.16 24959.8 13807.5 8785.81 4538.48 10122.5 26426.5 17066.9 11480.9 28325.4 9187.07 13668.1 14991.7 8855.46 26487.8 11410.8 8390.7 6449.66 4083.05 10314.3 9942.59 12863 29326.3 38336.6
 10087.1 26826.2 9530.21 22332.5 18874 24703.3 9279.52 4067.03 42612 65427.8 3958.89 24255.3 7158.29 26129.1 12700 9927.34 4928.54 9224.44 24985.3 15661.3 11242.2 31591.4 8296.68 13119.6 13880.2 9218.87 26006.6 11746.7 8348.4 6376.16 4770.11 9776.3 10017 11687.3 28495.3 37961.5
 10376.3 25043.1 10340.5 20688 25135.5 22056.4 8091.33 6236.54 40128.4 68678.2 4182.76 25041 6731.7 28521.8 11225.9 11099.9 4933.43 10608 23811.7 15101.4 12754.6 29420.7 9512.31 13385 14528.3 9925.26 26914 10721.9 8856.06 6642.41 4797.39 10290.5 11938.7 12553.2 33669.8 44296.2
 7389.68 22327.4 12966.4 24313.6 27609.7 19327.5 11658.6 4745.31 57227.4 57448.1 4758.18 26317.1 5838.19 28210.5 11789.8 11004.3 4577.92 9324.88 23450.8 14927.8 14327 28899.3 11405.3 13317.5 16390.6 10759.5 30481.2 11318.4 9611.02 6528.69 5475.26 9543.58 12588.2 13654 35226 41999.6
 5418.94 28471.5 10580 22920.2 25385.7 22605 7886.39 7074.14 50026.5 53847.2 4353.74 27322 5369.77 26411.1 14067 10937.7 5408.1 8860.95 22146.6 15301.5 14597.1 28563.5 11695.9 12656.8 19057.3 8622.94 29833.1 11734.9 9284.53 6659.5 5848.49 10374.4 14378.7 12842.4 36007.2 38168
 6925.1 26173.1 12594.2 19163.2 23809.4 22163 12418.1 7378.05 45260.8 54521.1 6283.86 26756.2 5243.26 24698.4 13309.2 12499.2 5442.57 9332.02 22945.2 15357.8 15935.3 24190.3 11349.8 11579.5 19673.1 8031.69 30341.6 11616.1 9643.85 7143.67 5013.35 10786.5 13414.8 13399.5 33877.9 37997.9
 7306.78 24448.3 13473.6 15136.2 19914.8 19355.9 14319.4 5989.44 37729.4 58160.2 6269.43 28603.7 4513.72 24796.3 10836.2 14107.1 5151.46 7906.15 25805 13251.9 15131.4 24726.2 11388.9 11916.7 18172.8 9175.63 28318.7 11147.8 9585.01 7511.52 4786.85 11503 13212.3 12993.8 31103.9 37335.5
 7961.49 27532.1 10153.5 18406.1 17795.5 22126.5 16883.9 7895.24 38150.7 58684.5 6153.91 28349.5 3752.95 25471.6 11683.4 14102 4844.87 7837.22 26248.7 14254.9 15321 27007.9 10582.2 11967 18693.2 8956.51 29462.2 10802.8 10965.5 7299.24 4220.51 13093.7 12623.8 12760.5 29506 37635.3
 13674.7 27780.4 13181.7 13452.3 18343.7 25987.7 15587.1 8582.8 45005.5 59185.3 8287.73 26840.4 3556.06 28833.4 12121.3 12438.2 6145.12 11683.5 30002.7 13483.6 14500.2 26623.2 11388.2 14805.1 18529.3 8914.54 30418.7 10460.1 12003.7 7038.55 4277.07 16353 13285.5 14770.8 34705.2 37638.4
 17365.1 21830.1 14185.1 13480 17643.6 31940.7 9277.03 11351.7 46699.1 54205.1 8030.26 27401.9 5698.59 26113.6 14658.3 12702.1 4963.42 12872.3 30391.7 13750.4 16494.3 29406.4 10377.8 13780.5 20609.6 8268.88 27618.4 11757.9 13293.3 7457.03 5057.92 16267.2 12904.7 15607.4 35214.3 45551
 28049.9 19969.5 15658.6 13630.6 23077.3 34596.1 7949.75 23149.1 45980.9 54334.7 11933.2 25967.5 7179.71 27086 18260.6 9857.19 5885.52 16507.9 35362.3 14252.8 17716.7 31935.3 12511.6 15531.4 21441.8 8968.81 29582.8 15255.2 14209.4 7323.34 5506.84 16385 15084.3 14169.5 36136.1 59661.2
 17518.1 22267.4 14969 12268.9 23850.8 31492.1 8880.08 15001 53182.2 54449.4 10036.8 28283.3 6704.42 29859.3 18949.7 10105 5842.29 17482.5 37956.6 12649.3 19743.6 33854 13621.4 15231.1 22366.2 8686.3 33424.1 17943.2 14275.2 7624.16 5837.6 16505.2 15487.6 17442.5 37139.2 63735.8
 15251.1 22116.1 16935.8 15329.1 21301.4 32062.1 6171.32 15450.3 45012.6 59661 9629.25 25938.1 4948.3 32970.4 17803.3 9678.33 5271.05 16274.2 33812.4 12068.6 18158.1 31430.8 13442 14609.3 23736.8 8954.57 35114.3 14600.8 14733.2 8131.25 6398.28 17883.2 14902.4 21937.4 40325.1 56607.5
 5348.21 23151.9 13682.5 14263 21547.9 28245.2 6029.01 18457.2 45397 60034.5 8149.36 26620.4 7044.73 30057.1 18043 9622.07 4196.79 14761.8 32960.5 10924.3 19308.4 29441.4 11112.2 14423.1 20532.2 7374.09 32524.1 14095.7 13938.2 6309.05 7063.46 16952.7 12620.8 19290.9 37343.5 47578.9
 8280.63 23199.5 17912.3 10531.6 24073 22684.8 6172.02 17074.7 40176.7 63721.3 9354.3 24650.6 7243.35 30552.9 15972.4 9601 4050.04 13737.7 31691.6 12244.5 19486.8 32071 11756.2 12937.8 19688.9 9429.43 30408.6 13689.5 13247.5 6584.17 6909.65 17160 11834.8 19433.4 37101 52145.7
 10994.7 23559.4 15099.1 11793.3 27262.6 22178.2 4844.23 16027.5 35719 65306.7 9782.11 25193.5 5919.71 31150.5 13553.1 8722.37 4901.6 12130.3 28733.8 12518.7 16603.8 31405.8 11555.3 12888.7 19404.7 9971.56 27078.4 14297.6 11928.7 7000.13 6503.51 18758.4 11634.5 16775.8 35934.9 50214.1
 14041.4 27768.3 12958.4 9949.42 25327.5 27193.9 6269.86 12963.1 35046.4 66399.2 9631.26 25482.3 6214.92 28337.8 15486.4 8525.99 6155.75 14467.5 29114.3 11506 18818.6 34789.3 13208.9 11208.4 21559.8 10991.1 27492.8 17458.3 13696.5 7676.34 6362.91 18292.3 11169.3 17968.4 41633.7 48085.7
 21990.3 25785.5 16254.4 12427.5 24361 24374.6 5067.49 16621.9 40110.8 62332 8311.95 26481.2 6895.01 26538.6 14438.6 10304.3 4828.34 11378.1 26413.9 13553.2 18519.5 32972.2 10461.3 11727 22228.8 8780.63 28003.7 15785.8 11634.6 8330.22 5656.07 16627.1 12662.7 15307.2 40720.1 36582.3
 24358.8 25994.4 10767.1 18326.5 20287.1 25564.4 5668.57 18883.3 37805.2 61695.7 5133.25 24594.2 6264.7 26786.9 14808.8 9294.41 6739.86 11434.4 27937.2 15408.4 17897.3 30245.1 9975.67 12934.4 17764.6 9795.42 29199.9 13441.9 11986.6 7870 4737.59 15239.2 14147.3 14665.8 46140.3 36369.6
 36401.1 32345.4 12727.7 14672.2 15760.3 24672.9 5563.8 18353.1 37217.7 54911.3 5361.73 25025.4 4742.05 27589.4 14368 9614.41 5770.76 8985.13 27773.7 17814.4 18116.7 27837.8 9698.79 12827.1 17761.5 9018.31 31133.4 13100.1 10545.1 8029.44 4788.01 15484.5 12378.3 15123.7 36946.2 36562.9
 25262.1 33027.4 12376.5 11509.3 19772.8 24502 6557.25 21364 37445 59050.5 6890.8 25932.7 5284.5 28436.2 13357.5 8845.97 5612.02 9600.35 29088.8 17397.4 19200.6 28208.6 7767.65 14395.9 19315.6 10573.3 28502.4 14681.2 10995.6 6722.35 5513.46 14848.4 12431.7 13263.2 38653.5 45036.4
 10116.5 29994.2 15568.6 12709.7 18587.7 27651.2 6716.61 14781.5 49673.1 55437.9 5750.57 31083.8 4532.89 27111.8 13454.6 9240.63 5933.61 10977 27656.6 15993.7 21142 26893.7 8206 15522.5 18690.7 11998.1 27658.7 16538.1 9968.08 7811.33 5544.22 14602.5 13848.3 12602.1 38476.7 48217.1
 6499.29 32941.9 11528.7 13883.7 17697.5 31906.9 6285.19 15828.8 45930.2 54456.4 7535.77 30422.7 4823.72 26831.8 14853.7 10023.4 6758.61 10811.7 29185.1 16588.5 22880.6 26935.6 8700.5 14595.9 19359.3 11660.5 28763.6 15978.4 9312.56 7879.75 5469.15 16110.2 13322.8 13788.5 37838.9 44268.8
 5629.41 26628.9 15939.1 15117.9 12313.3 30456.1 8557.58 11881.6 42668.6 55739.6 8019.87 31518.8 4950.97 25900.3 14760.3 8529.95 5446.17 10285.8 26116.1 15581.9 18209.1 26294.3 9781.36 13000.6 18031.3 11111.9 26451 13248.3 11307.3 7245.71 4993.58 15331.7 11687.4 13410.2 35075.9 38503.5
 11042.5 26122.6 11493.1 13824.9 14793.6 31753.6 6542.05 14935.2 47944.1 51475.7 10671.5 26202.9 4963.25 26956.5 14223.8 8712.68 5000.03 9696.57 26953.5 16036.3 17663.8 24502.6 10464.2 12076.4 17899.7 9905.42 25237.6 16108.9 10849.3 5751.92 5634.24 12323.2 10944.5 13572.9 31896.7 41553.3
 19883 20025.3 12988.6 16721.6 11826.9 25218.6 11039.7 10723.1 45281.1 52884.2 10853.7 23807.8 5291.38 25234.1 15544.9 9171.52 3816.78 8947.58 25723.7 15240.2 16536.3 23655.8 9864.8 12472.2 18260 9546.82 21706.6 15418.1 10940 6181.63 5363.55 11542.1 11536.1 13221.4 31271 34149.1
 8215.86 23904.3 11381.7 17493.3 10151.5 29113.5 10055.7 8352.12 47579.3 48404.8 13472.2 22799.9 6162.13 25897.2 14312.5 8334.9 5129.47 7350.57 25338.8 18768.3 13077.3 23290.2 11070.5 12192.7 17344.7 9596.54 22331.3 14537.7 10813.9 6216.73 4816.3 12141.3 10497.6 13286.3 29101.7 32333.5
 26400.9 26941.4 12641.4 14037.3 11992.1 26086.6 12683.8 7843.62 54851.1 48838.1 13101 23249.6 7272.64 26733.7 16125.7 9095.86 5809.09 7687.65 24077.8 22316.5 12918.1 26158.9 12377.1 11216.4 17523.9 10046.3 25347.7 14320.5 10638.2 5885.9 5162.36 12737.8 11705.8 11949.4 31121.5 34157.8
 31044.4 22790.6 17049.1 12828.7 13933.7 25306.7 9486.32 13573.5 53362.1 53778.1 12813 23501.6 6992.89 29682.7 14785.4 9991.96 6200.31 9601.81 24652.2 20572 14816.2 28939.5 13939.3 11898.9 17924.9 10392 25460.9 13000.2 11362.1 6602.31 5452.44 13116.6 11156.2 12003.5 30699.5 29052.8
 18285.5 28587.9 12909.2 16765.5 14628.5 30791.2 8467.69 19550.5 52996 50144 16664 26672.4 6021.87 30568.6 16755.7 8480.3 7280.09 8944.24 31032.8 19102.2 14953.9 30757.7 12584.4 14327.2 17756 10800.3 24152.2 14357.9 12036.6 7305.49 4744.98 12683.4 12700.5 11631.4 33345.2 31631.9
 22888.2 29032.1 11660.6 17419.1 16143.9 28490.9 11100.6 17200.7 49617 50655.3 15076.1 25723.2 6233.22 29547 15977.2 8469.62 5473.37 9522.22 29714.3 18906.7 13545.5 30121.7 13046.8 11892.1 17906.2 10350.5 26776.8 11224.6 12391 7202.52 4182.67 10118.4 12852.3 12408.3 29129.7 34923.6
 27018.7 29964.2 21861.6 14200.7 19100 31159.8 14419.1 14248 59924.2 55645.6 12915.1 29113.3 5242.29 29185.1 19502.2 9963.55 5801.1 12424.1 30305.8 19909.7 15621.7 29994.1 13369.2 13489.6 19795.4 10255.4 28442.7 13042.5 12296.8 7815.78 4528.44 11654.2 14382.1 15344.8 29943.1 35106.7
 16733.7 34929.3 24496.8 11244.4 17430.1 30491.4 15346.6 18258.4 53896 60822.6 8915.74 29082.8 6076.43 27033.9 21255.6 10972.6 4918.38 9735.64 30154 17667.2 19514.7 29748.9 14544.5 13941.3 18998.8 10996.3 29772.9 13047.2 12857.5 6620.29 5637.45 12774 12695.8 18585.7 29445.4 32211.6
 24816.8 29030.6 24838.2 11819 17547.4 36068 11529.5 18780.7 48661.2 63699.8 6636.19 32902.1 5049.94 27725.1 18926.9 12119.4 4653.44 9662.28 30818 18262.2 18715.7 32281.2 13739.3 12479.9 21097.1 12708.7 31092.1 15233.7 11786.6 7189.31 5830.24 13285.7 15015.8 19902.4 28780.1 36143
 16852.6 23323.3 13363.8 26611 14264 33358.8 9637.08 14716.4 41566.3 63679.1 5545.46 29768.4 3667.07 29773.7 19140 10170.4 4304 8199.73 29275.8 16926.2 17642.7 33648.9 15271 12137 17549 12310.8 30693.5 16942.2 11188.7 7505.69 4443.44 14095.3 14167 17544.4 29994 31806.5
 10739.6 23942.9 9884.33 19986 17293.6 31638.3 6780.81 22999.2 32283.6 61758.8 6689.77 29570.7 3868.55 29072.9 17399.5 11162 4926.06 8438.7 26853.8 17776 17446.1 29658.3 13136.5 12624.6 17870.7 12849.2 27916.7 16351.1 9532.21 8683.17 4916.54 14433.8 12543.2 15418.4 27878.1 32242.7
 11930.4 25833 9444.92 13703.3 18834.8 29158 7405.84 19416.9 34037.4 61071 4814.13 30836.3 3737.69 28869.5 15360.5 12666.4 3825.27 8173.95 26265 15785 19998.4 25635.3 13248.9 12815.5 17826.8 10033.5 25253.5 15440.9 8372.32 8743.92 5336.28 14083.7 10654.5 14932 30548.2 36522.6
 9880.44 27635.3 9283.04 17194.1 14826.2 23884 11025.9 21478.6 38019.6 57816.1 7566.75 30851.8 3432.13 27100.3 13683.7 12954.2 4259.23 8603.95 22506.6 15002.4 19855.5 24887.1 12730.1 12986.2 16764.5 9292.61 27808.7 14342.7 8579.15 9290.38 4605.73 13745.8 10046.3 17319 28654.6 33677.6
 8434.9 25847.9 10876.2 13542.5 13866.4 21399.1 11448.4 13830.5 37824.9 54628.5 7551.95 28512 3467.71 24454.4 12688.8 13185.1 4400.05 7111.65 21797.5 15255.5 17212.6 23577.4 12794.9 11516.8 15759.6 9627.86 27478 15824.9 8046.74 6931.96 4234.91 11152.5 9322 12394.6 27433 36460.1
 11273.3 29412.9 9094.03 13085.2 13253 24182.3 10260.6 14995.5 35389 56983.8 8782.29 29540.2 2838.2 26132.7 13271 12433.9 4313.21 7921.12 21873.6 15587.3 17996.3 22836 12497.6 12614.7 16247.5 10626.5 27747.3 15283.3 7102.86 7539.38 4226.12 11374.2 10820.4 12875.8 27014.3 37364.4
 15510.2 44843.8 9870.16 20998 14979.5 26838 8483.11 19397.9 41638.7 60473.8 11913.3 28693.2 4085.97 25851.4 13601.4 14281.1 4705.43 10875.2 22595.5 17572.7 16955.4 26805 12262.7 13522.1 17199.1 12594.9 30270 17282.4 8851.34 7402.28 4489.21 13257.2 9915.99 14209.1 30383.5 38267.4
 16337.7 34093.2 10241.4 17466.6 16863.6 24742.2 9768.65 11693.1 47205.3 54369.5 10627.5 32645.6 4322.22 26783.2 14911.7 11847.3 4860.05 9686.24 25110.3 15470.3 18327.9 24240.4 12581.6 13144.5 17508.4 10351.3 30336.1 14960.2 10585.4 6317.6 4649.82 14336.6 9292.73 13109.9 30297 36568.8
 14297.6 37354.6 8778.98 20659 14510 25339.1 7006.98 13434.4 45664.8 54780.7 8729.41 35239.9 4810.81 27046.1 14768.9 12471 5477.17 9745.82 25217.1 12711.6 18721.1 25507.8 11314.2 12229.6 19111.8 10011.7 28300.5 13605.1 11954.6 6818.39 3843.95 13732.7 10016.9 13251.9 32077.2 35026.7
 14500.9 30895.1 10358.3 15206.3 16104 23873.9 7683.48 10796.2 52361.1 49798.6 11659.2 30705.4 4565.27 25864.9 14078.4 11174.7 6342.44 9678.31 22396.4 13160.9 17780 22438.7 12488.9 13326.7 15537.3 12672 23717.4 14461.9 10615.1 6996.38 3896.66 12472.8 10332 13203.8 25106.6 29941.9
 6154.29 29059 10192.8 18496.3 14124.5 23867 7209.24 10478.6 53968.8 49145.8 11638.8 27127.5 3529.87 26049.2 14670 9661.81 5622.91 9527.36 21583 13961 15900.7 22865.5 11011.4 13491.4 16849.8 9461.85 23494 14112.1 10713.6 6230.31 5643.23 11190.5 10458.9 13579.1 22902 35354.4
 10503.3 27217.7 10081.2 20279.7 12468.5 24059.2 7943.39 8202.78 50000 53236.3 7976.65 28390 3512.28 24864 13702.5 9810.21 5816.13 8472.83 23153.4 14433.5 14292 23672.4 11502 12220.4 16672.3 8512.95 25800.8 13233 10095.1 6517.95 5454.86 10566.1 10250.7 12656.3 21663.1 39088.4
 14253.5 26710 9727.05 21478.7 13337.8 25396.1 10137.5 7735.34 50718 55091.3 7612.8 30002.9 4091.87 26827.9 13358.7 11738.4 4586.99 8876.61 25911.2 14103.2 16107.2 25170.2 11069.9 12358.5 16532.5 10351.4 27613.6 13453.1 9384.09 7019.99 5869 10975 9478.21 11997.9 24332.4 39477.8
 9490.62 28503.6 10027 18273.7 13780.9 22507.9 12544.5 8399.23 50597.8 57065 8497.03 27857.2 3240.31 28636.3 14174 11291.2 5283.17 9822.13 25595.9 15922.7 15463.8 24706 12836 10325.8 18037.2 10111.5 27495.7 13099.1 9326.79 7985.94 5397.06 12943.7 10125 11717.4 28403.4 39009.9
 12914.1 29397 10190.2 18599.4 13769.9 25307.2 9619.86 12170.2 46584.5 56188.3 8965.52 27210.3 3309.17 27481.1 13250.6 11497.1 5648.15 9705.98 25464.3 16665.3 13840 25949.9 12235.1 10176.7 19239 8905.91 26594.7 13688.7 9744.17 7764.02 5193.97 12039.8 10004.7 12353.2 27018.7 39800.6
 13083.6 36071.3 7967.36 20484.7 17354.5 25300.3 8459.27 18327 46604.4 55729.8 10391.4 26988.8 4453.01 25827.1 15626.5 12167.8 6651.03 11212.1 26525.8 16919.4 16412.7 26019.9 12477.9 10069.8 19852 10566.2 26273.8 17138 9677.46 8441.38 5349.42 13631.2 11497.1 12945.1 31374.4 46982.6
 19604.6 28650.4 15970.6 12713.7 19251.2 21508.1 9574.29 14623.9 44160.7 53941.2 12414.3 25060.9 5330.84 24417.9 15348.7 10248.6 6047.92 10238.6 25120.3 19261 15229.7 26036.1 11733.7 11286.7 19989.2 8822.4 25586.2 15930 9421.28 8159.32 5397.02 12940.8 11260.6 13419.7 31539.2 42740
 13856.6 26037.9 13192 16295.7 16562.3 24852.2 9206.92 13562.3 46270 55671.1 13614.6 26679.8 6033.03 26221.8 17054.9 9134.97 6056.68 13587.6 26959.1 18034.6 18654.2 27081.5 12787.8 12844.3 19828.2 9907.83 26040 16461.9 9966.57 8316.09 6074.05 13951.8 12097.1 11032.2 37539.7 47006
 13298.8 21416.1 12098.4 23353.7 16518.2 27110.6 7213.36 16263.6 51214.2 54852.4 17646.7 24095.1 6246.37 28243.4 14088.6 9223.61 5266.24 12296.2 26149.4 18532 16010.3 28398.5 11913.8 11827.3 19112.4 10167.1 22625 14190.4 9661.88 7996.14 5325.51 13967.9 10561.2 10630.4 31243.5 54142.5
 14100.5 21498.6 8531.8 19431 13944.5 21961.3 9138.93 14732.2 44359.6 53990.2 12782.2 23030.2 5312 28560.6 12577.1 9635.02 5388.96 9761.11 25273.9 14611.4 19326.5 26109.2 10120.1 11718 19333.8 10522.8 20978.3 12988.2 9995.91 7935.83 4823.9 13891.3 9943.99 13877.2 30327.6 51882.2
 11944.2 18883.1 11610.4 18726.5 18009.8 18534.4 11794 10777.1 50177.5 54314.1 12733.4 23635.8 4514.42 30182.6 12139.4 10408.5 4744.01 9430.61 22832.2 17906.1 17352.3 28766.6 9792.45 11550.3 18529.9 9861.73 21212.2 11987.6 9629.73 6851.64 4882.09 13682.5 10120 12219.4 26869 47618.5
 21800.7 21957.1 14089 14926.8 21228.7 20945.2 7142.42 11868.7 45334.9 56423.5 13134.3 23499.8 6652.98 28872.9 11338.5 10317.7 4741.05 8709.27 25774.5 15674.6 18657.3 24098.4 11286.6 12402.6 17268.4 8518.88 25184.4 13173.2 11118.9 6841.43 4944.54 12697.3 11242.2 13462.6 32660.9 36233.3
 15439.9 22915.4 12043.4 14361 28083.9 17090.3 8191.06 9919.39 44135.7 63444.6 9809.71 23836.8 5875.79 31198.4 11356.6 9462.73 4092.15 10282.9 26427.7 15705.9 18245.7 26910.3 10806.1 12466.5 17364 8258.74 27580.8 12210.7 10506.2 7099.06 5054.86 13974 11850.3 14689.5 33117.9 38626.5
 15067.8 22415.7 11177.8 12704.3 28595.6 21895 6357.58 14976.6 43447.9 64612.5 11425.9 25383 6824.92 28630.7 12063.7 8265.86 5003.04 10185.1 26369.6 17865.8 15810.5 28277 11233.1 11945.7 19988.5 7881.89 30138.9 12730.1 10674.6 7103.73 6385.88 13935.5 10568.1 15188.1 33990.3 39031.7
 22902.6 27755.6 11095 11036.9 32232.6 18809.3 9051.46 16418.9 46419.5 60875.7 11861.7 22635.4 8951.01 27244.2 11794.6 8961.2 5644.97 9097.22 27974 15953 17525.1 27331.2 10754.2 11087.8 22167 7908.06 26150.2 14031.1 10734.1 7572.08 5030.33 15391.7 10466 16059.4 30993.8 41770
 34956.3 30104.1 9468.09 12939.9 28386.6 18116.1 9834.44 16028.1 49997.5 60173.6 10970.3 23650.7 7635.86 27171.5 11769.7 10807.6 4607.19 10372.7 24504.1 16970.8 17932.2 27367.3 11211.4 10890.4 23374.5 8300.35 28305.2 14786.9 9841.59 8183.94 4692.24 14801.9 11142.6 17419.6 29996.4 51087.8
 54722 29233 8910.2 16915.1 24810.8 20758.5 8833.55 10116.2 62861.2 52403.6 14476.8 24092.7 7064.44 28794 13602.5 10017.4 4920.12 11207.9 25339.3 17124.9 16901.4 26956.2 10907.4 12087.3 21218 8186.83 28486.8 13710.7 9441.8 8677.7 4465.68 15945.2 9933.88 14659 33256.2 46699.4
 50616 27804.8 10370.1 17624.8 34356 15936.5 8987.35 13842.9 70599.8 54987.1 13566 26076.1 4908.15 30472.5 14082.9 11202.3 6101.22 10475.5 31315.8 16352 17813.9 32554.9 9905.55 12422.3 22110.8 10086.6 28456.9 16497.2 9644.25 7883.96 4767.91 16700.7 10748.2 15904.4 33399.5 44746.3
 14391.9 29178.6 9631.54 15860.2 37216 18409.2 7727.43 19643.6 54824.1 54910.7 12772.8 29418.7 5333.74 28016.8 17042.4 9743.89 5654.91 10463.4 31073.1 15814.9 22306.7 32058.1 9288.58 13493.7 22734 10710.7 28790.8 16930.6 9736.92 8107.15 5088.94 16882.3 10925.5 15524.6 31808.6 42733.1
 11377 23792 10973.7 16362.4 31317.9 18228.1 9735.31 12167.3 48493.7 54927.6 13054.4 31097.7 4934.76 27710.9 15981.9 9120.64 5569.79 9391.34 27903.1 17225.1 21614.7 27513.9 10287.7 12391.1 22580.2 11624.9 25893.7 14682.1 9720.24 7328.02 4097.36 14901.3 10218.9 15366.9 33027.5 44449.2
 14172.6 24305.2 10387.4 12629.2 29509 19398.2 6388.24 13406.5 60048.3 51293 13580.6 30488.2 5217.16 28302.6 15546.6 9225 6274.43 10051.7 27633.5 17762.6 20631.9 29154.7 10333.4 13607.2 20937.9 12338.7 27547.3 14797.5 9062.61 8216.16 3961.28 16303.2 9242.64 15365 36348.4 42021.3
 25833.4 23833.4 10107.9 11400.4 32096.5 17870.7 7715.39 13388.6 55728.8 52061.3 11763.5 32154.8 4897.67 28718.5 15243 9298.96 6902.09 10258.4 28121.9 18116.1 21102.3 27340.1 10342.2 13740.9 20003.7 12065.9 29905.2 14312.4 9795.03 7902.18 3690.64 16379.2 8977.07 16468.4 35572.5 45308.5
