 1.16744 0.618852 0.989272 1.29113 0.987349 0.546657 0.34963 0.305436 1.1792 1.43141 0.376035 0.522157 0.853939 0.675908 0.566377 0.420629 0.786748 1.04579 1.15636 1.41573
 1.23717 0.49992 0.358776 0.607809 0.579501 0.318562 0.320936 0.719272 1.10315 0.868968 0.637334 0.410108 0.293735 0.477069 0.521773 0.703699 2.14288 2.3553 0.709735 1.07795
 1.60545 0.914987 0.307267 0.665556 1.41838 1.24587 0.616753 0.614277 1.02945 0.86312 0.693812 0.545716 0.4454 1.16376 1.44844 0.549709 0.410023 0.697495 1.43269 1.6009
 1.14553 0.587032 0.681609 0.90213 0.811215 0.657541 0.650124 0.859234 0.81357 0.3881 0.383939 0.56291 0.70758 0.769342 0.729065 0.857372 0.803487 0.571103 0.350205 0.958071
 1.17737 0.568922 1.03435 1.80504 1.14583 0.379396 0.429413 0.396614 1.11632 1.51021 0.572766 0.64772 1.14829 1.05194 1.32489 1.33135 0.645748 0.668588 0.972987 1.25453
 1.17995 0.618925 0.572596 0.683027 1.07416 1.23301 0.56914 0.377085 0.413996 0.694285 1.00254 0.984697 0.58636 0.38513 0.400426 0.472742 0.578224 0.642826 0.507803 0.952312
 1.15326 0.805647 0.69701 0.948067 1.11149 0.637873 0.482704 0.734148 1.00987 0.883723 1.14098 1.11594 0.692109 0.685718 0.706877 1.21702 1.69043 1.24355 1.10936 1.23685
 1.01934 0.34441 0.419132 0.738448 0.79451 0.832262 0.888327 0.718028 1.29553 1.42656 0.682678 0.448855 0.42659 0.904305 1.20575 0.826612 0.753791 0.781516 0.719812 0.609961
 0.999261 0.632677 0.989864 0.861672 0.86384 0.724619 0.903576 1.2338 0.922338 0.498728 0.487515 0.507261 0.776722 0.791978 1.15345 1.64165 1.06192 0.441972 0.438665 1.58732
 1.03895 0.310921 0.294684 0.99419 1.34745 0.599981 0.500499 0.718632 0.795383 0.877786 0.74429 0.66925 1.31918 1.59136 0.780124 0.690572 1.04268 1.40778 1.08992 0.397759
 1.21925 0.522249 0.592039 0.744423 0.797041 1.02259 0.703642 0.30983 0.787902 1.23463 0.813826 0.695267 0.999768 0.939939 0.645955 0.443982 0.382459 0.43559 0.546292 1.10724
 1.33521 0.819616 0.576751 0.250689 0.256602 0.74867 1.0873 1.00165 1.09027 0.536418 0.803052 1.10411 0.518905 0.70123 1.42336 1.24178 0.605624 0.757469 0.816711 0.450925
 1.65533 0.707726 0.6486 2.10285 2.45274 0.669959 0.693082 0.98729 0.755714 0.618926 0.740974 0.844146 1.17457 1.81658 1.20435 0.386888 1.27283 1.72833 0.663094 0.345714
 1.84706 4.37583e-06 7.5502e-10 2.4323e-14 6.13646e-18 5.73212e-22 3.07972e-25 1.96668e-29 3.76677e-33 5.21977e-37 4.30926e-41 3.8454e-45 1.88912e-49 2.62049e-53 4.77244e-57 3.24131e-61 5.85199e-65 3.21045e-69 3.2947e-73 6.42565e-77
 1.71748 0.545898 0.722956 1.71589 1.47206 0.865586 1.0041 0.92708 1.1582 1.07598 1.24754 1.07194 0.577962 1.16473 1.1673 0.504232 0.747839 0.991551 0.73515 0.7296
 1.61152 0.301647 0.212432 0.59682 0.743914 1.64946 2.04954 0.600511 0.328978 0.27561 0.559778 1.32192 1.14286 0.334586 0.327135 0.459566 0.465096 0.425443 0.763709 0.940072
 1.60649 0.524779 0.287667 0.335942 0.301412 0.176545 0.262564 0.233755 1.05992 1.7891 0.910649 0.94748 1.01833 0.488172 0.451916 0.691475 0.743817 0.965506 1.55981 1.8196
 1.30544 0.187834 0.152243 0.110038 0.115131 0.57097 1.16829 0.863441 0.315431 0.227451 0.574099 0.678038 0.326349 0.506744 0.754121 0.878465 1.08406 0.851469 0.892348 1.3063
 1.65812 1.09942 0.665118 1.56372 1.60854 0.488802 0.349509 0.597054 0.531132 0.42782 0.654031 0.571961 0.92661 1.23694 1.02863 0.705561 0.539247 0.56624 0.759408 0.829395
 1.11011 0.554303 0.554713 0.528465 0.591172 0.57606 0.56601 0.612983 0.561803 0.406754 0.578464 0.729428 0.759606 0.755555 0.820642 0.898521 0.660909 0.777056 0.885473 0.655782
 1.72864 0.502519 0.581497 0.873512 0.832078 0.568997 0.643043 0.694659 0.620096 1.01323 1.33132 1.17387 0.907795 0.757504 0.828171 0.957519 0.81212 0.96841 1.33175 0.739998
 1.72224 0.437232 0.217068 0.241884 0.311985 0.44762 0.930404 1.78908 1.57243 0.417149 0.158356 0.138963 1.00554 1.62856 0.697043 0.718886 0.857749 0.370941 0.392014 0.868464
 1.37622 0.300645 0.200289 0.521016 0.712009 0.638585 0.93293 1.54358 1.17252 0.46754 0.711752 1.34328 1.1666 0.62929 0.825025 0.817507 1.2395 1.16537 0.559304 0.655525
 1.57685 0.58334 0.320239 0.306965 1.15526 1.65534 0.709374 0.696932 1.00839 1.4618 1.48376 1.01359 0.932803 0.987157 0.870288 1.14272 0.879005 0.74142 1.42962 1.20861
 1.62813 0.273195 0.306653 0.577393 0.815421 0.875235 0.939222 1.46201 1.31745 0.709494 0.593209 1.70522 1.94536 0.493677 0.761406 1.05267 0.574082 0.673954 1.20234 1.22191
 1.17187 0.621977 0.558166 0.65291 1.64083 1.55844 0.531877 0.676707 0.699446 0.692025 0.702869 0.607936 0.464516 0.572455 0.664056 0.48922 0.377895 0.447983 0.654151 1.21328
 1.27426 0.564122 0.413568 0.548468 0.901732 1.17804 0.91899 0.923403 0.959331 0.857081 0.689984 0.828568 1.01216 1.62473 1.84379 0.683649 0.699259 1.5509 1.7554 0.774606
 1.34434 0.848253 0.663964 0.686481 0.986273 0.608647 0.666279 0.861949 1.0825 1.08692 0.860432 0.767105 1.20066 2.10969 1.65615 0.620427 0.65142 0.716475 0.71597 0.784243
 1.50364 0.450177 0.328591 0.294274 0.387779 1.10223 1.24085 1.07244 1.27218 0.433078 0.277926 0.305758 0.339228 0.261646 0.53888 0.72211 0.534309 0.63531 1.15594 2.50567
 1.72316 0.979135 0.581111 0.81789 0.559627 0.549333 0.647298 0.500895 0.396054 0.810929 1.22242 1.02974 1.03058 0.442039 0.289391 0.446316 0.811461 1.44085 1.5287 0.770951
 1.41044 0.738747 0.671045 0.545349 0.520014 0.998872 1.11271 0.981028 1.621 1.91583 1.04016 0.454022 0.477137 0.613482 1.09206 1.18021 0.664587 1.17216 1.69508 0.804389
 1.15038 0.323859 0.261832 0.500411 0.563955 0.439446 0.9469 1.13275 0.67813 0.611205 0.751542 1.03538 0.950951 0.731194 0.964906 0.764664 0.616826 0.698909 0.555709 1.4246
 1.73309 0.92917 0.307509 0.260573 0.23299 0.305892 0.541452 0.494774 0.833381 1.2413 1.10881 1.33162 1.07419 0.985467 1.09183 1.2742 1.15344 0.888309 2.73494 3.35296
 1.36447 0.441996 0.473712 0.879255 1.18603 0.860194 0.56237 0.578536 0.881784 1.0544 1.83612 2.12406 0.562549 0.412051 0.922493 1.12872 0.876007 0.758667 0.852413 0.940395
 1.17769 0.419253 0.546314 0.564349 0.906495 1.41404 1.05377 1.21104 0.881589 0.781187 0.507706 0.722793 1.84287 1.85024 0.599518 1.75456 2.73196 0.536281 1.1481 2.05441
 2.12751 1.77595 0.291727 0.118048 0.09187 0.0941547 0.246955 0.505074 0.642126 0.768875 0.691286 0.796263 1.00991 0.711696 0.696177 0.597378 0.589111 0.919509 0.665235 0.465484
 1.57471 0.865097 0.577525 0.752765 2.00519 2.3819 0.571517 0.271553 0.297446 0.539263 1.44722 1.72075 0.893202 0.728588 0.461566 0.608228 0.465025 0.668859 1.40394 1.13261
 1.18544 0.713422 1.0677 0.911838 0.445746 0.7042 1.67556 1.7958 0.770982 0.552809 1.06768 1.3981 1.57938 1.42607 0.646123 0.511244 0.633141 0.531074 0.453182 0.442586
 1.09171 0.612447 0.518262 0.542395 0.679471 0.978486 0.832914 0.381664 0.216511 0.16668 0.279032 0.572601 0.979123 1.00168 0.727481 1.0104 1.17854 0.587066 0.748323 2.92222
 0.812649 0.624963 1.10473 1.48145 1.14368 0.547355 0.434001 0.493194 0.446398 0.374353 0.53154 0.607739 0.50614 0.682103 0.669117 0.502294 0.729209 0.858132 0.749764 1.03723
 1.36032 0.804634 0.637933 0.48044 0.482924 0.73694 1.23621 1.59619 1.04567 0.522006 0.543643 1.35354 1.51493 0.86032 0.845529 1.15485 1.04075 0.795258 0.748211 0.517615
 1.17084 0.537022 1.3773 1.47369 0.958182 1.19227 0.733005 0.799299 0.677478 0.598067 0.642051 0.596587 0.843591 1.57831 1.61378 0.831717 0.514067 0.461128 0.881932 0.939945
 1.29778 0.407284 1.03182 1.39905 1.00059 1.00379 0.655129 0.842218 1.27055 1.04134 0.668323 0.756986 0.325922 0.908793 1.4354 1.2297 1.23752 0.827008 1.2504 1.6619
 1.77032 1.08014 0.537965 0.378794 0.502747 0.751448 0.871476 0.953395 0.694817 0.671052 0.920426 2.16612 2.57174 0.752021 0.394194 0.589895 0.800852 0.829709 0.479288 0.386606
 1.86626 0.452932 0.440368 0.834016 0.664869 0.911684 1.30655 0.974458 0.658068 0.873102 0.991717 0.689027 0.8897 0.996361 0.778449 1.17383 1.28078 0.576727 0.789885 1.23427
 1.34627 0.341848 0.352828 0.483581 0.393333 0.322934 0.986209 1.5983 1.21868 0.485739 0.488952 0.561119 0.315423 0.50119 0.512999 0.301213 0.313813 0.331324 0.645423 0.751515
 1.42842 0.364689 0.489582 0.629676 0.66692 0.748703 0.968602 0.846893 0.940861 0.947611 0.704085 0.628229 0.746389 0.914769 0.593196 0.960647 1.60677 1.21326 0.659577 0.67662
 1.53653 0.076939 0.193458 0.239965 0.123957 0.25293 0.613719 0.931866 0.785661 0.639571 1.23361 1.53329 0.691964 0.4383 0.625329 0.820934 1.04088 0.719875 0.164239 0.232706
 1.51819 0.483218 0.313171 0.300608 0.433121 0.519803 0.41417 0.640848 0.938296 0.927491 0.657733 0.508444 0.551877 0.551864 1.51491 2.01488 1.04968 0.6609 1.28766 1.54637
 1.85807 0.782768 0.757627 0.726399 0.738862 1.66267 1.6038 0.474443 0.264939 0.706724 1.35522 1.42611 0.943035 0.814114 1.11065 0.950734 0.673576 1.3806 1.53905 0.69214
 1.56962 0.37483 0.573596 0.639315 0.477757 0.977396 1.43694 0.852201 0.563051 0.483881 0.714482 1.53261 1.45654 0.622768 0.546904 0.570976 0.512709 0.404227 0.26979 0.854079
 1.80658 0.30825 0.298974 0.925729 1.1666 0.929768 0.717847 0.335574 0.198339 0.369938 0.556036 1.09335 2.25114 1.93902 0.618219 0.592566 0.906278 0.903753 0.546424 0.543409
 1.45145 0.637986 0.38007 0.288589 0.36615 0.397504 0.695688 0.808801 0.829524 1.18143 0.61296 0.740237 0.850781 0.668279 0.634409 0.916281 1.39688 1.22301 0.997387 0.586964
 1.03518 0.704004 0.744628 0.594941 0.481842 0.742397 1.22038 0.898209 0.337411 0.665787 1.11222 1.1276 0.696885 0.494153 1.29577 3.09118 2.67056 0.651142 0.492626 1.43202
 1.49185 0.728998 0.604094 0.542542 0.332554 0.876896 1.3957 0.872653 0.463176 0.432443 0.46889 0.937893 1.29792 0.945171 0.61131 0.784471 1.05167 1.64249 1.53156 0.69192
 1.43833 0.49209 1.06765 1.67346 1.25847 0.781936 0.94817 1.49739 1.11833 0.475264 0.393699 1.40948 1.89668 0.55317 0.718096 1.95021 1.81936 0.672393 0.589513 0.95589
 1.50791 0.73132 0.752154 1.09389 1.26625 0.617605 0.274273 0.571478 1.05161 0.820309 1.41554 1.90543 1.04344 0.876049 0.724044 0.597835 0.555475 0.319975 0.308237 0.386739
 1.44379 0.288108 0.173656 0.345252 1.6455 2.08837 0.891776 0.604311 1.17194 1.30556 0.7921 0.88574 0.971888 0.845004 0.771709 0.684278 1.08275 1.06059 0.261553 0.319688
 1.34786 0.764303 0.722084 0.565916 0.350435 0.278132 0.44351 0.430032 0.377898 0.329749 0.52635 1.43211 1.58613 0.638879 0.351736 0.475871 0.631836 0.788912 0.760088 0.775142
 1.61983 0.78111 0.576533 0.558038 0.50093 0.735868 1.39342 1.43529 0.690113 1.02765 1.17389 1.23279 1.33067 0.864846 0.761728 0.675558 0.665388 0.668949 1.01845 1.87003
 1.3793 0.690473 0.632067 0.562304 0.918501 0.610042 0.943466 1.19677 0.904275 1.51262 1.22424 0.91812 1.49019 1.44887 0.768281 1.13267 1.21673 2.06187 2.84143 0.917061
 1.17314 0.357184 0.260558 0.469675 0.885822 0.941393 0.497419 0.710365 1.22171 1.22708 0.99149 0.720122 0.455081 0.957913 1.69688 1.52446 1.01791 0.585966 1.15608 1.75128
 1.20277 0.462473 0.524065 1.05841 1.01439 0.287182 0.615906 0.724497 0.337628 0.363902 0.836728 1.29405 1.08103 0.813937 0.737563 2.18302 2.57938 0.694845 0.265686 0.374262
 2.1152 1.3032 0.471404 0.968428 0.811132 1.33162 1.57203 0.737844 0.754757 0.851032 0.690566 1.07356 1.24653 0.67994 0.614068 0.566522 0.89845 1.12172 0.842909 0.481694
 1.1109 0.778468 0.501044 0.635855 1.32951 1.12381 0.796166 1.23651 1.23299 0.845879 0.932245 0.827319 0.817759 1.42159 1.39777 0.996201 1.10095 1.05564 0.836584 0.7194
 1.10015 0.532202 0.598178 0.746311 0.688278 0.539505 0.815759 0.91144 1.48822 1.55938 0.662349 0.732232 1.40772 1.63458 0.83727 0.610792 0.639688 0.493398 0.678565 0.749968
 1.53532 0.763107 0.436945 0.665747 0.868191 0.853809 0.805414 0.89052 0.763388 0.722697 0.761775 0.401538 0.772984 1.283 1.19153 0.652281 1.23848 1.76255 0.88308 0.550121
 1.79482 1.17546 0.440294 0.56071 0.614407 0.864422 0.988209 1.12255 2.07612 1.8258 0.57389 0.75353 1.21022 1.01148 0.526736 0.447671 0.419081 0.536135 0.672828 0.895781
 1.72713 1.08212 0.954161 0.829443 0.869171 0.765591 0.681888 1.07102 1.98564 1.57855 0.398906 0.449254 0.609298 0.675529 0.588594 0.357425 0.272363 0.195642 0.353304 1.39135
 1.52334 0.258258 0.5122 1.01678 1.14075 0.980348 1.15553 1.19791 1.01547 1.57206 1.83091 0.782807 0.379679 1.0141 1.18133 0.77197 0.583009 0.787219 0.900499 0.646719
 1.62596 0.418223 0.770164 1.49509 1.05161 0.860911 1.07087 0.6517 0.625205 1.18616 1.46792 0.760279 0.462461 0.569268 0.547013 0.363955 1.64898 2.27807 0.835817 0.338954
 1.99998 1.01473 0.649412 1.46173 1.23712 0.507453 0.471172 0.518678 0.551418 0.376628 0.380711 0.275817 0.356954 0.679436 1.38369 1.88701 1.39295 0.780784 0.570344 0.470626
 1.36647 0.717894 0.820751 1.26515 1.28532 0.647328 0.636736 0.603955 0.571001 0.759282 0.799766 0.947219 0.953567 0.593434 0.615711 1.4717 1.73075 1.09105 0.868212 0.781267
 1.22538 0.632939 1.14455 1.18131 0.510756 0.51101 0.58659 0.711599 1.04331 0.714955 0.71497 0.985155 1.46622 1.42647 0.794221 1.05821 1.05509 0.417283 0.59248 0.924622
 1.39798 0.441876 0.393506 0.736429 1.59981 1.28789 0.651756 0.590402 0.998822 2.07895 1.62798 0.408733 0.423747 0.662528 0.697572 0.589507 1.1369 1.3383 0.58645 0.827724
 0.963937 0.273325 0.550477 0.636411 0.277996 0.465988 0.981044 0.909743 0.373898 1.10188 1.36544 0.61698 0.664932 0.735055 0.591865 1.17492 1.29488 0.638285 0.379057 0.337846
 1.24055 0.938449 0.797924 0.500393 0.290888 0.302665 0.944814 1.10664 0.715995 0.546246 0.558033 1.00863 1.22427 1.1 1.08702 0.927625 1.7691 2.16364 0.731395 0.827038
 1.03966 0.673212 1.169 1.36323 0.928522 0.525813 0.406107 0.562352 0.641028 0.731695 0.823028 0.584599 0.578969 0.676229 0.667869 0.812463 0.65569 0.616781 0.77159 0.930096
 1.00498 0.58851 0.842295 1.11615 1.7852 1.71102 1.00851 0.677001 0.667038 0.632657 0.873773 1.22592 1.06945 0.790224 0.417262 0.672971 1.01608 0.834615 0.595465 1.01518
 1.70706 1.06896 0.663187 1.22348 1.43285 0.762865 1.12781 1.22795 0.598222 0.435491 2.16283 2.56845 0.81509 0.240535 0.591409 0.719863 0.421598 0.349852 0.502734 0.706667
 0.966451 0.257807 0.231981 0.295669 0.490384 0.689446 0.868593 0.771391 0.590648 0.862671 1.07054 0.782296 0.999841 0.886787 0.404087 0.449412 0.771289 1.23695 1.66434 1.66911
 1.42957 0.583693 0.672395 0.878761 0.609137 0.924641 1.01248 0.46471 1.25321 1.657 0.70126 0.922533 1.41847 0.991724 0.62431 0.590789 0.56096 0.495678 1.17564 1.24584
 1.54769 0.906106 0.53007 0.543674 0.96207 2.0245 1.97613 0.627335 0.455181 0.429844 0.343273 0.498403 0.651807 1.1599 1.33333 0.946766 0.704923 0.522272 0.749468 0.919614
 1.43412 0.739493 1.36124 1.56282 0.591734 0.229351 0.24602 0.506013 0.980553 1.29422 0.727144 0.606373 1.02113 1.28021 0.879284 0.623394 1.10817 1.33031 0.839716 0.901739
 1.79157 0.938717 0.683105 0.613899 0.644058 1.11598 0.753349 0.506795 0.614956 0.824863 1.32332 1.39268 0.767748 0.707857 0.892586 0.868476 0.939877 0.998588 0.555359 0.373441
 1.32648 0.680701 0.778724 0.664864 0.464393 0.369035 0.553964 0.964548 0.96583 0.481586 0.809659 1.14993 0.983596 0.816534 0.845208 1.02904 0.949443 0.977934 1.09955 0.878151
 1.78921 1.15813 0.445825 0.912601 1.4639 0.953479 0.65325 2.12947 2.52684 0.722302 0.331253 0.817656 1.10425 0.937913 0.934536 0.694563 0.938944 2.45083 2.64406 0.764984
 1.11473 1.14241 1.11532 0.708693 1.08678 1.13604 1.98373 2.11167 0.574291 0.294773 0.343397 0.374538 0.580823 0.790192 0.601486 0.681133 0.789711 0.493319 0.731623 0.890403
 1.18134 0.408278 1.12952 1.22944 0.232082 0.38552 1.03558 1.01527 0.744074 0.66917 0.497418 0.473443 0.550874 0.958799 1.01709 0.869695 0.972116 0.817931 0.723794 1.80215
 1.54683 0.886981 0.90719 0.909629 0.777554 0.618559 0.614625 0.817465 0.87588 0.688099 0.435515 0.828008 1.09134 0.72618 0.831757 0.881781 0.843671 0.982291 0.854133 0.515303
 1.42047 0.519293 0.300688 0.380496 0.643683 0.830893 0.67026 0.485834 0.768915 1.01772 1.00185 0.800453 0.614708 0.937848 1.08765 0.789566 0.945659 1.06956 0.709617 0.801975
 1.77034 0.556085 0.37448 0.703332 1.05909 0.788667 1.12593 1.26416 0.71038 0.608746 0.9505 1.09114 0.693673 0.530927 0.543376 0.90574 1.5717 1.15727 0.756602 0.959025
 1.41941 1.46858 1.66649 0.596417 1.04186 1.3456 0.474072 0.308151 0.939511 1.26526 0.697945 0.549956 0.56589 0.855237 0.694449 1.09943 1.61637 0.968793 1.26009 1.49865
 1.26343 0.623405 1.14512 1.27137 0.58357 0.652526 0.752121 0.468281 0.315114 0.492675 0.905196 1.0388 0.953452 0.846557 0.785646 1.33678 1.59032 0.990939 0.276619 0.332827
 1.12231 0.960456 0.839049 0.633171 0.720071 0.61371 0.609825 0.6123 0.675249 1.1105 1.2977 1.24338 0.896505 0.848633 0.860802 0.645487 0.924279 1.05147 0.714324 0.608156
 1.54666 1.28524 0.323893 0.166843 0.34493 1.12485 1.48385 0.859121 0.538995 0.695118 1.20963 1.21065 0.879779 0.579712 1.91016 2.77071 1.04608 0.519737 0.660779 1.26339
 0.984147 1.40366 2.06558 0.640303 0.38785 0.517231 2.00441 2.9964 0.690316 0.27915 0.596325 0.676603 0.448229 0.895336 1.17852 1.10825 1.13876 0.580407 0.535081 0.427618
 0.841608 0.533224 0.985544 1.03619 0.318098 0.321709 0.539252 1.1023 1.34511 0.5173 0.943551 1.58424 0.884623 1.35052 2.12443 0.960259 1.20307 2.02423 1.03536 0.877981
 1.23194 0.802798 0.780036 1.15145 0.859465 0.674173 1.24993 1.33741 0.59363 0.582191 0.660738 0.420285 0.477713 1.05781 1.35793 0.581411 0.382706 0.908402 1.33729 1.00185
 1.38748 1.06535 1.14364 1.14352 1.07682 1.08377 0.575228 0.662916 0.617546 0.970386 1.24703 0.781372 0.35755 0.618482 0.927811 0.936299 1.15659 1.51117 0.919652 0.314753
 1.52121 0.96208 0.755572 0.512911 1.2718 1.55257 0.467554 0.313845 0.314492 0.292761 0.249339 0.342467 0.771007 1.31873 1.35243 1.13758 0.960881 0.508879 0.735985 1.02433
 1.73072 0.675169 0.671736 1.76395 2.74839 1.26556 0.472742 0.789708 1.2783 0.8611 0.346792 0.836379 1.45863 0.744281 0.324511 0.339642 0.821809 1.14776 0.971178 1.18932
 1.22899 0.554605 0.483549 0.407748 0.518263 0.74791 0.709178 0.922236 1.08655 0.80785 0.678959 0.918265 0.946289 1.31946 1.09388 0.538093 0.627894 0.582777 0.24398 0.300526
 1.06509 0.45906 0.430789 0.333117 0.371294 0.373924 0.174066 0.29253 0.818743 2.02463 2.17101 0.662075 0.608253 0.870092 0.546572 0.531283 0.714863 0.752907 0.705777 1.06595
 1.36634 0.686713 0.53596 0.974337 1.50271 1.17535 1.03444 1.46518 1.66956 0.861653 0.483206 0.58982 0.812097 0.610586 0.422417 0.365235 0.524229 0.901957 1.27709 0.991596
 1.1473 0.538985 0.555531 1.0108 1.09608 0.920196 1.19506 0.941595 0.41261 0.39004 0.594645 0.672071 0.585381 1.19915 1.56234 0.629695 0.386394 0.447459 0.820768 1.23652
 1.49862 0.951827 0.463079 0.83862 1.03969 0.652208 1.12715 1.66663 1.37303 0.70252 0.88411 1.0442 0.75504 1.15488 1.85895 1.12771 0.631281 0.843499 1.20781 1.46151
 0.803858 0.770867 0.822713 0.624922 0.80527 0.910599 0.549907 0.816607 0.932548 0.445726 0.641703 1.5314 1.59094 0.859975 0.990583 0.902957 0.483924 0.450676 0.890374 0.943014
 1.14982 0.749361 0.831379 0.992819 0.980325 0.651842 1.51577 1.80837 0.52016 0.233684 0.523487 0.804352 0.813511 0.912328 0.927702 0.937817 0.936555 0.67302 0.555048 0.816677
 1.53315 0.672295 0.3568 0.671083 0.811462 1.09566 1.16114 0.912023 0.858852 0.787075 0.930211 1.27233 1.29389 1.04508 2.02782 2.24856 0.64888 0.688868 0.902202 0.708218
 1.43011 0.66464 0.290789 0.35445 0.526423 0.702791 1.11357 0.979962 0.62784 0.681353 0.649808 0.858669 1.17494 1.02958 0.860853 1.22454 1.42421 0.905197 0.901276 1.2724
 1.53844 0.456854 0.405246 0.522346 0.379601 0.485402 0.545754 0.652482 0.924847 1.16105 1.18006 0.606679 0.577808 0.95486 1.06217 0.794325 0.64349 0.593971 0.59129 1.05386
 1.40538 0.795149 0.29613 0.239142 0.228419 0.441316 0.610768 1.30321 1.35135 0.414703 0.523293 1.12867 1.34809 0.863551 0.473175 0.54534 1.38502 1.60637 0.596642 0.360717
 1.61534 1.36853 0.87525 0.423902 0.430256 0.652014 0.809731 0.556186 0.348548 0.288466 1.11876 1.72386 0.95608 0.389531 0.167675 0.395307 1.72571 2.30447 1.14614 0.718394
 1.49193 0.966313 0.928207 0.685459 0.554614 0.466045 0.798726 1.25461 0.777596 0.405864 0.473554 0.438291 0.449211 0.648837 0.971458 0.974261 1.49158 1.59497 0.616754 0.601158
 1.25118 0.601523 0.569357 0.675447 0.803066 1.41005 1.39144 0.701654 0.704509 0.302187 0.172998 0.287764 0.493934 0.597918 0.705187 1.2019 1.66645 1.52642 0.878151 0.612593
 1.40822 0.775825 0.709346 0.660273 0.549282 0.70652 1.2439 1.10784 0.695975 0.846981 1.01017 1.03189 0.5917 0.313061 0.336523 0.621381 0.828846 0.617578 0.44266 1.04808
 1.07311 0.589467 0.557345 0.927739 1.12168 0.533192 1.00708 1.193 0.445575 0.521499 1.50232 1.89454 0.850272 0.404947 0.989096 1.28207 0.663177 0.491394 0.727151 1.04171
 1.42407 0.906771 0.588159 0.341019 0.227544 0.193855 0.447396 0.556671 0.258393 0.114419 0.223538 0.448791 0.553932 1.03503 1.19909 0.518749 0.52156 0.928299 1.53155 1.90661
 1.45093 0.69952 0.341085 0.629304 1.94224 2.27841 0.844278 1.26785 1.59935 0.465186 0.180713 0.218933 0.352718 0.357151 0.489212 0.9896 1.606 1.33424 0.558961 0.718048
 0.970316 0.733775 1.33948 0.896974 0.309336 0.450273 0.60564 0.880439 1.00022 1.4934 1.30582 0.425271 0.745809 1.10545 0.695307 0.331597 0.582564 0.825665 0.561788 0.646927
 0.852863 0.247333 0.457184 0.746595 0.616813 0.74454 0.968353 0.87578 0.60774 0.874964 1.03755 0.545286 0.410291 0.416701 0.651937 2.14141 2.21266 0.557011 0.4469 0.785708
 1.05486 0.88764 0.703719 0.867791 0.943519 0.595439 0.876166 0.919732 0.453153 0.334876 0.682115 1.13002 1.1161 0.676829 0.474307 0.590191 0.953312 0.886229 0.896322 1.23304
 1.40633 0.89281 0.826367 0.872181 0.673081 0.769891 1.03319 0.994686 1.25325 1.22726 1.09789 1.58923 1.66666 1.03731 0.325074 0.756493 1.37866 0.985861 0.537962 0.796674
 0.990223 0.420142 0.360009 0.484715 0.607444 0.915837 1.42318 1.01173 0.656181 0.773924 0.96342 1.10956 1.43879 1.35234 0.636064 0.513793 0.802476 1.12397 1.17135 1.04154
 1.25533 0.509964 0.664542 0.543353 0.5742 0.750586 0.698702 0.646623 0.633262 1.95324 2.10582 0.751978 1.04153 1.08121 0.948205 1.08532 1.34047 1.36622 0.81738 0.99919
 1.07534 1.08012 1.25809 1.65702 1.5223 0.663876 0.424915 0.959783 1.48897 2.65423 2.21531 0.465389 0.36293 0.851598 1.14019 1.05384 1.19304 0.943381 0.831508 1.24741
 0.530677 0.627545 0.910053 0.57011 0.655522 0.784732 0.900795 0.781724 0.857365 0.758916 1.47931 1.70958 0.802298 0.798194 0.751402 0.467344 0.417279 1.02648 1.78259 1.4882
 1.50025 1.03184 0.50563 0.391174 0.222509 0.413686 0.75809 0.771018 0.824479 0.50605 0.372539 0.341742 0.415779 1.15641 1.19934 0.55025 0.973535 1.00926 0.421745 1.1764
 0.981519 0.386367 1.02828 1.11776 0.726346 0.706541 0.721024 1.03768 0.816814 0.998281 1.24378 1.17052 0.720132 0.398082 0.381976 0.232032 0.423275 0.729314 0.71082 0.695698
 1.01259 0.276286 0.257218 0.384476 0.483415 1.17158 1.23594 0.436783 0.533677 0.678142 0.562026 0.469313 1.47148 1.95627 0.759606 0.630099 0.956695 0.736091 0.486776 0.62365
 1.00115 0.574998 0.554426 0.67061 0.786548 0.794491 0.837647 0.618903 0.427055 0.681829 0.711264 0.645633 0.896765 1.14726 0.906783 0.313545 0.220991 0.397992 0.628666 0.721197
 1.26292 0.396851 0.472024 0.623027 0.98646 1.72021 1.12558 0.557275 1.39236 1.32727 0.4841 0.431468 0.7147 1.00006 1.10659 1.11478 1.40582 1.24727 0.635778 0.447193
 1.238 0.257226 0.333721 0.374594 0.357622 0.449144 1.09114 1.23202 0.339802 0.604209 1.01477 1.03018 0.967773 0.653201 0.471459 0.5867 0.978694 0.979722 0.498304 0.470445
 1.16213 0.659975 1.26698 1.83352 0.913137 0.57485 0.627847 0.550454 0.471317 1.09013 1.57034 0.767172 0.455874 1.08896 1.25797 0.820348 0.894509 1.05465 1.50151 1.16974
 1.16515 1.43178 1.48729 0.464866 0.672663 0.959075 0.910615 0.606897 0.942738 1.16814 0.773589 0.876621 1.13733 1.07044 0.590797 0.53324 0.986728 0.986103 0.978894 0.891752
 1.50372 0.56836 0.598339 1.20877 1.13303 0.67596 1.44334 1.79315 0.795714 0.458594 0.811321 0.806571 0.986781 0.837299 0.562483 0.908423 0.831656 0.617395 1.18929 1.12026
 1.39074 0.553546 0.663492 0.866122 0.811724 0.94141 1.00037 1.1238 0.82645 0.289181 0.645981 0.827131 0.713851 0.965902 1.20223 0.993994 0.669582 0.422445 0.786395 0.917
 1.35473 0.638494 0.741964 0.667307 0.584932 0.604691 0.72025 0.660988 1.15579 1.08176 0.612696 0.690759 0.762002 0.753134 1.15755 1.01162 1.18477 0.970702 0.632381 0.924241
 1.0709 0.403218 0.230787 0.564659 1.32713 1.04777 1.02425 0.807078 1.35944 1.24019 0.343327 0.454944 0.747353 0.967276 0.92102 0.68592 0.559066 2.49143 2.61139 0.703413
 1.18956 0.397788 0.577512 1.48804 1.20028 0.637014 0.605321 0.837459 0.867954 0.937761 1.54969 1.20758 0.549977 0.415226 0.549015 2.24626 2.29929 0.548036 0.350767 1.0876
 1.76239 1.23425 0.792 0.881561 0.856854 0.776714 0.812193 1.51686 1.33409 0.524903 0.697491 1.21327 0.94141 0.792968 0.809617 0.690844 0.430302 0.759125 0.984114 0.939036
 1.63712 0.908313 0.96188 1.13214 0.891576 0.679587 0.607637 0.42228 0.605373 0.697089 0.405887 0.724397 1.29128 1.66269 1.27809 0.994433 0.859563 0.540694 0.612136 0.748326
 1.47926 0.747405 0.641493 1.79692 1.68648 0.681727 1.81475 2.21021 0.924721 0.429782 0.446384 1.2099 1.69743 1.08746 0.840093 0.644915 0.426664 0.675992 1.73376 1.75984
 1.76937 0.710781 1.12715 1.60697 1.26009 1.04255 0.929707 0.709197 0.872759 1.21575 0.697374 0.542728 1.32369 1.64037 0.775695 0.563764 0.512662 0.687132 0.86862 1.0013
 1.90517 0.44766 0.162298 0.311868 0.572153 1.14614 1.16882 0.69768 0.54439 0.296013 0.271115 0.507198 0.876807 0.810476 0.680508 0.921698 0.974157 0.539828 0.760742 0.971356
 1.74428 0.821448 0.475627 0.879433 1.01473 0.548314 0.522054 0.601592 0.695671 0.858802 0.907452 0.881072 1.34252 1.60354 0.752148 0.685458 1.59644 1.99996 0.735747 0.449114
 1.51117 0.427906 0.381251 0.728938 1.03459 1.36493 1.17272 0.718341 0.79964 0.604189 0.587888 0.525123 1.71838 2.39865 0.623542 0.225851 0.398363 0.619015 1.90222 2.33277
 1.60639 0.506962 0.412198 0.707117 0.866656 0.806974 0.783568 1.79732 1.82287 0.370095 0.138525 0.348539 0.7844 0.955648 0.918413 1.14485 0.833003 0.443792 0.603751 0.828027
 1.55354 0.357455 0.708813 1.15356 0.681578 0.889114 1.00135 0.478159 0.330389 0.602205 0.709769 0.611143 0.849148 2.05843 2.25851 0.569319 0.338781 0.858654 1.06994 0.568134
 1.5061 0.267032 0.429071 0.596204 0.455777 1.17321 1.64727 0.954235 0.981478 1.56828 1.95466 1.61757 0.659448 0.617165 1.24879 1.7054 1.14946 0.720039 0.818451 0.847658
 1.28852 0.645275 0.340211 0.555714 0.798573 1.15858 1.46254 0.755527 0.354965 0.619503 1.06249 0.820889 0.38956 0.72389 0.89324 0.481216 0.479127 0.550624 0.418951 0.421977
 1.20259 0.53678 0.431306 0.326958 0.775823 1.08227 0.654976 1.22705 1.84208 1.08524 1.09314 1.09486 0.409801 0.437201 0.903124 1.4214 1.1225 1.2216 1.29042 0.490142
 1.01696 0.227771 0.155181 0.125601 0.245153 0.93892 1.27454 0.927074 0.752412 0.554553 0.578877 0.715284 1.43869 1.89449 0.987312 0.549273 0.501159 0.884563 1.05405 0.60084
 1.66694 0.709913 0.370762 0.5753 0.814858 0.620391 0.385402 0.461855 0.591041 0.810485 1.34936 1.01736 1.02159 1.33681 1.01083 0.877502 1.00381 1.53958 1.4553 0.540594
 1.57395 0.35509 0.380567 0.816363 1.04236 0.746821 0.43027 0.382526 0.818644 1.21089 0.744472 0.449163 0.890073 1.34897 0.9461 0.693289 1.97073 2.2244 0.789123 0.514701
 1.48679 0.645976 0.577744 1.27604 1.4393 0.477916 0.358549 0.726988 0.851308 0.652364 0.558926 0.904689 1.20663 0.893111 0.713581 1.26135 1.76045 1.09486 0.454888 0.46438
 1.16116 0.589209 0.884835 1.46908 1.43056 0.8891 1.12127 0.923482 0.904893 0.80639 0.34928 0.446888 0.739399 0.681765 0.438976 0.540613 0.587125 0.989716 1.01143 0.56923
 1.24073 0.246393 0.268936 0.325537 0.533677 0.697572 0.842874 0.836617 0.750728 0.906219 0.913235 0.741796 0.390162 0.442838 0.977034 0.989466 0.616637 0.612582 0.701198 1.38875
 1.39332 0.643713 0.803697 1.2091 0.759157 0.779361 0.922615 0.86325 0.774697 1.60554 1.7797 0.543041 0.250168 0.425283 0.510478 1.13946 1.40092 0.586467 0.413867 0.68057
 1.09876 0.549308 0.275367 0.319026 0.465061 0.687652 0.576489 0.253443 1.35251 1.78322 0.559138 0.383812 0.413266 0.378284 0.636224 0.60433 0.338276 0.388161 0.435591 0.604576
 1.19717 0.624907 0.789033 1.08402 1.448 1.28724 0.54864 0.537913 0.628803 0.515807 0.85921 1.32192 0.748292 0.505049 0.808707 0.855175 0.681834 0.70451 0.879388 0.59898
 0.919938 0.561978 0.420664 0.575828 0.977071 1.02083 0.67146 0.604406 0.573705 0.571825 1.14018 1.25037 0.69334 0.352312 0.157753 0.382007 0.555128 0.365023 0.354965 0.385659
 1.44879 1.02582 1.13847 1.38422 0.328476 0.143401 0.172501 0.172421 0.345657 0.907708 1.0818 0.727625 0.586049 0.501869 0.703761 0.555371 1.08125 1.22932 0.433399 0.419972
 1.03406 0.854812 0.85327 0.649106 0.990772 0.933968 1.04484 1.02934 0.557298 0.386912 0.712873 1.32961 1.28662 0.929308 0.687085 0.91913 1.26152 0.930048 0.763419 0.969524
 1.02199 0.740044 0.753743 0.576406 0.4894 1.18811 1.53884 0.639771 0.822128 1.19038 0.851211 0.352578 0.180116 0.27492 0.492819 0.585629 0.77456 0.716221 0.46274 1.19925
 0.9865 1.26844 1.15114 0.611509 1.11462 0.999901 0.714181 0.632547 0.526143 0.98182 1.21567 0.75449 0.644134 0.516551 0.67283 1.03701 1.18134 0.99991 0.483304 0.334717
 1.1186 1.0043 1.01463 1.04166 0.994851 0.492034 0.360749 0.304841 0.759188 0.992868 0.947844 0.981426 0.56145 0.741499 0.861558 0.95024 1.64565 1.46659 0.781815 0.508985
 1.06923 0.624107 1.02145 1.32894 0.697714 0.873116 2.18274 2.05542 0.539807 0.422521 0.627058 0.961692 1.10142 0.739828 0.696183 1.39737 1.35106 0.66273 1.59521 1.85506
 0.757489 0.363659 0.655502 0.540152 0.381013 0.891254 1.45867 0.98298 0.589895 0.501991 0.323992 0.578596 0.852959 1.02237 0.91339 1.31065 1.47746 0.893419 1.01342 0.86442
 1.32159 0.858318 0.452995 0.457883 0.741172 0.558688 0.324083 0.3597 0.352085 0.693314 1.4391 1.35562 0.582745 0.663326 0.84678 0.554369 0.252826 0.366334 0.536295 0.692331
 0.904629 0.419742 0.488042 0.374222 0.863394 1.10056 0.601001 0.709609 1.01055 0.690646 1.03987 1.22968 0.630969 0.562988 0.764235 1.04297 0.945628 0.511152 0.756527 1.2214
 1.33257 1.29084 1.11237 0.697439 0.50724 0.427985 0.387616 0.902896 1.27752 0.898808 0.328674 0.320828 0.740419 0.782049 0.628818 0.448303 0.756247 1.00775 0.764563 0.782836
 1.05004 0.529411 0.54236 0.611543 1.01684 1.19854 1.27447 1.22297 0.897246 0.913953 0.701322 0.522099 0.526748 1.37576 1.66441 0.671169 0.494739 0.57762 0.607082 0.843876
 1.11013 0.871421 0.479972 0.199124 0.227289 0.232425 0.259775 0.674312 0.908838 0.512708 0.436294 0.760339 1.06386 0.930938 1.11001 1.36768 1.12911 0.72101 0.778124 0.894856
 1.03851 0.334609 0.782563 1.10081 0.643735 0.627364 1.46011 1.47989 0.797125 0.427107 0.317023 0.298988 0.211738 0.276161 0.546786 1.1493 1.05357 0.86486 1.37423 1.467
 1.05784 0.821373 0.625418 0.367364 0.628219 0.735935 0.911388 0.860628 0.663639 1.00399 1.12586 0.963241 1.03634 0.864037 1.40572 2.00968 1.04599 0.503204 0.714555 0.87087
 0.844588 0.28962 0.233378 0.765744 1.1533 0.779771 0.551216 0.42697 0.305303 1.65407 2.10115 0.686068 0.373188 0.555474 0.80651 0.768587 0.630688 1.05909 1.07594 0.588925
 0.97263 0.297946 0.331075 0.650264 0.699734 0.592119 0.617827 0.6268 0.51394 0.675934 1.07715 0.888343 1.10515 1.02489 0.382225 0.598617 1.18839 1.56441 0.960448 0.476852
 1.45315 0.326619 0.437848 0.563359 0.875299 0.717077 0.573242 0.80456 0.594588 0.438532 0.471482 0.568744 0.609484 1.23593 1.20797 0.475545 1.61926 1.63661 1.06792 1.61646
 1.20794 0.368585 0.424128 0.593256 0.728718 0.825967 1.30972 2.16861 1.65966 0.788377 0.384322 0.498217 0.785892 1.05623 1.03176 0.584596 0.478757 0.601466 1.47753 1.90401
 1.05439 0.44915 1.09983 1.55077 1.37338 0.924605 0.638028 0.810734 0.855689 0.676665 0.932182 0.913429 0.733525 0.767841 0.460179 0.747447 1.82129 1.63913 0.440952 0.549654
 1.2527 0.460539 0.268206 0.322132 0.47804 0.46435 1.08281 1.26943 0.821641 1.17489 1.37774 1.4102 0.970407 0.694164 1.57236 1.46208 0.770678 0.76561 0.948115 1.36973
 1.31451 0.551707 0.471406 0.612051 0.737567 0.985352 1.05935 0.623193 0.80368 0.825001 0.710138 1.2811 1.34553 1.17833 0.963599 0.768619 0.793748 0.918491 0.748522 0.804924
 1.20702 0.297867 0.195614 0.293676 0.311009 0.512802 1.4194 1.8961 1.03298 0.302617 0.41836 1.03402 1.14512 0.605262 0.425706 0.791257 0.719089 0.97295 1.16776 0.664267
 1.34225 0.476429 0.536216 0.792155 1.219 1.05634 1.00908 0.878647 0.526793 0.911516 0.893548 0.377235 0.285955 0.323397 0.38262 0.752844 1.10521 1.11775 0.657626 0.822185
 1.72476 0.874209 0.359691 0.677776 1.51208 1.63576 0.482938 0.153536 0.216872 0.297251 0.380525 0.45765 1.23626 1.68258 0.681772 0.478019 0.469986 0.595312 0.776173 1.05856
 1.59171 0.494184 0.492327 0.766742 0.737602 0.395263 0.590156 1.15057 1.35976 0.80284 0.55928 0.92326 1.1844 1.00992 0.848532 0.823632 0.775164 1.05183 1.16432 0.889791
 1.40475 0.381857 0.348663 0.783261 1.48502 1.11415 0.507339 0.88443 1.4546 1.23949 0.624081 0.908326 1.15318 0.619796 0.632463 1.32588 1.40753 0.364333 0.292336 0.557976
 1.56943 0.93535 0.782827 1.31899 1.43267 0.981558 0.482036 0.812118 1.0094 0.884569 0.656414 0.760752 1.12008 1.11928 0.797045 0.531842 0.600375 0.761 1.10915 0.80394
 1.27958 0.777863 1.24125 1.23373 0.581348 0.416179 0.86196 1.15052 1.02564 0.803681 1.36538 1.58023 0.658974 0.284874 0.369806 0.448435 0.819363 1.12128 0.791653 0.607624
 1.31939 0.704673 0.472415 0.295825 0.555413 0.82775 0.599297 0.471011 0.540256 0.527149 0.561356 0.6841 0.799112 0.864649 1.24725 1.50888 1.0438 1.25776 1.63557 0.799229
 1.81944 1.33064 0.716274 0.415333 0.837242 1.11392 1.18542 1.08065 0.357492 0.419478 0.620929 0.860874 0.895203 0.581106 0.531797 1.03032 1.11578 0.633671 0.489461 0.576666
 1.36877 1.0403 1.11024 0.788514 0.569912 0.40523 0.68962 0.983173 1.0392 1.06805 0.885755 0.74891 0.871379 2.29983 2.30547 0.557269 0.45174 1.08569 1.36173 1.01786
 1.2784 0.400902 0.609672 1.23167 1.43388 0.838171 0.626436 0.937401 1.08581 1.00629 1.76164 1.81424 0.717793 0.631915 1.0183 1.01517 0.690793 0.554004 0.610663 0.512456
 1.3281 0.834113 0.632637 0.526955 0.774391 0.61411 0.626777 0.866579 0.768428 1.3106 1.44425 1.00742 0.866667 0.61579 0.744271 0.914785 0.773338 0.978867 0.861963 0.564128
 1.34837 1.17076 0.891973 0.577135 1.02105 1.47889 1.16074 1.07366 1.96758 1.79962 0.589781 0.444025 0.791235 1.14075 0.897354 0.717951 0.724327 0.624313 0.84415 1.03968
 1.30701 0.366504 0.283896 0.55863 1.03931 1.07435 0.619026 0.806215 1.03224 0.985029 0.864059 0.394239 0.718334 1.08586 1.03453 1.06618 0.855373 0.849921 0.923616 0.954036
 1.47682 0.644468 0.795513 1.05301 0.507939 0.68716 0.773475 0.377288 0.375369 0.59958 1.09707 1.0613 0.776511 1.13807 0.984203 0.578799 0.773709 0.786708 0.851988 0.718305
 1.28306 0.485976 1.07954 1.33118 0.411618 0.706409 1.09176 1.0243 0.88968 0.78508 1.06403 1.12707 0.962563 0.72511 0.584855 0.417814 0.334292 0.891365 1.43692 0.948091
