 224139 200699 182185 268188 225315 144975 157795 425147 431962 317307 275779 214794 196314 259382 375238 360064 332849 318017 309002 364468
 224139 174953 272444 183601 134207 139741 173900 156790 167326 332283 247110 201783 224518 178733 163601 183893 181987 196208 306488 308355
 224139 158265 130553 290764 386781 399408 412473 319988 266378 286590 213571 288850 281727 452050 434504 285121 239191 225549 236679 234556
 224139 256894 217810 368214 183352 181102 201821 153241 258912 150529 144602 235002 223559 256091 291689 401856 346732 265298 438207 431590
 224139 334482 264493 208031 227258 166290 148251 154062 183148 167211 155149 254473 316139 234768 221826 233259 242836 218783 102684 139113
 224139 299785 263838 350673 356202 247380 210288 272677 197470 204637 250257 238366 246479 246515 253107 209782 200079 322656 322294 294212
 224139 170631 207637 178295 226716 191185 109155 202829 378815 233343 324647 135617 225660 184069 151660 175449 123366 135860 147806 171506
 224139 225620 256177 374880 251859 255157 244314 395968 371996 391026 468629 559300 511791 354708 399406 359494 217280 254055 206503 560744
 224139 411334 499874 320101 236697 213313 201626 170784 254125 417062 340535 211943 139779 263174 261102 246081 193922 232242 211214 253871
 224139 278736 365279 389499 302261 324575 252192 310619 346658 235848 178728 159677 155000 135773 120757 120281 97300.7 94940.5 144399 197465
 224139 202565 165375 161482 189701 184974 236953 197576 216210 230399 190283 173381 168502 238917 342883 236120 335864 274196 222903 153017
 224139 165214 143414 296475 167516 208104 247343 202084 258793 202134 197068 125608 88308.4 100577 71713.2 56038.7 97515.4 107488 116710 106367
 224139 189207 161727 143082 181655 150227 138643 190460 333836 494459 270848 257338 249216 181674 346758 292957 143045 206317 175849 149146
 224139 174517 183624 214027 245490 217179 211654 224241 185841 245116 275267 572755 450379 386830 339022 275343 221708 233024 173500 126823
 224139 214909 211028 309956 304835 460744 371860 278875 306720 288275 279930 226366 263866 239119 238378 213085 283785 268174 251534 188548
 224139 284635 461012 354640 268077 149269 103670 161206 247667 192947 316568 323257 282546 457037 435433 325147 263826 243039 261363 227473
 224139 206886 359974 313008 240237 500400 432917 385950 417251 323018 197422 289759 332204 218300 246286 214643 205518 191756 224049 249380
 224139 252310 236847 115322 128014 146482 202957 221166 248318 152360 163717 139058 206089 316544 280007 248333 221596 187556 217091 168607
 224139 282899 198002 241813 159315 261316 258662 254028 205857 218520 312325 179191 282428 655621 334064 229230 153835 204118 267766 260912
 224139 210014 199335 137462 129510 222400 293974 222465 159187 203256 261890 421274 378201 299854 315711 260794 213896 245091 249655 250172
 224139 131653 128225 202382 237477 320264 236916 257107 208606 223171 184813 173983 144289 131981 90956.9 139644 280794 331872 337009 404446
 224139 263309 411219 509621 399113 239006 257560 290113 270580 186597 293460 244446 359548 436120 349670 318061 286251 280248 181642 198310
 224139 238406 398639 252937 341072 316172 232428 284185 220886 209632 162097 130943 122551 161311 170963 205913 173580 152357 227777 270178
 224139 271042 216199 251437 315754 198754 176443 178344 204029 143858 210615 150824 197066 174891 214481 207555 223081 195414 351988 336133
 224139 234293 217583 436661 339221 277610 347567 338879 318317 285031 266779 291360 193011 230632 303247 316171 393421 334955 214727 321965
 224139 200554 135982 131197 170237 156384 121212 180935 233178 199635 137643 179571 251530 311593 332670 297946 236764 191865 166777 161775
 224139 247195 291606 161299 235577 152645 212480 242139 214262 142102 175379 181828 144560 305662 260282 218075 160106 175543 173118 152119
 224139 208825 172801 167462 283073 193809 184073 173581 344325 253867 346597 299550 253838 250565 240863 218218 162666 206436 306013 321793
 224139 160378 258379 247707 274981 225536 202524 312043 239457 193496 198133 221940 200016 221042 163698 206302 185324 257809 271149 199088
 224139 369762 349867 283059 229438 174715 205382 128435 156765 187979 143629 211096 138139 229498 331038 246808 263770 250842 107016 185387
 224139 277747 451034 445203 321221 284828 427013 253725 261992 434084 356053 285813 286793 372563 272667 335394 373711 300818 343244 240370
 224139 185204 145267 153235 129444 120429 159562 159390 138578 181839 131985 185052 213752 185809 194254 184017 144213 130877 239225 163096
 224139 194426 204068 201031 124019 311089 224248 180698 161164 136075 155967 198111 289406 309835 378094 301908 321123 298506 255929 167213
 224139 295483 253925 164840 141604 146813 119152 95348.8 134678 125416 132341 195543 166113 424722 288491 256483 225486 178731 263063 252091
 224139 147943 240456 172601 187414 212536 229209 179111 206478 179503 139065 168508 149833 219014 261497 227211 190729 178226 151309 98029.8
 224139 196253 255949 273375 288499 274719 258019 324133 386157 261621 236657 297984 334643 351577 240806 214768 304980 163333 119415 199041
 224139 202909 392289 359778 347119 339167 424712 437108 387256 275927 285257 284377 449092 384150 302049 235385 208819 137432 187389 169459
 224139 367019 273897 237150 212538 220961 389083 514875 492341 321936 325906 208818 165607 162360 197704 232312 159708 239938 158470 281847
 224139 189589 222227 196311 181965 143937 132868 90579.5 188548 129962 192537 139914 132352 229159 219370 184368 183770 158233 138838 146320
 224139 233101 352746 377154 227284 192693 185568 187331 203762 156057 213828 175269 175460 229408 220496 252786 183801 204423 320091 537031
 224139 158371 232039 181351 168759 297360 284245 172518 179403 179608 152820 162318 257177 195993 161611 114360 89481.4 67655.8 99377.8 174971
 224139 284071 325228 333847 225531 219738 250284 232468 190318 311212 305071 283605 243338 169765 265883 213896 200715 445157 353672 269316
 224139 265876 161986 255498 225557 200318 228009 179347 218689 181230 503665 397517 396456 290440 223060 181854 137900 154793 134006 135200
 224139 195177 218035 268584 212467 311169 144740 190838 176203 332298 287895 278321 234962 287233 346927 297001 244376 242327 253543 247605
 224139 234308 328115 231116 254525 259786 186618 147648 117719 224889 238992 294177 280776 271724 329064 235596 248535 217312 277293 202381
 224139 260512 238426 260238 258613 195270 202250 148304 156834 108078 178055 260952 222661 265738 204631 275131 190057 280840 286628 195083
 224139 239374 188995 335520 253734 251115 237707 164357 272833 242533 204028 337423 399619 353961 286321 229445 302050 302870 170432 191349
 224139 207509 198928 304718 287993 325278 300515 196034 258294 217392 172850 170439 221450 194682 187686 252901 139657 165029 136027 195425
 224139 177373 241191 296169 318915 292544 262468 188370 338882 292938 264802 226387 152113 148153 122187 262462 274611 395768 316392 287098
 224139 209377 244238 217076 392315 317540 276296 217925 382878 294192 218029 199361 133808 130074 166932 144118 231887 216169 302939 301275
 224139 192916 180465 159993 182881 180124 375931 298356 247321 294748 280028 226287 272358 320636 325084 244428 221433 302862 359632 308365
 224139 191051 177003 140655 281214 349018 219628 383500 302974 240113 244644 211018 296134 268003 195242 154624 175080 117426 97752.1 139845
 224139 178031 178500 191357 143901 213798 226515 163070 191305 203402 215611 293727 226194 178562 165709 157565 202450 186887 190368 185721
 224139 174933 119087 130258 203323 306750 243487 203910 292047 233083 233295 229871 195721 212165 213891 210935 248248 227772 204856 205383
 224139 265737 134705 139135 154418 159084 210714 218311 205658 239540 273859 181094 211069 191652 230428 308502 239448 295585 192659 172221
 224139 281999 239177 288567 375889 251884 247422 217405 359089 374589 407751 329352 252236 272306 195260 190415 402623 276681 316621 357580
 224139 242655 176703 175476 137428 109558 120820 92190 131764 145858 235434 244327 197640 212397 389107 266958 186344 170271 162732 177760
 224139 164081 147697 131402 172237 360125 355723 269077 231826 205437 216366 192241 263871 160559 143800 157766 267817 164488 255799 170160
 224139 260647 290296 251195 326842 204189 243997 214348 398001 357043 414751 332230 256369 259707 308011 215337 241900 223802 233291 298594
 224139 182203 214644 204301 211654 278266 160961 170884 141973 218110 275325 168782 153565 109753 129346 134204 137058 154108 236973 228420
 224139 485057 284315 196821 268560 243419 216357 212820 266653 283240 220294 362066 317214 271205 248269 190839 247730 207292 162438 128136
 224139 377494 262630 188772 285476 257653 209677 215985 212005 191054 204144 195986 288422 290747 210107 168832 142050 217917 221310 253041
 224139 180235 175457 224793 210103 250114 263619 238365 252119 268163 240179 173662 199994 237417 198469 157144 191100 173232 115463 194342
 224139 163565 190311 185029 206140 242733 245570 219345 262146 203703 204563 225430 203667 169537 163120 123213 108511 113530 129645 121096
 224139 173937 232974 210335 211156 206229 303325 295149 194499 276936 296415 252046 214744 217485 203178 288907 216056 214964 213040 241925
 224139 140862 163337 232759 192680 133324 134208 177056 168895 263936 431404 250254 262909 230499 157178 143110 109063 200169 204681 205831
 224139 216333 258566 286717 238117 292777 194308 198131 287852 231133 189303 157055 155585 156536 202195 192504 152233 206056 207187 181866
 224139 291116 220779 223260 189986 363572 299441 250946 212027 181082 173495 127983 164221 244913 199590 193451 135075 152737 184027 167729
 224139 233228 140665 208553 141789 129816 352794 183995 291744 289825 209721 274526 186009 246425 283611 235598 295143 377957 271729 343779
 224139 286848 253649 280860 286272 258438 356114 387755 294579 221263 139829 107238 131906 104291 110242 143156 206673 241556 214639 202327
 224139 201860 178493 262261 182128 315408 188626 212947 223360 212964 245848 252822 250312 280982 349895 304457 294823 384895 270119 319291
 224139 156334 198148 196657 211047 187808 142944 158373 211531 167711 393623 376506 281621 303725 377880 489857 417491 318756 293122 305177
 224139 242801 205627 197850 138587 168211 277602 270848 178893 184096 194787 172327 157720 180046 181007 284947 272253 156929 176168 260286
 224139 144484 182004 170791 251147 190080 168856 164559 166531 169283 130650 94112.8 138600 245328 211365 208135 182641 198438 230135 261161
 224139 166315 229924 625258 344339 284198 224040 203074 177020 137191 153398 116555 150276 204671 271157 285772 216788 201544 180177 136556
 224139 156630 154989 173471 141680 202118 212952 234622 255321 374300 288607 461795 310032 319474 240089 225785 231448 213169 315655 282417
 224139 314381 409792 286026 257782 247176 266153 262868 206449 150542 198579 197336 368136 414410 282534 219931 203510 256664 207241 249538
 224139 195344 262158 146591 150835 165555 218240 300372 246128 205956 234996 278838 189723 219010 150031 150193 147436 183522 217711 146501
 224139 138533 203627 291047 249432 188644 157412 163179 175958 171649 178300 185306 214369 192791 96482.9 98313.5 233088 218356 149782 128411
 224139 229577 335129 326598 286122 208172 152423 176487 261994 193934 164584 167776 189579 138255 181035 286540 252608 151662 121956 143255
 224139 157716 146830 169110 186364 146235 144624 178411 194371 192964 188007 151442 163487 152257 177199 163177 293592 258323 326511 314242
 224139 251685 209024 168536 177550 191412 161635 195078 309224 237652 221752 279036 269750 437932 274888 208754 213318 209997 318883 259036
 224139 173304 219626 152429 179290 220280 218134 154950 158908 138442 250614 256474 188515 180823 174011 202583 155101 198598 207789 149203
 224139 269399 135308 110996 119544 147716 270869 321159 290155 293164 314540 276246 258774 316017 257281 329450 327783 280790 286631 197337
 224139 217982 156964 257765 284959 479679 574392 402301 347027 283665 278893 297887 278347 329247 251805 193689 332367 389817 338149 360424
 224139 219370 206840 190540 176934 232411 218942 102571 236740 261172 203648 143682 125264 121669 164793 158598 140411 195022 204847 130876
 224139 185060 195561 247236 194579 299044 326197 234540 354769 279846 247136 243656 319069 215905 298423 302624 317282 326036 330514 288098
 224139 182537 145780 217569 150368 125927 184970 184241 176005 178118 187697 171935 137652 159278 241100 262458 238135 188360 153675 95633.3
 224139 218528 180555 302198 533324 361121 190771 162799 194097 166309 184861 192491 195511 159331 226687 203277 147342 346164 277246 267762
 224139 157932 145900 189566 172653 149506 257904 230158 176222 187819 141418 266073 257322 244428 213042 243839 198508 189897 200609 210007
 224139 232646 235457 273239 375963 301528 292730 224934 155451 177520 128749 124288 128278 158307 141435 172297 199450 193515 189781 215164
 224139 175799 137784 153204 131656 241176 262714 219115 202600 247694 259490 219616 176607 216923 196379 193643 289137 222713 323442 302113
 224139 198669 272133 238492 249037 238796 441455 433783 223150 495060 371883 336415 346719 256013 270021 292679 252177 311611 265463 198463
 224139 235268 163530 163533 153729 339767 180452 153900 140141 202702 204524 237944 182043 217303 274952 213928 206668 265759 279552 192883
 224139 199728 230199 307220 290246 252947 220933 320029 375949 452192 288715 310475 215136 187540 191487 418471 186511 282932 242509 272236
 224139 171906 198580 361394 319690 232949 139735 288924 549442 425245 347321 228220 269459 211997 182063 152759 199477 136123 159772 148079
 224139 169229 169326 310477 223517 216167 175490 169643 180246 199545 186225 238690 174970 202773 175462 332613 250953 389015 299111 338061
 224139 141131 189795 195032 177837 179387 170190 213228 231426 253959 263171 282625 270551 314096 280522 316763 359905 326689 281001 238652
 224139 361440 311978 258415 228920 146795 118870 152781 119873 133879 139168 136531 142684 223830 191520 136090 150744 210988 245473 229944
 224139 163055 198230 257899 186571 169952 325838 270194 217906 298404 350727 273110 245597 249591 340012 534233 328530 225645 217670 224425
 224139 188164 223378 251589 380190 194668 143394 326024 280007 259332 392108 324639 294484 242385 189411 130955 153888 161960 133593 112306
 224139 297492 376028 282239 317252 158874 159807 238446 160042 148947 166399 129161 149325 161387 145754 250948 316886 282481 151540 185717
 224139 162045 128687 172744 142872 232628 191994 143661 212932 155307 171209 140953 114064 128198 90432.3 86780.9 189785 173588 133147 199566
 224139 161898 135871 89900.9 183861 124664 154565 280955 255398 335339 322113 343671 250797 220607 210148 245265 259573 189394 235740 204865
 224139 176151 168177 228191 241259 205161 166823 215001 214568 279389 199570 194820 251745 324111 309452 347900 258207 265088 201884 140677
 224139 295268 166489 295465 156566 119742 92549.6 112991 113025 139302 131588 131082 137947 89357.7 138739 146606 179571 132919 186079 211460
 224139 184023 146149 145749 176609 136007 167828 178025 202321 165503 179692 149809 161975 133634 200983 181680 273265 354744 320498 291733
 224139 197046 174291 141853 137358 177434 156705 160107 165597 168397 143514 282219 181232 158702 151665 188351 193981 181360 259989 261706
 224139 249763 235973 199996 292349 312407 246501 212939 178558 278375 229287 228859 244683 187813 216889 167195 208729 214753 216524 190721
 224139 248904 239746 252535 247469 234339 318181 329996 354202 255045 228167 277309 304821 313449 373919 285396 265452 368761 360681 262891
 224139 265996 200345 214700 353807 394578 302051 267708 319936 317609 261500 225616 404074 291545 251258 214797 227777 216327 206955 155939
 224139 250725 225098 217463 235196 286350 293869 310976 262701 181745 177883 187145 277451 240190 173391 243291 215363 189306 228568 163836
 224139 188314 164244 166319 142250 384387 345862 203727 190583 144555 136917 181486 211542 235921 230726 224461 273888 344794 359090 303241
 224139 192999 193919 153400 188236 126057 238195 287044 327202 256123 217431 247499 192381 256331 187675 137200 204937 286625 283076 204950
 224139 194860 246580 173368 178149 149195 135315 190290 169243 151253 111406 86122.9 98406.6 174367 193017 186711 145984 206786 189663 258482
 224139 223715 156130 138060 175672 225832 231986 209171 284948 164997 225467 317597 272232 173435 166022 129393 200741 213289 429386 236146
 224139 200805 254431 319119 222547 203856 241197 275173 352113 302663 339088 356729 253881 206556 216635 300263 372231 283667 383040 246090
 224139 172512 244215 147629 177686 161280 191156 253785 336861 267682 216809 112971 106568 173671 195447 133617 122243 118162 142745 292635
 224139 293561 170494 146074 142334 164516 221015 181490 127663 244571 184733 216286 196596 136406 96785.8 200443 286730 361426 273774 234503
 224139 192246 182107 162468 233702 166607 182588 229882 254041 275508 152200 107468 116489 142601 118331 236932 159055 351007 280444 223953
 224139 209627 196975 161551 134022 150580 117759 89385.6 131266 159349 159423 296202 207296 371047 307064 431762 386661 267834 268765 274881
 224139 188106 136204 110383 152626 185925 251068 516357 298828 236395 214852 175734 212993 224102 341129 292032 368928 311746 294792 327363
 224139 155684 156629 216179 265986 295152 331037 314626 189031 290812 243293 161409 187621 121804 139656 168580 142785 164600 200901 169668
 224139 189337 243691 467162 292977 250426 157698 181852 169040 245114 234103 278794 253227 187525 187299 180127 240644 287310 276345 252735
 224139 274529 242025 176967 195300 275992 281413 227360 320030 279873 203520 166988 155254 134887 76346.7 219278 242523 213448 248439 314506
 224139 298650 219769 308682 153754 351510 280982 162453 239063 194341 180812 174894 224791 243300 257779 225787 173341 201965 208040 205761
 224139 213675 215969 203574 273355 332846 264077 301254 231414 180605 114009 179194 159000 192054 324708 299612 211685 235564 293739 351817
 224139 180756 274921 367727 300860 203617 152269 208336 245475 222956 179337 196663 169510 275178 279763 239660 205375 179257 166518 191938
 224139 276554 249403 208637 337355 282546 364254 224450 231172 203654 189812 297454 267817 282250 201287 227963 293079 248809 186068 176317
 224139 269490 217625 208024 210585 173308 242539 209027 190086 236240 260576 250532 210458 172168 273644 249801 211470 284582 239076 226967
 224139 207330 129623 237860 169038 187263 139242 147251 181518 206004 216773 195534 169083 168846 229341 161463 198420 206617 236613 201070
 224139 261776 215702 264281 351297 196868 320810 365715 326102 276698 256324 292523 256263 545595 495427 296966 250070 189654 317465 271174
 224139 293086 191901 192160 149495 242428 257849 188557 173502 206481 199153 216933 292381 236049 190031 250010 220877 234361 274959 207710
 224139 270024 197803 215147 243348 304510 354257 296791 343790 252380 250286 223736 230834 133211 129373 137499 176750 245226 213469 136030
 224139 169233 150729 245123 360480 285233 389042 296471 247212 236538 251049 219782 221502 228404 276927 207723 234484 147796 166978 188370
 224139 200054 142476 182897 180554 252281 209228 147841 133831 114218 89771.3 125347 215063 144660 304864 215497 146451 119697 124383 133598
 224139 324401 250068 198039 245360 188125 318517 183222 175445 221061 239507 207505 161836 288078 359752 337019 275215 203516 132229 188393
 224139 191195 94633 109386 115387 132750 228991 174891 210000 276700 268192 254146 163570 161546 144201 163154 137505 191857 197180 181028
 224139 163452 168450 282011 201707 226173 348935 415765 231418 191295 198614 125764 120640 120966 284917 242915 181487 225654 344674 294016
 224139 276071 249833 236990 211080 217982 201198 233217 163707 175923 167817 249864 306188 253574 190039 122214 175544 184762 300929 312645
 224139 199667 296208 338668 175233 458532 250807 247050 234910 273391 221270 216410 174001 250385 145428 143561 189850 223564 232611 222254
 224139 206857 182927 185120 205027 134460 217948 209841 163275 109252 257570 377540 421623 457470 246748 364834 237842 219204 342777 404961
 224139 239787 208373 331135 250361 231506 320078 224129 247140 329990 320450 311975 433303 354368 318279 233189 488819 586108 378869 271584
 224139 204562 495992 351420 381349 310807 252201 206093 165157 181863 172158 201812 150857 174241 121513 144182 143545 126790 158264 253267
 224139 323949 274476 184890 186148 159925 243184 299673 211252 178814 130429 131054 143833 200110 261093 304185 233404 579186 454474 311445
 224139 393339 351446 263401 152912 130498 127005 194433 225451 197679 238471 223194 266011 256162 365521 270512 250917 175341 177072 196320
 224139 165106 318685 242900 142052 171126 194392 257002 414182 322333 260957 204751 147031 170717 160187 117241 102785 113734 89723.5 122283
 224139 211784 203116 183951 207477 290200 213337 192945 309123 344321 270802 243617 282848 261963 276216 239958 214158 199488 169195 237062
 224139 380706 286936 258878 149277 178075 119821 150427 119827 139659 501419 622424 390549 256794 185358 166616 173433 133818 263898 259837
 224139 223152 267314 277475 216159 157725 140718 179417 211389 253044 139077 135046 197455 214129 270673 202195 226676 124131 184501 215382
 224139 232588 183159 184105 197834 210107 189537 228401 163868 237656 198686 222034 265401 281574 411176 353779 297473 306628 262849 210010
 224139 191276 211340 191588 327742 300261 227676 250481 239999 202579 202927 251626 226940 286473 242300 226674 183393 246516 203002 245447
 224139 152607 160647 278666 240199 174663 167169 121771 185271 272308 236764 221803 174687 187851 218470 226060 236319 225706 228326 268087
 224139 244259 156505 217968 165966 202818 274844 214006 160277 159868 160037 157339 211210 173732 212392 231600 210682 166687 183363 228103
 224139 202235 359907 330209 280466 378078 214596 183043 200258 147844 383015 333720 296917 185269 244372 321879 298216 334942 316647 258380
 224139 247604 262213 274918 286772 235302 256788 234782 202919 172761 301713 324337 255635 257852 301278 215133 132789 144378 208541 303886
 224139 221359 214398 105509 176461 181784 196469 231738 304466 256867 326994 252580 239701 200313 193819 174693 187587 173943 269341 265882
 224139 176519 160071 121536 223293 239838 204923 188341 357973 353286 352877 293802 222973 212702 182602 184829 256403 324979 208855 185049
 224139 197955 181906 240328 283784 282215 215804 306033 394123 321604 261060 250189 251411 284201 290838 272654 224948 137958 189302 217643
 224139 254102 192622 118568 263576 296986 373179 246998 234340 235432 388232 202858 180451 157048 190636 171119 136829 113224 250335 169832
 224139 224653 206566 202449 228311 216068 209391 175329 125064 299938 306768 322939 364339 268863 251950 291733 274955 201393 221417 255806
 224139 208032 158858 165133 268340 236817 249295 261426 330090 245828 233982 259635 284411 240225 206962 189709 197252 141471 159017 169776
 224139 281262 226142 215734 162346 186623 277952 326323 249326 209355 175394 142583 142611 205150 223647 199996 156332 163943 244148 223881
 224139 198615 156624 187183 122970 105242 114074 378758 309638 251302 287932 274574 203740 386177 381727 285482 195213 202527 164044 187100
 224139 212874 140856 150543 198944 203387 285313 218356 277280 316503 315693 309670 304741 180975 146468 122050 118673 123462 152214 184996
 224139 315600 247373 252056 275215 400321 340800 286913 188728 183879 168083 142566 116900 178860 129979 355094 347317 352536 234669 229178
 224139 190499 178591 172599 175229 135934 187938 453973 513097 261527 244906 244000 180689 218063 263113 247797 206298 214230 193930 309281
 224139 161929 157647 110709 104010 168010 189674 352255 266768 208194 201820 194390 171202 176146 201790 211714 149690 194687 223566 200738
 224139 270175 189060 285273 228909 272023 228143 295147 336601 290725 152644 319636 208041 258890 221931 149926 229139 213241 135871 144018
 224139 349468 357183 246650 164710 196878 188965 248307 266339 186345 170803 172303 159309 136699 142998 127448 180983 181061 159977 192066
 224139 189418 179510 144141 145247 265489 184748 137417 142897 225834 186274 150567 135719 118361 123558 213483 130650 139782 221541 221360
 224139 197436 245298 133378 191887 162044 302993 256612 217623 213401 151413 180325 222271 416848 321037 263603 247185 244587 196643 172779
 224139 176242 219371 153326 252243 333455 316929 364877 354666 210976 253799 207975 249372 235300 215814 275617 357200 362970 321536 282484
 224139 284152 248716 215280 183779 263638 290751 233968 303753 265881 158916 203553 240314 240990 163776 166158 129111 135014 146710 148309
 224139 172839 255436 193378 198052 222587 208197 163659 160367 159497 296939 231779 187318 351146 321307 267872 278000 143694 175716 129796
 224139 211533 334452 289819 291706 389584 313163 262455 214657 285198 308588 265080 242373 258047 261796 344291 324062 223910 170529 212965
 224139 213054 158673 158955 173462 141107 137665 216905 186749 130686 109466 129200 197474 204689 194604 161179 245028 227145 139043 152162
 224139 186303 190351 208588 278556 221348 127579 182167 319117 300082 197450 233051 222215 472014 327177 197077 264289 284077 335899 277738
 224139 170579 175993 235823 213455 113724 148801 304776 309805 237005 150931 111582 142913 306599 412412 405072 288205 217854 262146 189298
 224139 419528 286538 235401 494767 307548 402461 386098 293961 216325 164435 218060 191250 254561 303442 459897 503733 325930 183071 168187
 224139 255402 498551 367494 277980 390889 302158 239079 249536 193880 245977 264711 207994 170268 101117 197405 159803 375028 346009 253404
 224139 202596 231126 214147 236673 184760 148984 246070 335906 189591 312151 247186 320081 390110 382114 453437 279030 292635 205334 164066
 224139 168295 150039 170742 280114 241251 335401 349833 367304 392582 341721 283219 379143 271256 258915 319575 229619 173597 189997 130654
 224139 193923 178511 306127 324570 216688 174790 152101 228264 302400 253024 184530 117816 104842 258012 238692 223939 228021 182781 183268
 224139 174792 192840 171464 202285 234983 276616 235063 252743 282268 224842 248398 326316 253886 182111 148357 146625 177480 204111 198313
 224139 256027 226576 356620 236514 282328 427605 424800 309590 266858 311070 266917 198405 188729 342012 291614 269042 208675 156782 175106
 224139 147847 349029 223620 178943 146423 154542 142242 117269 114051 126537 189587 154466 165531 192586 187143 169455 156874 227262 241117
 224139 237187 205620 217141 361762 371193 278654 306503 269045 275864 198500 166706 160645 271536 282779 224601 268128 223415 205105 268524
 224139 244719 238479 170086 187974 274502 228144 148256 180391 159426 226198 145543 142890 104940 161021 174720 182754 266760 342270 407748
 224139 166322 200935 264575 226354 207850 128636 227305 164077 206500 546695 542028 449298 462256 291797 178190 428927 361401 310429 256763
 224139 233743 166182 155707 289923 280861 239237 376378 384922 325581 448411 334811 288181 222618 340543 327225 284877 248695 304334 385905
 224139 207780 175751 254787 189225 212085 217841 285311 260138 200353 273024 307414 316155 241560 274434 207136 192089 156742 162456 152686
 224139 238377 234641 315666 244959 212920 227204 233652 187143 188965 296697 133917 142036 96276 143227 128727 142918 204999 260566 264136
 224139 204712 174304 148154 173439 158719 180156 199296 161226 304471 267237 246042 308953 379727 341844 333657 333077 210199 324115 259743
 224139 213499 307334 203894 199618 181132 137743 104566 129887 118021 121141 119011 205379 303242 235542 261266 175341 114168 106257 144144
 224139 217329 206661 433458 448905 354669 266400 264437 166923 349975 271723 224577 246815 178993 205090 290894 246637 206450 140875 171338
 224139 195170 281356 222980 224263 220112 255117 360585 353313 241239 208164 223780 239486 182107 203291 190745 122950 286266 283221 222766
 224139 157029 411596 288900 301044 270142 284888 259462 268679 344483 252332 198382 413856 333541 262602 256985 210239 145384 108998 137130
 224139 208356 170336 140430 137822 258787 275157 207468 659043 455537 398103 306782 393653 266413 168241 149159 272156 212179 205584 221543
 224139 194328 232172 239232 190683 113611 134577 128500 226434 194091 137682 184792 139051 205917 250555 197835 277697 274493 241581 274596
