 51769 44749.4 42987.2 43529.7 41475.3 27472.9 122285 239859 28807.5 71446.6 40416.9 30519.9 122998 81759.2 125854 102941 90078.1 61018 133478 80931.6
 37604.7 62864.2 34002.7 27688.2 46248.9 22916.4 57535.8 36805.6 158271 32877.5 21514.7 66944.6 44401 45744.2 73124.4 24567 97283.5 86021.3 121082 31875.9
 21765.2 43483.6 126898 112137 152692 151360 41730.3 54229.2 67728.4 22109.7 101740 64318.4 154573 70785.9 61040.5 45036.1 62550.7 42831.9 91238.8 61647.9
 68430.9 29632 97276.7 39256.5 34228.9 25003.4 55160.5 87243.6 15085.6 23847.8 75997 53673.1 49013.8 145874 124387 34763.8 36292.3 226522 39011.5 57800.1
 95405.3 89961.7 41414.9 50023.6 25271.6 38480.7 37133.7 43310.2 26489.1 54712 53697.9 164160 41819.6 64971.9 56751.7 51162 23887.7 15556.6 36392.1 33868.4
 88568.6 76834.3 90786.1 126236 15088 27544.7 59744.2 22412.6 67191.1 86577.3 25370.9 83965.1 49013.8 66908.2 49762.5 67618 115813 87238.3 48825.6 144267
 41064.9 67292 25304.9 70566.1 25017.3 18972.1 54083.7 167126 9540.99 51857.3 19297 108003 19040.7 27746.1 48405.1 18399.7 41536.7 44807.1 33788.6 39008.7
 88509.6 112217 82429.6 29910.5 112414 27368.4 156838 66839.4 135901 200601 182865 99190.1 27876.9 144911 44117.1 61977.9 84356.3 28872.6 121955 71086.2
 185653 93522.7 43076.2 40020.8 99021.1 42455.7 28153.4 61346 223604 13635.8 32670.7 56050.2 95539.5 53900.1 67468 20025.1 89004.3 24511.4 100886 43260
 102126 156313 105149 19806.6 68796.4 43566.6 151841 50732.7 35157.3 24960.9 33643.6 24341.3 42062.6 12590.9 27646.2 35956 11130.6 54621.1 64195.1 123555
 14651.3 40960.4 32209.7 53659.6 38185.5 88594.6 30285.3 81816.4 53443.3 30121.5 34626.6 40833.4 120346 103635 71530.6 77709.3 32845.1 51897.9 31771.4 28915
 37116.2 27334.2 57082.1 63105.6 35994.7 52160 47883.9 58611.5 49484.1 22017.4 10919.9 19220.3 19170 14510.1 8737.63 50670.5 26250.6 30032.3 20407.2 50188.8
 19949.4 68547.6 23879.1 42004.4 29428.4 40201.7 41882.3 159871 96817.8 51873.6 80044.2 60167 24374.9 120769 57023.7 25336.4 36742.9 43411.8 33811.9 85570
 36906.8 29426.4 43036.5 117897 19543.8 27562.1 77242.9 19930.3 117337 41564 295566 40589.9 53770.9 69673.6 57627.5 34724.2 52932.7 36736.4 24137.8 32000.2
 51615.6 84416.8 108714 24905.4 208298 122473 40468.2 107152 25883.8 83686 60936.9 110451 29662.1 43904.9 45850.1 126920 42944.1 36269 63989.7 146691
 73803.2 98180.9 75454 37370.9 30547.9 24070.2 56334.5 62775.7 56811.7 110694 95515.4 58080.1 303893 21861.7 36664.7 109601 63343.2 55256.5 14101.2 62328.4
 30388.8 131206 61569.7 44231.4 175729 101520 48604.5 120199 34524.4 38593.8 110139 79786.1 27551.6 71784.7 64631.7 20385.7 56026.7 70412.2 58987.5 99039.8
 55675.8 48269.9 31290.5 25488.3 46214.4 62860.4 43784.1 54965.5 39290.4 28067.8 51455.1 94055.7 70851.2 68096.6 53060 63516.2 8891.57 57916.1 45442 33542.3
 85826 35661.2 40190 40109.8 101049 85914.1 39436 36792.9 73862.6 69383 26932.4 99305.1 178937 47253.7 18086 37507.6 40712.9 114362 30352.9 131487
 66664.7 14629.4 48810.2 56544.5 106510 57464 35161.4 35689 75465.2 92285 188615 61978.5 86709.2 35673.9 49438.6 50620.3 98619.6 52447 39025.9 18000.8
 23440 34179.8 92769.5 53617.2 65450.9 36546.5 82873.1 21367.1 62875.1 40714.4 32135.4 20058.8 25556.3 21437.8 73699.8 141865 72378.4 120833 128718 64891
 70514.6 104215 225966 57063.5 34864.4 79747.4 65172.8 53610 11277.2 108579 65454.9 148604 80651.2 83642.2 46668.8 115210 16884.7 17237.9 45776.8 74953.6
 92289.7 87170.9 23405.8 128767 90003.5 38856 70813.2 42606.7 19344.6 36498.9 26597.8 19465.8 42848.3 60511.2 68063.1 22870.6 35687.4 86978.7 75576.2 53005.3
 68080 59940.2 87592 34172.2 60569.5 25374.5 31041.8 62387.2 27382.1 59074.9 29711.7 41680.7 43439.6 77909 81809.2 35402.6 30758.3 166816 78971.4 78983.7
 38555.3 59786.9 228199 74419 26231 86028 69848.2 100438 31849.1 90540.6 75127.8 20078.3 72542.7 75895.5 82083.5 127839 29594.6 48275.5 143238 40548.4
 20721.6 40045.4 47298.3 38300.4 29874.6 18994.2 54751.1 80561.7 19970.7 23450 44700.9 77528.7 118400 101573 48214 45627.5 48645.4 17335.3 71017.4 52069.1
 106651 60991.8 28158.6 49717.2 41730.8 72529.9 35274.3 45883.9 32679.7 29941.7 49819.3 25279.2 130927 38197 52993.2 21405.1 48565.7 34365.8 65257.8 48496.7
 44085.6 29082.5 64702.5 65505.2 63604.2 31838.5 30467.8 149185 44106.6 149051 29707.8 25501.8 102817 68334.5 33069 49559.4 44145.4 104064 79304.2 129065
 36818.1 99126.7 105584 50636.9 28945.6 57752.4 74550.9 26482.7 37793.3 83677.4 45198.2 36321.9 67028 36227.7 57353 65160.3 107450 38665.5 47334.8 33750.5
 150539 88511.8 64025.7 26041.2 28906.7 39395.4 13675.9 69112.9 37677.9 18114.8 50991.2 40788.8 81710.5 129557 16062.2 51141.7 54972.1 23187.3 69523 104735
 73878.9 285310 33876 31795.8 73303 161835 19378.3 65959.1 162260 24971 68854.2 55684.3 179982 30698.8 138335 54628.5 84129.6 59760.8 45105 40475.3
 24215.7 24724.6 51174.6 22248.1 13983.4 42414.7 48170.6 27875.6 22967.1 41085.8 105739 49415 21103.4 46649.8 40032.6 37248.2 35804.6 63373.6 26260.1 87376.8
 52756.3 50501.8 34567.4 6949.23 115969 51395.7 26507.4 47352.8 23410.5 17874.2 86045.6 115767 68418.8 90922.2 145421 48665.4 82483.5 31039.7 51277.2 20095.6
 80815.5 53886.9 33336.8 15488.4 31163.5 24267.5 28834.2 36738 39983.4 50644 32913.7 63356.2 102790 62454.9 69919.9 42715.1 53778.1 97754.5 28239.9 29844.1
 28092.1 61434 33889.5 52420.7 56612.8 18616 75072.8 58793.9 14579.7 21124.2 49748.1 44018.1 108207 61790 22122.2 28832.5 54508.4 14950 33085.1 63425
 45587.4 111909 65739.7 84569.3 73106.6 50731.5 178103 46875 49445.1 63811.6 81707.8 131949 41137.4 47294.2 31111.1 65631.2 27465.9 18136 49802.6 45730.4
 46016.5 152585 53423.1 135183 57855.8 177545 170134 52728.7 103078 37910.3 48275.9 193455 49776 45439.4 46731.6 36931.3 32830.8 58716.4 30834.4 63132.8
 145679 23455.1 33246.1 63921.6 65222.1 208164 149411 118198 70479.3 32589.3 61656.4 14215 46590.6 75605.4 40923.6 34434.4 70047.5 27182.3 169221 32239.5
 27932.7 72703.2 38293 49538.4 12955.7 18693.9 27276.4 69216.5 28370.4 45155.7 29349.1 45955.4 66360.4 49615.7 44266.5 33672 48366.3 34003.1 24798.6 81152.3
 51281.1 144900 22760.5 36658.4 58500.6 44958.8 22470.5 63631.3 52609.3 74292.1 29280.2 50270 92975.1 75932.7 52052.9 43991.2 73423.2 179698 187159 155062
 26786.2 56995.3 25268.8 44087.3 88255.2 56836.5 34690.4 29873.8 41925.4 30038.6 42605.7 96246.5 11436.2 20000.7 25910.3 12886.9 22366.4 38728.9 58053.8 320352
 122682 35550.6 151283 26585.8 36317.8 118345 29247.9 50698.5 161106 23714.3 70914.8 46169.1 56117.8 59128 39986.7 39748.7 205464 44148.3 29200.7 44225.9
 60265.7 9956.98 125709 44312.6 38744.8 53944.1 67540.5 43634.8 45327.1 193625 56894.1 114776 43661.4 16807.2 49790.1 28046.9 31618.5 35005.7 28971.4 39833.5
 30410 44254.1 71736.7 41401 86222.5 13193.8 57041.5 39787.1 161617 50509.5 63119.8 44029.3 100166 91211.1 66837.2 63047.4 46710.5 112328 49260.5 31226.4
 110763 42897.5 46963.6 104626 22477.3 30068 32670.7 19000.8 95733.6 63696.8 126792 74364.7 61605.3 79617.7 21881.2 61616.9 98993.1 55064.9 48133 40903.8
 77497.6 62545.5 42466.6 47532.8 37732.3 55645 26774.9 28278.9 32881 38373 99488.9 36088.4 96380.3 53074.9 67809.1 15221 107683 75343.3 23122.6 84504.2
 65774.3 28861.7 103236 81313 37248.7 69058.3 29803.4 98563.6 67034.3 52089.2 132516 138304 146752 31262.1 29332.1 93439.3 47229.6 27122.5 67947.5 21836.9
 55748.5 47425.3 137672 66272.4 114341 33763.1 43862.7 77740.2 28270.1 45150 50513.1 79867.6 30507.2 37621.8 68337.5 26183.3 49226.9 36060.5 87021.4 80725.3
 62680.7 76026.7 69287.3 56565.5 118671 36296.3 56341.3 99454.9 64378.9 63275.4 24807.8 20615.2 56532.6 6393.22 108201 78104.2 167443 30945.8 111212 34814.4
 47054.1 61215.2 59886.5 137882 58946.7 43423.2 18460.1 130501 71393.6 27086.6 18875.4 34430.3 31714.5 47194.1 22139 108434 23159.3 140472 41546 102202
 11428.6 70986.2 21990 62740.9 28132.8 176668 19821.7 35718.3 126382 65595 55988.6 88153.5 99730.5 41359.2 63800.3 59327.6 102243 65515.5 52391.5 19889.9
 54085.5 17704.8 18871.2 127836 67657.9 36222.5 134338 26199.2 74591.3 55677.1 23090.6 93471.1 38736.7 52757.4 18451 30511.2 18193.9 17457.8 67288.5 45054
 24732.5 47188.6 30781.5 53108.6 57541 43306.6 29285.2 51038.5 60021.2 40669.5 97659.4 38473.6 37207.5 21187.6 41212.5 63999 70136.4 46539.5 65290.5 47073
 30929.1 22191.8 33939.8 56912.1 72207.2 93160.3 41427.5 80828.4 42952.1 139139 26391.7 39735.2 41174.2 85036.3 32408.4 97793.9 36416.5 43249.8 62712.8 45322.7
 63941.4 29973.5 32003.7 56297.8 21499.9 78198.8 70955.8 79028.6 47446.3 89104.8 30576.1 52765.9 51213.4 40386.4 164234 10635.5 60907.9 32060 49563.1 86415.6
 97196.1 41635.8 69815.5 146314 64028.1 27255.1 39101.4 184277 95962.9 76891.3 30921.9 66659.3 86282.6 20145.9 36575.6 181844 39080.2 105347 118966 104526
 61007 38038.8 32992.7 22280.6 26460.8 25950.5 21603.8 39259.6 48871.5 89068.1 94987.5 15485.6 68304.3 95566.3 56386.5 29573.2 23261.4 59144.1 25551 40991.1
 33047.1 40839.2 22244.4 67080.5 131915 85617.6 28844 24488.2 83970.4 77053.4 40284.9 55135.2 18542.9 42606.5 42490 72337.1 33143.4 85574 18484 83581
 147646 18337.4 121117 43531.4 34911.6 61866.5 56136.6 263977 77125.8 119666 43374.4 51659.9 51641.8 112760 41119 55524.7 37826.6 46426.6 87031.3 74719.6
 48449.5 69561.3 23516.3 50894.6 74515.1 12651.9 41207.8 28963.3 110913 23659.9 31438.2 24884.6 19366.5 52945.5 38882.5 20436.5 55478.7 58432.6 51697.3 158276
 151114 21740 30336 84398.2 104562 49408.8 33614.5 107508 57599.3 36826.5 107397 110302 25239 37022.7 48064.3 87779 46119 24214.3 31887.1 38869.2
 137750 23824.7 33661.6 119989 37750.1 82596.3 53132 33934.1 50479.9 47867.9 40295.3 135769 53290.8 27717.9 27832.8 20267.5 44738.4 63851.2 144526 51138.9
 36248.7 26739.5 100598 67429.6 73588.2 65373.2 26776.4 87240.4 68186.6 44197.4 15348.3 83209.4 59430.9 44095.3 36731.6 58257.9 31499 26167.5 61456.1 90138.7
 17734.4 76649.7 82170.3 61856.8 91420.8 33438.2 53752.1 117016 13478.7 68700.6 55996.3 20885.6 49845.7 36183.3 25985.9 28408.4 22784.2 51706 16666.3 29122.4
 33248 57436.9 35689 59307.7 83160.6 54350.6 60768.9 52358.7 128386 81903.8 42332.6 48618.5 61290.3 29205.8 48276.2 108367 28500.1 90775.3 73045.1 73227.1
 52137.3 47638.5 56976.7 20196.5 23938.4 78740.3 49664.4 51055.7 63862.8 123627 68618.2 79555 15958.5 36895.1 19956.7 27942.7 63443.4 51749.1 93965.5 30586.9
 29201.9 78556.8 84089 43227.3 63152.1 52446.6 36642.1 82024.5 29697.4 41093.7 29557 39489.5 30872.7 63951.8 34353.3 27743.4 71538.5 45407.5 21870.8 50299.4
 94413.8 70333.7 13596.2 58654.5 128180 70625.2 42251.5 28808.6 27864.4 35378.7 34753.4 75506.1 54484.9 38740.4 39163.3 19859.2 33969.2 41765.2 45164.6 32151.8
 37700.7 45493.3 72029.8 17706.1 20377.7 102628 43019.6 111812 61625.8 80932 90755.8 14784.6 78853.8 74564.6 52231.3 105479 135413 50405.3 133730 15418.9
 39882.8 106758 69288.5 69047.7 66934.5 120934 71012.9 19007.3 40092.3 31685 13391.6 24746.9 18120.5 27044.7 56720.8 67497 46139.2 81749.3 50909.5 15471.5
 38137.9 33715.9 58967.2 59012.6 123614 18550.9 43191.1 48027 68213.9 82215.1 49919.5 103541 118653 125471 37309.2 92537.9 68764.9 121117 77984.3 51022.4
 24377.5 96867.7 54822.6 42736.9 30965.2 31250.6 32906 60558.9 28394.1 213382 84632 53828.6 154673 46967.6 264180 61875.9 34006 43909.3 129290 49235.8
 61807.7 30257.5 52289.1 38307.4 69122.1 101623 33072.4 28207.6 59042.4 73127.1 27365.9 17228.7 71507.6 35776.7 160470 20640.8 22950.4 61686.7 59915.6 32276.5
 39690.5 43727.6 30422.7 59856.4 32653.7 27515.3 74083.4 52799.5 12774.9 29830.2 30534.6 47593.2 61088 71740.9 54173.7 36347.1 44231.7 73588.3 43574.2 58110.3
 18025.6 44193.6 203841 45023.8 48779.1 49030.6 62833.8 26055.5 12929.1 37064.6 44553.7 26885.9 85350.3 90939.7 47323.2 75370.5 30621.2 49550.7 29729.9 49372.5
 19074.7 35827.8 26838.7 54436.1 71274.6 93275.3 53655.1 65612.2 175779 21170.3 202906 65501.2 87205.3 42016.5 69311.5 53229.2 29962.3 111409 91718.4 29254.9
 99927.4 181009 35636.8 36720.7 52460.5 84802.2 38301 31578.4 37093.7 85754.4 60524.8 114861 143665 25425.7 29474.2 63488.5 79731 26196.9 57069.3 88837.9
 47515.9 59845.1 30330.1 35470 30122.4 81195.2 71154.1 60191 47633.2 73982 51886.6 16439.6 72322 23797.3 32689.4 49675.7 53827.2 43274.5 20671.8 43178.8
 12113.6 88387.6 103583 59564 19903.6 34504.9 53356.8 26132.8 45924.7 50340.5 20529 51643.3 26015.2 16136.8 25120.8 80435 52295.2 20311.4 36412.3 62855.5
 59911.2 93159 65607 42654.4 59000.7 44841.3 47738.1 79681.4 45454.6 35148.2 41833.5 52505.5 9434.82 75181.5 94917.1 46295.4 32885.7 15199.1 35616.8 45756.8
 25144.8 31029.6 32584.8 66429.3 25493.5 32150.2 49889.4 44282.1 54353.8 52081.8 31468.8 33849.2 25457.9 65134.9 36585.1 148576 56550.3 81806.3 88387.5 81231.6
 77760.8 24316.6 50064.7 52648.1 80918 15914.8 56113.4 112933 45786.1 62483.6 98977.4 46223.4 189307 27341.9 31471.5 71798.5 93158.3 67326.4 21529.1 78935.7
 31519.8 51395.8 39430.5 58371.2 68364.3 26967.9 25749.2 77434 23105.7 136495 22484 39074.5 44551 34508.9 59068.6 15740 89515.2 27411.1 30788.1 20207.4
 55389.9 32649.1 15661.1 45179 29646.5 126006 56483.9 120610 93941.7 71110.9 75627.5 76077.3 81707.8 61487.4 67250.3 89680 132636 25654.9 43452.8 15228.5
 46662.4 34659 95162.3 89400.3 365469 93482.4 68513.2 104539 19324.3 89542.3 44071.3 83726.5 75941 43991.2 16794.5 170924 73473.2 118150 119778 65220.2
 55524.9 41285.3 61143.9 12091.8 62845.1 33470 8528.68 79025.8 83955.8 13269.5 35247.8 22132.5 52360.9 59843.7 25283.1 22389.6 53881.4 66780.3 18325.5 60894.1
 58804.4 57837.3 75702.8 46967.7 88596.8 105859 63840.4 60657.3 40780.3 45486.7 63262.5 103873 44098 97033.6 76547.3 47905.4 152447 39784.2 35540.6 66985.6
 31614.7 16308.1 52066.2 16921.6 19440.5 114394 32166.4 26896 20778.6 43869 53645.3 29551.2 48253.9 95694.1 100014 21444.9 27826.9 22316.8 24506.4 49574
 32966.1 62143.4 101267 184760 30878.4 34905.9 35893.3 39387.9 50719.1 57497.5 35996 53266.1 35016 110605 49400.9 30669.6 127359 38536 130351 93971.5
 20972.6 45341.7 48775.3 25287.1 26236.4 118688 25544.6 33336.3 61699.4 20766.3 138402 21493.3 59537.5 38147.7 84553.3 28534.8 59317.7 16335.4 68541.8 123339
 123061 63955.1 119953 76057.6 41122.9 81333.1 30802.2 10674.8 56470.3 18785.8 25447.9 44036.4 30868 41750 99148.6 22445 71841.3 57360.5 52664.1 23350.3
 25470.3 19566.3 88461.8 19746.5 97975.7 61518.7 31834.5 103431 89107.8 68308.4 39639.9 24268.9 64273.6 60995.7 36397.7 86667 35632.6 112600 30121.1 82619.1
 48435.9 86210.6 40256.3 59311 69404 138281 88293.7 28759.3 236573 41027 175939 36910.3 36074.4 59570.6 116552 63972.7 71225.3 38760.4 51702.7 54968.7
 38311.9 29543.8 43603.1 29567.1 73675.2 40162.4 42608.6 26172.5 34833.7 78186.2 75710.7 24346.4 95633.4 102512 28365.8 48291.2 109456 30522.3 23539 96090.9
 62428 42456.7 134327 33992.3 60003.7 45204.3 60956.3 194967 85395.7 41894.6 109975 29324.2 33566.7 55112.2 91713.3 84481.8 77772.8 15674.4 76033.9 48003.5
 52857.4 49783.8 145717 29207.8 24855.4 71801.6 105561 247326 41030.2 64654.9 36569.3 84695.9 36087.9 25348 61978.8 28243.9 32283.4 64953.6 40684.2 205453
 29794.5 35980.9 95481.6 27373 67118.1 57822.5 22948.6 32812.6 49973.3 62645.4 65396.1 39033.1 33685.2 27238.4 112415 54074 159440 32623.5 183089 55601.8
 36496.4 62751.7 63428.2 34323.1 48630.8 30471.5 76858.2 26124.8 106139 76455.5 126003 55165.8 130073 28518.5 76797.3 205358 16737.9 62320.6 58952.8 47712
 64962.5 96327.6 35657.7 47267.3 26112.7 23012.9 42295.9 13915.8 31392.7 51944.3 19218.6 21773.5 66862.9 72361.8 24431.3 16309.2 107643 70474 31248.9 42707
 16643.3 72573.8 64484.1 24817.2 41022.6 120273 39625.4 53992.9 138295 78964.2 65316.8 49259.6 97314.9 76506.1 161944 26816.9 33561.8 40166.1 89248 50019.4
 39020.9 41238.1 61228.6 106133 16622.7 19380.2 142568 81693.1 42308.4 194735 22981.6 80620.8 21421.3 59520.8 20838.1 38009.7 18656 25447.3 14056 54721
 108541 92282.6 59096.9 63155.5 24709.4 46444.7 48721.2 26582.4 23066.9 51555.6 40279.6 40543.3 30359.9 43223.2 66888.5 89530.5 32109.1 40164.9 61117.2 14825.4
 9705.43 37906.5 61533.2 28289 79230.1 22192.3 22617.7 61296.5 28096.8 45182.8 34758.1 17460.5 25814.6 12776.1 31116 57261.5 42303.6 24076.4 93045.5 20100.8
 17518 20285.7 13377.5 52862.2 25139.8 59422.6 120258 47406.3 77363.5 127562 59459.3 58661.7 54680.4 38291 78672.8 52502.9 32479 105122 25486 85056.4
 29384.7 49986.9 53039.3 48720.7 55497.8 23312.7 59303.4 40650.5 85716.2 33385.2 38773.4 62385.5 117059 74068.6 79755.1 58012.6 54284.8 9862.99 23562.4 54686.4
 64244.7 20275.4 44668 39570.6 19719.2 13654.5 35410.9 10213.4 59984.6 28222.9 28405.1 28713.1 35444.6 34688.5 49095.4 50598.5 44983.4 103320 22109.7 81149.4
 58797.7 17902 36774.7 26132.1 46720 47117.4 29003.7 63587.4 42015.9 27705.6 24494.1 58864.4 34836.5 74759.6 46680.3 117505 123576 35578.3 119481 65802.4
 44503.9 50006 23109.8 33198.7 42888.1 18809.8 47621.6 32213.2 55917.9 35390.5 66491.9 15097.2 34864.7 55706.8 76348.6 42943.4 54248.6 86524.4 27333.4 43475.9
 40888.8 55187.8 20694.5 161342 32126.5 31943.2 49048.2 52466.1 105885 14301 60772.6 93494.2 50373.3 36818.3 57926.4 66698 42004.3 49928 34576 51980.5
 73899.4 19726.8 79769.6 72774.4 40701.7 119332 80705.3 72494.7 50158 44822.5 100064 43703.5 167524 60895.9 61776.5 73392.5 172666 71739.4 18356.4 52248.6
 50374.3 36978.4 67211.1 160267 99653 8977.05 157457 52742.3 96068.5 12359.6 83763.5 110902 20136.9 107165 23869.6 81352.2 59538.1 46638.9 15616 18011.6
 61411.8 50379.6 21050.2 98401.8 95094.9 102619 52587.6 46120.8 42936 22327.8 84548.1 62686.5 53547.4 20407.8 82147.4 35969.7 39570.3 59914.7 30108.8 159973
 27683.5 32753.3 33499.9 27460.2 164779 40311.4 50385.6 20902.2 51505.5 32398.2 78643.4 37503.2 35492.2 87322.7 92158.3 99761.1 79029.8 123006 100376 28544.4
 68362.3 35957.8 26636.6 41808.1 25438.5 124796 40062.3 85655.3 24637.7 65140 63965.3 34035.4 79398.6 26648.4 39231.4 81726.2 62352.1 89958.7 18242.5 37610.7
 24411.7 57558.4 24444.3 29568.9 49160.6 23369.3 64411.8 29639.5 15699.2 25610 8244.85 41488.9 65623.2 35005.9 65395 13139.7 71323 49462.3 108285 69745.8
 48790.8 24446.5 15315.7 56388.1 47684.2 44446.2 74210.7 72732.2 19206.7 87787.4 67799.8 46219.6 33145.5 34224 40600.8 81527.5 50155.6 157549 49804.6 67373
 49184.9 81071.5 107421 29058.5 40787.5 62396 106345 98982.7 56049.6 140678 44923.9 52346.4 29925.2 81760.4 76710.9 80013.1 78303.7 131462 22382.5 32314.2
 18729.4 59491.9 37102.8 56816.7 15374.2 30732.8 102907 109571 27466.6 30582.1 18971.5 19112.3 73226.2 26513 27963.9 21544.9 38373.7 31754.8 176239 27554.5
 60738.3 22545.4 44016.5 23433.6 36788.1 70457.4 27377.5 20607 82986.2 26963.8 79691.8 20240 16543.3 37417.1 59763 134205 49699.1 52619.4 42086.6 48522
 41909.5 40931.4 29745.4 72148.6 27010.5 50340 51358.2 74983.1 32827.7 19357.8 49706.6 12732.3 24816.3 25026.7 83700.2 18128.2 130078 53359.8 53279.6 14307.6
 73647.8 35290.5 29663.7 12159.3 53159.4 14398.8 14548.2 28363.2 47829.8 23237.5 89427.6 43418.1 204226 40951.9 248580 72667.4 31863.6 66099.4 112971 73643.7
 25201.9 23237 33005.8 39567.9 45148.4 105473 159920 52341.6 39195.3 16843.7 48768 52919.9 89839 136994 23925.9 112439 60222 83692.9 173210 112751
 24295.4 40574.8 60300.8 102146 80899.6 101356 24742.4 30976.8 105943 17464.8 21570.7 29696.6 33653.8 69140.2 20318.1 29432 72006.4 54009.1 22040.7 146835
 40269.4 88417.9 140653 36386.2 31497.9 35145.7 62436.1 50087.7 82086.7 64112.7 93452 35939.6 33604.9 37495.3 48537.6 101551 65727.4 48368 62361.5 84989.6
 55358.3 52174.4 24838.1 112170 107535 43554.1 32019 114005 32967 52779.8 21385 30728.9 18148 18849.1 78308 66846.7 86505.5 56308 92215.3 224998
 68504.6 43446.3 91174 61016.7 96362 17860.1 26514.9 61256.8 51513.5 35029.9 92156.3 53447.3 67145.4 77972.7 24235.9 18911.1 90770.3 53545.5 40102.6 40260.1
 92046.7 24752.3 35657.1 144609 68114.7 46984.4 65332.9 46486.8 16674.6 18612 63698.6 50750.9 31710.4 123444 67173.3 47372.2 47791.1 98911.4 138022 15600.1
 26127.5 188417 89324.3 25249.2 24773.5 37849.5 72959.7 86764.8 43148.5 44340 44909.9 40510.8 140281 103148 9631.01 31109.1 44360.2 46241.9 64798.6 16034.3
 92279.2 23377.9 37422.6 83259.1 58677.6 110175 31126.5 51849.4 46854.5 46508.5 106240 59666.2 100625 21671.1 65886.3 63447.9 53390 56397 28576.5 17630.1
 83380.1 33299.3 89963.3 36594.1 42278.9 67278.8 34788.3 31209.3 62857.4 56287.5 81770.3 38663 12879.7 145286 24812.3 81447 50640.4 49045.1 99636 46593.7
 19533 42517.2 67066.1 31824.7 34535.5 22063 47320.8 48792 55770.2 84874 29385.4 41607.3 31757 80713 41209.5 74113.6 45322.2 65973.4 24360.5 25520.9
 129542 17285.6 62973.9 54267.5 21974.8 167743 53399.3 90495.1 73172.5 32969.3 75796.1 83211.2 198715 75022 62422 57301.4 78164.2 66196.1 32838.3 48691.5
 76839 30272.3 46396.4 35866.6 111442 48351.8 27427.1 23601.9 76073.8 29484.4 77388.3 108107 21283.4 27784.3 89206.1 46805.1 53533.8 55290.8 51287.1 63761.1
 51094.8 117961 29484.8 56262.4 141516 34299.8 94191.3 80481.6 56466.8 46314 70536.3 22841.1 18834.8 34735.4 37584.5 56545.3 74749.6 15902.6 40486.1 59137.7
 28454.8 40050.1 122213 196624 21547.1 124171 36718.8 66447.7 60806.9 35365.3 46914.4 89819.4 52745.3 62352.1 36185.4 68846.6 41733.5 42285.5 89163.8 124855
 49293.2 15803.4 37189.8 46618.8 85359.4 31737.4 6555.14 26109.5 38505 11526.2 32691.4 60735.7 41601.2 104307 20985.2 16468.4 47862.9 67826.5 30303.4 56341.9
 129703 26387.2 61382.9 44003.4 53772.7 67572 41547.2 32735.7 64428.1 75320.1 32097.2 18742.2 119287 79716.3 81170.5 40354.4 23443.6 22567 70643.7 28252.4
 15186 16062.7 22893.8 46243.7 45592.7 64973.2 23897.1 86056.7 54272.1 78630.7 53085.3 18567 37954 49406.7 18121.9 22160.2 72670 39188.6 98808.5 44371.9
 44694.9 52450.7 89369.6 78942.3 33499.1 155456 64921.4 22057 32856.8 38349.3 26613.8 41639.9 16359.3 137756 48847.3 28738.6 83612.6 76508.9 62292.7 36316.4
 72882.2 64705.3 67508.6 46495.6 21675.6 79047.3 61424.7 17876.3 44290.4 47457.3 86577.9 85628.1 23294.6 29732.6 29912.3 59632 51486.1 165185 34437.4 83056.9
 92184.5 69754.7 49322.8 32867 178845 55618.6 65896.8 29426.4 90828.8 40624.2 49618.7 27492.6 47369.8 29201 37095.3 56428.7 76596.8 85245.7 28356.1 46704.7
 30634.9 17087.5 78884.2 30560.2 25176.9 94169.5 55344.9 8978.2 14753.2 220714 56197.2 77689.6 134334 28180 76167.8 43638.3 47212.6 138774 77079.8 147366
 73524.9 73805.4 71856.5 75744 52199.8 79576.7 29577.2 53769 157075 69020.2 150772 151305 32408.7 96870.2 35833.6 398013 51955.1 25389.1 58659.1 47262.5
 47554 144966 45722.5 119958 53460.5 33697.3 39288.1 50587.7 44009.2 23500.8 53131.7 15014.6 60386.7 14317.9 59231.7 43487.9 14066.5 83984.4 102020 89233.5
 159844 18790.8 21282.5 39073.7 30692.3 59673.8 61746.3 70023.7 34557.2 18324.1 37334.7 45378.6 42458 103826 43089.5 60546.9 266833 44133.6 64954.2 96053.7
 114518 73759.4 27097.8 15083 45323.3 30194.7 70556.6 54904.9 43212.2 53890.3 52880.5 81359.5 42319.2 165068 33531.6 35919.6 32878.8 36833.6 49571.2 26970.9
 31560.7 119728 37382.5 12487.9 29728.4 68545 85660.8 148792 54985.5 35138.6 23548.2 44008.3 45284 25169.6 5656.36 18674.8 38721.5 6512.65 38184 45745.1
 54440.7 39010.3 49282.5 20565.4 112021 12377.1 51664.2 164252 58205.3 39273.6 72849.5 108152 34157.3 97693.5 47801.9 41679.6 44950.7 23806.1 99119.5 75234
 167461 19741.1 15977.6 23626.7 51473.2 31540 37449.6 47379.1 44402.5 338602 30536.4 59354.2 52873.3 43628 16486.1 49407.2 28076 95798.4 39778.6 232414
 48642.4 57418 51575.2 45498.7 37410.9 27337.4 67620.1 78739.4 40607.5 18929.6 52476.9 67797.6 59748.8 84381.9 35847.8 32191.9 8825.21 76536.5 44745.9 72912.9
 54538.5 39729.7 36406.5 57460.7 44736.4 60741.5 54129.7 22264.6 76418.9 34532 58504 132088 36496.2 117833 82360.3 111453 77488.5 10955.7 43422.1 104731
 57584.6 36124.5 72687.4 131214 71178.8 31458.2 67965.4 44281 27648.6 76590.6 73517.9 37655.4 111913 31675.3 69208.4 28061.1 67615.9 28333 53768.7 21416.9
 12713.1 72370.2 79236.4 41815 21867.3 31110.6 20026.2 97097 57813.1 65178.4 56743.3 31602.5 36705.5 76257.2 62057.6 57393.8 44089.1 48358.7 98786.2 52414.8
 66392.8 11908.9 63636 31883.1 78386.7 79292.4 30378.1 30923.1 25631.5 41909.4 21600.7 69495.5 29492.8 66387.8 76703.3 47824.6 38194.5 38889.4 78598.3 41810.8
 33971.6 165301 37957.1 54518.9 80668.8 61459.5 33400.1 53790.4 13110.7 199982 56471.4 19783.6 62322.5 77597.3 118892 34174.4 115795 34434 77575.7 104525
 56462.7 95156.1 79768.6 111129 51831.1 17974.9 67594.3 31114.2 40496.6 137506 84269.9 21402.2 40499.1 110449 11031.2 41006.4 28597.6 105386 127360 26139.7
 34040.7 71979.8 10905.5 52937.1 50793.1 42862.8 61714.8 80917.1 97117.8 98175.3 54091 67606.3 21682.4 75700 28938.6 29679.9 45971.8 177516 32970.6 37222.6
 33383.5 34470.1 24083.6 47473.1 61419.8 37703.5 83928.9 109884 140747 56402 47318.3 45152.7 49139.5 47143.4 32902.1 65668.7 48512.3 70901.4 40940.2 151871
 43466.7 54946.1 91194.8 30544.4 106946 101371 77326.9 165580 33354.7 109868 24692.5 71794.5 100875 68502 66607.5 33178.6 17526.4 64910.4 55820.1 39045.2
 64272.6 29730.4 25869.9 140952 78937.8 114372 11366.2 88541.5 15297.6 154211 14188.5 27292.4 48883.7 61805.6 11754.6 33902.5 19912.5 102820 26720 144117
 42083.8 52313.9 80022.6 46501.1 55620.5 46049 22770.1 14447 206718 107104 117845 101208 64822.3 40659.4 116542 34329.7 62244 69895.7 51914.1 95716.5
 28673.6 46517.4 39842.6 145898 25841.1 64870.2 51514 108068 64943.6 51604.4 35416 65984.2 43710 56031.7 42111 39212.7 30041.2 45939.7 79144.8 45526.3
 98303.6 40916.7 78521.5 13851.7 40153.8 118292 52028.2 48394.1 20091.6 68814.9 12584.5 30292.7 70408.2 56637.6 25421.7 22087.7 68370.2 105786 79915.8 82889.4
 31827.3 37600.6 42810 15442.4 44988.7 17111 155380 17903.2 86124.1 82569.5 73353.5 41605.9 141380 60213.2 35846.8 30811.1 57624.7 24529.8 35421.8 92315.3
 31905.1 24144 26714.8 108450 28672.1 77964 33228.9 143869 70515.3 74348.8 68477 60723.6 27085.9 17880.2 18324.9 28680.1 44411.7 37320.2 59898.5 48278.4
 142716 56215.6 32317.8 100337 114634 61457.5 46471.5 25186.9 45972.9 48113.3 18055.6 10808.9 62627.8 17478.7 179997 87701.5 48613.8 39455 81933.5 23981.4
 39307.4 35916.4 65445.9 25599.5 19240.2 74632.4 189563 77490 41427.9 84358.9 56516 31561.2 65070.6 52617.8 81499.3 25006.5 37944 51129.6 135432 157448
 31472.1 33408.4 8663.56 25460.1 62964.5 58537.8 123800 41273.8 59009.7 22462.2 32074.8 63798.7 40869.5 50505.2 52217.6 21824.2 78847.8 28369.2 45394.5 26349.8
 66705.6 51228 110364 129669 38896.5 33946.4 120523 71671.5 21618.5 13575.6 117761 34007.4 74301 45079 50804.1 61142.7 34173.4 19976.1 50515.8 42283.3
 192225 51312.2 14543.8 12994.8 76383.7 52208.5 90147.4 59969.6 30532.6 37465.9 37299.4 41170.8 39906.1 26317.1 25516.3 72047.1 29998.2 24478.8 65116.3 19138.6
 64159.9 28220.8 31657.3 16855.9 91430 23561.3 31458.6 22910.9 68276.9 41791.3 31235 19417.3 24793.8 54426.4 67344.6 11402.8 39677.7 88744.4 83565.6 51937
 25061 52883.5 31875.5 70579.9 27616.5 97359 16348.4 52575.9 45575.3 27382.6 101902 63531.1 132982 101461 42082.9 46472.1 69492.7 29141.2 22295.5 97523.1
 35878.5 38779.6 54400.9 107097 109237 65065.3 130205 25191.5 50475.9 62440.3 67952 47820.8 57271.3 48810.1 104088 143751 64258.1 98035.6 50397.6 62141
 86945.3 64811.5 43775.8 30623.8 73339.2 52949.8 55097.4 64826.1 33966.8 50920.8 64135.5 140950 37478.2 16559.5 37773.9 18987.4 40489.2 31028.2 24569.3 17079.9
 21933.8 64381.2 62092.9 62654.1 32100.1 38981.5 54221.9 49183 21928.4 105286 42970.6 29259.1 152282 79457.9 51268.8 25648.5 38279.3 37784.2 47115.4 65960.6
 48574.8 78599 55888.9 95398.2 72389.1 113597 23218 80598.5 104349 108342 35498.1 63503.6 93040.3 38292.1 138755 34534.5 13216.3 28492.7 65910.7 13248
 60202.6 31748.7 48609.6 34581.9 26578.9 37348.2 52936.5 38344.4 15438.5 17468.1 47055.1 49150.9 57326.7 60705.3 21959.4 89099.7 32228.5 24679.2 40095 38264.1
 24987.6 73946.6 62035 84802.7 25541.6 55024.4 47027.5 97903.8 62802.9 41044.2 66264.6 59166.4 173820 22068.1 38933.2 115213 83764.8 56875 48354.6 25988
 26439.2 36836 46707.6 29502.1 32657.3 93887.8 84564.5 82479.1 13122.6 21823.9 30081.3 47185 142967 143669 116280 18225.5 42661 77951.1 40582.4 38643.5
 138551 67669 46235.8 145819 68178.2 166122 40556.3 34250.8 44209.2 27066.1 77110.4 43838.7 80474 107647 244370 57470.8 41932 23202.3 37660.8 26014.6
 111601 177865 55388.1 36889.6 163660 14947.1 59062.1 67364.2 34701.1 67983.5 71855.2 34781.9 17784.4 20530.3 44749 37009.2 176176 48553.4 29654.9 120314
 63574.1 100266 57875.9 35973.5 37128.6 28749.6 72626.5 56644.9 23171.9 138078 49238 109964 139117 53412.6 170774 52962.1 36432.1 27457.1 55961.4 37530
 15886.3 32637.5 44026.8 79408.2 64833.1 112228 125908 123788 100906 20133.1 100909 98511.6 76246.8 113057 23567.5 44466.1 48753.8 35457.3 19937.4 90266.9
 31271.7 56319.9 168130 24152.3 44853.2 31679.5 32335.4 83143 88302.3 32977.8 23353.6 27769.3 19875.5 111224 42595.8 32333.7 62640.8 35669.1 39424.3 33898.4
 24527.3 64732.2 40244.8 53142.1 122277 70297.7 43377.5 83392.4 106459 66908 80369 75596.7 28334.9 14642.2 56286.3 21406.6 43892.7 38525.7 33286.6 38052.4
 69968.2 29026.6 110938 49768.2 104862 156878 65140.9 33634 78549.6 92123.6 29673.5 36720.7 52110.3 97626.3 70112.2 61402 37972.7 25042.8 84162.5 98720.1
 31978.7 118729 37700.6 18338.6 22215.9 50979.7 25964.4 29591 20194.8 18065.5 77835.9 35534.4 50345.6 54083.1 37725.6 44808.6 43331.5 90553.1 53064.5 69207.8
 50835.7 82535 78329.9 84346.6 116019 19644.3 81945.6 37407.1 90755.2 18396 56074.8 40410.7 58254.6 85059.7 53267.1 116841 46507.8 64545.7 70843.1 82584.5
 65675.6 39286.5 24985.1 66942.4 73035.9 31001.2 27197.4 32374.7 34742.8 54979.2 23109.2 21861 18796.3 54983.9 27487.1 69291.5 82207.4 124316 105703 53820.5
 32992.4 48718 94580.6 58528.6 10654.4 25583.2 77599.6 36976.3 54197 254140 112962 107981 92051.8 40404.4 30050.3 244591 55148.8 23019.8 38065.9 42429.4
 49153.7 41273.3 27011.1 94217.1 91981 46381.8 223113 62319.9 105842 174328 53195.4 56225.2 41243.3 117372 57652.7 77605.9 28722.3 95673.9 103723 81206
 46464.8 35378.2 70611.8 47389.3 96402.2 56358.2 119382 41539.5 39245.8 102329 92805 42754.1 62941.4 56298.5 53990.9 20282.1 52449.1 59995.3 21352.1 166123
 104152 85806 80534.2 46255.2 55099.6 55791.9 33254.8 35402.7 54606.9 59296.4 18681.4 19726.9 18108.9 68977.7 12490.3 46898.9 41137.5 147528 29263.5 33796.4
 74235 19572.1 33401.3 22383.3 62310.4 34174.1 38869.4 32755.3 151394 17649.3 61575.8 114680 92805.7 133500 53365.1 89261.5 30082.3 79068.9 55297.9 63092
 47728.8 93563.3 58239.7 18316.9 32330.7 11281 30380.8 50793.9 20226.2 23653.7 26396.9 86525.1 105265 33908.2 51079 27280.7 22487.2 26572.4 48249.7 45276.6
 43393.8 47580.7 192481 103733 46401.8 47871.2 36266.6 68527.1 147625 52455.4 10478.7 55660.3 43803.1 69842 74264.7 52497.9 26678 26815.2 44186.3 32401.3
 61035.6 67097.5 32695.7 83343.5 52261.9 61777.2 168479 39605 30107.9 44401 79273.6 61124.2 52427.5 49957.7 26499.1 29998.9 117716 49189.8 45829.4 31817.6
 37051.2 178283 32324.8 68719.3 51848.9 103872 33723.9 122965 57459.9 31291.4 33792.8 143490 60846.2 46710.2 47977.3 30527.3 25376.8 21478.2 38917.2 9392.1
 38203 26292.7 28510 45710.5 93227.7 47747.3 81539.8 282208 46812.1 106278 54783.5 101277 21572.3 27029.5 69060.1 68604.9 13720.7 77901.8 89281.7 63392.4
 53146.2 61929.5 44704.4 47134.9 17856.9 27580.1 25766.2 102202 41369.9 22832 40803.1 21898.3 69022.3 39079.4 63060.5 117269 54633.6 86664.6 94903 94029.6
