 0.488572 0.439914 0.424731 0.764516 0.776947 0.500801 0.506638 0.655462 0.339649 0.30197 0.335143 0.359713 0.477013 0.37612 0.485324 0.390181 0.333858 0.339924 0.380415 0.393849
 0.498246 0.422881 0.655863 0.55333 0.483826 0.444935 0.658666 0.469215 0.400138 0.413952 0.364169 0.461886 0.509989 0.443199 0.384262 0.3495 0.401095 0.307918 0.393331 0.339923
 0.509535 0.471892 0.33267 0.394176 0.406676 0.329177 0.304757 0.320957 0.373033 0.507664 0.558061 0.539884 0.453754 0.512625 0.561781 0.475536 0.49145 0.490002 0.553635 0.414622
 0.477668 0.516715 0.528572 0.757297 0.437673 0.540707 0.828407 0.466019 0.526207 0.412523 0.503069 0.581408 0.522128 0.560269 0.34846 0.396657 0.487742 0.476194 0.40948 0.506477
 0.461022 0.536444 0.373854 0.344381 0.460458 0.480215 0.492127 0.506838 0.60338 0.643323 0.46037 0.566758 0.370941 0.295191 0.315087 0.372824 0.508376 0.735164 0.559493 0.675154
 0.471266 0.50275 0.395324 0.469128 0.410115 0.427973 0.595632 0.881006 0.925781 0.604335 0.497443 0.580373 0.500258 0.514451 0.524055 0.441279 0.355568 0.410726 0.397105 0.421404
 0.511918 0.402444 0.437678 0.453761 0.530548 0.594202 0.467476 0.548867 0.493068 0.403403 0.840544 0.469017 0.445182 0.433787 0.484161 0.549978 0.508384 0.486896 0.44632 0.554643
 0.466909 0.345001 0.290926 0.447284 0.415765 0.365343 0.406418 0.467774 0.447795 0.389943 0.322052 0.342352 0.381839 0.418884 0.465782 0.559892 0.390397 0.405114 0.398674 0.966265
 0.416508 0.410218 0.514379 0.489697 0.489919 0.357103 0.366667 0.403385 0.489755 0.390002 0.423381 0.420777 0.273832 0.42485 0.432038 0.43883 0.468345 0.471872 0.496473 0.451848
 0.457066 0.38788 0.34095 0.36128 0.430274 0.631902 0.572748 0.405024 0.501873 0.518005 0.598734 0.71768 0.845974 0.630541 0.743236 0.749906 0.462388 0.506707 0.474061 0.415116
 0.515497 0.725061 0.684512 0.673947 0.63743 0.561717 0.492869 0.445619 0.40389 0.438533 0.493408 0.555266 0.49374 0.356682 0.401944 0.283117 0.446665 0.550591 0.576756 0.484911
 0.494072 0.413931 0.429528 0.905546 0.430489 0.566653 0.71086 0.577981 0.69761 0.563252 0.837399 1.13307 0.983122 1.13752 0.920232 0.658413 0.426674 0.401216 0.445125 0.442863
 0.507746 0.570376 0.403979 0.402639 0.574021 0.54025 0.480053 0.50726 0.415324 0.581541 0.404391 0.387539 0.428356 0.399965 0.548337 0.51245 0.346376 0.619269 0.593513 0.483083
 0.497209 0.443033 0.597764 0.676381 0.429046 0.474759 0.675746 0.574341 0.551407 0.419016 0.399949 0.408216 0.387465 0.528161 0.591387 0.635906 0.654773 0.728752 0.61441 0.543073
 0.488426 0.454044 0.33773 0.397841 0.47568 0.432194 0.310698 0.300234 0.346458 0.490268 0.514288 0.386257 0.359864 0.403178 0.554603 0.516077 0.427602 0.44699 0.583153 0.374159
 0.473335 0.517156 0.773226 0.666052 0.714417 0.544729 0.418733 0.461954 0.575816 0.387639 0.444674 0.405087 0.33843 0.2857 0.349034 0.43639 0.341364 0.361414 0.458572 0.663173
 0.499485 0.505841 0.555471 0.505221 0.429241 0.555781 0.478326 0.566343 0.594861 0.678171 0.525296 0.48602 0.525927 0.461482 0.501823 0.42598 0.569867 0.509259 0.474412 0.484285
 0.483584 0.555779 0.60041 0.347766 0.445693 0.439928 0.483272 0.546406 0.645878 0.436744 0.554992 0.368694 0.339679 0.484586 0.460699 0.465021 0.451772 0.609347 0.716803 0.516517
 0.465061 0.495145 0.412843 0.663293 0.448059 0.456731 0.372504 0.453304 0.477334 0.44727 0.632707 0.44651 0.454121 0.724615 0.496251 0.594864 0.52551 0.666389 0.486593 0.505516
 0.476271 0.414387 0.571946 0.399091 0.27181 0.309096 0.42971 0.457066 0.40171 0.402955 0.355378 0.363197 0.365601 0.344556 0.530944 0.655679 0.538277 0.426621 0.444579 0.609371
 0.502953 0.367386 0.361812 0.367504 0.415954 0.623497 0.585484 0.562041 0.592786 0.613054 0.530042 0.624733 0.732749 0.843896 0.509404 0.317736 0.326606 0.365573 0.33168 0.367863
 0.473112 0.477441 0.554237 0.415507 0.385987 0.341205 0.397741 0.51833 0.594167 0.620879 0.602393 0.39985 0.393824 0.494386 0.469096 0.539335 0.424127 0.625931 0.807892 0.827294
 0.460772 0.364502 0.595725 0.529917 0.502596 0.420431 0.38399 0.509598 0.513967 0.831701 0.786469 0.72063 0.785457 0.728232 0.478859 0.44371 0.468279 0.447781 0.445599 0.454307
 0.474157 0.530813 0.402489 0.40148 0.669112 0.477286 0.547592 0.696694 0.629736 0.470303 0.59503 0.471144 0.65939 0.532094 0.444049 0.333278 0.429928 0.441655 0.426113 0.384555
 0.492312 0.597145 0.427781 0.385854 0.307686 0.370046 0.53689 0.605825 0.507619 0.573446 0.475458 0.49679 0.460951 0.488892 0.561234 0.510622 0.502927 0.609022 0.459858 0.424112
 0.504495 0.637049 0.462407 0.37134 0.492002 0.548221 0.541382 0.576671 0.512807 0.592558 0.571284 0.638227 0.560522 0.429104 0.394167 0.439463 0.467408 0.464311 0.575221 0.403372
 0.452012 0.352325 0.437767 0.328882 0.574176 0.400112 0.450527 0.606165 0.644451 0.488253 0.702273 0.654211 0.482008 0.504237 0.471273 0.475598 0.46984 0.557791 0.558953 0.365423
 0.488295 0.505275 0.513802 0.395348 0.586939 0.384094 0.438722 0.457102 0.487015 0.3579 0.375051 0.424841 0.610892 0.44698 0.404073 0.459264 0.371057 0.481764 0.511631 0.465725
 0.493334 0.360583 0.403491 0.299891 0.388639 0.46421 0.456071 0.682391 0.76862 0.710898 0.45116 0.502306 0.530027 0.52306 0.415175 0.478906 0.343591 0.353808 0.444509 0.41692
 0.430081 0.430139 0.387452 0.377854 0.466768 0.574315 0.879377 0.772182 0.495735 0.569844 0.588758 0.784563 0.431625 0.434354 0.421054 0.429747 0.614321 0.67979 0.351473 0.401903
 0.469653 0.415875 0.310564 0.376652 0.464293 0.454208 0.511881 0.396502 0.431737 0.496007 0.582496 0.568105 0.552094 0.416434 0.336769 0.360131 0.472238 0.445337 0.603612 0.577738
 0.499755 0.558117 0.585116 0.523768 0.527737 0.696992 0.738527 0.567671 0.528686 0.930542 0.498671 0.326741 0.36311 0.445789 0.546707 0.592609 0.481064 0.403072 0.629068 0.481245
 0.482462 0.410516 0.451734 0.586339 0.528777 0.65374 0.458564 0.484727 0.452515 0.501386 0.754081 0.456188 0.399426 0.414728 0.488302 0.304662 0.380757 0.411082 0.502945 0.413419
 0.466251 0.532847 0.506881 0.429701 0.570247 0.749671 0.679608 0.471811 0.53058 0.405238 0.342252 0.539452 0.36085 0.716228 0.523258 0.468743 0.481026 0.374903 0.422728 0.53842
 0.49782 0.379535 0.598709 0.49162 0.500234 0.52999 0.833847 0.462468 0.457526 0.605204 0.682018 0.657612 0.427775 0.34737 0.400768 0.531676 0.668723 0.608439 0.720776 0.41516
 0.486956 0.412273 0.369085 0.37841 0.394986 0.39087 0.401339 0.319438 0.454438 0.432715 0.417894 0.481234 0.400028 0.534476 0.517433 0.632233 0.978653 0.700347 0.659834 0.837677
 0.486629 0.406956 0.48792 0.483849 0.397563 0.407199 0.375715 0.313566 0.353519 0.283217 0.414481 0.530215 0.481144 0.493988 0.573116 0.58455 0.711297 0.499289 0.535515 0.510255
 0.431627 0.457945 0.454721 0.606621 0.514505 0.397024 0.334414 0.36692 0.386984 0.325141 0.547674 0.458744 0.557033 0.525788 0.434438 0.558936 0.438805 0.571075 0.375247 0.330021
 0.496819 0.50425 0.508118 0.486485 0.486224 0.579742 0.884752 0.488924 0.554721 0.377283 0.569466 0.464288 0.378464 0.513503 0.503575 0.463357 0.546097 0.460807 0.426581 0.502433
 0.481608 0.461795 0.455716 0.713952 0.693755 0.537349 0.530355 0.687713 0.596774 0.364821 0.403353 0.385239 0.388639 0.367994 0.315017 0.407401 0.349481 0.321303 0.277783 0.348367
 0.496983 0.419862 0.630724 0.649853 0.553263 0.645504 0.641289 0.48348 0.632252 0.682648 0.632943 0.536067 0.526822 0.582181 0.850047 0.751219 0.802083 0.469354 0.395257 0.326397
 0.441876 0.381616 0.497279 0.391394 0.329222 0.437762 0.362637 0.423995 0.353085 0.34698 0.438651 0.493095 0.507715 0.372425 0.571805 0.565341 0.480922 0.479876 0.447243 0.555677
 0.477339 0.592337 0.497377 0.430389 0.387616 0.43133 0.510063 0.365447 0.475697 0.360031 0.542052 0.478522 0.489583 0.475778 0.689023 0.631204 0.548311 0.664988 0.551922 0.567124
 0.494747 0.530851 0.650315 0.683414 0.55437 0.684693 0.434953 0.542322 0.419144 0.409076 0.370168 0.434787 0.436234 0.452076 0.485656 0.455016 0.410855 0.460587 0.36586 0.391886
 0.44808 0.326499 0.543117 0.474003 0.406681 0.583164 0.646564 0.624061 0.542123 0.491595 0.405447 0.351568 0.327787 0.369819 0.504532 0.567109 0.613082 0.36146 0.473705 0.403015
 0.466527 0.462738 0.422713 0.574788 0.728346 0.656379 0.62105 0.532145 0.68451 0.446999 0.601757 0.524139 0.461535 0.442272 0.337301 0.498576 0.47714 0.503127 0.468908 0.422709
 0.472697 0.478758 0.439679 0.590649 0.396425 0.480098 0.473238 0.377992 0.470154 0.388181 0.331357 0.381431 0.356657 0.279696 0.305916 0.392698 0.529878 0.695677 0.529805 0.486632
 0.441418 0.415813 0.385998 0.381534 0.348325 0.368959 0.461081 0.411331 0.505982 0.574411 0.496703 0.42138 0.427656 0.443718 0.510998 0.632508 0.417228 0.463371 0.356192 0.345187
 0.45962 0.322182 0.380978 0.479782 0.582379 0.418559 0.450853 0.3472 0.517142 0.483984 0.48902 0.638329 0.681969 0.52352 0.506337 0.528154 0.399662 0.394607 0.383516 0.35489
 0.497937 0.474836 0.53486 0.41338 0.506436 0.45656 0.565397 0.666931 0.704312 0.511069 0.542341 0.872368 0.693071 0.593844 0.611693 0.520994 0.447582 0.436188 0.403254 0.437816
 0.52204 0.664675 0.501398 0.497952 0.489026 0.439904 0.463722 0.474667 0.562665 0.437967 0.416871 0.361736 0.38447 0.419533 0.556951 0.480971 0.419414 0.455809 0.587313 0.68714
 0.493171 0.41807 0.57089 0.57217 0.495669 0.587705 0.439059 0.549706 0.590828 0.483685 0.514403 0.617479 0.655369 0.702699 0.558971 0.601522 0.946947 0.909782 0.745789 0.445035
 0.512776 0.515548 0.546095 0.684161 0.420697 0.515285 0.613555 0.54411 0.576 0.513061 0.540959 0.549282 0.489499 0.496601 0.64945 0.604087 0.529807 0.37083 0.3692 0.336886
 0.482609 0.470802 0.427187 0.474052 0.56996 0.680617 0.412779 0.361744 0.503504 0.433371 0.289166 0.337573 0.401089 0.509547 0.429915 0.449816 0.419589 0.445301 0.491658 0.455518
 0.462539 0.549479 0.34055 0.401139 0.396318 0.477536 0.458791 0.376941 0.308676 0.384556 0.42808 0.35225 0.46769 0.438473 0.532813 0.382761 0.380482 0.625566 0.538196 0.475323
 0.443927 0.442821 0.425257 0.498528 0.446123 0.318155 0.453909 0.470107 0.395765 0.370691 0.491109 0.632741 0.564652 0.514719 0.506834 0.498359 0.492149 0.367934 0.384638 0.367812
 0.463234 0.498093 0.425454 0.541486 0.590127 0.543189 0.634323 0.49313 0.527028 0.40403 0.409204 0.338004 0.364797 0.393588 0.646192 0.523516 0.497525 0.644881 0.510084 0.6412
 0.479704 0.411389 0.409089 0.433035 0.382017 0.471557 0.457219 0.513427 0.725371 0.465834 0.37725 0.363129 0.580698 0.539666 0.500205 0.464306 0.641667 0.41394 0.516221 0.420844
 0.419747 0.301141 0.409415 0.315251 0.504643 0.476112 0.56498 0.386516 0.298146 0.259766 0.338397 0.380208 0.461561 0.533829 0.490597 0.377722 0.488646 0.571347 0.671459 0.634449
 0.471361 0.381987 0.413364 0.524278 0.58145 0.671759 0.582984 0.683466 0.514443 0.403207 0.636771 0.582273 0.721912 0.65086 0.461876 0.411995 0.493144 0.432958 0.572477 0.484324
 0.41891 0.629303 0.536191 0.547515 0.553156 0.358187 0.3346 0.405769 0.406363 0.470605 0.450349 0.572711 0.420964 0.500002 0.691569 0.550733 0.504588 0.436684 0.464525 0.433162
 0.424186 0.492853 0.462089 0.437602 0.444929 0.460006 0.341325 0.367069 0.487616 0.474847 0.537282 0.495297 0.406579 0.436631 0.470673 0.564658 0.734637 1.0169 0.608448 0.331488
 0.479155 0.454724 0.52917 0.417906 0.326822 0.368302 0.417481 0.535675 0.486178 0.486931 0.54379 0.57993 0.463017 0.485984 0.454529 0.396885 0.460454 0.499323 0.386798 0.480264
 0.490673 0.469263 0.404943 0.289499 0.299303 0.317843 0.417566 0.425105 0.375118 0.388242 0.39847 0.457088 0.63288 0.531345 0.543736 0.484398 0.449909 0.501682 0.42934 0.472857
 0.479983 0.430177 0.586839 0.625099 0.544543 0.377664 0.578632 0.640755 0.403226 0.359502 0.357685 0.39044 0.410322 0.457162 0.559672 0.883806 0.401159 0.4283 0.342645 0.346138
 0.468628 0.280896 0.321674 0.49153 0.627747 0.561319 0.311847 0.352241 0.326293 0.46461 0.610442 0.355467 0.380564 0.513553 0.515594 0.666892 0.517705 0.591549 0.492387 0.347241
 0.517392 0.59743 0.568194 0.516172 0.487182 0.64421 0.455146 0.513816 0.632671 0.665453 0.66356 0.634047 0.61837 0.608667 0.584504 0.610895 0.556475 0.527511 0.53602 0.647312
 0.475869 0.468983 0.343338 0.521601 0.430436 0.524249 0.434678 0.471594 0.60765 0.80708 0.876186 0.526672 0.378818 0.514943 0.501106 0.591771 0.584435 0.697554 0.749247 0.599391
 0.465618 0.593154 0.35835 0.436196 0.393281 0.446144 0.791646 0.396699 0.434189 0.428648 0.293037 0.35594 0.343414 0.446727 0.490731 0.434115 0.402606 0.401366 0.322136 0.368078
 0.511427 0.734702 0.440497 0.440419 0.466631 0.410166 0.455176 0.567516 0.793419 0.921301 0.707144 0.76369 1.0868 0.99628 0.751108 0.475477 0.467375 0.540459 0.392393 0.385416
 0.480776 0.508751 0.53909 0.755105 0.408404 0.455224 0.345786 0.507268 0.581734 0.469687 0.423427 0.44747 0.339789 0.286844 0.31893 0.358771 0.386993 0.573164 0.334742 0.389781
 0.488956 0.397423 0.343212 0.323632 0.421548 0.505368 0.507159 0.59332 0.642676 0.429001 0.3956 0.358605 0.323883 0.281816 0.400234 0.337263 0.331965 0.423632 0.551247 0.456395
 0.466846 0.50219 0.543578 0.551942 0.375475 0.328315 0.399563 0.508545 0.487265 0.453821 0.388987 0.418296 0.551379 0.475185 0.415385 0.345024 0.412186 0.375853 0.392329 0.608613
 0.479946 0.330128 0.450754 0.509802 0.737315 0.68438 0.713936 0.417306 0.3648 0.543729 0.541804 0.372815 0.408677 0.575373 0.411681 0.402493 0.421415 0.50044 0.494482 0.627255
 0.493871 0.508261 0.621595 0.797402 0.544089 0.612155 0.551006 0.484737 0.543881 0.702512 0.773082 0.43551 0.518047 0.416451 0.413361 0.495466 0.374431 0.437876 0.451732 0.388589
 0.4928 0.471411 0.560713 0.760057 0.439945 0.40602 0.310836 0.349597 0.372059 0.369318 0.338728 0.400638 0.290775 0.360958 0.344206 0.384449 0.442659 0.519898 0.527128 0.401809
 0.447095 0.442362 0.376819 0.326277 0.443391 0.530311 0.528017 0.638709 0.71874 0.519735 0.412303 0.328064 0.455075 0.417657 0.403937 0.497045 0.458897 0.502279 0.506993 0.61965
 0.476016 0.426981 0.596979 0.413303 0.484613 0.570295 0.491187 0.576536 0.488302 0.431802 0.444773 0.609721 0.647722 0.618981 0.502515 0.55761 0.434102 0.459945 0.594517 0.547873
 0.498249 0.408163 0.392162 0.402783 0.374008 0.41346 0.463434 0.46109 0.595962 0.555372 0.520762 0.720714 0.830238 1.04551 0.768337 0.562379 0.63444 0.542904 0.495187 0.424869
 0.469197 0.444036 0.548498 0.586812 0.686501 0.516326 0.371045 0.401459 0.495484 0.400297 0.406149 0.445067 0.513624 0.523113 0.433473 0.474045 0.477997 0.373892 0.448904 0.58728
 0.491003 0.44371 0.51026 0.637942 0.522709 0.456068 0.498072 0.537574 0.566657 0.499442 0.458007 0.425709 0.545924 0.605341 0.506548 0.386008 0.371248 0.32016 0.431703 0.410676
 0.460639 0.460557 0.505484 0.437085 0.403151 0.347293 0.367781 0.430512 0.47469 0.402989 0.376155 0.398141 0.405808 0.435237 0.349702 0.403667 0.387315 0.310415 0.48643 0.603131
 0.488122 0.446699 0.598178 0.427047 0.416582 0.438839 0.586618 0.548601 0.378048 0.31619 0.337971 0.426428 0.44495 0.472739 0.545738 0.568608 0.536444 0.441411 0.534324 0.517057
 0.472703 0.613033 0.382326 0.423017 0.404977 0.439255 0.422483 0.478561 0.34808 0.317921 0.386728 0.368451 0.359676 0.45086 0.406676 0.571003 0.507908 0.323923 0.432486 0.427623
 0.478215 0.511433 0.398408 0.449959 0.326273 0.243184 0.307426 0.306108 0.325909 0.478892 0.49725 0.626325 0.53614 0.599008 0.595825 0.589209 0.437415 0.474766 0.366714 0.34811
 0.473224 0.46659 0.493346 0.4463 0.595359 0.743043 0.894899 0.62736 0.683114 0.537987 0.616536 0.552229 0.558241 0.377448 0.378393 0.44033 0.511404 0.604454 0.506938 0.382579
 0.472639 0.362423 0.357286 0.415877 0.345497 0.459668 0.423782 0.321256 0.597822 0.698091 0.78374 0.632583 0.570282 0.394965 0.453585 0.451748 0.556148 0.390614 0.488573 0.669694
 0.489647 0.504591 0.598667 0.896854 0.950977 0.776392 0.375276 0.375111 0.499123 0.769771 0.839218 0.580629 0.46324 0.426183 0.399847 0.345872 0.431754 0.553257 0.737903 0.513601
 0.488062 0.579245 0.402579 0.429728 0.51233 0.479216 0.391934 0.434037 0.638168 0.472262 0.442834 0.503248 0.51001 0.408521 0.360067 0.323623 0.271712 0.472713 0.44137 0.318193
 0.496357 0.461578 0.425074 0.529041 0.637358 0.573004 0.479269 0.509366 0.504952 0.478753 0.38757 0.387384 0.45361 0.528267 0.522021 0.508893 0.480558 0.468304 0.684483 0.533556
 0.437777 0.295836 0.278081 0.278574 0.426988 0.501475 0.530407 0.588848 0.735998 0.695884 0.61696 0.649837 0.495896 0.604597 0.431998 0.300844 0.394834 0.360368 0.336786 0.432925
 0.492656 0.517789 0.527458 0.340362 0.296044 0.396344 0.428712 0.463149 0.303506 0.309784 0.344364 0.380113 0.460434 0.540424 0.434852 0.454824 0.567929 0.483499 0.535388 0.635801
 0.478248 0.419719 0.483541 0.493397 0.546684 0.434684 0.560924 0.583203 0.360641 0.433706 0.367141 0.282582 0.369795 0.467501 0.543722 0.440818 0.362496 0.489252 0.563998 0.48833
 0.483943 0.627479 0.569997 0.570276 0.547024 1.02342 0.590697 0.491576 0.506704 0.789271 0.493096 0.449893 0.403764 0.348464 0.352549 0.353123 0.390277 0.397227 0.56502 0.575541
 0.46929 0.390083 0.459546 0.416281 0.476494 0.506321 0.503539 0.684105 0.390521 0.473666 0.40945 0.418134 0.397328 0.47872 0.451528 0.841008 0.300988 0.423723 0.542574 0.629705
 0.474589 0.35362 0.373219 0.451838 0.539032 0.663694 0.296371 0.363371 0.395676 0.382633 0.45747 0.426247 0.52531 0.496394 0.594689 0.410528 0.642745 0.481713 0.397591 0.285893
 0.488972 0.453844 0.484598 0.650004 0.582098 0.507931 0.372753 0.475129 0.630242 0.644116 0.454733 0.498233 0.408696 0.612754 0.622854 0.675045 0.443944 0.448417 0.385408 0.312642
 0.484973 0.32586 0.38468 0.365391 0.391442 0.430893 0.473786 0.480008 0.59882 0.442224 0.36953 0.309934 0.310145 0.330498 0.389144 0.47092 0.318433 0.383029 0.442619 0.435394
 0.483412 0.775938 0.574664 0.595361 0.659731 0.558456 0.556454 0.636764 0.666929 0.697671 0.491935 0.573704 0.716577 0.698209 0.428491 0.35537 0.503906 0.385818 0.388872 0.475127
 0.515226 0.49399 0.464451 0.548555 0.537414 0.47163 0.546095 0.522021 0.426881 0.364871 0.424315 0.383142 0.405931 0.364089 0.455248 0.584473 0.527667 0.596152 0.678884 0.480427
 0.499921 0.467446 0.633566 0.625247 0.724182 0.553799 0.505568 0.505546 0.376572 0.376536 0.366743 0.396495 0.448743 0.547436 0.513684 0.426485 0.568966 0.851525 0.966936 0.995982
 0.458743 0.425633 0.496633 0.434656 0.596028 0.429453 0.449817 0.701223 0.635161 0.742115 0.624421 0.406455 0.439027 0.527373 0.437746 0.573573 0.592802 0.722519 0.450418 0.470788
 0.522245 0.58561 0.47855 0.467628 0.392482 0.497545 0.54461 0.572018 0.682563 0.557095 0.576305 0.489195 0.521571 0.713691 0.679319 0.449344 0.603938 0.523568 0.425599 0.400463
 0.516449 0.535201 0.714128 0.629291 0.838743 0.536001 0.39459 0.405687 0.387 0.511787 0.387143 0.475953 0.418949 0.421779 0.492229 0.494077 0.562592 0.483244 0.408274 0.407851
 0.508286 0.479091 0.4435 0.576739 0.651681 0.547358 0.550698 0.635834 0.623192 0.62302 0.514955 0.580288 0.610047 0.505503 0.448748 0.529065 0.450358 0.577625 0.861151 0.914493
 0.485615 0.654942 0.526411 1.27983 0.762292 0.734312 0.728195 0.675157 0.801555 0.522489 0.462425 0.512907 0.578902 0.332971 0.458184 0.40138 0.436389 0.286025 0.273244 0.370061
 0.48864 0.38275 0.403856 0.483499 0.741049 0.481937 0.49566 0.584634 0.543388 0.441844 0.619801 0.64978 0.514643 0.372915 0.41342 0.337062 0.346735 0.366101 0.425109 0.352053
 0.497782 0.461057 0.421191 0.43727 0.481439 0.623293 0.742731 0.640959 0.636264 0.507916 0.398968 0.732884 0.73965 0.731029 0.44973 0.375307 0.386282 0.35107 0.43292 0.606957
 0.500034 0.645142 0.66998 0.651454 0.412355 0.516258 0.645391 0.624723 0.452387 0.469846 0.526442 0.54016 0.420369 0.332092 0.462437 0.350419 0.398006 0.460519 0.522998 0.556945
 0.478054 0.477936 0.639741 0.574166 0.478105 0.484423 0.459626 0.449656 0.55027 0.493458 0.516607 0.481192 0.548535 0.345069 0.440342 0.423432 0.374944 0.356129 0.380618 0.454262
 0.493057 0.644567 0.577534 0.449833 0.395995 0.419444 0.488674 0.310111 0.400603 0.43115 0.53261 0.43052 0.611743 0.644169 0.440655 0.449451 0.430072 0.385245 0.44112 0.513316
 0.485421 0.52209 0.522761 0.698887 0.465335 0.403629 0.353579 0.444139 0.522532 0.463793 0.605193 0.409405 0.537987 0.528028 0.504853 0.566597 0.567857 0.568623 0.624406 0.430298
 0.507413 0.545643 0.596765 0.698859 0.501915 0.546871 0.574055 0.436812 0.577324 0.448815 0.393417 0.37149 0.467518 0.660581 0.45517 0.317196 0.317406 0.399934 0.378111 0.317353
 0.481169 0.36264 0.426581 0.454797 0.644178 0.427264 0.386381 0.485352 0.580614 0.647336 0.549125 0.559465 0.495986 0.555108 0.510459 0.385565 0.393531 0.513414 0.462648 0.474153
 0.509634 0.570882 0.765344 0.733066 0.938284 0.602692 0.546569 0.551387 0.55443 0.802748 0.743411 0.80837 0.460265 0.461283 0.509005 0.435427 0.435986 0.509245 0.39973 0.378786
 0.49237 0.531486 0.514574 0.683208 0.636587 0.72857 0.750878 0.479238 0.573058 0.425451 0.432761 0.587211 0.650019 0.536672 0.602912 0.402659 0.403918 0.368491 0.496899 0.30031
 0.491572 0.429228 0.433277 0.440129 0.398162 0.468746 0.52057 0.414471 0.452162 0.426732 0.381335 0.50604 0.50124 0.539109 0.449359 0.516727 0.633215 0.442279 0.473509 0.422046
 0.511849 0.524452 0.740426 0.451179 0.475318 0.591609 0.81763 0.514358 0.486088 0.523276 0.682711 0.566084 0.605522 0.509537 0.647859 0.564708 0.608521 0.503856 0.426764 0.351885
 0.484117 0.667286 0.547054 0.488014 0.562025 0.632915 0.601782 0.600991 0.511337 0.628243 0.520555 0.480134 0.583376 0.683107 0.389013 0.492981 0.386706 0.54888 0.553416 0.605436
 0.495702 0.462502 0.498656 0.513639 0.599646 0.492689 0.516188 0.594094 0.56308 0.836317 0.74572 0.40162 0.537581 0.850681 0.623955 0.661894 0.454679 0.576631 0.47648 0.460185
 0.477194 0.382006 0.42326 0.483794 0.636977 0.593857 0.593108 0.621749 0.797817 0.687809 0.675411 0.76843 0.435522 0.36858 0.301583 0.288162 0.286236 0.31724 0.383929 0.360784
 0.508375 0.571793 0.580253 0.459686 0.549314 0.535919 0.39087 0.546551 0.381999 0.433202 0.70804 0.646054 0.608857 0.387694 0.394514 0.427184 0.522788 0.492102 0.430329 0.29572
 0.508402 0.442665 0.463897 0.508675 0.420872 0.402247 0.423963 0.616633 0.543541 0.576106 0.715025 0.818754 1.26684 0.652659 0.388995 0.538081 0.518527 0.388863 0.43522 0.41107
 0.498114 0.433868 0.39793 0.564254 0.475004 0.649352 0.515506 0.478542 0.372815 0.424179 0.37371 0.400351 0.46752 0.496615 0.599293 0.507671 0.410452 0.463989 0.540905 0.512619
 0.489678 0.622841 0.624569 0.54502 0.314832 0.324191 0.405281 0.443534 0.519951 0.591016 0.513148 0.577723 0.733407 0.924933 0.478733 0.601257 0.494292 0.337006 0.384775 0.404006
 0.481986 0.617129 0.497922 0.572824 0.250962 0.51654 0.67008 0.621093 0.767468 0.57072 0.523695 0.318893 0.381207 0.407766 0.415839 0.540895 0.639274 0.452595 0.420643 0.480631
 0.467535 0.342042 0.438323 0.493747 0.362849 0.440379 0.442648 0.581925 0.584056 0.779963 0.668595 0.596439 0.420074 0.500123 0.513497 0.466146 0.390937 0.47772 0.456544 0.400915
 0.509539 0.417184 0.283902 0.353715 0.453136 0.524215 0.508223 0.474953 0.412773 0.415168 0.387812 0.481475 0.404106 0.34924 0.298456 0.387954 0.538863 0.576797 0.492341 0.454185
 0.46771 0.465695 0.583106 0.637351 0.839683 0.662617 0.642416 0.490436 0.581903 0.543125 0.478387 0.497233 0.429329 0.401306 0.371343 0.455693 0.600004 0.576194 0.424668 0.513547
 0.472368 0.479196 0.449105 0.356289 0.410469 0.396162 0.517873 0.568046 0.651599 0.683974 0.679247 0.516843 0.50253 0.553223 0.422996 0.440036 0.355377 0.525744 0.527717 0.366246
 0.513698 0.684355 0.420883 0.601098 0.492933 0.668849 0.642031 0.537516 0.526954 0.492777 0.390801 0.419599 0.436001 0.490278 0.510292 0.342818 0.357979 0.387519 0.466849 0.557523
 0.461039 0.343496 0.352996 0.515553 0.908045 0.678474 0.440309 0.513082 0.47206 0.415513 0.534077 0.594543 0.388562 0.506541 0.532503 0.423751 0.417333 0.301157 0.532286 0.669887
 0.475703 0.566028 0.46747 0.52932 0.399032 0.39341 0.442149 0.470768 0.599932 0.545584 0.561855 0.442341 0.426115 0.475548 0.540611 0.532789 0.483725 0.53488 0.670322 0.524895
 0.492688 0.585928 0.284026 0.350367 0.429067 0.368065 0.543604 0.451621 0.520101 0.454566 0.529698 0.468122 0.717004 0.680522 0.622082 0.532034 0.474859 0.519726 0.665597 0.457561
 0.506643 0.467661 0.393064 0.322259 0.285417 0.273933 0.402634 0.428423 0.453086 0.447361 0.653955 0.617852 0.429247 0.424399 0.551466 0.504088 0.536624 0.344467 0.38425 0.292787
 0.492289 0.466407 0.474176 0.718125 0.591287 0.556331 0.562116 0.78383 0.932673 0.610519 0.55931 0.614307 0.696975 0.382141 0.538852 0.520326 0.586635 0.383274 0.269731 0.28945
 0.445125 0.435087 0.419481 0.376696 0.54466 0.442141 0.720352 0.486238 0.530109 0.545002 0.483398 0.522823 0.530952 0.506963 0.55593 0.542072 0.597311 0.771607 0.658361 0.570708
 0.514135 0.692836 0.556639 0.671338 0.444286 0.364019 0.520035 0.469291 0.416245 0.531971 0.486822 0.514237 0.503987 0.566456 0.447493 0.687213 0.707115 0.564938 0.513078 0.302906
 0.494338 0.364837 0.342788 0.455524 0.293492 0.366217 0.39208 0.545766 0.521475 0.629728 0.851843 0.60541 0.4717 0.436738 0.4509 0.387001 0.375527 0.38849 0.588219 0.572342
 0.475998 0.520897 0.456438 0.424301 0.436723 0.65675 0.464207 0.48961 0.476808 0.546975 0.45329 0.462449 0.490628 0.602632 0.710217 0.504826 0.508392 0.386795 0.335295 0.399636
 0.463516 0.302207 0.434806 0.674059 0.40282 0.560835 0.318067 0.357902 0.449656 0.511548 0.468257 0.535363 0.546225 0.941869 0.648392 0.566066 0.529291 0.435256 0.364911 0.440299
 0.500913 0.603922 0.823625 0.518985 0.639075 0.476264 0.438827 0.404248 0.511467 0.36328 0.258322 0.37528 0.5077 0.527132 0.406628 0.709009 0.585902 0.54234 0.477869 0.528532
 0.474521 0.430244 0.324983 0.518724 0.397009 0.398571 0.570064 0.545221 0.585629 0.412045 0.370927 0.27403 0.330303 0.382187 0.40298 0.300242 0.255037 0.350771 0.4117 0.43277
 0.489483 0.41102 0.693323 0.590745 0.559275 0.53599 0.663503 0.685488 0.505607 0.539626 0.642948 0.723103 0.722818 0.622876 0.49686 0.422316 0.373672 0.412117 0.307938 0.334033
 0.427684 0.366902 0.410833 0.477247 0.633063 0.665161 0.781717 0.850517 0.500213 0.476811 0.485656 0.485703 0.447924 0.545247 0.459471 0.605829 0.399153 0.46099 0.444985 0.407435
 0.449762 0.585774 0.561913 0.679737 0.717011 0.543019 0.457635 0.465918 0.490596 0.471475 0.583517 0.536797 0.527851 0.506408 0.436482 0.387684 0.552248 0.532456 0.657166 0.671247
 0.498199 0.384174 0.4994 0.461376 0.455085 0.69238 0.5279 0.433236 0.465255 0.422196 0.52227 0.691359 0.536677 0.555275 0.673181 1.03734 1.15953 0.756591 0.767696 0.669976
 0.482774 0.454927 0.503521 0.492807 0.704711 0.607066 0.610362 0.490142 0.368361 0.439434 0.476814 0.42216 0.400949 0.439303 0.422741 0.418346 0.484227 0.528164 0.558591 0.46188
 0.421584 0.425823 0.434535 0.834456 0.808909 0.777812 0.469016 0.526395 0.335172 0.241888 0.312057 0.488005 0.509559 0.458208 0.479135 0.6207 0.6351 0.457208 0.548195 0.476864
 0.48598 0.502159 0.631837 0.754305 0.673713 0.536338 0.51118 0.436267 0.379153 0.539143 0.430143 0.362415 0.40636 0.391685 0.436328 0.401901 0.68845 0.629804 0.536852 0.544188
 0.482391 0.509683 0.462936 0.535802 0.524007 0.555747 0.437487 0.524632 0.481583 0.567287 0.524101 0.502362 0.355742 0.41623 0.551201 0.471103 0.353179 0.382928 0.573802 0.597545
 0.480511 0.391369 0.493201 0.353052 0.397174 0.377708 0.388594 0.478688 0.583629 0.667818 0.470666 0.47786 0.471179 0.445569 0.453063 0.450492 0.439938 0.599298 0.612832 0.826926
 0.50907 0.473009 0.360402 0.49876 0.528489 0.575186 0.764916 0.600478 0.396601 0.506152 0.437695 0.42724 0.435427 0.54102 0.479685 0.440299 0.469177 0.519122 0.55633 0.472286
 0.474775 0.499458 0.456081 0.607015 0.484161 0.418164 0.469605 0.482023 0.490687 0.658451 0.667892 0.738156 0.662733 0.557082 0.52094 0.437469 0.42308 0.390088 0.47325 0.477711
 0.496011 0.44928 0.441509 0.483056 0.530303 0.739072 0.453711 0.448454 0.519918 0.418665 0.434901 0.40013 0.603453 0.398787 0.428728 0.420234 0.465529 0.475299 0.586852 0.476751
 0.481709 0.505493 0.412416 0.376449 0.334001 0.317952 0.573233 0.588424 0.651972 0.504459 0.428251 0.421265 0.49768 0.674034 0.582068 0.61216 0.441168 0.454051 0.345519 0.340069
 0.495091 0.57355 0.501644 0.319457 0.49761 0.460035 0.51545 0.525532 0.561752 0.363555 0.405375 0.358513 0.385365 0.454848 0.411956 0.439433 0.642504 0.45736 0.305478 0.335383
 0.495103 0.460137 0.505316 0.460667 0.793331 0.722365 0.626604 0.359384 0.461428 0.351724 0.417452 0.501865 0.509818 0.562022 0.496021 0.560647 0.685112 0.991709 0.540397 0.408353
 0.487985 0.457847 0.384972 0.396545 0.571788 0.440174 0.256833 0.341616 0.349643 0.366378 0.310749 0.398909 0.452452 0.403753 0.427981 0.442077 0.515521 0.486567 0.519321 0.529966
 0.475915 0.523967 0.522589 0.342728 0.36234 0.349188 0.420436 0.409435 0.418962 0.536859 0.575078 0.39588 0.541663 0.439152 0.477274 0.621043 0.60847 0.490109 0.543629 0.350956
 0.489357 0.54726 0.496019 0.377377 0.445184 0.450049 0.499808 0.63813 0.464436 0.321359 0.256051 0.256471 0.307641 0.30082 0.377135 0.394202 0.474082 0.378845 0.381363 0.477418
 0.498492 0.589333 0.467355 0.411575 0.353923 0.35871 0.438153 0.497048 0.523244 0.38233 0.423988 0.632514 0.758214 0.724873 0.587383 0.547503 0.64612 0.522486 0.482928 0.337828
 0.455062 0.441425 0.393852 0.367853 0.387946 0.513111 0.450848 0.582937 0.579119 0.73785 0.515909 0.551808 0.604771 0.546592 0.539051 0.66003 0.703948 0.426444 0.366439 0.281623
 0.493695 0.537802 0.483724 0.620555 0.558674 0.390243 0.366614 0.567693 0.603265 0.460382 0.445405 0.437217 0.346125 0.479298 0.560469 0.669688 0.658759 0.651882 0.642743 0.729714
 0.49394 0.601099 0.561368 0.613695 0.386274 0.407872 0.557659 0.467279 0.35771 0.386859 0.434163 0.478456 0.597042 0.524129 0.708344 0.898488 0.767263 0.502315 0.504236 0.47122
 0.430984 0.377424 0.312972 0.431853 0.402604 0.505479 0.510435 0.597269 0.609479 0.632819 0.529872 0.620602 0.768731 0.705828 0.425735 0.432172 0.376584 0.52255 0.476791 0.450114
 0.489357 0.468142 0.499021 0.407724 0.515486 0.532148 0.394095 0.465567 0.58766 0.423812 0.388233 0.437604 0.411861 0.470594 0.586203 0.485316 0.52328 0.710488 0.521836 0.410135
 0.493805 0.421917 0.514449 0.60548 0.583341 0.508823 0.398085 0.493046 0.435501 0.396303 0.556083 0.761344 0.49207 0.473845 0.517184 0.546122 0.473701 0.445376 0.609266 0.648693
 0.471907 0.5366 0.362577 0.380629 0.226425 0.328598 0.381231 0.403592 0.499902 0.752499 0.646042 0.693791 0.473806 0.535414 0.494204 0.334846 0.476418 0.580424 0.522845 0.462285
 0.408439 0.334241 0.392014 0.497224 0.62845 0.563969 0.423581 0.411276 0.451555 0.428829 0.484891 0.563633 0.521414 0.427477 0.521928 0.504131 0.469111 0.524134 0.588756 0.554845
 0.475236 0.366545 0.431488 0.456707 0.595326 0.681454 0.578352 0.52883 0.610811 0.690597 0.555288 0.526615 0.646191 0.621855 0.382319 0.489967 0.404474 0.419808 0.415515 0.329404
 0.500067 0.57004 0.788324 0.446203 0.46659 0.401388 0.585823 0.737653 0.72724 0.726922 0.542091 0.328205 0.322616 0.467456 0.342595 0.369864 0.456954 0.49431 0.54366 0.629657
 0.492713 0.44172 0.651076 0.373098 0.369136 0.386869 0.389427 0.405326 0.593132 0.482277 0.559965 0.419629 0.532722 0.532465 0.483805 0.410913 0.368866 0.412159 0.386405 0.422637
 0.462359 0.476193 0.41599 0.435713 0.474918 0.614684 0.729434 0.599891 0.770258 0.944251 0.507424 0.42904 0.287936 0.328004 0.35485 0.495028 0.590752 0.555472 0.603406 0.776773
 0.502847 0.492862 0.67208 0.429976 0.395285 0.550131 0.647548 0.450547 0.404989 0.450951 0.561949 0.48678 0.451263 0.458229 0.400083 0.41988 0.711342 0.501725 0.623901 0.372472
 0.484992 0.456109 0.670326 0.618232 0.498988 0.649224 0.447939 0.493864 0.370244 0.365231 0.349752 0.380106 0.401046 0.386141 0.450553 0.439844 0.55371 0.818031 0.889786 0.790785
 0.478408 0.436167 0.379479 0.392587 0.499434 0.516151 0.481358 0.664978 0.640358 0.678897 0.738317 0.533001 0.610064 0.518946 0.435467 0.424648 0.494681 0.564127 0.483874 0.523955
 0.500103 0.511358 0.411194 0.379404 0.454649 0.476706 0.283238 0.37347 0.527156 0.523734 0.415971 0.468174 0.387879 0.5265 0.512333 0.418039 0.381758 0.376644 0.531283 0.602418
 0.499873 0.478587 0.575069 0.839953 1.07879 0.486941 0.279735 0.43449 0.447241 0.564609 0.653549 0.515618 0.408156 0.386847 0.371317 0.36301 0.397747 0.451319 0.536195 0.446026
 0.435067 0.544563 0.388644 0.36309 0.607366 0.388904 0.387772 0.48732 0.652634 0.662169 0.635475 0.556358 0.443561 0.454521 0.356939 0.316831 0.421734 0.453434 0.437607 0.612209
 0.448734 0.322399 0.436321 0.398902 0.415344 0.446197 0.506048 0.49914 0.507207 0.482875 0.537706 0.528727 0.531408 0.718773 0.566692 0.925135 0.511279 0.474209 0.488052 0.511388
 0.475742 0.368123 0.317333 0.304139 0.453694 0.486666 0.487369 0.61675 0.929859 0.657272 0.511322 0.384297 0.39826 0.38557 0.446535 0.438041 0.322842 0.533225 0.588793 0.479888
 0.505728 0.547957 0.594205 0.568072 0.652195 0.462221 0.45359 0.36064 0.332704 0.382593 0.532493 0.436565 0.523388 0.369197 0.297696 0.529955 0.564937 0.461115 0.618945 0.500489
 0.497033 0.512341 0.377215 0.340218 0.459194 0.439968 0.47879 0.506621 0.475458 0.505432 0.563652 0.662299 0.554277 0.46346 0.509273 0.486532 0.607885 0.596968 0.551043 0.610512
 0.500714 0.482339 0.468651 0.420743 0.441784 0.313077 0.356061 0.369125 0.372025 0.352033 0.281868 0.309019 0.455756 0.569846 0.766034 0.533672 0.592571 0.674994 0.806221 0.949117
 0.472727 0.501324 0.533939 0.641025 0.428993 0.37805 0.40963 0.500753 0.572119 0.501739 0.519374 0.616992 0.613617 0.508948 0.64788 0.522035 0.518816 0.513233 0.49445 0.344751
 0.495381 0.333958 0.548679 0.424941 0.560121 0.664237 0.590722 0.580091 0.510621 0.595441 0.745065 0.550427 0.411762 0.401573 0.43283 0.482949 0.4547 0.388727 0.398559 0.418455
 0.482053 0.509728 0.349019 0.307106 0.482828 0.460588 0.503904 0.612442 0.66242 0.584053 0.552686 0.453587 0.41353 0.662459 0.554648 0.416492 0.360076 0.322371 0.316456 0.409906
 0.473639 0.485433 0.590976 0.576112 0.474718 0.575355 0.63464 0.561706 0.821322 0.72181 0.844738 0.686464 0.933294 0.748056 0.655028 0.689041 0.460176 0.452155 0.408853 0.452911
 0.495499 0.419891 0.489849 0.467037 0.40721 0.628672 0.523741 0.608289 0.430398 0.389278 0.443706 0.425424 0.401558 0.504323 0.510272 0.357166 0.373996 0.348566 0.508039 0.683901
 0.48456 0.539473 0.435614 0.45942 0.570189 0.436555 0.355672 0.306969 0.337171 0.298927 0.345222 0.338181 0.399055 0.39912 0.5123 0.533455 0.495376 0.559856 0.556255 0.565969
 0.486948 0.48364 0.462136 0.588832 0.415291 0.33292 0.314938 0.337946 0.371609 0.37439 0.403089 0.414373 0.544714 0.472397 0.597447 0.498924 0.644661 0.472041 0.386951 0.364533
 0.453006 0.335029 0.280636 0.391776 0.385044 0.398914 0.473235 0.670105 0.667928 0.564377 0.871872 0.580312 0.927876 0.659665 0.461107 0.469754 0.463755 0.538626 0.351468 0.414151
 0.469159 0.371553 0.41919 0.473485 0.740994 0.498248 0.559275 0.703296 0.50254 0.437614 0.478231 0.48179 0.42808 0.4757 0.354421 0.404765 0.46504 0.390301 0.645628 0.556
 0.485397 0.456497 0.530953 0.363035 0.530694 0.723107 1.06078 0.672257 0.4848 0.477692 0.579133 0.516032 0.438311 0.444176 0.418093 0.591856 0.583381 0.530156 0.485072 0.481287
 0.487986 0.51945 0.436096 0.449302 0.442726 0.491989 0.527829 0.791766 0.361745 0.422809 0.366212 0.510862 0.710107 0.535316 0.451203 0.54341 0.520639 0.63303 0.578571 0.656748
 0.477438 0.373654 0.532922 0.531755 0.439944 0.422177 0.445152 0.385395 0.474672 0.525774 0.548332 0.473933 0.461551 0.356344 0.430198 0.569403 0.385802 0.487087 0.511421 0.501247
 0.492552 0.316567 0.459351 0.387879 0.497303 0.506007 0.46083 0.473418 0.365815 0.522361 0.609608 0.557081 0.65694 0.562491 0.566419 0.690051 0.845445 0.818223 0.686063 0.701842
 0.492157 0.540781 0.614217 0.606107 0.434325 0.497324 0.543156 0.28886 0.463819 0.391246 0.411595 0.396409 0.593635 0.637054 0.614892 0.363265 0.574985 0.661507 0.471437 0.354187
 0.483575 0.403169 0.465294 0.556438 0.511765 0.411055 0.600963 0.534964 0.463474 0.397378 0.371714 0.580678 0.557441 0.581252 0.74242 0.462404 0.399176 0.402582 0.326723 0.325681
