 0.489458 0.471076 0.292626 0.497573 0.76829 0.476453 0.31308 0.661923 0.483138 0.44158 0.501876 0.43299 0.517917 0.378912 0.523857 0.506391 0.472333 0.444427 0.454652 0.472236
 0.514385 0.311911 0.608796 0.580969 0.551273 0.347632 0.695882 0.503427 0.431651 0.524143 0.418614 0.473452 0.573654 0.547801 0.537194 0.450732 0.565393 0.381036 0.513253 0.386236
 0.51247 0.543725 0.37236 0.397679 0.453042 0.432248 0.436174 0.440782 0.429831 0.519826 0.513239 0.546738 0.440287 0.461648 0.599281 0.529333 0.552429 0.493922 0.609395 0.537563
 0.430388 0.450639 0.332754 0.775386 0.450756 0.385883 0.810041 0.455891 0.687936 0.487712 0.481242 0.531226 0.431799 0.556178 0.385193 0.412981 0.466159 0.458127 0.392002 0.50807
 0.386538 0.548179 0.479941 0.396057 0.530647 0.549286 0.540882 0.499619 0.550279 0.664498 0.341399 0.619531 0.535909 0.442077 0.429677 0.422765 0.448208 0.88935 0.589772 0.597225
 0.409157 0.488656 0.368584 0.469944 0.476386 0.430388 0.442977 0.598055 0.668163 0.569109 0.462873 0.560434 0.490903 0.490673 0.557861 0.54229 0.416547 0.474203 0.442114 0.511653
 0.522486 0.414297 0.449162 0.41784 0.480002 0.691295 0.425723 0.458238 0.569601 0.311711 0.882014 0.491759 0.524802 0.519287 0.51559 0.651196 0.582679 0.590415 0.450982 0.543285
 0.48982 0.441206 0.31996 0.492027 0.50509 0.412193 0.416925 0.46199 0.472516 0.467769 0.404083 0.41584 0.461226 0.463203 0.461462 0.762931 0.570179 0.602988 0.36844 0.831665
 0.391746 0.357794 0.495512 0.480084 0.579686 0.486689 0.512309 0.430684 0.503154 0.45479 0.561386 0.777303 0.406601 0.489506 0.513521 0.511222 0.51603 0.498186 0.532304 0.558079
 0.438925 0.417583 0.397226 0.404704 0.389016 0.525885 0.529204 0.404631 0.560895 0.588456 0.634581 0.636085 0.802978 0.593825 0.678479 0.904201 0.580798 0.553812 0.484141 0.413634
 0.397581 0.517558 0.533453 0.446175 0.542172 0.499751 0.507323 0.501172 0.454439 0.477751 0.495499 0.534274 0.525018 0.398921 0.584493 0.344879 0.458726 0.531487 0.664965 0.608256
 0.527354 0.45367 0.274503 0.842866 0.384468 0.392301 0.613052 0.386405 0.640587 0.451832 0.627892 0.908737 0.707717 1.00591 0.933316 0.723358 0.54714 0.49254 0.51747 0.482322
 0.434189 0.568135 0.470295 0.396421 0.541148 0.565084 0.428694 0.455075 0.274519 0.642845 0.473661 0.460387 0.52065 0.394099 0.538904 0.810481 0.397058 0.655589 0.646357 0.533558
 0.50441 0.393782 0.426503 0.544812 0.434951 0.407627 0.549848 0.506813 0.52976 0.413767 0.404729 0.462635 0.387155 0.469563 0.532307 0.562548 0.558017 0.748777 0.858824 0.806987
 0.453987 0.501154 0.374721 0.371177 0.409865 0.523841 0.454034 0.431706 0.404419 0.515126 0.622186 0.546008 0.491325 0.463482 0.583244 0.542168 0.475968 0.439639 0.678146 0.458659
 0.402113 0.35175 0.52717 0.49576 0.726322 0.761589 0.535938 0.456308 0.655976 0.427498 0.49501 0.472743 0.442936 0.37464 0.404512 0.576812 0.498853 0.445518 0.467564 0.677987
 0.426025 0.388506 0.473499 0.480735 0.363839 0.491974 0.409119 0.458387 0.493319 0.694235 0.534848 0.487884 0.621709 0.523987 0.640216 0.460805 0.596869 0.546594 0.476997 0.551247
 0.415476 0.450756 0.776102 0.422761 0.501844 0.450417 0.450433 0.452181 0.720879 0.44974 0.646284 0.48364 0.36142 0.498779 0.481935 0.522404 0.437129 0.509582 0.690791 0.574311
 0.414749 0.514423 0.322251 0.658465 0.423381 0.506805 0.413064 0.493709 0.523095 0.340931 0.698193 0.40486 0.316856 0.713203 0.501253 0.685874 0.464555 0.575126 0.46335 0.49631
 0.483385 0.373701 0.629163 0.57906 0.406866 0.361693 0.483575 0.572197 0.480143 0.464638 0.421462 0.438748 0.490069 0.363297 0.493891 0.600835 0.577358 0.503124 0.46667 0.662219
 0.603615 0.451098 0.432039 0.401839 0.360991 0.5244 0.484727 0.491624 0.510557 0.591721 0.515627 0.578121 0.647239 0.898344 0.644461 0.437326 0.397614 0.45326 0.401721 0.459254
 0.416689 0.306607 0.497152 0.455967 0.521021 0.438236 0.421402 0.488086 0.573612 0.529318 0.63873 0.470742 0.393282 0.509317 0.439397 0.580978 0.404454 0.574348 0.602349 0.673385
 0.473287 0.265461 0.530551 0.433148 0.498221 0.509169 0.409284 0.557918 0.44127 0.707815 0.761841 0.669466 0.618279 0.670305 0.516079 0.497232 0.533829 0.474901 0.450269 0.517093
 0.406814 0.520524 0.421069 0.269521 0.681691 0.484258 0.481196 0.570667 0.690189 0.46653 0.669399 0.432308 0.595592 0.511265 0.548171 0.403209 0.464038 0.432094 0.470983 0.430783
 0.401305 0.48987 0.392993 0.487401 0.390949 0.378535 0.452912 0.514154 0.459074 0.572249 0.492265 0.612043 0.525312 0.461051 0.49646 0.459475 0.449882 0.628351 0.499268 0.397649
 0.415379 0.608844 0.535991 0.400726 0.488428 0.55666 0.484243 0.503459 0.466005 0.576799 0.470576 0.478805 0.490756 0.451957 0.427039 0.482137 0.543864 0.485851 0.647239 0.567373
 0.476082 0.367694 0.59344 0.337586 0.661996 0.444234 0.414574 0.502232 0.747482 0.460655 0.59374 0.612214 0.434765 0.503091 0.498012 0.546247 0.495304 0.520192 0.673283 0.449886
 0.451405 0.424963 0.567227 0.294298 0.666182 0.409823 0.490877 0.433256 0.550267 0.424218 0.435717 0.399599 0.577488 0.522461 0.468542 0.65346 0.443548 0.481044 0.488252 0.495391
 0.539751 0.382191 0.504576 0.363223 0.429214 0.501274 0.388964 0.518214 0.584778 0.66625 0.469494 0.522193 0.537088 0.621996 0.457661 0.603858 0.452763 0.40365 0.557927 0.542393
 0.395297 0.441295 0.448484 0.423407 0.497694 0.44492 0.718965 0.713267 0.508524 0.603337 0.47929 0.792092 0.434389 0.447133 0.473538 0.397589 0.504377 0.975636 0.465435 0.45233
 0.407524 0.432297 0.356767 0.407251 0.465771 0.422844 0.610029 0.465952 0.44622 0.470761 0.570316 0.51869 0.542031 0.545728 0.462422 0.395942 0.536888 0.411049 0.612216 0.591683
 0.450957 0.487214 0.518035 0.522105 0.444474 0.569867 0.606767 0.554663 0.34799 0.784375 0.549753 0.412508 0.423828 0.456038 0.495222 0.60083 0.580225 0.336515 0.649086 0.551219
 0.495578 0.420825 0.42106 0.53801 0.349022 0.642598 0.490938 0.569215 0.549744 0.422132 0.58944 0.471245 0.428699 0.395307 0.600935 0.370212 0.457106 0.452713 0.696922 0.409355
 0.338042 0.428415 0.58586 0.445329 0.498552 0.645437 0.784042 0.526428 0.652898 0.580737 0.31405 0.655608 0.254661 0.629349 0.467615 0.507105 0.587611 0.437123 0.433092 0.542221
 0.561671 0.313179 0.582565 0.471326 0.461584 0.330919 0.755979 0.493165 0.456183 0.55847 0.554593 0.639785 0.508817 0.419406 0.422199 0.485412 0.600765 0.516014 0.8467 0.446832
 0.469285 0.431928 0.402601 0.412496 0.445997 0.424517 0.482371 0.345585 0.532972 0.520278 0.443176 0.514701 0.395889 0.582619 0.516336 0.417737 0.926868 0.733949 0.528731 0.869574
 0.460179 0.360982 0.42213 0.479302 0.411148 0.435027 0.461926 0.404093 0.574039 0.398596 0.432425 0.482981 0.48681 0.500034 0.599832 0.588408 0.872333 0.589848 0.611222 0.494557
 0.395733 0.459152 0.388603 0.559521 0.492751 0.423746 0.37493 0.412033 0.538366 0.351859 0.665051 0.544857 0.677589 0.660922 0.486164 0.733692 0.473713 0.680412 0.485008 0.404931
 0.454017 0.445136 0.47982 0.495503 0.487371 0.482964 0.863001 0.479448 0.696399 0.404305 0.617651 0.577059 0.391761 0.494732 0.520225 0.453056 0.590786 0.571544 0.462781 0.504544
 0.428525 0.412385 0.278549 0.57614 0.615802 0.533007 0.454116 0.593289 0.738454 0.472269 0.548113 0.516917 0.484653 0.522379 0.395815 0.561202 0.485467 0.458499 0.354045 0.430902
 0.51915 0.365241 0.505697 0.526372 0.411159 0.413714 0.666996 0.453786 0.53861 0.59579 0.550926 0.479484 0.504092 0.487875 0.765843 0.695915 0.959857 0.615595 0.459854 0.220461
 0.44333 0.280225 0.514447 0.525526 0.378653 0.513875 0.436751 0.545061 0.471989 0.403706 0.472489 0.512103 0.695964 0.394633 0.569117 0.530074 0.431628 0.507404 0.459283 0.541687
 0.40085 0.530839 0.448761 0.478925 0.445074 0.436214 0.627577 0.404279 0.560552 0.368519 0.50639 0.447652 0.521658 0.442657 0.643386 0.727121 0.569902 0.775963 0.654155 0.737455
 0.446158 0.37723 0.421421 0.569401 0.368838 0.774924 0.45849 0.556243 0.442279 0.482601 0.427335 0.494602 0.461705 0.431554 0.502335 0.538925 0.462444 0.558594 0.48797 0.483877
 0.496362 0.252694 0.532529 0.506342 0.379045 0.542482 0.634219 0.65431 0.521708 0.524207 0.493175 0.474412 0.429138 0.395647 0.494767 0.480706 0.685128 0.405812 0.616611 0.495706
 0.424373 0.467496 0.377398 0.433427 0.56761 0.535241 0.637557 0.502428 0.853702 0.451277 0.524777 0.514738 0.475968 0.566337 0.370331 0.522785 0.463535 0.496029 0.55256 0.563969
 0.440009 0.46967 0.325975 0.614904 0.400038 0.494212 0.590662 0.419124 0.550254 0.523979 0.413178 0.446533 0.511444 0.435938 0.429793 0.433935 0.45274 0.75628 0.615389 0.478003
 0.479312 0.409808 0.473642 0.458608 0.429349 0.411914 0.579112 0.40828 0.53732 0.650622 0.617882 0.53032 0.536731 0.500244 0.425232 0.794114 0.515098 0.63891 0.50197 0.443025
 0.557452 0.38834 0.396201 0.357732 0.534055 0.402339 0.636472 0.391753 0.5371 0.509641 0.453109 0.67182 0.749185 0.584975 0.493485 0.541811 0.445482 0.468691 0.500574 0.497761
 0.456296 0.402815 0.493785 0.311072 0.501059 0.438139 0.462815 0.436375 0.602819 0.527341 0.46033 0.842086 0.7106 0.597631 0.602778 0.528057 0.46656 0.467424 0.415568 0.549866
 0.405106 0.546787 0.465041 0.470262 0.454755 0.406875 0.464106 0.425804 0.51887 0.47031 0.516107 0.450577 0.451459 0.404565 0.57295 0.556259 0.4594 0.415135 0.500672 0.686469
 0.497159 0.394034 0.471502 0.426166 0.390569 0.567933 0.390953 0.470711 0.563671 0.483555 0.469444 0.479554 0.50759 0.678258 0.584549 0.499468 0.799437 0.749004 0.697769 0.548645
 0.466592 0.457385 0.365011 0.671766 0.403632 0.439469 0.578469 0.480268 0.522762 0.456636 0.455618 0.54099 0.530024 0.469765 0.573042 0.534863 0.608488 0.483293 0.534258 0.456872
 0.49562 0.552158 0.468214 0.419133 0.338171 0.65463 0.506885 0.38699 0.520083 0.566715 0.409758 0.462022 0.452081 0.574385 0.47491 0.518834 0.484251 0.4969 0.543595 0.608377
 0.405796 0.688033 0.431968 0.494396 0.425821 0.47666 0.517165 0.525959 0.388259 0.45479 0.581065 0.406076 0.535435 0.40934 0.531319 0.489286 0.371774 0.657731 0.593195 0.523399
 0.431396 0.458769 0.395068 0.452046 0.5803 0.377565 0.477745 0.478044 0.458521 0.393853 0.453723 0.589793 0.559548 0.60307 0.536063 0.47144 0.607448 0.464748 0.480574 0.486216
 0.428902 0.527937 0.421775 0.526233 0.617259 0.495819 0.780904 0.541088 0.585126 0.439994 0.508589 0.434823 0.434399 0.292175 0.604898 0.560612 0.473118 0.65847 0.480427 0.731752
 0.533107 0.492648 0.472946 0.467949 0.308534 0.489468 0.468512 0.432118 0.646675 0.54753 0.517537 0.40107 0.659224 0.643369 0.605574 0.446253 0.711377 0.431171 0.600961 0.485526
 0.498462 0.329082 0.522277 0.323622 0.547578 0.421494 0.614905 0.469775 0.470845 0.374615 0.454515 0.480743 0.466213 0.539609 0.647272 0.469799 0.535508 0.520127 0.610752 0.663467
 0.518791 0.431907 0.406868 0.429063 0.414417 0.646554 0.514223 0.631267 0.542948 0.289269 0.654647 0.534602 0.685625 0.661879 0.586161 0.470785 0.558925 0.41623 0.507294 0.424026
 0.343851 0.56247 0.502258 0.451085 0.58104 0.494857 0.430881 0.496274 0.452235 0.527716 0.37813 0.622256 0.453435 0.458865 0.656897 0.531691 0.588411 0.56853 0.670558 0.626457
 0.384368 0.491544 0.487474 0.428693 0.44903 0.571571 0.468917 0.438338 0.564287 0.513125 0.534269 0.511215 0.45064 0.51362 0.526472 0.550698 0.433832 0.718233 0.625229 0.429551
 0.497574 0.415892 0.491242 0.507048 0.410084 0.437324 0.423948 0.512077 0.482866 0.493391 0.537834 0.590347 0.496091 0.559516 0.614036 0.502157 0.526771 0.70835 0.470563 0.558774
 0.481325 0.475893 0.525374 0.409731 0.41815 0.389329 0.470988 0.498687 0.48102 0.495638 0.468894 0.445133 0.634545 0.56206 0.676136 0.659566 0.565478 0.647584 0.519256 0.406433
 0.500914 0.38564 0.463324 0.457426 0.595031 0.347799 0.42383 0.700168 0.483873 0.456049 0.458542 0.499413 0.490762 0.480753 0.371568 0.895884 0.467976 0.573516 0.48113 0.443264
 0.643269 0.364665 0.399767 0.404943 0.610775 0.699479 0.437671 0.510843 0.375939 0.339566 0.71591 0.449379 0.42306 0.615369 0.535328 0.778805 0.520183 0.581598 0.619067 0.384414
 0.407191 0.437722 0.388181 0.489042 0.399334 0.640303 0.448463 0.43864 0.525363 0.575805 0.613895 0.619051 0.566776 0.52927 0.518566 0.574377 0.498942 0.498643 0.46383 0.602859
 0.400032 0.522724 0.335945 0.509762 0.369384 0.511631 0.459321 0.465136 0.50746 0.591961 0.808927 0.657043 0.395125 0.542876 0.489982 0.592759 0.497516 0.516921 0.59315 0.389293
 0.4153 0.680006 0.360509 0.580206 0.472506 0.313736 0.83303 0.436572 0.471488 0.603649 0.41552 0.524391 0.437661 0.474044 0.536526 0.480279 0.460049 0.548123 0.427849 0.501046
 0.34255 0.566706 0.40854 0.422513 0.476706 0.403518 0.399647 0.420021 0.629452 0.874415 0.771232 0.653242 0.886731 0.792766 0.691436 0.49393 0.426514 0.563711 0.472077 0.421562
 0.449721 0.457418 0.338294 0.695913 0.343581 0.61405 0.391705 0.474279 0.557653 0.493315 0.4477 0.531863 0.488094 0.409579 0.421715 0.462836 0.3154 0.725624 0.422756 0.434596
 0.517007 0.423163 0.472727 0.395055 0.449052 0.553531 0.478093 0.49636 0.589045 0.425597 0.458974 0.473933 0.483595 0.324047 0.449425 0.447371 0.423367 0.432133 0.607893 0.471157
 0.427958 0.443422 0.446762 0.654341 0.491506 0.400763 0.415572 0.560904 0.540879 0.551498 0.494531 0.43947 0.5914 0.507414 0.483627 0.41644 0.572528 0.495188 0.337547 0.584393
 0.602018 0.372867 0.451695 0.350439 0.515998 0.504219 0.746661 0.548338 0.401459 0.594386 0.767505 0.493081 0.392993 0.604058 0.478672 0.475834 0.452974 0.487856 0.420541 0.547393
 0.48255 0.34748 0.328907 0.661696 0.454793 0.555515 0.57924 0.535369 0.571939 0.619065 0.939886 0.502826 0.577855 0.469974 0.414477 0.587706 0.442075 0.517035 0.605368 0.47399
 0.504626 0.450725 0.367838 0.708459 0.453428 0.51949 0.409665 0.413597 0.433801 0.456048 0.375016 0.565176 0.398953 0.521024 0.503812 0.498473 0.493374 0.486746 0.601342 0.378748
 0.405459 0.438338 0.486514 0.380085 0.449252 0.500348 0.456875 0.561498 0.754265 0.619053 0.579863 0.392945 0.485184 0.509319 0.464002 0.566689 0.48299 0.529044 0.476717 0.576608
 0.482071 0.369581 0.65224 0.460533 0.450885 0.451361 0.370161 0.517164 0.572422 0.489581 0.407711 0.541331 0.532153 0.666698 0.520907 0.650861 0.514387 0.452681 0.610536 0.583206
 0.545961 0.434417 0.414831 0.475165 0.461874 0.504941 0.537825 0.452397 0.570413 0.564135 0.441959 0.527164 0.542351 0.889909 0.690729 0.449936 0.562178 0.578152 0.588651 0.467395
 0.452225 0.376882 0.380624 0.41595 0.662776 0.662174 0.483367 0.395351 0.650755 0.555111 0.525278 0.469057 0.565416 0.559549 0.442743 0.494295 0.659367 0.523095 0.502615 0.528189
 0.530273 0.465823 0.434152 0.535326 0.555201 0.488248 0.494163 0.425804 0.58279 0.532529 0.546561 0.457985 0.467564 0.635147 0.550729 0.441248 0.490754 0.365332 0.476082 0.415983
 0.44592 0.44002 0.530362 0.479457 0.509323 0.468057 0.450833 0.434937 0.540779 0.493314 0.451711 0.43809 0.405243 0.571438 0.468 0.529291 0.584543 0.363467 0.467779 0.614297
 0.503926 0.391688 0.607579 0.468207 0.451704 0.418882 0.57106 0.639552 0.54014 0.452034 0.401665 0.513772 0.504077 0.497206 0.507433 0.549861 0.552452 0.451145 0.606179 0.55241
 0.398598 0.728538 0.485907 0.54785 0.439208 0.454142 0.403245 0.533892 0.460716 0.400128 0.478998 0.48111 0.415974 0.543769 0.404313 0.524252 0.641201 0.403662 0.598116 0.477098
 0.448117 0.555269 0.402073 0.464162 0.431229 0.331188 0.445398 0.455005 0.406382 0.504402 0.463303 0.604126 0.50026 0.623513 0.591473 0.562286 0.429648 0.544529 0.472483 0.400488
 0.459329 0.444176 0.51361 0.405712 0.427879 0.458818 0.851693 0.482031 0.56809 0.48504 0.64137 0.578409 0.686508 0.50078 0.482115 0.498006 0.473958 0.555978 0.633203 0.439777
 0.530979 0.439145 0.356525 0.546294 0.332835 0.511569 0.571046 0.291636 0.482409 0.570226 0.582596 0.500662 0.651228 0.446316 0.501492 0.420706 0.563035 0.409296 0.436581 0.544226
 0.48528 0.461214 0.372415 0.618786 0.595058 0.614456 0.467661 0.437731 0.435018 0.55201 0.637716 0.611135 0.518894 0.472526 0.493483 0.412057 0.468758 0.524278 0.831362 0.572304
 0.418188 0.547907 0.325124 0.336919 0.515721 0.63131 0.523491 0.459212 0.673102 0.565347 0.496391 0.553753 0.620001 0.526519 0.512009 0.542666 0.358917 0.505467 0.544383 0.407206
 0.509268 0.500384 0.417114 0.463445 0.522463 0.481994 0.459434 0.518192 0.530102 0.56261 0.451564 0.420456 0.456906 0.506009 0.508996 0.529109 0.530315 0.410283 0.57449 0.429556
 0.516177 0.423411 0.417809 0.331794 0.443714 0.455091 0.549233 0.560745 0.640142 0.751877 0.674658 0.75555 0.522476 0.655077 0.599233 0.382328 0.50849 0.501784 0.425352 0.479588
 0.480102 0.483633 0.582478 0.4891 0.388876 0.447747 0.453227 0.588137 0.441304 0.433536 0.469247 0.481928 0.472483 0.605322 0.494817 0.452291 0.563442 0.447145 0.37406 0.620419
 0.479259 0.401522 0.453566 0.435143 0.507834 0.315157 0.481237 0.663319 0.389383 0.50493 0.526303 0.385126 0.46756 0.473449 0.580963 0.585824 0.426524 0.512411 0.661509 0.6102
 0.406049 0.549012 0.502264 0.503274 0.302458 0.8334 0.613226 0.547667 0.370527 0.700112 0.49891 0.518643 0.498548 0.445924 0.484669 0.451329 0.468247 0.390728 0.537969 0.626111
 0.50108 0.37973 0.449412 0.410105 0.469166 0.497425 0.392628 0.573505 0.381891 0.545845 0.483481 0.572667 0.521972 0.584741 0.312879 1.13601 0.408001 0.464461 0.498373 0.542198
 0.551858 0.402006 0.38335 0.419588 0.460806 0.860173 0.384335 0.407529 0.469183 0.443733 0.575656 0.48216 0.599307 0.535839 0.796145 0.454627 0.821029 0.687567 0.60089 0.472194
 0.505992 0.407482 0.365879 0.561982 0.51696 0.602422 0.434733 0.457899 0.529614 0.617826 0.451797 0.60278 0.416359 0.526037 0.442627 0.5985 0.427386 0.491866 0.495145 0.41719
 0.606053 0.389964 0.466498 0.446743 0.465313 0.463715 0.48905 0.409324 0.537273 0.483702 0.494013 0.435549 0.439987 0.421066 0.40593 0.545358 0.405973 0.461562 0.552562 0.568925
 0.27719 0.569337 0.462886 0.481482 0.648231 0.606316 0.539708 0.631327 0.604814 0.696952 0.506363 0.486591 0.486623 0.637888 0.574358 0.372323 0.503426 0.446739 0.415597 0.5904
 0.481999 0.445652 0.401553 0.507706 0.501709 0.409444 0.494199 0.52518 0.478147 0.394167 0.506011 0.460484 0.515409 0.381345 0.394286 0.573923 0.540297 0.527965 0.65387 0.561039
 0.479263 0.37849 0.442099 0.346573 0.675491 0.532951 0.438406 0.551549 0.426929 0.44491 0.436513 0.452847 0.464582 0.612569 0.685432 0.554375 0.52114 0.713145 0.719011 0.668151
 0.419576 0.317189 0.505599 0.347587 0.70473 0.521442 0.362933 0.709362 0.569842 0.642508 0.771992 0.514833 0.473908 0.585304 0.339192 0.428943 0.398867 0.794622 0.499794 0.479984
 0.465697 0.55727 0.457577 0.51796 0.399797 0.483976 0.519382 0.458462 0.620184 0.495105 0.594052 0.557467 0.514367 0.693113 0.748262 0.425654 0.557365 0.561281 0.477279 0.437223
 0.488274 0.451884 0.620862 0.370976 0.726608 0.531908 0.419822 0.456134 0.366075 0.515758 0.381111 0.524572 0.500979 0.465384 0.512221 0.486272 0.61057 0.567662 0.51035 0.528086
 0.485081 0.481202 0.333087 0.407151 0.588559 0.50846 0.429492 0.531393 0.485953 0.591165 0.472696 0.462801 0.492836 0.484208 0.411778 0.543356 0.441116 0.482009 0.699253 0.914885
 0.374774 0.593806 0.283217 0.774094 0.669179 0.679264 0.659024 0.531263 0.665246 0.570566 0.499948 0.487974 0.783512 0.386123 0.532028 0.446683 0.616843 0.462238 0.357084 0.440459
 0.52593 0.454031 0.44361 0.340359 0.654644 0.520043 0.457817 0.518311 0.592079 0.414514 0.53448 0.576943 0.608074 0.44379 0.53 0.425258 0.41579 0.404157 0.504165 0.460412
 0.471196 0.489752 0.479273 0.477107 0.440943 0.496573 0.573798 0.515586 0.580021 0.582554 0.354651 0.585073 0.560191 0.653752 0.51749 0.460869 0.508806 0.419942 0.339808 0.580696
 0.385231 0.470592 0.450594 0.502032 0.379489 0.447573 0.542339 0.617278 0.4716 0.482106 0.511423 0.576594 0.599449 0.407923 0.643623 0.460222 0.462402 0.484431 0.525269 0.562819
 0.434518 0.380005 0.447196 0.525157 0.446959 0.457183 0.455727 0.411762 0.552126 0.49956 0.506908 0.420577 0.592154 0.380503 0.511794 0.51295 0.472641 0.443685 0.469042 0.53734
 0.326942 0.524104 0.475158 0.413887 0.400537 0.408247 0.581739 0.363331 0.453703 0.442833 0.602196 0.391623 0.526603 0.672296 0.51756 0.546136 0.573956 0.505397 0.554003 0.618184
 0.414016 0.464402 0.348517 0.585557 0.454399 0.471672 0.390396 0.456531 0.608024 0.456293 0.650729 0.403496 0.545392 0.572824 0.491674 0.530346 0.535042 0.483628 0.624494 0.394961
 0.454395 0.471632 0.464432 0.530033 0.375487 0.44475 0.622997 0.432888 0.677496 0.568212 0.52186 0.426978 0.412947 0.593709 0.569266 0.436232 0.375395 0.460693 0.519394 0.435248
 0.521816 0.403145 0.473239 0.409145 0.635141 0.448189 0.376647 0.426709 0.478925 0.566616 0.488382 0.56164 0.472 0.586071 0.695446 0.518319 0.399951 0.517696 0.516008 0.411913
 0.43228 0.369073 0.577381 0.466073 0.673695 0.542584 0.484888 0.533176 0.467961 0.694769 0.623174 0.755953 0.473453 0.445784 0.538069 0.492039 0.452035 0.527251 0.446099 0.443336
 0.435303 0.520313 0.433183 0.497002 0.444054 0.425021 0.65513 0.417855 0.63355 0.459964 0.385728 0.4826 0.643031 0.527622 0.716887 0.491649 0.48956 0.389689 0.686573 0.397329
 0.469268 0.405907 0.414601 0.496605 0.431393 0.405883 0.560532 0.416644 0.471114 0.474321 0.383707 0.540878 0.517346 0.584376 0.436688 0.38463 0.661843 0.398271 0.59538 0.426952
 0.465809 0.351965 0.711837 0.461681 0.449918 0.396631 0.616546 0.452072 0.465037 0.469475 0.768191 0.602615 0.588343 0.456986 0.667002 0.579865 0.686009 0.507063 0.462573 0.457211
 0.306533 0.606741 0.553366 0.470682 0.465741 0.432145 0.480112 0.642628 0.449125 0.5762 0.500586 0.453737 0.541841 0.823976 0.419838 0.507521 0.347779 0.508186 0.48923 0.557338
 0.475373 0.445412 0.467983 0.380395 0.59908 0.486993 0.441298 0.502896 0.349573 0.706504 0.903401 0.480348 0.476038 0.69488 0.471473 0.630495 0.396855 0.53654 0.501997 0.452195
 0.493344 0.419753 0.458439 0.447163 0.554506 0.583228 0.63948 0.517519 0.591772 0.502717 0.374205 0.646509 0.434971 0.456558 0.409429 0.421702 0.437784 0.412505 0.512026 0.453173
 0.448275 0.521832 0.606051 0.43755 0.459768 0.493988 0.277839 0.623377 0.453896 0.382457 0.656656 0.514897 0.59615 0.448659 0.445848 0.420079 0.503642 0.481003 0.528121 0.367219
 0.520654 0.444639 0.410806 0.470011 0.420765 0.425217 0.379289 0.589779 0.474096 0.478008 0.622812 0.540423 0.983632 0.791906 0.440155 0.578092 0.591826 0.454368 0.487018 0.470764
 0.479941 0.429195 0.341427 0.543016 0.411704 0.653943 0.550158 0.598232 0.456963 0.529323 0.458882 0.455511 0.538535 0.482782 0.570891 0.525738 0.430812 0.449435 0.508812 0.464453
 0.382398 0.482156 0.512631 0.577829 0.403959 0.391508 0.453478 0.45267 0.461487 0.609427 0.547949 0.564583 0.61996 1.22565 0.529073 0.555358 0.599263 0.410282 0.411047 0.501412
 0.324228 0.545361 0.401431 0.803515 0.246509 0.465581 0.640479 0.470739 0.670034 0.54776 0.676561 0.415726 0.467548 0.481612 0.446545 0.491186 0.599337 0.52023 0.471371 0.537939
 0.509991 0.369512 0.409768 0.482873 0.37247 0.470114 0.411346 0.550073 0.512092 0.799647 0.610229 0.694583 0.442381 0.472668 0.508069 0.555817 0.413989 0.460793 0.480583 0.490177
 0.466088 0.459671 0.341319 0.390992 0.488127 0.566182 0.494483 0.521693 0.499357 0.569008 0.474619 0.5873 0.489041 0.488053 0.399481 0.440551 0.558821 0.5952 0.549784 0.486166
 0.427766 0.400991 0.466182 0.345121 0.484978 0.505701 0.630674 0.462648 0.553517 0.552517 0.466578 0.510185 0.488296 0.539688 0.459872 0.417979 0.527494 0.64115 0.492575 0.474988
 0.423452 0.461619 0.519787 0.413814 0.489775 0.413135 0.496272 0.489004 0.501796 0.434367 0.628113 0.536066 0.472403 0.519473 0.453264 0.550243 0.366612 0.513413 0.592909 0.445772
 0.40325 0.661536 0.365103 0.577455 0.424424 0.584601 0.579038 0.494452 0.496498 0.535645 0.456205 0.505259 0.465335 0.466118 0.634448 0.451541 0.455952 0.450665 0.47924 0.556535
 0.469475 0.419715 0.354883 0.303138 0.626365 0.49683 0.390632 0.489538 0.520407 0.427888 0.479257 0.596328 0.369091 0.450297 0.602549 0.533687 0.673912 0.360783 0.499223 0.750655
 0.337349 0.556105 0.437885 0.557792 0.441259 0.425364 0.507986 0.461594 0.558309 0.487616 0.541489 0.467504 0.467297 0.485267 0.48884 0.528522 0.462296 0.439821 0.620482 0.504442
 0.328252 0.691716 0.366509 0.382289 0.476653 0.340641 0.525803 0.425028 0.56431 0.459908 0.5869 0.439255 0.755831 0.739747 0.691037 0.586825 0.491997 0.463128 0.723189 0.456968
 0.497607 0.480318 0.429362 0.418088 0.42806 0.344454 0.465756 0.48185 0.502809 0.415149 0.56394 0.63733 0.506924 0.446631 0.573342 0.49447 0.754668 0.482854 0.552273 0.432406
 0.476085 0.489895 0.391088 0.529587 0.455571 0.503551 0.484867 0.586437 0.817099 0.67408 0.53233 0.465871 0.717043 0.373819 0.533356 0.503332 0.675629 0.626646 0.455657 0.387862
 0.353377 0.465009 0.502728 0.326394 0.601454 0.311354 0.753653 0.510186 0.5164 0.540884 0.505375 0.510367 0.47424 0.427769 0.483592 0.48556 0.513627 0.701119 0.600992 0.63137
 0.421705 0.699086 0.482294 0.619929 0.521709 0.388045 0.529586 0.491096 0.381118 0.486043 0.458843 0.54915 0.504763 0.659863 0.431577 0.596432 0.582831 0.517036 0.63899 0.413019
 0.545679 0.440709 0.362524 0.596516 0.354865 0.414444 0.298103 0.580195 0.50904 0.506039 0.852663 0.776109 0.579928 0.48616 0.544791 0.518229 0.4717 0.364665 0.492923 0.562023
 0.406812 0.472918 0.460745 0.466146 0.345591 0.649164 0.47108 0.564045 0.509838 0.590733 0.459176 0.452777 0.452313 0.527585 0.755167 0.525202 0.553342 0.474962 0.394977 0.441303
 0.53075 0.326484 0.312624 0.689446 0.299783 0.72073 0.440586 0.424545 0.476895 0.554816 0.504577 0.574493 0.435122 0.837641 0.657484 0.550484 0.53879 0.525628 0.429909 0.526298
 0.427006 0.379542 0.622992 0.416482 0.613698 0.477449 0.502403 0.457696 0.611267 0.496056 0.309278 0.339714 0.436207 0.63295 0.330043 0.680969 0.549299 0.500527 0.427236 0.546777
 0.446385 0.504968 0.317585 0.545719 0.448935 0.380959 0.551897 0.458191 0.529281 0.464775 0.524524 0.38953 0.428885 0.478949 0.537084 0.452435 0.33118 0.45477 0.549202 0.475734
 0.462284 0.272229 0.534168 0.45472 0.488541 0.461623 0.550753 0.705061 0.558091 0.54125 0.562635 0.638899 0.621666 0.68398 0.58994 0.555206 0.477076 0.563867 0.416782 0.395215
 0.435478 0.336423 0.461312 0.442331 0.529943 0.43466 0.466752 0.715151 0.548445 0.596833 0.590284 0.575573 0.419845 0.504605 0.390243 0.560116 0.371219 0.460555 0.494628 0.463478
 0.358616 0.459656 0.455409 0.581501 0.698563 0.60391 0.498936 0.488383 0.53844 0.445109 0.539662 0.475514 0.457979 0.468894 0.513677 0.410589 0.605704 0.522394 0.558814 0.785652
 0.517401 0.315518 0.513792 0.549061 0.398852 0.552414 0.471397 0.407065 0.500092 0.443175 0.474734 0.724139 0.535954 0.543103 0.592974 0.786817 0.860059 0.694302 0.620811 0.58785
 0.464227 0.377524 0.507368 0.323998 0.4753 0.526519 0.533139 0.491787 0.392551 0.45808 0.522837 0.486206 0.441127 0.502997 0.521157 0.491448 0.545238 0.556492 0.562976 0.486939
 0.398925 0.449065 0.335338 0.660084 0.565659 0.807822 0.509782 0.769596 0.540408 0.364221 0.232346 0.485669 0.567521 0.563803 0.481671 0.621828 0.760837 0.502757 0.518169 0.431296
 0.378985 0.424463 0.382065 0.51561 0.651118 0.548515 0.525885 0.515368 0.34121 0.694301 0.608833 0.455931 0.483635 0.433941 0.531658 0.360039 0.681473 0.571099 0.476285 0.544762
 0.431519 0.498531 0.428237 0.478277 0.456362 0.556305 0.42794 0.560329 0.450533 0.538662 0.471091 0.546697 0.392506 0.384805 0.505251 0.540104 0.441761 0.402195 0.550459 0.694334
 0.511982 0.333043 0.566212 0.38971 0.459216 0.461383 0.423299 0.46153 0.498499 0.617246 0.482954 0.494625 0.491903 0.49411 0.516006 0.527121 0.437488 0.542189 0.473003 0.696564
 0.502415 0.506695 0.355358 0.467554 0.50264 0.47993 0.643414 0.581168 0.389726 0.533579 0.494217 0.526535 0.448367 0.520224 0.499379 0.46002 0.474515 0.482999 0.522748 0.626007
 0.429288 0.516327 0.406124 0.557337 0.485919 0.419055 0.497843 0.548127 0.480769 0.572217 0.511069 0.536227 0.580104 0.508885 0.52439 0.492619 0.529629 0.435969 0.479976 0.515216
 0.442651 0.398369 0.409123 0.442297 0.391424 0.724326 0.53062 0.514237 0.590153 0.443275 0.501758 0.385035 0.72442 0.44622 0.469092 0.438776 0.464819 0.43556 0.582872 0.53984
 0.414244 0.470257 0.432875 0.449596 0.468451 0.301838 0.566263 0.531381 0.615776 0.499604 0.471387 0.458865 0.428043 0.627476 0.540241 0.786743 0.546124 0.559552 0.457091 0.412616
 0.412298 0.499284 0.703872 0.370755 0.511053 0.446753 0.460191 0.433567 0.582836 0.405299 0.508584 0.469618 0.459705 0.564851 0.5264 0.448138 0.619477 0.564426 0.430808 0.444506
 0.491912 0.465065 0.538445 0.310707 0.475083 0.493002 0.624034 0.336529 0.565757 0.396463 0.435568 0.525417 0.491671 0.603424 0.522796 0.495346 0.378452 0.880503 0.589114 0.493423
 0.465557 0.478055 0.424605 0.34373 0.47571 0.650231 0.34558 0.433927 0.445668 0.551861 0.409193 0.478302 0.51509 0.472221 0.507477 0.516204 0.695512 0.56593 0.538709 0.562098
 0.418267 0.489741 0.611919 0.398151 0.426147 0.386675 0.49612 0.498237 0.395077 0.441427 0.704758 0.45307 0.677267 0.54799 0.490066 0.650276 0.649274 0.468956 0.641762 0.404788
 0.422708 0.47639 0.509651 0.396609 0.477436 0.467422 0.477979 0.594898 0.480235 0.48173 0.4168 0.383935 0.495274 0.405443 0.471236 0.434476 0.633186 0.51674 0.464676 0.526915
 0.418416 0.552487 0.4549 0.391787 0.446911 0.412799 0.435416 0.448629 0.583603 0.458279 0.39477 0.492823 0.564186 0.653962 0.577755 0.520427 0.707982 0.600413 0.640483 0.426096
 0.424763 0.468477 0.477461 0.4739 0.4031 0.483266 0.393184 0.52757 0.473192 0.693275 0.560799 0.546492 0.546315 0.514801 0.487476 0.571383 0.665473 0.401812 0.571147 0.379962
 0.445154 0.521062 0.427275 0.594993 0.681265 0.472406 0.363678 0.469712 0.553312 0.455616 0.4686 0.534049 0.385849 0.437106 0.483032 0.609341 0.601597 0.616167 0.529355 0.567326
 0.420133 0.558375 0.402803 0.603921 0.426714 0.393587 0.528035 0.512884 0.410775 0.424233 0.441959 0.440488 0.657364 0.568258 0.669035 0.797439 0.81538 0.564287 0.565234 0.490702
 0.425364 0.483736 0.347162 0.453429 0.371817 0.463661 0.469661 0.59773 0.595129 0.684024 0.614695 0.605094 0.628288 0.708208 0.427639 0.483684 0.370015 0.538015 0.536837 0.508132
 0.478957 0.44249 0.52567 0.417389 0.505556 0.502285 0.376199 0.305865 0.640773 0.517082 0.456914 0.549518 0.492551 0.449554 0.583158 0.53089 0.478515 0.619748 0.486877 0.456888
 0.522734 0.427791 0.507455 0.539606 0.491504 0.503396 0.383735 0.510708 0.523937 0.410832 0.447644 0.651977 0.512232 0.482914 0.520165 0.609213 0.533817 0.407565 0.5245 0.596329
 0.405651 0.56864 0.391815 0.588027 0.328963 0.424997 0.462105 0.414845 0.419328 0.694783 0.480364 0.695726 0.482857 0.571032 0.736899 0.422889 0.506527 0.657393 0.612942 0.481333
 0.425935 0.374559 0.421693 0.471077 0.53491 0.571385 0.47606 0.463552 0.576299 0.531344 0.532311 0.578324 0.630264 0.496091 0.590948 0.548845 0.480626 0.487274 0.533042 0.503843
 0.519704 0.407334 0.491478 0.411038 0.383958 0.605281 0.61056 0.495442 0.476918 0.591495 0.56006 0.49681 0.583754 0.696294 0.420261 0.612487 0.481615 0.464283 0.52464 0.319528
 0.431196 0.367319 0.764939 0.45225 0.517328 0.390722 0.453934 0.541423 0.544156 0.646469 0.623212 0.446196 0.361986 0.567075 0.452808 0.439848 0.489568 0.520424 0.509362 0.58404
 0.492128 0.325039 0.684586 0.409457 0.405376 0.424133 0.423627 0.368838 0.635556 0.454649 0.633707 0.438437 0.548733 0.579574 0.533078 0.472762 0.420356 0.496918 0.463721 0.506978
 0.411044 0.478233 0.446251 0.452461 0.410341 0.444779 0.532295 0.411919 0.466303 0.9148 0.538294 0.565746 0.424668 0.50813 0.482027 0.583366 0.620382 0.551865 0.530092 0.841882
 0.471054 0.385152 0.605869 0.475813 0.38248 0.476015 0.639684 0.563556 0.461 0.444537 0.562304 0.505103 0.442288 0.493866 0.459817 0.346764 0.840007 0.486449 0.823349 0.479453
 0.454616 0.305768 0.433478 0.470289 0.33239 0.613006 0.45431 0.598024 0.461901 0.47995 0.463364 0.491971 0.512169 0.436392 0.478953 0.434573 0.479593 0.647587 0.652294 0.661648
 0.46822 0.504208 0.455786 0.421255 0.520309 0.54558 0.363642 0.598703 0.602155 0.607408 0.648177 0.446235 0.534009 0.535315 0.489758 0.427998 0.460641 0.616355 0.514377 0.556639
 0.448783 0.488532 0.444449 0.392009 0.46437 0.754387 0.391953 0.395287 0.485313 0.597573 0.446525 0.520509 0.379794 0.519084 0.60401 0.509824 0.480957 0.380548 0.500646 0.694036
 0.494108 0.425948 0.347309 0.441013 0.94168 0.637254 0.269067 0.49533 0.451825 0.57685 0.728452 0.577656 0.449617 0.430164 0.449054 0.464928 0.491762 0.466103 0.625721 0.438605
 0.357945 0.550228 0.43793 0.286083 0.628221 0.419755 0.398718 0.456176 0.614697 0.658793 0.609843 0.643838 0.503263 0.511821 0.458152 0.357175 0.480217 0.597537 0.535845 0.673551
 0.463556 0.32845 0.469747 0.429185 0.423635 0.456135 0.515489 0.51049 0.58904 0.486639 0.536983 0.57441 0.511921 0.869026 0.468125 0.704746 0.429605 0.455749 0.47334 0.600551
 0.491831 0.396746 0.460146 0.357025 0.502121 0.531344 0.427714 0.339836 0.714757 0.508949 0.558453 0.427561 0.447403 0.394102 0.441109 0.607667 0.362194 0.572698 0.736796 0.554266
 0.407334 0.503229 0.476835 0.338222 0.569392 0.42149 0.470858 0.435853 0.392309 0.378767 0.54915 0.401282 0.611554 0.575169 0.335931 0.585731 0.723756 0.503328 0.719414 0.539104
 0.446215 0.505368 0.419471 0.352559 0.512537 0.506728 0.516661 0.48609 0.454793 0.482626 0.539061 0.785494 0.678625 0.472134 0.513635 0.445116 0.519974 0.566148 0.503863 0.632173
 0.477902 0.457141 0.489361 0.379309 0.559209 0.400949 0.454086 0.450756 0.471399 0.536376 0.425876 0.37746 0.48053 0.510189 0.81229 0.565689 0.5438 0.529018 0.551744 0.822331
 0.425961 0.422861 0.351985 0.523637 0.476333 0.403742 0.39953 0.466214 0.548502 0.484795 0.488858 0.617578 0.658125 0.449787 0.595481 0.528039 0.567319 0.588462 0.64498 0.611813
 0.559848 0.280487 0.589566 0.427678 0.500284 0.58561 0.551286 0.667555 0.567702 0.502503 0.576092 0.603766 0.480301 0.440376 0.46778 0.518058 0.533074 0.445782 0.436439 0.544543
 0.363516 0.570283 0.458078 0.2695 0.42934 0.469431 0.44667 0.494095 0.546752 0.578669 0.684259 0.617735 0.401421 0.564899 0.590396 0.513908 0.515633 0.500272 0.409411 0.568327
 0.433805 0.414194 0.512579 0.511618 0.4048 0.43284 0.654294 0.464154 0.63625 0.496181 0.707031 0.526749 0.734652 0.572648 0.494857 0.58921 0.425865 0.440132 0.400779 0.445138
 0.515915 0.403681 0.442821 0.502409 0.344309 0.675169 0.401148 0.688262 0.450725 0.38035 0.432301 0.449491 0.394666 0.532243 0.632481 0.387516 0.525 0.408575 0.519203 0.760657
 0.422446 0.555634 0.443189 0.38613 0.522184 0.474991 0.44125 0.393005 0.463082 0.39334 0.47898 0.43775 0.533329 0.447916 0.496482 0.563958 0.505803 0.512914 0.472252 0.592176
 0.451558 0.470648 0.348904 0.595278 0.503541 0.443619 0.423047 0.437882 0.497029 0.451659 0.45665 0.396225 0.573572 0.4434 0.637967 0.452543 0.787235 0.65261 0.518792 0.404266
 0.486736 0.450673 0.335468 0.469298 0.463291 0.439023 0.380704 0.607866 0.617148 0.35452 0.946294 0.510991 0.847784 0.654275 0.53404 0.545164 0.414701 0.55633 0.398908 0.482003
 0.499285 0.423962 0.466383 0.343414 0.687783 0.451801 0.454968 0.593695 0.466469 0.439842 0.458219 0.459442 0.398163 0.529239 0.406896 0.431899 0.600834 0.383404 0.603491 0.508395
 0.45106 0.398089 0.59972 0.368286 0.471376 0.534365 0.860445 0.693794 0.599605 0.539902 0.591575 0.50304 0.435069 0.481125 0.386969 0.560187 0.662331 0.635939 0.560584 0.52673
 0.436926 0.458111 0.375465 0.419023 0.393293 0.504795 0.422402 0.853751 0.427635 0.563901 0.432639 0.493629 0.730665 0.571153 0.435765 0.539752 0.500255 0.693048 0.562582 0.6917
 0.500944 0.353951 0.475187 0.508151 0.463062 0.422647 0.46606 0.398764 0.50522 0.532419 0.550075 0.499986 0.630797 0.478205 0.491386 0.767437 0.449963 0.479653 0.535649 0.565546
 0.544899 0.283981 0.515947 0.386944 0.458297 0.492249 0.450501 0.539931 0.370535 0.509999 0.576516 0.443927 0.551515 0.522752 0.497645 0.556837 0.723007 0.863982 0.683322 0.750189
 0.43581 0.465326 0.525016 0.568838 0.404093 0.433476 0.616272 0.264071 0.518862 0.434644 0.49007 0.370718 0.543667 0.696561 0.929548 0.449185 0.567251 0.698694 0.598016 0.529265
 0.493867 0.401381 0.410441 0.526662 0.658149 0.442828 0.572269 0.503658 0.545317 0.560743 0.409632 0.572302 0.467824 0.415935 0.615917 0.471829 0.443689 0.527706 0.44659 0.446555
