 1.55769e+06 380746 669672 502518 647349 759603 1.80531e+06 1.66698e+06 1.73574e+06 1.6756e+06 1.55125e+06 1.08907e+06 795156 433407 228701 145382 163953 206625 214120 290992 450093 415504 581473 824038
 1.55769e+06 380746 669672 502518 647349 759603 1.80531e+06 1.66698e+06 1.73574e+06 1.6756e+06 1.55125e+06 1.08907e+06 795156 433407 228701 145382 163953 206625 214120 290992 450093 415504 581473 824038
 1.55769e+06 380746 669672 502518 647349 759603 1.80531e+06 1.66698e+06 1.73574e+06 1.6756e+06 1.55125e+06 1.08907e+06 795156 433407 228701 145382 163953 206625 214120 290992 450093 415504 581473 824038
 1.55769e+06 380746 669672 502518 647349 759603 1.80531e+06 1.66698e+06 1.73574e+06 1.6756e+06 1.55125e+06 1.08907e+06 795156 433407 228701 145382 163953 206625 214120 290992 450093 415504 581473 824038
 1.55769e+06 380746 669672 502518 647349 759603 1.80531e+06 1.66698e+06 1.73574e+06 1.6756e+06 1.55125e+06 1.08907e+06 795156 433407 228701 145382 163953 206625 214120 290992 450093 415504 581473 824038
 1.5374e+06 372462 652899 486855 654212 767337 1.78015e+06 1.63626e+06 1.72409e+06 1.66863e+06 1.53986e+06 1.08867e+06 794680 431909 230036 145650 164812 206311 212459 286135 442914 408498 571041 814663
 1.49644e+06 364961 633063 464940 635002 752722 1.75619e+06 1.62712e+06 1.70111e+06 1.65961e+06 1.53763e+06 1.09339e+06 802870 433577 229625 143249 160784 198633 206137 277905 438042 405215 568415 808779
 1.47069e+06 357638 648429 471032 639079 754315 1.74038e+06 1.62412e+06 1.72781e+06 1.67381e+06 1.55205e+06 1.1046e+06 804777 436767 230104 144342 161942 199138 207076 279144 440171 408512 578908 828022
 1.47069e+06 357638 648429 471032 639079 754315 1.74038e+06 1.62412e+06 1.72781e+06 1.67381e+06 1.55205e+06 1.1046e+06 804777 436767 230104 144342 161942 199138 207076 279144 440171 408512 578908 828022
 1.46297e+06 357243 652240 475351 640193 756091 1.74749e+06 1.6316e+06 1.72692e+06 1.67676e+06 1.55407e+06 1.10537e+06 804759 436892 230376 144471 161840 199074 207060 279254 442555 409412 579506 831166
 1.46446e+06 357708 652150 473282 637944 753396 1.74542e+06 1.6344e+06 1.73209e+06 1.6753e+06 1.55358e+06 1.10209e+06 803498 436721 230761 144709 162150 199308 207675 279993 444415 410615 578944 827775
 1.4718e+06 359412 645061 468802 634189 749551 1.74935e+06 1.63293e+06 1.72605e+06 1.6714e+06 1.55714e+06 1.1032e+06 803988 437752 230733 144492 161695 198416 206779 279640 444188 410431 580816 833438
 1.47425e+06 359391 635933 461800 628687 745764 1.74825e+06 1.62863e+06 1.72174e+06 1.65991e+06 1.55088e+06 1.09949e+06 802337 437794 231087 144565 161644 198705 206473 277796 441180 407614 576180 831044
 1.47161e+06 358353 633979 460099 627284 744862 1.74564e+06 1.6251e+06 1.71701e+06 1.65777e+06 1.54978e+06 1.09902e+06 802045 437765 230978 144422 161573 198422 206214 277413 440912 407496 575674 830196
 1.47175e+06 358129 632524 459088 627417 745609 1.74445e+06 1.62458e+06 1.71571e+06 1.65619e+06 1.54793e+06 1.09814e+06 801903 437751 230937 144385 161489 198454 206267 277232 440889 407274 575446 830005
 1.474e+06 358442 632249 458730 627999 746431 1.74528e+06 1.62746e+06 1.71729e+06 1.65711e+06 1.54789e+06 1.09787e+06 802145 437742 230837 144366 161656 198671 206526 277479 440819 407244 575510 831707
 1.47595e+06 359189 633006 459328 629036 747295 1.74334e+06 1.62627e+06 1.71348e+06 1.65637e+06 1.54856e+06 1.09945e+06 802943 438175 230888 144435 161801 198810 206406 277668 441123 407779 576580 832367
 1.47837e+06 359658 633059 459610 629023 747088 1.74373e+06 1.62591e+06 1.71335e+06 1.6559e+06 1.54742e+06 1.09928e+06 802953 438172 230984 144474 161769 198760 206378 277805 441206 407748 576315 832146
 1.47835e+06 359839 633237 459739 629260 747409 1.74453e+06 1.62624e+06 1.71284e+06 1.65572e+06 1.54706e+06 1.0988e+06 802800 438152 231018 144521 161814 198705 206305 277700 441136 407612 576296 832821
 1.47603e+06 359380 633644 459694 629247 747412 1.74428e+06 1.62645e+06 1.71343e+06 1.65596e+06 1.54758e+06 1.09917e+06 802880 438172 230996 144585 161903 198826 206470 277847 441265 407725 576258 832696
 1.47417e+06 358792 633402 459566 628976 747420 1.74409e+06 1.62646e+06 1.7134e+06 1.65609e+06 1.54759e+06 1.09945e+06 802976 438135 230932 144479 161917 198943 206681 278140 441522 407994 576588 833259
 1.47514e+06 358882 633146 459680 629367 747649 1.74299e+06 1.62583e+06 1.71263e+06 1.65674e+06 1.54837e+06 1.1e+06 803149 438235 230882 144455 161928 198943 206722 278150 441503 408097 576883 833690
 1.47375e+06 358511 633009 459674 629513 747674 1.74317e+06 1.627e+06 1.71307e+06 1.65705e+06 1.54845e+06 1.10017e+06 803219 438257 230965 144472 161957 199084 206828 278302 441704 408172 576862 833471
 1.47318e+06 358574 633388 459784 629544 747516 1.74297e+06 1.62738e+06 1.71223e+06 1.65656e+06 1.54859e+06 1.10054e+06 803056 438096 230861 144389 161853 198950 206763 278198 441301 407836 576686 834169
 1.47393e+06 358665 634286 461064 630475 748466 1.74363e+06 1.62826e+06 1.71311e+06 1.65737e+06 1.5493e+06 1.10108e+06 803170 438095 230921 144440 161848 199057 206936 278523 441984 408205 576665 833794
 1.47517e+06 358839 634062 461052 629891 748002 1.74407e+06 1.6284e+06 1.71337e+06 1.65657e+06 1.54934e+06 1.10068e+06 803115 438059 230880 144442 161857 199114 206959 278361 441798 407974 576310 833194
 1.47418e+06 358778 633812 461240 630190 748406 1.74484e+06 1.62828e+06 1.71345e+06 1.65675e+06 1.54949e+06 1.1008e+06 803275 438128 230985 144533 161920 199288 207202 278637 442328 408389 576820 834194
 1.47528e+06 359038 633924 461381 630084 748076 1.74361e+06 1.62699e+06 1.7122e+06 1.65631e+06 1.54925e+06 1.10081e+06 803339 438165 230953 144512 161878 199208 207038 278366 441954 408169 576686 834308
 1.47276e+06 358425 633854 460736 628894 746634 1.74165e+06 1.62468e+06 1.70986e+06 1.6544e+06 1.54795e+06 1.10056e+06 803262 438126 230859 144407 161672 199048 206925 278198 441537 407854 576042 834079
 1.47426e+06 359011 634376 461625 629750 747467 1.74255e+06 1.62491e+06 1.71054e+06 1.65522e+06 1.54801e+06 1.10069e+06 803431 438191 230890 144489 161845 199146 207048 278349 441692 407875 575961 834097
 1.47563e+06 359691 635125 462646 630403 747791 1.74518e+06 1.62728e+06 1.71228e+06 1.65737e+06 1.54985e+06 1.10159e+06 803770 438258 230995 144669 162106 199515 207369 278687 442422 408644 577021 835312
 1.4759e+06 359852 635064 462835 631060 748588 1.74647e+06 1.62807e+06 1.71343e+06 1.65808e+06 1.54946e+06 1.10172e+06 803969 438258 230980 144668 162247 199626 207452 278893 442417 408657 577165 835691
 1.47375e+06 359398 634419 462269 631348 749136 1.74736e+06 1.62788e+06 1.71299e+06 1.65726e+06 1.54868e+06 1.10159e+06 803854 438172 230880 144611 162107 199567 207463 278849 442197 408441 576653 834839
 1.47351e+06 359332 634059 461887 631122 749193 1.74771e+06 1.62827e+06 1.71275e+06 1.65734e+06 1.54895e+06 1.10121e+06 803796 438194 230828 144559 162002 199509 207473 278966 442231 408516 576285 834381
 1.47189e+06 358725 634391 461972 631571 749718 1.74971e+06 1.62947e+06 1.71428e+06 1.65879e+06 1.55028e+06 1.10214e+06 804281 438245 230854 144669 162139 199682 207673 278987 442614 408750 576346 835122
 1.4699e+06 358313 633034 460231 629687 747545 1.74632e+06 1.62711e+06 1.71349e+06 1.65701e+06 1.54944e+06 1.10143e+06 803887 438080 230720 144467 161851 199555 207392 278426 441994 407955 575380 834675
 1.47102e+06 358542 633413 460933 630558 748570 1.74946e+06 1.63025e+06 1.7161e+06 1.65801e+06 1.54928e+06 1.10153e+06 803781 437998 230721 144499 161982 199725 207606 278372 441915 407830 575311 834682
 1.47124e+06 358482 634513 461667 631079 748590 1.7481e+06 1.62924e+06 1.7159e+06 1.65769e+06 1.54867e+06 1.10132e+06 803813 438017 230776 144554 161934 199830 207804 278744 442339 408173 575806 835087
 1.47175e+06 358436 634525 462160 632286 749822 1.74944e+06 1.6291e+06 1.71435e+06 1.65812e+06 1.54921e+06 1.10263e+06 804371 438201 230798 144564 161881 199767 207833 278831 442317 408315 576251 836201
 1.47296e+06 358634 634731 462775 633544 751122 1.75251e+06 1.63174e+06 1.71534e+06 1.65938e+06 1.5505e+06 1.10341e+06 804884 438413 230835 144636 161946 199840 207952 278880 442533 408654 576897 836795
 1.47398e+06 358752 635963 463706 634208 751599 1.75447e+06 1.63279e+06 1.7164e+06 1.66015e+06 1.55134e+06 1.10402e+06 805167 438503 230839 144691 162073 200024 208108 279042 442947 408962 577326 836812
 1.47212e+06 358220 635000 462321 632268 749568 1.75009e+06 1.62896e+06 1.71349e+06 1.6574e+06 1.5497e+06 1.10338e+06 804825 438429 230835 144566 161887 199852 207931 278714 442496 408357 577001 836468
 1.47419e+06 358604 634834 462578 632051 749100 1.75062e+06 1.62887e+06 1.71243e+06 1.65715e+06 1.5499e+06 1.10311e+06 804881 438466 230813 144571 161888 199977 208078 279005 443033 408822 577110 835560
 1.47359e+06 358638 635013 462689 632056 749071 1.75052e+06 1.62794e+06 1.71127e+06 1.65753e+06 1.55004e+06 1.10361e+06 805104 438536 230834 144562 161998 200028 208092 279119 443260 409027 577677 836563
 1.47257e+06 358078 633619 461751 631371 748390 1.7493e+06 1.62711e+06 1.70998e+06 1.65712e+06 1.54985e+06 1.10339e+06 805015 438573 230803 144576 162011 200001 207992 278986 443266 409073 578069 836826
 1.47277e+06 358105 633393 462057 631442 748467 1.75052e+06 1.62764e+06 1.71003e+06 1.6568e+06 1.54952e+06 1.10328e+06 804923 438517 230757 144557 162026 199987 207825 278848 443158 409097 577825 836612
 1.47309e+06 358312 634160 462550 632554 749267 1.75199e+06 1.62837e+06 1.71032e+06 1.65638e+06 1.54932e+06 1.10292e+06 804824 438574 230873 144677 162240 200215 207950 278859 443142 409250 578396 837183
 1.49795e+06 366204 664768 499569 680823 803439 1.88029e+06 1.746e+06 1.84699e+06 1.79464e+06 1.60086e+06 1.12486e+06 821523 442693 236215 158134 178834 213203 227002 318373 509307 475922 671475 914616
 1.48303e+06 361421 647153 478516 653981 773466 1.81051e+06 1.68028e+06 1.76992e+06 1.7156e+06 1.57047e+06 1.11101e+06 811348 440345 233118 150327 169110 205541 215706 295116 470331 436815 617011 868441
 1.4641e+06 355531 625496 452658 620169 734978 1.71853e+06 1.59563e+06 1.6712e+06 1.61495e+06 1.53756e+06 1.0995e+06 800548 437725 229206 140600 157188 196622 202318 267212 423218 389461 550319 813608
 1.4614e+06 354613 624631 452689 619978 735018 1.71819e+06 1.59651e+06 1.67233e+06 1.61602e+06 1.53796e+06 1.09973e+06 800749 437883 229182 140554 157169 196764 202522 267520 423560 389903 550858 813881
 1.46067e+06 354590 624201 452096 618590 733628 1.71571e+06 1.5954e+06 1.67153e+06 1.61535e+06 1.53738e+06 1.09959e+06 800523 437826 229004 140411 157105 196650 202346 267157 423037 389474 550581 813674
 1.4595e+06 354283 623941 452092 618300 733422 1.71587e+06 1.59579e+06 1.67067e+06 1.61554e+06 1.53784e+06 1.09929e+06 800431 437899 229095 140438 157160 196699 202458 267338 423286 389779 551126 813941
 1.47452e+06 359153 643210 475105 648233 767214 1.79676e+06 1.67139e+06 1.75741e+06 1.70349e+06 1.56641e+06 1.10934e+06 809848 440161 232423 148794 167423 204342 214024 291498 464151 430795 608749 860626
 1.47846e+06 359950 643673 475977 648857 767849 1.79847e+06 1.67314e+06 1.75817e+06 1.70397e+06 1.56711e+06 1.10965e+06 810143 440299 232436 148849 167476 204415 214071 291597 464131 430710 608695 861077
 1.47973e+06 360027 644320 476266 649567 768923 1.80267e+06 1.67519e+06 1.76031e+06 1.70518e+06 1.56747e+06 1.1099e+06 810200 440242 232500 148930 167623 204541 214220 291952 464504 431252 609500 862217
 1.47894e+06 359811 643865 476334 650238 769787 1.80558e+06 1.67727e+06 1.76235e+06 1.70609e+06 1.56773e+06 1.11003e+06 810380 440310 232560 148975 167613 204519 214175 291962 464656 431587 610157 862737
 1.47828e+06 359564 643800 476143 649842 769582 1.80429e+06 1.67685e+06 1.76414e+06 1.70656e+06 1.56756e+06 1.11019e+06 810211 440297 232536 148972 167529 204435 214105 291870 464505 431451 609930 862475
 1.47808e+06 359475 643558 476092 649721 769664 1.80384e+06 1.67733e+06 1.76453e+06 1.70673e+06 1.56796e+06 1.11021e+06 810389 440332 232559 148908 167514 204367 214104 291900 464706 431567 609634 861772
 1.47808e+06 359607 644511 476262 649737 769925 1.8039e+06 1.67687e+06 1.76455e+06 1.70752e+06 1.56893e+06 1.11112e+06 810636 440401 232585 148877 167487 204321 214056 292094 464916 431760 609859 861985
 1.47696e+06 359457 644602 476324 649221 769304 1.80278e+06 1.67578e+06 1.7627e+06 1.70645e+06 1.56852e+06 1.11114e+06 810400 440101 232529 148739 167381 204194 213977 291941 464918 431526 609215 860884
 1.47567e+06 359490 644845 476658 649400 769412 1.80482e+06 1.67738e+06 1.76252e+06 1.70577e+06 1.5684e+06 1.11092e+06 810550 440117 232513 148767 167429 204347 214152 292217 465087 431729 609858 862098
 1.47618e+06 359738 645140 476898 649119 768925 1.80456e+06 1.67692e+06 1.76159e+06 1.70475e+06 1.56817e+06 1.11045e+06 810164 439903 232473 148698 167191 204090 213805 291930 464785 431374 608925 860943
 1.47284e+06 359124 645260 476562 648313 768107 1.80279e+06 1.67561e+06 1.76229e+06 1.70567e+06 1.56902e+06 1.11086e+06 810258 439805 232439 148708 167152 204056 213799 291942 464791 431362 608992 860821
 1.47053e+06 358827 645765 476996 648789 768600 1.80598e+06 1.67726e+06 1.76431e+06 1.70725e+06 1.57046e+06 1.11141e+06 810440 439863 232460 148744 167336 204237 214054 292339 465285 431770 609773 861993
 1.47048e+06 358823 646510 477818 649877 769453 1.8079e+06 1.67705e+06 1.76446e+06 1.70679e+06 1.57008e+06 1.11161e+06 810710 439996 232536 148742 167290 204097 213999 292329 465381 431953 610156 862520
 1.45292e+06 353100 621476 447564 609430 723446 1.69827e+06 1.5756e+06 1.64867e+06 1.58912e+06 1.53204e+06 1.09901e+06 798075 436936 228197 137757 153682 193903 198660 260232 411214 377674 534225 800718
 1.45296e+06 353035 620988 447159 608988 722899 1.69852e+06 1.57538e+06 1.64814e+06 1.58848e+06 1.53189e+06 1.09883e+06 798015 436826 228113 137689 153642 193984 198708 260388 411355 377864 534061 800128
 1.48197e+06 362439 656102 489221 664690 785973 1.84747e+06 1.71161e+06 1.80731e+06 1.74928e+06 1.58552e+06 1.11882e+06 815677 441173 234307 152887 172233 207992 219669 304414 485591 452384 638843 885811
 1.45491e+06 353512 620422 447001 609455 723599 1.69797e+06 1.57544e+06 1.65006e+06 1.59017e+06 1.53311e+06 1.09985e+06 798559 437076 228207 137647 153524 193937 198545 260208 410768 377294 533774 799447
 1.47105e+06 359172 644674 475492 646250 764719 1.79615e+06 1.66598e+06 1.7537e+06 1.69646e+06 1.5662e+06 1.11086e+06 809670 439829 232198 147632 165797 202961 212212 289018 459840 426655 603402 856073
 1.4717e+06 359101 644809 475293 646263 765011 1.79556e+06 1.66607e+06 1.75406e+06 1.6966e+06 1.56557e+06 1.11053e+06 809527 439785 232192 147671 165869 203043 212278 289075 459874 426612 603436 856474
 1.47344e+06 359433 644747 475175 646315 765256 1.79461e+06 1.66521e+06 1.75312e+06 1.69597e+06 1.56509e+06 1.11044e+06 809437 439788 232140 147619 165917 203105 212304 288894 459586 426440 603276 856046
 1.47579e+06 359808 644369 475473 646795 765694 1.79471e+06 1.66462e+06 1.7513e+06 1.69476e+06 1.56441e+06 1.11066e+06 809521 439854 232063 147556 165944 203226 212409 289041 460210 427092 604322 856179
 1.47737e+06 360272 644951 475882 646625 765305 1.79344e+06 1.66452e+06 1.75245e+06 1.69523e+06 1.56379e+06 1.11054e+06 809490 439842 231963 147469 165829 203046 212225 288735 459916 426860 604213 855814
 1.47745e+06 360475 645041 476267 646703 765421 1.79513e+06 1.6646e+06 1.752e+06 1.69575e+06 1.56415e+06 1.11075e+06 809650 439900 231928 147464 165881 203093 212253 288756 460242 427199 604739 856409
 1.47799e+06 360340 644921 476166 646872 765672 1.79515e+06 1.66435e+06 1.75147e+06 1.69517e+06 1.56386e+06 1.11068e+06 809422 439791 231948 147457 165717 202958 212081 288572 460188 427011 604206 855344
 1.47854e+06 360514 645087 476771 647582 766183 1.79549e+06 1.66488e+06 1.7526e+06 1.69553e+06 1.5637e+06 1.11047e+06 809393 439814 231891 147383 165704 202973 212198 288712 460335 427087 604255 855623
 1.48112e+06 361239 646398 477910 647392 765723 1.79611e+06 1.6647e+06 1.75214e+06 1.69551e+06 1.56301e+06 1.11016e+06 809225 439759 231911 147406 165795 203178 212352 288970 460897 427398 604033 855207
 1.48051e+06 361131 647028 478784 648079 766176 1.79559e+06 1.66506e+06 1.75192e+06 1.69381e+06 1.56195e+06 1.10979e+06 809174 439728 231904 147383 165835 203300 212514 289046 461097 427573 603716 854924
 1.47855e+06 360789 646445 478921 647969 765965 1.79515e+06 1.6644e+06 1.75191e+06 1.69424e+06 1.56246e+06 1.10964e+06 809101 439722 231871 147409 165956 203382 212627 288840 460839 427312 603554 854174
 1.47818e+06 360494 645562 477730 646745 764681 1.79327e+06 1.66243e+06 1.75055e+06 1.69316e+06 1.5621e+06 1.10911e+06 808829 439685 231905 147418 165958 203352 212531 288545 460153 426807 603026 853139
 1.47863e+06 360718 645091 477500 646695 764534 1.79334e+06 1.66436e+06 1.75294e+06 1.69464e+06 1.56248e+06 1.10931e+06 809047 439851 231891 147448 166017 203598 212841 288894 460466 427056 603165 852745
 1.47994e+06 360842 644861 477023 646292 764424 1.79322e+06 1.66638e+06 1.75517e+06 1.69576e+06 1.5632e+06 1.11005e+06 809419 439924 231930 147491 166003 203704 212849 288753 460008 426761 603167 853725
 1.47936e+06 360679 645280 477004 646015 764390 1.79322e+06 1.66604e+06 1.75483e+06 1.69487e+06 1.56221e+06 1.10911e+06 809094 439829 231805 147386 165949 203696 212865 288734 459651 426466 602858 853220
 1.4803e+06 360953 645247 477066 645264 763376 1.79019e+06 1.6656e+06 1.75446e+06 1.69337e+06 1.56157e+06 1.10853e+06 809049 439884 231730 147259 165756 203569 213025 288788 459689 426312 602494 852617
 1.48105e+06 360789 645304 477236 645148 763391 1.79125e+06 1.66643e+06 1.75421e+06 1.69225e+06 1.55992e+06 1.10784e+06 808869 439770 231746 147227 165641 203359 212868 288757 459727 426589 602537 851376
 1.48311e+06 361161 646292 477975 645968 763986 1.79333e+06 1.66741e+06 1.75419e+06 1.69303e+06 1.56028e+06 1.10835e+06 809174 439844 231680 147151 165631 203464 212947 288839 459812 426717 602610 850834
 1.481e+06 360857 645056 477053 645788 764121 1.79449e+06 1.66836e+06 1.75499e+06 1.69354e+06 1.56081e+06 1.10842e+06 809304 439844 231606 147147 165614 203565 213097 289175 460456 427203 603362 851729
 1.48212e+06 360901 643960 477088 645682 764165 1.79297e+06 1.66865e+06 1.75637e+06 1.69571e+06 1.56214e+06 1.10845e+06 809660 440021 231525 147036 165601 203707 213267 289273 460393 427070 602878 851059
 1.48451e+06 361475 644579 477925 645929 764359 1.79233e+06 1.66917e+06 1.75642e+06 1.69653e+06 1.56262e+06 1.10852e+06 810008 440216 231606 147000 165476 203483 213143 289362 460945 427630 603398 851760
 1.48688e+06 361857 645146 477671 645140 763411 1.78987e+06 1.66783e+06 1.75479e+06 1.69535e+06 1.56168e+06 1.10764e+06 809914 440162 231636 147007 165537 203582 213255 289401 460890 427567 603295 852195
 1.4882e+06 362401 646270 477851 645292 763592 1.79195e+06 1.66916e+06 1.75599e+06 1.69606e+06 1.56187e+06 1.10751e+06 810106 440223 231760 147091 165643 203546 213291 289457 460774 427576 603421 852494
 1.48668e+06 362514 647491 478623 645855 763983 1.79239e+06 1.67026e+06 1.75676e+06 1.69699e+06 1.56169e+06 1.10732e+06 810069 440334 231866 147153 165584 203497 213300 289575 461279 428056 603934 853133
 1.48684e+06 362216 647949 479090 646316 764486 1.79337e+06 1.67187e+06 1.75964e+06 1.69882e+06 1.56312e+06 1.10763e+06 810431 440449 231940 147177 165609 203623 213484 289655 461242 428138 604415 853545
 1.48843e+06 362431 648852 479629 646513 764549 1.79419e+06 1.67057e+06 1.75927e+06 1.69891e+06 1.56371e+06 1.10771e+06 810421 440458 232038 147255 165631 203556 213384 289595 461142 428145 604502 853744
 1.49094e+06 363122 650247 480575 646122 763705 1.79283e+06 1.66934e+06 1.75914e+06 1.69836e+06 1.56262e+06 1.10719e+06 810007 440252 232021 147293 165693 203556 213367 289640 460973 428000 604410 853199
 1.49145e+06 363306 651128 481366 647169 764713 1.79682e+06 1.6721e+06 1.76187e+06 1.69954e+06 1.56353e+06 1.10767e+06 810128 440352 231957 147244 165663 203452 213358 289923 461218 428041 604051 852742
 1.48178e+06 360084 638581 466101 627067 741951 1.74266e+06 1.62221e+06 1.70437e+06 1.6418e+06 1.54347e+06 1.09988e+06 803565 438665 229722 141882 159065 198497 205645 273931 434375 401017 565945 822055
 1.47965e+06 359826 638592 466323 627370 742201 1.74297e+06 1.62301e+06 1.70614e+06 1.64236e+06 1.54316e+06 1.09951e+06 803560 438651 229669 141799 159049 198573 205820 274178 434699 401084 565488 821859
 1.47892e+06 359545 638215 465696 627311 742351 1.743e+06 1.6228e+06 1.70531e+06 1.64191e+06 1.5437e+06 1.09997e+06 803705 438769 229693 141807 159010 198523 205873 274246 435005 401209 565087 821764
 1.4774e+06 359441 637765 465513 626696 741723 1.74182e+06 1.62144e+06 1.70438e+06 1.64112e+06 1.54345e+06 1.10005e+06 803485 438671 229641 141738 158915 198310 205607 273926 434457 400705 564362 820689
 1.4749e+06 358997 637854 465025 625654 740788 1.74134e+06 1.62147e+06 1.70349e+06 1.64074e+06 1.54322e+06 1.09958e+06 803141 438615 229604 141617 158796 198245 205541 273669 434152 400317 563700 819515
 1.47688e+06 359449 637949 465243 625532 740739 1.74087e+06 1.62221e+06 1.70531e+06 1.64187e+06 1.54388e+06 1.09971e+06 803526 438816 229588 141625 158910 198401 205755 274014 434611 400798 564604 820066
 1.4766e+06 359502 637457 464797 625001 740153 1.74086e+06 1.62153e+06 1.70407e+06 1.64086e+06 1.54302e+06 1.0993e+06 803788 438874 229660 141623 158890 198272 205740 274073 434857 400875 564577 819930
 1.47686e+06 359654 637524 465033 624770 740029 1.73973e+06 1.62148e+06 1.70425e+06 1.6409e+06 1.54316e+06 1.09908e+06 803712 438745 229545 141509 158831 198179 205699 273979 434915 400926 564489 819821
 1.47927e+06 359948 637217 464719 623972 738979 1.73887e+06 1.6197e+06 1.702e+06 1.63927e+06 1.54161e+06 1.09865e+06 803283 438570 229487 141466 158834 198216 205726 274131 434849 400779 564474 820254
 1.47979e+06 359842 636765 464468 623589 738614 1.7383e+06 1.61968e+06 1.70476e+06 1.64207e+06 1.54256e+06 1.09922e+06 803526 438671 229484 141526 158986 198363 205797 274154 435272 401126 564740 820295
 1.48096e+06 360060 636187 463558 622970 738078 1.73807e+06 1.62143e+06 1.70525e+06 1.64174e+06 1.54228e+06 1.09907e+06 803444 438583 229405 141454 158920 198255 205645 273762 434226 400309 563658 819972
 1.4843e+06 360953 636923 464427 624065 739147 1.73979e+06 1.62221e+06 1.70634e+06 1.64216e+06 1.54309e+06 1.0996e+06 803927 438782 229435 141545 159000 198351 205778 274086 434868 400820 564271 821347
 1.48134e+06 360526 636561 463742 623999 739368 1.73994e+06 1.62103e+06 1.70618e+06 1.64235e+06 1.5432e+06 1.09897e+06 804012 438809 229424 141465 158997 198321 205664 274002 434619 400565 564211 821246
 1.47913e+06 359993 635455 462643 623865 739297 1.73928e+06 1.62182e+06 1.70674e+06 1.64242e+06 1.54299e+06 1.09851e+06 803867 438786 229390 141459 159188 198577 205812 274117 434729 400764 564827 822170
 1.4771e+06 359322 634606 462078 623828 739684 1.74121e+06 1.62324e+06 1.70717e+06 1.6423e+06 1.54298e+06 1.09855e+06 803953 438888 229507 141510 159176 198624 205933 274392 435087 401169 565287 822253
 1.47901e+06 359644 635181 462620 623479 739134 1.73955e+06 1.62278e+06 1.70743e+06 1.64242e+06 1.54366e+06 1.09871e+06 803991 438943 229503 141528 159279 198786 206153 274500 435128 401337 565815 822685
 1.47906e+06 359862 635420 462527 623653 739485 1.74012e+06 1.62268e+06 1.70784e+06 1.64268e+06 1.54455e+06 1.09912e+06 804229 438980 229469 141505 159345 198966 206235 274485 435526 401685 565894 822881
 1.47824e+06 359834 635658 462622 623901 739601 1.73943e+06 1.62159e+06 1.70707e+06 1.64223e+06 1.54535e+06 1.09962e+06 804266 438898 229470 141492 159328 199065 206327 274735 435236 401875 566509 824480
 1.48163e+06 360655 635729 462782 624186 739489 1.73787e+06 1.62006e+06 1.7062e+06 1.64175e+06 1.54587e+06 1.09981e+06 804487 439024 229485 141602 159464 199123 206418 274863 435386 402064 567044 825078
 1.48274e+06 360783 636352 462991 624392 739597 1.7371e+06 1.61932e+06 1.70727e+06 1.64215e+06 1.54596e+06 1.09969e+06 804511 439099 229563 141662 159462 199073 206309 274658 435079 401759 566572 824920
 1.4806e+06 360348 635911 462363 623061 738030 1.7345e+06 1.61842e+06 1.70555e+06 1.6413e+06 1.54598e+06 1.09985e+06 804812 439268 229556 141615 159414 198969 206274 274438 434577 401391 566321 825198
 1.48201e+06 360671 634878 461678 622306 736958 1.73086e+06 1.6152e+06 1.7042e+06 1.64043e+06 1.54566e+06 1.09983e+06 804532 439158 229429 141524 159298 198834 206179 274256 434380 401369 566501 825737
 1.47664e+06 359718 633819 460689 621502 736168 1.72991e+06 1.61543e+06 1.70378e+06 1.64112e+06 1.54631e+06 1.09995e+06 804318 439067 229410 141500 159306 198963 206257 274159 434332 401189 566193 824662
 1.47392e+06 359138 633313 460560 621438 736296 1.72845e+06 1.61539e+06 1.70422e+06 1.64076e+06 1.54628e+06 1.09995e+06 804370 439104 229460 141562 159358 199039 206205 274196 434409 401246 565926 824076
 1.47382e+06 359358 632682 460408 621275 736066 1.72646e+06 1.61428e+06 1.70468e+06 1.641e+06 1.54639e+06 1.09984e+06 804464 439211 229450 141647 159467 199041 206114 274308 434466 401398 566245 824580
 1.47289e+06 359170 632753 460420 621036 735499 1.72573e+06 1.61377e+06 1.70431e+06 1.63997e+06 1.54583e+06 1.09922e+06 804458 439220 229466 141672 159399 198977 205963 274118 434200 401102 565645 823973
 1.47119e+06 358846 632604 460230 620608 734751 1.72478e+06 1.61186e+06 1.70349e+06 1.63938e+06 1.54563e+06 1.09935e+06 804647 439245 229404 141660 159337 198841 205868 274046 434131 400784 564596 822253
 1.47248e+06 359087 633419 460225 620141 734099 1.72459e+06 1.61134e+06 1.7036e+06 1.6398e+06 1.54592e+06 1.09981e+06 804488 439173 229410 141673 159381 198985 206109 274251 434407 401079 564538 821803
 1.47295e+06 358987 632537 459681 619733 733887 1.72535e+06 1.6123e+06 1.70399e+06 1.63984e+06 1.54599e+06 1.09962e+06 804371 439080 229359 141664 159240 198851 206116 274382 434752 401253 564600 822070
 1.47272e+06 358633 632341 459512 619303 733248 1.72491e+06 1.61156e+06 1.70382e+06 1.63924e+06 1.54467e+06 1.09864e+06 803724 439033 229349 141674 159199 198692 206033 274292 434409 400821 563708 821051
 1.47035e+06 358095 632642 459577 618999 733051 1.72747e+06 1.61176e+06 1.70386e+06 1.6387e+06 1.54439e+06 1.09845e+06 803905 439194 229391 141739 159242 198588 205971 274257 434661 401088 564279 821631
 1.4699e+06 358339 632775 460007 619314 733206 1.72688e+06 1.61175e+06 1.70424e+06 1.63885e+06 1.54467e+06 1.0982e+06 804008 439232 229389 141676 159149 198510 205826 274018 434781 401286 564947 822211
 1.47e+06 358115 633267 460039 619171 733153 1.7272e+06 1.61154e+06 1.7032e+06 1.63804e+06 1.54474e+06 1.09774e+06 803993 439171 229409 141707 159175 198469 205697 274020 434948 401644 564885 821882
 1.46355e+06 355735 622062 446596 600922 712283 1.67555e+06 1.56265e+06 1.64963e+06 1.5837e+06 1.52895e+06 1.09308e+06 798537 437781 227342 136566 152863 193655 198546 259366 410126 376967 529978 792888
 1.47182e+06 358782 636272 463542 623196 737380 1.73745e+06 1.61959e+06 1.71232e+06 1.64703e+06 1.54768e+06 1.09807e+06 804663 439291 229775 142612 160209 199070 206758 276324 439074 406184 570857 825424
 1.47348e+06 359014 635617 463244 623642 738217 1.74012e+06 1.61971e+06 1.71115e+06 1.64635e+06 1.54795e+06 1.09842e+06 804585 439254 229768 142612 160345 199278 206993 276480 439256 406283 571153 824449
 1.47672e+06 359701 635546 463227 623560 738071 1.74141e+06 1.62163e+06 1.71076e+06 1.64586e+06 1.54758e+06 1.09789e+06 804322 439131 229648 142583 160291 199381 207203 276639 439004 406048 571076 825134
 1.47527e+06 359361 635733 463650 624347 739044 1.74145e+06 1.62184e+06 1.71266e+06 1.6472e+06 1.54827e+06 1.09851e+06 804628 439276 229595 142605 160420 199558 207281 276501 438876 405973 571077 825719
 1.47877e+06 360108 635918 464047 624372 739054 1.74126e+06 1.62203e+06 1.71406e+06 1.64829e+06 1.54818e+06 1.09872e+06 804661 439253 229702 142652 160564 199728 207526 276784 438827 406044 571842 826700
 1.47642e+06 359514 635799 464118 624537 739642 1.74137e+06 1.62318e+06 1.71391e+06 1.64835e+06 1.54719e+06 1.09834e+06 804589 439199 229743 142667 160642 199820 207601 276802 438764 406120 572052 827047
 1.47693e+06 359780 635780 464574 625140 740172 1.74167e+06 1.62413e+06 1.71498e+06 1.64885e+06 1.5468e+06 1.09819e+06 804831 439237 229741 142688 160756 199979 207724 276951 438716 405901 571476 826604
 1.48009e+06 360364 636204 464969 625429 740509 1.74201e+06 1.62488e+06 1.71606e+06 1.6498e+06 1.54722e+06 1.09825e+06 804855 439335 229785 142725 160781 200066 207882 277229 439073 406139 572226 827962
 1.47964e+06 360221 636400 464839 625719 740872 1.74129e+06 1.62421e+06 1.71654e+06 1.65019e+06 1.54767e+06 1.09841e+06 804984 439381 229765 142704 160848 200256 208009 277124 438894 405830 572154 829314
 1.48084e+06 360298 636937 465606 625667 740489 1.73953e+06 1.62493e+06 1.71643e+06 1.65025e+06 1.54766e+06 1.09847e+06 804831 439407 229827 142761 160931 200236 207983 276920 438957 405969 572532 829592
 1.47995e+06 360114 635665 464866 625400 740438 1.73837e+06 1.62399e+06 1.71436e+06 1.65064e+06 1.54815e+06 1.09876e+06 805178 439503 229813 142813 161022 200323 208076 277015 439284 406236 572850 829222
 1.47858e+06 360107 636097 465199 625430 740266 1.7378e+06 1.62383e+06 1.71485e+06 1.6521e+06 1.54806e+06 1.09843e+06 805135 439523 229853 142959 161164 200462 208143 277110 439343 406332 573158 830046
 1.47957e+06 360614 636018 465610 625178 740245 1.73817e+06 1.62514e+06 1.71657e+06 1.65281e+06 1.5491e+06 1.09853e+06 805238 439547 229971 143134 161259 200550 208243 277480 439933 406662 573159 830091
 1.4789e+06 360299 634638 465106 625076 740176 1.73674e+06 1.6239e+06 1.71466e+06 1.65191e+06 1.54892e+06 1.09834e+06 805088 439545 229912 143102 161101 200378 208285 277747 440192 406877 573623 831241
 1.47914e+06 360367 634429 464920 624966 740201 1.73697e+06 1.62407e+06 1.71503e+06 1.65159e+06 1.54839e+06 1.09803e+06 805138 439622 229917 143151 161090 200329 208176 277675 440275 406980 574029 831879
 1.47931e+06 360242 634557 464896 625085 740341 1.7369e+06 1.62358e+06 1.71492e+06 1.65282e+06 1.55022e+06 1.09876e+06 805623 439779 229912 143156 161039 200330 208307 277946 440483 407207 574145 832865
 1.48212e+06 361071 634470 465039 625702 741167 1.73833e+06 1.62446e+06 1.71636e+06 1.65377e+06 1.55099e+06 1.09931e+06 805871 439881 229992 143290 161096 200222 208189 277998 440684 407210 573831 832944
 1.48217e+06 360990 635249 464845 625127 740465 1.73801e+06 1.62327e+06 1.71658e+06 1.65397e+06 1.55066e+06 1.0988e+06 805730 439758 229923 143271 161036 200177 208149 277811 440413 406982 573548 832670
 1.48234e+06 361074 635214 464522 624256 739481 1.73691e+06 1.62269e+06 1.71737e+06 1.65473e+06 1.55162e+06 1.09908e+06 805932 439845 230008 143369 161072 200233 208274 278135 440857 407170 573685 832512
 1.48495e+06 361565 635525 464185 624253 739676 1.73685e+06 1.62256e+06 1.71725e+06 1.65534e+06 1.55216e+06 1.09943e+06 806450 440014 230149 143485 161268 200454 208464 278312 441208 407280 573834 832358
 1.48456e+06 361100 634538 463530 624120 739758 1.73849e+06 1.62394e+06 1.71783e+06 1.656e+06 1.55263e+06 1.1e+06 806420 440057 230239 143544 161173 200426 208360 278248 441362 407445 574194 832923
 1.48882e+06 362281 636073 464771 625646 741467 1.7423e+06 1.62645e+06 1.72075e+06 1.65837e+06 1.55344e+06 1.10045e+06 806806 440318 230388 143644 161206 200440 208431 278607 442333 408209 574675 832904
 1.48895e+06 362264 636028 464897 625283 740965 1.74169e+06 1.62578e+06 1.72003e+06 1.65765e+06 1.55251e+06 1.10029e+06 806776 440197 230372 143562 161073 200296 208180 278386 442205 408150 574401 831872
 1.48805e+06 362278 636178 465252 624911 740465 1.74224e+06 1.62543e+06 1.72119e+06 1.6581e+06 1.55298e+06 1.10003e+06 806693 440173 230417 143628 161084 200275 208153 278467 442750 408508 574849 832013
 1.48914e+06 362839 635413 464994 624363 739781 1.74204e+06 1.62536e+06 1.72069e+06 1.65755e+06 1.55273e+06 1.10018e+06 806587 440120 230339 143591 161125 200267 208138 278317 442703 408525 574984 832616
 1.48969e+06 362853 635450 465330 624786 740403 1.74283e+06 1.62649e+06 1.72204e+06 1.65957e+06 1.55453e+06 1.10086e+06 806792 440227 230419 143729 161264 200439 208316 278525 443517 409303 575387 833165
 1.48855e+06 362327 636007 465532 625004 740605 1.7437e+06 1.62732e+06 1.72268e+06 1.66045e+06 1.55476e+06 1.10126e+06 806779 440307 230379 143717 161344 200511 208307 278567 443651 409407 575410 833801
 1.48597e+06 361540 634371 463856 623809 739857 1.74156e+06 1.62575e+06 1.72132e+06 1.66031e+06 1.55415e+06 1.10079e+06 806544 440247 230377 143674 161248 200316 208071 278264 443078 408763 574885 833093
 1.48293e+06 360599 633708 463239 623352 739450 1.74092e+06 1.6255e+06 1.72021e+06 1.66e+06 1.55347e+06 1.10073e+06 806592 440425 230310 143643 161150 200326 208144 278286 442703 408425 574919 833494
 1.48499e+06 361009 634526 463631 623006 739128 1.73984e+06 1.62468e+06 1.71859e+06 1.65935e+06 1.5531e+06 1.10094e+06 806581 440436 230229 143565 161188 200306 208116 278311 442632 408345 574359 832788
 1.4846e+06 361379 634789 464414 624216 740471 1.73981e+06 1.62534e+06 1.72037e+06 1.66166e+06 1.55507e+06 1.10156e+06 807030 440688 230286 143619 161399 200464 208297 278546 443270 408995 575141 834489
 1.48614e+06 361762 635114 464890 624544 740741 1.74064e+06 1.62626e+06 1.72065e+06 1.66214e+06 1.55554e+06 1.10195e+06 807136 440776 230334 143709 161590 200658 208453 278761 443652 409253 575522 835543
 1.48612e+06 361504 634759 464942 623952 739995 1.7377e+06 1.62463e+06 1.7185e+06 1.66121e+06 1.55527e+06 1.10169e+06 806777 440601 230285 143733 161564 200652 208498 278990 444231 409492 575212 835041
 1.48694e+06 361719 635344 465557 625408 741520 1.74087e+06 1.62639e+06 1.7194e+06 1.66266e+06 1.55641e+06 1.10201e+06 806915 440623 230315 143686 161522 200460 208385 278920 443962 409220 575083 835412
 1.48725e+06 361623 635763 465515 625096 741231 1.73947e+06 1.62516e+06 1.71843e+06 1.66106e+06 1.55512e+06 1.10136e+06 806692 440606 230232 143580 161446 200298 208182 278872 443876 409132 574588 834757
 1.48754e+06 361712 634736 464840 625728 742119 1.74181e+06 1.62635e+06 1.71979e+06 1.66112e+06 1.55547e+06 1.101e+06 806433 440514 230120 143537 161587 200528 208390 279091 443895 409168 574817 835182
 1.48748e+06 362262 635647 465600 625377 741761 1.7428e+06 1.62687e+06 1.72098e+06 1.6621e+06 1.55607e+06 1.10136e+06 806432 440462 230196 143651 161728 200585 208462 279097 443726 408956 574746 835260
 1.48725e+06 362348 635306 465685 625163 741425 1.74109e+06 1.62579e+06 1.7207e+06 1.66141e+06 1.55542e+06 1.10062e+06 806222 440445 230264 143661 161747 200481 208412 278983 443585 408942 574474 834480
 1.48788e+06 362297 635454 465107 624468 740712 1.74131e+06 1.625e+06 1.71934e+06 1.66086e+06 1.55367e+06 1.0995e+06 805598 440213 230180 143562 161601 200095 208033 278338 442787 408244 573450 833059
 1.48872e+06 362447 636134 465990 624972 741267 1.74191e+06 1.6259e+06 1.7192e+06 1.66063e+06 1.55351e+06 1.09943e+06 805628 440319 230288 143585 161462 199906 207786 278155 442860 408424 573571 832957
 1.4872e+06 362009 635855 465952 624945 741192 1.74166e+06 1.62557e+06 1.71925e+06 1.66121e+06 1.55427e+06 1.09976e+06 805630 440336 230300 143702 161614 200021 207860 278213 443081 408604 573794 833344
 1.48966e+06 362566 636076 466306 625855 742115 1.74115e+06 1.62517e+06 1.71996e+06 1.66128e+06 1.55451e+06 1.09948e+06 805607 440362 230297 143723 161573 200054 207884 278119 443194 408748 573760 832770
 1.4888e+06 362543 634703 465019 624769 740890 1.73852e+06 1.62282e+06 1.71808e+06 1.6604e+06 1.55469e+06 1.09918e+06 805715 440274 230313 143683 161459 199893 207629 278120 443330 408650 573148 831963
 1.4912e+06 363088 635070 465869 625663 741629 1.73633e+06 1.62171e+06 1.71671e+06 1.65954e+06 1.5541e+06 1.09917e+06 805680 440224 230277 143644 161430 199803 207408 278051 443438 408552 572794 832043
 1.49171e+06 362758 634799 465282 624596 740351 1.73279e+06 1.61908e+06 1.71419e+06 1.65901e+06 1.55323e+06 1.09898e+06 805753 440128 230199 143520 161403 199802 207367 278103 443505 408578 572586 831456
 1.48989e+06 362615 635826 466248 625455 741223 1.73329e+06 1.62018e+06 1.71629e+06 1.65996e+06 1.5537e+06 1.09974e+06 806084 440170 230276 143645 161467 199972 207514 278473 444084 409165 573331 832406
 1.48968e+06 362494 636138 466319 625503 741376 1.73486e+06 1.62113e+06 1.71572e+06 1.65967e+06 1.55387e+06 1.09996e+06 806357 440251 230174 143596 161420 199769 207433 278399 443988 408735 572330 831400
 1.49038e+06 362509 636286 466133 625029 741072 1.73477e+06 1.62137e+06 1.71609e+06 1.65905e+06 1.55395e+06 1.10033e+06 806532 440200 230163 143627 161447 199784 207428 278338 443729 408447 572309 831480
 1.49068e+06 362467 636255 466188 625227 740949 1.73334e+06 1.62065e+06 1.71551e+06 1.65887e+06 1.5539e+06 1.10011e+06 806521 440232 230174 143585 161355 199591 207231 278254 443672 408491 572626 832113
 1.49059e+06 362206 635596 465834 624997 740900 1.73378e+06 1.62006e+06 1.71418e+06 1.65893e+06 1.55421e+06 1.10011e+06 806599 440368 230134 143504 161399 199659 207280 278311 444090 408798 572943 832278
 1.49072e+06 362184 635164 465306 624722 740624 1.73441e+06 1.61959e+06 1.71322e+06 1.65782e+06 1.55355e+06 1.09954e+06 806317 440178 229996 143364 161242 199503 207048 278038 443597 408413 572484 832607
 1.48802e+06 361698 633999 464244 623530 739354 1.73236e+06 1.6168e+06 1.71096e+06 1.6562e+06 1.55223e+06 1.09911e+06 806090 440035 229903 143207 161052 199298 206782 277438 442550 407755 571799 831141
 1.48871e+06 361852 635014 465246 624535 740460 1.73364e+06 1.61799e+06 1.71165e+06 1.65665e+06 1.55269e+06 1.09956e+06 806647 440237 229988 143323 161090 199333 206780 277464 442977 408379 572825 832357
 1.48781e+06 361751 635528 465336 625458 741394 1.7339e+06 1.61917e+06 1.713e+06 1.65768e+06 1.55419e+06 1.10001e+06 806792 440170 229973 143452 161170 199370 206838 277414 442712 408189 572015 831353
 1.48741e+06 361709 635900 465451 625780 741820 1.73607e+06 1.61958e+06 1.71324e+06 1.65778e+06 1.55438e+06 1.0998e+06 806851 440154 229965 143416 161164 199550 207086 277679 442770 408240 572022 832155
 1.48935e+06 362244 635672 465662 626138 742246 1.73715e+06 1.61993e+06 1.71348e+06 1.65772e+06 1.55463e+06 1.10032e+06 807105 440251 230029 143444 161231 199672 207185 277677 443075 408394 572524 833384
 1.48997e+06 362267 635623 465398 625412 741527 1.73665e+06 1.62025e+06 1.71464e+06 1.65816e+06 1.55525e+06 1.10095e+06 806913 440256 229967 143408 161142 199632 207167 277586 443261 408391 572152 832586
 1.48919e+06 362288 635055 465182 624772 741073 1.73494e+06 1.61952e+06 1.71277e+06 1.65753e+06 1.55485e+06 1.10061e+06 806676 440193 229894 143356 161048 199538 206933 277387 442939 407818 571440 831033
 1.49058e+06 362490 635373 465529 625614 741920 1.73408e+06 1.6194e+06 1.71346e+06 1.65715e+06 1.55561e+06 1.10066e+06 806644 440190 229960 143424 161195 199830 207222 277785 442849 407566 571428 831446
 1.49163e+06 362496 635030 465398 625033 741492 1.73231e+06 1.62045e+06 1.71287e+06 1.65704e+06 1.5553e+06 1.10117e+06 806672 440230 229946 143380 161042 199638 206917 277651 442629 407494 571636 830787
 1.49447e+06 362838 635275 466132 625586 742250 1.73619e+06 1.62101e+06 1.71206e+06 1.65675e+06 1.55495e+06 1.1006e+06 806695 440261 230045 143439 161062 199638 206988 277551 442933 407645 571680 831073
 1.49611e+06 363135 636075 467124 626541 743247 1.73787e+06 1.62206e+06 1.71286e+06 1.65769e+06 1.55597e+06 1.10098e+06 806862 440309 230171 143581 161256 200019 207372 277806 443243 408118 572564 832320
 1.49789e+06 363372 635292 467083 626832 743569 1.73905e+06 1.62324e+06 1.71262e+06 1.65835e+06 1.55593e+06 1.10058e+06 806725 440248 230219 143650 161248 199922 207356 277658 443119 408151 573036 832154
 1.49811e+06 363420 634650 466666 626694 743548 1.73766e+06 1.62213e+06 1.71182e+06 1.65803e+06 1.55606e+06 1.1008e+06 806842 440274 230295 143739 161299 199997 207380 277768 443150 408026 572722 831970
 1.49761e+06 363068 634778 466591 626401 743356 1.73841e+06 1.62301e+06 1.71262e+06 1.65942e+06 1.55699e+06 1.10118e+06 806900 440384 230291 143830 161322 199972 207258 277557 443205 407985 572670 831784
 1.49705e+06 362838 634433 466155 626144 743267 1.73771e+06 1.62208e+06 1.71097e+06 1.6581e+06 1.55621e+06 1.10112e+06 806841 440338 230264 143832 161349 199932 207116 277373 442721 407748 572645 831609
 1.49697e+06 362994 634079 465654 625482 742746 1.73791e+06 1.62081e+06 1.70997e+06 1.65682e+06 1.55511e+06 1.10038e+06 806603 440254 230213 143722 161289 199793 206916 277008 442211 407348 572559 831327
 1.49888e+06 363343 634043 465697 625866 743366 1.73604e+06 1.62003e+06 1.7086e+06 1.65706e+06 1.55548e+06 1.10055e+06 806817 440428 230279 143703 161280 199741 206887 276946 442000 407251 572334 830367
