 0.775216 0.726719 0.79676 0.728887 0.523566 0.512247 0.597211 0.970705 1.39022 1.18341 0.894825 0.793153 0.589248 0.962613 1.07278 1.0442 1.03212 1.03346 0.94759 1.05934
 0.754365 0.740861 0.769081 0.572264 0.434766 0.524877 0.457842 0.530026 0.622603 1.05465 1.0353 0.730459 0.669789 0.571119 0.521883 0.686687 0.566293 0.803449 0.977909 1.27488
 0.765738 0.535935 0.552895 1.11308 1.3266 1.38877 1.45453 1.15251 0.92919 0.845377 0.624387 0.759577 0.878816 1.32913 1.07094 0.778353 0.622003 0.637482 0.557439 0.60513
 0.845416 0.944094 0.851678 0.816407 0.680879 0.631608 0.445957 0.516035 0.655149 0.547978 0.489481 0.702396 0.823508 0.737743 1.10585 1.50295 1.2074 0.862665 1.59466 1.34963
 0.904983 0.978337 0.910996 0.851088 0.725565 0.523687 0.461043 0.506202 0.55858 0.439658 0.537165 0.653902 0.942037 0.881805 0.824978 0.864333 0.86372 0.465881 0.297691 0.381447
 0.871516 0.978713 1.08387 1.11799 1.16399 0.938836 0.716471 0.708059 0.478177 0.536687 0.818847 0.675718 0.75122 0.758529 0.696888 0.593441 0.685019 0.964007 1.06964 0.846078
 0.74099 0.684947 0.776874 0.708456 0.783822 0.532803 0.436537 0.68784 1.12696 1.11425 0.707326 0.463387 0.731743 0.657484 0.521858 0.499283 0.391993 0.415642 0.57176 0.572769
 0.757447 0.815139 1.20856 1.2488 0.818119 0.952106 0.893756 1.24364 1.16651 1.17165 1.55778 1.81874 1.56557 1.05218 1.11852 0.707943 0.52492 0.588741 0.704332 0.915496
 0.872235 1.68657 1.62976 1.08953 0.667327 0.685268 0.654513 0.618532 0.728071 1.3505 1.02602 0.482716 0.515969 0.818844 0.79348 0.76042 0.594734 0.714892 0.624848 0.701366
 0.822617 1.01483 1.38346 1.51621 1.19961 0.953471 0.711597 1.08041 0.980912 0.649145 0.454628 0.401162 0.323319 0.368762 0.305503 0.238264 0.291797 0.298024 0.488726 0.764037
 0.948918 0.631341 0.542933 0.50375 0.609353 0.630695 0.803928 0.695327 0.796999 0.839864 0.676954 0.565748 0.532367 0.933576 0.99844 1.07816 1.1845 0.863566 0.578649 0.437857
 0.743079 0.647389 0.675588 0.635852 0.712585 0.721188 0.68985 0.667325 0.679674 0.741299 0.573441 0.276642 0.231739 0.208249 0.16628 0.15516 0.349958 0.442525 0.468875 0.44952
 0.88211 0.606655 0.605556 0.635438 0.60449 0.488529 0.559946 0.67999 1.34394 1.35566 0.965042 0.913288 0.810577 0.717351 1.00341 0.660305 0.57825 0.52425 0.458816 0.445712
 0.764319 0.75019 0.711937 0.636708 0.909696 0.914533 0.647402 0.740759 0.589838 0.931555 1.04492 1.89717 1.88694 1.30379 1.00999 0.791176 0.630239 0.51363 0.356211 0.277512
 0.818727 0.723733 0.866186 1.31656 1.14236 1.30387 1.27233 0.993773 1.11625 0.862448 0.689195 0.621376 0.797062 0.78491 0.625059 0.564697 0.83941 0.8825 0.579754 0.575778
 0.892233 1.2154 1.3473 1.13601 0.660903 0.366475 0.330418 0.568085 0.651609 0.716426 1.00338 1.09232 0.962767 1.77314 1.71513 0.916682 0.815384 0.832995 0.876239 0.554467
 0.875826 0.832275 1.16563 1.06433 0.955564 1.44588 1.54913 1.20961 1.20192 0.747671 0.530222 0.818288 0.812332 0.615349 0.564098 0.677467 0.524081 0.50694 0.66057 0.656774
 0.88456 0.920908 0.588218 0.485567 0.453092 0.542139 0.755232 0.815218 0.631009 0.587448 0.462365 0.481672 0.913653 1.06931 0.973352 0.803335 0.841738 0.634068 0.542856 0.511248
 0.867788 0.921456 0.846846 0.644615 0.58812 0.801846 0.989475 0.849826 0.634525 0.73028 0.747715 0.569912 0.892027 1.40243 1.05957 0.568166 0.50203 0.531622 0.84639 0.791634
 0.776854 0.937536 0.600981 0.433189 0.537971 1.01835 1.06975 0.719663 0.570191 0.713704 0.978584 1.51985 1.28482 1.2748 1.03526 0.709127 0.586978 0.752678 0.841831 0.631161
 0.681662 0.533255 0.503817 0.830063 1.08057 1.04504 0.81143 0.864214 0.698834 0.639103 0.613368 0.532487 0.405836 0.28676 0.253654 0.525644 1.1761 1.26257 1.37073 1.46031
 0.86775 1.02055 1.20391 1.64113 1.25236 0.842011 0.877398 0.87643 0.738281 0.526337 0.671071 0.734732 1.23309 1.22096 1.10645 0.786728 0.957299 0.744121 0.445951 0.421594
 0.776801 1.04065 1.24019 0.913653 1.029 0.992779 0.872087 0.797665 0.778987 0.502125 0.36128 0.334565 0.328955 0.3952 0.522703 0.673951 0.561831 0.516001 0.787744 0.853986
 0.884521 0.869452 0.815803 1.07399 0.795192 0.664212 0.604563 0.50606 0.502415 0.497288 0.534346 0.571056 0.55312 0.552523 0.623231 0.820566 0.80179 0.691254 1.1299 1.21996
 0.917551 0.809955 0.822348 1.36059 1.40659 1.1336 1.13212 0.973808 1.01135 0.76743 0.777111 0.741129 0.559969 0.69872 0.852379 0.931711 1.20653 0.809649 0.595433 1.06573
 0.911328 0.618049 0.455757 0.564015 0.623644 0.528195 0.448921 0.608111 0.874252 0.666928 0.522467 0.634201 0.847194 1.12647 1.2948 1.06385 0.754864 0.676167 0.46159 0.482122
 0.769523 1.05091 0.876158 0.767523 0.622907 0.557197 0.811421 0.679036 0.505375 0.509682 0.496944 0.507488 0.519843 0.963279 0.878154 0.681505 0.545176 0.554441 0.446711 0.546101
 0.831823 0.711575 0.535514 0.675993 0.736789 0.646974 0.644174 0.625478 0.993364 0.942218 1.23446 1.21703 0.718525 0.745777 0.820964 0.573347 0.570013 0.648445 0.926483 0.969032
 0.726904 0.681546 0.820875 1.07881 1.06049 0.752641 0.788617 0.946453 0.681625 0.475843 0.653027 0.695785 0.600742 0.581025 0.572938 0.555791 0.625454 0.96518 0.805379 0.602606
 0.87543 1.28266 1.24376 1.07455 0.777282 0.6196 0.500205 0.314172 0.498914 0.554346 0.499071 0.474609 0.510953 0.791882 1.14648 1.04171 0.857223 0.498173 0.389976 0.653539
 0.879612 0.96118 1.8709 1.80376 1.10893 0.967772 1.09616 0.864969 0.832128 1.32824 0.97992 0.810608 0.751528 0.980034 0.856984 1.1315 1.00464 0.976032 0.809586 0.586994
 0.849037 0.685294 0.49687 0.523851 0.45966 0.389165 0.472833 0.531939 0.582789 0.458692 0.428152 0.784175 0.934849 0.763226 0.715338 0.582895 0.476191 0.533675 0.689311 0.551915
 0.769739 0.769646 0.804604 0.67929 0.485913 0.804044 0.799036 0.572425 0.521021 0.565073 0.460618 0.673811 1.09137 1.27022 1.0495 1.27619 1.1476 1.05512 0.648384 0.651016
 0.830553 0.888967 0.750518 0.636018 0.493599 0.405848 0.291535 0.322421 0.382544 0.39901 0.55955 0.561767 0.77786 1.17904 0.883337 0.871489 0.687688 0.673138 1.0032 0.830584
 0.716456 0.655254 0.712121 0.629715 0.669488 0.823419 0.558717 0.601128 0.783831 0.597103 0.439737 0.462849 0.496389 0.852092 1.06152 0.835697 0.567928 0.605164 0.360286 0.377202
 0.804974 0.740881 0.994843 1.04987 1.0105 1.00466 0.814387 1.332 1.16116 0.785723 0.78 0.827382 1.18628 0.925609 0.699816 0.597003 0.525848 0.362107 0.338179 0.365845
 0.815262 0.85562 1.3983 1.17971 1.26251 1.15408 1.27831 1.52328 1.03582 0.977742 0.939734 0.782997 1.20924 1.08027 0.715262 0.565254 0.370942 0.330284 0.433591 0.480914
 0.878872 1.28793 1.06293 0.711943 0.684893 0.769165 1.45804 1.81356 1.39617 1.32454 0.782187 0.587332 0.400303 0.376473 0.604549 0.525508 0.50118 0.559515 0.489088 1.00484
 0.839452 0.716127 0.769107 0.682557 0.652414 0.538527 0.308065 0.323243 0.501246 0.578101 0.587596 0.462176 0.585839 0.820595 0.763843 0.723359 0.579479 0.512842 0.549663 0.520565
 0.860321 0.87944 1.42389 1.13539 0.633153 0.597314 0.67208 0.534586 0.479496 0.535837 0.659913 0.579416 0.579678 0.710915 0.888122 0.763501 0.618696 0.682487 1.30325 1.84286
 0.754077 0.713713 0.772492 0.601094 0.64211 0.863111 0.74566 0.636069 0.560344 0.513813 0.471124 0.536418 0.835095 0.710126 0.398939 0.309207 0.194154 0.204931 0.387594 0.889746
 0.80776 1.19437 1.0246 1.03508 0.985473 0.69334 0.888673 0.72722 0.621051 1.15603 1.04855 0.865002 0.594142 0.651928 0.733853 0.644497 0.661394 1.27147 1.21303 0.789844
 0.899814 0.884862 0.6078 0.865885 0.879606 0.766114 0.632809 0.717003 0.669961 0.736878 1.51912 1.38208 1.19212 1.04805 0.58742 0.42144 0.398498 0.348342 0.351157 0.324122
 0.844615 0.732721 0.666897 0.775738 0.733675 0.711941 0.535783 0.569768 0.617467 1.06598 1.09432 0.914639 0.795753 0.983687 1.05651 0.862492 0.803901 0.659545 0.769656 0.789961
 0.743572 1.0901 1.04357 0.744626 1.04057 0.834114 0.520149 0.406772 0.373384 0.684984 0.788835 0.989783 1.05586 1.0676 1.06322 0.779134 0.584932 0.806295 0.73135 0.640058
 0.848085 0.906562 1.00074 0.952724 0.753538 0.594242 0.538002 0.497255 0.345466 0.398057 0.548668 0.832108 0.77612 0.781346 0.88071 0.887563 0.670937 0.880413 0.867475 0.585861
 0.834725 0.861377 0.763216 0.877607 1.0044 0.830331 0.674384 0.612709 0.771006 0.747298 0.740072 1.08531 1.1528 1.19729 1.02703 0.772983 0.926931 0.64609 0.422456 0.586343
 0.781662 0.697015 0.672119 1.02745 1.05451 1.21881 0.881874 0.620244 0.747672 0.564279 0.458597 0.504789 0.658791 0.62936 0.546844 0.538976 0.442627 0.430736 0.433766 0.676218
 0.695869 0.738045 0.958836 1.03598 0.790966 0.858778 0.694956 0.704498 0.94795 0.876532 0.732129 0.55852 0.336575 0.411247 0.389279 0.731898 0.92226 1.27575 0.99897 0.881248
 0.825725 0.847097 0.81324 0.836553 1.196 1.1526 0.964211 0.740725 0.942757 0.873006 0.748563 0.41762 0.31151 0.348006 0.457373 0.43722 0.782734 0.747758 1.10376 0.905496
 0.940636 0.641748 0.67139 0.602833 0.690809 0.712977 1.32414 1.23259 0.803492 1.00321 0.918893 0.815583 0.938911 1.22917 0.930754 0.704632 0.732994 1.06687 1.09515 0.743515
 0.763024 0.827179 0.679212 0.531198 1.10606 1.06651 0.876105 1.2693 0.912065 0.785245 0.841716 0.691285 0.892787 0.66718 0.553602 0.50832 0.386955 0.280375 0.237062 0.418217
 0.822989 0.679364 0.652223 0.516667 0.580839 0.802346 0.695734 0.578341 0.608147 0.73285 0.761327 0.887812 0.735996 0.640744 0.499231 0.48279 0.555269 0.640637 0.60405 0.667538
 0.784434 0.594076 0.463389 0.526057 0.730256 0.795515 0.815577 0.860337 0.926832 0.687976 0.899661 0.84987 0.711146 0.604106 0.720272 0.658194 0.803704 0.756943 0.613701 0.558445
 0.887808 0.710121 0.553779 0.492562 0.622702 0.574933 0.683038 0.712717 0.873561 0.872365 0.810919 0.741607 0.654149 0.743023 0.682673 1.01012 0.925519 0.750228 0.549073 0.519845
 0.83013 0.995824 0.969555 0.961222 1.02062 1.04794 0.834061 0.666976 1.1047 1.37012 1.31674 0.848075 0.652226 0.681833 0.562171 0.551448 0.948865 0.867468 0.909769 1.01668
 0.853043 0.790663 0.707292 0.590363 0.413611 0.325188 0.3046 0.314556 0.41425 0.57429 0.810481 1.0071 0.830919 0.909607 1.12341 0.862854 0.700292 0.476768 0.586412 0.46608
 0.74162 0.598885 0.56045 0.490809 0.651063 1.17864 1.27497 1.05592 0.62696 0.612587 0.702193 0.776631 0.699928 0.443054 0.405377 0.566488 0.6533 0.614198 0.713475 0.589829
 0.73741 1.27087 0.981733 1.20408 1.0392 0.677471 0.6583 0.684163 1.26591 1.44223 1.37929 1.06821 0.818381 0.706352 0.720364 0.676943 0.663193 0.526516 0.5415 0.651027
 0.744912 0.70722 0.872692 0.699705 0.643386 0.743847 0.549805 0.473909 0.437031 0.863188 0.777628 0.555177 0.419475 0.303602 0.392488 0.516212 0.453799 0.630832 0.814044 0.884945
 0.968812 1.39435 0.993747 0.701893 0.729452 0.791822 0.820579 0.683317 0.890914 0.865008 0.715893 0.857379 1.04623 0.91538 0.603615 0.533844 0.63777 0.580737 0.40281 0.330027
 0.896174 1.24088 0.943195 0.693404 0.983228 0.759657 0.709538 0.788321 0.623756 0.592326 0.612704 0.58659 0.947863 0.916502 0.655706 0.504024 0.41187 0.480838 0.541036 0.880013
 0.774808 0.742424 0.596237 0.722158 0.831953 0.918128 1.00491 0.757573 0.800796 0.863626 0.745152 0.487143 0.62504 0.688515 0.549635 0.507639 0.582218 0.432511 0.397008 0.552931
 0.811225 0.604938 0.614168 0.756122 0.813427 1.01931 0.888099 0.713626 0.89692 0.709526 0.703792 0.822799 0.564922 0.501985 0.432858 0.340075 0.341489 0.316251 0.433996 0.434954
 0.778923 0.752484 0.828437 0.646869 0.590174 0.916045 0.943312 0.727811 0.635845 0.933154 1.03586 0.825918 0.687792 0.71155 0.681846 0.531477 0.704026 0.603452 0.667413 0.829498
 0.630942 0.547325 0.675279 0.771739 0.582385 0.352108 0.521645 0.617142 0.745926 0.944991 1.03698 0.910113 1.02462 0.678171 0.50907 0.344504 0.348283 0.574336 0.574569 0.879235
 0.914777 0.816057 0.819731 0.949291 0.935387 0.765675 0.697868 0.697988 0.852833 0.666835 0.513667 0.426851 0.453232 0.475397 0.627841 0.573276 0.496396 0.658957 0.740069 0.521165
 0.887298 0.921319 1.07282 0.769832 0.771586 1.10652 1.05636 0.883664 0.687788 0.507488 0.37487 0.326662 0.64284 0.761477 0.684013 0.570305 0.459487 0.489596 0.525725 0.55053
 0.893278 0.636481 0.522917 0.639136 0.555855 0.52714 0.751597 0.701025 1.00564 0.837555 0.809798 0.883179 0.710126 0.816284 0.858039 0.772013 0.957073 1.07686 0.95423 1.03977
 1.03644 0.850881 0.961884 1.04812 0.953481 0.951132 1.27728 1.17694 0.759536 0.433743 0.314985 0.278508 0.264812 0.235761 0.273335 0.474993 0.791664 0.738696 0.751943 0.814045
 0.83591 0.759523 0.693747 0.647733 0.644291 0.872485 0.815621 0.736979 0.661266 0.685185 0.865658 0.761278 0.788722 1.01731 1.24338 1.02459 1.03448 0.821924 0.899371 1.05455
 0.759679 0.545472 0.694997 0.838048 0.808931 0.610565 0.517147 0.53385 0.620141 0.62029 1.32801 1.33199 0.95021 1.4016 1.28664 1.61456 1.54604 1.12791 0.745259 0.941251
 0.857092 0.911136 0.671962 0.538764 0.4823 0.667028 1.08414 0.86706 0.577022 0.56182 0.670914 0.678726 0.471119 0.595829 0.612624 1.11167 0.880964 0.556797 0.640029 0.766383
 0.671791 0.656391 0.693067 0.651816 0.648709 0.540368 0.405806 0.51073 0.722529 0.538268 0.335651 0.346084 0.596835 0.733521 0.782204 0.781685 0.718197 0.69829 0.920789 0.838376
 0.808769 0.689385 0.769986 1.49428 1.2314 0.841068 0.631924 0.620086 0.540529 0.38239 0.298167 0.392757 0.442258 0.695741 1.05904 0.841907 0.808679 0.668699 0.520248 0.485772
 0.780458 0.620268 0.577021 0.454625 0.524428 0.663725 0.872347 0.948237 0.933392 1.32033 1.20249 1.29291 1.22479 0.989472 0.763546 0.703427 0.735102 0.653667 0.784434 1.07571
 0.872616 1.07499 1.32465 1.21626 0.909756 0.756078 0.873691 0.751974 0.467101 0.385266 0.533409 0.742006 1.09449 1.23733 0.961994 0.612415 0.61828 0.728066 0.661013 0.634731
 0.787683 0.849431 0.717128 0.556387 0.570824 0.499208 0.693108 0.76516 0.730566 0.691663 0.896497 0.873589 0.593953 0.564353 0.495727 0.400679 0.47826 0.668617 0.626403 0.44357
 0.749063 0.560583 0.782036 1.0169 0.944861 0.673812 0.509915 0.608371 0.545951 0.523462 0.67678 0.609767 0.672336 0.430589 0.266821 0.364963 0.720027 0.707333 0.487359 0.484383
 0.820669 0.9431 1.06412 1.01034 0.720952 0.527682 0.509216 0.546321 0.652324 0.582345 0.515851 0.461131 0.554518 0.415589 0.621458 0.917733 0.671053 0.500622 0.411466 0.438466
 0.751454 0.615098 0.58822 0.549223 0.598577 0.543692 0.515162 0.561347 0.58972 0.62866 0.615722 0.583474 0.504991 0.429121 0.559186 0.618513 0.996758 1.16591 1.1335 1.19817
 0.823266 0.952382 0.701389 0.592297 0.585122 0.700464 0.626256 0.703738 0.940325 0.813938 0.780901 1.00098 0.997333 1.20099 0.969494 0.638762 0.57513 0.85199 1.05719 0.686467
 0.773802 0.735522 0.636243 0.556174 0.652345 0.863888 0.689164 0.434097 0.516015 0.521649 1.03211 0.911082 0.658309 0.633364 0.589785 0.647659 0.495055 0.736253 0.633861 0.49173
 0.906721 0.693463 0.516699 0.382438 0.477419 0.555912 1.10884 1.05055 1.03476 1.19321 1.07565 0.927762 0.962129 0.924966 0.96106 0.9422 0.778121 1.02031 0.778744 0.639306
 0.828893 0.700918 0.635503 0.875146 0.980096 2.0709 2.03594 1.36089 1.27238 0.860436 0.865004 0.740046 0.774869 0.778704 0.643927 0.482715 1.01672 1.01553 0.965353 1.19014
 0.808927 0.820872 0.684841 0.781543 0.606998 0.637071 0.502644 0.363809 0.68693 0.938115 0.609357 0.460533 0.350082 0.431717 0.623185 0.604633 0.537696 0.619339 0.614755 0.543799
 0.72362 0.704284 0.716234 0.763947 0.749098 0.904972 0.914789 0.97379 0.925326 0.759463 0.641237 0.688975 0.737331 0.696578 0.843451 1.01523 0.811022 1.08192 1.09081 0.75654
 0.79472 0.708633 0.557427 0.619867 0.472429 0.358272 0.678702 0.778307 0.728528 0.589989 0.531912 0.522349 0.488665 0.582517 0.824746 1.09605 0.925049 0.659857 0.374448 0.307048
 0.891947 0.696686 0.681144 0.989335 1.60713 1.01568 0.620446 0.570711 0.486397 0.4778 0.598554 0.572628 0.527399 0.483628 0.696004 0.636682 0.623851 1.05357 0.823818 0.973441
 0.774031 0.572087 0.587964 0.707671 0.600955 0.519468 0.930958 0.812543 0.587405 0.597958 0.532538 1.05445 1.00366 0.837222 0.720761 0.786597 0.660671 0.776183 0.615445 0.764103
 0.716898 0.889144 0.909315 1.23211 1.34225 0.901352 0.843753 0.679089 0.411795 0.405862 0.34087 0.291398 0.412004 0.427943 0.403314 0.742981 0.687071 0.655759 0.749895 0.772724
 0.803904 0.657708 0.42838 0.554357 0.591886 0.905924 1.01064 0.674761 0.759436 0.956444 0.950538 0.798326 0.625853 0.604871 0.663514 0.694917 0.840261 0.785125 0.992784 0.811815
 0.788286 0.797488 0.963899 0.891684 0.787023 0.86207 1.33964 1.07517 0.816676 1.40088 1.07658 1.22959 1.12506 0.791927 0.662874 0.715191 0.819929 0.860106 0.60518 0.474928
 0.904393 0.759029 0.567505 0.561862 0.63245 0.720983 0.523971 0.49816 0.519579 0.502734 0.668354 0.791367 0.629891 0.774714 0.952271 0.814057 0.710854 1.05977 0.901237 0.530882
 0.752466 0.853483 0.809878 1.16128 1.01905 0.81661 0.847074 0.831043 1.37819 1.28818 0.891541 0.819155 0.647399 0.4943 0.627586 0.602735 0.643461 0.889775 0.724441 0.722262
 0.707246 0.713897 0.799242 1.33938 1.17896 0.519366 0.57097 1.05357 1.81035 1.55226 1.00662 0.749476 0.721482 0.64868 0.398894 0.527522 0.435696 0.335744 0.441341 0.496106
 0.769005 0.61564 0.587181 0.924522 0.747054 0.619061 0.686006 0.640047 0.574352 0.549088 0.663577 0.682111 0.694704 0.656525 0.622881 0.890266 0.909405 1.22652 0.967751 1.21501
 0.670201 0.612748 0.67938 0.743119 0.662479 0.658643 0.586717 0.844702 0.723429 0.830086 0.858973 1.01646 0.971082 1.15141 1.0769 0.873508 1.30552 1.12472 0.793097 0.656347
 0.967242 1.0162 1.06303 0.883257 0.61859 0.435679 0.377928 0.431722 0.363123 0.345374 0.482859 0.514455 0.507218 0.614837 0.611624 0.664624 0.529278 0.801194 1.02877 0.731745
 0.811572 0.633093 0.784906 0.872961 0.655907 0.648631 1.0516 0.880699 0.721898 1.13666 1.11654 0.941846 0.750913 0.949522 1.2143 1.38602 0.961546 0.652561 0.505885 0.589639
 0.797748 0.824497 0.815267 0.856641 0.951677 0.653562 0.508894 0.91557 1.05371 0.901682 1.35156 1.16344 1.00214 0.668983 0.467043 0.400201 0.477799 0.39572 0.329232 0.285942
 0.844861 1.09764 1.18579 1.03937 0.771198 0.506667 0.527573 0.564432 0.471307 0.386287 0.371619 0.419005 0.524182 0.474721 0.522144 0.690954 0.945112 0.644469 0.495008 0.635876
 0.848306 0.557048 0.487057 0.60059 0.619056 0.841943 0.697446 0.546645 0.620787 0.56609 0.528354 0.479954 0.417381 0.36857 0.250065 0.364485 0.635967 0.614235 0.526759 0.848837
 0.803886 0.650957 0.427812 0.34432 0.476453 0.435975 0.622773 1.07253 1.21328 1.11815 1.38476 1.14878 0.862841 0.793732 0.687807 0.816157 0.735137 0.55717 0.75332 0.651282
 0.795617 0.645588 0.653713 0.729081 0.696603 0.684241 0.549627 0.661326 0.707248 0.783226 0.705709 0.670406 0.781079 1.01965 1.13672 1.00368 0.89233 0.860851 0.500424 0.268292
 0.943945 0.876179 0.79136 0.562738 0.42428 0.340912 0.266899 0.396603 0.330231 0.459269 0.516547 0.518147 0.376595 0.444692 0.51633 0.629567 0.592921 0.554599 0.960038 0.948406
 0.732028 0.717024 0.593072 0.580005 0.420355 0.450095 0.634466 0.603515 0.607222 0.695674 0.61516 0.470002 0.484894 0.529848 0.672931 0.734946 1.0782 1.47425 1.10873 1.04982
 0.800231 0.695535 0.638984 0.533345 0.530335 0.625849 0.49442 0.539438 0.511649 0.52131 0.675231 0.860005 0.602099 0.442344 0.508901 0.711315 0.689737 0.739925 0.988031 0.824797
 0.939389 0.878357 0.862449 0.640751 1.17613 1.17601 0.768285 0.584898 0.593796 0.922745 0.762831 0.642246 0.676963 0.75116 0.583389 0.581781 0.720272 0.71151 0.663725 0.560222
 0.83564 1.07313 0.788234 0.767887 0.888662 0.804905 1.05024 1.20733 1.012 0.79924 0.677148 0.945417 0.779557 1.14032 1.09846 0.821003 0.777383 1.1256 1.11845 0.727697
 0.8682 0.860948 0.695354 0.775133 1.29372 1.5337 0.873825 1.08945 1.09418 1.10594 0.722605 0.820565 1.16437 0.707766 0.738027 0.624914 0.608984 0.663243 0.602493 0.426904
 0.875033 0.889014 0.866772 0.626957 0.7933 0.951112 1.1584 1.08164 0.719194 0.63376 0.452519 0.686483 0.803622 0.68758 0.551544 0.700342 0.646308 0.599921 0.587375 0.602517
 0.839177 0.704466 0.608613 0.551706 0.578604 1.34345 1.00115 0.796215 0.518995 0.445782 0.451496 0.703929 0.869707 0.687697 0.67748 0.82718 1.15265 1.19586 1.10332 1.11118
 0.733661 0.805907 0.72922 0.636502 0.53866 0.462251 1.00404 1.11282 1.12769 0.786697 0.721255 0.746512 0.668687 0.734485 0.495102 0.441324 0.800787 0.910319 0.918187 0.829848
 0.875542 0.74679 0.734736 0.642426 0.474993 0.484584 0.483091 0.621235 0.657997 0.428524 0.349455 0.232981 0.374597 0.723559 0.690571 0.731676 0.620574 0.730897 0.777633 1.0322
 0.851222 0.759532 0.642272 0.483298 0.647784 0.70922 0.61349 0.796476 0.799314 0.607034 0.904223 1.07225 0.745862 0.562539 0.416059 0.431643 0.670705 0.855766 1.04849 0.965451
 0.803551 0.803656 0.949514 1.04884 0.860147 0.666558 0.6775 0.982098 1.15307 0.968981 1.27315 1.03713 0.760938 0.549465 0.706857 0.858955 0.842186 0.779906 0.94338 0.849845
 0.833426 0.703237 0.618194 0.550315 0.687141 0.613896 0.5253 0.881067 1.20587 0.996458 0.547722 0.353613 0.321161 0.65401 0.564749 0.43601 0.34592 0.423376 0.530953 1.11982
 0.897176 0.850182 0.557285 0.541144 0.532313 0.503962 0.606964 0.531566 0.477719 0.730432 0.641296 0.810681 0.676607 0.334366 0.394888 0.66506 1.35625 1.27863 0.986201 0.748732
 0.799327 0.737297 0.673758 0.58013 0.678083 0.598332 0.684002 0.756888 0.897329 0.715078 0.33011 0.397523 0.448247 0.389068 0.430661 0.681028 0.686714 1.10214 0.99077 0.884176
 0.759561 0.836615 0.750678 0.640093 0.435536 0.467417 0.369942 0.323648 0.40612 0.581067 0.600374 0.833231 0.810857 1.38041 1.28827 1.68055 1.55969 1.12393 0.882707 0.973491
 0.850858 0.662888 0.428607 0.446649 0.578042 0.645824 1.02792 1.41328 1.13289 0.895248 0.586247 0.558637 0.593069 0.774314 1.20679 1.1136 1.13868 1.01677 0.850312 1.26032
 0.756354 0.617791 0.625794 0.737911 0.987576 1.08596 1.34553 0.923809 0.622504 0.943932 0.687388 0.49691 0.352371 0.268926 0.527351 0.530305 0.423458 0.603899 0.722613 0.610671
 0.793805 0.73194 1.05801 1.37391 1.15996 0.674389 0.477201 0.507752 0.592973 0.746629 0.806697 0.964002 0.781761 0.622373 0.529251 0.533719 0.842638 0.993614 0.845717 0.808808
 0.93901 0.943391 0.807898 0.531955 0.748453 1.12619 1.04443 0.804992 1.06814 0.780563 0.623429 0.507842 0.432987 0.228601 0.239986 0.658863 0.710879 0.859092 0.985842 1.00855
 0.861654 0.920254 0.860688 0.683476 0.751113 1.19435 0.782981 0.550351 0.586334 0.583625 0.456289 0.659122 0.778274 0.805726 0.923984 0.770345 0.481387 0.614937 0.70849 0.627464
 0.733953 0.945656 0.898956 0.681493 1.11055 1.15974 1.0096 0.874915 0.739212 0.421695 0.309728 0.431018 0.599842 0.657824 1.01625 0.913581 0.821662 0.793726 0.91333 1.12291
 0.823605 0.649914 1.22231 1.55694 1.09079 0.641799 0.507096 0.643297 0.803597 0.67974 0.625265 0.569696 0.547583 0.858688 1.11405 0.909744 0.610951 0.49858 0.48832 0.638821
 0.843444 1.11786 0.926329 0.762805 0.845983 0.86423 0.940641 0.786892 0.668173 0.591517 0.614506 0.872665 0.8412 0.821865 0.68676 0.785515 0.830506 0.612487 0.574008 0.577553
 0.850602 0.965759 0.720784 0.818502 0.740212 0.674912 0.790401 0.712762 0.609603 0.65119 0.66357 0.741001 0.738539 0.53001 0.928783 0.766113 0.875789 0.889387 0.649171 0.778279
 0.93515 0.598934 0.577097 0.719036 0.689792 0.584475 0.436756 0.511345 0.628623 0.661063 0.815434 0.699535 0.633815 0.610218 0.633176 0.60951 0.73076 0.773156 0.835746 0.648067
 0.771039 1.03317 1.01832 1.05494 0.950348 0.616831 1.21852 1.19487 0.983281 1.00253 0.826844 0.749853 0.935602 1.65278 1.25689 0.825925 0.56692 0.715067 0.9185 0.565799
 0.833542 0.894537 0.736813 0.59495 0.54316 0.89178 0.871414 0.697053 0.521711 0.684729 0.618081 0.721822 1.00295 0.834321 0.624033 0.750139 0.768928 0.832017 0.725368 0.649008
 0.8636 0.680427 0.868516 0.93423 0.812212 1.35876 1.10813 1.05142 0.963225 0.849246 0.672093 0.770933 0.533305 0.30995 0.308494 0.378225 0.559778 0.846587 0.530481 0.472661
 0.782163 0.628707 0.573639 0.894237 1.36204 1.33725 1.33415 1.01516 0.787753 0.886184 0.723606 0.553583 0.665677 0.777931 0.756557 0.639279 0.515403 0.486628 0.47238 0.646619
 0.793255 0.728877 0.627864 0.588296 0.639142 0.831896 0.776376 0.471891 0.313805 0.330461 0.326095 0.471951 0.580119 0.67246 1.0458 0.834964 0.441352 0.371188 0.522122 0.652599
 0.789138 1.13397 0.86662 0.781152 0.694535 0.719389 0.719556 0.594742 0.548902 0.641949 0.753685 0.677441 0.529238 0.990213 1.13595 1.0727 0.85862 0.497548 0.35161 0.478942
 0.911757 0.556845 0.371253 0.335531 0.409818 0.611624 0.81593 0.66757 0.944655 1.01638 1.01936 0.859699 0.599994 0.457254 0.593331 0.525678 0.428554 0.654786 0.576597 0.76234
 0.715869 0.636774 0.735377 0.791473 0.917119 0.858824 1.26847 1.19969 0.76101 0.603576 0.418474 0.291114 0.36183 0.405078 0.852757 0.824709 0.649734 0.961378 1.12305 0.868367
 0.884662 0.945717 0.878488 0.829939 0.812955 0.574136 0.665576 0.703835 0.547494 0.497426 0.569852 0.846251 1.06595 0.809687 0.452113 0.382436 0.516979 0.611193 1.17726 1.15453
 0.711351 0.95179 1.18866 0.876755 0.69988 1.02791 0.921125 0.920965 0.771939 0.768627 0.695335 0.60668 0.608812 0.503574 0.362918 0.409782 0.544114 0.660127 0.841132 0.690471
 0.878019 0.795375 0.517988 0.722593 0.622611 0.478942 0.722278 0.820912 0.532663 0.37459 1.35341 1.64174 1.34336 1.27791 1.06789 0.929954 0.739251 0.698579 1.22759 1.18549
 0.817648 0.790111 1.00482 0.981012 0.882356 0.916614 0.918032 0.763638 0.684303 1.02143 0.917689 1.09805 1.43872 1.09208 0.863162 0.697681 1.87252 1.88395 1.02341 0.796454
 0.809519 0.890266 1.4388 1.20001 1.18413 1.05862 0.737043 0.485736 0.468901 0.542856 0.491904 0.521163 0.403731 0.432957 0.355848 0.428575 0.519591 0.395417 0.600619 1.02506
 0.811337 1.16893 1.05523 0.71075 0.596781 0.587593 0.802522 0.709037 0.638904 0.534676 0.390819 0.387293 0.559801 0.648 1.0513 0.924529 0.926383 1.87559 1.50322 1.04993
 0.952694 1.30741 1.24873 0.80513 0.403623 0.379088 0.431429 0.658433 0.718677 0.732567 0.740225 0.75142 0.919364 0.857269 1.1081 1.06998 0.705286 0.549691 0.510611 0.434768
 0.756669 0.689662 1.00904 0.813767 0.616047 0.521004 0.651536 0.953505 1.29905 1.18439 0.901625 0.502025 0.442558 0.517867 0.481767 0.284611 0.214854 0.302466 0.271827 0.371269
 0.80996 0.770931 0.680309 0.729753 0.594481 0.905177 0.710305 0.619919 1.21345 1.26211 0.869343 0.788753 1.00491 0.839971 0.832512 0.78429 0.632952 0.577398 0.47441 0.7264
 0.866174 1.35709 1.28945 0.722234 0.453361 0.407991 0.41414 0.372297 0.402241 0.595122 2.33356 2.08432 1.22192 0.81505 0.674991 0.489091 0.421509 0.452091 0.85564 0.971784
 0.780298 0.854929 0.883488 0.731505 0.571236 0.493613 0.445431 0.558036 0.760086 0.658732 0.407241 0.476134 0.666235 0.79199 0.84186 0.77076 0.59341 0.36759 0.611108 0.663108
 0.855552 0.799156 0.723079 0.644335 0.70835 0.639529 0.70906 0.704488 0.59741 0.717156 0.689639 0.645932 1.04223 1.1383 1.23279 1.01911 1.01186 1.17474 0.778832 0.486565
 0.750699 0.772239 0.649893 0.759846 1.12383 1.07999 0.863234 0.845069 0.773761 0.538241 0.636401 0.795294 0.71128 0.879099 0.747544 0.675703 0.640417 0.69891 0.655798 0.572964
 0.799697 0.550954 0.724396 1.00546 0.856226 0.643936 0.481696 0.368866 0.775751 0.896451 0.828472 0.748514 0.677696 0.612362 0.724168 0.814727 0.829966 0.776206 0.706254 0.713036
 0.845497 0.833208 0.656672 0.666815 0.580043 0.763591 0.926411 0.695705 0.573351 0.483674 0.530212 0.494294 0.614988 0.580995 0.665856 0.783286 0.690602 0.642016 0.626833 0.726594
 0.849846 0.793646 1.34768 1.22984 1.08152 0.866179 0.664269 0.579768 0.565299 0.49853 1.14348 1.36482 0.724829 0.63461 0.786086 1.11315 0.979035 1.1373 0.861544 0.715382
 0.877588 0.854144 0.948018 0.95417 0.963598 1.02432 0.738516 0.689036 0.546655 0.517072 0.935161 1.08862 0.817692 0.625996 0.848054 0.487315 0.392236 0.400734 0.663336 1.11715
 0.89761 0.75219 0.579603 0.503754 0.594665 0.699087 0.724919 0.862936 0.870321 0.994391 1.05018 0.878961 0.847192 0.594158 0.599417 0.640117 0.510824 0.48258 0.968287 0.994197
 0.782489 0.671868 0.542556 0.527421 0.601514 0.640438 0.477062 0.649615 1.02246 1.39957 1.32993 0.935199 0.732863 0.585069 0.572011 0.593361 0.768066 0.630729 0.569619 0.579759
 0.810101 0.708066 0.691275 1.09729 0.852722 0.715106 0.953473 1.06507 1.33742 0.950076 0.966565 0.816307 0.726651 0.873007 0.857614 0.789859 0.533975 0.377016 0.510894 0.590919
 0.865712 0.879399 0.588352 0.479134 0.966795 1.21212 1.25251 0.848543 0.942607 0.839034 0.919141 0.76769 0.474412 0.470396 0.656431 0.484399 0.379136 0.398452 0.670845 0.693909
 0.878428 0.799852 0.674831 0.818915 0.801333 0.760364 0.730448 0.531763 0.411177 0.959415 1.1791 1.31355 1.18937 1.04714 0.83248 0.998138 0.715432 0.591839 0.717222 0.723701
 0.892118 0.674439 0.59457 0.552462 0.984224 0.980431 0.93872 0.920771 0.919323 0.86996 0.92943 0.829927 0.78415 0.601248 0.566546 0.581984 0.469594 0.389804 0.403306 0.620235
 0.841658 0.980329 0.797349 0.771894 0.682747 0.613194 1.08165 1.02765 0.865325 0.528402 0.528431 0.462325 0.431528 0.643266 0.769393 0.618747 0.414218 0.487644 0.71505 0.954974
 0.848166 0.680745 0.620003 0.583766 0.35684 0.413737 0.528964 1.40008 1.05371 0.951656 1.06175 0.916697 0.866773 1.41198 1.33612 0.829169 0.557213 0.560433 0.528076 0.536351
 0.88601 0.697699 0.51754 0.427689 0.775101 0.876996 0.922317 0.721392 1.06583 1.21633 1.13851 1.10101 0.79669 0.552863 0.390333 0.277051 0.259765 0.373781 0.4629 0.633514
 0.82692 1.05152 1.16093 0.8985 1.06632 1.28004 1.11581 0.776221 0.51403 0.434413 0.451135 0.407378 0.307642 0.426766 0.461716 1.11162 1.4841 1.09975 0.718976 0.73006
 0.799384 0.740186 0.590402 0.695001 0.628752 0.467784 0.748297 1.62014 1.3895 0.84194 0.842964 0.741673 0.59361 0.740673 0.715834 0.738837 0.690533 0.554915 0.588322 0.968177
 0.748405 0.659069 0.571186 0.391918 0.366728 0.5751 0.809009 1.17256 0.916158 0.866627 0.782087 0.531709 0.569904 0.623537 0.662994 0.624423 0.491097 0.782043 0.746549 0.599037
 0.889238 0.818236 0.763831 0.786902 1.08253 1.05284 0.780629 1.05276 1.24141 0.740984 0.483332 0.721528 0.682803 0.716394 0.513696 0.548487 0.714017 0.556638 0.373826 0.472869
 0.813967 1.43336 1.43576 0.930947 0.528525 0.572815 0.649581 0.863728 0.802521 0.608975 0.542586 0.501961 0.43975 0.470763 0.432191 0.395935 0.618368 0.643703 0.519181 0.64075
 0.734072 0.785394 0.654439 0.610016 0.513497 0.746249 0.567989 0.496853 0.511003 0.653785 0.600099 0.545466 0.431475 0.317674 0.497951 0.651856 0.517459 0.52567 0.741333 0.93083
 0.875641 0.7578 0.588852 0.496059 0.637902 0.679976 1.09678 0.835285 0.67524 0.589219 0.425721 0.666572 0.984327 1.19961 1.17789 0.997059 0.821579 0.762717 0.651478 0.483997
 0.778872 0.74734 0.574072 0.592703 0.954546 1.2394 1.16444 1.47411 0.954254 0.715267 0.636647 0.722524 0.706648 0.634864 0.613786 0.836535 1.2046 1.08883 1.00811 0.829989
 0.86759 0.96592 0.91815 0.796252 0.705209 0.905971 0.730407 0.687121 0.78022 0.510269 0.460733 0.553863 0.862659 0.798059 0.563287 0.475067 0.353899 0.399614 0.460487 0.326038
 0.817387 0.742101 0.710853 0.676995 0.844422 0.790161 0.565447 0.497445 0.590545 0.586549 0.86496 0.783068 0.668835 1.09722 1.13093 1.01963 0.602091 0.471056 0.37705 0.432241
 0.823934 0.873919 0.959127 0.798803 0.981141 0.978004 1.04043 0.719378 0.683206 0.866759 0.997209 0.828343 0.693535 0.848088 0.784069 1.08925 1.01147 0.546231 0.390795 0.493555
 0.794446 0.733447 0.602916 0.629813 0.58795 0.460655 0.487304 0.621165 0.562979 0.40617 0.309945 0.489445 0.648354 0.675543 0.713636 0.655039 0.903704 0.69921 0.491872 0.491155
 0.849073 0.661559 0.703347 0.850416 0.994086 0.564154 0.541749 0.734601 1.04499 0.86549 0.717684 0.721432 0.863801 1.3924 0.930456 0.610124 0.829213 1.12274 1.03827 0.671342
 0.791378 0.695918 0.666283 0.702049 0.444633 0.317087 0.640643 1.02997 1.17886 0.779403 0.406053 0.353484 0.532563 1.15334 1.51862 1.50277 1.04758 0.781758 0.723875 0.717443
 0.945531 1.21029 1.06463 0.983384 1.19533 1.05427 1.41133 1.27758 0.751065 0.51732 0.407079 0.514175 0.565228 0.708511 0.910163 1.7372 1.56249 0.852941 0.524738 0.388376
 0.783814 1.13538 1.62353 1.37488 0.979507 1.28915 0.954734 0.715874 0.671294 0.608246 0.676467 0.707857 0.636712 0.351424 0.326473 0.44448 0.534405 1.19362 1.15501 0.676888
 0.766231 0.685533 0.81994 0.971576 0.803381 0.601522 0.556982 0.809927 0.808628 0.586164 0.874039 0.902186 1.05725 1.45608 1.26641 1.13066 1.13525 0.803328 0.455571 0.44962
 0.76613 0.611876 0.543524 0.62914 0.811443 0.904826 1.10164 1.22625 1.39317 1.56996 0.994571 0.986601 0.937372 0.711788 1.07306 0.857128 0.506598 0.510218 0.425367 0.358963
 0.844053 0.672575 0.66647 1.36392 1.12157 0.74439 0.589653 0.512367 0.778605 1.01472 0.810901 0.442311 0.317026 0.359483 0.819249 0.919234 0.736347 0.687873 0.621546 0.513511
 0.814045 0.661651 0.669118 0.629499 0.602544 0.927398 1.02541 0.854293 0.844867 0.852985 0.833899 0.988547 1.05991 0.807225 0.39535 0.426674 0.445248 0.539606 0.601635 0.428407
 0.855414 0.991458 0.849178 0.853941 0.783794 1.00759 1.54505 1.41101 0.883189 0.795812 0.938322 0.689875 0.474955 0.592411 0.831714 0.8107 0.714123 0.552656 0.378108 0.423346
 0.708546 0.677177 0.974763 0.904556 0.639313 0.44146 0.483839 0.403812 0.383823 0.416669 0.39269 0.566821 0.591823 0.658155 0.73978 0.658098 0.582493 0.614283 0.882989 0.804333
 0.802329 0.70784 0.730481 0.963649 1.0357 1.23615 0.977498 0.948164 0.760924 0.746273 0.496361 0.439645 0.601753 0.729833 0.749512 0.669879 0.785358 0.702806 0.740596 0.72261
 0.842321 0.960187 0.806616 0.565048 0.717186 0.817621 0.622001 0.526881 0.484197 0.515904 0.555691 0.480536 0.361134 0.316143 0.548731 0.526832 0.702175 0.985191 1.35534 1.49738
 0.755218 0.700016 0.730344 0.860213 0.901221 0.583484 0.422701 0.572197 0.615605 0.803555 1.88408 1.88319 1.707 1.36683 0.772609 0.549214 1.20221 1.38801 0.964107 0.570107
 0.870868 0.739885 0.647328 0.641396 0.871894 0.954999 0.8367 1.41617 1.31022 1.19352 1.375 1.14816 0.823701 0.704244 0.950111 0.845393 0.80414 0.682114 0.8492 0.902216
 0.826199 0.759087 0.671906 0.717694 0.620924 0.762945 0.814901 1.02072 0.877377 0.695782 0.88615 1.15433 0.88527 0.814945 0.683214 0.57146 0.408399 0.379184 0.496904 0.559256
 0.761408 0.860253 1.0844 1.09563 0.865275 0.763478 0.749086 0.632828 0.490989 0.59761 0.552942 0.437998 0.30745 0.246492 0.455973 0.426204 0.566106 0.620472 1.06393 0.975067
 0.752977 0.826535 0.672993 0.597993 0.460422 0.589314 0.682082 0.605236 0.567862 1.14362 1.03096 0.871713 1.20862 1.1625 1.30988 1.22379 0.918858 0.845126 0.843665 0.784152
 0.828703 0.856641 0.861622 0.912952 0.728152 0.592173 0.317401 0.273852 0.402444 0.419847 0.394114 0.424742 0.803248 1.13131 1.079 0.858539 0.52485 0.353991 0.356288 0.498042
 0.851708 0.802893 0.821874 1.5063 1.47797 1.11515 0.946466 0.532888 0.556458 0.929511 0.988116 0.715824 0.544649 0.485155 0.676324 0.808233 0.758338 0.497874 0.392851 0.401002
 0.75447 0.873838 0.975927 0.731637 0.769323 0.821477 0.825937 1.32857 1.14828 0.738373 0.586613 0.670991 0.609372 0.586202 0.645734 0.432191 0.402042 0.881598 0.844347 0.633852
 0.719422 0.686199 1.27481 1.22703 1.05011 0.867721 0.979246 0.771437 1.05314 1.07023 0.714939 0.641976 1.07478 0.971603 0.786534 0.695842 0.471137 0.288463 0.25732 0.309285
 0.853903 0.775303 0.580205 0.441625 0.547192 0.968342 0.791193 0.88073 1.97685 1.69916 1.29776 1.23049 1.12763 0.662144 0.320279 0.500037 0.782517 0.520572 0.546094 0.664455
 0.770334 0.79544 0.909662 0.768964 0.533136 0.450215 0.419065 0.423635 0.697807 0.638892 0.582731 0.576585 0.506113 0.800547 0.716083 0.682074 1.00666 0.886969 0.871683 0.9813
