 0.516836 0.284997 0.318748 0.314868 0.366165 0.615501 0.873838 1.06684 0.923599 0.98713 1.03146 0.730575 0.463954 0.239547 0.101639 0.0808454 0.0905666 0.119998 0.14863 0.169196 0.257181 0.31716 0.400211 0.563929
 0.516836 0.284997 0.318748 0.314868 0.366165 0.615501 0.873838 1.06684 0.923599 0.98713 1.03146 0.730575 0.463954 0.239547 0.101639 0.0808454 0.0905666 0.119998 0.14863 0.169196 0.257181 0.31716 0.400211 0.563929
 0.516836 0.284997 0.318748 0.314868 0.366165 0.615501 0.873838 1.06684 0.923599 0.98713 1.03146 0.730575 0.463954 0.239547 0.101639 0.0808454 0.0905666 0.119998 0.14863 0.169196 0.257181 0.31716 0.400211 0.563929
 0.516836 0.284997 0.318748 0.314868 0.366165 0.615501 0.873838 1.06684 0.923599 0.98713 1.03146 0.730575 0.463954 0.239547 0.101639 0.0808454 0.0905666 0.119998 0.14863 0.169196 0.257181 0.31716 0.400211 0.563929
 0.516836 0.284997 0.318748 0.314868 0.366165 0.615501 0.873838 1.06684 0.923599 0.98713 1.03146 0.730575 0.463954 0.239547 0.101639 0.0808454 0.0905666 0.119998 0.14863 0.169196 0.257181 0.31716 0.400211 0.563929
 0.503906 0.278611 0.311458 0.302955 0.36012 0.630604 0.879871 1.05219 0.905177 0.983838 1.03206 0.726653 0.465679 0.240493 0.101146 0.0824512 0.0909111 0.121187 0.148734 0.16752 0.252836 0.312978 0.394553 0.555482
 0.494412 0.269998 0.309428 0.29167 0.343882 0.615972 0.868995 1.04323 0.901544 0.971752 1.03074 0.729642 0.472466 0.247203 0.100474 0.0819353 0.0881791 0.116886 0.142031 0.163167 0.246761 0.310784 0.393863 0.554672
 0.480354 0.260829 0.30983 0.299241 0.346669 0.617434 0.864711 1.03135 0.902855 0.989853 1.04005 0.739478 0.478657 0.248117 0.103305 0.08209 0.0892718 0.117799 0.142018 0.163943 0.247715 0.311947 0.398671 0.568375
 0.480354 0.260829 0.30983 0.299241 0.346669 0.617434 0.864711 1.03135 0.902855 0.989853 1.04005 0.739478 0.478657 0.248117 0.103305 0.08209 0.0892718 0.117799 0.142018 0.163943 0.247715 0.311947 0.398671 0.568375
 0.48036 0.259626 0.31078 0.301816 0.349123 0.617047 0.867687 1.03601 0.905894 0.988341 1.04127 0.740084 0.478459 0.247667 0.103444 0.0822007 0.089151 0.117471 0.141816 0.163753 0.247865 0.313417 0.397856 0.568664
 0.480965 0.260088 0.311504 0.301936 0.347215 0.615056 0.864686 1.03537 0.910002 0.99214 1.03957 0.73911 0.476248 0.247052 0.103765 0.0826671 0.0892981 0.117772 0.142162 0.164567 0.248841 0.314975 0.398619 0.566962
 0.485079 0.262192 0.310872 0.298055 0.344219 0.612041 0.861393 1.0371 0.908591 0.988032 1.03849 0.743212 0.477564 0.247708 0.104753 0.0825337 0.0890554 0.117297 0.141363 0.163959 0.248853 0.315053 0.398827 0.570854
 0.48561 0.263108 0.309808 0.293166 0.340222 0.609232 0.861353 1.03934 0.907403 0.986328 1.03148 0.740623 0.47646 0.247465 0.105551 0.0831621 0.0891712 0.117536 0.142028 0.163609 0.247227 0.31347 0.396887 0.567489
 0.48457 0.262369 0.308898 0.291768 0.339404 0.608586 0.861209 1.03845 0.905021 0.983796 1.03115 0.74065 0.476582 0.247518 0.105672 0.0831105 0.0891237 0.117547 0.141849 0.163517 0.247085 0.313546 0.39717 0.567143
 0.483933 0.262253 0.308525 0.290898 0.338969 0.609282 0.862571 1.03834 0.904594 0.983084 1.03004 0.739426 0.476176 0.247587 0.105683 0.0831029 0.0891153 0.117512 0.141956 0.163582 0.246944 0.313597 0.396915 0.567151
 0.484509 0.262689 0.30799 0.290387 0.338748 0.609841 0.863265 1.03891 0.906449 0.983778 1.03003 0.738955 0.475779 0.247666 0.10554 0.0829883 0.0891141 0.117682 0.142103 0.163752 0.247005 0.313378 0.396788 0.567264
 0.485749 0.263344 0.308941 0.29126 0.339118 0.61094 0.86375 1.03771 0.905217 0.98133 1.03011 0.739977 0.477164 0.248278 0.105795 0.0829868 0.089229 0.11786 0.142183 0.163592 0.247322 0.31375 0.397579 0.568531
 0.486514 0.263907 0.309108 0.291409 0.339357 0.610908 0.863547 1.03787 0.905051 0.981297 1.02969 0.739139 0.477082 0.248371 0.105845 0.0830721 0.0892436 0.11782 0.142161 0.163625 0.247517 0.313842 0.397441 0.568264
 0.486779 0.264033 0.309389 0.291643 0.339407 0.611155 0.864045 1.03841 0.905064 0.980886 1.02954 0.738827 0.476743 0.248309 0.105868 0.083107 0.0892875 0.117844 0.142082 0.16355 0.247423 0.313779 0.397254 0.568429
 0.486223 0.263534 0.30925 0.291744 0.339353 0.611147 0.864034 1.03833 0.905344 0.981315 1.02974 0.739239 0.476986 0.248349 0.105879 0.0830951 0.0893841 0.117949 0.142197 0.163711 0.247544 0.313863 0.397362 0.56828
 0.485207 0.262938 0.308888 0.29146 0.3393 0.610892 0.864294 1.03841 0.905253 0.981274 1.02983 0.739282 0.4772 0.248388 0.105802 0.0830219 0.0892942 0.117998 0.142333 0.163945 0.24781 0.314043 0.397668 0.568615
 0.485185 0.263028 0.308886 0.291342 0.339459 0.611282 0.864109 1.03754 0.904756 0.980858 1.03056 0.739959 0.477549 0.248467 0.105851 0.0829541 0.0892943 0.118013 0.142325 0.163992 0.247796 0.314017 0.397893 0.568955
 0.484746 0.262663 0.308556 0.291112 0.339536 0.611415 0.863933 1.03764 0.905705 0.981144 1.03068 0.739965 0.477632 0.248503 0.105897 0.0830237 0.0892734 0.118043 0.14247 0.164058 0.247927 0.314149 0.397823 0.568848
 0.485366 0.262756 0.308478 0.29125 0.339591 0.611385 0.863555 1.03744 0.905958 0.980527 1.03038 0.740175 0.47787 0.248291 0.105755 0.0829544 0.0891934 0.117938 0.142357 0.164029 0.247783 0.313805 0.397532 0.568914
 0.484847 0.262653 0.308896 0.291955 0.340417 0.611976 0.864391 1.03772 0.906209 0.980807 1.03067 0.74045 0.478077 0.248221 0.105717 0.0829715 0.0891956 0.117896 0.142434 0.164178 0.248066 0.314209 0.397474 0.56844
 0.485404 0.26298 0.308632 0.29172 0.34045 0.611368 0.864254 1.03817 0.906394 0.980933 1.03008 0.740483 0.477871 0.24822 0.105679 0.082948 0.0892216 0.117925 0.142497 0.164165 0.247877 0.314068 0.397222 0.568061
 0.485269 0.262818 0.308757 0.291694 0.340616 0.611666 0.864805 1.03859 0.906102 0.980928 1.03021 0.740555 0.477935 0.24834 0.105733 0.0830345 0.0892874 0.117986 0.142675 0.164403 0.248143 0.314449 0.397587 0.568609
 0.485729 0.263105 0.309068 0.29194 0.340728 0.611607 0.864309 1.03783 0.905358 0.980328 1.03024 0.740625 0.478055 0.24844 0.105774 0.0830236 0.0892887 0.117967 0.142614 0.164242 0.247913 0.314246 0.397566 0.568683
 0.485019 0.262617 0.309071 0.29196 0.340344 0.61075 0.863018 1.03697 0.904376 0.979367 1.02957 0.740296 0.478286 0.248597 0.105786 0.0829989 0.0892425 0.117853 0.142602 0.164283 0.247893 0.314149 0.39755 0.568361
 0.486038 0.263158 0.309376 0.292417 0.340961 0.61142 0.8638 1.03731 0.904214 0.979688 1.02992 0.740134 0.478262 0.248664 0.105795 0.0830182 0.0893265 0.117999 0.142637 0.164367 0.247988 0.314172 0.397364 0.568138
 0.486322 0.263497 0.310276 0.293234 0.341353 0.611522 0.863691 1.03834 0.905538 0.980498 1.0311 0.741089 0.478555 0.248693 0.105779 0.0830802 0.0894707 0.118211 0.142885 0.164519 0.248187 0.314584 0.398052 0.56891
 0.48654 0.263586 0.310288 0.293189 0.341492 0.612112 0.864509 1.03895 0.905783 0.981049 1.03119 0.740529 0.478543 0.248818 0.105687 0.0830388 0.0894823 0.118336 0.142928 0.164542 0.248315 0.314487 0.397972 0.569014
 0.485849 0.26309 0.310115 0.292796 0.341208 0.612677 0.865387 1.03958 0.905459 0.980725 1.03054 0.739992 0.478517 0.248761 0.105624 0.0829647 0.0894445 0.118216 0.142912 0.164601 0.248251 0.314317 0.39775 0.568371
 0.486085 0.26307 0.309784 0.292394 0.340965 0.612511 0.865716 1.03992 0.905557 0.980491 1.03059 0.74007 0.478204 0.248724 0.105616 0.0828987 0.0893884 0.118112 0.142873 0.164649 0.248359 0.314324 0.397766 0.567694
 0.485151 0.262336 0.309347 0.2923 0.340978 0.61279 0.866224 1.0408 0.906057 0.981234 1.03135 0.740852 0.478691 0.248898 0.105511 0.0829162 0.0894772 0.118207 0.142975 0.164741 0.24827 0.314482 0.39775 0.567513
 0.485134 0.26209 0.3091 0.291501 0.339818 0.611374 0.863857 1.03903 0.905589 0.981336 1.03063 0.740708 0.478586 0.24885 0.105458 0.0828491 0.0893282 0.118026 0.142994 0.164505 0.247847 0.31421 0.397016 0.567105
 0.484781 0.26212 0.309305 0.291792 0.340186 0.611918 0.864996 1.04077 0.907343 0.982509 1.03045 0.740048 0.478329 0.248591 0.105361 0.082821 0.089327 0.118105 0.143075 0.164578 0.247571 0.313926 0.396682 0.566765
 0.484393 0.262034 0.309712 0.2926 0.340706 0.612378 0.864506 1.03978 0.906991 0.982545 1.03032 0.739721 0.478297 0.24869 0.105406 0.0828952 0.0893698 0.11808 0.143244 0.164852 0.247995 0.314303 0.397068 0.56741
 0.483862 0.261949 0.309598 0.292585 0.341197 0.613558 0.865657 1.04024 0.906149 0.981316 1.03076 0.740224 0.47915 0.249002 0.105423 0.0828755 0.0893535 0.11799 0.143164 0.164902 0.248018 0.314214 0.39731 0.567926
 0.483558 0.261971 0.309614 0.292663 0.341567 0.614511 0.866779 1.04165 0.907235 0.981382 1.03115 0.740788 0.479442 0.249196 0.105453 0.0828345 0.0893827 0.11798 0.143139 0.16491 0.247896 0.314188 0.397593 0.568262
 0.483209 0.261994 0.309835 0.293374 0.342084 0.61482 0.867101 1.04244 0.907608 0.981787 1.03141 0.741203 0.479731 0.249273 0.105434 0.0828205 0.0894312 0.118088 0.143253 0.164972 0.24798 0.314404 0.397725 0.56847
 0.483075 0.261763 0.309565 0.292795 0.341285 0.613477 0.865292 1.04043 0.905947 0.980655 1.03041 0.740826 0.479862 0.249368 0.105515 0.0828881 0.0893542 0.118014 0.143266 0.164962 0.247876 0.314347 0.397404 0.569005
 0.483467 0.262188 0.309811 0.292884 0.341475 0.613191 0.864778 1.04067 0.9059 0.980043 1.03048 0.741066 0.47976 0.249486 0.105521 0.0828763 0.0893788 0.118051 0.143417 0.165134 0.248234 0.314811 0.397824 0.568782
 0.483882 0.262232 0.309809 0.292961 0.341551 0.613173 0.864718 1.04049 0.905063 0.979339 1.03103 0.741326 0.480118 0.249635 0.105545 0.082876 0.0893815 0.118164 0.143447 0.165141 0.248384 0.315004 0.398071 0.569591
 0.483181 0.261813 0.309144 0.291986 0.341114 0.612794 0.864044 1.0399 0.904753 0.978782 1.03119 0.741485 0.480126 0.249639 0.105633 0.0828774 0.0894415 0.118215 0.143442 0.165065 0.248356 0.315134 0.398309 0.570307
 0.483173 0.261832 0.309082 0.291903 0.341377 0.61279 0.864273 1.0406 0.904963 0.978708 1.03078 0.741165 0.480038 0.249562 0.105586 0.0828407 0.0894301 0.118227 0.143391 0.164836 0.248237 0.315082 0.398346 0.569862
 0.483487 0.261963 0.309421 0.292433 0.341717 0.613848 0.864763 1.04115 0.905315 0.978683 1.0302 0.740807 0.479733 0.249534 0.105676 0.0829397 0.0895375 0.118426 0.143557 0.164851 0.248169 0.315048 0.398674 0.570519
 0.470931 0.258266 0.312496 0.306547 0.357942 0.638798 0.908988 1.0935 0.956453 1.04443 1.09134 0.745481 0.47155 0.249094 0.103773 0.0859944 0.101077 0.130016 0.148569 0.180246 0.28323 0.35583 0.456675 0.642299
 0.477508 0.26011 0.310493 0.298407 0.349083 0.625671 0.885698 1.06625 0.9284 1.00792 1.05657 0.74206 0.475764 0.249206 0.104958 0.0842622 0.0944116 0.123205 0.145575 0.171176 0.262745 0.331981 0.423081 0.6005
 0.486012 0.262294 0.307911 0.288038 0.337381 0.60735 0.852157 1.02635 0.889611 0.957993 1.00994 0.741314 0.482961 0.249202 0.106366 0.0817552 0.0858044 0.114689 0.142017 0.159688 0.237042 0.301839 0.380264 0.546849
 0.484008 0.261272 0.307407 0.287446 0.337525 0.607105 0.8523 1.02633 0.890292 0.958771 1.01061 0.741476 0.483057 0.249333 0.106453 0.0816891 0.0857563 0.114692 0.142164 0.159889 0.237314 0.302071 0.380796 0.547234
 0.484079 0.261247 0.307724 0.28739 0.336991 0.605823 0.850992 1.02526 0.890097 0.958576 1.01049 0.741378 0.483144 0.249269 0.106441 0.0815474 0.0856987 0.114693 0.142098 0.159743 0.237007 0.301778 0.380589 0.547297
 0.483495 0.260919 0.307558 0.287214 0.337026 0.605518 0.850957 1.02552 0.890268 0.958053 1.01086 0.741783 0.482941 0.249213 0.106566 0.081616 0.0857064 0.114746 0.142158 0.159886 0.237213 0.301993 0.38102 0.547893
 0.476035 0.258715 0.309629 0.296395 0.347645 0.621893 0.880273 1.06076 0.925436 1.00202 1.05148 0.742287 0.47671 0.249202 0.105248 0.083728 0.0930838 0.122037 0.145162 0.169827 0.25948 0.328129 0.418031 0.594027
 0.477124 0.259531 0.309768 0.296695 0.348186 0.622189 0.880866 1.06161 0.926229 1.00211 1.05145 0.742561 0.476793 0.249311 0.105271 0.0836953 0.0931171 0.12205 0.145164 0.169797 0.25946 0.327974 0.41772 0.593871
 0.476939 0.259604 0.309323 0.296695 0.348276 0.622607 0.882304 1.06373 0.926818 1.00292 1.0515 0.742241 0.476614 0.249163 0.105165 0.0837173 0.0931443 0.12212 0.145177 0.169856 0.259682 0.328086 0.418187 0.594384
 0.476244 0.259237 0.309034 0.29631 0.348316 0.623095 0.883205 1.06513 0.927739 1.00376 1.05143 0.741939 0.476437 0.249166 0.105137 0.0837239 0.0931226 0.122034 0.145078 0.16973 0.259592 0.32808 0.418519 0.594787
 0.47553 0.258925 0.309113 0.29629 0.348106 0.62271 0.883061 1.06455 0.927786 1.00501 1.05157 0.741702 0.476485 0.249055 0.105171 0.0837035 0.0931157 0.121947 0.145005 0.169682 0.259501 0.327964 0.418382 0.594523
 0.475639 0.258895 0.308811 0.296019 0.348117 0.62259 0.883261 1.06446 0.928124 1.00523 1.05165 0.741953 0.476503 0.249161 0.105146 0.0836985 0.093034 0.12192 0.144942 0.169705 0.259551 0.328095 0.418366 0.593922
 0.475607 0.258918 0.309164 0.296621 0.347996 0.622464 0.883699 1.06448 0.927496 1.00518 1.05229 0.742703 0.477047 0.249213 0.105154 0.0837079 0.0929658 0.121866 0.144874 0.16967 0.259762 0.328221 0.418452 0.594059
 0.475746 0.258793 0.309262 0.296741 0.348063 0.622007 0.883122 1.06398 0.926867 1.00417 1.05192 0.74273 0.477177 0.249008 0.104932 0.0836915 0.0928409 0.121794 0.144816 0.169665 0.259697 0.328282 0.418087 0.593389
 0.476281 0.258737 0.309361 0.296906 0.348245 0.622037 0.883318 1.06511 0.927716 1.00375 1.05113 0.742491 0.477035 0.249123 0.104889 0.0836617 0.0928698 0.121847 0.144949 0.169812 0.259904 0.328357 0.418325 0.594233
 0.476515 0.258951 0.309868 0.297363 0.348337 0.621739 0.882836 1.06503 0.927561 1.00323 1.05063 0.742495 0.476775 0.248865 0.104789 0.0836683 0.0927826 0.12161 0.14474 0.169522 0.259733 0.328218 0.417869 0.593173
 0.475467 0.258204 0.310001 0.29747 0.347966 0.620937 0.881922 1.06402 0.927095 1.00399 1.0516 0.743262 0.477105 0.248875 0.104689 0.0836585 0.0928104 0.121583 0.144729 0.169555 0.259778 0.328258 0.417904 0.593341
 0.474858 0.257665 0.30999 0.297655 0.348095 0.621052 0.882381 1.0654 0.927734 1.00488 1.05225 0.743914 0.477193 0.248804 0.104664 0.0836237 0.0928225 0.121716 0.144812 0.169726 0.260046 0.328448 0.418087 0.594009
 0.474829 0.257649 0.309969 0.298072 0.348747 0.621996 0.883084 1.06607 0.927186 1.00473 1.05166 0.743541 0.477299 0.249009 0.104729 0.0836553 0.0927813 0.121631 0.144659 0.169703 0.260038 0.32849 0.418315 0.59438
 0.485734 0.261308 0.307807 0.286407 0.3346 0.599184 0.842363 1.01765 0.879915 0.945776 0.996855 0.742836 0.48564 0.248685 0.106485 0.0809252 0.0830226 0.111913 0.140559 0.156449 0.230366 0.293729 0.369274 0.533577
 0.48541 0.261271 0.307818 0.286162 0.334323 0.598829 0.841843 1.01778 0.879876 0.945484 0.996523 0.742806 0.485572 0.248654 0.106387 0.0808696 0.0829875 0.111918 0.140675 0.156514 0.230564 0.293902 0.369516 0.533199
 0.472264 0.25765 0.311951 0.30299 0.353509 0.629622 0.896512 1.08192 0.941822 1.02547 1.07039 0.744678 0.475069 0.248755 0.104152 0.0847241 0.096272 0.125017 0.146146 0.174274 0.270785 0.340967 0.436121 0.616531
 0.485921 0.261715 0.307767 0.285829 0.334185 0.599249 0.842333 1.01726 0.879801 0.946668 0.997547 0.743544 0.486108 0.248921 0.106502 0.0808854 0.0828737 0.111759 0.140585 0.156251 0.230251 0.293318 0.368795 0.532918
 0.476469 0.258752 0.310877 0.297856 0.347655 0.619981 0.878334 1.06044 0.922207 0.999739 1.04738 0.74336 0.478499 0.249194 0.105014 0.0834688 0.0917622 0.120519 0.144161 0.168169 0.257082 0.325067 0.413937 0.589431
 0.476552 0.258851 0.310414 0.297652 0.347588 0.620092 0.878828 1.06033 0.922265 0.999975 1.04738 0.74285 0.478224 0.249123 0.105013 0.0834819 0.091811 0.120602 0.14423 0.168214 0.257128 0.325083 0.413841 0.589599
 0.477363 0.259326 0.310315 0.297547 0.347586 0.620282 0.879236 1.05996 0.92159 0.999383 1.04706 0.742595 0.478238 0.249128 0.105035 0.083434 0.0917935 0.12068 0.144296 0.168206 0.256916 0.324886 0.41383 0.589461
 0.477895 0.259852 0.310134 0.29732 0.347986 0.620805 0.879627 1.05994 0.92086 0.998023 1.04626 0.742288 0.47846 0.249244 0.105045 0.0833413 0.0917721 0.120752 0.144421 0.168289 0.25712 0.325422 0.414618 0.590489
 0.478405 0.260286 0.310588 0.297855 0.348119 0.620462 0.878935 1.05915 0.921185 0.998887 1.04636 0.741697 0.478357 0.249273 0.105017 0.0832508 0.0917025 0.120636 0.14425 0.168117 0.25682 0.325202 0.414446 0.590425
 0.478525 0.260311 0.310996 0.298144 0.348264 0.620358 0.87922 1.05995 0.92078 0.998433 1.04673 0.741919 0.478421 0.249299 0.105022 0.0832048 0.0917048 0.120678 0.14426 0.168098 0.25683 0.325428 0.414775 0.590896
 0.477864 0.260207 0.31096 0.298089 0.348255 0.620643 0.879594 1.06002 0.920518 0.998092 1.0464 0.741817 0.478405 0.249151 0.104997 0.08325 0.091661 0.120501 0.144165 0.167951 0.256703 0.325417 0.414439 0.590209
 0.477639 0.260256 0.311293 0.298404 0.348667 0.621205 0.8798 1.06001 0.920903 0.998703 1.04634 0.741461 0.478159 0.249137 0.105003 0.0831746 0.091588 0.120483 0.144177 0.168075 0.256792 0.325455 0.414404 0.590184
 0.478377 0.26093 0.312225 0.299582 0.349248 0.620726 0.879471 1.06042 0.920783 0.998485 1.04642 0.741001 0.477962 0.249051 0.105008 0.0832101 0.0916326 0.120608 0.144388 0.16821 0.257108 0.325917 0.414498 0.589727
 0.478149 0.260811 0.312436 0.300104 0.349985 0.621391 0.879795 1.0603 0.921226 0.99825 1.04502 0.740306 0.477855 0.2491 0.104973 0.083203 0.0916353 0.120686 0.144541 0.168382 0.257197 0.326113 0.414691 0.589198
 0.477257 0.260286 0.312738 0.300086 0.350127 0.621306 0.879543 1.06005 0.920943 0.998465 1.04564 0.740814 0.477775 0.249044 0.104997 0.0831861 0.0917139 0.120834 0.144621 0.168466 0.256945 0.325922 0.414525 0.589094
 0.477336 0.260272 0.312252 0.299375 0.34946 0.620509 0.878407 1.0592 0.920204 0.998072 1.04553 0.740957 0.477696 0.249034 0.105106 0.0832665 0.0917585 0.120899 0.144665 0.168421 0.25672 0.325567 0.414388 0.588848
 0.478131 0.260541 0.311923 0.298944 0.34929 0.620348 0.877892 1.05915 0.921878 0.999566 1.04616 0.740959 0.477686 0.249187 0.105192 0.0832242 0.0917877 0.120967 0.144889 0.168677 0.256952 0.325699 0.414505 0.588689
 0.477932 0.260635 0.311786 0.298686 0.348779 0.61983 0.877789 1.05925 0.923407 1.00087 1.04652 0.741247 0.478059 0.249325 0.105159 0.0832237 0.0917978 0.120922 0.144949 0.168567 0.256645 0.325239 0.414255 0.588819
 0.477964 0.260542 0.311709 0.298839 0.348761 0.619627 0.878196 1.05956 0.923147 1.00063 1.04586 0.74056 0.477505 0.249218 0.105127 0.0831203 0.0917356 0.12091 0.144976 0.168609 0.256607 0.324983 0.41406 0.588586
 0.478288 0.2609 0.312115 0.299093 0.348796 0.618953 0.876975 1.05819 0.923645 1.00068 1.04499 0.740312 0.477397 0.249388 0.105199 0.0830606 0.0916411 0.120776 0.144987 0.168944 0.256717 0.325073 0.41394 0.588349
 0.4776 0.260799 0.311931 0.299065 0.348955 0.618815 0.877316 1.05903 0.924111 1.00034 1.04382 0.738994 0.476934 0.249323 0.105117 0.0830806 0.0915805 0.120635 0.144801 0.168866 0.256751 0.325159 0.414397 0.588004
 0.478137 0.261219 0.311832 0.29945 0.349434 0.619349 0.877674 1.05982 0.924303 1.00001 1.04416 0.739084 0.477115 0.249441 0.105071 0.0829718 0.0914968 0.120616 0.14486 0.16886 0.256726 0.325119 0.41442 0.587724
 0.478233 0.260913 0.311161 0.298425 0.348857 0.61927 0.877941 1.0604 0.924739 1.00034 1.04425 0.739222 0.477069 0.249461 0.104965 0.0828895 0.0914975 0.120595 0.144941 0.168995 0.257044 0.325545 0.414737 0.588459
 0.477109 0.260778 0.311459 0.298139 0.348858 0.619092 0.877832 1.05962 0.92514 1.00145 1.04593 0.740026 0.476978 0.249665 0.105006 0.0827705 0.0914039 0.120611 0.145078 0.169117 0.257044 0.325415 0.41445 0.587719
 0.477989 0.261359 0.311643 0.298577 0.349352 0.619032 0.877782 1.05921 0.925362 1.00137 1.04643 0.74021 0.476916 0.249904 0.1051 0.0827922 0.0913026 0.120425 0.144844 0.169055 0.2572 0.325817 0.414936 0.588015
 0.478757 0.261987 0.311823 0.298922 0.34915 0.618424 0.876858 1.05815 0.92498 1.00073 1.04607 0.739794 0.47657 0.250049 0.105113 0.0828608 0.091352 0.120559 0.145014 0.169223 0.257319 0.325911 0.415077 0.588264
 0.479634 0.262475 0.312168 0.299531 0.34901 0.618364 0.877165 1.05924 0.925667 1.00129 1.0462 0.7396 0.476319 0.250126 0.105139 0.08295 0.0913928 0.120599 0.144923 0.169244 0.257294 0.325729 0.415099 0.588293
 0.479654 0.262295 0.312936 0.300512 0.349303 0.618649 0.877304 1.05937 0.926337 1.00169 1.04656 0.739174 0.476036 0.250115 0.105234 0.0830126 0.0913925 0.120493 0.144864 0.169263 0.257422 0.326076 0.415501 0.588634
 0.478504 0.261918 0.312582 0.300513 0.349558 0.618783 0.877556 1.05968 0.927335 1.00327 1.04735 0.739788 0.47599 0.250222 0.105248 0.0830284 0.091349 0.120465 0.144934 0.16935 0.257312 0.325864 0.415563 0.588975
 0.478433 0.262112 0.312979 0.301161 0.349828 0.618848 0.877657 1.0599 0.926219 1.00302 1.04764 0.740311 0.476023 0.25016 0.105296 0.0831227 0.0913968 0.120454 0.144854 0.169257 0.257266 0.325807 0.415654 0.589101
 0.479091 0.262755 0.314056 0.302461 0.350258 0.618245 0.876629 1.05917 0.925863 1.00321 1.04737 0.739619 0.475748 0.249945 0.105234 0.0831555 0.0914722 0.120544 0.144874 0.169288 0.257375 0.325763 0.415632 0.589166
 0.479362 0.262816 0.313916 0.302755 0.350678 0.618848 0.877504 1.06095 0.927143 1.00431 1.04735 0.73968 0.4757 0.249854 0.105226 0.0830257 0.0913821 0.120437 0.14468 0.169254 0.257536 0.32571 0.41513 0.588236
 0.484486 0.264417 0.312586 0.296834 0.343757 0.607811 0.857793 1.03761 0.904438 0.975589 1.02099 0.738511 0.479145 0.249779 0.10599 0.0816718 0.0867413 0.115831 0.142754 0.162627 0.242976 0.308748 0.390869 0.557952
 0.483956 0.264022 0.312664 0.296897 0.343914 0.608047 0.857921 1.03775 0.905173 0.976713 1.02102 0.738046 0.478782 0.249772 0.105967 0.0815982 0.086661 0.11583 0.142845 0.162819 0.243202 0.308926 0.390615 0.557231
 0.483743 0.263812 0.312315 0.296478 0.343549 0.608202 0.858276 1.03787 0.904871 0.976152 1.0209 0.738624 0.479186 0.2499 0.106042 0.0816117 0.0866669 0.115793 0.142824 0.162932 0.243316 0.309169 0.390567 0.556633
 0.483888 0.26369 0.312478 0.296396 0.343451 0.607708 0.857784 1.03734 0.90416 0.975765 1.02069 0.738763 0.479355 0.249762 0.106008 0.0815845 0.0866252 0.115719 0.142648 0.162722 0.243066 0.308831 0.390126 0.555981
 0.483465 0.263228 0.312468 0.296396 0.343011 0.606743 0.857175 1.0374 0.904379 0.975392 1.02073 0.738784 0.479087 0.249574 0.106102 0.0815542 0.0865093 0.11564 0.142643 0.162675 0.242831 0.308642 0.38972 0.555299
 0.483473 0.263578 0.31289 0.296666 0.342976 0.606408 0.857001 1.03714 0.905007 0.976512 1.02126 0.739007 0.479103 0.249842 0.106164 0.0814943 0.0865354 0.115759 0.142763 0.162869 0.243143 0.308939 0.390226 0.55619
 0.483762 0.263711 0.312945 0.296472 0.34271 0.606062 0.856609 1.03727 0.904671 0.975852 1.02078 0.738571 0.479034 0.250209 0.106206 0.08157 0.0865278 0.115754 0.14269 0.162976 0.243326 0.309214 0.39028 0.55628
 0.483981 0.263852 0.313028 0.296568 0.342828 0.605723 0.856462 1.03675 0.9047 0.975946 1.02077 0.73861 0.478853 0.250134 0.106065 0.0814611 0.0864367 0.115701 0.1426 0.162953 0.24324 0.309247 0.390305 0.556075
 0.484087 0.264363 0.313239 0.296589 0.342676 0.605148 0.855565 1.03641 0.903796 0.974823 1.02007 0.737937 0.478792 0.24996 0.106041 0.0814768 0.0864534 0.115782 0.142723 0.163075 0.243518 0.309354 0.390288 0.556565
 0.483682 0.264246 0.312877 0.296152 0.342436 0.604598 0.854883 1.03582 0.904058 0.976784 1.02194 0.738389 0.478958 0.250001 0.106084 0.0814531 0.0865194 0.115914 0.1428 0.163043 0.243509 0.309624 0.390498 0.556545
 0.483961 0.264509 0.312846 0.295763 0.341687 0.604089 0.854346 1.03594 0.905608 0.977072 1.0215 0.738079 0.478878 0.249949 0.105983 0.0813717 0.0864673 0.115851 0.14269 0.162863 0.242999 0.308775 0.389795 0.555503
 0.484679 0.265241 0.313543 0.296482 0.34213 0.604889 0.855259 1.03658 0.90564 0.977399 1.02136 0.738363 0.479112 0.250174 0.105989 0.0813445 0.0865406 0.115889 0.142715 0.162955 0.243277 0.309153 0.390066 0.555997
 0.484863 0.264796 0.313183 0.296084 0.341697 0.605041 0.855764 1.03663 0.904632 0.977361 1.02164 0.738419 0.478681 0.250255 0.105993 0.0813338 0.0864607 0.115894 0.142684 0.162822 0.243205 0.308975 0.389796 0.556123
 0.484306 0.264271 0.312669 0.295212 0.341043 0.60519 0.855535 1.03632 0.905486 0.977784 1.0216 0.738171 0.478368 0.250182 0.106002 0.0813074 0.0865005 0.116133 0.142909 0.162893 0.243307 0.309091 0.390154 0.557
 0.482869 0.263495 0.312247 0.294554 0.340697 0.605255 0.856388 1.03762 0.906141 0.977811 1.02122 0.738042 0.47834 0.250232 0.106098 0.0813869 0.0864957 0.116089 0.142954 0.163027 0.243564 0.309336 0.390568 0.557279
 0.483093 0.263851 0.312522 0.295022 0.340992 0.604718 0.85559 1.0367 0.906172 0.978112 1.0215 0.738629 0.478484 0.250263 0.106149 0.0813964 0.0865386 0.116221 0.14313 0.163237 0.243622 0.309373 0.390979 0.557959
 0.483678 0.264042 0.312552 0.295107 0.340842 0.604858 0.856049 1.03693 0.905844 0.978236 1.02166 0.739242 0.478718 0.25033 0.106096 0.0813476 0.0865289 0.116302 0.143275 0.163209 0.243584 0.309667 0.391219 0.557759
 0.483709 0.263964 0.3127 0.29531 0.340911 0.605121 0.855942 1.03635 0.905003 0.977734 1.02159 0.740026 0.479133 0.250285 0.106018 0.0813714 0.0865098 0.116307 0.143394 0.163313 0.243783 0.30949 0.391872 0.558658
 0.485109 0.264907 0.313079 0.295545 0.34106 0.605455 0.855324 1.03515 0.904138 0.977306 1.02162 0.740617 0.479393 0.250508 0.10611 0.0814032 0.0866585 0.116456 0.143447 0.163439 0.243951 0.309655 0.392224 0.55945
 0.485093 0.26507 0.313211 0.295906 0.341172 0.605645 0.855265 1.03462 0.903857 0.978111 1.02192 0.740648 0.479303 0.250578 0.106209 0.0814732 0.086695 0.116439 0.143397 0.163308 0.243735 0.309424 0.391887 0.558999
 0.485215 0.264781 0.31295 0.295574 0.340791 0.604494 0.853573 1.03342 0.903953 0.977454 1.02197 0.741163 0.479737 0.250956 0.10632 0.0814831 0.0866878 0.116443 0.143379 0.163371 0.243572 0.309163 0.391846 0.559188
 0.485957 0.26528 0.313022 0.295143 0.340437 0.60402 0.852037 1.03119 0.902384 0.977061 1.022 0.741392 0.479918 0.250826 0.106309 0.0814208 0.0866561 0.116391 0.143333 0.163372 0.243507 0.309183 0.392197 0.55976
 0.484978 0.264181 0.312762 0.294476 0.339781 0.603433 0.851247 1.03083 0.902925 0.977109 1.02292 0.742098 0.480031 0.250636 0.106313 0.0814436 0.0866431 0.116445 0.143498 0.163417 0.243413 0.309181 0.391974 0.559432
 0.483892 0.263463 0.312872 0.294327 0.339766 0.603527 0.8515 1.03034 0.903197 0.9775 1.02271 0.742173 0.480144 0.250715 0.106348 0.0815017 0.0867157 0.116515 0.143575 0.163347 0.243516 0.309312 0.392007 0.559047
 0.484498 0.263656 0.31307 0.294143 0.339708 0.603445 0.851005 1.02919 0.902812 0.978011 1.02306 0.742307 0.480134 0.250849 0.106447 0.0814954 0.0868456 0.116635 0.143552 0.163275 0.243719 0.30944 0.392277 0.559533
 0.484818 0.263587 0.312935 0.294134 0.339836 0.603298 0.850255 1.02879 0.90292 0.977932 1.02247 0.742009 0.479867 0.250971 0.106471 0.0815336 0.0868828 0.11659 0.143529 0.163142 0.243601 0.309329 0.391991 0.55898
 0.484206 0.263219 0.313273 0.294275 0.339736 0.603036 0.849392 1.02818 0.90203 0.977766 1.02254 0.742222 0.480205 0.251238 0.106487 0.0815061 0.0869244 0.116571 0.143456 0.163158 0.243656 0.309367 0.391501 0.557771
 0.484534 0.263477 0.313607 0.294801 0.339526 0.602461 0.848639 1.02796 0.90182 0.977949 1.02298 0.742536 0.480511 0.251078 0.106472 0.0815361 0.0869406 0.116642 0.143631 0.163415 0.243837 0.309585 0.391842 0.557433
 0.484396 0.263457 0.313081 0.294051 0.3392 0.602085 0.848592 1.02846 0.902416 0.978087 1.02284 0.742455 0.480288 0.250959 0.106403 0.0814838 0.0869183 0.116474 0.143516 0.163499 0.243995 0.309806 0.391835 0.557406
 0.483825 0.263274 0.312836 0.293882 0.33924 0.601838 0.848034 1.02834 0.902356 0.978287 1.02255 0.741582 0.479687 0.250683 0.106561 0.0815118 0.0869557 0.116457 0.143416 0.163537 0.243988 0.309617 0.391386 0.556543
 0.483092 0.262727 0.312525 0.29389 0.339272 0.601463 0.848345 1.02982 0.902165 0.978148 1.02204 0.741348 0.479567 0.250882 0.106678 0.0815377 0.0870172 0.116472 0.143295 0.163502 0.244012 0.309836 0.391723 0.55723
 0.483641 0.26283 0.312868 0.294146 0.339508 0.601616 0.848134 1.02927 0.902157 0.978262 1.02199 0.741381 0.479332 0.250945 0.106666 0.0815012 0.0869272 0.116363 0.1432 0.163302 0.243772 0.309925 0.392001 0.557993
 0.483088 0.262738 0.312609 0.294243 0.339568 0.601522 0.848378 1.02962 0.901895 0.977593 1.02158 0.741509 0.479108 0.250982 0.106632 0.081534 0.0869654 0.116394 0.143154 0.163185 0.243871 0.310159 0.392507 0.557639
 0.48861 0.264753 0.311589 0.288931 0.33321 0.590834 0.829016 1.00552 0.877813 0.949554 0.995816 0.742366 0.48317 0.250798 0.107397 0.080116 0.0823178 0.111788 0.141011 0.156856 0.230084 0.293904 0.369795 0.528674
 0.482595 0.262587 0.313111 0.295924 0.34146 0.603959 0.852189 1.03415 0.905299 0.982007 1.02554 0.741346 0.477894 0.250741 0.106456 0.0817747 0.0877492 0.117071 0.143251 0.164099 0.245989 0.312814 0.396925 0.561889
 0.483011 0.262845 0.312912 0.295472 0.341331 0.604536 0.853588 1.03563 0.904562 0.980923 1.02502 0.741587 0.478083 0.250616 0.106396 0.08176 0.087758 0.117216 0.143427 0.164271 0.246061 0.312878 0.396956 0.562029
 0.484048 0.263647 0.312955 0.295409 0.341276 0.604372 0.85347 1.03646 0.90576 0.980457 1.02443 0.741155 0.477657 0.250418 0.10631 0.0816626 0.0877458 0.117185 0.143554 0.164484 0.246091 0.312596 0.396732 0.562126
 0.483099 0.263141 0.312912 0.295493 0.341588 0.605059 0.854372 1.03638 0.905733 0.981555 1.02514 0.741467 0.477937 0.250505 0.106325 0.0815739 0.0877899 0.117316 0.143658 0.164417 0.245823 0.312401 0.396612 0.562062
 0.483788 0.263867 0.313337 0.295808 0.341726 0.604873 0.854246 1.03616 0.905911 0.982434 1.02566 0.741213 0.477951 0.250458 0.106318 0.0816487 0.0878031 0.117438 0.143799 0.164638 0.245993 0.312279 0.396818 0.563111
 0.482833 0.263262 0.312933 0.295581 0.341892 0.605113 0.85528 1.03668 0.906506 0.982262 1.02549 0.740364 0.477647 0.250421 0.106296 0.081696 0.0878089 0.117515 0.143876 0.164682 0.24597 0.312226 0.39703 0.563354
 0.483194 0.263433 0.313272 0.295787 0.342224 0.605649 0.855659 1.03685 0.907216 0.982926 1.02555 0.739872 0.477481 0.25063 0.10628 0.0816662 0.0878528 0.117633 0.143998 0.164756 0.246051 0.312115 0.396552 0.56262
 0.483364 0.263978 0.3136 0.296147 0.342355 0.605734 0.855919 1.03697 0.907608 0.983485 1.02594 0.739913 0.477355 0.250584 0.106349 0.081676 0.0878601 0.117636 0.144062 0.164901 0.246277 0.312297 0.396681 0.563582
 0.483154 0.263816 0.313553 0.296188 0.342263 0.606094 0.856205 1.03649 0.907157 0.983853 1.02626 0.740229 0.477494 0.250639 0.106347 0.0816613 0.08785 0.117727 0.144244 0.164934 0.246077 0.312107 0.396297 0.563889
 0.482424 0.263831 0.313995 0.296758 0.34275 0.605843 0.855412 1.03561 0.908069 0.983882 1.02638 0.740293 0.477551 0.250564 0.106435 0.0817303 0.0879042 0.117799 0.144214 0.164891 0.245901 0.312195 0.396598 0.564355
 0.482417 0.263714 0.313693 0.296 0.342393 0.605869 0.855491 1.03509 0.90731 0.982821 1.02726 0.740907 0.477883 0.250857 0.106466 0.0817418 0.0879964 0.117918 0.144313 0.165003 0.24606 0.312514 0.396934 0.564665
 0.482377 0.263555 0.314163 0.296473 0.342523 0.605794 0.855092 1.0347 0.907402 0.983358 1.02844 0.740743 0.477578 0.250845 0.106524 0.0817998 0.0881592 0.118059 0.144422 0.16503 0.246147 0.312571 0.397096 0.565159
 0.483033 0.263912 0.314636 0.296707 0.34264 0.60531 0.855297 1.03513 0.908322 0.984364 1.02868 0.741265 0.477557 0.250859 0.106493 0.0819186 0.0882998 0.11811 0.144463 0.165137 0.246542 0.312966 0.397081 0.564891
 0.483156 0.263802 0.313939 0.295748 0.342625 0.605511 0.855188 1.03436 0.907506 0.983289 1.02848 0.741467 0.477613 0.250834 0.106508 0.0818845 0.0882868 0.117969 0.144379 0.165356 0.246915 0.313236 0.397399 0.565726
 0.483212 0.263888 0.3139 0.295611 0.342488 0.605443 0.855364 1.03459 0.907618 0.983473 1.02806 0.740995 0.477405 0.250929 0.106558 0.0818925 0.088335 0.117948 0.144316 0.16524 0.246884 0.313332 0.39755 0.566316
 0.482764 0.26371 0.3138 0.29558 0.342415 0.605476 0.85533 1.0343 0.907065 0.98339 1.02923 0.742335 0.477852 0.251169 0.106553 0.0818598 0.0883249 0.11788 0.144319 0.165408 0.247112 0.313426 0.397722 0.566362
 0.484277 0.264522 0.313961 0.29555 0.342432 0.605963 0.856171 1.03494 0.9073 0.984029 1.02955 0.742609 0.478033 0.25125 0.106571 0.081902 0.0884176 0.117851 0.144124 0.165266 0.247146 0.313459 0.397334 0.565754
 0.483839 0.264438 0.314255 0.296037 0.342117 0.605384 0.855504 1.0347 0.906731 0.984404 1.02985 0.742419 0.477734 0.251143 0.106488 0.0818815 0.088426 0.117815 0.144114 0.165247 0.246967 0.31329 0.397211 0.565562
 0.484109 0.264577 0.314288 0.295998 0.341785 0.604476 0.854409 1.03407 0.906785 0.985173 1.03065 0.743195 0.478005 0.251306 0.106558 0.0819729 0.088514 0.117851 0.144197 0.16544 0.247366 0.31365 0.397231 0.56573
 0.484926 0.26521 0.314269 0.296037 0.341468 0.60454 0.854742 1.03409 0.906562 0.985114 1.03125 0.743648 0.478306 0.251665 0.106604 0.0820772 0.0886259 0.118045 0.144382 0.16557 0.24753 0.313882 0.397149 0.565869
 0.484278 0.264847 0.313291 0.295001 0.34114 0.604443 0.854944 1.03496 0.907265 0.985298 1.03151 0.74387 0.478531 0.251529 0.10667 0.0821413 0.0886166 0.117902 0.144325 0.165403 0.247448 0.313963 0.397243 0.566197
 0.485898 0.265907 0.313701 0.295873 0.341722 0.605414 0.856638 1.03669 0.908072 0.986526 1.03226 0.743716 0.478388 0.251644 0.106768 0.0821747 0.0886029 0.117804 0.14421 0.165386 0.247716 0.314471 0.39747 0.56588
 0.486101 0.265995 0.313584 0.295844 0.341877 0.605055 0.856111 1.03637 0.907757 0.986143 1.0318 0.743165 0.478375 0.251664 0.106666 0.0821791 0.0885119 0.11768 0.144099 0.165147 0.247589 0.314471 0.39747 0.565478
 0.486134 0.26589 0.313838 0.296067 0.342019 0.604482 0.855612 1.03651 0.907602 0.986913 1.03205 0.743322 0.478133 0.251606 0.10666 0.0822227 0.0885653 0.11767 0.144064 0.165129 0.247748 0.314902 0.39768 0.565886
 0.487144 0.266461 0.314182 0.295869 0.341801 0.603956 0.854861 1.0364 0.907777 0.986633 1.03175 0.743272 0.478296 0.251569 0.106648 0.0821621 0.088574 0.117737 0.144058 0.165111 0.247615 0.314908 0.397842 0.566186
 0.486707 0.266352 0.314052 0.295783 0.341969 0.604144 0.855421 1.03669 0.908177 0.987318 1.03305 0.744279 0.478498 0.251528 0.10668 0.0822101 0.0886723 0.117824 0.144144 0.165193 0.247777 0.315438 0.398424 0.566019
 0.485381 0.265777 0.313867 0.295946 0.342082 0.604259 0.855613 1.03713 0.908664 0.987701 1.03356 0.744333 0.478651 0.251472 0.106766 0.0821575 0.0886752 0.117907 0.144169 0.165123 0.247808 0.315515 0.398425 0.566002
 0.484788 0.265215 0.312918 0.294634 0.341137 0.603601 0.855322 1.03636 0.907901 0.987302 1.03406 0.744214 0.478485 0.251425 0.10681 0.0822007 0.0886504 0.11784 0.144042 0.164964 0.247604 0.315191 0.397855 0.56589
 0.483583 0.264377 0.312187 0.293962 0.340918 0.603397 0.855075 1.03621 0.907913 0.986838 1.03411 0.743986 0.478606 0.251566 0.106964 0.0821466 0.0886532 0.117795 0.144115 0.165103 0.247613 0.314942 0.397692 0.566386
 0.484241 0.264935 0.312439 0.294517 0.341126 0.603007 0.854921 1.03585 0.907356 0.985928 1.03398 0.744009 0.478849 0.251587 0.106974 0.0820768 0.0886278 0.117869 0.144107 0.165121 0.247693 0.314947 0.397607 0.565686
 0.484792 0.265023 0.312886 0.29486 0.341574 0.603938 0.855885 1.03553 0.9074 0.986836 1.03542 0.745067 0.478998 0.251733 0.10708 0.0820525 0.0886583 0.118022 0.144152 0.165201 0.247839 0.315298 0.398127 0.566235
 0.485214 0.265382 0.313066 0.295105 0.341863 0.6041 0.856093 1.03595 0.907855 0.986913 1.03565 0.745336 0.479182 0.251759 0.107148 0.0820829 0.0887562 0.118205 0.144288 0.165295 0.24803 0.315537 0.39825 0.566676
 0.484411 0.265192 0.313252 0.295124 0.342032 0.603686 0.85529 1.03461 0.907233 0.985972 1.03568 0.74558 0.479233 0.25158 0.107127 0.0821061 0.0888397 0.11824 0.144364 0.165471 0.248464 0.316138 0.398335 0.566369
 0.484189 0.265232 0.313328 0.295424 0.342379 0.604882 0.856693 1.03598 0.907599 0.986063 1.03623 0.745933 0.479153 0.251462 0.10705 0.0820704 0.0887219 0.118094 0.144083 0.16532 0.248245 0.315709 0.3978 0.56609
 0.483724 0.265233 0.313501 0.295737 0.342372 0.604743 0.856607 1.03548 0.907037 0.985631 1.03521 0.745161 0.478919 0.251498 0.107116 0.0820174 0.0886556 0.118062 0.143972 0.16521 0.248349 0.315786 0.397758 0.565599
 0.483591 0.265218 0.31334 0.295049 0.34194 0.605492 0.857593 1.03661 0.907449 0.986149 1.03477 0.74503 0.478462 0.251229 0.107042 0.0819037 0.0886356 0.11821 0.144137 0.165323 0.24843 0.315673 0.397708 0.565774
 0.484692 0.265567 0.314139 0.295924 0.342169 0.604787 0.857424 1.03721 0.907768 0.986898 1.03537 0.745354 0.4786 0.251123 0.107 0.0819855 0.0887417 0.118315 0.144153 0.165355 0.248359 0.315466 0.39742 0.565767
 0.484998 0.265685 0.314349 0.295941 0.342322 0.604688 0.856994 1.03637 0.907412 0.986965 1.03508 0.744985 0.47824 0.251119 0.107065 0.0820637 0.0887598 0.118345 0.144089 0.165378 0.248314 0.315459 0.397611 0.565418
 0.485098 0.265893 0.314046 0.295802 0.341961 0.604205 0.856631 1.03667 0.907012 0.986361 1.03488 0.743813 0.477538 0.250811 0.107009 0.0820408 0.0886793 0.118201 0.143749 0.165077 0.247744 0.314941 0.397051 0.564416
 0.484938 0.265975 0.314313 0.296334 0.342544 0.604502 0.857271 1.03711 0.907353 0.98607 1.0345 0.743578 0.477435 0.250855 0.107109 0.0821003 0.0886335 0.118006 0.143547 0.164823 0.247605 0.31501 0.397231 0.56433
 0.484211 0.265551 0.313987 0.29606 0.342621 0.604505 0.857123 1.0369 0.90718 0.986231 1.03512 0.744194 0.477644 0.250813 0.107126 0.0821363 0.0887805 0.118161 0.143628 0.164872 0.247686 0.315198 0.397416 0.564595
 0.485117 0.266209 0.313959 0.296144 0.342957 0.605411 0.857788 1.03643 0.906804 0.98656 1.035 0.744165 0.477368 0.250785 0.107141 0.0821173 0.0887902 0.118114 0.143652 0.164849 0.247553 0.315249 0.397534 0.564267
 0.48636 0.266447 0.313508 0.295213 0.342235 0.604737 0.856393 1.03495 0.905737 0.985803 1.03516 0.744775 0.477453 0.251001 0.107102 0.0821663 0.0887703 0.118041 0.143562 0.164707 0.247783 0.315539 0.397293 0.563734
 0.487155 0.267035 0.313951 0.295691 0.342962 0.605655 0.856805 1.03371 0.904961 0.984948 1.03471 0.744507 0.47754 0.251021 0.107064 0.0821374 0.0887482 0.11802 0.143463 0.164495 0.247826 0.315681 0.396978 0.56344
 0.48639 0.266945 0.313773 0.295508 0.342665 0.604872 0.855377 1.03188 0.903734 0.98395 1.03522 0.744459 0.477739 0.251253 0.107024 0.0821146 0.0886929 0.118088 0.143553 0.164551 0.248058 0.315939 0.397162 0.563416
 0.486085 0.266585 0.313992 0.296151 0.343231 0.605416 0.856046 1.03202 0.904327 0.985041 1.03536 0.744498 0.47807 0.25136 0.106959 0.082159 0.0887779 0.118107 0.143662 0.164633 0.248377 0.316299 0.397641 0.563973
 0.485665 0.266466 0.313871 0.296236 0.343257 0.605425 0.856492 1.033 0.904675 0.984519 1.03513 0.7447 0.478263 0.251532 0.106908 0.082057 0.0887553 0.118041 0.143457 0.164617 0.248307 0.316145 0.396794 0.562755
 0.485803 0.26658 0.313631 0.296164 0.343075 0.604924 0.856384 1.03313 0.904924 0.984673 1.03458 0.74484 0.478579 0.251628 0.106814 0.0820548 0.0887991 0.118069 0.14346 0.164598 0.248208 0.315922 0.396495 0.562952
 0.485727 0.266596 0.313519 0.296129 0.343209 0.60516 0.85578 1.03211 0.904651 0.984409 1.03464 0.744892 0.478445 0.251664 0.106863 0.0820611 0.0887398 0.117967 0.143285 0.164459 0.248211 0.315946 0.396668 0.563492
 0.485071 0.266338 0.313306 0.295693 0.343024 0.605031 0.855976 1.03237 0.903944 0.983583 1.03497 0.745217 0.478487 0.251755 0.106956 0.0819862 0.0886888 0.118042 0.143346 0.164498 0.248317 0.316294 0.396929 0.563784
 0.485251 0.266391 0.313171 0.295392 0.342691 0.604907 0.855845 1.03272 0.903575 0.982951 1.03421 0.744799 0.478147 0.251577 0.106831 0.0818891 0.0885668 0.117907 0.143222 0.164279 0.248065 0.315961 0.396628 0.563512
 0.485045 0.265997 0.313116 0.294845 0.342091 0.604151 0.854746 1.03173 0.902151 0.982 1.03373 0.744402 0.478147 0.251587 0.106782 0.0818604 0.0884592 0.117796 0.143135 0.164083 0.247533 0.315364 0.396531 0.563081
 0.484526 0.265934 0.313587 0.295614 0.342655 0.604867 0.85585 1.03237 0.902473 0.982076 1.03367 0.744479 0.478358 0.251945 0.106817 0.0819008 0.0885316 0.11777 0.143103 0.164007 0.247524 0.315643 0.397264 0.563986
 0.484685 0.265774 0.313456 0.295734 0.342693 0.605741 0.856443 1.03237 0.903175 0.982772 1.03423 0.745351 0.478506 0.251886 0.106684 0.0818885 0.0886701 0.117806 0.143079 0.164008 0.247344 0.315317 0.396932 0.562616
 0.484572 0.265657 0.313509 0.295906 0.342701 0.60599 0.857102 1.03348 0.903028 0.982684 1.03415 0.745331 0.478281 0.251871 0.10664 0.0818615 0.0886166 0.11781 0.143263 0.164227 0.247498 0.315268 0.39693 0.56261
 0.485417 0.266168 0.313703 0.295889 0.342828 0.606261 0.857554 1.03396 0.902967 0.982595 1.03388 0.745401 0.478603 0.252004 0.106671 0.0818927 0.0886181 0.11786 0.143355 0.16425 0.247452 0.315435 0.396969 0.563304
 0.485396 0.266201 0.313658 0.295813 0.342505 0.605435 0.85679 1.0337 0.903471 0.983397 1.03411 0.745837 0.478961 0.251791 0.106726 0.0818292 0.0885832 0.117774 0.143327 0.16423 0.247369 0.315558 0.396763 0.562674
 0.485641 0.266194 0.313956 0.29575 0.342381 0.604974 0.85665 1.03318 0.903125 0.982466 1.03408 0.745776 0.47889 0.251712 0.106735 0.0818056 0.0885679 0.117723 0.143273 0.164022 0.247272 0.315401 0.396007 0.562117
 0.485389 0.26639 0.314192 0.296051 0.342668 0.605862 0.857306 1.0327 0.903089 0.982827 1.03379 0.746333 0.478906 0.251665 0.106749 0.0818646 0.0886367 0.117891 0.143556 0.164279 0.247567 0.315249 0.39561 0.562375
 0.485392 0.2665 0.3139 0.295728 0.342601 0.605249 0.856858 1.03205 0.903998 0.982461 1.03368 0.746196 0.479295 0.251699 0.106784 0.081841 0.0885741 0.117717 0.14337 0.163994 0.247497 0.315136 0.395635 0.562622
 0.485308 0.26684 0.313983 0.29597 0.343128 0.605644 0.85826 1.03421 0.903486 0.981582 1.03327 0.745774 0.478816 0.251692 0.106783 0.0819069 0.0885852 0.117694 0.143351 0.164035 0.247353 0.315293 0.395623 0.562503
 0.485361 0.267041 0.314183 0.296509 0.343764 0.606306 0.859252 1.035 0.90371 0.98181 1.03366 0.746257 0.478877 0.251654 0.106776 0.0820048 0.0886837 0.117863 0.143676 0.164276 0.247432 0.315415 0.396212 0.563324
 0.485506 0.267307 0.313977 0.296031 0.343818 0.606563 0.85953 1.03558 0.904239 0.981513 1.03397 0.746026 0.478448 0.251498 0.106743 0.0820417 0.0887195 0.117801 0.143554 0.164253 0.247215 0.315257 0.396396 0.563774
 0.485762 0.26743 0.313972 0.295721 0.343635 0.606672 0.859606 1.03497 0.903646 0.981225 1.03412 0.746368 0.478747 0.251661 0.10678 0.08214 0.0888129 0.117869 0.14365 0.164305 0.247387 0.315338 0.396184 0.563576
 0.484938 0.267059 0.313661 0.295616 0.34351 0.606257 0.859524 1.03539 0.904158 0.981747 1.03509 0.746954 0.478875 0.251622 0.106882 0.0821354 0.0888974 0.117862 0.143576 0.164113 0.247169 0.315347 0.39599 0.563415
 0.484768 0.266937 0.313521 0.295373 0.343322 0.606269 0.85974 1.03526 0.903524 0.980779 1.03443 0.746678 0.479018 0.25169 0.106866 0.0821428 0.0889396 0.117921 0.14355 0.163984 0.247034 0.31509 0.396074 0.563641
 0.485118 0.267112 0.313782 0.295317 0.342924 0.605787 0.859657 1.03553 0.90266 0.980255 1.03364 0.746019 0.478643 0.251631 0.106857 0.0821168 0.0888508 0.117891 0.143444 0.1638 0.246717 0.314789 0.395889 0.563892
 0.485235 0.267456 0.314139 0.295487 0.342964 0.606302 0.860299 1.03467 0.901974 0.979478 1.0342 0.746451 0.478785 0.251812 0.107002 0.0821492 0.0888172 0.117874 0.143402 0.163795 0.246651 0.314648 0.395892 0.563509
