 0.670393 0.662176 0.622338 0.555265 0.456573 0.423706 0.451538 0.952106 1.74881 1.52197 1.17973 0.873506 0.600507 0.95339 1.13154 1.30412 1.4093 1.33231 1.1699 1.31015
 0.660626 0.599467 0.63433 0.501072 0.407395 0.452155 0.407216 0.477934 0.586921 1.12202 0.996173 0.651266 0.645791 0.585533 0.603762 0.73964 0.658383 0.868722 1.10883 1.27432
 0.649669 0.499288 0.537749 1.02255 1.35233 1.68645 1.90184 1.44887 1.03651 0.842007 0.577431 0.775935 0.893658 1.27793 1.17448 0.886208 0.722773 0.673137 0.637596 0.798271
 0.681845 0.73402 0.615239 0.752387 0.61412 0.503724 0.392349 0.46333 0.719169 0.542297 0.423562 0.594125 0.632206 0.673654 1.14419 1.45397 1.07722 0.809333 1.48848 1.29525
 0.700308 0.912534 1.00545 0.869921 0.729174 0.517559 0.440944 0.44686 0.457491 0.397708 0.479958 0.656976 1.1775 1.13591 0.99541 0.903837 0.712619 0.476862 0.276928 0.311828
 0.691949 0.872863 0.957497 1.08983 1.25295 0.875567 0.544475 0.502286 0.351575 0.497831 0.734759 0.629401 0.718046 0.71603 0.716047 0.694813 0.789337 1.11995 1.1776 1.02072
 0.655399 0.61895 0.695445 0.588266 0.638649 0.503633 0.347369 0.541601 1.1188 0.873391 0.634622 0.429247 0.72612 0.641579 0.469928 0.483276 0.36743 0.410324 0.485847 0.470809
 0.706713 0.924238 1.23567 1.25189 0.902408 0.998322 0.887629 1.23132 1.23689 1.43323 2.04934 2.34903 1.98654 1.27371 1.26057 0.995068 0.806649 0.915416 0.761463 0.965776
 0.772907 1.4303 1.47854 0.997212 0.728013 0.847173 0.807458 0.626262 0.757494 1.51417 1.22455 0.752163 0.716134 0.896835 0.895932 0.83047 0.625166 0.720641 0.643342 0.815275
 0.719336 1.02379 1.51696 1.57347 1.06519 0.800393 0.668569 1.09183 1.0542 0.697654 0.467173 0.352035 0.29935 0.329515 0.262244 0.252979 0.308671 0.282521 0.441102 0.682926
 0.655249 0.452701 0.377264 0.374049 0.456215 0.498142 0.70801 0.661629 0.772635 0.782578 0.585684 0.477822 0.502672 0.938723 1.2436 1.1882 1.12387 0.771982 0.592483 0.475704
 0.677916 0.591085 0.495071 0.540198 0.565872 0.563352 0.548857 0.532333 0.581565 0.547518 0.390408 0.196433 0.15039 0.153836 0.129252 0.1303 0.324334 0.392611 0.388342 0.356309
 0.666624 0.515828 0.580456 0.529675 0.486089 0.426003 0.429607 0.556936 1.15146 1.31708 0.994815 0.972315 0.868931 0.671933 0.949817 0.874257 0.607868 0.52224 0.45633 0.459474
 0.677992 0.591047 0.47946 0.493424 0.828328 0.702884 0.497061 0.593279 0.516671 0.842592 1.00288 2.01123 1.75238 1.13024 0.893825 0.677921 0.53498 0.509213 0.440093 0.357972
 0.688384 0.70464 0.890622 1.14136 0.970395 1.54278 1.73002 1.35577 1.29056 0.90608 0.818257 0.857008 1.05691 0.893384 0.663885 0.622327 0.963153 0.908271 0.672414 0.723851
 0.705431 0.828171 0.960541 0.840351 0.605432 0.421675 0.365239 0.512206 0.658044 0.722259 1.04433 1.17516 1.19727 2.22663 1.87444 1.12689 1.11554 0.983979 0.86127 0.552687
 0.675838 0.617801 0.972273 0.944384 0.825222 1.35254 1.36542 1.0574 1.07904 0.766087 0.567786 0.878518 0.962107 0.717042 0.735778 0.746775 0.563084 0.563217 0.700998 0.769857
 0.693273 0.69586 0.613863 0.484558 0.429765 0.488603 0.625376 0.619904 0.6017 0.519925 0.453756 0.5391 0.861437 0.984268 0.910947 0.803622 0.733451 0.489201 0.477194 0.493283
 0.714968 0.856059 0.717604 0.577962 0.524407 0.835111 1.0116 0.849487 0.652395 0.718694 0.77153 0.600232 0.903473 1.43054 1.03494 0.610565 0.445742 0.476199 0.80924 0.785936
 0.701581 0.747681 0.547837 0.500021 0.665099 1.01612 1.02701 0.738858 0.585207 0.728928 1.05002 1.66249 1.5332 1.27125 0.926563 0.626721 0.600883 0.835829 0.842819 0.645998
 0.672143 0.53022 0.511784 0.787009 0.846345 0.802655 0.628336 0.694065 0.551826 0.559545 0.532553 0.436619 0.318538 0.256849 0.264961 0.605648 1.21292 1.32981 1.45686 1.60499
 0.705084 0.819824 1.11607 1.77646 1.54859 1.03377 0.952536 0.850729 0.709747 0.473305 0.735695 0.889776 1.31664 1.34152 1.12133 0.90732 0.987094 0.718263 0.371295 0.387511
 0.719799 0.938876 1.03865 0.733749 1.00286 1.11327 0.897454 0.845674 0.658953 0.419409 0.332778 0.289955 0.252325 0.347334 0.524462 0.685312 0.564363 0.50326 0.745458 0.883769
 0.704085 0.773915 0.786955 0.916051 0.755 0.62273 0.499906 0.405272 0.499269 0.458999 0.542587 0.482794 0.468335 0.495375 0.70461 0.894123 0.782268 0.655166 1.19014 1.28778
 0.682974 0.610085 0.7327 1.60955 1.60823 1.11979 0.988285 0.865031 0.940101 0.773952 0.828724 0.886534 0.634958 0.700414 0.822508 0.926288 1.17122 0.871462 0.690524 1.10061
 0.670076 0.499909 0.43573 0.510931 0.522406 0.439614 0.34266 0.472222 0.679735 0.530913 0.371989 0.433453 0.67156 1.05481 1.23743 1.02332 0.766355 0.621784 0.450717 0.576631
 0.730357 1.00261 0.999638 0.719327 0.633776 0.557748 0.694785 0.625778 0.520365 0.439326 0.396458 0.431979 0.444189 0.891424 0.83884 0.690256 0.519008 0.477992 0.473443 0.595129
 0.687613 0.628417 0.511993 0.611233 0.741026 0.736654 0.632363 0.561678 1.03701 1.03623 1.33166 1.07395 0.651877 0.818154 0.878324 0.719007 0.640131 0.640737 0.889119 1.02737
 0.682976 0.646747 0.925452 1.17607 1.05527 0.741056 0.659459 0.721226 0.510112 0.43025 0.641007 0.671737 0.576239 0.637457 0.584582 0.642116 0.772147 1.04781 0.924467 0.711643
 0.761036 1.24955 1.33168 1.11006 0.755638 0.473469 0.388451 0.26924 0.463513 0.510323 0.379931 0.432532 0.467911 0.765589 1.15055 0.874909 0.670313 0.585214 0.442068 0.663753
 0.709119 0.96153 2.02728 1.78091 1.05787 0.930784 1.2418 0.963251 0.890583 1.30223 0.962821 0.770979 0.788003 1.28968 1.18957 1.33968 1.20561 1.0027 0.890348 0.644609
 0.675005 0.516561 0.384032 0.438737 0.377041 0.275885 0.34044 0.425824 0.400262 0.329519 0.387509 0.792665 0.866319 0.632097 0.543167 0.479615 0.448529 0.474265 0.588552 0.50942
 0.693932 0.697622 0.675312 0.53612 0.357353 0.72609 0.734486 0.566583 0.530849 0.415158 0.332207 0.624568 1.04679 1.10612 1.15852 1.4043 1.25377 1.07557 0.784606 0.596644
 0.712664 0.838149 0.762032 0.576074 0.388792 0.31397 0.276192 0.298618 0.382015 0.450415 0.554992 0.554889 0.656151 0.936964 0.837489 0.817646 0.709545 0.68946 0.910828 0.727848
 0.67684 0.573953 0.618394 0.530805 0.559755 0.608925 0.4554 0.563943 0.673276 0.469944 0.323427 0.395566 0.508022 0.891958 0.967927 0.664817 0.452833 0.449845 0.339287 0.341089
 0.689461 0.698863 0.994024 1.0609 1.0707 1.03701 0.943313 1.43074 1.2949 0.906228 0.837588 0.919196 1.21635 1.02114 0.712792 0.535416 0.525878 0.373376 0.284561 0.38489
 0.689445 0.727242 1.18664 1.12633 1.26754 1.23417 1.61716 1.99932 1.62161 1.39637 1.04015 0.810268 1.37072 1.19306 0.82033 0.626462 0.469193 0.412731 0.52688 0.503612
 0.758271 1.17801 0.922355 0.612309 0.620024 0.798185 1.63235 2.04609 1.87993 1.45531 0.930036 0.681604 0.464482 0.461416 0.665307 0.641814 0.540816 0.641105 0.611216 1.19783
 0.678381 0.572145 0.653812 0.610518 0.562946 0.391725 0.250655 0.271975 0.509053 0.505953 0.518691 0.452406 0.503651 0.669822 0.659009 0.596662 0.516664 0.509658 0.484167 0.439089
 0.694524 0.746585 1.13398 0.861489 0.520743 0.540682 0.531736 0.433581 0.518781 0.615391 0.77357 0.675181 0.65564 0.893999 1.00386 0.923055 0.767021 0.897488 1.59267 2.2172
 0.677243 0.561799 0.571371 0.440969 0.457923 0.708978 0.693937 0.539556 0.444991 0.413337 0.375738 0.45172 0.72843 0.532285 0.315692 0.244315 0.181824 0.210603 0.35927 0.736394
 0.743881 1.07232 0.995847 1.23013 1.01519 0.747425 0.989971 0.825751 0.772863 1.27543 1.05705 0.866883 0.731687 0.659844 0.715548 0.583937 0.614035 1.35361 1.2023 0.755784
 0.699849 0.695658 0.494783 0.854294 0.863503 0.693289 0.67612 0.708211 0.693762 0.719518 1.38605 1.26055 1.21387 0.935232 0.522331 0.44675 0.385227 0.365157 0.369315 0.364927
 0.680295 0.564705 0.522941 0.614582 0.584155 0.711866 0.502585 0.530288 0.611375 1.16414 1.15069 0.955689 0.804891 0.930738 1.07065 0.976862 0.880416 0.786413 0.992874 0.939453
 0.736114 1.01929 0.936992 0.730528 0.911059 0.702445 0.455962 0.369926 0.327411 0.668633 0.860239 1.19531 1.24562 1.07964 0.991766 0.649969 0.621809 0.859335 0.883591 0.744019
 0.712958 0.83509 0.836373 0.703135 0.569679 0.466694 0.50264 0.427497 0.363024 0.356681 0.451736 0.740757 0.724321 0.880998 0.882125 0.835475 0.60627 0.823536 0.917482 0.691254
 0.705277 0.749046 0.641402 0.862264 0.937771 0.793647 0.751405 0.638004 0.853074 0.917204 0.885045 1.27018 1.61275 1.79994 1.38391 0.873453 0.860498 0.696454 0.490963 0.584262
 0.72655 0.710202 0.722215 1.10299 1.1606 1.23467 0.961064 0.679037 0.740317 0.568182 0.502928 0.570268 0.730849 0.638076 0.535867 0.597641 0.479656 0.509456 0.531742 0.773532
 0.713672 0.77465 0.907142 0.914293 0.8309 1.00229 0.867677 0.769568 0.97043 0.897858 0.805766 0.557065 0.3488 0.416576 0.360182 0.720305 0.981631 1.42779 1.21346 1.15032
 0.681693 0.668246 0.699379 0.772965 1.16457 1.06105 0.768907 0.523783 0.851803 0.882499 0.631195 0.388673 0.306264 0.338467 0.423877 0.421033 0.759675 0.748258 1.09247 1.04663
 0.656636 0.468839 0.538789 0.49388 0.560728 0.608526 1.19155 0.978824 0.681254 0.989013 1.00621 0.921218 1.04027 1.13771 0.91603 0.76949 0.783265 0.988813 0.960771 0.723609
 0.686721 0.683625 0.492327 0.377955 0.836305 0.9307 0.750594 1.06216 0.814743 0.746106 0.732564 0.540219 0.705292 0.616644 0.538642 0.40873 0.314922 0.218826 0.209012 0.456639
 0.66627 0.535072 0.502415 0.448442 0.50162 0.631653 0.582217 0.464143 0.51068 0.60133 0.611998 0.81419 0.711199 0.552158 0.409418 0.402428 0.576673 0.734981 0.761966 0.802726
 0.68838 0.556992 0.412182 0.403797 0.533101 0.695284 0.848935 0.816013 0.862274 0.788018 1.11383 0.997792 0.716756 0.624976 0.716745 0.693992 0.851444 0.763254 0.620433 0.66094
 0.711234 0.729727 0.571995 0.504542 0.561086 0.496468 0.662853 0.828721 0.938958 0.907282 0.931645 0.748914 0.666186 0.641706 0.642952 1.13577 0.935443 0.728821 0.545133 0.527506
 0.734302 0.924767 0.829673 0.852282 1.21693 1.13699 0.820224 0.678198 1.27357 1.46054 1.24728 0.818743 0.669294 0.784684 0.5858 0.558489 1.18279 1.09601 1.17628 1.39192
 0.709744 0.724259 0.611512 0.491971 0.358238 0.302685 0.292998 0.275933 0.368461 0.513447 0.81896 1.02674 0.796779 0.77325 0.925374 0.767569 0.565607 0.410671 0.468329 0.43081
 0.690469 0.585086 0.526394 0.445936 0.631563 1.10663 1.15058 0.800772 0.508994 0.633634 0.820046 0.766539 0.694912 0.454842 0.423139 0.495741 0.637467 0.578225 0.732077 0.597339
 0.767119 1.19876 1.05251 1.11399 0.985219 0.63886 0.650931 0.778978 1.8215 1.94687 1.75995 1.2954 0.825673 0.729441 0.917211 0.831007 0.737056 0.599467 0.536189 0.713062
 0.700156 0.687249 0.753365 0.593196 0.548401 0.640232 0.427516 0.3874 0.406524 0.76385 0.680183 0.443544 0.338335 0.259142 0.40267 0.473437 0.415362 0.511749 0.624048 0.689085
 0.768665 1.17037 0.817321 0.543686 0.719141 0.960344 0.932682 0.768042 0.939225 0.896837 0.72122 0.944263 1.09226 0.825861 0.566279 0.517028 0.719141 0.700622 0.523675 0.433826
 0.76085 1.12162 0.858676 0.630928 0.924353 0.833179 0.868404 0.854435 0.651919 0.59389 0.570523 0.581182 1.00504 0.988115 0.672003 0.459894 0.306629 0.357599 0.540826 1.05685
 0.691216 0.588802 0.497264 0.763992 0.911534 0.97524 0.927531 0.677077 0.757098 0.816885 0.671785 0.460503 0.621138 0.723902 0.645318 0.575741 0.608319 0.521774 0.431072 0.588349
 0.678509 0.520767 0.667508 0.890377 0.971644 1.08236 0.873514 0.748934 0.994128 0.776717 0.738402 0.731264 0.502271 0.474955 0.452811 0.378524 0.354674 0.336193 0.434712 0.384053
 0.689926 0.594504 0.601978 0.518467 0.574507 0.77507 0.799232 0.710368 0.691771 1.08024 1.19394 0.948196 0.766423 0.699929 0.554233 0.531439 0.762245 0.740208 0.873125 0.998811
 0.703164 0.702863 0.722348 0.705854 0.48115 0.356884 0.591525 0.719565 0.734619 0.83218 1.06886 1.00991 0.999475 0.689257 0.457646 0.337236 0.309694 0.505597 0.610449 0.834499
 0.663826 0.572708 0.698065 0.849466 0.75176 0.722161 0.647282 0.593453 0.714834 0.562228 0.455395 0.393888 0.394682 0.403264 0.533962 0.500346 0.424255 0.592759 0.600757 0.451733
 0.708929 0.933001 0.950925 0.676281 0.653014 1.05104 1.04411 0.822264 0.559823 0.373729 0.331577 0.368253 0.628445 0.733903 0.615255 0.516807 0.36594 0.350439 0.397559 0.436327
 0.701593 0.597227 0.551633 0.686922 0.52755 0.420817 0.693718 0.660328 0.955036 0.98182 0.989405 1.09606 0.782477 0.792564 0.847258 0.782823 1.03346 1.3396 1.1951 1.32074
 0.669829 0.63586 0.850239 0.963466 0.932833 0.940017 1.17246 1.07754 0.626188 0.409455 0.319366 0.231873 0.213768 0.180621 0.234712 0.445404 0.664215 0.692461 0.80591 0.788731
 0.690778 0.598413 0.500412 0.548437 0.637093 1.00673 0.801543 0.630991 0.585032 0.660632 0.842122 0.833218 1.036 1.36694 1.56135 1.24628 1.10243 1.02494 1.13519 1.19649
 0.681899 0.57422 0.809973 0.871557 0.740023 0.564061 0.423099 0.406098 0.503746 0.561248 1.39695 1.52706 1.24772 1.50543 1.38102 2.03095 1.84118 1.12792 0.812928 0.966272
 0.707059 0.72222 0.577204 0.539579 0.530772 0.716409 1.00173 0.81246 0.551849 0.590881 0.719483 0.612845 0.437247 0.551431 0.628921 1.15356 0.992602 0.61202 0.647469 0.655075
 0.69175 0.627385 0.597729 0.50373 0.536103 0.436911 0.370891 0.561376 0.658633 0.480835 0.364531 0.360848 0.485941 0.64288 0.74162 0.755176 0.639704 0.5908 0.686391 0.64487
 0.676532 0.497836 0.557416 1.23419 0.970164 0.717698 0.615827 0.618802 0.499424 0.311338 0.313527 0.386747 0.432602 0.699173 0.950338 0.866853 0.834302 0.686585 0.587835 0.512993
 0.677662 0.500966 0.419541 0.364325 0.461421 0.712112 0.96165 0.970846 0.98274 1.43905 1.23716 1.6456 1.53063 1.28098 1.01905 0.849152 0.775378 0.61704 0.881528 1.02009
 0.731771 1.02468 1.54925 1.28207 0.871142 0.703615 0.749486 0.643734 0.456364 0.429326 0.686484 0.851617 1.17633 1.44295 1.04668 0.670508 0.648605 0.757355 0.61943 0.614717
 0.696342 0.670394 0.672428 0.522417 0.463801 0.439804 0.646867 0.790019 0.75006 0.700144 0.771803 0.708073 0.459634 0.536367 0.451008 0.406255 0.491953 0.585276 0.562988 0.408345
 0.671675 0.500589 0.733179 1.04117 0.972824 0.682763 0.504487 0.519103 0.454789 0.463414 0.511811 0.409474 0.414971 0.31646 0.200582 0.258267 0.553579 0.607477 0.456993 0.438652
 0.704125 0.755712 0.915961 0.853231 0.656879 0.60075 0.591897 0.635663 0.782031 0.709767 0.594904 0.554852 0.552573 0.402033 0.594653 0.886602 0.792452 0.594776 0.408157 0.369273
 0.679672 0.530714 0.432909 0.408457 0.527061 0.478352 0.43254 0.496379 0.518748 0.572114 0.605436 0.52528 0.454946 0.385879 0.513554 0.604945 1.11275 1.16106 1.10923 1.11679
 0.714927 0.804708 0.629217 0.563151 0.636301 0.78372 0.647855 0.655966 0.953446 0.866562 0.84883 1.01307 0.967741 1.45131 1.16136 0.763648 0.793049 0.948251 0.984017 0.670387
 0.682603 0.575947 0.560949 0.52142 0.620924 0.734939 0.577293 0.427107 0.595583 0.621659 1.03661 0.904622 0.62773 0.570273 0.481116 0.537783 0.438535 0.646271 0.595391 0.435395
 0.699923 0.677072 0.517864 0.388859 0.424613 0.488087 0.912876 0.999937 1.1777 1.31523 1.187 1.08524 1.03512 1.03364 0.925829 0.877143 0.954174 1.22084 0.996856 0.684874
 0.693559 0.641083 0.57111 0.827351 1.21144 2.66566 2.70987 1.90069 1.54186 0.900257 0.829141 0.738824 0.771496 0.841135 0.653216 0.500502 1.0784 1.22262 1.31544 1.48567
 0.69935 0.696119 0.627197 0.626809 0.462843 0.490287 0.4061 0.251746 0.526401 0.72514 0.519353 0.393913 0.340628 0.454309 0.625281 0.537806 0.414005 0.487555 0.598696 0.500796
 0.699884 0.732294 0.784871 0.865364 0.809761 0.950778 1.11933 1.0463 0.917584 0.636212 0.504333 0.584929 0.83789 0.796206 0.959395 0.990672 0.864703 1.18804 1.02802 0.677819
 0.680307 0.547838 0.377106 0.396203 0.266403 0.253775 0.685413 0.720485 0.534064 0.374713 0.358282 0.444957 0.439138 0.537629 0.857731 1.08245 0.83044 0.524385 0.3342 0.275059
 0.68194 0.578409 0.640493 1.00655 1.53766 1.14776 0.717662 0.55616 0.468631 0.515244 0.609404 0.57377 0.570999 0.564231 0.88486 0.905366 0.76363 1.07074 0.930473 1.17243
 0.672937 0.512806 0.498126 0.53792 0.422765 0.391123 0.776967 0.68874 0.522349 0.578652 0.525529 0.968973 0.855598 0.694688 0.615096 0.706392 0.620371 0.597208 0.46507 0.575706
 0.742828 1.09011 1.19549 1.36976 1.30622 0.909452 0.8284 0.593678 0.339109 0.393677 0.32377 0.294259 0.379696 0.400754 0.470396 0.79342 0.745437 0.764761 0.807618 0.732406
 0.677318 0.51753 0.39264 0.627503 0.634034 0.867985 0.905484 0.703462 0.926378 1.13143 1.08795 0.852457 0.574912 0.598145 0.659212 0.628658 0.765771 0.686304 0.896349 0.7447
 0.693138 0.689494 0.829291 0.726772 0.684824 0.794436 1.17461 1.14065 0.887908 1.63264 1.48244 1.65618 1.39364 0.822664 0.747625 0.957091 1.00498 0.952169 0.72391 0.602418
 0.686598 0.583153 0.437915 0.433065 0.422323 0.55767 0.46563 0.464118 0.41606 0.409515 0.602397 0.774332 0.661769 0.875101 1.11488 0.887479 0.76757 0.96002 0.765738 0.512394
 0.703051 0.73955 0.737403 1.05687 0.919347 0.746849 0.65831 0.719726 1.35464 1.4292 1.03941 1.07922 0.803066 0.585183 0.618089 0.7998 0.86426 0.979286 0.688462 0.65976
 0.696688 0.696356 0.760158 1.15777 0.915006 0.551714 0.648655 1.11159 1.97672 1.64873 1.13571 0.795603 0.761481 0.644801 0.470634 0.534369 0.484749 0.416027 0.573645 0.714915
 0.680511 0.555453 0.515377 0.729323 0.590559 0.627228 0.678619 0.537303 0.44174 0.473544 0.593489 0.710472 0.628152 0.512713 0.430379 0.750163 0.823416 1.25279 1.13525 1.50251
 0.684195 0.61772 0.706938 0.76651 0.664454 0.610198 0.532944 0.648892 0.593829 0.821614 1.01787 1.27718 1.24765 1.34555 1.06844 0.98037 1.57219 1.26922 0.937765 0.809116
 0.69267 0.751822 0.827639 0.680574 0.547404 0.407678 0.327358 0.372632 0.286557 0.300491 0.419842 0.371179 0.316596 0.498078 0.655029 0.567479 0.454117 0.777699 0.92852 0.738667
 0.658904 0.504292 0.626603 0.71928 0.536778 0.53277 0.894363 0.796277 0.7487 1.16856 1.23209 1.05348 0.898911 0.987329 1.11028 1.39821 0.973362 0.593553 0.505739 0.686659
 0.674518 0.60685 0.551709 0.61901 0.830585 0.55205 0.424286 0.945495 1.08967 1.00744 1.53152 1.23716 0.981385 0.694557 0.554385 0.461918 0.415182 0.317729 0.233656 0.191731
 0.721769 1.01912 1.14426 0.972566 0.831302 0.557456 0.526648 0.54168 0.397539 0.322584 0.408505 0.46531 0.505333 0.468255 0.4894 0.664618 0.820879 0.634168 0.499293 0.588305
 0.652236 0.437971 0.398709 0.546847 0.535247 0.698568 0.550684 0.387608 0.488249 0.429061 0.45453 0.436055 0.336393 0.287529 0.21171 0.280039 0.479849 0.504385 0.462358 0.719449
 0.657908 0.471543 0.30752 0.222761 0.353883 0.352928 0.558366 1.00235 0.978412 0.988453 1.20793 1.0976 0.891832 0.780517 0.6467 0.740943 0.713031 0.589472 0.837082 0.751856
 0.666284 0.558205 0.560998 0.60875 0.580847 0.572012 0.467882 0.523387 0.534992 0.690079 0.594743 0.51746 0.632138 0.952173 1.0297 1.00327 0.861588 0.714118 0.397962 0.256382
 0.690347 0.710052 0.488977 0.420046 0.329498 0.263215 0.203619 0.260642 0.230391 0.393724 0.428255 0.38834 0.36808 0.383804 0.450866 0.532389 0.609779 0.657292 0.955899 0.851916
 0.687571 0.705964 0.545323 0.455202 0.385356 0.417327 0.509292 0.471876 0.562257 0.560015 0.457142 0.362746 0.469099 0.521457 0.708991 0.778608 1.12165 1.41284 1.13718 1.1944
 0.677391 0.641646 0.614181 0.489975 0.428767 0.443709 0.34159 0.385783 0.406087 0.49524 0.528493 0.615069 0.401023 0.344288 0.49156 0.72381 0.742146 0.747797 0.888331 0.682617
 0.67481 0.610666 0.555409 0.479459 1.01359 0.939964 0.606325 0.531358 0.578976 0.876458 0.678828 0.639205 0.850839 0.824066 0.710087 0.68936 0.769159 0.703371 0.631671 0.528319
 0.698871 0.780552 0.596131 0.665682 0.774403 0.727791 1.01677 1.09694 0.9905 0.787837 0.669626 0.854505 0.850371 1.28606 1.28366 1.00507 1.02807 1.4789 1.41227 0.889316
 0.682592 0.650186 0.535942 0.695071 1.28332 1.40442 0.952009 1.21379 1.19258 1.09456 0.769791 0.761284 1.02297 0.720512 0.834881 0.725054 0.775578 0.827482 0.705336 0.473383
 0.691221 0.729295 0.659097 0.498722 0.736168 1.03444 1.2051 1.0606 0.7743 0.592269 0.458878 0.658127 0.787867 0.696626 0.525792 0.650351 0.589176 0.511199 0.568555 0.558183
 0.667532 0.535233 0.428205 0.378941 0.417774 1.04528 0.94451 0.698358 0.519054 0.474581 0.509951 0.702499 0.687044 0.563639 0.74155 1.00566 1.23757 1.27444 1.38184 1.38523
 0.69614 0.77309 0.68452 0.510236 0.459135 0.431418 0.879438 0.901637 0.86773 0.632516 0.598162 0.677832 0.5874 0.701929 0.565952 0.517192 0.753806 0.845873 0.913052 0.666019
 0.665619 0.532009 0.518833 0.383265 0.319051 0.378796 0.378399 0.520733 0.473875 0.311653 0.241104 0.17489 0.308397 0.55637 0.576601 0.63405 0.506533 0.605524 0.694543 0.982585
 0.684177 0.645605 0.468706 0.323172 0.423876 0.494863 0.495137 0.644867 0.7657 0.581907 0.760706 0.839176 0.663412 0.497817 0.428175 0.466761 0.720711 0.840235 1.2861 1.14592
 0.68512 0.693315 0.861857 1.07401 0.841139 0.657016 0.698381 0.963871 1.16169 1.05707 1.28981 1.08921 0.773716 0.591578 0.705582 0.878544 0.918017 0.947853 1.2059 0.888402
 0.663923 0.508188 0.52673 0.487718 0.558712 0.430999 0.379886 0.726752 1.03694 0.796098 0.511413 0.311708 0.27055 0.50458 0.479846 0.365526 0.313925 0.350477 0.484013 1.1735
 0.693916 0.697099 0.484263 0.449755 0.39291 0.40275 0.563266 0.475117 0.37804 0.59862 0.543048 0.669629 0.533498 0.319991 0.358555 0.599718 1.06703 1.02469 0.765335 0.607467
 0.681751 0.627273 0.556146 0.481825 0.598925 0.516164 0.533947 0.597929 0.689032 0.550378 0.331249 0.388585 0.337398 0.277356 0.291885 0.553629 0.523931 0.919855 0.895089 0.735103
 0.702755 0.802608 0.702072 0.511983 0.335415 0.38741 0.31364 0.225595 0.26613 0.363067 0.372439 0.614054 0.698341 1.43473 1.47797 2.10587 1.98357 1.25022 1.03763 1.0999
 0.668508 0.516359 0.366254 0.357371 0.423123 0.523344 0.919475 1.43526 1.17003 0.829697 0.496464 0.422327 0.5382 0.829692 1.26193 1.03704 1.06786 0.965701 1.00592 1.55968
 0.668443 0.532474 0.504717 0.636734 0.922136 1.08112 1.16055 0.817682 0.533188 0.767899 0.55705 0.326301 0.269826 0.287459 0.516587 0.487547 0.417362 0.610904 0.689649 0.611136
 0.679246 0.650166 0.885722 1.2656 0.948754 0.617364 0.465773 0.564196 0.660092 0.850272 0.917627 1.02493 0.830321 0.578574 0.487561 0.530434 0.850716 0.934247 0.788784 0.747159
 0.688287 0.690487 0.608451 0.497727 0.866335 1.22665 1.04694 0.774427 0.926203 0.746527 0.603919 0.455181 0.341047 0.247787 0.234333 0.552018 0.735319 0.910542 0.95416 1.13235
 0.69677 0.75488 0.669061 0.822987 0.864523 1.03487 0.682333 0.410366 0.499381 0.522621 0.524169 0.77554 0.870764 0.880849 0.921415 0.654687 0.428649 0.650978 0.736166 0.650811
 0.713307 0.899701 0.751715 0.620352 1.07225 1.13859 0.900486 0.805137 0.618749 0.383785 0.268452 0.455166 0.558548 0.579372 0.941397 0.971245 0.804267 0.744616 0.945738 1.28444
 0.666857 0.637251 1.33931 1.53554 1.02315 0.607836 0.451817 0.646412 0.873147 0.805515 0.685259 0.619512 0.612304 1.11647 1.35263 0.941795 0.594084 0.479375 0.505775 0.62874
 0.713333 0.885917 0.676913 0.513106 0.655776 0.668182 0.880631 0.702609 0.614662 0.575448 0.591471 0.891191 0.929496 1.03402 0.812934 0.745639 0.761238 0.667326 0.650789 0.53065
 0.707594 0.842657 0.731272 0.841692 0.771595 0.645812 0.711479 0.573602 0.460462 0.541791 0.603796 0.729351 0.643879 0.478765 0.932592 0.86272 0.86014 0.836042 0.689145 0.893651
 0.662628 0.489357 0.450579 0.610203 0.523007 0.445554 0.342352 0.411767 0.520921 0.625282 0.808808 0.703526 0.581138 0.521649 0.67199 0.686078 0.802925 0.790786 0.761914 0.566369
 0.727641 1.1059 0.927576 0.791604 0.664062 0.461792 1.066 1.11149 1.04922 1.00842 0.753535 0.767851 0.964045 1.62897 1.46308 1.06678 0.907471 0.911151 0.930819 0.658974
 0.702338 0.793822 0.623765 0.553233 0.54687 0.886096 0.880636 0.612353 0.452288 0.568222 0.546946 0.714242 1.00895 0.764979 0.5401 0.703795 0.689792 0.667707 0.64838 0.599207
 0.683152 0.709086 0.975313 0.910905 0.836699 1.19031 1.01337 0.972175 1.00777 0.834332 0.724112 0.713933 0.524596 0.312452 0.320865 0.388523 0.549194 0.712649 0.516322 0.439657
 0.668234 0.548713 0.555582 1.05957 1.77739 1.52156 1.42518 1.05176 0.812444 0.792526 0.6096 0.550137 0.751604 0.799979 0.771015 0.628098 0.661056 0.624923 0.634319 0.900613
 0.683236 0.646106 0.460015 0.40542 0.464841 0.684305 0.581111 0.313763 0.240017 0.28638 0.248193 0.311424 0.482741 0.546491 0.85152 0.645248 0.390768 0.448349 0.64506 0.66594
 0.739522 1.09146 0.90121 0.768771 0.695224 0.628244 0.705178 0.569848 0.50468 0.611073 0.739826 0.612621 0.464257 0.835894 0.990334 0.949797 0.725495 0.43354 0.314309 0.496593
 0.66063 0.448264 0.263322 0.255094 0.377209 0.524687 0.665511 0.562955 0.731846 0.79449 0.823919 0.756912 0.500236 0.436804 0.47686 0.382048 0.307753 0.509528 0.579452 0.839383
 0.680793 0.653998 0.707207 0.914359 0.98224 0.90587 1.28222 1.18343 0.689929 0.479408 0.384253 0.320889 0.379382 0.406291 0.912999 0.933579 0.713723 0.842664 0.904469 0.793412
 0.701642 0.800318 0.816141 0.826704 0.72607 0.528075 0.635155 0.718718 0.524736 0.489788 0.545757 0.793554 0.939499 0.66721 0.430514 0.363414 0.513021 0.686969 1.26799 1.1754
 0.716742 0.933951 1.01759 0.803491 0.634297 1.22487 1.14951 1.01295 0.793021 0.800562 0.715335 0.61798 0.492202 0.447013 0.351825 0.384852 0.536861 0.750775 0.925084 0.765445
 0.674418 0.539217 0.36641 0.528118 0.507695 0.420693 0.72122 0.770442 0.49889 0.426211 1.35225 1.49673 1.26155 1.3192 0.911898 0.819813 0.632048 0.609034 1.05313 1.16601
 0.703705 0.820194 0.920682 0.970957 0.926991 0.858777 0.863713 0.637679 0.641742 1.15285 1.26483 1.59467 1.9014 1.39201 1.1679 1.09769 2.61508 2.50546 1.40063 0.951032
 0.686648 0.727559 1.11944 0.927482 1.03324 0.895994 0.606042 0.476898 0.488712 0.514437 0.422454 0.442764 0.336205 0.428251 0.372473 0.494403 0.563711 0.457666 0.716126 1.08223
 0.763723 1.26358 1.01782 0.594311 0.462893 0.376637 0.497398 0.57649 0.630992 0.569687 0.409878 0.402835 0.473724 0.55537 0.8338 0.787629 0.838589 1.83154 1.55776 1.1354
 0.734211 1.02448 0.9664 0.625841 0.345688 0.360962 0.410966 0.613226 0.693071 0.63043 0.630057 0.630285 0.759551 0.762266 1.21782 1.04863 0.706691 0.508065 0.421988 0.458529
 0.677636 0.628675 0.947728 0.803387 0.477781 0.392465 0.546061 0.86186 1.31525 1.14994 0.774997 0.478169 0.412718 0.469111 0.38035 0.198777 0.155752 0.23765 0.190625 0.280745
 0.694465 0.695919 0.614045 0.563456 0.470188 0.726215 0.555478 0.578131 1.19235 1.18269 0.864481 0.848194 1.02832 0.898283 0.959106 0.85954 0.67052 0.578664 0.464533 0.747641
 0.771939 1.299 1.01172 0.521637 0.302501 0.363814 0.380547 0.431109 0.51091 0.780975 2.22935 1.9802 1.17834 0.851058 0.58415 0.424393 0.42211 0.432551 0.720397 0.809247
 0.69029 0.672254 0.659888 0.592822 0.505832 0.448468 0.415636 0.596884 0.807967 0.726074 0.48669 0.533878 0.707684 0.798296 0.917869 0.752891 0.529774 0.310806 0.508396 0.60277
 0.694279 0.691746 0.595595 0.524617 0.568457 0.578084 0.637175 0.663637 0.515328 0.634852 0.57947 0.655821 1.06313 1.01148 1.12991 1.12585 1.21275 1.18642 0.726887 0.540523
 0.696208 0.716628 0.649817 0.771614 1.19333 1.17441 0.875029 0.786147 0.640095 0.479444 0.631469 0.786311 0.722945 0.94318 0.810294 0.747224 0.627545 0.632106 0.51983 0.483923
 0.665467 0.490989 0.63247 0.838746 0.699203 0.475517 0.354114 0.309652 0.662665 0.81432 0.800922 0.773241 0.603044 0.529039 0.672209 0.76023 0.755358 0.663817 0.624622 0.836557
 0.701821 0.737522 0.521793 0.550292 0.514455 0.699904 0.873312 0.67776 0.496955 0.383571 0.373808 0.340731 0.490749 0.47771 0.606453 0.778151 0.74061 0.631321 0.579765 0.70622
 0.6783 0.664551 1.18095 1.0472 0.805603 0.818025 0.703391 0.612292 0.584198 0.515353 1.26027 1.24907 0.778946 0.677067 0.829879 1.11894 0.970584 1.04526 0.845928 0.800558
 0.693928 0.735638 0.923433 1.06053 1.23168 1.08407 0.704488 0.611635 0.491753 0.506096 1.01306 1.14339 0.793565 0.603553 0.783407 0.55896 0.444492 0.470438 0.843106 1.28072
 0.679156 0.596069 0.639209 0.484516 0.527585 0.587676 0.575324 0.662009 0.820085 1.01301 1.18427 1.03466 0.9163 0.66815 0.68452 0.599611 0.458671 0.55121 1.22224 1.17353
 0.678735 0.577798 0.481088 0.394912 0.451665 0.523576 0.506175 0.739605 1.13918 1.44198 1.26956 0.896333 0.666125 0.578184 0.553326 0.505031 0.584559 0.556867 0.57891 0.658132
 0.686378 0.645954 0.683867 0.87988 0.769693 0.9309 1.17657 1.2913 1.61862 1.30565 1.19968 0.944519 0.81775 1.02421 1.00766 0.920859 0.67335 0.430105 0.541112 0.620969
 0.700581 0.73535 0.567558 0.493137 1.02446 1.2325 1.31134 0.914821 0.819149 0.675021 1.01295 0.775748 0.512219 0.526465 0.594306 0.438126 0.347681 0.342774 0.683302 0.701431
 0.685998 0.629752 0.622924 0.773998 0.767692 0.715396 0.637038 0.436789 0.391037 1.28386 1.69556 1.78346 1.71964 1.30083 0.988478 1.07502 0.884699 0.772959 0.847972 0.803781
 0.676063 0.551061 0.505434 0.581723 1.07268 0.981517 0.845423 0.794876 0.942895 0.944643 0.823596 0.64781 0.599983 0.529001 0.53863 0.529447 0.47895 0.410779 0.486417 0.713254
 0.725461 0.935769 0.850091 0.851844 0.630155 0.54342 0.896913 0.870015 0.667639 0.46005 0.505245 0.403009 0.360664 0.560725 0.630402 0.48279 0.352738 0.549212 0.949318 1.12814
 0.68065 0.56817 0.485763 0.469461 0.339919 0.388797 0.445535 0.995272 0.811254 0.800303 0.956688 0.931591 0.852618 1.1881 1.05713 0.681103 0.468096 0.481351 0.401943 0.404261
 0.680547 0.555085 0.388144 0.375379 0.730564 0.74257 0.778082 0.698927 1.09447 1.20689 1.08132 0.976739 0.794088 0.53333 0.334033 0.226757 0.245054 0.362686 0.451393 0.579584
 0.756872 1.19599 1.1516 0.875964 0.988821 1.18718 1.01901 0.752251 0.486309 0.448555 0.479218 0.363166 0.245956 0.392888 0.441267 1.17168 1.35517 1.03974 0.745469 0.750102
 0.6854 0.612758 0.539842 0.616445 0.52318 0.388899 0.671613 1.4209 1.36383 0.92362 0.919245 0.83338 0.652394 0.688493 0.690431 0.759909 0.608826 0.47973 0.551206 1.07444
 0.680189 0.572823 0.468141 0.289679 0.269027 0.485223 0.685665 1.05826 0.921285 0.773717 0.567405 0.40992 0.512975 0.555443 0.58728 0.591449 0.474773 0.637349 0.576002 0.483067
 0.704672 0.763207 0.752847 1.07219 1.40431 1.22195 0.884739 1.05713 1.02263 0.635411 0.369672 0.709145 0.6611 0.728111 0.679803 0.641399 0.719798 0.57247 0.397138 0.457305
 0.7897 1.46998 1.3669 0.772859 0.416646 0.519369 0.651836 0.876458 0.884876 0.652882 0.531906 0.468344 0.460237 0.471742 0.418708 0.378825 0.565026 0.530038 0.419579 0.521835
 0.701041 0.750435 0.626745 0.475417 0.377466 0.601205 0.498682 0.395117 0.362562 0.507305 0.513262 0.43653 0.332552 0.293084 0.458588 0.650477 0.485816 0.484482 0.768529 0.961662
 0.673592 0.537921 0.50209 0.441298 0.60474 0.59436 0.786299 0.568665 0.472703 0.468021 0.420789 0.766901 0.985057 1.31559 1.36061 1.05873 0.814699 0.743637 0.55996 0.427041
 0.681517 0.597135 0.529032 0.586657 0.971801 1.25456 1.19711 1.31732 0.947728 0.655904 0.690573 0.725357 0.714706 0.670377 0.665219 0.963717 1.3928 1.31158 1.21897 1.00216
 0.715936 0.884671 0.884254 0.740704 0.583648 0.657781 0.636695 0.598568 0.634048 0.476037 0.464107 0.68534 1.16286 1.08452 0.68849 0.511546 0.339625 0.366411 0.376582 0.309858
 0.670588 0.533596 0.591417 0.658534 0.732285 0.62646 0.50351 0.533742 0.581264 0.527129 0.792944 0.723509 0.613374 1.11208 1.18597 0.955598 0.635832 0.430363 0.436193 0.499134
 0.689476 0.689273 0.780009 0.725897 0.867148 0.937117 1.02888 0.815574 0.829588 1.12132 1.27481 1.04012 0.886695 0.971865 0.867972 1.14204 0.916997 0.457131 0.316985 0.428357
 0.697301 0.723906 0.617263 0.592742 0.528457 0.416113 0.425146 0.508629 0.457358 0.30863 0.236505 0.358442 0.495948 0.590645 0.660361 0.565275 0.733775 0.627447 0.434633 0.438556
 0.673427 0.555342 0.668968 0.797488 0.908814 0.709152 0.635959 0.708335 0.906385 0.874003 0.703659 0.739861 0.825466 1.33648 0.993725 0.69475 0.991202 1.09984 0.971169 0.722176
 0.673629 0.541513 0.470068 0.459672 0.344158 0.341088 0.729038 1.03331 1.03423 0.664713 0.366617 0.324013 0.497319 1.12117 1.60271 1.63414 1.10051 0.724422 0.738385 0.634588
 0.751118 1.15533 1.08905 0.944464 1.24739 1.15631 1.49903 1.22197 0.717957 0.516491 0.402097 0.586639 0.638506 0.820011 1.20472 2.04277 1.81013 1.09825 0.638595 0.426336
 0.733422 1.11051 1.67609 1.3821 0.996189 1.28326 0.92789 0.719537 0.743535 0.605095 0.688916 0.757866 0.603258 0.384777 0.272777 0.35299 0.457338 1.14766 1.08581 0.755645
 0.700492 0.79323 1.03437 1.01953 0.791387 0.5774 0.458966 0.609336 0.607067 0.448936 0.89542 0.944639 1.16057 1.47243 1.28316 1.51685 1.27034 0.852079 0.546794 0.505697
 0.668047 0.478881 0.388872 0.453958 0.661638 0.770162 1.08168 1.39443 1.588 1.51644 1.00094 0.947342 1.0942 1.06589 1.23822 0.942213 0.62682 0.561609 0.480035 0.392173
 0.677593 0.577805 0.674458 1.27111 1.08491 0.74038 0.5572 0.449777 0.702901 0.898988 0.701134 0.44534 0.326162 0.331162 0.743625 0.746357 0.575512 0.587082 0.509264 0.465621
 0.673656 0.54974 0.608598 0.60389 0.670707 1.05453 1.13791 0.938913 0.983416 1.15411 1.14172 1.1552 1.07797 0.700936 0.389779 0.415169 0.384739 0.410325 0.41204 0.351441
 0.703864 0.768487 0.648935 0.85503 0.816452 1.06711 1.52124 1.30129 0.845771 0.793643 0.90205 0.684052 0.503329 0.551295 0.813037 0.845399 0.787981 0.623047 0.478271 0.713482
 0.678354 0.636172 0.95495 0.792673 0.500017 0.348754 0.396381 0.378812 0.346545 0.298344 0.269525 0.510544 0.553407 0.600832 0.658569 0.58451 0.553968 0.585128 0.822708 0.853925
 0.692744 0.700967 0.839988 1.00626 1.12004 1.19858 0.853451 0.770956 0.6414 0.716635 0.558574 0.540124 0.57191 0.637414 0.769586 0.79024 1.06478 1.01013 0.930475 0.964581
 0.702153 0.754663 0.629685 0.455822 0.579466 0.728404 0.568187 0.406783 0.358405 0.347775 0.434829 0.337384 0.257488 0.222306 0.37592 0.399403 0.575885 0.862301 1.21142 1.34216
 0.678323 0.589291 0.611 0.832986 0.824305 0.530316 0.370341 0.566954 0.564831 0.752896 1.77441 1.89827 1.65326 1.40161 0.882182 0.712724 1.61689 1.53807 0.949285 0.603447
 0.690175 0.661824 0.568321 0.504838 0.762507 0.946402 0.967879 1.7103 1.67827 1.54924 1.87324 1.46119 1.0778 0.825284 0.988543 0.938778 0.864756 0.687862 0.819451 1.03599
 0.68747 0.647584 0.56845 0.660398 0.667285 0.903099 0.993404 1.20747 1.04249 0.784452 0.980098 1.09128 0.897343 0.76473 0.711129 0.626127 0.472489 0.487938 0.609644 0.604714
 0.727473 1.00854 1.18691 1.18821 0.945013 0.786461 0.721561 0.554938 0.440036 0.505353 0.561284 0.360346 0.258248 0.225121 0.449989 0.416348 0.453503 0.570743 1.04398 0.963519
 0.707733 0.79925 0.628178 0.471874 0.376929 0.468691 0.494681 0.449292 0.47365 1.00183 0.858458 0.758055 1.05034 1.18783 1.38774 1.23028 1.07243 0.802074 0.779616 0.714894
 0.68892 0.693896 0.868428 0.821897 0.584661 0.403165 0.227205 0.238186 0.39378 0.373811 0.322414 0.343056 0.67087 1.00294 0.844907 0.686099 0.469783 0.328434 0.325818 0.440896
 0.68602 0.636052 0.687841 1.39219 1.51519 1.10464 0.777046 0.544552 0.648013 1.1965 1.09972 0.683689 0.551222 0.503534 0.663381 0.811405 0.721939 0.516496 0.374895 0.404915
 0.697988 0.756724 0.803272 0.641546 0.744175 0.771635 0.839341 1.34083 1.14095 0.708816 0.578924 0.693592 0.772782 0.742362 0.70399 0.521945 0.458385 0.860271 0.845174 0.674606
 0.681355 0.702091 1.30508 1.11466 0.914059 0.808809 0.909483 0.826846 1.04756 1.01432 0.652073 0.539709 0.96364 0.914792 0.715508 0.592423 0.411549 0.290536 0.249331 0.306192
 0.682138 0.592576 0.435335 0.358067 0.458432 0.769027 0.775084 0.990162 2.07379 1.74562 1.4313 1.15314 1.02117 0.670044 0.42505 0.582 0.726054 0.511646 0.635647 0.895226
 0.691382 0.706646 0.744318 0.661679 0.565119 0.414145 0.347112 0.359124 0.708241 0.72536 0.548018 0.492486 0.381574 0.534344 0.541827 0.623844 1.00238 1.00892 1.05676 1.20938
