 17337.5 17337.5 17337.5 17337.5 17337.5 17337.5 17337.5 17337.5 17337.5 17337.5 17337.5 17337.5 27642.6 21745 13869.8 13771.8 13546.2 15995.3 14889.3 12876.1
 17337.5 25277.7 22993.5 18999.8 9239.16 9042.48 12587 20840.9 25515.3 25515.3 25515.3 29691.3 23952.7 23952.7 29780.4 29780.4 24314.9 22852.7 19659 22285.5
 17337.5 25372.9 17436.7 23874.2 22632 20303.9 12030.1 10865.2 8788.82 6906.69 6857.04 7582.32 21794.8 21794.8 21794.8 21794.8 21794.8 21794.8 21794.8 21794.8
 17337.5 26042.9 22790.9 22790.9 22790.9 22790.9 22790.9 22790.9 22790.9 27820.8 22820.9 29841.1 29841.1 27642.2 26176.6 25686 25686 25686 25686 29053.4
 17337.5 21567 21567 29797.3 24681.3 15099.6 11738.9 6607.85 6796.66 9491.65 29633.7 29633.7 29633.7 29633.7 29633.7 29633.7 29633.7 29633.7 29633.7 29633.7
 17337.5 17337.5 17337.5 17337.5 17337.5 17337.5 17337.5 29408.1 26230.4 26230.4 23685.5 21134.3 11250.2 18580 17889.3 20619.5 20524.1 17842.2 29692.9 29692.9
 17337.5 17337.5 20985.5 20082.7 14306 17552.4 10988.6 12810.4 17885 15513.4 17238.5 6179.34 22771.6 20176.2 24774.8 24774.8 24774.8 24774.8 24774.8 24774.8
 17337.5 17337.5 17337.5 17337.5 17337.5 17337.5 17337.5 17337.5 17337.5 17337.5 17337.5 17337.5 17337.5 17337.5 17337.5 24752 19367.4 18584.6 18307.8 17372
 17337.5 17337.5 27642.6 14543.5 12783.3 14951 14136 13126.3 12456.5 15548.7 19649.6 20705.7 10355.8 10355.8 29201.9 29201.9 29201.9 29201.9 27860.9 18199.5
 17337.5 22233.5 25198.1 24849.3 18524.7 19403.8 24878.7 15796.1 21273.2 20307.4 24585.2 20106.7 16403.5 14927.7 29010.3 23113.5 28588.8 19718.7 14026.2 21270.6
 17337.5 17337.5 28356.7 28356.7 23492 15386.4 15580.8 12077.8 11344.8 10810 12279.9 12190.9 14691.4 13377.5 19646.6 25782.1 20834.5 21081.5 19384.9 18795.5
 17337.5 17337.5 29346.1 25093.1 12729.3 14588 15389.6 16153.6 15767.9 18814.4 16421.9 18983.5 14075.8 14987.6 15505.6 13697 12150.8 21226 25231.3 18702.2
 17337.5 17337.5 17337.5 17337.5 17337.5 17337.5 17337.5 17337.5 17337.5 17337.5 17337.5 17337.5 17337.5 26708 26708 26708 26653.3 24731.7 25996.9 20733.8
 17337.5 23677.8 17129.4 12006 10527.8 11854.3 12049.1 17661 27133.3 27133.3 28058 25455.2 24196.4 21939.2 20978.4 19290.3 19290.3 19290.3 19290.3 28467.5
 17337.5 27235.3 22028.7 7599.69 11168.2 16105.9 17854.6 21333.6 25488.1 25488.1 25488.1 25488.1 25488.1 25488.1 25488.1 25488.1 22961.8 21420.9 18814 20124.1
 17337.5 23156.9 24170.7 24170.7 25380.9 28604.3 20831.3 17633.3 24923.8 23459.9 24618 27086.1 23645.6 24263.9 15308.8 28268.3 25207.1 25207.1 12932.7 12932.7
 17337.5 17337.5 17337.5 17337.5 17337.5 17337.5 17337.5 17337.5 17337.5 17337.5 17337.5 17337.5 29869.9 19202.1 21144.5 21144.5 21144.5 27759.6 21070.4 20001
 17337.5 27643.5 27194.3 29128.2 29128.2 29128.2 29128.2 29128.2 24568 16278.3 16618 17641.7 5710.23 24709.8 20148.4 19535.6 15124.9 15908.3 17938.8 26506.4
 17337.5 26684.7 26684.7 26684.7 26684.7 26684.7 24822.7 20765.1 16605.9 22777.2 19052.6 16181 15936.5 16129.1 16890 22108.6 20186.2 22180 22180 27335
 17337.5 19843.4 19843.4 19843.4 19843.4 19843.4 19843.4 19843.4 19843.4 22387.5 22387.5 22387.5 22387.5 22387.5 22886.3 16685.9 19417.3 20752.3 15395 14935.1
 17337.5 17337.5 17337.5 17337.5 1972.61 1972.61 1972.61 1972.61 1972.61 1972.61 1972.61 1972.61 1972.61 1972.61 1972.61 1972.61 1972.61 1972.61 1972.61 1972.61
 17337.5 25344 23057.4 26727.5 24031.5 24031.5 24031.5 25071.1 25071.1 25071.1 25071.1 25071.1 25071.1 25071.1 26148.2 17574.2 13995.1 25353 20787 16293.5
 17337.5 19382.5 23202.7 23034.5 20711.9 21957.3 19074.1 13443.8 16571.7 14835.5 18591.7 16398.5 14487.3 17476 17938 13153.7 15364.3 21893.6 19768.5 24001
 17337.5 20968.7 19706.8 12051.2 9729.54 8675.02 14620.3 16064.3 17261.9 17261.9 28589.4 27983 25712.3 20446.5 17641.2 19579.2 18524.6 13739.6 15713.9 17314.9
 17337.5 17337.5 29162.6 22580.8 20113 23166.2 23166.2 23166.2 23166.2 23166.2 23166.2 23166.2 23166.2 23166.2 23166.2 23166.2 23166.2 23166.2 23166.2 23166.2
 17337.5 17337.5 17337.5 17337.5 17337.5 17337.5 17337.5 17337.5 17337.5 17337.5 17337.5 17337.5 17337.5 28860.9 28860.9 27556.6 20876.1 20303.2 24848.9 18251.1
 17337.5 17337.5 17337.5 17337.5 17337.5 17337.5 17337.5 24233.8 24233.8 24233.8 24233.8 24233.8 29786.3 22205.6 17118.4 15383.9 18148.2 13982.2 21990.2 17285.1
 17337.5 17337.5 17337.5 1554.87 1554.87 1554.87 1554.87 1554.87 1554.87 1554.87 1554.87 1554.87 1554.87 1554.87 1554.87 1554.87 1554.87 1554.87 1554.87 1554.87
 17337.5 17337.5 17337.5 17337.5 17337.5 17337.5 17337.5 17337.5 17337.5 17337.5 17337.5 17337.5 17337.5 17337.5 17337.5 17337.5 29811.8 29811.8 29811.8 29811.8
 17337.5 25125.4 22216 27974.9 27974.9 27974.9 27974.9 27974.9 27974.9 27974.9 27974.9 27974.9 23096.5 26983.9 26983.9 23245.1 26030.5 23590 23590 23590
 17337.5 29883.5 28428 24073.6 20741.7 16851.9 18011.2 21360.2 16669.7 17113 17661.2 12969.3 26767.7 19848.5 22420.1 18123.9 24921.3 20059.2 28214.6 28205.4
 17337.5 17337.5 17337.5 17337.5 29643.3 29248.3 27897.1 22739.4 21224.8 13157.6 11182.6 9889.23 15584.8 18070.1 24369 25904.2 27808.8 18703.2 17141.6 21127
 17337.5 17337.5 28881 20022.9 18274.2 18786.6 12325.9 6566.79 11419.7 11419.7 11419.7 186.656 186.656 186.656 186.656 186.656 186.656 186.656 186.656 186.656
 17337.5 24045.2 28668.2 11475 6776.7 5452.32 5190.68 7731.36 20544.9 20544.9 20544.9 20544.9 20544.9 20544.9 20544.9 20544.9 20544.9 20544.9 20544.9 20544.9
 17337.5 27283.1 16674.1 15681.7 15681.7 15681.7 15681.7 24344.3 24344.3 24344.3 15187.3 15187.3 15187.3 15187.3 15187.3 15187.3 15187.3 15187.3 15187.3 15187.3
 17337.5 25873.2 25873.2 25873.2 25873.2 25873.2 25873.2 25873.2 22931.7 22387.9 17669.2 15076.8 20086.7 17073.5 15428.3 13452.2 11053.6 11214.1 12286.4 15426.3
 17337.5 24690 29789 16658.1 6625.78 6904.32 5843.04 9821.87 9821.87 9821.87 9821.87 9821.87 9821.87 9821.87 9821.87 9821.87 9821.87 9821.87 9821.87 9821.87
 17337.5 17337.5 17337.5 17337.5 26429.4 26429.4 26429.4 26429.4 26371.7 11921.5 15930.6 16436.3 14302.7 16678.3 13618.7 17031.6 12886 12582.5 9632.4 7249.93
 17337.5 17048.2 10651.3 9159.59 17148.4 9730.95 12840.7 18237.4 16172.1 14613.2 14613.2 14613.2 27879 29254.2 27797.9 26130.6 26130.6 26712.8 16366.2 26587.4
 17337.5 17337.5 29337.6 27824.3 26274.2 26274.2 26885.9 26885.9 26885.9 26885.9 26885.9 26885.9 26885.9 26885.9 26885.9 26885.9 26885.9 23897 23897 23897
 17337.5 20023.4 10860.3 13216.8 14618.6 12897.1 10522.9 8695.25 9384.39 11220.8 11237.4 15346.3 20777.8 19836.8 20128 13335 16093.1 16259.2 26393.9 23396.1
 17337.5 17337.5 17337.5 17337.5 17337.5 17337.5 17337.5 17337.5 17337.5 26266.4 25958.3 20275.3 15202.8 13123.1 16896 20826.2 15825.7 16930.1 16388 18962.2
 17337.5 17337.5 23529.7 18301.9 15425.2 21982.7 21982.7 21982.7 21982.7 21982.7 24413.4 18648.5 20050.1 27970.6 27970.6 27970.6 27970.6 27970.6 27970.6 27970.6
 17337.5 17337.5 17337.5 17337.5 17337.5 29065.4 17078.9 16870.1 19265.4 24506.3 19117.9 28157.2 28157.2 24320.1 20261.6 23491.8 17207.1 16989.8 13815 11896
 17337.5 25314.7 29231.7 26513.9 17624.2 13524.5 18042 18042 18042 18042 28858.2 25429.9 20976.2 23393.6 20100.5 21673.4 26448.6 23364.1 18188.9 24524.1
 17337.5 28787.8 28787.8 28787.8 28787.8 28787.8 28787.8 28787.8 26133.8 21111.4 29279.1 28051.4 28051.4 28446.7 25914.8 25914.8 25914.8 25914.8 25914.8 27481.2
 17337.5 17337.5 17337.5 17337.5 17337.5 17337.5 17337.5 17337.5 17337.5 17337.5 17337.5 17337.5 17337.5 17337.5 17337.5 29549.3 27863.7 25206.9 18661.5 16433.1
 17337.5 17337.5 17337.5 24338.6 21136.9 14077.2 14347.4 21349.3 16874.5 11769.2 15784.3 24807.9 27406.9 23613 22160.7 21089.2 26206.9 26205.1 27841.9 24523.3
 17337.5 29950.3 26628.8 26628.8 26628.8 26628.8 26628.8 26628.8 26628.8 26628.8 26628.8 26628.8 26628.8 26628.8 22806.2 19340.3 14660 13605.1 16746.9 15356.1
 17337.5 29402.4 29402.4 29402.4 29402.4 29402.4 29402.4 29402.4 29402.4 25313.8 27373.6 19840.7 22243.9 29064.8 29064.8 29064.8 28973.6 20737.9 16014.5 14144.7
 17337.5 21230.3 14134.6 16683.9 18538 15731.9 14579.8 28134.7 26326.3 28900.3 18761.8 16295.5 21701 21701 21701 21701 21701 21701 21701 21701
 17337.5 17337.5 17337.5 17337.5 17337.5 17337.5 17337.5 17337.5 17337.5 17337.5 17337.5 17337.5 17337.5 27518.2 20926.3 22993.3 20242.7 19101.4 25028.3 18234.9
 17337.5 23763.6 17649.3 13612.3 13612.3 13612.3 13612.3 13612.3 13612.3 25695.5 25695.5 29874.9 29874.9 28406.5 18051.4 23626 29535.5 28080.9 28980.1 28011.5
 17337.5 25079.5 25558.6 22767.1 26518.9 27611.4 27611.4 27611.4 27611.4 27611.4 22911.9 23180 17465.7 17825.6 23646.3 21336.1 16232.9 16021.7 16021.7 16021.7
 17337.5 17337.5 17337.5 17337.5 17337.5 17337.5 17337.5 17337.5 17337.5 17337.5 17337.5 17337.5 29922.3 21065.1 13558.4 15533.1 14693.5 9897.82 8339.51 9627.57
 17337.5 17337.5 17337.5 17337.5 17337.5 27026.5 9365.01 10224.7 8919.33 8164.01 8456.89 10059.9 10213.4 12485.7 13289.7 18140.6 14338.3 12111.7 19422.7 20118.8
 17337.5 17337.5 17337.5 17337.5 17337.5 22207.8 22207.8 26394.8 27575.7 16798.4 13653.8 11089.5 10072.1 9149.58 9458.72 13201.7 28560.9 28469 17481.1 15569
 17337.5 21173.5 21173.5 21173.5 21173.5 21173.5 21173.5 21173.5 21173.5 21173.5 21173.5 21173.5 21173.5 27440.2 22339.6 16900.5 20754.5 17758.1 22184.5 20451.5
 17337.5 23269.2 24958.8 20343.1 23502.8 14636.4 8064.07 14418.9 12441.6 15951.5 12671.8 11948.2 9849.97 7854.31 17791.7 17791.7 17791.7 17791.7 17791.7 17791.7
 17337.5 25202.5 27737.3 11211.6 14909.8 11058.4 13164.6 17073.3 16273.3 16273.3 28477.4 23334.1 22059.6 24307.5 23236.1 22583.4 14538.5 14952.8 20121.7 17293.7
 17337.5 29570.4 24795.5 27682.4 23394.5 11253.3 11432.6 11273.1 12297.6 13545.3 12866.2 13815.1 14877.7 15790.6 10222.6 11117.4 13317.3 14514.2 13687.1 17383.5
 17337.5 19151.5 17909 11353 11093.3 14169.3 9922.61 8878.87 8574.3 8143.37 10043.1 8667.82 8046.23 9478.24 11500.6 9052.89 10048.1 8716.76 13413 16149.1
 17337.5 17337.5 17337.5 17337.5 17337.5 17337.5 17337.5 17337.5 17337.5 29565.7 29747 21153.2 12405.5 16166.3 12538.5 17932.8 23673.8 17700.3 16017.5 14393.4
 17337.5 24777.5 15308.7 13939.9 15795.6 12067.4 11008.4 12339.3 25138.6 26763.8 17034.9 29678.3 25523.3 17983.7 18079 20479.9 20333.7 17003 17698.8 16959.2
 17337.5 23807.2 20540.7 10807.8 12278 15104.9 15104.9 15104.9 29776.5 22440.4 14275.4 17210.9 11579.3 10627.4 12057.9 12204.1 16983.6 15444.1 17582 17509
 17337.5 22044.2 15493.3 11197.6 10277.1 14595.8 10836.7 12325.1 12242 15606.7 24904.8 20641.3 25515.1 26836.8 25523.3 29869.9 29404 27013.6 27013.6 23798.2
 17337.5 17337.5 17337.5 17337.5 17337.5 17337.5 17337.5 17337.5 17337.5 17337.5 17337.5 17337.5 17337.5 17337.5 17337.5 17337.5 17337.5 17337.5 17337.5 17337.5
 17337.5 17337.5 17337.5 17337.5 17337.5 17337.5 17337.5 17337.5 17337.5 17337.5 17337.5 17337.5 17337.5 17337.5 25719.3 24646.7 17592.7 12522.2 13690.6 18373.6
 17337.5 17337.5 17337.5 17337.5 17337.5 28298.4 24666.2 11116.8 20098.3 18019.9 21935.1 24644.8 23640.9 25851.3 21050.6 18022.7 18476.2 27785.1 26300.3 23431.6
 17337.5 28146.1 21822.8 13121 9113.42 6451.23 8293.6 10907.8 14013.2 13817 14279.3 18362.9 21118 23380.3 17262.5 16600.5 14940.3 17745 15429.5 16386.1
 17337.5 17337.5 17337.5 17337.5 28998.6 25169.8 19798.6 17865.2 12752.7 13966.3 13525.7 13353.5 13779.9 18371.8 22639.2 12714.1 19362.4 19081 12648.2 15384.5
 17337.5 17337.5 17337.5 17337.5 17337.5 17337.5 17337.5 17337.5 26043.2 19356.6 19005 20069.5 22251 19690.4 25526.8 11516.1 22828.5 21352.8 24825.4 22888.8
 17337.5 23803.4 26010.8 26010.8 26010.8 19959.3 21834.1 21834.1 21834.1 21834.1 25732.5 25732.5 25732.5 25732.5 25966.5 22674.8 21385.7 17362.8 13878.9 14874
 17337.5 17337.5 17337.5 17337.5 17337.5 22223.5 18155.8 24175.5 23601.6 19618.7 23761.7 21186.6 19592.4 19289.9 13142.9 14266.4 14850.8 12397 12967.8 12417.3
 17337.5 25125.4 26509.1 22820.1 17166.4 25918.4 27153.1 16704.6 13686 15716.1 21822.3 21260.7 18027.3 15114.8 16909.2 15452.9 22699.5 19532.4 25331.9 24972.5
 17337.5 17337.5 17337.5 17337.5 17337.5 17337.5 17337.5 17337.5 17337.5 17337.5 17337.5 17337.5 17337.5 17337.5 17337.5 29704.3 20627.3 16986.8 16478.2 14767.4
 17337.5 17337.5 17337.5 17337.5 17337.5 17337.5 26748.1 22362.4 20627.9 17225.2 11227.4 12265.3 17672.1 20043.8 22517.7 27799.5 24651.4 21702.1 22454.2 24575.2
 17337.5 17337.5 28744.8 17649.8 15256.4 18878.6 17581.1 25969.3 25686.8 20159.4 22819.4 17187.3 18618.2 8338.27 16511.8 21240.2 16394.6 14347.5 18901.2 19765.6
 17337.5 27523.2 26789.9 26789.9 23357.9 23357.9 28061.2 28061.2 28061.2 28627.3 27565.3 28130.7 23930.8 23930.8 23930.8 23930.8 23930.8 23930.8 23930.8 25522.2
 17337.5 17337.5 17337.5 17337.5 17337.5 28074.6 23234.8 27290.2 28148.2 28148.2 28148.2 28148.2 28148.2 28148.2 28148.2 28148.2 28148.2 28148.2 28148.2 25123
 17337.5 27413.2 25429.3 25429.3 22250.6 15050.3 29300.6 29300.6 29300.6 29300.6 25384.6 16385.6 16754.2 16853.9 18572.6 17267 19067 18124.3 20240 21235.2
 17337.5 27371.8 19263 9571.43 11310.5 13048.7 15165.8 15476.2 18008.7 19933.7 19745.1 22599.9 29420.7 20361.1 24976.5 20542.5 20568.9 23016 20776.6 20799.9
 17337.5 17337.5 27013.1 26745.4 26876.7 20156.8 15024 13641.7 18168.4 18547.7 22365.8 29646.3 28523.5 27474.9 27474.9 27474.9 27358.3 26009.2 26001.5 23665.5
 17337.5 24605.8 24605.8 24605.8 24605.8 24605.8 24605.8 24605.8 24605.8 24605.8 25899.9 25899.9 29904.8 27825.1 26195.5 26195.5 28326.5 17414.7 16161.7 18664.2
 17337.5 17337.5 17337.5 17337.5 26473.7 18804.9 14438.2 12568.9 14573.4 13876.5 18802.9 17799.4 15166.3 20210.7 16282.1 13959.7 21799.8 26024.4 21249.7 18952.4
 17337.5 17337.5 17337.5 17337.5 17337.5 17337.5 17337.5 17337.5 17337.5 17337.5 17337.5 17337.5 17337.5 17337.5 17337.5 17337.5 17337.5 17337.5 17337.5 23707.2
 17337.5 17337.5 17337.5 17337.5 17337.5 17337.5 17337.5 17337.5 17337.5 17337.5 17337.5 17337.5 17337.5 17337.5 17337.5 17337.5 17337.5 17337.5 17337.5 17337.5
 17337.5 25296 15971.6 14015.9 11671.8 12009.8 14396.5 13500.9 13872.8 15141.1 19211.3 16087.6 14319.7 10645.9 15528.9 14771.9 21467.8 21467.8 24676 22023.7
 17337.5 17337.5 17337.5 17337.5 17337.5 17337.5 17337.5 27205 27326.1 27967 20324.2 21544 23164.3 17144.7 18035.6 23219.7 23569.5 27068.1 11458.7 22442.3
 17337.5 26444.6 27272 16205.5 14974.4 12312.2 24150 21195.3 26014.7 18951.5 14405.5 14877.4 21780.1 21780.1 21307.3 14852.3 13343.2 13232 14392.3 18098.1
 17337.5 22091.4 22091.4 22091.4 22091.4 22091.4 18976.2 18976.2 18976.2 27738.4 6696.65 22100.8 19392 17605.6 21133 17315.2 26248.7 24893.7 27842 29755.5
 17337.5 26817.2 21410.4 15781.5 13548.8 18174.4 25417.7 29936.3 29936.3 29936.3 29936.3 29386.6 16221.7 26577.3 22640 22640 22640 22640 22640 22640
 17337.5 17337.5 17337.5 17337.5 17337.5 17337.5 17337.5 17337.5 17337.5 17337.5 17337.5 27770.9 20017.5 17887.2 17094.3 13554.9 15456.9 15591.1 16475.1 25484.7
 17337.5 17337.5 17337.5 17337.5 17337.5 17337.5 17337.5 17337.5 17337.5 17337.5 25633.6 16412.2 11910.3 11082.2 15160.3 14395.1 13698.7 13913.4 15505.1 13875.5
 17337.5 24573.2 21029.9 21029.9 21029.9 21029.9 21029.9 21029.9 21369.3 16219.6 19771.3 24183.1 18686.7 15840 15186.6 23469.1 23109.7 19531.2 23016.2 17355
 17337.5 17337.5 17337.5 17337.5 17337.5 17337.5 17337.5 17337.5 17337.5 17337.5 17337.5 17337.5 27077.1 27077.1 27077.1 27077.1 27077.1 27809 27809 27809
 17337.5 17337.5 17337.5 17337.5 17337.5 17337.5 17337.5 17337.5 17337.5 17337.5 17337.5 17337.5 17337.5 17337.5 17337.5 17337.5 17337.5 17337.5 17337.5 24744.2
 17337.5 25049.9 22113.6 29562 18718.9 28499.4 21544.2 13756.1 13994.5 18665.5 22319.3 20036.8 18124.6 15626.5 15688.3 13354.3 13489.4 10424.7 12901.8 14361.1
 17337.5 26187.7 22004.8 20379.3 17615 12379.5 10236.7 14131.5 15909.1 11920.9 17471.2 17286.4 21877.9 22974.7 22974.7 22974.7 28134 28211.7 23394.9 20883.4
 17337.5 27219.6 27219.6 27219.6 27219.6 27219.6 27219.6 25788 16500.7 17369.2 13015.3 14985.4 11073.4 17988.7 16637.6 21342.4 24870.4 24870.4 25419.5 25002.1
 17337.5 19424.2 16630.1 25272.1 24347.1 17191.2 20397.6 27346 20616.6 23715.2 14982.5 21558.5 5596.21 19275.7 17536.4 26344.2 26437.9 22640.7 17819 15774.1
 17337.5 27835.7 24928.3 25456.6 25456.6 24689.2 17002.2 18560.8 22180.5 24049.6 21337.2 14965.9 14210 10574 20515.2 29621.7 29236.1 18232.6 26267 26216.2
 17337.5 22778.9 14423.5 15206 12918.7 15495 21405.9 18890.9 17372.4 15876 16020.5 27971.5 24485.5 23645 18652.6 16008.6 13986.7 15311.9 18475.9 28083.6
 17337.5 29816.7 29816.7 29816.7 29816.7 29816.7 29816.7 29816.7 29816.7 27680.7 23048.8 23048.8 26084.3 14967.6 14293.6 23317.2 24767.8 23463.5 19901.9 17435.4
 17337.5 26120.1 26120.1 22872 22872 22872 22872 22872 9758.87 9758.87 9758.87 9758.87 9758.87 9758.87 9758.87 9758.87 9758.87 9758.87 19025.4 19025.4
 17337.5 18651 24299.9 22665.8 22665.8 22665.8 22665.8 22665.8 22665.8 29495.5 19359.4 27889.1 27889.1 24165.2 17762 29421.7 29421.7 29421.7 25289.3 18138.1
 17337.5 17337.5 29461.5 2492.85 2492.85 19189.6 19189.6 19189.6 25677.1 17012.8 12740.6 15854.8 16659.8 15266.5 16737.5 16962.2 13725.8 18772.1 18937.3 16923.2
 17337.5 23499.2 23386.9 22758.3 22697.7 22134.8 27057.4 20835.3 24709.4 25528.9 25528.9 25528.9 29258.2 29258.2 29908.3 26462.2 27378.4 26472.9 21240.5 24556
 17337.5 20659.7 20349.6 22398.9 23699 28408.3 22334.5 17337.7 13848.8 12531.1 20162.7 20314.2 16715.2 18524.8 19069.9 15480 17303.1 17145.9 22224.3 28959.6
 17337.5 24858.9 20215.6 15297.7 13409.1 15884.6 24003.9 21774.5 15125.4 18420.9 17901.2 13474.1 26668.8 25077.2 26569.7 23767.2 24241.7 21030.8 20791 19583.7
 17337.5 24166.9 2927.64 2927.64 2927.64 2927.64 2927.64 2927.64 22815.6 22815.6 22815.6 22815.6 22815.6 20047 19770.6 19901.4 16745.1 22187.8 22923.7 19721.9
 17337.5 17337.5 17337.5 17337.5 17337.5 17337.5 17337.5 17337.5 17337.5 17337.5 17337.5 26570.7 23526.1 13660.1 10484.4 15369.4 27031.7 17704.5 27062.2 27062.2
 17337.5 21513.2 25849.4 23846.1 26258.7 22457 20665.1 20665.1 20665.1 28957.7 28957.7 29461.6 22929.5 24306 29245.7 26239.9 29664.4 28197.9 27234.4 20506.8
 17337.5 28567.4 27223.1 27223.1 24782.2 14462.2 21819.8 18908.9 20186.3 17339.9 13404.8 14012 10970.9 10231.2 12821.1 13538 13037.9 17619 13560.6 14796.2
 17337.5 17337.5 17337.5 17337.5 17337.5 17337.5 17337.5 17337.5 17337.5 28409.3 28957.5 26080.3 19662.7 15871.9 17642.7 19274.8 23241.9 29328.4 21075 21075
 17337.5 17337.5 17337.5 17337.5 17337.5 17337.5 26257.2 24999.9 24999.9 24999.9 24999.9 24999.9 24999.9 24999.9 24999.9 24999.9 27468.9 19588 23667.4 18987.7
 17337.5 26675.1 21355.9 14632.9 13068.1 16065.7 17977.9 19070 19259.8 12653.2 13601.6 12189.8 14446 20789.2 25650.8 21959.7 22208.3 25708.5 19775.3 17465.8
 17337.5 17337.5 17337.5 17337.5 17337.5 17337.5 17337.5 17337.5 17337.5 17337.5 17337.5 26647.8 24729.7 26943.1 25590.7 18550.4 23746.9 25193.8 24450.5 18402.6
 17337.5 17337.5 17337.5 17337.5 17337.5 17337.5 17337.5 17337.5 17337.5 27026.6 21954.7 21954.7 26800.9 23358.8 17042.9 12715.2 19742.2 18256.9 19269.8 16903.3
 17337.5 17337.5 17337.5 17337.5 17337.5 17337.5 17337.5 17337.5 17337.5 17337.5 17337.5 17337.5 17337.5 17337.5 17337.5 17337.5 17337.5 17337.5 17337.5 17337.5
 17337.5 17337.5 17337.5 17337.5 17337.5 17337.5 17337.5 17337.5 17337.5 17337.5 24542.7 24995.6 14640.3 16831.5 15594.1 16709.7 15071.8 20034.4 20277.5 16631.3
 17337.5 17337.5 17337.5 18658.6 26657.1 23268 21776.3 21776.3 27359.3 28209.1 28209.1 28209.1 28209.1 27079.5 5370.66 10152.1 23130 19475.7 19583.7 23738.5
 17337.5 25365.8 29142.8 29142.8 27016.4 20122.9 25030.2 25284.5 20273.6 17752.8 13088.4 23320.9 26924.9 14390.1 20433.2 18546.5 10217 23323.3 19825.3 14617.4
 17337.5 17337.5 17337.5 17337.5 17337.5 17337.5 17337.5 17337.5 17337.5 17337.5 17337.5 17337.5 17337.5 17337.5 17337.5 17337.5 17337.5 17337.5 17337.5 17337.5
 17337.5 21258.5 21258.5 21258.5 21258.5 21258.5 21258.5 14237.6 14237.6 14237.6 14237.6 14237.6 14237.6 14237.6 14237.6 14237.6 28558.4 28558.4 28558.4 28558.4
 17337.5 17337.5 17337.5 17337.5 17337.5 17337.5 17337.5 28897.4 24161 28575.4 28575.4 28575.4 28575.4 28575.4 28575.4 28575.4 28575.4 28575.4 27101.8 28760.3
 17337.5 18284.4 20690 23376.3 21350.7 24757.8 24757.8 26199.9 27670.4 23280.8 22077.2 26771.5 24027.3 24761.8 22798 19310.4 14400.7 16829.6 15115.6 13474.3
 17337.5 17337.5 24704.2 19573.5 23329 25234.2 22700.4 21668.8 21625.9 16571 13035.9 11587.1 11918.6 11302.7 10458.3 13957.7 11897.8 11814 10647.1 13314.1
 17337.5 24559.4 15464 27957.5 24486.8 24486.8 24486.8 24486.8 24486.8 24300.1 24467.2 20092.5 20718.2 18810.8 16065.3 16681.1 25879.6 22948.4 23994.8 22070.1
 17337.5 28500.2 16780.3 9581.84 13118.3 17476.1 14249.8 19531.1 27012.4 22522.9 19532.9 17186.9 17585 17298.2 22881.6 22710 18169.7 14466.4 13463.1 17185.5
 17337.5 26457.2 18423.4 29483.2 29483.2 29483.2 26730 26730 29679.7 24733.5 25291.8 25343.2 27907.9 23422.3 23014.5 21834.7 23288 24445 20796.2 17722
 17337.5 20668.7 26881.9 2757.06 25956.9 25956.9 25956.9 25956.9 25338.5 14937.9 21651.2 18256.6 15912.1 13016.2 15088.1 15051.6 27847.4 20526.7 21105 18646
 17337.5 17337.5 17337.5 17337.5 17337.5 17337.5 17337.5 17337.5 17337.5 17337.5 17337.5 17337.5 17337.5 28652.5 25837.8 20122.6 21998.8 17970.1 22149 24062
 17337.5 2433.29 2433.29 29942.2 29942.2 29942.2 29942.2 27817.5 26237.9 20459.7 21971 23489.6 23750.3 26654 24190.5 20684.7 15731.9 16363.7 17866.2 15056.3
 17337.5 17337.5 17337.5 17337.5 29265.2 23278.4 23620.3 20439.7 17119.2 14645.1 19700.5 18791.8 15752.3 12308.9 16891.1 26964.7 22538.4 24804.8 19300 22095.8
 17337.5 17985.1 20006.8 28978.5 29949.9 27029.1 21809.3 15309.9 25322.9 25322.9 25322.9 25322.9 25322.9 25322.9 25250.4 26983.9 22333.5 26382.7 23823 22202.3
 17337.5 18554.4 21918.7 23080.3 21512 17028.8 17724.3 17026.3 16932 22165.8 18145.6 18145.6 24368.1 21770 19571.5 15325.4 22664.4 22626 24830.3 26909.1
 17337.5 21428.3 21945.2 22180.1 27223.2 27223.2 27223.2 28595.1 28595.1 23210.2 17571.6 26361.7 24561.3 17711.1 20095.7 26515.8 22307.7 25249.4 19243.2 25655.4
 17337.5 24858.2 11291.9 10202 10842 12346.8 12548.9 19494.1 25837.8 25837.8 25837.8 25837.8 28522.3 28522.3 28522.3 28522.3 28522.3 27752.4 19034.6 24225.5
 17337.5 16305 23977.9 20767.1 19216.9 12273.6 18248 13547.1 15353.3 18787.6 11304.5 19321.1 10185.5 24101.8 27657.9 23232.7 25291 29275.7 22454.4 29180
 17337.5 23365.7 13755.3 10524.1 13124 12898.2 18310.4 18487.3 18530.1 28249 27569.3 18520.2 12695.5 11353.7 15508.8 17791.7 15717.7 13139.6 13275.8 16138.8
 17337.5 3029.58 3029.58 3029.58 3029.58 3029.58 3029.58 3029.58 3029.58 3029.58 3029.58 3029.58 25466.8 25466.8 25466.8 25466.8 25466.8 25466.8 25466.8 25466.8
 17337.5 17337.5 17337.5 27908.6 20130.6 17852.5 9974.88 9753.29 11858.7 17964 21081.7 29276.2 29395.9 28788.1 25915.6 19297.2 14378.9 11604.6 13315.1 13877.3
 17337.5 24859.3 24859.3 24859.3 23057.8 16263.5 19653 22611.8 27844.3 17857 22008.8 17452.8 18507.9 18693.6 15267.2 14490.5 14519.1 15634.9 12459.7 13006.9
 17337.5 17337.5 17337.5 17337.5 17337.5 17337.5 17337.5 17337.5 21868.4 10327.3 8640.48 9428.8 14594.8 14306.2 14635.6 17763.2 18822.1 19185.8 17797.4 17549.6
 17337.5 17337.5 17337.5 17337.5 17337.5 17337.5 17337.5 17337.5 17337.5 17337.5 17337.5 17337.5 17337.5 17337.5 22509.2 23691.9 22425.3 20686.3 21671.9 16564.3
 17337.5 17337.5 17337.5 17337.5 17337.5 17337.5 17337.5 17337.5 17337.5 17337.5 17337.5 17337.5 17337.5 17337.5 17337.5 17337.5 17337.5 17337.5 17337.5 17337.5
 17337.5 17337.5 17337.5 17337.5 23438.3 9362.83 11889.3 13549.3 11220.6 17924.9 18240.8 27911 22561.7 21239.8 22344.5 20165.8 17996.7 28793.7 28793.7 28793.7
 17337.5 17223.4 24308.9 22370.3 29008.4 22348.7 28404.4 18660.2 18660.2 22787.3 20405.2 13722.2 21747.7 29225.8 23933.8 22982.9 24081.7 29563 27800.9 20525.5
 17337.5 17337.5 17337.5 17337.5 17337.5 17337.5 28509.6 24477.3 24477.3 24477.3 25705.8 17687.1 17809.1 15419.7 12091.5 13877.5 16606.7 16005.4 12813.2 11069.7
 17337.5 20780.5 21874.2 14795.9 12177.3 14676.1 14134.8 13833.3 18903.1 16803.7 15415.3 20304.3 15387.4 20360.1 18708.1 14791.4 14405 10303.3 19262.8 20078.4
 17337.5 23182.9 22286.8 21904.4 17734.3 20562.5 20562.5 29166.1 23715.2 16960.9 15941.6 15444.9 18509.3 14352.8 16182.7 15977.7 19408 16289.3 11395.7 17495.1
 17337.5 22618.9 25634.9 26027.2 22385.6 25166.6 25166.6 29977.5 21487.3 18321.5 21137 12871.7 13570.9 18027.5 13657.1 19513.8 21821.5 17364.1 15277.2 15018.6
 17337.5 29149.7 29840.4 25598.9 18163 11406.7 20652.4 27458.2 28729.8 25927.5 21836.9 19198.9 14823.9 17258.7 15464.1 17754 21720.6 17381.9 18990 21805.8
 17337.5 17337.5 29536.8 26546.9 19933.5 25516.7 18711.7 14605.6 14006.4 20548.8 15391.3 17517.6 22131.6 18190.3 18400 16315.2 12185 14786.5 12012.3 15857.5
 17337.5 27818.9 28087.2 28087.2 28087.2 28087.2 28087.2 28087.2 24457.4 24457.4 24457.4 24845 29833.9 29833.9 29605 26948.5 17783.6 21916.4 16548.8 18656.7
 17337.5 17337.5 17337.5 17337.5 17337.5 17337.5 17337.5 17337.5 17337.5 17337.5 17337.5 17337.5 17337.5 17337.5 17337.5 25986 18130.3 13998.7 11618.6 11890.9
 17337.5 14903.2 23244.7 20711.7 10531.4 6953.14 9078.32 10033.4 8976.65 9555.91 11354 1120.48 15719.9 14776.4 17936.1 18156.5 15576.4 7830.76 17780.1 17370.1
 17337.5 17337.5 26377.5 26377.5 18104.2 24495.5 16531.8 14158 14804.1 12508.8 7420.62 10028.7 14412 16916 21405.9 18371.4 19722 17727 15521 14965.1
 17337.5 24753.4 13504.3 18128.7 27794.4 23543.4 23056.1 18496.5 18006.8 15874.7 12027.7 16411.8 24276.3 27825.4 26153.8 22608.9 24991.5 27589.1 22676.4 20745.5
 17337.5 27859 28330.6 28330.6 20278.9 14093 11613.5 15638.5 19267.3 22062 20493.9 19258.2 15850.8 16373 18633.5 15358.5 15056.4 14673.2 18316.7 15275.7
 17337.5 17337.5 17337.5 17337.5 17337.5 17337.5 29143.9 27864.7 27864.7 26907.8 28037.9 23663.7 18164.3 23565.4 21760.9 23372.4 15018.2 14638.8 14027.2 12824
 17337.5 23606.8 2724.72 2724.72 2724.72 2724.72 2724.72 2724.72 2724.72 2724.72 2724.72 2724.72 2724.72 2724.72 2724.72 10987.2 16767 16767 21770 21770
 17337.5 21959.1 4591.59 4591.59 4591.59 4591.59 4591.59 4591.59 26764.9 26764.9 26764.9 26764.9 26764.9 22961.4 16399.6 21261.1 16647 15045.6 14010.1 20230.4
 17337.5 23615.5 23615.5 23615.5 23615.5 23615.5 23615.5 23615.5 26850.2 11255 15473.7 14775.7 14766.4 12766.3 13328.6 13181.5 13924.1 19604.4 17513.1 14712.7
 17337.5 23821.9 28557.3 25793.8 25793.8 25793.8 25793.8 25793.8 17549.1 17549.1 17549.1 17549.1 17549.1 17549.1 17549.1 17549.1 17549.1 17549.1 17549.1 17549.1
 17337.5 17337.5 17337.5 17337.5 17337.5 17337.5 17337.5 17337.5 17337.5 17337.5 17337.5 17337.5 17337.5 17337.5 17337.5 22534.1 23209.2 17560.8 17411 12682.1
 17337.5 17337.5 17337.5 17337.5 17337.5 17337.5 17337.5 17337.5 17337.5 29823 14356.8 14116.7 13104.2 19026.8 15734.1 14736.4 19715.6 17734.9 23184 18379.1
 17337.5 17337.5 17337.5 17337.5 17337.5 17337.5 17337.5 17337.5 28159.4 18915.6 20808.2 20808.2 20808.2 20808.2 20808.2 20808.2 20808.2 20808.2 20808.2 20808.2
 17337.5 29646.9 13916.1 8897.88 8894.74 12229.5 12211.3 16751.2 16097.6 21602.4 21602.4 21602.4 21602.4 21602.4 21602.4 24186.3 20810.7 22883 14629.7 13904.3
 17337.5 17337.5 17337.5 17337.5 17337.5 17337.5 17337.5 17337.5 17337.5 27146 15566.6 18242.8 17428.1 14657.5 16783.9 14834.2 17025.1 17578.9 14345.7 18573.1
 17337.5 17337.5 17337.5 17337.5 17337.5 17337.5 17337.5 17337.5 17337.5 17337.5 24628.8 22621.3 23955 20890.7 21719.2 24264.4 24264.4 27635.3 23980.8 23707.9
 17337.5 29222.3 28394.7 25273.9 18705.3 21823.7 20193.6 22612.2 23478.9 18601.7 13002.2 19273.8 27509 27509 27509 27509 27509 27509 27509 29841
 17337.5 17337.5 17337.5 17337.5 17337.5 17337.5 17337.5 17337.5 17337.5 17337.5 17337.5 17337.5 17337.5 17337.5 17337.5 17337.5 17337.5 17337.5 17337.5 17337.5
 17337.5 24109.1 24109.1 24109.1 24109.1 27925.2 16547.6 11247.2 15658.3 18687.4 17726.8 17726.8 26456.1 24422.9 18585.2 18172.6 19424.6 20520.4 20143.4 18933.2
 17337.5 22567 14641.8 10677.5 14190.8 23583.1 22093.7 20296.5 15806.7 13275.9 14360 16729.9 16965.4 19298.1 19298.1 19298.1 19298.1 27566 21081.7 1777.48
 17337.5 21008.9 21008.9 21008.9 21008.9 21008.9 21008.9 21008.9 21008.9 18315.1 15617.8 13182.7 11541.8 10752.8 20911.3 20911.3 27838.8 22453.8 19248.8 19091.1
 17337.5 27622.9 20803.7 15395.7 7701.2 9940.03 10303.7 12290.4 19105.2 16417.6 23833 23833 28773.4 19079.3 18865.4 16120.2 17626.4 16866.1 15041 16343.8
 17337.5 27153.4 27153.4 27153.4 27153.4 27153.4 28437.8 24801.4 21156.9 29043.9 28232.2 22515.5 19119.2 25330 26721.7 25786.6 19076.9 18237.3 18237.3 28860.6
 17337.5 17337.5 17337.5 24476.9 20186.6 19348.7 27569.7 27569.7 26797.1 23547.8 19857.1 11155.1 12699.1 14419.4 14343.9 22966 18668.5 14588.6 24939.6 25678.1
 17337.5 17337.5 17337.5 17337.5 25400.5 25400.5 26516.1 26516.1 13697.5 19310.1 19748.9 25475.2 20363.4 14022.9 20321.8 17056.3 24324.8 28611.2 24246.7 28689.2
 17337.5 27976.8 23532.7 26196.4 12271 21482.7 27627.4 24755.1 20542.1 21604.7 22262.5 22262.5 22262.5 22262.5 22262.5 24875.7 16877.1 9589.84 10946.8 13146.2
 17337.5 17337.5 17337.5 17337.5 17337.5 17337.5 23962.4 20188 10651.3 14301.7 14584.9 19154 18488.1 20969.7 22639.4 20664.9 14579.3 29463.7 24066.1 21111.9
 17337.5 17337.5 17337.5 17337.5 17337.5 17337.5 17337.5 17337.5 17337.5 17337.5 17337.5 17337.5 17337.5 17337.5 24384 17589.4 16817.8 16180.9 17583.8 20593.6
 17337.5 22066.5 21668.5 21021.6 22038.3 16801 21992 27222.5 24777.7 15054.1 14181.8 18811.5 16274.6 12532.7 9990.98 9151.49 8838.16 8963.75 8752.13 7968.56
 17337.5 25742.5 25742.5 25742.5 25742.5 25742.5 25742.5 23264.3 23264.3 29024 29024 29024 29024 28982.6 24573.5 16101 13976.3 17011.8 6489.1 17924.6
 17337.5 17337.5 17337.5 17337.5 17337.5 17337.5 17337.5 17337.5 17337.5 17337.5 17337.5 17337.5 17337.5 17337.5 17337.5 17337.5 17337.5 17337.5 17337.5 17337.5
 17337.5 26601.4 23695.6 22542.9 28103.6 23841.2 29838.1 28902.3 28902.3 25774.9 16519.9 14912.2 14912.2 14912.2 14912.2 14912.2 14912.2 14912.2 14912.2 14912.2
 17337.5 16177.3 13787.1 9818.61 21404.4 15917.8 25401.4 23619.9 18658.8 12809.6 14103.9 16757.1 16977.6 19114.1 17632.3 19838.1 15446.6 26462.5 22443.6 29729.8
 17337.5 28960.1 29622 23550.7 18413.3 18958.4 18958.4 27882.6 21462.8 25745.2 20852.8 16394.5 15407.6 15407.6 15407.6 15407.6 15407.6 25541.6 20093.6 16218.6
 17337.5 29629.1 24457.8 15812.3 21422.3 24184.7 24184.7 24184.7 24184.7 24184.7 24184.7 24184.7 24184.7 24184.7 24184.7 27114.7 27387.2 20003.7 19566.4 15179.8
 17337.5 20664 17927.2 16142.6 24618.9 24618.9 26421.5 27412.1 20624.8 18918.4 11934.9 16823.6 14015.4 24000.7 24595 28451.2 27453.6 20730.2 28795.6 18219.6
 17337.5 24259.6 22176.2 23879.7 27234.8 18860.1 23608.9 2304.72 2304.72 2304.72 2304.72 2304.72 2304.72 2304.72 2304.72 2304.72 2304.72 2304.72 2304.72 2304.72
 17337.5 28471.2 28471.2 28471.2 28471.2 28471.2 16224.6 9517.2 9687.68 14483.7 15238.8 18313.7 15463 29107 29107 29635.4 26943.5 26943.5 26943.5 26943.5
 17337.5 21161.5 10787.6 28443.9 21635.6 22355.5 22355.5 22355.5 28124.2 19155.4 13837.5 14843 13804.7 22788.4 23227.9 22313.7 26424.1 26726.1 18672.2 25865
 17337.5 28015.2 28015.2 28015.2 28015.2 28015.2 28015.2 28015.2 28015.2 28015.2 28015.2 28015.2 28015.2 27221.3 20313 23633.4 18868.5 16408.2 21934.2 29050.1
 17337.5 21500.7 22868.1 15387.9 8773.48 5609.78 5854.21 8247.1 8058.53 11446.6 9438.99 15071.9 11821.2 10198.1 10404.2 9133.59 17524 24297.9 21942.6 14077.1
 17337.5 27310 22519.9 23079.7 25071.2 19034.8 24419.7 28200.2 28200.2 23628.8 25325 15798.7 17644.3 19631.3 25137.3 20400.1 29019.6 29019.6 29019.6 29019.6
 17337.5 17337.5 17337.5 17337.5 17337.5 17337.5 17337.5 17337.5 17337.5 17337.5 17337.5 22416.5 13553.8 16168.8 12520.5 23055.5 19903 18657.6 28093.5 26698.4
 17337.5 18107 18337.9 14954.4 10509.1 7798.1 7095.35 10590.7 11172.9 10215.2 24827.8 24274.6 18890 21416.6 18256.6 17936.9 15955.7 12975.8 20427.4 23732.8
