 135395 181590 203123 170450 179778 170263 136451 121673 110927 118320 125991 115372 90525.7 51194.5 55573.4 61997.9 75183.2 79507.9 65060.5 51911
 86026.6 100242 76015.6 38543.1 38597.1 50422.9 88738.1 122283 168557 186623 150876 118438 179064 182873 176724 146213 118534 100160 118609 127583
 83824.7 68564.4 94326 104795 78242.5 47363.6 34474.8 28892.7 21130.7 13654.1 10008.9 283.195 7.93399e-05 1.85181e-08 5.26357e-15 1.55842e-18 2.04766e-25 4.37156e-29 1.43317e-35 7.62328e-39
 100897 109562 112234 149199 164817 150020 131875 120458 112095 115468 123063 167041 161409 150453 176458 274873 276771 209493 152534 125762
 76125.6 111594 116697 95091.1 64285.4 37531.8 21460.8 12476.9 4306.34 28.3595 1.79778e-06 5.42135e-09 3.42307e-16 4.5591e-19 2.74881e-26 1.6663e-29 1.30239e-36 1.61845e-39 1.38307e-46 6.51093e-50
 110003 140089 160740 149003 117414 115911 105587 97491 111081 96933.2 89599.1 85651.1 73096.4 92478.7 99478.1 92144.4 97048.3 154997 178580 138705
 99558.2 73780.1 66959.6 52199.5 50457.5 47816.7 44312.8 71772.4 70867.1 66638.5 84411.7 103385 112075 121064 225363 299957 335842 288685 201239 120256
 128173 142890 154801 197298 195129 165427 223416 225341 337975 322106 244300 177691 109963 90652.3 95034.6 92516.9 78822.9 79295.2 93186.5 91188.6
 98252.2 73077.8 64454.8 53640.3 53044.8 53369.9 49396.3 62252.1 71139.3 79964.5 102650 108438 150624 168431 179284 203192 186198 172217 128044 178015
 93686.7 93478 105716 80098.8 76877.5 117166 106576 89381.8 99821.5 96390.8 86777.4 74269.5 87334.5 135921 168286 153618 111368 70491.4 111554 133445
 126230 106165 123794 95200.1 66282.1 64413 52434.5 43266 45475.7 54744 61014.3 72977.1 66197.7 108098 144988 131866 106807 110033 114697 123007
 104422 96226.3 82316.9 60752.2 65287 74864.6 68263.6 72579.6 80421.2 66477.8 87175.8 82707.2 71316.1 75118.1 63832 50984.8 113678 153858 121622 121746
 149042 163039 131924 138673 150593 161973 150147 142369 155568 136211 129605 127358 120577 138086 132843 118634 100017 130373 120429 105875
 72788.2 62200.3 48050.1 33659.9 38811.5 37775.7 79517 119250 135702 126325 115904 112101 105421 90670.7 83739.2 193279 230413 160053 125006 106242
 88756.9 70376.6 48838.1 31501 56048 62920.7 73186.7 92490.2 150440 196731 226861 216446 164476 170260 155608 117486 88653 92250 91011.8 76241.2
 114274 102766 130222 119520 104920 88090.2 60654.6 110270 122782 131424 150775 152577 144641 141552 121238 130621 197371 185736 168450 173346
 170939 177447 194522 202982 188251 207185 218270 196325 177508 155243 123360 132489 127588 113638 170327 172237 142971 129653 119736 120574
 101547 100904 138890 174717 204845 222548 178110 109324 82297.1 74748.3 96930.7 95747.6 101329 109893 94178.1 73893.4 77124.8 105585 152642 142247
 111316 136901 128477 132634 143552 117196 86276.8 72186.2 89421.6 85299.1 66842.6 65013.6 73423.5 77637.1 104463 133505 127235 185072 179147 194250
 70807.1 115279 131730 142183 153434 150383 122825 122735 107626 174006 215751 194210 149734 104799 88424.3 100236 108552 88023.8 72357.2 67936.9
 141091 242453 286893 248895 179702 178871 283112 285782 220606 241589 236990 179821 157868 206527 249624 252207 202999 210114 258013 255408
 91874.4 104890 124494 113706 132971 126072 133131 177252 178794 177203 172953 163084 144986 125755 87107.1 61550.1 99497.5 108675 84831 62779.5
 74304.3 77188 84089.5 86680.4 82916.8 80067.4 65173.6 70920 79875.3 79208.1 81095.2 77856.1 88695.9 81672 58043.3 78911.2 109514 137606 135625 135376
 79128.3 64272.1 49027.2 40474.5 30084.2 59166.3 82947.9 74031.1 137013 152079 129685 138938 112262 77572.2 102255 101029 65627 61488 84347.2 82685.1
 110009 91705.3 88003.4 96171.4 106795 146211 197279 215743 191306 315426 381844 321104 232800 269577 256525 172983 274976 296863 287560 277534
 279361 398535 393572 310074 252297 333472 323145 258638 192455 130774 89402.7 126953 141901 166895 132284 96125.5 109377 126304 102568 78970
 144540 243285 286981 230771 201074 227742 191711 196745 206934 179148 180584 157062 121685 86159 81078.8 94761.3 79322.3 84272.4 80275.7 56588.7
 177351 169673 121863 103855 120659 149250 221028 225553 229245 220929 233847 211379 189941 209759 240617 209613 209863 258968 239346 175597
 121331 114346 169238 208328 193929 162507 239910 273446 247738 199783 190311 287162 445821 458758 454470 367235 240415 182841 241341 212261
 121820 129057 134452 220085 251961 261186 226283 206605 222269 190610 169062 149521 146943 206645 186296 177475 190068 243302 232530 328791
 135467 139281 122224 104083 86867.8 85073.9 111128 101015 83391.9 90565.4 77657.8 124256 142234 140938 131509 149309 152761 216107 238607 224899
 105660 109874 131296 116001 127284 106719 91961.8 87372 63001.5 47645.7 38351.6 56974.9 95894.6 129393 132027 144772 122715 80599.4 127202 135280
 87036.5 92386.4 79632.2 67867.1 64852.7 40431.3 22206.2 2437.57 1.14707 3.13558e-06 1.5399e-09 1.64744e-15 2.05157e-18 2.57363e-24 2.70987e-27 2.47691e-33 5.96864e-36 3.16326e-42 4.50539e-45 3.70389e-51
 70528.5 81126.5 59899.5 24482.5 14674.8 12899.1 7021.9 30.1086 2.09555e-05 2.5427e-09 1.9932e-15 1.64207e-19 2.55114e-25 7.52805e-30 8.06743e-35 1.91512e-39 9.46575e-45 2.47092e-49 8.08701e-55 3.71135e-59
 73658.6 63636.8 97291.6 116163 112546 97743.8 82419.2 124253 162808 156297 231500 270838 260700 252148 274881 259195 249033 270003 268802 215807
 84418.8 115845 144459 177650 195749 157279 120267 90956.2 75585.8 64271.1 56334.9 74613.2 82561.1 71867.5 50712 36814.6 44059.6 48164.2 70210.6 101572
 82655.1 87262.7 70875.3 33489.5 16605 12422.7 1389.89 3.11789 8.42969e-07 1.03098e-09 2.8408e-16 3.75983e-19 1.15415e-25 1.45329e-28 3.45915e-35 3.91437e-38 1.98403e-44 1.60691e-47 8.31703e-54 8.76626e-57
 110134 148552 136563 97916.9 213716 248378 171292 110679 67525 62703.8 82634.8 78885.3 70376.2 57986.5 83783.3 78259.6 48408.5 36619.3 28716.1 30706.7
 74787.3 42734.4 36062.1 54109.3 50754.8 43429.8 75597.6 88486.8 68389 121701 158631 140001 138794 161270 143590 135923 127799 88579.8 121595 166179
 123969 134141 117887 109732 165681 163397 237344 219829 184363 191915 158883 156989 196178 181700 145996 131754 110588 198651 211935 195329
 80287.2 48775.9 59161.9 69902.8 55009.6 38433.5 33246.2 40429.6 50974.7 54133.6 81396 103619 117836 103186 78605.4 75367.5 95504.7 127250 150739 124335
 126640 221660 240927 182592 178453 156504 128936 117356 101690 122435 108045 77845 69814.8 82826.2 91195.3 84770.9 96220.8 98770.3 94501.9 93346.7
 142379 106174 90564.2 96838 142192 233348 221835 171108 165698 150048 120019 123679 180242 306833 287391 211225 317569 341827 294538 225949
 113076 131246 108590 95295.3 93103 75194 86270.4 97933.1 125874 111458 148747 183590 148205 119985 120805 95832.3 84472.2 74714.6 51358.1 149516
 98324 110920 102083 69371.9 60454.1 66608.6 129701 153643 127165 128362 135304 98838.5 108283 115947 124344 151904 129219 86603.4 124912 148063
 109068 160138 252426 259862 244989 176271 118767 126373 109125 133510 152288 174213 161219 134679 249998 273320 237611 205745 162270 115684
 137803 161862 166797 164499 149580 241695 259065 212806 162871 115025 98920.7 143967 131645 102455 122768 121321 107164 76314.2 81684.7 95923.2
 83036.6 98924.4 76113 59096.7 63399.8 51179 72060 74980.7 42206.3 49305.5 102318 138155 116686 89238.5 91056 120357 132407 122049 101746 76902.7
 109315 133685 130463 145938 157827 165117 158258 169071 193827 225495 252335 210001 142632 92456.8 82735.5 68621.5 60555.3 73745.7 71887.9 56458.4
 106600 164476 187108 149486 135416 231859 236537 164918 114686 110164 98591.3 93883.2 152194 185365 189672 169085 116069 71371.1 63967.2 92134.5
 68990.2 52787.9 59958.9 72482.2 62679.9 50194.8 113384 136409 108657 93203.6 68595.7 96421.8 164788 178913 174535 234871 232464 207654 275402 279572
 124493 146622 197441 290124 280324 213387 155489 114542 109155 121877 112075 101031 93123.3 79117.8 100077 98662.8 71840.4 102912 106520 83207.8
 91236.1 68604.9 60748.5 142073 176867 155991 141086 118841 101824 126824 142045 167892 170468 119712 99103.3 165239 179214 169862 163473 145239
 93179.7 96534.6 89681.3 121916 134001 123407 136732 163717 165583 118921 93996.7 86075.9 74210.8 104781 112011 79726 69834.2 156869 183399 153977
 156110 171431 169365 163701 133153 125505 146191 147422 182040 164802 131363 99533.6 78311.9 53469.2 54032.8 49246.9 34599.4 25183.6 27798.5 27660.1
 114639 146406 142893 113562 77709.1 51596.3 36022.4 34204.1 25326.2 25162.8 36133 41914.5 54191.9 61684.2 71413.6 75151.5 96090.6 105204 99763.8 101116
 125086 108817 107638 98896.2 73367.2 91467 97094.8 97698.1 73271.5 43176.5 38624.8 29011.9 29549.5 28884.2 44545 127456 160732 105349 68761.8 81164
 58990.7 219880 270576 228954 227626 226656 178126 181211 174106 173831 148117 120544 86729.6 79248.4 67325.3 75228.1 75270.8 82468.5 81582.8 78645.3
 65158.4 67347.8 72514.5 74326.1 55168.5 29644.2 39218.2 38595.2 45212 47282.7 33476.9 22735.6 14416.4 746.874 0.0149488 2.10138e-09 1.02462e-13 6.57396e-21 3.67377e-25 4.11254e-32
 91021.7 83172 60335.1 41265.2 45164.8 38854.5 48548.6 57952.4 151035 162206 128166 106467 117119 110295 89212.8 71485.4 57326 79478.1 83764.5 57815.7
 90004.2 99942.2 94042.5 84141.5 52113.1 35966.1 35386.5 34912.8 50260.2 52283.7 57899.9 57907.8 55966.1 41609 34863.7 48662.9 71435.4 68041.8 79874.5 91803.8
 56700.2 54328.9 39864.6 37566.7 40948 32261.1 28511.1 24103.8 21915.4 25663.4 24080.6 23396.4 23262.8 29832.7 25912.6 25400.1 20186.5 41320.1 67228.7 80412.7
 115448 134465 167267 153409 129238 92351.2 80519.7 79426.7 104089 118055 85073.8 47458.4 44093 41716.2 64706.4 82501.4 78763.7 65731.7 53498.3 50727.4
 65841.8 56313 47050.8 46889.5 43987 33791.5 37880.1 87383.1 114999 84990.3 100906 99958.8 75644.3 67113.7 81984.6 88744.4 78646.7 75465.7 78442.6 95323
 97919.3 83513.1 51361.3 48529.6 56780.3 139668 163830 124103 96085 63678 57566.7 48489.5 31885 41117.3 63539.4 70422.9 72207.6 88806 83002.8 91712.2
 86694.6 59663.1 42167.7 42885 49726.2 44007.9 43273.3 46913.3 56876 106968 118930 126558 145237 153690 145213 142958 175421 193053 147105 133661
 119215 141667 155428 191686 196699 155196 120809 118991 142931 138299 149400 270558 312312 308790 280337 215257 150916 364131 427259 402733
 112171 130170 129228 109035 98622.8 125386 144032 152112 137505 137302 164344 145664 109005 86899.2 95830.4 74718.7 45571.8 67284.2 87971.6 94868.9
 103517 97595.3 111685 102879 85033.7 78102 47351 82686.1 101906 92736.7 117426 105685 119820 113122 86948.3 85026.9 153504 181671 143011 98331
 96569.8 85916.3 49531.2 25793.2 20884.4 22110 31726.1 45926.3 50014.8 61239.5 70028.7 83485 97232.5 90618.6 71148.4 66579 75630.2 79518.2 64187.6 58098.3
 128085 116446 114580 110916 90805.8 80896.1 68399.3 53181.7 50240.7 52148.6 47775.9 56004.1 67464 95433.2 101401 83385.7 89205.5 109511 110346 105711
 117148 127049 151988 141665 125741 125867 102189 86093.7 87724.6 80156.7 89227.5 106473 114798 107978 85073 92857.2 129231 118086 126236 106393
 82474.2 118734 142794 118709 86629.7 84103.7 165566 187130 138589 125824 171456 182585 155157 145341 135512 110357 80875.6 53866 66928.1 88396.1
 121474 130232 115700 105272 79820.5 73893.4 107372 121431 101243 108617 109264 113776 106087 71710.9 55696.4 76075.7 82003 59125.3 40023.3 38024.7
 85923.2 99621.1 101572 86565.2 102116 118955 90310.9 62698.1 76521.3 100393 106315 89452.5 69531.2 111462 124381 124463 127057 153354 194877 167190
 104161 161046 219715 242704 213838 153021 159240 156312 150906 173209 204741 183749 159722 140638 120736 100895 69122.7 82965 79723.5 49749.5
 129968 129663 136246 143833 115116 102167 106390 96233.5 74148 64248.8 61140 92771.3 115321 129214 169446 163848 152538 151627 152138 143529
 108155 96912.6 72987.8 74872.8 91563.4 88050.6 98080.8 112029 96987.3 87152.9 93171.3 91094 88003.6 93221.4 102700 93535.2 76902.7 91911.6 116204 187501
 90117.4 85702.6 137026 121185 137761 139306 185859 188458 135245 99226.4 135065 128054 230313 249611 198040 163943 199715 196062 144313 187922
 110743 120913 127237 121399 89609.2 89170.5 103620 112848 193226 193298 131055 175041 189523 161831 199241 214272 184589 145337 131014 117002
 114605 113596 106325 84392 73212.9 131629 185929 201513 171074 126590 93138.2 74188.2 83934.9 82763.4 80437 96611.8 100805 94479.6 104217 150500
 99022.1 76164.7 48580.5 42387.5 56218.7 71434.9 74383.1 66273.6 77105 91574.1 90887.7 141809 135463 109333 122192 113597 142241 137767 103558 141837
 111800 103423 108463 103929 90762.6 68286.9 56025.4 70275.8 86486.4 107858 172940 168288 157918 205114 209092 178313 157860 146238 121332 86670.9
 101786 155935 213280 224781 301313 272600 198868 158441 116758 105871 122184 157067 162607 154309 144629 134314 105398 76810.6 96042.3 220311
 104134 107263 96007.7 89995.3 81394.8 59337.8 49905.6 50857.4 51411.2 86002.7 92448.9 89819.3 106251 93349.5 57382.3 103613 144844 133628 105137 91781
 107049 92498.9 128692 147014 175211 175937 181568 185930 186979 187129 159801 124992 122276 117268 149595 146793 135744 122555 109655 109923
 118448 104926 140284 140730 143605 143853 141120 125272 170510 202599 184218 272177 284692 244071 207743 209076 223875 253611 276954 266844
 85053.8 65601.5 42231.2 43285 42452.4 40082.9 50334.2 54993.4 54571.4 60219.2 63020.2 54881.9 45145.2 63748.6 73366 110751 164829 143349 96807.4 76230.3
 144530 162202 143889 122159 131245 129758 89939.3 102044 117201 100057 77872.8 86912.8 83565 69768.7 109733 144161 130459 114875 91887.8 97942.2
 81773.6 86103.2 69616 48976.5 39107.9 67435.1 89705.7 82115.4 80820.6 56515.6 48817.9 97018.1 124930 85936.2 67570.4 53715.9 44283.1 55678.9 74703.1 81640.2
 83273.3 155793 173419 135434 101688 126912 121157 106646 110338 93083.6 86574.6 90449.8 75412.8 81569.8 95628 101560 124982 160234 160596 172908
 98086.3 82561.3 56496 54518.3 68866.8 116666 128496 136765 182701 204212 158844 118026 113218 119274 169833 181971 290893 346623 301589 255902
 139633 159192 144251 108852 89818.2 145678 188624 227791 199369 133278 89720.6 105792 80644.8 72063.1 61213.1 58256.5 69076.4 73255.2 117608 136254
 134858 148760 116173 111653 105121 120175 115926 139793 138799 106389 74519.9 47212.1 40732 56876.4 65364.1 60371.1 54508.5 64565.1 63717.5 54730.5
 82970.6 111451 128283 128048 152544 156496 126692 96462.4 68231.2 93582.2 129031 108228 66374.4 67737.9 102997 118321 108283 115377 108576 94701.2
 132680 138930 135474 112193 116739 121727 183078 227674 229375 196904 141475 111868 236577 272453 242782 213255 178270 201087 197160 197486
 122502 126547 162834 165546 163222 193789 247281 229448 204232 231104 217080 278080 350062 340249 289939 220396 177064 150673 133095 148346
 82690.5 75061.3 107721 95647.8 98263 95259.7 58845.8 52249.5 69840.6 91281.1 84365.8 78488.8 67966.3 81370.3 71608.9 51188.8 49631.4 50633.4 55656.2 73893.8
 110157 107597 80985.4 66970 46413.4 39611.9 56937.7 64378.4 52033.1 73637.4 78891.2 102586 112456 174738 209394 175862 156632 161891 133441 105060
 97607.2 173573 269975 284364 208870 163161 124081 82474.5 62538.5 47508.4 48046.5 45483.9 76406.6 99012.5 139417 150088 189380 172543 130447 187486
 89010.5 75329.2 103907 108354 101999 110556 122870 114529 126641 124864 108949 96823.1 80252.8 88007.8 165477 210209 175847 126296 92388.6 88399.5
 104576 114903 136799 155315 125917 79129.2 80872.8 119790 125510 105320 70072.9 53194.1 44490 119042 181610 170345 114990 126510 148161 121643
 96254.5 73207.2 64536.2 61863 69342.3 102382 104331 84526.7 97038.8 91298.8 149408 173452 149563 114485 84637 67088.1 80589.1 111091 187563 202612
 146185 178408 180784 238301 290428 272913 212045 150112 131622 156384 150318 123489 78714.3 64236.3 135088 173498 142433 108592 94600.9 138899
 106561 136095 112071 139788 159668 184940 174373 187078 171570 203415 242981 198901 140341 142354 196501 188491 138742 120804 125958 172071
 80552.5 106761 127174 182372 197984 165279 159579 136015 143566 123718 118677 173556 161382 105158 161348 196633 199075 157110 109191 103451
 140168 157355 141460 126361 132313 151587 126800 103434 91803.6 68807.1 83162.4 89648 85616.5 87362.8 100430 87167 94266.5 115013 117490 121422
 89738.7 87307.3 89534 86892.7 102305 118270 111049 105683 134721 194341 186582 160520 192880 174724 140054 176620 181939 139249 116567 114384
 95350.7 87266.9 104358 124621 132363 111793 83413 70057.4 58455 92894 116242 95248.1 100236 114963 94915.5 89869.2 103282 142573 168764 134346
 81196.3 74577.1 55690.2 62462.2 73730.7 106925 104885 67936 67155.5 90432.6 82114.3 134244 170860 142805 119460 114271 113713 113504 116304 107829
 78947 114939 131406 165560 185079 163971 126591 114398 136471 137584 119715 109161 77713.8 85718.7 83310.3 76225.6 95510.4 96623.7 82737.6 60065.8
 166647 173788 205899 227161 184353 175916 248822 239954 171484 113673 103448 93105.9 63318.1 40242.1 68913.2 123317 115597 155951 223506 238369
 70824.2 91081.8 118462 115102 97866.1 92309.5 169759 174954 120163 150180 151879 115668 102821 140782 135876 155041 152148 122723 121615 137190
 93479.9 96754.6 113494 101548 73993.6 86868.4 82192.7 75660.2 69777.1 55530.9 52209.8 37490.2 26556.5 43102.3 53060.2 56282.6 71561.3 63407.8 68169.7 79522.5
 94451.6 117535 162353 163233 121075 99238.5 135669 139444 104213 128285 111300 95059.9 75425.8 73342.6 93700.2 127197 152036 138939 177693 184202
 102868 96686 117873 119801 117432 101295 111424 163651 188284 260360 257538 228573 187299 153210 142709 124904 102425 107972 111299 129763
 81021.8 86959.7 63755.7 44919.9 57635.2 72299.3 68964.8 62220 51401.7 42555 46156.9 44880.4 82681.8 108137 107764 132896 120960 92257.1 70497.3 47609.2
 110859 133486 135282 146671 150027 161685 158125 195780 176268 121428 84063.8 109851 114165 113396 91243.2 121668 141614 123763 112373 118625
 123553 183983 198447 191840 184937 167559 125282 122088 110700 87947.2 139025 147472 105488 78210.2 58735.2 75444.2 91650.3 87011.4 80292 65275.8
 117408 127566 138596 135468 185052 187090 205215 227281 191677 142976 147213 170859 165415 212780 310491 305628 258830 222482 188661 231747
 123040 179303 349224 368530 285855 211021 147383 130514 118234 92447.7 86939.3 67880.4 70168.6 79164.3 65522.4 63645.2 82562.2 103952 104629 84946.6
 114430 124477 110819 96849.6 98570.1 91796.3 124593 125057 119783 196545 230239 186794 133447 93258.8 86233.2 115454 110683 89316.4 127578 167411
 82256.6 103673 107665 112807 92949.4 98765.6 107244 78945.1 66795.1 74139.5 80931 102919 120456 93861.1 85295.8 90287.6 92164.7 97770.4 63385.6 62941
 273073 421474 399582 333495 262529 223945 177841 157531 152269 138458 173689 299063 334547 264197 203165 161351 158027 143664 144549 150915
 66389.1 224777 272437 203389 126867 82836.1 57132 194399 249246 242329 223506 168071 163384 171714 140794 130222 207975 220552 183508 167992
 193280 216731 178533 156583 122852 109605 90303.3 91079.6 115907 211522 260750 336958 290571 303103 273922 206979 172298 128199 130636 132981
 67843.9 75202.2 77897 91353.2 100061 161321 149173 137194 111478 117845 131967 120179 98823.9 108414 90732.2 64189.6 68603 70424.7 54261.6 71443.2
 103109 89702.8 66044.2 85502.5 98769.9 102345 97302 83660.3 64724 46743.1 36286.6 39824.4 37113.7 45647 52926.6 61901.4 52868.2 36291.7 53812 59545.3
 61850.4 66936.9 117679 140921 143681 165567 150278 127432 97800 104973 97990.2 85576 76921.1 79431.8 77623.1 133815 151328 127616 136256 134348
 96976.1 84791.9 41141.7 45812.3 67053.6 66003.1 88085.2 162724 168924 112237 91222.4 90165.7 85549.6 113601 136632 116336 86082.4 67312.2 73951.8 76172.8
 90894.2 102637 167179 175506 152463 135568 159170 194246 166550 145204 142394 168549 163347 133087 142907 147427 153304 134491 104815 112429
 82137.8 107316 125756 109728 197598 212520 161549 108870 75107.4 100460 109989 87565.1 64008 66887.4 80744.2 142281 153252 119605 95313.6 95375.5
 157203 188088 219711 199206 193476 181480 143808 149087 153307 181612 167852 146855 113107 109493 94882.4 101539 94253.4 104338 122815 124455
 126213 128863 107693 120708 160242 154397 107990 90777.1 82109 78118 116772 138478 133377 119384 88792.4 68281.9 65358.3 78857 80799.2 59897.6
 113888 129082 108003 96020.4 95031.1 91706.1 78706.8 68581 55988.8 84650.9 99508.5 73099.9 46176.4 71642.8 145812 164011 131521 111978 127429 132678
 74247.7 74418.4 97698 117592 110470 88938.1 74846.3 115132 149769 158696 191082 179515 151958 129524 151093 133092 132765 136715 114207 97334
 74109.7 92751.7 106749 89377.4 77291.5 75036 78626.1 80085.8 104260 99347.8 142433 147834 115216 100274 94492.4 112756 112831 116145 157829 174114
 78755 71882.1 88984.4 110337 145033 133409 116594 128264 115623 84122.1 132014 149870 103462 83988.7 128154 142027 110675 98901.3 119472 119733
 75010.9 53838.1 34508.8 34940.7 40460.3 46785.8 79184.3 123335 155936 171667 171312 140153 179625 178763 184364 180961 141016 105372 108289 101396
 56070.6 86875.8 90613.6 63823.5 46554.3 50023.1 52817.8 52498.1 73065.5 69892.2 88966.1 83051.5 84446.6 110971 108822 98182.1 141718 122116 155936 152851
 68305.1 53946.9 39105.2 42630.9 47673.8 66514 74761.9 84772.7 117344 121992 88981.4 61378.2 39808.6 60793.2 72555 59955.6 44671.6 55121.3 74775.7 113306
 148899 179389 193344 245034 236252 250979 224803 185586 211431 273175 259851 245689 254966 198294 132146 124325 183432 213921 210497 171164
 91965.3 105482 84760.9 70816.5 60198.3 45747 33648.5 47346.1 69678.9 103670 152579 152821 151507 151646 107207 66958.8 56831.8 52400.4 58935.6 67114.5
 81758.5 139935 132104 84123.7 57428.3 91245.3 109628 129733 103467 92010.3 92512.7 83744.6 87589.7 76424.2 66490.5 57767 75612.1 68626.3 53916.2 57140.4
 101427 115556 126104 120141 120230 117691 105990 73531.8 44188.7 30986 35666.9 59786.1 65577.3 62342.4 98358.4 104043 101945 87972.3 89056.5 88244.2
 97627.7 94874.7 92668.8 109761 129576 108762 155277 165983 137694 135082 139772 133913 132963 104891 83666.7 109822 123744 112205 90424.4 103548
 138798 145366 152455 177254 188783 192678 158031 165500 196171 207445 223311 207944 281709 343292 339324 276063 220001 214423 260649 247196
 148838 137144 105790 74024.8 54367.7 47321.1 60133.4 51997.3 71469.7 99738.4 140469 146416 118120 130774 124027 101933 171968 278157 243470 165360
 90933.7 94531 87794.8 103210 109949 114773 108781 106502 107625 98014 74221.7 91588.4 138909 147841 125715 151597 182802 160107 117638 98880.7
 130996 136134 149697 162066 145554 108579 98649.5 171070 183838 128440 83442.7 79731.7 77691.6 60856.7 62308.3 91752.9 102918 78950.4 54579.3 47886.2
 104363 93726.5 81162.6 65773.4 76564.4 73446.8 69578.8 96784.4 102167 80795.5 105125 122629 129314 125573 95644.5 80629.5 66342.3 103926 136841 116937
 103189 103811 89692.6 82879.2 90402.4 156997 159761 126230 100299 79483.5 75642.9 86333.5 83026.1 94962.3 102953 91030.5 85903.7 66711.8 80601.6 158273
 95542.6 108626 103559 93665.6 106053 155549 149823 107533 82802.7 79186 75101.6 73005.2 82920.9 73429.5 86768.8 122746 108027 86140.4 73044.5 58872.6
 99470.4 113988 111630 83715.7 48908.5 98921 139748 138532 120768 99450.2 91359.4 75968.3 75961 83669.6 75721 111991 107408 86836.3 99063.9 101064
 127178 127312 109016 84369.6 111602 109022 66641.4 58837.1 69285.6 78188.4 74469.1 105564 108538 87715.1 84924.9 69348.6 70322.5 68299.2 63529.8 66194.5
 91516.2 100042 143223 176497 145321 119748 131240 103814 147601 163916 119181 136063 177026 157907 121107 88732.3 93895.3 85480 77352.6 67083.2
 146269 222338 202426 139715 121067 132262 250193 267910 215341 156401 108458 104700 148653 132243 96747.2 69346.3 49207.1 43162.6 35404 38018.6
 55729.6 72471.3 80508 53415.1 28151.1 30819.2 37057.9 38338.3 42660.4 53271.1 61913.3 58114.5 61646.8 75347.2 77427.1 60463.3 40593.8 73385.3 105497 95017.2
 99980.8 87594.6 111394 87656.9 89647.2 82468 54770.6 51318.4 51634.7 34256.4 33069.3 64742.4 79917.3 117691 125204 105024 91947.2 88434.1 74569.4 62232.9
 72968.8 63349.4 69991.8 101004 111334 92579.2 74952.6 72060.8 67631.4 49361.1 67231.8 136209 176476 142305 112882 139084 158292 140990 110469 104911
 120811 126388 119896 94293.4 68642.4 52292.6 69073.9 107347 128045 108972 96573.2 85029 79383.3 85560.2 86210 79512.1 73906.1 93615.6 100120 113620
 151090 181612 149581 123003 109957 103603 127481 158178 149933 123393 101081 83862.6 127175 137058 113586 91148.3 72804 71117.2 70868.1 77254.3
 81055.2 100514 97369.1 127745 152623 138938 177972 201017 165534 150908 174182 177153 146300 134318 170031 209932 194407 143615 135625 135149
 66915.1 194214 265353 282031 239629 214626 175972 159808 158925 157239 145917 108799 70698.2 71717.2 76487.3 63300 45746.2 51180.6 65249.1 80945.7
 89370.8 112336 141552 139838 153085 155997 128446 86603.7 47566.8 58480.8 63949.8 47609.4 42178.1 54888.7 58213 64128.3 94108.2 100776 73901.9 48544.4
 84922 104723 107130 168547 197800 161292 252269 289844 228918 176218 145454 184000 193504 208005 207692 234229 227090 203448 208323 186299
 101093 165728 189051 198631 175040 160628 146648 142874 133784 134155 133090 143014 133424 97675.7 91974.3 88957 69079 51516.6 43151.3 30520.2
 141449 147533 127731 105681 104000 118479 137746 114801 84374.7 68124.6 49847.3 44920.2 72936.1 76939.1 73918.1 87987.7 95249.2 126752 116603 102507
 122575 206190 219704 174666 139327 105442 111252 107592 93546.2 99248.1 150414 156175 175435 183545 183054 241433 249937 208844 166428 167595
 77945.4 64048.9 37760.5 35493.2 39517.4 47886.3 66768.8 75863.2 102815 174164 225562 188854 142171 141399 119089 106149 87885.5 68635.1 55726.1 62760.9
 98144 109669 109895 119314 123433 131176 112587 78574.6 65813.7 57124.9 59204.8 58480.7 59808.1 57354.3 55008.5 59665.4 70340.1 59887.5 77384.1 73096.5
 109262 114176 122342 143398 174738 155022 126522 109601 100805 86512.1 73793.5 110056 100148 89267.3 95355.9 118499 116668 99018.7 107714 103299
 87736.1 103860 91480 70874.2 82756.9 92216.1 95857.4 89451.6 78911 63247.9 56511.4 107993 149923 174492 192421 186681 162169 170561 151564 166568
 90234.9 117788 150493 171314 161217 140361 123251 100079 106783 148651 150006 157215 144096 135353 128975 132559 141495 126633 134075 215977
 76595.3 112653 130044 109528 81320.4 63157 43857.7 61554.9 77826.5 76656 146302 146501 109987 88513.6 79700.3 89099 110994 100588 85123.2 91389.2
 85427.2 58666.6 39513 40934.9 80935 101040 80192.9 62368.2 48000.4 52709.8 67202.4 79992 127018 181872 215451 202818 148632 106559 78970.8 88020.1
 83452.4 123620 142896 170200 194664 189907 145331 105693 76277.8 56808.1 46857.4 43404 39219.6 109434 185795 182937 152562 118790 111522 119465
 81156.8 79468.9 54486.2 34591.4 44460.2 49611 42802.1 69366.4 87364.6 112760 147344 130382 91795.8 75469.9 84137.8 77098.5 82782.4 88660.9 80160.5 76745.4
 92184.4 131916 160150 175245 136206 108550 99927.4 116599 119223 110941 115271 94983.5 99782.9 130765 134285 105349 83662.9 155114 177931 153213
 92510.3 90139.1 77624.7 78982.1 79146.8 108195 131970 117789 98316.1 79075.7 54490.1 44469.1 58966.6 61646.4 98949.4 97359.3 70589.2 110047 144263 154339
 116008 108243 123278 108397 128264 115190 102399 73922.1 75420.9 103004 111957 92948.8 70722.1 101450 106970 144118 168595 160177 172692 246378
 96402.8 88171.8 94593.9 77182.8 88418.9 126447 125911 99873 106618 116259 183048 264778 264067 198575 127427 89716.1 58180.2 43562.9 54671 48071.6
 97583.6 95419.7 100097 113520 100058 73333.6 64527.5 47805.4 62637.7 75100.4 77353.2 83329.3 93153.2 106092 101423 70796.1 145865 174118 105107 57979
 200159 207923 151057 138037 138754 119812 125570 211532 224631 193450 196040 172561 121283 81443.3 82975.9 78486.5 78407.6 89371 98381.7 118845
 71531.5 69940.9 65305.7 75976.5 64735.8 65952.2 94227.6 86679.2 66306.6 49932.8 64107.4 65086.9 40930.2 31255 24470.8 20233.9 22881.3 18260.3 14841.9 1946.49
 88212.3 150891 141415 98502.8 112919 140878 106489 108877 119770 151028 159413 185771 156756 107704 73152.6 52046.4 52325.1 56612.8 74973.1 87463.2
 114637 182240 179027 252881 337969 274963 179675 134909 153712 207098 191516 148756 137329 116169 187309 197453 173521 175019 148017 133677
 96347.8 91369.9 87111.1 110371 113024 128547 131351 136303 104983 84312 80959.1 140810 195438 228773 186494 200971 201576 178021 139744 116755
 56542.6 51521.4 41317.2 82214.2 88541.2 98851.8 115270 99180.9 63371.4 64167.4 73915.1 80025.9 104779 106244 96755.8 86600.1 122081 132113 143496 140977
 102601 94211.1 106303 87521.1 92416.5 153107 148879 104182 105749 109472 85494.8 69190 178010 223270 205927 175794 131043 106087 98892.1 77614.4
 77298.6 87360 65597.9 91256.2 109417 162784 190058 176509 169526 158130 138024 125278 126542 140020 121857 128900 106310 80561.2 76801.3 94253.1
 63048.6 66134.5 60245.9 86902.1 120511 102657 101637 92193.9 72922.5 55906.3 61653 59397.7 108358 126518 135396 145630 111535 119793 121146 113750
 100230 89275.1 111948 118215 89928.5 97281.6 121556 129888 133291 148811 141588 193930 249537 220059 172995 174120 178513 164497 158439 148311
 121649 171644 177915 166929 124915 68253.5 42354.3 40227.5 59744.6 71557.6 73283.3 66899.1 142387 193372 152499 176338 206844 230312 202156 178540
 75396.8 54078.8 128502 142141 103989 133638 165730 137195 102918 70730.1 64069.6 58114.7 103992 136762 131391 147187 150505 110053 103680 86172.7
 88863.4 200073 225815 165028 399589 521091 415675 294110 193305 123636 143229 155096 123035 84203.7 76166 94671.8 78081.2 104761 175943 259172
 75339.7 69087.4 59376 34562.9 22772.6 17322.7 31478.5 39553.3 43816.6 50929.3 64404.4 58673.8 38019.9 39399.9 42234 77767.7 152620 153497 101149 79848.3
 88240.4 87056.1 87823.5 93585.5 86159.4 100450 149183 165242 129744 115148 86416.1 62757.6 77541.8 111947 112567 127651 161779 201129 217387 199049
 92815.8 105647 218037 237330 208832 207396 192074 148339 127430 105383 76355.4 62929.7 64532 60025.8 96784.3 117448 111031 190635 207310 156055
 70888 59597.6 52833.7 44168.8 33752 28809.4 41444.3 50583.9 49530.4 112443 138570 112089 107580 115458 106494 85997.3 66260.8 101878 138669 127712
