 32541.5 47839.2 65842.4 68143.6 53384.2 60551.8 51790.1 38200.1 34411.6 31574.2 36243.8 37455.9 25331.9 10844 6530.87 13583.8 16089 20661 18871.5 13562.9
 28080.5 18243.1 20302.3 7813.92 4078.86 10561.2 16256.7 28797.7 37187.3 53642.8 54040.5 33371.9 30932.8 60759 51726.6 45707.2 33523.5 27340.9 24939.2 34953.7
 27861 13587.7 12879.1 26173.2 21252.2 9998.69 4297.46 4543.71 2839.28 1315.75 0.000270097 1.2316e-07 3.27647e-14 8.68272e-18 2.1151e-24 7.30732e-28 6.60947e-35 2.04978e-38 5.896e-45 3.57469e-48
 29507.7 24551 25919.8 31904.3 47445.2 48941.6 40505.9 33795.1 29956.4 25703.6 28161.3 34774.7 47090.8 41414.6 42491.5 61959.1 100777 85879.2 54890.9 34321.1
 26190.8 17029.6 31857.6 24162.2 12350.7 6680.84 1950.3 166.431 2.99369e-06 1.51069e-08 3.10298e-16 2.93335e-18 5.18939e-26 2.4668e-28 3.59309e-36 9.01582e-39 2.9561e-46 8.75694e-49 3.48104e-56 3.52276e-59
 30977.3 33910.8 47754.3 52443.1 43249.5 31590.4 33286.2 21964.9 18381.6 24733.6 17719.5 18837.8 21150.1 19707.1 24978.8 25100.1 21055.5 29862.6 51693.6 45490.4
 34004.2 23136.3 12762.7 9441.83 7346.47 8336.46 7803.21 12180.9 19079.6 14865.6 16678.6 28185 34079.9 28988.7 42897.2 87415.3 111946 116872 86639.7 48521
 39654.3 41326.7 48136.5 55877.1 71131.1 63715.6 58837 83797.7 90659.9 133390 110019 74549.6 48211.9 25504.6 24116.7 22833.6 19140.7 17892.8 20522.4 25554.4
 37171.5 22088.5 9769.4 8881.12 12132.1 11414.1 10407.5 11686.5 17970.1 20340.9 22750.2 28880.6 38018.5 60422.7 55978.3 53972.8 61651.2 51892.1 43461.2 38990.4
 35820.4 19918.4 21210.4 21496.4 13904.4 21198.1 32461.8 24378.5 23097 24565.3 20532.7 15997.2 17217.7 28995.1 45175.6 47826.3 37554.1 19159.1 18079.7 37951.7
 40878.6 36068.7 26475.6 26297.5 13593.7 11758.6 13727.9 9146.32 9086.6 11545.3 15039.1 17339 19737.3 20351.5 38932.7 42250.1 32218.9 27361.7 30796.4 34022.5
 30988.9 28141.5 18223 8698.78 10021 18599 18513.2 15585.3 18458.9 18471.2 14343 23582.6 18829.8 18230.7 17912.1 12573.7 15650.4 42403.7 42915 29747.1
 40769.5 50402.4 51361.9 38193 45310.2 49694.9 52660.1 45937.8 45360.6 49699.8 39661.5 39243.1 37790.3 33437.9 36154.7 31909.5 25415.3 23291.5 35714.9 28436
 28425.7 9320.33 8218.88 6569.03 5268.65 7801.45 9043.16 27497.8 34219.1 33722 28192.2 25651.2 25984.2 23402.6 18894.3 25316 76594.4 74538 40429.3 28915.7
 26932.9 16041.5 5963.06 6452.75 8429.29 14698 13691.7 17784.1 26505 49842.3 66451 74249.1 62839.7 44115.4 49958.6 38579.2 24246.4 18513.5 22966.5 20731.6
 36331.7 29288.8 25337.4 36174.5 26964.7 19888 13167.4 14069.5 34387.4 31859.7 38212.2 43198.9 41988.7 40260.3 40790.7 32665.4 38351.1 66517.2 57615.2 59333.4
 41919.4 61496.2 61340.7 68942.4 69364.8 64578.7 74680.5 75140.1 63766.2 56369.1 45824.5 36298.4 36901.6 31200.3 37462.7 58407.9 51342.6 36647.6 32923 33968.1
 34785.2 23957.4 26457.6 43524.9 56535.2 67245 66133.5 39799.2 18748.7 17677.3 22068 28626.8 31557.7 32663 26114.8 21246.9 17586.9 24694.4 38520.3 47962.6
 33302.2 32780.8 36685.5 33563.8 36922.9 36878.8 23728.5 16043 18147.1 23133.1 16732.8 14087.5 16428.6 19620.3 23497.9 33872.6 40087.9 43389.4 62946 56793.4
 22235 19466.6 37257.8 41452.6 45641.8 48795.2 43714.4 33935.9 34260.4 34972 63775.7 72526.8 56415.1 36673.4 21764.2 22538.6 30150.6 27303.3 19716.8 17669.2
 35178.1 55756.5 97807.4 103668 85843.2 67778.9 79862.4 123479 109848 84195.8 99083.7 90316.6 65024.9 65261.1 90612.6 104171 97514.1 77622.5 88845.2 107937
 27368 21407.1 26451.2 31878.9 27461.5 37102.8 32615.6 40463.7 56509.8 53117.3 52755.1 50017.9 44842.6 36621.4 25913 13568.1 16214.1 29345.7 22979.2 17110.7
 23803.6 15430.5 16388.1 17169.6 18609.3 17230.9 15107.2 14622.5 19618.6 21032.5 19999.7 19509.5 21564.4 24287.4 16013 13460.5 26832.8 35530.2 41840.6 38855
 24238.5 14806.1 7865.56 6765.68 7065.03 9010.12 20322.1 22209.5 25430.9 49231.2 42695.9 31578.5 34462.5 22953.6 19951.2 29705.5 22035 12993.7 17591.3 23201.9
 34615.9 29431.8 17236.4 16992.4 25488.5 33163.7 50914.4 69288.6 69761.8 74367.6 128406 138382 100459 77390.8 95058.8 77788.2 60611.3 105348 105939 99158.8
 58640.8 129926 162106 140697 104927 102035 130065 114362 82468.9 55415 32506.1 28989.6 44398.7 46737.4 43176.5 26817.2 23696.1 34224.2 32759.4 22244.6
 37867.7 59784.3 99250.3 102249 74873.5 71355.3 79017.3 61193.4 64046.9 64499.9 53931.2 53467.6 37246.1 23386.6 18724.9 22923.6 24810.1 20011.7 20389.7 13413.2
 44498.5 62377.1 50467.8 38402.2 43650.3 52488.7 69098.5 95873.6 92252.2 92410.6 90440.1 93884.6 82137.3 76999.6 89743.7 97433.2 82534.8 89665.7 107699 89723.4
 45050.9 33305.7 38360.5 63947.8 73419.4 61586.9 57564.1 94821.2 98446.3 81385.6 63778.8 72548.9 125720 183678 173624 165334 111988 58897.8 54753.8 78066
 46127.8 31465.7 35429.4 44955.4 77672.8 84471.2 82812.2 66391.1 63711 67770.6 51541.7 44453.3 40139.1 47408.4 65970.3 54049.9 55102.2 64753.5 85211.1 84768
 36607.3 37794.7 30563.4 26504.5 22120.5 19616.9 23606.9 30586 22992.1 20779.3 22451.6 22239 41161.1 38549.8 40938 37883.2 46445.6 48682.4 77523.3 73687.6
 28697.8 30241.2 33425.2 40600.6 27532.1 26825.2 17408 16635.5 15434.2 9129.04 8812.62 8682.34 18426.7 31033.5 38360.2 34475 36879.8 25750.1 21374.1 41954.5
 21572.4 22764.6 17074.5 10373.5 12201.4 7583.37 21.6729 2.06781e-05 1.31956e-08 3.47942e-14 1.78432e-17 1.69807e-23 2.37757e-26 2.70115e-32 3.14041e-35 2.50969e-41 6.91735e-44 2.83111e-50 5.22141e-53 3.65656e-59
 19120.2 13150.2 8160.76 2619.21 929.183 506.459 0.000458639 1.26447e-07 9.22611e-14 1.15922e-17 8.75123e-24 7.48541e-28 1.1415e-33 3.42955e-38 3.66887e-43 8.72239e-48 4.29108e-53 1.1255e-57 3.65502e-63 1.69135e-67
 15780.2 9680.14 10171.1 32120.8 35717.9 31891.3 24872.4 20583.4 37219.7 49348.2 53050.4 94103.9 100223 92512.4 91978.8 101475 91070.8 90572.7 100342 93403.3
 29547.6 18026.6 31227 43018.4 56123.7 57377 36602.5 23565.9 14356.4 11008.9 8698.71 11606.5 18690.2 17661.3 13862.7 6279.85 5721.13 10107.8 12415.8 21967.9
 26098.3 15043.6 10762.3 3721.63 1525.5 27.1594 6.08977e-06 1.92078e-08 3.95412e-15 6.38137e-18 1.34033e-24 2.3272e-27 5.63059e-34 8.9953e-37 1.53292e-43 2.42286e-46 1.0718e-52 9.9459e-56 4.5362e-62 5.42598e-65
 28640.9 34378.5 49366.5 36625.1 28094.5 78598.6 75350.4 35673.8 15571.3 9459.71 17369 20924.6 18443.4 14319.2 12417.2 23908.3 15494.7 6497.19 4434.78 4598.12
 28147.8 10320 5152.55 9208.2 12267.6 8694.48 13013.2 22142.6 20753.8 20687 46717.6 54686.5 38545.1 36666.9 43777.8 36012.7 34620.4 26316.6 21174.8 41735.9
 27916.9 40820.7 34976.9 23609.2 30122.3 51645.8 53029.3 81026.5 63585.1 53538.4 55579.3 41721.2 48054.7 61293.5 48529.1 35482.1 30324.3 33451 71607.8 66962.8
 27155.2 12221.2 7635.39 17641.9 16253.7 8730.35 5445.54 6779.53 11149.4 13700.1 15817.2 27145 30465.7 31505 22845.2 17448.8 21919.8 30396.4 39860 40300.2
 30176 46534.3 87044.6 80539.1 54357.8 58391 45300.6 35912.5 32131.6 24235.9 28969.1 21355.5 15614.7 18420.5 23737.8 21351.3 20135.5 28160.3 26310.7 24093.6
 48086.7 40796.3 22413.6 20611.5 31636.6 55337.7 84507.8 67052 48499.1 49681.6 38817.5 30623.8 41849.1 70150.2 112390 85703.8 67693.8 121197 114616 88781.3
 35389.7 33996.8 40001.4 27438.9 24921.3 16828.6 12681.8 25469.3 29255.9 35026.9 30394.8 49831.1 51162.4 34679.9 30971.3 30486 20230.5 20623.2 15444.4 18474.3
 35085.5 22528.9 23920.1 15134.6 9197.4 13642.4 21304.8 45777.5 47807.2 35478.8 35336.3 30122.8 21155.9 29504.2 31313.6 38116.6 43292.4 26406.9 20667.8 40650.4
 39128.2 29601 54841.3 88832.8 82282.6 70436.6 37880.4 24074.6 29229.4 27566.2 39251.8 42252.4 50080.3 39658.5 43436.5 94401.6 89094.6 71357.5 57764.8 37346.6
 38765.1 47699.3 56069 55832.5 53116.7 57514.4 95846.9 89943.9 65783.6 45465 29528.5 32310.1 48285.3 36575.6 29920.5 33772.8 25228.8 19276.4 14560.2 23105.1
 20436.2 22030.8 26032 10002.5 6580.53 11033.2 11710.4 17272.3 11150.9 5826.18 15323.5 32838.4 35238.7 23039.6 17875.3 23612.7 34205.1 32733.7 25956.4 17137.2
 28300 28325.9 32214 33245.3 40723.3 44480.4 46185.6 43486.7 50941.3 62252.8 75370.1 80769.7 54337.4 27237.6 14391.4 15742.2 12798.1 14683.3 18863.2 14250.1
 31409.7 31698.3 50224.9 51500.5 34460.1 42250.1 80347 66310.2 34375.7 23495.5 24108.6 21130.6 28916.9 50008.6 55438.5 53679.2 39638.8 20347.1 13107.7 17769.5
 23279.4 8928.12 8226.65 14946.9 15215.3 10181.1 14396.3 36908.7 30981.2 19866.3 16335.6 16647.2 33260.8 56199.9 56261.9 59149.7 83964.1 74805.2 71550 101866
 22580.9 42829.7 51991.8 79046.2 111741 93575.6 62972 41991.3 29900.4 32184.8 36197.8 30039.7 26179.6 16891.9 13870.4 25223.2 19088.3 15723.9 27043.5 23121.9
 32608.7 15159.1 9287.27 18771.8 57004.1 61547.4 49418.4 43838.2 34270.9 26341.7 33494.6 38555 46304.7 41275.6 24799.9 29669.4 51802.4 48561.4 45591.2 41464
 30696.8 19059.9 17835.4 18905.8 33706 31085.3 28395.2 36645.1 46527.9 40818.9 21820.3 18535.9 16704.6 18297 28920 23625 14452.3 22073.6 60643.1 60416
 33208.1 55912.8 56694.5 54916.6 50101.2 37560.7 39267.8 47940.3 49202.3 62433.9 48598.4 34903.9 16179.5 7984.54 7810.13 10790.3 5520.11 3017.32 3278.53 4439.46
 34750.8 35260.3 48654.4 41150.3 27182.8 6781.03 4497.19 7266.91 5017.82 3283.75 4856.63 8647.82 10316.4 14788 15967.5 17732 19329.9 31803.5 30154.9 24104.1
 35701.6 37128.8 29895.7 30203.5 23713.7 15537.5 22199.8 21309 15980.5 8164.52 5125.58 5191.92 3621.35 4827.69 6559.26 18661.5 45298 37719.9 18276 16244.2
 18482.7 21306.5 91177.5 93012.9 72865.7 77078.8 71886.8 52126.3 58227.2 53635.7 52688.3 39134.8 27749.7 12917 11407.1 12738.6 17109.5 16000.4 18918.7 15793.7
 20070.4 10152.6 10083.7 12960.5 11559.6 3633.64 4345.63 8472.01 5934.3 8626.2 6548.73 2385.45 0.10314 2.20945e-08 5.64617e-13 7.13593e-20 3.8777e-24 1.92369e-31 1.39045e-35 1.35472e-42
 30158.1 18549.8 10119.4 7094.79 7758.92 7963.02 7800.35 10007.9 19250.3 58284.6 44405.8 27501.3 26810 30639.1 23893.3 16057.5 13017.5 14377 21268.4 16756.6
 19704.3 19955.8 18110.7 16737.4 9361.95 4964.43 5812.35 5232.45 6489.81 11422.4 11197.5 13745.3 11748.9 9033.19 5132.39 7381.63 13043 19341.8 16884.4 22711.4
 17435.6 7804.44 6325.93 4744.57 7746.71 5921.84 3391.44 4175.53 2831.83 3219.61 3570.69 2639.28 3371.04 3845.73 3903.71 2680.3 2525.06 3699.95 12797.2 18991.1
 27547.9 38505.7 47706.8 56712.9 46605.3 34428.3 21686.9 19937.3 23158.3 28714.1 21725 9380.13 6468.23 7676.84 9542.25 19239.5 18410.3 15182.7 12882.4 10182.3
 20237.9 8304.78 6907.43 8740.26 7820.37 6154.5 5997.4 14103.3 28384 23891.9 20422.2 25290.9 16255.3 13677 16819.7 21316.6 20298 18067.5 19001.5 22300.6
 32554.6 21632.9 12186.7 8324.99 13017.9 22575.3 54070.7 53217.4 26583.4 13974.5 11128.3 10901.9 6399.82 5910.12 11703.9 19067.7 18451.3 19397.8 24660.3 21490.7
 32577.6 14565.8 7114.77 7386.63 10902 10540.4 8155.98 9928.37 11572.3 19800 32984.7 32927.9 38118.5 42138.2 43286 38390.6 40679.5 55636 55064.7 37266.3
 32662.3 39370.5 48446.6 55768.9 69141.9 63771.4 44022 34586.1 38827.5 47093.5 44769.1 61829.3 111785 118016 110748 93734.1 63940 66300.7 159838 164897
 25664 36081.3 41048 37519.3 28814.4 29203.9 41903.2 47544.7 48159.5 41656.4 45460.2 54502.7 40841.7 26686.8 19007.6 17961 9875.07 8944.07 21588.6 25544.9
 33577.8 27957.9 28407.2 32865.5 26403.6 15378.8 6883.94 9367 27799.5 26566 25663.8 30589.9 26002 30997.3 25016.4 19964.4 28962.6 53216.8 50518.6 32299.7
 26949.8 20451.4 9921.31 2961.58 1355.83 2645.03 4745.7 7574.5 10314 10947.5 16018.6 17905 21016 22627.3 18854.8 15025.9 16016.7 19620.2 18155.6 12516.5
 36685.5 38389.7 32123.4 33129.4 23681.9 13035.9 14388.7 10973.9 8933.27 10605.4 10009.1 9577.96 13930.1 18043.8 25073 25764.8 21337.7 23038.8 33956.2 33814.6
 38578.9 34303.8 41388.4 49699.3 41623.8 36904 36015.2 24690.5 17943.1 17418 19130.7 23817.5 29120.9 30415.7 23822.2 19303.9 30428.6 36016.9 30178.3 32112.7
 27342.2 18418.6 33783.4 36672.8 22727.4 15371.8 24641.4 58856.9 55417.6 33715 35766.7 54104.9 51908 39648.8 37881.4 33146.2 23513.6 13396.6 9748.6 19371.4
 32867.6 37193 38702.8 30935.4 26696.9 13462.6 16663.5 31467 28502.7 23266.6 28661.5 26106.1 30816.7 23883.4 12555.7 13423.3 21592.4 20947.2 10249.4 5257.48
 24186.4 17634.7 20272.6 19975.1 18831.8 27671 24309 14481.5 13328.7 22361.7 27349.4 24030.5 17625.2 15876.6 38300.6 36232.7 35925.4 34376.7 49862 59768.4
 25412.2 32868.9 60170.7 81308 84309 65702.6 42537.4 52881.7 47781.4 48560 60237.7 70977.4 55865.7 48266.5 40070.5 26896.6 16328.4 13324.4 22374.6 16624.8
 34639.2 40399.7 38319.2 42914.6 43243.1 28627.4 23854 22429.7 20126.8 12522.4 14724.9 17605.3 30306.1 33224.1 38931.3 52062.5 42372.8 43586.5 43887.9 42451.6
 27019.8 30555 15946.2 10242.5 20198.4 24725.9 21464.2 25077.2 23652.4 19523.1 19036.3 22224.8 23002.8 25250 30497.3 25438.5 20895.5 19800.9 27957.2 38649.2
 29414.9 16159 17958.8 36507.1 29221.5 40221.7 40341.6 57554.7 49086.8 24662.8 20510.8 34878.2 39568.1 86464.3 78782.2 54748.7 49203 65932 55537.8 39431.4
 25491.6 34240.8 36855.8 38462.4 32432 15790.5 17753.7 24752.6 32054.9 63221.6 49477.6 31723.7 54950.1 53054.4 45532.9 64141.5 63418.6 47244.8 33377.9 30916.6
 37922.6 27058.6 23656.1 20534 12440.9 18826.2 46035.5 55053.4 57594.9 38999.5 24031.9 18039.1 17478.7 21452.4 18808.8 19545.4 26656.3 25346.4 23555.1 29950.2
 37985.1 16899.9 8451.85 7144.63 10846.2 15332.8 19185.6 17334.7 14194 18519.8 22422.8 24088.7 41176.3 30986.6 27252.1 31881.8 31588.4 43336.6 34524.6 26346.3
 37168.5 30544.3 25238.5 23218.3 20408 16099.4 12613.7 13375.4 19493.5 24131.6 36164 54834.8 43781.2 47565.7 67109.3 61259.5 47740 41971.9 36855.7 25201.2
 41508.5 27676.5 53998.4 73487 79863.3 108631 82223.9 53214.5 39373.6 25060.7 25635.8 34704 45948 43295.2 41320.9 37575.6 30261.4 20907.2 19911.5 38336
 32496.8 28258.5 29734.9 23943.6 18323.6 12257 9904.73 9831.4 10531.2 12655.1 25970.3 22414.2 25274.8 30036 18451.8 13565.5 36208.9 41017.2 32101.1 24530.1
 37530.7 27568.7 27474.1 44111.1 50543.3 60782.9 58976.2 61964.5 63192.9 63312.7 60891.2 46584.7 35322.3 36572.1 37415.1 50488.1 45164.1 40421.7 34773.2 28465.4
 38446.1 33198.7 31965.8 47230.5 43995.5 45905.6 45211.4 42825.1 40658.1 63091 70111.4 67143.2 106900 99554.6 79770.8 68896.8 73750.8 81692.6 94544.3 100676
 30919.4 13359.6 7414.14 5692.79 8041.38 8122.48 7437.95 10894.2 12293 11821 12086.1 11261.6 9534.95 10496.4 18786.3 21961.7 39460.8 52191.4 33382.2 16634.2
 34167.9 50345.9 52381 41938.5 36052.2 41286.8 35594.9 18074.7 23385.7 25870.6 19096.8 16545.3 18856.6 17075.1 18950.8 35421.5 41448.1 31005.7 29262.3 24827.3
 26553.3 16569 13090.6 9362.89 7121.1 9167.63 18830.5 19331.2 15882.4 13206.4 9361.04 14780.6 32392.2 31168.4 14412.3 12300.3 10173.9 9600.13 15576.5 20441.1
 25519.2 28050.3 54189.3 51553.1 32751.2 27462.1 38231.6 34022.8 29741.5 25855.9 23745.7 26617.2 19103 18025.6 21806.3 26660.1 29459 37858.4 48954.9 46310.3
 31424.9 20607.5 11315.1 8996.73 13822.6 23579.4 35588.2 33469.8 40263.6 58388.1 57440.1 35205.3 29671.4 32222.5 36897 57891.5 71648.2 115765 125254 98934.1
 36689.3 50180.6 53381.4 41677.8 28616.8 33348.2 57312.5 75173.1 80559.4 60004.4 33140.9 22211 23151.2 18558.8 15561.3 14127.8 15892 18845.7 26602.9 38597
 25769.6 47213.7 45145.1 31798.5 32030.6 31317.5 36890.2 36704.6 45904.8 40080.4 20457.5 9675.55 7552.83 10048.2 15448.5 15160.5 13304.4 12992.7 15917.7 13751.6
 23431.2 20785 31494.3 38008.3 39036 48985 45137.4 30376.3 18118.6 15412.7 30768.8 35518.3 21127.7 12691.3 20351.3 31504.6 29620.6 28561.8 31191.3 26953.7
 33606.2 43653 43559.9 39725.8 31412.8 35784.6 42670 70852.7 83416.8 77622.2 59536.7 37576.6 39458.9 88640.6 89893.1 73434.7 61287.6 51924.6 62941.7 58906.5
 35080.7 37062.2 40709.7 56383.7 52940.9 54937.1 71611.1 90510 75026.6 69330.3 82306.9 76375.9 110439 133854 119176 94757.5 66620.2 53419.2 44287 37549.9
 25573.5 15441.4 16437.3 24976.9 20089.9 23041.8 14160.6 9161.22 13386.6 19799.4 21773 17170.7 16500.7 16375.9 21565.6 15112.1 9847.68 11535.9 12813.7 14803.8
 33417.3 28267 22388.8 14808.4 10314.6 6660.39 9959.66 16530.1 13650.1 12771.5 21846.4 21827.6 30437.9 36120.9 62669.5 67662.5 48099.4 42725.2 44897.1 33530.8
 29139.1 29901.6 63547.6 98644.3 89074.4 53996.6 39798 23480 13948 10846.8 7566.05 9389.99 11380.8 25404.2 31581.4 47131.5 47213.3 60224.3 45352.2 36767.8
 33106.1 18440.3 19107.4 29547.4 23896.5 26560.4 33402.5 31494.9 28508 36612.4 34124.5 29017.3 26349.5 24228.8 27597.5 61646 64265.4 45497.8 30002.3 22960.7
 31088.5 26097.9 29201 40586.5 42200.5 24457.7 14678.5 24624.1 36626.4 31138.8 20285.5 11361.1 9371.33 15172 49169.6 56845.8 39019 27075.4 39436 38198.4
 37009.9 17655.1 13224.8 14712.5 14415.5 20669.9 29646.5 23889.2 20224.5 27488.4 28098.9 51016.4 47533 37626.4 24805.4 18011.4 15805 25200.8 39545.8 65616.2
 37778.9 46182.6 50785.1 55279 83160.9 97769.8 80839.5 52812.1 32264.7 33140.8 46023 40503.8 24349.2 12251.7 20876 49875 50528.2 33349.2 24396.4 27323.3
 29160.7 31169.8 34131.1 29687.8 44619.4 52527.7 59264.6 55208.5 64301.8 66803.9 82491.7 91294.5 65005.1 46418.5 57161.2 76774.8 64397.2 44146.9 38125.7 42342
 26262.3 20107.2 30902.2 39564.2 62984 60921.5 46809.5 45426.8 36859 36986.2 29065.6 36600.9 51116.3 38435 28843.2 56503.1 58304.9 54660.7 34628.3 25099.1
 31466.1 48041.3 44316 41745.7 52218.3 45920.6 44812.9 31981.4 21410.2 17302 16724.4 24938.7 22947.1 22124.7 24288.7 27386.3 22555.3 28506.5 33040.1 34065.8
 26893.3 18356.7 16252.5 17673.8 17938 26130.4 28535.1 24209.3 27415.8 40739 63365.8 51159 43835.9 56784.9 41571.4 34891.7 54985.2 48275.5 32387 28072.5
 31692.5 20788.5 19828.9 28406.3 33859.9 31291.8 20359.2 15913.7 14648.6 15176.8 29847.2 29614.6 22443.2 29101.9 30871.9 22307.2 24948.8 31698.5 47654.9 46148.3
 22360.9 14610.4 9501.82 8748.79 16075.9 22165.3 29886.2 19148.7 11398.3 17174.3 22980.2 24497.7 47139.6 47357.5 33408.6 26984.7 27738.6 28401.3 30423.1 30982.9
 23581.4 17407.4 39362.7 57172.8 68973.4 73244.7 59444 44662.9 36361.3 37677.8 36542.4 28112 22995.9 12940.1 20371.3 16666.3 17881.3 25433.2 18944.1 13766.7
 33246.4 61036.3 59764.8 75486.7 77294 57013.8 64242.8 94160.1 77004.5 45710.5 28100.8 23623.3 13386.5 7907.98 9434.71 25520.2 36250.1 31385.8 57032.3 75501.8
 18600.8 15862.4 23180.1 30493.1 25626.1 19809.2 28832.6 60428.3 49740.5 29250.4 41639 35352.2 23878.2 28048.3 39189 35154.6 43818.5 36005.5 27406 33419.4
 20511.1 22002.4 19242.1 25969.4 17341.2 15263.4 23370.4 15953.2 15631.9 12161.2 10210.5 9398.23 3609.3 4477.7 10977.6 12218.9 14456.7 17854.4 13329.3 19108.4
 29112.3 26086.8 40118.8 56625.9 49088 30363.2 28924.1 45732 40060.1 24078 30239.9 20789.3 19101 16120.1 19324.7 28198.7 39986.8 41692.8 38441 61638.2
 29311.3 28274.5 28024.3 36983 35435.2 33223.8 24560.5 31711.9 54256.6 65837.5 92899.3 82469.2 68476.1 51102 40623 37150.3 27419.5 23497.3 29508 30918.1
 18018.9 17936.4 14452.6 9757.73 9371.2 15381.3 17023.3 13220.4 9486.27 7817.65 8241.34 9336.74 12884.9 25738.1 27625.4 28849.8 38702.5 26641.8 16792.9 11441
 24581.2 35406.9 42513.4 42290.2 47540.2 48339.1 53168.2 52619.5 68719.1 50898.8 28592.8 17407.1 27060.6 26481.3 23932.5 21121.8 38662.6 37291.4 28815.8 29224.5
 28368.5 43834.5 67485.6 67261.8 63435.1 59854.7 49752.9 33756.6 35765.7 23425.2 19948.8 45056.6 36119.3 17540.4 13408 13309.8 21466 22241.2 20023.2 16626.3
 34347.6 36834.9 41747.1 44589.9 48546.4 67036.3 66485.8 75422.3 78548.7 57959 43567.4 51106.4 58615.4 60333 88815.2 121742 107650 86500.9 72868.3 67658
 40346.3 41457.7 79129.6 144997 130663 89765.1 61669.1 40836.7 38203.9 31447.9 18938.3 13336.6 11878.4 18668.7 18539.1 13283.7 15813.6 23847.2 27851.3 26558.6
 34927.5 34622.3 37316.5 29163.9 21814.2 20575.5 24318.3 37091.9 31611.1 35841.4 68105.1 70501.6 45865.3 25938.2 23421.7 34136 35296.6 25384 25299.7 42834.2
 21630.8 20862.1 23494.7 23532.3 23081.2 21304.3 25892 21250.7 12888 14530 20731.7 23392.3 26645.5 31925.7 23797.1 20894 27561.2 26571.7 18754.6 12394.4
 53990 125151 169505 142951 112037 86598.7 71664.1 55353.5 50251 48082.8 47625.6 75060.2 122640 119982 84094.1 62149.1 50889.3 50445.3 45722.4 47536.1
 23982.5 26074.9 92505.6 91584.4 53517.4 25886.9 12440.5 21699.9 85653.2 94155.4 85817.2 74339.2 53080.8 57128.6 57367.3 43251.4 44433.4 69424.2 65303.1 49238.2
 32561.7 76719.8 73385.6 55014.9 46411.2 33635.8 29139.7 17660.5 20094.4 40277.1 76620.8 96787.2 117819 95384 101453 81552.8 55074.8 42176.5 29424.6 33461.1
 22846.4 14069.1 17215.9 17277 22598.3 31913.4 50060.5 39652.7 32423.6 26339.6 34209.9 35324.4 26714.7 22934.1 25235 17132.9 13642.8 17478.7 14769.5 13236.1
 22601 29199.8 15668.6 12228.5 22000.8 22957.9 23571.7 21444.9 14713.6 9020.87 6246.38 5961.92 7336.25 7476.13 11988.4 14038.6 14892.3 10070.3 8084.49 14889.3
 16277.2 7938.26 15298.5 38109.7 36364.7 42096 48652.8 38188 28537.9 19167.9 24166.7 20259.1 17827.8 15311.8 19156.2 23197.9 44159.4 39725.3 32907.1 38248.9
 21653.1 20728.4 9840.11 5478.9 12545.3 15858.1 15142.1 30012.8 54022.4 42967.6 23011 22018.5 22550.7 22461.7 34630 36611.6 26771.3 18894.1 15878.6 18891.5
 26632.9 19948.2 29760.7 56590.5 44363.3 36376.1 34309.8 49520.5 57260.8 41690.6 38955.4 40259.1 49822.8 42768.4 35249.8 42471.5 43141.5 42615.6 32743.5 26799.5
 27095.8 19865.3 29224.3 39281.8 42320.8 66855.7 62516.6 36443.8 17804.4 16331 31069.3 26841.2 19147.9 14148.9 18632.1 27506.9 47531.7 39635.8 28857.4 22172.1
 32405.4 57645.5 66984.4 77140.7 64269.7 64301.6 55953.7 42047.6 48506.5 50873 62024.2 51003.8 42106.2 23628.3 21559.5 20104.4 25501.6 22281.2 29900.2 32435.9
 37881.3 44185.6 51164.8 28047.2 29255.5 44186 33366.2 16489.9 14477.8 14149.7 19333.5 34385.5 38513.3 32592.2 24442 14622.8 12731.4 15675.4 19726.8 17803.6
 31349.4 35048.4 38413 27741.3 20209.5 17455.6 18245 13065.3 12005 13178.1 25096.3 23013.2 11729.6 9892.36 27032.8 49173.2 44466.1 31480.4 29185.9 38443.9
 22972 15523.1 18492.6 24359.6 24685.7 20053 15008.6 20196.2 38406.9 43698.7 49287.3 59996.1 49884.4 38578 34496.7 41567.6 33771.5 36727.4 33932.6 25947.5
 23913.2 17412.3 25083.9 24343.7 16632.2 16204.2 17897.6 19078.2 22712.3 28348 29376.1 48393.2 40105.6 25330.9 24189.1 27393.7 32941.9 28381.2 34510.7 49042.3
 25835.3 14127.8 13782.7 22035.5 30336.9 38534 29987.5 26130.6 29213.6 22340.4 21845.4 42772.5 36020.9 20970.5 23726.9 38357.7 35699.3 23195.9 24534.2 33202.5
 24448.8 9613.19 5434.99 6201.83 7279.3 8966.63 13975.5 27640.7 39516.5 48029.5 52229.8 47370 40009.7 55055.9 52536.3 54623.8 48008.7 29797.6 24849.8 28368.5
 14998 13937.9 23151.7 16498.3 8049.5 7818.79 10264.8 9884.14 14001.3 17977.1 19568.2 26303.7 22558.7 26206.5 26643.6 24458.2 27899 38094.9 33876.9 47590.8
 19481.2 9294.25 5631.67 7202.41 9503.57 11730.3 17520.8 17620.1 24634.1 32821.9 23838.5 14245.1 10202.1 8809.95 17543.3 15544.8 9100.11 8172.7 15441.7 24431.4
 30187.8 60878.5 77278.8 83411 101756 96207.1 99391.7 84934.2 73757 93213.1 113815 102563 89508.6 78325.9 50809 30839.1 39368.3 63885.4 70677.9 62767.9
 18111.3 27692 28628.2 13239.1 8929.85 8275.9 6349.72 8047.69 14688.3 22376.5 34868.9 46516.5 39429 40576.1 36526.4 19443.9 12364.3 13058.3 12819.7 15227.4
 19756 23716 40730.3 28017.6 9557.75 11612.8 28307.4 31266.2 31737 21481.3 22897.1 21425.2 20816.3 20486.3 16447.7 14612.2 14047.3 19898 14900 12168.8
 30192.2 28859.7 35946.4 38207.4 35054.6 35611.6 33290.4 25668.4 7590.71 3341.37 5734.85 10242.3 17208.3 14745.9 17610.6 30882.6 27565.9 25416.1 20567.2 23051.6
 26417.7 25799.5 24294.6 25351.7 34045.2 38823.2 32073.2 55180.4 51538.9 39729.7 41924.8 43064.3 40144.8 38220.6 21656.8 16893.1 29442.1 33029.9 25804.5 21301.9
 35531 44982.7 45147.3 50160.9 60784.6 63285.8 62450.4 46286.4 56782.6 68583.4 71472 77199 71582.2 111920 129040 118745 87498.2 70082.3 75303.6 95843.3
 41791.4 47700.3 38065.2 24223.5 8716.72 7724.77 12997.4 14085.7 12479.7 22138.4 31038 42645.3 36142.2 30794.9 36979.8 30776.1 31307.3 66651.2 94945.4 65276
 32849 20509.3 21215.9 15798.6 22445.7 22671.7 26010 23078.1 29470.8 25077.5 18673.4 16285.8 29057.1 38351.3 35917.6 33033.6 47586.5 52306.6 34702.5 24142.6
 33694.7 40471.4 41089.6 48491.1 50836.1 40243.4 18518.7 21249.6 56366.4 48896.2 21959.6 11952.3 17797 14466.2 12064.4 16540.8 27183.9 26084.6 15783.6 10051.5
 33908.3 23405.8 17332.2 14845.9 15556.1 20721.3 15828.9 18459.4 27935.5 23714.8 19457.1 31409.4 35245.3 38470.8 30698.7 21610.9 18742.4 17706.1 36358.5 37931.1
 29729.3 24742.7 21073.6 16178.1 17442 27788.2 52307.2 39829 24241.2 21230.9 17534.4 18778.3 21370.4 20602.3 28434.1 27710.6 20831.4 17706.5 16003.8 29392.7
 27577.1 22569.7 23634.7 17864.6 18032.1 28520.8 45447.5 31932.4 16850.2 16192.3 14575.5 15369.6 20403.6 19930.4 16514.3 26344 33294.3 23912.8 19667.6 14822.9
 31596.3 21243 22299.3 19597.6 11151.7 10438.5 35897.6 38133.8 31220.3 23610.8 19390.8 19163.5 16148.7 19297.1 20306.2 19738.1 32352.1 24447 21002.8 24824.6
 33623.4 39164.6 29272 15891.2 16795.6 28738.7 20285.1 10732.3 13311.3 14813.3 16294.4 19971.7 28904.4 24990 19434.3 18701.1 15789.8 18014.2 15799.2 14500.9
 25006.1 19098.9 22779.6 42074.1 48215.4 31467.5 26648.2 27973 24797.6 45986.8 43267.3 28184.6 39868.9 48357.8 34709.7 20394.2 17768.9 22197.2 17433.4 15984.4
 30345.5 57172.3 82019.5 61045.3 37006.5 36405.4 51998.9 100903 91961.4 64841.8 41554.9 27192.7 33704.6 49363.9 34952 15472.8 6082.33 5434.65 5598.94 4508.83
 14615.9 9343.65 15014.8 9144.8 4184.3 3587.16 6645.87 6854.85 7839.13 10848.8 14318 20348.1 16649.6 12381.5 18352.5 13565 6638.05 8092.81 25736.9 28055.5
 26776.1 26007.1 19416 22446.2 16407.8 19661.7 12636.5 8919.92 9152.7 7625.92 5088.12 10125.4 20063 24078.5 36235.1 33145.6 25260.5 21508.9 21658.4 16091.6
 20503.8 9274.43 9849.86 20243.4 24541.9 22094.5 15675.2 12352.4 14135.6 11084.6 9762.6 23940.5 47595.2 49438.4 30026.6 27951.7 41984.2 42500.1 32924.6 25647.4
 25617.6 33300.4 25289.7 22660.4 13031.1 11675.5 11074.4 21514.8 33129.9 34361.1 23311 21687.4 18563.1 19551.2 20496.4 20183.7 19084.3 18780.4 26821.3 27419.2
 27566.9 55805.9 59577.6 41901.6 33680.6 29729.7 25305.9 33008.6 44282.8 35770.1 24688.6 17720.4 20804.5 40587.5 35117.2 24885 18955.3 17530 17618.1 18918.6
 23703.5 16329.7 30987.6 40535.7 53436.3 60754.4 53192.2 75348.7 78536.7 59358.5 58537.5 70670.2 67402.8 52549.2 52540.2 68708.8 74902.2 59136.3 36863.8 37402.8
 19643.8 22385.7 83756.7 113537 108842 88017.4 79065.8 63365.5 50871.9 41773.8 42677.3 33913.7 16426.2 8302.06 14743.1 15579.7 7725.14 6717.09 11372.5 15810.2
 24546.3 22840.1 31654.2 41417.5 39797.8 45772.8 42734.9 27592.6 6853.92 5351.85 16046.7 11878 6754.82 7859.44 13631.7 14147.2 19200.9 28118.7 23615.6 13368.4
 26935 19875.8 23778.3 28962.6 56578.7 59018.7 51994.3 94027.8 99105.9 70798.1 51940.2 47578.8 65852.6 67323.4 72621.6 73615.3 83752.2 76394 68233.6 70291.3
 22547.3 35791.5 61773.3 66442.3 66632.2 55110.7 50405.1 45506.8 44327.7 40968.9 41838.3 42214.8 45296 36893.2 23739.6 22137 15802.7 9848.23 6324.89 4392.08
 30926.4 48735.9 45245.7 35412.3 28477.2 31002.6 38319.7 42359.8 28483.4 11470.5 8067.8 9075.56 10856.7 19912.8 17383.9 20428.8 24616.3 27933 37720 28879.1
 30294.8 44590.7 79014.3 72508.2 50751.8 37971.3 27521.6 32594.8 23367.7 19017.5 31041.7 49467 48816.8 57900.5 58908.1 62826.8 88346.7 82233.6 61810.1 48580.6
 23461.1 9744.92 5438.22 6233.36 8397.62 9130.4 12408.9 18349.8 21164.2 36421 64055.8 76135.2 52501.8 38517.5 39475.9 27723 23617.1 15676.8 11376.6 12632
 30671.4 26640.7 32419.5 31858.2 36453.7 37555.8 39217.1 27391.7 15174.4 7793.06 6505.91 12239 9736.25 12192.5 10918.8 10582.7 13678.1 14754 12956.2 20358.2
 26211.2 33287.4 34504.2 39569.9 49970.3 58767.8 45511.7 35016.4 29730.7 26080.6 16466.2 15648.9 28796.8 21389.1 21039.3 24379.3 31199.8 25346.5 20923.9 26548.8
 20754.6 18876.8 17719.2 12679.5 11629.5 19972 21071.6 21921.3 15862.6 13413.6 11972.7 14930.6 32257.1 42991.4 52594.2 57333.6 51459.1 42930.7 47396.7 37939.1
 22111.1 26055.6 39323.8 51958.1 56963.6 49275.9 40623.8 33473.6 26090.9 34381.2 50688.1 47566.9 50411.8 42963.8 40726.5 38752.3 41695.4 43614.6 37207.5 48338.2
 21290.7 17594.8 30865.5 33147.2 20993.6 8404.97 5471.85 8352.84 17926.4 18433.6 22589 52213.5 36773.9 19920.6 17770.5 19016.3 24380.5 30253.4 22208.2 19344.5
 24490.7 15024.7 5446.71 6122.29 10773.7 22570.6 21106.4 12798.5 9089.76 8137.98 12518.9 17075 23583.2 45420.4 65127.7 74092 61566.6 32876.1 18979.4 22359.7
 24085.8 20896.2 38408.7 44009 56736.1 63745.8 56589.6 34899.1 21366.6 11617.6 8136.13 6950.78 7524.46 11656.9 43869.6 63288.2 51105.3 36511.3 29409.1 30821.7
 23602.3 12423.5 9607.06 3787.9 4584.59 13113.9 10808.1 9478.37 18896.7 22490.9 34417.2 41125.7 25692.7 13642.2 16152.4 20054.2 17133.4 20631.3 22872.5 18594.5
 29966.2 23712.2 38237.5 48130.9 47919.9 28653.2 21018.1 22028.7 32043.8 28472.6 22977.6 26218.1 22581.4 27996.4 35443.7 31575.7 21967.3 26643.6 57465.5 52729.6
 33275.2 21149.2 22569.4 13241.3 14705 19204.1 29984.3 31308.6 23415.1 17382.5 11785.7 8010.58 10239.1 14475.2 16306.5 28986 18626 17509.6 36037.1 40264.1
 34718.8 32161.9 29762.3 37063.7 24817.2 32714.9 21694.1 17168.2 11085.8 21301.8 27515.3 25856.8 14534.1 16057.5 31463.1 28752.1 48102.4 45952.4 43222 54645.6
 32652.6 16322.1 14287.4 16818.6 14073.7 27956.3 32193.2 26647.4 20557 28342.7 33393 67605.6 96285.6 83482 51225.5 23399.7 15131.2 10171.3 9922.64 12509
 23352.8 26388.3 24755.9 28488.3 32327.3 22904.1 9482.77 5580.4 7166.96 18788.2 18984.7 18536.9 19404.4 23937.7 25670.9 20374.9 18271.7 51880.9 42468.5 14973.9
 43617.2 75548.6 66072.8 41940.1 42544 41362.5 34095.3 45168.8 81305.6 75386.8 62706 65168.8 50100.7 28089.7 14186.9 17003.6 18632.8 20123.4 24905.2 27285.1
 21664.9 13082.4 11371.6 12042.9 13869.6 11629.9 16599.4 19960.1 12124.9 9739.86 11262.2 14742.3 9606.79 3831.86 3270.14 1939.17 1816.04 1787.22 15.2654 5.34287e-07
 21116.9 27591.2 44620.4 31988.7 20561.2 31248.9 35793 23153 29149.9 33465.6 42519 46940 52862.7 33838.2 16953.7 10949.6 9649.5 10304.9 16267.5 24963
 30331.1 41769 66305.9 67201.2 104470 126142 84674.2 49166 41773 57020.5 74295.6 59548.4 43755.4 40478.9 40619.6 70124.6 65921.3 56436.2 56285.3 44073.1
 24926.9 21861.9 16549.5 20828.7 27347.3 27770.7 33736.5 31311.9 30423 17242.7 17660.8 27928.8 56155.1 75864.2 80812.1 62897.5 72608.2 69030.5 55996.7 40839.5
 15281.7 7660.13 7493.01 10575 25177.2 20866.3 27035.1 25603.2 18953.4 11714.7 17395.7 18686 21791.9 30449.5 27445.3 23034.8 23810.5 37413.4 34611.2 39042.7
 27566.4 21776.5 13741.9 20982.6 17739.9 28565.6 52265 35396.1 19097.8 25875.7 22992.5 17256.6 22539.7 74017 79673.8 67477.5 53429.6 30079.5 22400.4 24415.3
 16330.8 14010.3 11083.1 12565.5 27194.3 31745.2 54081.4 59083.1 51151.2 49046 42857.8 34759 31614.4 34198.7 37620.5 28450.2 29729.6 20356.7 16301 19229.9
 18759.2 8827.04 11065.8 12572.7 24206 29073.5 19213.1 19171.7 15455 11561.4 9899.79 14703.4 14249.9 35448.6 31550.5 35925.8 34102.4 23987.6 31188.7 28533.9
 29660.1 22685.8 19627.9 30396.6 24670.6 17817.6 27246.6 41415.2 55036.4 53600.6 60083.3 58703 86635.2 102993 81117.6 64718.1 70295.3 70432.7 63506.8 61819.7
 33862.8 37130.2 51476.2 49619.7 41304.5 18720.3 5527.03 6912.33 11288.6 17584 18064.1 16256.6 20106.1 52177.6 54158.3 38387.9 55465.6 67977.5 72634.6 56778.2
 25266.3 11108.9 16965.8 45546.4 33484.3 28073.7 43740.7 50124.9 30075.5 18529.6 14934.8 14699.3 17851 35726.1 39112.4 38187.1 43602.3 36299.6 25108.5 23495.9
 25926.3 29423.4 70175.3 65772 62180.6 173327 191329 127445 80561.6 43097.9 27366.6 40155.2 38767.5 21815.2 13549.8 16383.8 21174 20277.7 37312.9 64768.4
 20837.1 13516.6 7823.42 4138.67 1891.66 2357.95 4005.52 8982.21 10394.2 11228.8 14224.6 16902.7 9776.5 6335.43 8437 13315.6 31682.4 50644.8 37895 22235.5
 22121.2 17911.6 15171.6 19034.9 18277 18949.7 30701.4 44836.3 42210.6 28889.7 24384.3 14772.9 13884.7 21469.4 30214.4 29148.8 38082.1 48915.3 64317.5 65611.1
 30224.4 24291.5 40957.9 86642.5 81620.1 69381.6 70270.8 59769.9 41704.2 35390.6 24795.1 11428.3 11118.8 14899.9 16186.2 30714 30385 37708.9 67671.3 57643.1
 23418.6 11541.4 7999.79 6162.75 6018.43 5557.88 7267.84 11750.3 12002.1 18369.7 39496.5 34059.3 27200.3 29477.3 31181.6 26792.3 18330.1 18936.2 35396.4 39658.6
