 17600.6 19653.7 20523 11305.8 18914 10015.2 10029.7 14080.2 10107.2 11175.2 8284.71 7497.39 6323.05 3565.23 4492.48 3666.34 5186.71 3870.11 3205.51 3480.82
 11731 10127.1 4374.01 3166.18 2951.29 4164.51 8511.56 9792.43 13231.3 10386.5 8177.6 8553.74 13982.2 5483.38 15057.6 5938.63 8087.23 5686.66 8091.49 5536.63
 11400.2 6913.75 11172.3 7022.55 7441.88 3395.79 3481.57 2099.88 1477.92 1197.62 505.746 64.7768 9.22552 1.52421 0.10488 0.0210505 0.00195655 4.05651e-05 1.10428e-05 5.49124e-06
 12727.3 9852.9 13789.5 16715.4 13715.4 13279.2 9970.2 10243.9 8383.54 8133.81 10811.1 16131.8 6989.21 9795.36 9383.73 16384.3 9228.39 11006.6 7385.74 5336.68
 9344.58 18424.4 8122.79 9922.58 5289.79 3566.18 1540.38 1025.03 317.117 57.4632 8.17117 1.96833 0.103038 0.0240436 0.000984876 0.000342046 9.91053e-06 1.24958e-05 2.15657e-07 0.0245531
 18196.5 14779.1 18412.3 11885.7 11492.2 12264.7 7218.86 9518.72 12558.8 5559.88 7948.36 4247.41 4859.01 5984.29 6732.5 6621.28 5962.03 11884.4 8724.25 6076.59
 14599.2 6086.44 8718.11 4758.15 6758.83 3358.86 4401.83 6487.26 4040.46 5872.47 7364.81 6535.99 6005.38 9513.09 19393.2 16938.8 17639.1 9338.05 9188.28 4973.71
 21475.4 19829.6 21374.8 27046.8 16449.2 16176.8 29129.5 11641.7 34214.8 9310.4 25262.5 12344.2 6195.47 9197.69 6317.81 6094.72 5662.46 5591.27 5262.62 5954.84
 13956.7 9901.29 5676.12 5047.97 4851.59 4582.69 4004.28 3918.69 4914.02 6700.89 7535.78 5797.36 11112.3 6747.52 12817.3 13807.5 9889.61 8664.12 4074.52 9863.96
 9057.72 11086.5 10037 5243.62 7777.72 10039.7 3438.46 8179.77 6906.8 8627.47 6281.39 5370.01 5081.62 11550.2 7105.7 9948.99 4346.68 4474.98 8274.65 5559.83
 18801.9 8746.61 12926.7 5811.5 5874.21 5491.68 2752.88 3607.31 2947.55 3646.96 3311.08 4513.19 3101.1 7787.41 8714.17 6133.02 7347.39 6232.09 5594.57 6170.82
 14824.2 9811.57 10141.7 5208.38 5570.05 4698 5188.13 5271.65 6353.69 4085.94 6908.57 2656.69 4880.79 4637.87 3483.38 3256.38 8060.59 7689.75 4840.99 8744.09
 24294.3 19441.4 11652.4 15523.2 16951.3 17232.1 13788.2 18219.8 15833.6 10371.6 11149.4 9581.24 7289.11 12800.5 10848.9 8912.43 8640.83 10592.9 5045.85 6691.75
 9503.33 7274.35 4461.13 3399.14 3942.46 3377.3 6772.68 10191.3 11793.7 9998.87 9480.66 8702.04 7671.11 7302.62 6824.23 15990.9 7241.12 8273.89 9147.66 6222.44
 13320.7 8305.12 3901.21 3493.24 6604.76 6013.48 8092.26 9924.93 13033.8 17091.8 20223.3 14271.5 11623.8 16203.2 7760.04 6726.34 6843.15 6224.54 6327.75 4462.4
 11196.3 9823.23 14807.7 7684.92 11836.1 7365.2 5628.29 9849.58 6762.26 9318.72 9559.22 7903.79 8656.37 7699.04 8191.77 9120.71 13251.3 5025.01 10365.5 7918.29
 22956.5 14664.9 19082.8 15402.4 16014.8 19530.8 17237.9 14236.6 13066.8 11460.3 8300.35 8842.88 5886.95 7238.82 11919.9 9690.2 8054.72 6734.68 6759.25 6227.03
 13515.4 12081.9 13350 17030.7 22414.6 17432.3 12322.6 6456.04 6396.36 5056.92 5429.86 3107.24 6727.42 5894.17 6392.14 4004.43 4890.9 5715.73 9763.35 6221.77
 12786.8 15137.5 12000 13756.3 11919.1 7400.36 6658.59 5719.25 7974.12 5521.1 5190.32 4980.92 4951.42 5122.06 8083.16 6710.42 7190.56 12905.4 7038.13 9164.09
 8504.19 14023.8 14088.8 11572.4 13449.9 13522 8990.4 11113.9 5532.07 14595.2 17647 13005.6 8510.12 6075.91 5514.24 6505.38 6501.18 3995.67 4270.11 3761.61
 19353.9 31579.7 19224.7 11662 11219 18865.4 26333.6 7086.15 16883.3 22280.7 9670.78 10054.3 13129.4 18550.5 17509.5 18270.1 9277.78 20775 21445 13552.1
 11780.5 10246.6 11125.5 7941.78 16366.6 7564.28 9114.51 16254.7 8047.89 12636.2 12978.7 13898.5 8446.4 8102.22 3668.44 4374.45 9729.22 4833.51 4772.04 2975.13
 8201.71 10390.3 9497.64 8305.2 7234.94 6891.61 4190.08 5876.22 4450.73 5991.27 5126.01 4535.89 5667.92 4274.18 3524.41 4972.67 7465.34 6377.07 7463.71 6688.46
 9376.51 7380.07 4244.24 3541.24 1894.23 5913.47 4949.75 5314.48 14167.8 6269.15 9555.8 9739.45 4473.1 5626.25 7016.08 4414.37 3030.83 5175.06 5520.97 4698.15
 13196.9 8516 9406.31 7865.94 8788.87 12214.5 13151.7 13445.9 12256.2 21877.5 14413.4 10356.9 10988.2 17340.4 7643.65 5743.07 21591.4 7018.39 18501.5 13130.3
 34849 27105.8 23170 14864.7 16999.3 26988.4 10721.3 16954.2 10624 7518.6 7497.3 9507.59 6667.72 9847.02 5832.61 6016.87 6862.8 7485.82 3655.28 4923.32
 19040.7 18750.2 14903.1 7587.26 16392.5 17228.9 3633.3 14612.6 10838.4 9435.46 14095.5 6044.58 6330 4648.77 4617.46 5630.38 2311.47 8415.65 3676.71 2984.49
 23067.5 5762.6 9091.52 9711.35 9584.76 13510.6 20262 8014.46 18927.5 11037.6 17748.8 8587.09 15590.2 18167.9 14948.1 7367.66 17269.2 15816.8 7558.37 7315.55
 15924.9 11681.3 16504.3 12230.1 10930 9911.35 22619.1 12503 12036.4 8067.08 11452.8 20641.4 32366.8 14024.7 24499.6 4485.46 9404.94 14852.7 15197.1 4181.93
 10414.7 9158.03 10384.1 20476.1 11414.9 13566.5 9739.67 13790.1 13888.6 7370.39 12037.4 6284.3 9479.09 11922.2 4203.61 9307.92 7167.58 14871.8 6179.59 16893.4
 14610 10057.6 9510.5 7363.06 5873.5 6236.75 8343.89 3922.73 5705.74 6154.28 2998.03 11632.5 4866.53 8206.79 4666.27 9361.13 5437.07 11170.9 7193.78 10762
 18300.5 12996.1 13529.9 6035.39 11980.6 8219.54 8478.65 8007.33 3001.14 3516.56 2312.7 5628.12 6199.36 8716.75 8141.36 10494 4197.57 5167.81 7911.43 4891.53
 14940.6 10126 6545.52 8255.33 6218.05 2365.15 1303.7 112.223 49.273 4.44536 0.00664815 0.012514 0.000972875 7.55239e-05 1.95948e-05 7.54548e-07 1.161e-06 3.28503e-08 5.41018e-09 6.14892e-10
 10320.4 12508.7 3589.48 2034.58 1225.01 1058.74 286.243 49.4696 7.5608 1.17242 0.0854304 0.0165353 0.000754558 0.000152999 1.93595e-05 4.83053e-06 5.4174e-07 4.41194e-08 3.94688e-08 0.00391742
 13296.9 6020.76 10494 9260.12 12390 7605.97 6993.2 12714.1 16287.7 7986.44 25247.4 14744 18413 17963.1 21469.8 12762.7 22482.4 22365 16289.3 10271.2
 10405.9 14499.6 16978.6 20187.8 17284.7 8261.4 13232.7 6399.64 8048.19 5838.48 4953.89 7383.27 4770.48 4540.9 2736.31 3047.15 3075.67 3155.13 5069.84 5820.43
 10165.6 12760.1 6247.14 2175.5 1465.07 829.732 198.685 44.2836 3.3141 0.568449 0.0458909 0.0113915 0.00113664 0.000137409 1.30135e-05 1.93983e-06 2.45006e-07 0.024266 0.0069822 0.00289767
 15094.5 16850.5 7400.65 6992.04 29321.9 9883.74 4327.16 9176.27 2884.95 6512.18 5344.36 3931.6 5396.76 3598.74 6549.18 1996.3 3414.35 2655.42 1564.31 2039.39
 4965.8 3629.35 3566.95 6552.1 2475.79 4867.75 7139.01 4867.31 3902.5 14226 8038.57 6309.07 10505 10589.9 7015.25 11461.9 7797.99 3400.94 10964.5 7318.09
 19790.8 9259.65 9975.33 10768.8 15031.4 7030.78 26939.5 5013.92 17007 14312.3 8103.4 15649 17044.2 9810.17 10345.2 11105.4 6311.51 16526.4 6729.89 12866.1
 8353.65 3016.6 5720.98 4377.7 3813.04 3191.57 2664.34 2788.3 3491.63 3052 5651.04 6974 6847.28 6012.01 3730.84 5476.58 5149.49 10115.4 7550.06 5599.19
 19743.5 26248.6 11045.1 11167.8 15689.6 8208.3 10604.9 8553.01 7075.83 9991.56 5508.27 4452.15 3982.13 5577.16 6570.85 4675.45 5741.42 4293.76 6146.66 4940.55
 16152.8 5335.38 7451.43 5907.76 8700.57 15220.5 7660.46 10288.4 11531.9 6179.35 5556.08 7007.15 10436.9 13908.2 5787.1 9443.86 15634.3 9665.36 10829.9 6194.13
 18726 13997.8 7597.22 10692.5 8788.33 5154.91 6633.47 6223.13 9418.42 4668.27 11483.3 11993.5 6329.98 6803.04 8234.06 3978.36 5552.19 3383.98 2521.32 9008.13
 11723.8 12673.9 10285.5 6369.38 5285.15 6544.3 13411.3 8533.75 9699.55 9251.98 8663.13 5881.24 8902.44 6175.13 7510.75 9298.11 6030.34 5505.41 9340.19 9057.59
 13082.9 19389 21311.6 17040.2 20618.5 5435.26 11106.7 10095.7 5634.83 11849.2 8722.04 13433 6997.21 8515.8 17371.7 7286.4 14445.2 9926.3 6840.48 5177.87
 22578.9 19234.1 15596.1 14803 14908.1 27715.4 14220.3 14124 11274.8 6791.98 8534.98 16452.9 5179.61 8975.73 8843.91 7750.01 8513.86 4599.44 5380.86 7538.12
 16076.1 15876.2 4509.82 9008.86 6024.35 4590.26 8950.72 5160.49 2407.6 6332.03 9883.66 9334.5 7070.73 7781.23 7467.31 10203.5 8657.72 9557.06 7987.76 4502.94
 14529.2 12085.2 15564.5 16271.2 16691.5 15796.8 13341.4 15068.1 14688.9 17199.2 15613.7 6720.96 8525.31 6336.67 6872.14 3467.48 3981.84 5275.11 3640.19 3711.69
 14887 17982.9 15022 11723.8 12353.4 23459.3 9580.18 11818.4 8403.86 10609.6 6013.9 7868.2 11231.4 10425.2 12888.5 8684.33 5275.78 4577.5 4003.65 6924.33
 8528.77 5952.05 6857.92 7151.17 5394.08 4932.71 12765.7 6714.15 11075.3 6748.43 5393.4 8592.32 12335.4 11095.2 12335.6 20755.2 6545.57 13614.3 15571.3 9611.84
 21347.7 12204.5 32355.4 26186.2 12061.7 17921.9 15542.8 10729.9 10088.4 9559.66 7477.74 10053.7 7270.98 6299.3 9516.46 4118.31 6245.18 9946.31 3895.48 6928.66
 9250.99 7254.65 5303.67 20381.8 6863.82 12949.2 12154.6 8177.71 7263.94 11921.4 9951.86 13915.8 8721.19 3022.64 9937.92 11611.6 7009.87 11082.9 8709.02 8116.09
 11492.4 11450.4 8437.13 12058.1 8073.46 11533.6 12578.4 15981.3 10373.8 4240.98 8778.72 5021.29 6356.25 9185.23 5283.65 4033.8 5424.81 15437.7 4283.49 10379.4
 33737.2 12571.1 20670.4 18009.4 12056.3 14107.6 12583.2 13866.6 19049.8 5698.49 12755.2 5665.42 6904.53 4068.53 5389.99 3157.71 2472.07 1830.89 2319.63 1859.35
 18920.1 14419.9 9697.58 11736.8 6010.3 3920.11 3265.82 1820.05 2047.72 1978.75 2783.3 2538.84 3985.48 3615.78 6321.77 4059.53 5349.41 4720.04 6551.9 6416.1
 22335.4 11273.4 17128 8940.05 6155.3 13460.9 8089.11 10421.4 4691.98 4309.73 2978.64 2175.03 2412.57 2180.21 3940.77 11724.8 8247.25 3593.82 4884.81 5263.89
 8753.49 39011.3 15918.7 24006.4 24075.5 21175.6 12949.1 25918.7 12912.3 21506.7 10550.1 13458.8 5560.09 7462.36 5076.06 7134.22 4524.75 7849.93 5688.69 6247.5
 10808.6 11363.9 8990.15 9841.04 4240.82 2460.26 5425.87 2456.97 5977.11 3337.67 3284.98 2000.96 895.689 75.2786 19.2936 0.65369 0.189849 0.0232921 0.000737956 3.95186e-05
 11939.6 11692.3 4806.9 5675.22 3583.52 4248.62 5873.83 5355.15 12786.9 5431.36 7717.39 7846.4 8826.34 7493.17 7387.18 4172.15 4288.02 7079.57 4847.95 3837.07
 15267.1 9683.09 12320.4 8448.46 3655.92 3981.58 3402.73 4078.26 4782.49 3473.85 4449.06 4221.95 5199.9 2104.4 3412.3 4046.45 4616.06 3130.5 6075.33 4873.73
 8258.54 7983.01 3557.2 4347.86 4868.68 2691.87 2780.45 1942.75 1985.4 2904.45 1843.14 1834.17 2176.95 2853.66 1737.73 2771.21 1297.87 4430.88 4707.87 6396.16
 20637.2 17922.3 27079.9 17211.5 15852.3 8441.49 11609.9 8194.9 10083.5 10783.7 6742.52 3405.75 5404.51 3038.6 6210.08 8089.32 5577.26 4691.45 3924.2 3064.71
 11289.8 6330.84 5960.77 5335.47 4112.75 3199.96 3837.64 10624.4 8568.52 4612.94 12698 6745.94 6357.5 6011.02 7272.42 6201.8 5104.62 5334.08 4946.45 6638.17
 11013.7 8003.45 3283 4625.87 4849.59 15713.9 7415.7 7262.37 7239.78 4403.35 5073.34 2458.45 2907.02 3521.95 4892.29 4178.04 4818.12 5571.45 4425.65 7259.67
 9032.06 5807.43 3921.46 3202.37 5082.34 2810.98 3846.13 3579.05 5215.85 9802.41 5851.38 9406 9043.22 8778.87 10036.7 9990.47 9305.65 10769.1 4744.54 6986.36
 16812.7 15065.8 16954.1 21775.8 15581.5 13988.1 10653.4 10353.8 10790.8 10580.2 12631.8 22124.3 15818.4 17016.4 15021.3 8709.94 8933.86 24810 10111 20033.8
 17404.9 17262 16887.9 11571.5 11507.3 14986.1 14890.7 12248.7 13311.3 12465.4 16774.2 9423.51 10190.4 7130.63 9358.71 5017.31 3662.43 4502.95 6030.29 6508.13
 17177.4 11367.3 14699.8 10089.4 8966.99 9093.4 3329.77 7737.06 4637.97 7921.27 8956.74 7038.98 10051.1 6059.7 5848.39 6041.65 11133.2 8216.03 7186.48 6221.38
 14111.3 8596.28 5076.63 3023.9 1784.85 2150.08 3486.06 4757.88 3993.39 4787.82 6037.31 7781.23 8503.08 5194.49 5198.89 4503.74 5856.3 4296.79 4639.3 4262.98
 22095.7 7448.45 12835.8 8850.46 9146.28 8528.06 5707.21 4075.17 5005.93 3984.3 3955.02 4623.25 6699.65 8919.3 6919.55 5106.9 6849.16 6423.5 4830.13 7863.56
 20498 15952.8 16668.6 10637.6 13992.6 13426.6 7702.8 8228.29 6877.95 6930.8 7311.98 7685.18 6908.03 9200.99 4085.23 7636.35 7046.04 8546.85 8523.79 5202.39
 10694.1 12368 18345.2 11656.1 6868.59 8654.82 16723.8 9985.68 9280.72 8623.05 15973.6 8972.46 10979.5 9112.43 7417.56 7122.74 4910.5 3692.97 4491.59 6196.34
 16055.3 12607.6 11389.2 12110.7 4518.48 7265.87 9697.19 7843.9 7013.11 8990.18 6737.07 7054.56 5697.93 3191.73 4766.19 4852.09 3943.03 2673.36 3578.31 2124.43
 12098 11854.4 9260.91 6018.36 11370.2 9825.04 5020.85 4923.8 5531.7 8061.55 6751.24 5696.44 4687.95 6368.33 2912.7 9000.72 5796.93 10180.1 8442.37 5487.67
 17822.9 18788.9 25598.7 25686.9 19659 14078.5 17610.8 11253.7 16014.3 13047 14108.7 10797.7 13818.3 9470.41 8277.63 6754.65 5302.56 5682.68 3482.6 2137.88
 16662.5 10658.3 15243.8 12743.6 7648.45 9195.39 8186.24 7506.34 5046.79 3690.11 3495.08 6513.69 6502.95 8280.84 10783.9 7089.45 8099.03 7341.74 8683.63 6052.09
 18045.6 6904.09 6728.8 6617.69 6712.52 5984.02 10958.9 9447.53 6862.48 8615.31 6103.82 5983.65 4573.59 5449.22 5591.21 5088.68 4123.36 6959.6 6577.57 13600.4
 12806.1 11562.5 15348.7 3618.93 18165.5 7063.85 22726.1 9727.2 6724.27 10023.2 12089 5683.41 22865.7 7289.85 11242.1 8766.76 15617.7 7292.74 6032.06 16477.3
 19403.2 11988.7 17651.6 10785.3 6747.6 9288.06 11285.6 10323.4 16493.3 6172.42 10108.2 18255.3 9912.06 9634.19 18207.3 10092.9 13705.8 10122.4 8209.48 7881.91
 12190.1 10980.4 14011.4 6911.77 6288.74 13340.6 12067.5 14762 7027 8552.42 5128.16 5545.92 5515.47 5413.4 5655.63 6776.69 5069.76 6770.01 7180.22 13679
 12933.6 8165.18 3750.39 4102.92 4312.94 5613.24 5153.17 6075.38 7784.81 6807.15 7837.04 11485.2 4137.68 9783.37 7048.88 6659.02 8901.49 5165.09 6756.56 13533.4
 16461.6 9878.71 11103 11242.7 7687.2 4945.07 4061.28 6652.29 6291.57 7810.37 13286.3 7171.88 10719.5 15171.8 9578.05 8815.68 9188.49 9104.01 7428.39 4516.79
 10829.9 18705.7 18893.9 20424.2 26738.6 9401.91 16481.6 14194.7 8184.87 9475.57 11474 11030.8 9374.69 9528.75 10929.3 9295.17 4971.95 5049.31 6334.5 16138.1
 17513.7 12633.8 9805.05 9225.62 6559.21 5010.07 3932.44 4640.39 4260.91 6854.78 4655.33 5210.48 7281.07 3855.02 3795.44 8758.75 8865.5 6797 5896.22 5381.41
 16804.6 12219.2 19379.2 13162 18901.3 16169.3 22065.4 18108.8 18283.8 17956.7 11967.2 9289.35 11919.5 8487.67 10974.4 10811.7 11090.7 8088.97 6681.02 8031.18
 19109.7 12896.1 20426.1 12868.7 20163.1 14927.5 17668.5 12081.4 19325.1 18309.2 14023.5 27323.3 16364.8 22824.7 17240.1 19833.3 15691 18163.5 19154.5 17707.2
 11624.1 6898.43 5120.76 4581.25 3908.31 5032.71 4709.05 4622.61 4768.31 6851.39 5143.88 4356.33 2807.61 5449.35 3664.93 8215.95 13471.8 4986.65 6893.64 5575.52
 24563.8 18653.8 14961.6 13802 15233.2 10704.1 5454.28 10535.9 10859.2 6740.14 7438.57 8543.89 5315.3 5959.4 9169.92 8057.19 9018.67 4590.35 6348.39 5127.62
 12539.9 11975.3 6444.32 5877.29 3893.53 9517.54 7437.72 9013.72 6859.32 4061.91 4957.65 8356.23 12704.5 3733.68 4853.07 3764.23 3746.33 4518.96 6074.89 7460.12
 10388.3 23555.1 20080.3 14080.4 11934.4 9994.78 8695.28 10853.1 8820.88 4228.61 6208.21 5474.52 5754.11 7492.43 6067.42 8990.95 9119.31 10472.6 10241.9 9081.6
 12126.6 8688.52 6330.64 5252.09 7015.03 10518.7 10660.1 12940.6 19344.4 13849.2 7528.89 6726.3 8753.28 7475.4 13692.8 10365.4 19879.3 15207.5 19225.3 15409.8
 23080.9 18417.4 17734.9 9774.43 9820.29 13146.5 14806.1 20476.4 10522.9 7055.8 7989.27 7194.98 4473.9 5854.58 3537.33 5090.67 4887.27 5050.54 10002.4 6855.93
 19493.6 11712.1 14775.3 15570.4 9099.89 16525.3 8238.99 16923.6 8909.06 6690.46 5094.61 3736.03 3015.83 5318.95 3952.28 4129.94 4097.55 5117.91 3743.76 3145.34
 11411.9 8591.37 12689.5 11684 14145.8 11727.7 8274.93 5887.73 4749.86 7463.83 8307.48 4288.94 4210.47 5150.78 8464.6 7130.58 6143.19 7896.63 4567.58 5344.7
 15910.3 11185.7 13528.4 7610.05 11566.8 10074.4 19740.7 13928.1 12345.6 9488.21 7612.14 7656.15 17932.1 10983.9 13402.9 9996.49 7629.43 14629 8364.82 8915.24
 16040.5 11345.6 14349.4 9971.89 14547.9 16354.6 21514 8927.86 14654 15372.1 8511.23 19731.9 16839.6 20185.7 16592.3 9996.14 10316.6 8344.65 6856.54 8460.53
 11635.6 8769 14174.1 4365.63 13025.4 6565.98 4489.17 4954.4 6474.33 8180.66 6102.19 6293.68 4645 4995.17 2755.43 3786.44 2828.65 3777.46 4191.96 4430.18
 12943.3 9088.07 7840.9 6743.72 3816.2 3007.04 4757.23 4546.01 3102.61 6004.58 4992.58 7850 7725.46 13049 9951.35 8062.54 10218.7 8143.93 6177.35 7157.61
 13543.4 21145.7 22920.9 20008 12778 13828 7262.41 5333 5679.77 3197.2 4512.89 2499.52 6197.75 4659.07 7418.6 8083.58 12067.3 6728.97 8139.14 11699.6
 8012.51 7473.27 11581.6 8884.01 6946.11 8004.42 9967.09 6784.73 9055.75 5851.06 6766.91 4015.86 4644.78 5338.15 10627.5 8543.88 7217.22 5224.54 4628.38 4427.99
 13359.4 10669.8 11100.8 12497.1 7237.93 5300.99 7128.26 8122.16 7679.42 6879.31 3699.29 4294.91 2340.37 8202.97 10152.4 9185.43 4601.39 10226.8 8133.17 5647.23
 8761.35 5666.28 6423.81 4432.39 5770.74 8263.65 5653.1 5817.57 5832.26 4207.73 11800.3 7037.01 8048.25 5068.29 5266.99 4048.1 5128.73 6178.47 11423.3 7113.59
 14960.9 17257.7 16452.1 22460.2 21787 12990.3 13229.1 8898.32 10518.7 8496.31 9984.9 7282.91 3126.32 4229.01 8634.29 7383.28 6628.1 6073.97 5216.21 8657.37
 11600.3 14716.2 6267.27 16269.1 10313.9 14709.6 12304.6 18201.4 9916.89 18992.8 16112.5 4852.02 11943.2 12064 15960.3 8006.76 6860.75 6484.66 10180.7 11867.9
 7539.47 10665.4 8432.64 17912.9 13536.6 11824.1 12981.7 6991.13 10997.4 4341.74 11141.6 11634.3 5881.45 3944.08 12799.3 9262.76 13542.8 4751.58 5824.15 6972.11
 15340.9 9181.11 13141 10364.9 5225.68 12167.4 7565.84 7978.47 5599.42 3665.15 5715.44 4617.34 4909.51 5383.91 5647.12 3077.85 7038.64 6025.2 5088.9 7223.89
 10506.5 10163 9063.97 8894.18 9192.28 10029.6 6806.72 9312.01 9604.16 16337.6 6569.21 9694.23 11957.4 6864.5 9430.49 10819.8 6941.09 6085.99 8964.01 6191.04
 8571.97 8012.77 9356.58 8993.37 11249.9 6896.98 6020.85 4466.05 3585.36 8151.34 6000.59 4722.92 6865.28 5940.95 3663.03 6231.93 5480.52 8226.42 9827.1 3974.56
 11340.1 8061.83 5502.41 5639.13 5976.19 10169.6 5567.18 4717.03 7275.4 6104.16 3412.43 11658.4 7116.01 8746.14 8240.84 8995.51 6998.95 7182.94 6324.1 5239.27
 10683.1 23194.8 11952.4 19624.4 17233.9 9901.14 10368.2 13701.7 14279.1 12170.1 9309.78 9389.39 3707.12 7527.27 5288.35 5617.77 7006.71 7027.54 6468.37 3253.33
 23674.3 10029.1 23099.5 20931.4 13200.4 20309.8 20441.3 10093.1 12937.2 9143.64 7461.12 6970.51 4567.95 2710.21 5367.63 10669.3 3518.66 11141.8 12575.7 11158.3
 10060.1 11242.9 10557.3 10080.9 8415.35 8010.74 18015.6 7703.36 8072.43 12476.4 9011.38 7301.7 8998.73 11677.4 7520.75 12063 8600.14 9355.27 7057.11 10290.2
 13759.1 11449.1 14619.5 8337.48 5680.09 8872.45 5221.06 7495.13 5554.52 4075.18 4109.97 2110.17 2253.7 4036.64 3566.98 3573.88 5904.96 3050.74 4504.22 6343.63
 16238.4 16276.4 20013.5 14283.2 13217.7 11770.6 13200.7 10482 7086.52 11592 9488.38 7261.51 4626.25 5950.29 6584.64 8282.77 10696.1 6484.46 12854.6 7632.74
 15175.1 11579.2 13711.1 12110.9 11645 7002.44 9913 15466.7 11025.3 23002.2 12502.4 16356.2 10387 12561.7 10241.3 8719.97 6254.58 8878.83 5885.94 7869.61
 13773.4 8693.54 5981.93 4528.79 6538.04 6414.07 6523.31 6779.53 3786.07 4219.69 3417.92 4415.8 8089.77 8852.14 7559.63 7945.62 7347.1 6561.35 5381.01 2701.32
 16260.6 15160.6 14551 17321.2 12750.8 17865.2 11842.9 19753.7 6233.89 10061.7 6737.99 10153.4 9096.85 9900.01 5507.95 9311 8198.72 8486.19 6129.9 7735.62
 16418 23885.7 19190.8 17488.9 15809.6 14367.5 6772.02 13197.9 5218.82 7286.34 13013.6 4969.53 6776.65 5605.77 3225.35 7249.83 5555.67 5823.92 4823.25 3570.13
 15888.3 11538.7 15332.9 10132.6 17232.3 9689.39 17606 18498.4 10792.7 8007.09 11212.3 9749.13 7713.26 15278.7 18092.3 9099.71 13706.9 10505.5 8520.74 15519
 14815.8 20681.1 34720.2 12182.2 20014.3 14058.5 9267.79 10655.6 7341.82 5838.47 8362.66 3666.45 6383.56 3891.76 4408.44 4298.86 6745.71 6102.32 3569.44 3933.04
 17379.3 13589.8 8665.5 9116.93 9105.41 8169.66 12360.1 7781.89 10195.6 15915.4 11026.6 9792.8 8171.59 4641.6 4016.48 6732.27 5434.68 6246.02 8677.94 11276.3
 12284.5 13164.8 12983.7 10680.9 6122.75 10928.6 8363.09 6069.45 6036.72 5128.14 7385.41 9794.39 8399.36 4102.2 6295.98 5174.44 5831.65 6538.11 2641.36 4826.02
 39906.6 30080.6 28792.1 24006.6 15844.5 18070.3 10503.1 11996.8 9848.3 8757 15085.2 23700.7 13145.9 11959.1 15082.4 10744.4 10392.4 7367.2 8726.49 9259.25
 8359.18 29059.2 14651.9 14970.9 10126.5 10295.1 3773.89 20681.6 9600.8 15289 13899.4 9212.57 12982.1 9968.76 6402.31 8363.04 14485.6 11474.8 11980.7 11147.1
 26581.2 11071.6 19295.5 17732.9 8485.03 12291.3 6553.18 9233.16 11271.1 22720.4 14614.2 31780.1 8819.66 28198.5 12557.9 13234.9 10206.2 6288.72 11493.8 6670.87
 7799.14 9067.78 8657.53 8735.83 9470.09 15741.3 5374.97 10600.7 6828.08 8156 9077.6 7635.71 8390.9 7695.66 5083.21 3735.19 5986.58 4216.58 3236.86 4782.01
 19786.2 4872.35 7517.46 10476.9 9378.96 8567.05 7764.09 6916.35 5003.01 3954.05 3029.95 3534.99 2812.57 3961.3 3610.61 3489.3 2716.22 2250.66 4196.78 3531.15
 11322.4 6735.39 12956.1 7366.61 17300 14434.9 9908.41 12697.6 6253.77 9548.28 5497.94 7280.86 5502.63 5410.82 4759.86 10345 5418.91 8416.94 7635.37 7381.81
 14390 4535.31 3172.05 5388.37 6304.44 4465.36 8306.17 10702.3 5720.17 5159.51 6247.13 5531.16 5510.83 9061.37 7357.28 4866.19 3877.72 3762.55 5749.1 3751.91
 12462.2 7940.98 13726.2 8743 13623.1 9207.73 12470.9 10849.7 6047.85 9596.85 8140.54 10520.1 6429 7464.35 7561.2 7077.49 8145.23 5289.75 5027.31 6019.85
 9224.53 11859.5 16237.2 7387.52 19925.6 13445.4 7809.8 8093.89 4990.24 8287.09 4561.49 4777.73 3121.28 5171.87 4276.53 10988.2 4987.08 6634.54 5414.92 4798.8
 21454.9 11625.3 26883.9 9994.6 24576.2 12946.5 11106.4 15617.6 9832.78 14878.6 5855.1 12145.1 4448.35 10371.2 5429.91 8603.01 3882.56 8455.48 7828.64 8200.87
 20546.3 9793.66 4568.65 15894.5 19754.4 9748.45 8238.07 10249 6812.59 8056.34 9449.59 7551.03 9584.84 7564.09 5939.92 5059.05 5193.23 6069.33 4323.14 2707.22
 16763.3 10884.3 7773.25 11094.7 8287.88 9871.05 5760.42 6807.4 3777.31 7736.15 5249.25 4204 3405.81 6351.17 10353.6 6010.63 8420.64 6805.4 7604.54 6503.78
 8157.18 8390.68 12236 11876.6 10430.8 7262.82 5330.19 9973.65 11260 11193.8 12821.5 7811 10680 6889.68 10715.2 4453.54 9585.12 6736.02 6768.84 5275.87
 7476.97 9543.74 7743.33 7422.98 6073.14 6178.79 5368.28 5341.27 9042.59 3995.13 13363 4207.01 7168.06 6132.83 4300.9 8048.92 5608.8 8739.24 10513.1 7147.54
 8807.5 8786.04 9334.03 11496.3 15036.9 8589.71 10347.9 12041.2 6990.91 5238.67 10575.1 6071.09 4158.74 7266.54 10244.2 6079.05 7207.18 6861.33 9268.12 5650.14
 11056.1 4572 3967.57 3382.83 4430.86 3951.34 7546.88 9606.78 11557.3 12805.2 12372.5 7638.33 13269.5 9404.18 14241.7 8976.22 7450.03 5964.83 8189.4 4689.42
 7343.92 11104.4 7194.4 6798.64 4564.5 7009.32 4248.81 5055.18 6523.22 4595.95 6314.29 4296.98 7613.82 10043.6 7840.92 8785.97 11256.7 5176.13 11456.6 8501.5
 10844.9 5369.23 4176.95 4789.46 4270.72 7142 6200.94 6847.23 11319.9 9335.42 6004.58 3689.83 2670.71 5380.41 5178.03 5083.41 3634.43 3958.3 5078.68 7746.86
 29529.9 14876 25916.6 27282.9 15841.3 33153.3 12889.9 19111.8 26565.8 25929.4 17546.3 25647.6 26454.3 14535.1 12587 11412 16417 14203.7 15490.6 11477.8
 15493.9 11797 8152.87 8050.91 6896.98 3002.11 2794.61 3764.03 6355.02 7539.68 11236 9188.51 10675 8773.89 4192.44 3995.85 3064.66 3558.94 3824.44 4992.87
 11628.9 18733.8 9151.25 6472.53 6529.3 8145.74 7021.56 11085.7 3564.66 8665.46 5162.23 6285.92 6166.96 4133.85 4445.11 3948.56 5314.86 2451.22 3690.87 3448.49
 14466.9 13616.1 15178.4 10333.6 12350.6 9691.85 8975.43 4025.37 3390.3 2412.69 2292.79 4974.55 3543.48 4638.04 6392.25 4819.91 6488.6 4812.36 5972.74 4599.77
 16269.9 10523.5 13957.4 12301.3 13028.4 6237.22 19318 6934.75 13353 12030.4 13780.8 9670.08 10231.3 3615.92 8429.46 8763.31 6201.18 6469.67 4478.3 7539.03
 23209 11706.5 17983.5 19838.3 15755.6 13571.4 7368.62 18198.9 15861.3 13912.5 12655.6 10823.1 24178.4 18084.1 21525.5 8910.74 11750.4 13579.6 20869.8 7152.28
 22691.3 7171.59 10513.5 5877.71 3831.9 3883.51 4644 2643.6 7078.9 6161.63 11599.5 5815.05 7696.52 8142.67 5272.75 5736.76 12212 14177 4010.76 9625.06
 4497.71 12102.8 5384.42 14346.7 6800.19 12357.6 5003.65 14148.5 5395.74 6957.31 3794.14 9306.51 11303.6 7151.81 7155.91 9513 10335.7 6461.79 6409.63 6850.09
 17008.1 7587.11 15757.3 13107.4 8934.32 5691.94 10327.2 17146.5 4341.09 6402.21 5079.46 7107.9 3421.16 3706.92 5379.35 6079.97 4630.89 2852.72 3011.58 3245.08
 8078.38 8462.66 4804.89 3940.95 5981.64 2658.82 5782.54 7414.1 4113.51 4798.52 8720.23 3941.37 7938.68 4166.36 4182.49 4752.98 2366.68 8528.34 5023.8 5520.27
 9935.85 8765.13 7190.99 6723.08 8051.98 13498.4 4726.42 7758.83 5598.48 4355.32 5046.8 6380.4 4049.93 6288.87 4053.12 6088.7 5166.71 2353.82 6742.2 9078.83
 9392.34 10653.1 9415.16 8327.67 10063.5 15804.6 6273.93 6252.57 6772.41 7223.69 3982.05 4664.46 5825.72 3491.09 7673.99 7328.96 3735.98 4898.14 3873.55 3557.89
 13860.2 13478.3 10088.8 6121.93 2969.98 9427.76 8654.95 10362.1 9023.55 7538.55 6805.08 3947.94 5959.39 4882.1 5469.11 8771.21 2905.65 6804.65 7592.91 5596.58
 16425.8 7545.25 8782.72 7332.74 11212 4003.64 3915.81 5195.59 7723.85 5088.19 5908.98 8679.25 4251.73 5607.2 5731.61 2854.26 5479.26 2591.3 5388.48 3999.5
 12538.8 11566.6 20011.2 13754.6 7571.32 12454.8 11867.4 4696.98 15457.9 7615.53 4657.92 12654.2 12908.8 6539.07 8061.63 5455.27 8915.54 3138.55 6473.32 2893.62
 25166.7 22681.5 9352.66 8836.12 13804.1 17456.7 28364.5 10250.6 13634.2 10073.1 9864.2 9319.34 10572.9 4443.89 6455.07 4834.61 4206.96 3305.93 2910.95 3105.82
 5596.42 10178.7 6424.57 3281.71 2239.11 2966.68 3122.95 2899.98 3144.46 3663.58 5779.02 3518.75 4639.61 7133.03 4986.69 4849.47 2090.82 7983.49 4638.9 5560.02
 17160.8 6704.79 15077 3608.79 10281.6 3874.94 4594.7 5259.81 3780.6 1358.15 3421.56 5342.18 4925.42 8726.1 4672.68 6344.2 5376.03 5173.02 3680.37 4207.91
 11174.4 5619.55 7485.55 11918.2 7604.39 7835.55 6151.7 6961.46 4850.17 3195.77 6541.49 9311.61 8966.38 5566.6 8115.77 9624.49 8352.8 6586.27 6105.71 6896.27
 13783.7 7798.32 13819.7 4835.43 5680.47 3186 6280.82 7281.76 7785.26 4903.94 7446.78 4290.95 6253.01 6251.27 5123.21 4564.04 4559.72 7031.26 3953.87 7026.25
 23760.8 11947.3 12049 13473.9 9960.55 8941.57 10874.5 11709.4 7648.58 9588.03 7786.34 6107.44 9264.08 5091.48 3622.14 4315.21 4394.59 4017.57 3507.52 4829.19
 10814.1 19803.5 7953.58 11432.7 9585.68 9715.28 23406.9 9393.53 11656.8 14822.6 16919 11376.7 11017.1 14650.2 13544 4884.14 13563.9 6152.56 12475.6 10280.2
 9674.6 50768.7 22288.2 30879.2 14824 32264.3 10200 13570.4 13106.9 18577 12176.5 8500.51 6772.22 5764.83 6721.58 4099.78 4351.66 4165.08 7140.97 5732.47
 10839.4 14345.7 17224.2 11093 15230.5 15615.6 10683.9 6625.6 3669.48 5542.94 2642.12 4516.3 4331.6 4164.02 3609.29 4340.25 6960.24 4530.45 3854.98 3131.38
 11566 11830.7 10486.8 18645.1 13574 14775.4 27847.4 10213.9 14984.5 14038.8 11641.5 18136.6 11154.8 20131.4 14145.9 18301.8 11472.2 13846.2 12984 8813.83
 18515.2 24381.6 21551.6 26952.5 13947.4 18761.5 13995.1 14758 16133.7 14890.8 12443.6 16287.8 10823 7377.97 6704.41 6667.9 5315.88 5212.72 3350.76 2112.73
 24139.1 9424.19 16550.4 10050.8 10738.9 13455.1 13010.6 6603.78 8415.63 4750.98 4538.87 3439.87 7191.66 3706.86 4946.13 6887.01 5373.67 8400.91 3858.94 5683.48
 17269.7 25746.5 12606 15778.6 13530.2 7500.55 10369.3 7162.58 6475.89 7745.25 12434.4 7867.7 18395.5 9702.06 11849.1 16149 11229.9 10288.2 8489.75 12497.7
 13943.9 5633.25 3078.08 2976.09 4156.47 4073.42 6362.51 5098.35 8404.94 12049.8 16832.5 5962.54 11546.2 10164 5448.06 6730.88 7221.63 4334.6 3927.95 4066.29
 14879.2 15137.1 14833.2 13737.9 13588 14000.1 10400 8206.33 7955.56 4975.52 6738.59 4738.22 5229.52 5088.31 4630.43 6134.86 5578.37 3920.27 6568.82 2476.59
 18131 11797 15309.5 18175.2 18558.7 10427.7 14940.1 9198.21 11112.1 6393.08 7589.78 8888.65 3610.74 8768.47 8033.28 11622.5 8792.36 7802.72 8644.01 8307.84
 14661 11635.9 9884.09 7146.91 9276.28 6860.39 8591.33 7714.69 6561.7 3894.48 7090.68 11509.2 10834.7 11785.9 12252.3 9168.63 10923.3 12553.3 6815.63 15190.3
 16035.6 18873.3 16765.9 20571.8 15476.7 15826.3 12817.1 8802.82 13502.1 14876.9 10732.8 18573.9 9076.03 12978.7 9675.04 11119.1 11105.7 7395.35 9650.58 15822
 11010.3 17339 12208.9 10866.6 8764.4 6074.19 3683.66 5582.45 5779.97 5574.14 15028.8 3023.26 8424.94 5988.11 5742.65 6399.05 6731.3 5047.49 5872.3 5027.33
 10022.3 4375.4 4166.97 5203.76 9650.24 7475.74 6695.16 5395.89 4107.25 4659.48 5513.68 5603.69 8284.03 11952.5 12746.5 9374.59 5679.5 6564.63 9679.85 5894.19
 9031.69 17109.3 11711.2 21354 15793.9 18072.9 8823.99 9925.47 4277.34 5058.67 3678.24 3290.54 2583.43 8346.42 12210.2 6972.72 6857.91 6084.13 6263.82 6485.92
 12593.3 8800.45 5070.43 2870.72 3692.81 2133.56 4071.78 7793.36 5157.67 9876.69 11280 7551.13 5572.38 7219.62 5254.45 5001.62 5867.44 4588.08 4656.09 5425.53
 13213.2 17186 19000.8 21023.9 7679.07 9707.69 8538.58 7781.97 9935.47 9395.33 7942.8 4905.25 9189.04 9189.67 8005.9 5329.92 5493.06 12251 6353.55 9647.88
 13520.1 12725.1 6364.86 8596.65 7541.56 11347.2 11778.6 8922.73 8481.71 6532.24 2818.19 3648.58 4347.33 4031.57 8431.02 3476.33 4281.18 9681.23 8100.22 10107.2
 13917.5 9475.45 14841 4522.17 18352.5 5200.01 13141.7 2676.26 7701.06 6807.98 9194.81 5261.1 4821.68 8010.75 3643.05 10331.6 8349.39 8643.7 10989.7 14300.5
 10098.8 9426.94 11427.4 2936.26 9577.08 9802.15 8537.2 6455.06 8370.11 6997.19 15096.2 14974.7 10517 6748.86 5367.28 5475.32 1932.1 2874.78 3858.37 1304.8
 18186.2 9381.32 16541.7 11762.3 8552.44 6054.71 7414.31 3359.88 5397.38 3689.64 7045.01 5899.09 7582.09 7626.27 6251.19 3014.9 13071.2 3749.82 4708.45 3234.76
 29160.1 10111.8 13490.8 16839.9 10705.7 8429.68 12326.1 22655.4 7319.47 14736.7 13859.9 9750.75 8852.24 5965.01 5954.06 4885.34 5373.11 5229.2 6579.54 7299.61
 9870.01 9363.72 8539.01 8682.1 5150.69 8698.92 10601 7735.37 5241.13 4268.36 6650.23 4326.33 2800.93 2622.74 1780.31 1762.76 1828.45 1466.52 1055.57 161.742
 12144.3 18306.4 9301.3 11761.4 16549.8 14108.5 3612.26 13197.1 9007.58 13137.3 10943.8 12897.3 6220.83 8106.76 4796.56 3836.51 5542.43 3410.67 4837.94 4607.97
 18795.7 27074.3 10828.6 33112.7 26547.8 8360.24 16727.2 14627.8 17331.1 18030.8 9958.58 14771.7 12214.4 6477.17 16234.9 6953.76 12963.8 16551.6 6846.99 9611.73
 13212.6 8821.9 10035.9 12078.2 8300.11 12851 9533.82 15031 5233.41 5778.54 4934.69 14510.4 10409.2 13451.5 4902.71 15384.4 6994.73 10292.7 6287.11 8810.15
 6238.66 5764.18 2850.7 9879.64 2830.01 11317.6 8086.52 6116.6 2572.41 5695.61 5351.51 5833.49 7101.36 4813.58 6786.65 4577.74 10764.2 5782.46 12687.5 6032.76
 13637.8 10811.4 10491.2 4912.68 8507.33 14493.8 5056.83 6305.51 11271.4 6272.2 4991.94 4977.24 14158.6 5931.97 12918.8 8514.72 5347.66 6771.52 5246.77 2046.15
 13938.9 10472.4 6045.22 9681.5 8291.52 19650.7 14140 14364.5 16233.6 10144 10853.6 8996.05 12125.5 11358.1 6445.68 9887.03 4452.39 6352.16 4262.46 6864.22
 8344.67 8278.02 5912.16 10869.8 12452.2 7935.59 11554.3 6933.58 6565.96 3578.48 6498.09 3140.06 10413.7 5884.94 11316.5 9458.31 5318.92 12017.8 4716.26 8852.23
 11412.2 8300.34 10710.3 9429.35 5781.75 9326.68 12428.6 8772.3 6234.69 11686.6 7291.62 14498.3 13873.9 7582.22 12022.5 10841.2 10195.9 8832.65 9117.95 8029.09
 13896.9 21498.8 15900.4 18034.5 8736.96 4470.59 3305.85 2539.97 4851.63 4396.86 6097.96 4403.86 11899.3 11428.6 7931.89 10271.3 13002.3 10697.3 8524.64 13032.6
 8731.33 3996.95 12969.6 4015 8276.94 13349.2 11603.3 5801.81 6486.34 3820.28 4826.85 3630.43 9052.13 6965.34 7091.83 9498.74 8085.25 4152.66 10084.8 3170.97
 13000.1 21997.2 15060.7 12598.3 42693.9 30603.3 18878.3 24303.5 10826.4 9994.45 14908.3 9754.53 7160.46 5989.25 7993.07 6132.43 3548.19 7930.9 10141.7 13883
 9589.96 8545.87 6047.17 2681.66 1495.17 1394.48 2673.81 1841.31 3777.79 2656.98 5424.04 2296.23 2569.58 3356.63 2306.26 6978.09 9040.29 4890.62 2773.25 6058.41
 12832.7 8209.54 10179.8 9246.93 6148.23 9706.96 11332.2 11118.4 5812.04 9456.47 3048.62 6193.37 6688.3 9485.37 5243.88 11428.4 11619.7 16327 9826.53 10732.5
 14439.6 12688.3 24662.9 8067.02 19781.9 16209.8 14301.8 9441.77 11728.5 6121.84 5322.86 4151.66 5701.39 2668.85 9760.47 4797.1 6018.38 11248.5 5523.12 7262.77
 6715.44 7147.41 5218.36 3639.62 2316.09 1924.14 3784.85 3273.61 2799.22 11383.9 5951.35 5727.84 7572.51 5674.77 5249.58 4055.29 3755.36 7902.87 7427.12 5607.7
