 0.322537 0.213328 0.174218 0.185937 0.215618 0.194172 0.247323 0.305558 0.333104 0.342518 0.300896 0.312406 0.716728 1.18632 0.914878 0.551537 0.476495 0.465759 0.516457 0.598383
 0.435643 0.744078 0.690617 1.45103 0.910346 0.451134 0.397288 0.411292 0.387509 0.295569 0.334041 0.59169 0.383874 0.254501 0.388074 0.42722 0.47912 0.524455 0.442394 0.388407
 0.442583 1.06765 0.602103 0.530043 0.69233 1.18902 1.29883 1.16869 1.4805 2.11347 36.863 51.7072 51.8192 51.8192 51.8192 51.8192 51.8192 51.8192 51.8192 51.8192
 0.393966 0.613522 0.510144 0.394938 0.298748 0.316951 0.3755 0.431957 0.475726 0.630749 0.46418 0.472307 0.399275 0.429916 0.360129 0.230057 0.173157 0.229157 0.33709 0.548485
 0.479438 0.619237 0.405697 0.791558 1.11918 1.22165 2.40151 5.18358 48.814 51.8106 51.8192 51.8192 51.8192 51.8192 51.8192 51.8192 51.8192 51.8192 51.8192 51.8192
 0.374068 0.303044 0.235028 0.233511 0.293401 0.356522 0.348327 0.827198 0.735005 0.65184 0.775192 0.649012 0.346104 0.548985 0.434157 0.530807 0.572875 0.31516 0.367235 0.459683
 0.364341 0.50181 0.918785 1.1168 0.927104 1.07551 0.723573 0.508629 0.569097 0.613689 0.546828 0.12937 0.436582 0.412761 0.290345 0.172558 0.14812 0.154311 0.221606 0.388971
 0.294336 0.263021 0.234422 0.192693 0.16796 0.199157 0.17776 0.141973 0.11653 0.0925908 0.125406 0.175896 0.281264 0.448639 0.427507 0.65737 0.6064 0.598523 0.499847 0.423231
 0.346298 0.526443 1.43264 0.801334 0.599339 0.744705 0.760824 0.581832 0.405359 0.461328 0.484475 0.435173 0.15717 0.115603 0.350798 0.328486 0.317036 0.371945 0.441015 0.257465
 0.360748 0.647844 0.635493 0.715445 0.716913 0.451681 0.488184 0.419056 0.528414 0.49782 0.714244 0.715932 0.505075 0.273588 0.388084 0.317628 0.5272 0.678151 0.364144 0.338378
 0.292023 0.327335 0.619333 0.668489 1.01733 0.673491 0.691836 0.767895 0.673183 0.513821 0.480694 0.409141 0.478263 0.340666 0.298754 0.410889 0.429585 0.46395 0.384384 0.344345
 0.367292 0.381758 0.938396 1.36116 0.562813 0.439253 0.512664 0.570511 0.469713 0.628534 0.554146 0.474715 0.470656 0.465213 0.536782 0.655275 0.315301 0.28621 0.409631 0.37229
 0.248249 0.197008 0.231902 0.265303 0.217331 0.209364 0.207779 0.238044 0.21916 0.225374 0.272123 0.259307 0.281762 0.428653 0.410256 0.482562 0.583957 0.475366 0.408257 0.435441
 0.448666 1.19831 0.883284 0.910176 0.786221 0.709505 0.451438 0.299674 0.437932 0.444884 0.547251 0.510025 0.497659 0.521645 0.583082 0.267137 0.13965 0.203989 0.31444 0.559134
 0.419821 0.913321 1.54772 0.538874 0.544394 0.550016 0.631431 0.550439 0.418926 0.263363 0.222533 0.215999 0.280814 0.330831 0.303062 0.439363 0.558963 0.572959 0.432853 0.570952
 0.309151 0.458731 0.448888 0.383584 0.548255 0.753494 0.834517 0.43055 0.391919 0.401733 0.337687 0.360171 0.328564 0.348333 0.233707 0.482883 0.29194 0.23469 0.147295 0.133925
 0.220426 0.170874 0.173508 0.154288 0.165114 0.161018 0.143248 0.15526 0.178919 0.201539 0.255838 0.271649 0.471594 0.353347 0.271108 0.219775 0.277142 0.448836 0.360891 0.335752
 0.333489 0.609484 0.452415 0.336625 0.281253 0.248281 0.29023 0.513211 0.708487 0.460436 0.368492 0.351023 0.10497 0.444183 0.442855 0.536051 0.435302 0.31198 0.235804 0.340252
 0.312264 0.410255 0.40921 0.425005 0.378153 0.437549 0.620153 0.655705 0.411285 0.540769 0.633728 0.557606 0.470295 0.428998 0.344869 0.333243 0.297393 0.250441 0.213955 0.281669
 0.508923 0.437535 0.294513 0.284556 0.255258 0.252905 0.301551 0.343384 0.355478 0.303442 0.19736 0.207931 0.275172 0.414233 0.599376 0.371393 0.365301 0.477011 0.460379 0.47409
 0.301278 0.17065 0.118261 0.126164 0.0183222 0.0211206 0.0150188 0.0117127 0.0148504 0.0162222 0.0145018 0.0179302 0.0229414 0.0196014 0.0149105 0.0140157 0.016051 0.0183101 0.0148376 0.0135694
 0.437824 0.690558 0.503226 0.555248 0.507957 0.429325 0.465358 0.364577 0.302826 0.321599 0.32205 0.343739 0.385402 0.464274 0.698497 0.803476 0.42681 0.557148 0.605681 0.629826
 0.520213 0.723805 0.800481 0.765345 0.667242 0.759427 0.777686 0.523643 0.519521 0.45203 0.582562 0.526739 0.409566 0.484267 0.75597 0.501141 0.341986 0.386507 0.318799 0.41154
 0.497833 0.879115 1.34659 0.939837 0.844683 0.46056 0.430166 0.491175 0.357981 0.23361 0.480859 0.533425 0.502709 0.618697 0.486485 0.431183 0.611219 0.625411 0.502121 0.485431
 0.369368 0.437019 1.07386 0.783765 0.519012 0.450198 0.303147 0.243936 0.256224 0.198822 0.130989 0.136943 0.188966 0.209198 0.185174 0.250119 0.237845 0.162678 0.170723 0.17624
 0.170098 0.0928357 0.0838118 0.100527 0.131073 0.11714 0.102286 0.123576 0.168382 0.25162 0.408965 0.370362 0.273077 0.425683 0.487719 0.725324 0.540695 0.395694 0.555096 0.574445
 0.338399 0.202604 0.141727 0.151358 0.192427 0.187622 0.19054 0.312334 0.295645 0.315488 0.349805 0.37233 0.647797 0.73454 0.662017 0.487446 0.600199 0.504337 0.828039 0.975126
 0.263541 0.217011 0.289934 0.0311797 0.0271793 0.0224256 0.0161063 0.0132211 0.013608 0.0135813 0.0135764 0.0137113 0.0156822 0.0154701 0.0133938 0.0135171 0.0150175 0.0129131 0.01206 0.0153095
 0.305244 0.369268 0.280802 0.192695 0.185379 0.221515 0.190172 0.135903 0.14089 0.171176 0.202232 0.153638 0.0927755 0.0745777 0.0779331 0.0865786 0.22762 0.374486 0.340455 0.297136
 0.306199 0.547015 0.441762 0.386801 0.266421 0.25156 0.268164 0.320053 0.315967 0.326418 0.407366 0.467144 0.411981 0.373139 0.322758 0.321119 0.342212 0.252664 0.218983 0.188862
 0.333998 0.56605 0.654172 0.639665 0.663909 0.575754 0.485902 0.524833 0.526195 0.546932 0.582844 0.331931 0.475994 0.366909 0.410012 0.326114 0.397523 0.262389 0.273346 0.292232
 0.421908 0.394417 0.346257 0.321918 0.695758 0.740545 0.995713 0.83271 0.939819 0.894249 0.836725 0.612259 0.498279 0.37762 0.451543 0.495354 0.544267 0.544017 0.441469 0.360434
 0.564336 0.525491 1.1603 1.14121 0.959779 1.63339 11.808 50.6156 51.819 51.8192 51.8192 51.8192 51.8192 51.8192 51.8192 51.8192 51.8192 51.8192 51.8192 51.8192
 0.650513 1.05865 1.99587 2.22766 2.9176 3.37995 39.7672 51.8096 51.8192 51.8192 51.8192 51.8192 51.8192 51.8192 51.8192 51.8192 51.8192 51.8192 51.8192 51.8192
 0.740122 1.73364 0.755735 0.351163 0.337612 0.379677 0.476596 0.697905 0.437158 0.378575 0.185123 0.124347 0.122627 0.129354 0.125434 0.120969 0.13182 0.127282 0.120212 0.136836
 0.444213 0.763312 0.493783 0.3799 0.31115 0.340248 0.50791 0.736993 0.955613 1.16513 1.1079 0.673714 0.671807 0.63323 0.765676 1.24568 0.939843 0.666574 0.545405 0.416918
 0.501481 0.979324 1.62434 2.30236 2.05552 10.2654 51.1369 51.8184 51.8192 51.8192 51.8192 51.8192 51.8192 51.8192 51.8192 51.8192 51.8192 51.8192 51.8192 51.8192
 0.442542 0.34218 0.290674 0.398829 0.474224 0.26226 0.314086 0.586172 1.22561 0.725498 0.623954 0.593259 0.577864 0.86837 0.615293 0.569422 0.678553 1.26536 1.37795 0.9431
 0.506593 1.14983 1.07775 0.525732 0.983549 0.676037 0.525351 0.554299 0.583573 0.359199 0.216128 0.215503 0.507702 0.500062 0.467537 0.498403 0.525062 0.766551 0.403356 0.418199
 0.353948 0.27762 0.577652 0.684907 0.433826 0.343818 0.282756 0.238411 0.306853 0.317509 0.347935 0.408257 0.327722 0.30743 0.395463 0.484986 0.579165 0.33235 0.228252 0.255277
 0.465117 1.0732 0.606384 0.4549 0.61815 0.917175 1.01252 0.64236 0.479133 0.510013 0.374001 0.347794 0.426858 0.426643 0.600227 0.452172 0.427183 0.313151 0.416255 0.405282
 0.372707 0.218628 0.147774 0.175872 0.226838 0.224882 0.290403 0.344159 0.391261 0.660139 0.612096 0.666235 0.622177 0.444381 0.478146 0.658181 0.480276 0.415671 0.432342 0.530243
 0.261574 0.322047 0.693043 0.528615 0.288131 0.240754 0.192669 0.253439 0.310071 0.314663 0.452905 0.388111 0.289418 0.237483 0.185711 0.25642 0.241016 0.16448 0.18663 0.241251
 0.340286 0.318039 0.311136 0.42917 0.442841 1.05946 0.656047 0.405427 0.395206 0.47374 0.356108 0.353785 0.391969 0.47444 0.409003 0.530208 0.53268 0.530531 0.613586 0.263841
 0.358644 0.617825 0.69663 1.01659 0.92216 0.515775 0.394345 0.238788 0.269035 0.321066 0.489561 0.551642 0.534142 0.458006 0.38108 0.329361 0.407029 0.602143 0.419202 0.355232
 0.347432 0.582642 0.327106 0.243468 0.264678 0.326572 0.575036 0.73574 0.627475 0.4814 0.511223 0.445565 0.410665 0.524764 0.335387 0.204569 0.229719 0.27577 0.346526 0.555253
 0.290579 0.236267 0.215966 0.218457 0.235118 0.173258 0.129562 0.150597 0.201934 0.292067 0.398089 0.303826 0.260937 0.351121 0.347803 0.578959 0.685311 0.847729 0.679653 0.424765
 0.522632 0.440559 0.465003 1.33169 1.2878 0.715206 0.591367 0.724286 0.987643 0.838044 0.450115 0.435377 0.51879 0.650269 0.673898 0.466872 0.465611 0.50507 0.670602 0.85188
 0.411867 0.652617 0.540792 0.506968 0.431239 0.40387 0.4013 0.406221 0.345213 0.287874 0.24481 0.252975 0.383482 0.699213 0.921122 0.786497 0.717815 0.549274 0.59693 0.727772
 0.354848 0.455877 0.334411 0.385465 0.512939 0.321109 0.23101 0.332283 0.564339 0.578352 0.644978 0.517576 0.366516 0.333097 0.323836 0.347595 0.502458 0.66297 0.645759 0.382789
 0.524813 1.27179 0.753042 0.583588 0.720802 0.864497 0.410277 0.43792 0.561765 0.819383 0.668222 0.486695 0.331046 0.242641 0.259259 0.213977 0.171403 0.208397 0.179194 0.141709
 0.488896 0.2926 0.239849 0.155214 0.124152 0.155653 0.223925 0.328161 0.423215 0.384296 0.364667 0.433901 0.484891 1.10685 0.880272 0.641371 0.779257 0.728247 0.651595 0.58609
 0.420536 1.06469 1.12259 0.371117 0.172304 0.180829 0.211412 0.243391 0.305533 0.638239 0.515433 0.524193 0.456569 0.534592 0.51613 0.477599 0.408457 0.426617 0.45416 0.493927
 0.439687 0.84375 0.921358 0.697732 0.533932 0.628449 0.627964 0.495582 0.423262 0.522092 0.725954 0.81759 0.706929 0.585234 0.56395 0.674078 0.736469 0.382089 0.191562 0.216708
 0.294863 0.203664 0.215987 0.216339 0.254234 0.311166 0.273865 0.244618 0.222339 0.196986 0.268365 0.351968 1.12194 1.33708 0.832068 0.834723 1.43857 1.50056 1.11824 1.10773
 0.343497 0.29338 0.242567 0.31035 0.458512 1.99073 0.932733 0.799197 1.03948 1.18919 0.803384 0.648949 0.544145 0.501674 0.493824 0.614383 0.414629 0.243723 0.440566 0.510621
 0.303395 0.310945 0.366283 0.362378 0.496242 0.719353 0.54438 0.699125 0.971685 1.12302 1.19102 1.07257 1.21139 0.90364 0.644539 0.292115 0.373295 0.537528 0.615967 0.497656
 0.655014 0.340268 0.149721 0.173372 0.197023 0.187719 0.219793 0.267219 0.245064 0.265499 0.281635 0.378233 0.523983 1.13654 1.01053 0.674584 0.706759 0.609125 0.690582 0.732273
 0.579798 1.06245 1.04493 0.730496 1.08141 1.77575 0.640503 0.886037 0.89155 0.874342 1.01575 1.97625 19.1709 51.4757 51.8192 51.8192 51.8192 51.8192 51.8192 51.8192
 0.386529 0.734361 1.30422 0.716544 0.875935 0.688215 0.741569 0.764581 0.289233 0.168756 0.452051 0.48379 0.427531 0.455077 0.575443 0.760236 0.588819 0.471407 0.51041 0.638609
 0.536103 0.82334 0.765827 0.929036 1.37607 1.11456 1.00233 1.08645 0.863923 0.669842 0.645226 0.593726 0.742457 1.01987 1.02043 0.726446 0.535154 0.474784 0.475319 0.455451
 0.675608 1.1416 1.3046 1.00976 0.689285 1.2374 1.21325 0.999657 1.33053 1.0207 1.2647 1.31826 1.03322 1.03161 1.33138 1.3158 1.62982 0.761573 0.491679 0.468676
 0.34235 0.251134 0.209505 0.198555 0.25406 0.342362 0.481002 0.471061 0.379072 0.551293 0.79342 1.19943 0.795264 0.987539 0.523678 0.469258 0.705522 0.620759 0.682436 0.709754
 0.58767 1.48771 1.03757 0.832361 1.06349 1.03959 0.89176 0.393955 0.515116 0.729018 0.445059 0.705646 0.921074 0.716224 0.579119 0.559611 0.616133 0.55487 0.547186 0.433886
 0.357101 0.651993 0.978553 0.601146 0.489492 0.275488 0.168266 0.212807 0.715153 0.882733 0.635155 0.856858 0.970607 0.745567 0.468452 0.363137 0.533426 0.408285 0.429948 0.449685
 0.395318 0.937633 1.11901 0.74138 0.511754 0.822736 0.695615 0.673234 0.562005 0.382144 0.459034 0.377425 0.397847 0.390008 0.376154 0.480369 0.404828 0.29791 0.350066 0.407581
 0.324358 0.255837 0.223897 0.186808 0.164809 0.198975 0.277803 0.308765 0.259329 0.24019 0.241851 0.143711 0.100335 0.102946 0.110277 0.13884 0.20491 0.116727 0.0702403 0.0770337
 0.362373 0.260192 0.260722 0.297556 0.36609 0.302744 0.233599 0.221077 0.231018 0.254073 0.211933 0.20799 0.299244 0.404583 0.674565 0.732464 0.986207 0.513153 0.317781 0.41134
 0.349809 0.367952 0.345289 0.324888 0.426661 0.969307 1.61957 0.40388 0.393007 0.424944 0.443363 0.476291 0.490606 0.473086 0.529166 0.494914 0.295363 0.300638 0.354316 0.484985
 0.41237 0.776769 1.2164 1.86243 2.02246 0.921903 0.761903 0.65682 0.702317 0.614086 0.473223 0.548438 0.529258 0.5917 0.549456 0.614263 0.486095 0.508244 0.522171 0.727519
 0.310305 0.286722 0.348752 0.321055 0.771245 0.962554 0.724955 0.912964 0.717476 0.693094 0.741826 0.687896 0.513398 0.52031 0.511048 0.319592 0.532694 0.440674 0.22891 0.303476
 0.306511 0.284433 0.237459 0.219407 0.277689 0.277597 0.311343 0.446482 0.736862 0.569833 0.506932 0.431656 0.41795 0.378654 0.642051 0.307663 0.380539 0.358488 0.463062 0.412183
 0.426997 0.620507 0.395061 0.452686 0.703117 0.660892 0.3774 0.213993 0.291905 0.404168 0.369954 0.279045 0.331337 0.397217 0.406343 0.43174 0.571261 0.776046 0.645555 0.382927
 0.332213 0.281936 0.299119 0.363456 0.427941 0.925656 0.490617 0.43818 0.52758 0.469334 0.482962 0.47255 0.384591 0.555953 0.627264 0.521294 0.396654 0.407018 0.815967 1.09696
 0.492838 0.778581 0.731497 0.688014 0.504861 0.548298 0.721071 0.720947 0.548083 0.402538 0.498835 0.56945 0.650281 0.467382 0.275449 0.295151 0.402949 0.344333 0.307188 0.293131
 0.406342 0.256279 0.161628 0.135404 0.143158 0.197134 0.249184 0.202024 0.239164 0.208395 0.172131 0.165136 0.215403 0.233044 0.287243 0.668763 0.724706 0.582823 0.414339 0.611745
 0.319155 0.268571 0.289212 0.251933 0.281246 0.398768 0.632972 0.574901 0.628087 0.77033 0.426958 0.364179 0.336681 0.366003 0.324637 0.339677 0.375822 0.306188 0.324914 0.367591
 0.417305 0.38633 1.14194 0.83981 0.438937 0.509456 0.493618 0.625612 0.691381 0.63327 0.703318 0.480873 0.525235 0.211489 0.364907 0.557597 0.517717 0.428453 0.413429 0.289076
 0.462628 1.09796 0.777336 0.555369 0.524398 0.424381 0.454921 0.363494 0.466594 0.825889 0.754841 0.588059 0.343341 0.213143 0.253914 0.336256 0.328882 0.279501 0.356046 0.409199
 0.413182 0.318671 0.310767 0.304231 0.391515 0.998664 0.668547 0.6423 0.436062 0.295366 0.435912 0.472072 0.323361 0.375687 0.363826 0.284128 0.316736 0.41795 0.535998 0.513645
 0.33744 0.647108 0.666798 0.803125 1.02006 0.375309 0.395898 0.354822 0.365736 0.542565 0.700864 0.585906 0.571299 0.509715 0.631063 0.514612 0.465706 0.479296 0.530984 0.404163
 0.340029 0.952868 1.17097 0.637354 0.520766 0.450933 0.463022 0.541028 0.644584 0.554421 0.507412 0.440187 0.441093 0.425456 0.501386 0.391186 0.355359 0.334436 0.416109 0.391185
 0.317428 0.344804 0.598714 0.616186 0.720659 0.702529 0.651619 0.490241 0.486579 0.40244 0.303187 0.337169 0.401798 0.301699 0.253038 0.301296 0.359916 0.375011 0.443006 0.595087
 0.316562 0.428801 0.244824 0.213824 0.177829 0.154146 0.228057 0.30918 0.41915 0.570399 0.521081 0.390807 0.386485 0.393083 0.384586 0.424594 0.582374 0.511845 0.416829 0.214027
 0.355477 0.359203 0.368304 0.440358 0.811106 0.834757 0.760701 0.650382 0.726681 0.466912 0.419392 0.473984 0.326633 0.431611 0.606651 0.410127 0.324179 0.406647 0.426683 0.467885
 0.316214 0.381673 0.310317 0.224553 0.200611 0.178673 0.185251 0.173579 0.174389 0.173116 0.192888 0.257433 0.292767 0.285948 0.250664 0.212592 0.25027 0.268775 0.313874 0.472862
 0.299238 0.321525 0.284517 0.223264 0.248409 0.229902 0.241778 0.260658 0.228084 0.160248 0.168861 0.139082 0.103022 0.126917 0.148714 0.160833 0.145486 0.13122 0.115485 0.115672
 0.405795 1.06051 1.0816 1.05326 0.713464 0.784463 0.868098 0.620593 0.621415 0.6604 0.812809 0.757103 0.814883 0.457426 0.465311 0.337611 0.29111 0.277619 0.526005 0.748945
 0.279547 0.200601 0.224613 0.272646 0.280292 0.256276 0.347177 0.753313 0.553738 0.618004 0.606512 0.632266 0.643491 0.561343 0.421703 0.342542 0.35586 0.524136 0.239737 0.522374
 0.42928 0.785076 0.996564 0.843696 0.995457 0.489859 0.611553 0.58526 0.805091 0.762735 0.755382 0.384235 0.35111 0.47178 0.818183 0.610491 0.708959 0.605109 0.433294 0.475162
 0.438395 0.34301 0.236863 0.299453 0.440874 0.404139 0.295227 0.357196 0.362763 0.637294 0.158069 0.496058 0.586599 0.496404 0.50052 0.357521 0.473354 0.338293 0.339065 0.368654
 0.366017 0.746073 1.00723 0.79542 0.467832 0.369978 0.405324 0.506251 0.375918 0.294423 0.35139 0.541704 0.305645 0.476654 0.311078 0.232243 0.171723 0.117586 0.130017 0.1605
 0.26703 0.203332 0.218855 0.289768 0.391389 0.262263 0.173381 0.143022 0.147952 0.222344 0.370959 0.647262 0.498144 0.565409 0.611601 0.528262 0.506377 0.456611 0.312324 0.375612
 0.339105 0.219142 0.280011 0.339238 0.334697 0.325526 0.293108 0.279229 0.237476 0.309106 0.801678 0.932406 0.789197 0.518569 0.534122 0.55461 0.589615 0.553644 0.548253 0.596609
 0.493821 0.631538 0.395643 0.363701 0.32969 0.284991 0.335814 0.480923 0.768657 0.518176 0.371784 0.47329 0.627281 0.680312 0.392894 0.465442 0.503657 0.414228 0.481205 0.421583
 0.316731 0.261251 0.271805 0.310058 0.350063 0.312054 0.232186 0.158134 0.147597 0.165405 0.224652 0.327301 0.326462 0.200439 0.219775 0.259223 0.311583 0.329893 0.295099 0.312678
 0.32367 0.288953 0.250203 0.200809 0.221804 0.193287 0.148674 0.134874 0.166597 0.157883 0.146074 0.140825 0.097953 0.0924354 0.107728 0.138274 0.189306 0.223881 0.266402 0.395282
 0.464163 0.92528 0.625268 0.718974 0.518188 0.73111 0.945378 0.777956 0.539912 0.522928 0.628886 0.675029 0.653256 0.516274 0.466467 0.596715 0.757016 0.511488 0.585142 0.519151
 0.319729 0.511329 0.572705 0.716849 0.897176 0.81849 0.416496 0.453012 0.669166 0.381822 0.439597 0.378202 0.389564 0.289489 0.204206 0.229784 0.360229 0.358015 0.325175 0.393277
 0.365251 0.364923 0.203059 0.170126 0.222169 0.326969 0.425287 0.675622 0.607937 0.850175 0.706665 0.770889 0.349349 0.365631 0.252739 0.264701 0.274071 0.257805 0.374569 0.299033
 0.373244 0.589553 0.379152 0.478581 0.551516 0.331301 0.34056 0.505777 0.364452 0.37537 0.270116 0.452425 0.130402 0.462689 0.252981 0.238257 0.276827 0.338539 0.382212 0.382333
 0.367167 0.609856 0.460957 0.371352 0.411439 0.694944 0.590858 0.388314 0.380205 0.506244 0.691052 0.75413 0.846059 0.260574 0.242748 0.354947 0.527579 0.366828 0.396646 0.458596
 0.354246 0.819154 0.611289 0.623557 0.503534 0.403318 0.465443 0.524779 0.481671 0.377636 0.296236 0.350909 0.356501 0.43836 0.5089 0.571109 0.48123 0.343609 0.253049 0.286861
 0.270353 0.375634 0.360462 0.294927 0.214785 0.20875 0.266217 0.399066 0.549481 0.439157 0.315081 0.385349 0.725513 0.643261 0.283443 0.279973 0.342204 0.468088 0.489087 0.315578
 0.382967 0.487103 0.517732 0.433575 0.320051 0.279598 0.267781 0.272585 0.107803 0.0992511 0.0798587 0.0844514 0.122465 0.142357 0.106751 0.0941985 0.123122 0.159937 0.331359 0.264498
 0.496838 0.527435 0.506493 0.343517 0.255479 0.288373 0.338102 0.368068 0.408425 0.570185 0.434718 0.453558 0.394604 0.495172 0.329805 0.35508 0.355802 0.405861 0.544287 0.46449
 0.348734 0.252653 0.488146 0.0428959 0.0366809 0.299267 0.321772 0.438551 0.791735 0.663875 0.459093 0.437126 0.501212 0.460178 0.450577 0.44921 0.397586 0.431918 0.39789 0.343354
 0.463942 0.811512 0.854659 0.797165 0.737063 0.530103 0.641903 0.557471 0.549354 0.379945 0.293289 0.368738 0.424083 0.371166 0.521059 0.454121 0.347131 0.41563 0.457657 0.579085
 0.40852 0.657651 0.614514 0.499118 0.467249 0.62981 0.737396 0.701991 0.630352 0.459644 0.441081 0.495953 0.47969 0.416951 0.449145 0.468084 0.448612 0.339514 0.316765 0.466702
 0.531415 1.01101 1.19967 0.88792 0.491252 0.422192 0.533485 0.790368 0.740371 0.60355 0.516442 0.3049 0.36368 0.382457 0.542129 0.556135 0.553871 0.475161 0.44387 0.427149
 0.516136 0.731753 0.0482787 0.0366181 0.0311385 0.0315546 0.0402128 0.0499886 0.416985 0.401483 0.435535 0.536817 0.685872 0.832678 0.608661 0.748276 0.528967 0.569741 0.772655 0.905471
 0.290151 0.191652 0.193833 0.154182 0.170705 0.213399 0.163925 0.132104 0.180064 0.29118 0.404512 0.703985 1.0556 0.986791 0.506235 0.325878 0.501037 0.31773 0.283444 0.241342
 0.579651 0.656732 0.557944 0.457303 0.623085 0.619195 0.322256 0.216525 0.317009 0.5204 0.402114 0.549095 0.548964 0.436119 0.451416 0.417721 0.406448 0.505107 0.554103 0.339603
 0.452834 0.681989 0.643477 0.574517 0.817804 0.418884 0.540817 0.632476 0.672868 0.76603 0.642905 0.843109 1.36424 0.733622 0.561474 0.574427 0.433953 0.578525 0.504495 0.403146
 0.394146 0.346069 0.231491 0.196709 0.256928 0.372264 0.303158 0.233724 0.309362 0.600024 0.546335 0.704326 0.578648 0.532649 0.456362 0.351395 0.327764 0.436724 0.283712 0.211351
 0.364812 0.355936 0.334061 0.273138 0.303323 0.324151 0.58122 0.36081 0.258415 0.207587 0.167871 0.208754 0.240256 0.324308 0.362837 0.404937 0.593478 0.425887 0.441384 0.330078
 0.523378 0.733202 0.798792 0.795114 0.604011 0.505384 0.581487 0.754651 0.986411 0.766589 0.761359 0.646212 0.460422 0.408575 0.526085 0.380956 0.343456 0.616411 0.644695 0.853975
 0.384523 0.260904 0.251619 0.241936 0.221413 0.216598 0.203535 0.189012 0.163991 0.261135 0.404092 0.698493 0.461265 0.561317 0.602067 0.401945 0.331008 0.424143 0.482736 0.339706
 0.36603 0.221309 0.172518 0.18117 0.187877 0.20383 0.258274 0.334485 0.318431 0.759696 0.499238 0.303125 0.540142 0.803097 0.74418 0.489252 0.526389 0.507713 0.586503 0.630762
 0.330477 0.292593 0.266669 0.259865 0.212522 0.175618 0.174698 0.151456 0.163034 0.226013 0.255976 0.213298 0.203833 0.17814 0.117889 0.101828 0.121591 0.145347 0.172415 0.161102
 0.307059 0.241544 0.121832 0.0860425 0.107394 0.149899 0.218522 0.293531 0.310149 0.396451 0.785753 1.07847 0.64055 0.535338 0.559913 0.741242 0.513534 0.494961 0.463621 0.429539
 0.320561 0.293205 0.303889 0.409216 0.670114 0.610879 0.436302 0.3521 0.522485 0.362207 0.243274 0.281075 0.425727 0.65541 0.130276 0.176336 0.424896 0.478998 0.378646 0.304842
 0.508338 0.651475 0.693832 0.683916 0.695055 0.530029 0.55692 0.750826 0.867635 0.638141 0.369557 0.571044 0.564005 0.299317 0.560851 0.506015 0.230986 0.552364 0.690723 0.650252
 0.161674 0.0809024 0.074573 0.091794 0.115201 0.144771 0.174465 0.218779 0.225843 0.244891 0.219939 0.127876 0.0938405 0.111466 0.155139 0.199347 0.22555 0.23038 0.249848 0.232206
 0.52733 0.281574 0.140369 0.180614 0.303382 0.557686 0.969005 0.214304 0.101876 0.108454 0.115219 0.144356 0.178142 0.158807 0.179143 0.221053 0.332974 0.253352 0.302342 0.36579
 0.258761 0.151256 0.18174 0.223431 0.272392 0.351025 0.40504 0.938768 0.609802 0.366115 0.235541 0.188344 0.177658 0.205578 0.19835 0.265305 0.357906 0.470639 0.549893 0.520709
 0.53851 0.660939 0.642486 0.688427 0.50513 0.385632 0.314477 0.425602 0.528311 0.490299 0.365329 0.476044 0.551849 0.576694 0.541553 0.7046 0.542188 0.543258 0.631038 0.501394
 0.441707 0.386385 0.998432 0.733857 0.587777 0.638052 0.568275 0.621669 0.874264 1.01664 1.08776 0.930573 0.875586 0.754433 0.485066 0.574611 0.50195 0.766616 0.621229 0.517791
 0.714496 1.43728 0.438888 0.447507 0.429264 0.3539 0.341398 0.437311 0.568221 0.711312 0.603532 0.617972 0.695235 0.693376 0.503171 0.375578 0.36768 0.40171 0.446228 0.369076
 0.494799 0.868661 1.11073 0.804733 0.570235 0.69305 0.505807 0.34684 0.341348 0.401183 0.558309 0.485681 0.507884 0.439566 0.412588 0.432716 0.478381 0.516159 0.507243 0.572272
 0.446415 0.76548 0.320067 0.354978 0.458103 0.527463 0.460176 0.334244 0.369824 0.403966 0.422029 0.386952 0.377714 0.387118 0.409849 0.337686 0.357515 0.396917 0.445659 0.408174
 0.446207 0.529717 0.506818 0.046622 0.332041 0.241036 0.302242 0.498894 0.85804 0.419731 0.414674 0.452141 0.537787 0.507321 0.44418 0.271167 0.365589 0.356608 0.474605 0.484507
 0.318619 0.198018 0.179558 0.164599 0.197345 0.191895 0.236812 0.279821 0.243949 0.228593 0.200836 0.25311 0.301589 0.772437 0.727321 0.593877 0.555567 0.49701 0.4572 0.485166
 0.326351 0.0382493 0.0383263 0.70255 0.569216 0.450652 0.643108 0.994469 1.02124 0.829471 0.610566 0.427021 0.421403 0.550558 0.669952 0.885499 0.722184 0.61103 0.573938 0.586814
 0.359968 0.298969 0.317276 0.413961 0.830844 0.717726 0.758367 0.868549 0.805288 0.52492 0.457527 0.561359 0.860489 0.546909 0.304179 0.349108 0.356245 0.511197 0.37822 0.361569
 0.534321 0.675334 0.589056 0.67938 0.725386 0.816646 0.840429 0.387783 0.400814 0.3752 0.318296 0.289699 0.359883 0.440984 0.438701 0.432201 0.425429 0.450746 0.474632 0.554345
 0.556088 0.641778 0.573949 0.680254 0.849698 0.674907 0.653583 0.597417 0.472929 0.559688 0.38081 0.273525 0.479467 0.588433 0.553875 0.369735 0.494868 0.542564 0.453088 0.385293
 0.509706 0.953286 0.887376 0.614509 0.56019 0.502081 0.630557 0.681658 0.667396 0.733273 0.439973 0.429547 0.53087 0.574151 0.491795 0.47564 0.468634 0.728657 0.47864 0.541843
 0.492863 1.40197 1.0026 0.823264 0.749139 0.712698 0.423354 0.37823 0.380142 0.328683 0.31721 0.372917 0.393359 0.327742 0.342023 0.331792 0.410265 0.605224 0.427207 0.531108
 0.723992 0.493139 0.568241 0.754618 1.17547 0.664213 0.873608 0.660221 0.513252 0.586391 0.291403 0.451018 0.261678 0.488752 0.576111 0.530731 0.432844 0.467293 0.342201 0.366764
 0.579368 1.26287 1.08993 0.665158 0.700959 0.51189 0.565795 0.548599 0.376535 0.503542 0.712556 0.743153 0.733085 0.543528 0.473329 0.690187 0.934584 0.692814 0.422886 0.336668
 0.300718 0.0309274 0.0281135 0.0239324 0.0214666 0.0225331 0.0223042 0.0278429 0.0276305 0.0210676 0.0194835 0.0219836 0.19388 0.233743 0.370991 0.49731 0.339397 0.243461 0.240723 0.283224
 0.526586 0.370655 0.417785 1.18896 1.08419 1.13854 0.848728 0.597011 0.434145 0.442355 0.33792 0.407179 0.464242 0.435381 0.491503 0.672249 0.6674 0.529286 0.590987 0.518203
 0.56087 0.540496 0.406143 0.646484 1.34427 0.619891 0.42639 0.447895 0.596477 0.519347 0.59547 0.519799 0.546046 0.591043 0.588126 0.628317 0.568475 0.514249 0.562415 0.628967
 0.400738 0.377548 0.319632 0.317606 0.335358 0.332865 0.364963 0.498204 1.65652 1.4009 0.783992 0.481876 0.547758 0.616106 0.444406 0.385581 0.456117 0.511168 0.539844 0.490617
 0.471271 0.472604 0.501866 0.45347 0.351257 0.345132 0.342638 0.231088 0.268152 0.315276 0.299382 0.300559 0.315784 0.352565 0.740215 0.802327 0.507748 0.458114 0.611094 0.495385
 0.330209 0.267454 0.272167 0.23485 0.203623 0.198769 0.212954 0.263582 0.206153 0.183265 0.173844 0.168229 0.161161 0.107989 0.102761 0.115465 0.156617 0.178938 0.158163 0.135982
 0.283896 0.261834 0.347875 0.521083 1.53397 0.641739 0.552721 0.651585 0.49792 0.487962 0.35601 0.4459 0.446835 0.434609 0.415215 0.466923 0.313927 0.263368 0.229817 0.351453
 0.48182 0.640565 0.938457 0.987441 1.01323 0.749997 0.89571 0.627392 0.525105 0.755813 0.902371 0.596243 0.565099 0.633486 0.565562 0.52992 0.407443 0.499843 0.68604 0.678871
 0.466083 0.394811 0.384156 0.327947 0.328825 0.417036 1.26735 0.829305 0.411071 0.505615 1.03339 1.15983 0.909602 0.982455 0.848031 0.691924 0.56283 0.598973 0.750688 0.945874
 0.484087 0.777206 1.09007 0.871808 0.650376 0.650372 0.78206 0.598302 0.617863 0.662065 0.627205 0.571692 0.393094 0.485862 0.576017 0.604194 0.701077 0.440955 0.467614 0.507463
 0.52169 0.782158 0.905504 1.09207 0.788456 0.528508 0.358671 0.689165 0.818887 0.698971 0.759281 0.658302 0.758056 0.551378 0.492367 0.525395 0.788684 0.812653 0.538578 0.425089
 0.55379 0.783979 0.908366 1.16125 0.921263 0.656028 0.495348 0.852678 1.00356 0.902746 1.17049 0.660041 0.551863 0.79796 0.616462 0.581501 0.596207 0.631368 0.664218 0.869009
 0.422658 0.861763 0.867716 0.909191 1.12993 0.486123 0.392876 0.526572 0.652474 0.762171 0.744184 0.706416 0.603756 0.601763 0.546701 0.536886 0.494739 0.527496 0.585084 0.609083
 0.433723 0.385515 0.877437 1.31108 0.836684 0.778023 0.838152 1.03057 0.819977 1.11086 0.77143 0.669045 0.663711 0.640545 0.772686 0.758825 0.622043 0.706336 0.638652 0.894083
 0.597744 1.13619 0.879803 0.543573 0.536008 0.758514 0.818239 0.88388 0.701986 0.453734 0.535493 0.672763 0.594589 0.552918 0.750141 1.09187 0.753873 0.857545 0.774511 0.984648
 0.391888 0.224679 0.187487 0.255636 0.369176 0.366806 0.223069 0.147728 0.168725 0.233299 0.357371 0.480132 0.366471 0.306155 0.42589 1.24735 1.8394 1.6338 1.43708 1.61774
 1.00641 1.03852 1.2382 1.76604 1.8617 1.26179 1.06085 1.13465 0.872558 0.686035 0.645301 0.0483058 0.806925 0.850889 0.817706 1.1104 1.77384 0.54443 0.573311 0.544514
 0.481421 0.514709 0.864136 0.889567 0.709104 0.918318 0.958284 1.02268 1.06439 1.20399 0.874017 0.569149 0.522599 0.459829 0.451338 0.440771 0.58888 0.591779 0.553946 0.695106
 0.676423 1.73405 0.833411 0.628156 0.845661 0.813471 1.08337 1.01559 0.935952 1.08913 0.750462 0.438694 0.394138 0.479387 0.675828 0.55582 0.458565 0.528302 0.554714 0.606988
 0.497446 0.673152 0.849917 0.99456 1.15069 0.935738 0.707241 0.525817 0.462153 0.544516 0.684082 0.706336 0.662138 0.641398 0.712942 0.604078 0.630161 0.566093 0.55045 0.429294
 0.348268 0.203702 0.222996 0.301495 0.35479 0.392942 0.674522 0.488557 0.422011 0.517585 0.728665 0.808768 0.449151 0.382645 0.438385 0.626398 0.517872 0.528584 0.505137 0.424456
 0.524341 0.8201 0.0584997 0.048319 0.0363048 0.035279 0.0363955 0.0259328 0.0284913 0.0357753 0.0333259 0.0290126 0.0326928 0.0403303 0.0361122 0.112615 0.168804 0.222987 0.411728 0.386248
 0.602551 0.384133 0.0338548 0.0299895 0.0326052 0.039636 0.0444118 0.0545512 0.358253 0.4064 0.405915 0.542214 1.01595 1.2351 0.581646 0.845463 1.17333 1.02753 0.623761 0.70077
 0.461406 0.570493 0.419679 0.364094 0.370634 0.326166 0.382576 0.591545 1.98201 0.762928 0.547838 0.805329 1.11595 0.75732 0.555096 0.544681 0.388965 0.432124 0.510703 0.722839
 0.450297 0.643037 0.676924 0.442885 0.274775 0.313938 0.270544 0.173434 0.136109 0.185928 0.239391 0.223016 0.175527 0.177 0.163537 0.158423 0.144508 0.166918 0.172443 0.176393
 0.436885 0.245831 0.175906 0.173113 0.179671 0.215428 0.227706 0.248894 0.254873 0.270631 0.262941 0.256203 0.250605 0.335795 0.446099 0.583598 0.849608 0.940484 1.28103 1.31335
 0.31599 0.232392 0.273579 0.337552 0.384569 0.337188 0.279908 0.290146 0.433916 1.39494 0.880397 0.85908 0.547946 0.574188 0.540159 0.409862 0.48802 0.352074 0.408856 0.414662
 0.353656 0.209335 0.153628 0.185145 0.249709 0.332318 0.386299 0.350993 0.776066 0.533522 0.361579 0.281827 0.273407 0.239776 0.241865 0.200736 0.164171 0.190855 0.247559 0.280132
 0.506384 1.55989 1.24101 0.727249 0.590218 0.722352 0.505278 0.538566 0.413575 0.315289 0.207714 0.208935 0.304698 0.35242 0.372154 0.556867 0.551741 0.886142 0.719509 0.599095
 0.374486 0.357387 0.319654 0.319543 0.283616 0.278778 0.287953 0.44259 0.650235 1.54313 0.869879 0.743011 0.857163 0.60539 0.803905 0.66229 0.610653 0.670075 0.511528 0.518815
 0.39106 0.30938 0.312281 0.258931 0.209375 0.201713 0.271356 0.322037 0.369485 0.421238 0.867342 0.626552 0.485957 0.595068 0.551879 0.525167 0.453273 0.66313 0.593729 0.510391
 0.551296 0.894205 0.95792 1.16544 0.831842 0.661415 0.599806 0.665603 0.9103 0.851785 0.67025 0.649304 0.509216 0.411745 0.347603 0.33569 0.381956 0.420935 0.404573 0.504584
 0.498595 0.37675 0.269086 0.2181 0.214015 0.251398 0.295929 0.361959 0.411096 0.290111 0.231644 0.246145 0.237789 0.279658 0.285149 0.295098 0.270053 0.277395 0.303195 0.202185
 0.548345 0.703225 0.459825 0.490524 0.748295 1.64995 1.41832 0.623943 0.509396 0.629533 0.384726 0.229028 0.531096 0.748487 0.621718 0.556839 0.463821 0.447914 0.593561 0.569403
 0.462395 0.962632 1.33931 0.82493 0.571759 0.5925 0.667731 0.922734 0.958837 0.803118 0.598424 0.551783 0.368968 0.247025 0.191471 0.184216 0.239215 0.587121 0.680812 0.0460023
 0.482493 0.513583 0.327552 0.296983 0.233597 0.226038 0.272083 0.431432 0.639251 0.925724 1.01386 0.967933 0.831224 0.348894 0.264311 0.227377 0.384131 0.415317 0.412602 0.378729
 0.525652 1.26445 1.25616 1.99315 0.760013 0.490912 0.651624 0.679957 0.619725 0.445093 0.438251 0.411639 0.7866 0.842118 0.694073 0.534371 0.646616 0.519518 0.453966 0.583666
 0.405547 0.604506 0.408557 0.353993 0.396207 0.619677 0.771012 0.601566 0.402995 0.642287 0.684623 0.53668 0.501524 0.504612 0.464091 0.542936 0.553239 0.336185 0.204156 0.390586
 0.376512 0.502402 0.482558 1.00711 0.714625 0.521917 0.521858 0.549264 0.69658 0.788381 0.976494 0.751994 0.631481 0.576536 0.442528 0.491159 0.664918 0.403989 0.401721 0.39656
 0.370807 0.392453 0.399935 0.352028 0.664376 0.551002 0.820601 1.04064 0.720155 0.580694 0.494466 0.707088 0.92642 0.505608 0.463608 0.382449 0.357889 0.455145 0.387166 0.34523
 0.416611 1.12991 1.01218 1.07567 0.540441 0.523945 0.623756 0.681798 0.665596 0.538229 0.429673 0.231393 0.183261 0.22152 0.35658 0.774118 0.806852 0.670748 0.715939 0.761952
 0.507025 0.462605 0.484428 0.41544 0.396808 0.565675 1.46975 1.90521 0.763775 0.509314 0.533519 0.683832 0.619404 0.579903 0.609318 0.729422 0.419956 0.39726 0.458712 0.990378
 0.233345 0.161842 0.211068 0.289102 0.276057 0.303218 0.337556 0.220685 0.15034 0.176847 0.192868 0.195646 0.271301 0.457484 0.972746 0.609811 0.567468 0.488504 0.447193 0.464451
 0.546272 0.9159 0.984209 0.851267 0.892973 0.751048 0.663406 0.792965 1.11796 0.833714 0.63562 0.729812 1.03049 1.50017 1.39223 1.89435 1.72366 1.98678 10.1637 50.9059
 0.51082 0.488204 0.380431 0.575151 0.684081 0.468081 0.498684 0.600649 0.473398 0.508779 0.424778 0.381717 0.377431 0.605969 0.895652 0.860868 0.790749 0.89488 0.219718 0.461763
 0.366835 0.236399 0.184963 0.162345 0.107075 0.107714 0.16938 0.258868 0.2632 0.189291 0.169928 0.223357 0.27256 0.303017 0.241937 0.169516 0.197228 0.209596 0.225094 0.277869
 0.452779 0.759517 0.820779 0.591663 0.638469 0.506158 0.55993 0.566121 0.637953 0.905653 0.544766 0.289912 0.168983 0.136149 0.142924 0.164531 0.145126 0.163127 0.202257 0.266658
 0.860976 1.27408 1.22472 0.469252 0.652692 0.509081 0.663474 0.682907 0.770499 0.68973 0.567343 0.634301 0.512816 0.474417 0.484729 0.637853 0.407281 0.534914 0.455757 0.570753
 0.44907 0.906639 1.18631 0.765676 0.657818 0.397467 0.2769 0.614229 0.688483 0.67469 0.651722 0.661898 0.333865 0.152797 0.154923 0.180146 0.233663 0.619446 0.597976 0.496076
 0.646031 1.15439 1.23802 0.598616 0.493288 0.432104 0.292862 0.294371 0.326502 0.342573 0.396297 0.468094 0.489999 0.44499 0.447272 0.588601 0.61735 0.650184 0.725205 0.454904
 0.653393 1.19112 0.918808 0.636239 0.58556 0.576311 0.807528 0.860878 0.820705 0.999666 0.632501 0.734548 0.450064 0.444092 0.493604 0.500637 0.568358 0.506246 0.597398 0.412064
 0.412516 0.716566 0.622438 0.517281 0.775117 0.594974 0.53438 0.0382748 0.0325704 0.0316085 0.0300666 0.0264972 0.018948 0.01837 0.0234971 0.0264101 0.0248823 0.0259243 0.027927 0.0290961
 0.325901 0.418433 0.345682 0.373268 0.472326 1.01252 1.38371 0.667067 0.432938 0.480162 0.503166 0.675044 0.320205 0.330032 0.38002 0.43564 0.28796 0.251627 0.258173 0.32147
 0.517686 1.19453 0.269452 0.452236 0.47797 0.468775 0.33238 0.340752 0.669078 0.700449 0.588199 0.672961 0.401429 0.417445 0.417671 0.381112 0.41868 0.549083 0.475347 0.76462
 0.469761 0.460146 0.274055 0.335529 0.216226 0.111985 0.119989 0.177255 0.27574 0.490388 0.587404 0.451718 0.520907 0.847817 0.853491 0.800481 0.599377 0.461126 0.340158 0.28136
 0.642607 1.09392 1.7823 2.22888 2.33871 1.45032 0.778075 0.65614 0.557162 0.719852 0.451484 0.709816 0.926044 0.998504 0.846505 0.40369 0.359359 0.391199 0.498054 0.474012
 0.542028 0.991403 0.890616 0.772973 0.904167 0.60867 0.494362 0.441459 0.508969 0.563545 0.754939 0.729649 0.761371 0.553645 0.589004 0.458265 0.504703 0.395377 0.32442 0.334147
 0.437587 0.473725 0.250722 0.150937 0.170572 0.186935 0.190234 0.232632 0.314124 0.368591 0.529991 1.22633 0.728274 0.74466 0.450892 0.515956 0.468267 0.303047 0.305234 0.366221
 0.616841 1.09761 1.53075 1.58456 1.23483 1.00533 0.649816 0.67727 0.709605 0.341318 0.501521 0.580891 0.523475 0.555001 0.467035 0.545902 0.683852 0.453353 0.438324 0.489372
