 0.299652 0.155583 0.112028 0.114715 0.127077 0.119944 0.16911 0.153491 0.160116 0.194092 0.205231 0.236656 0.473361 0.762958 0.626966 0.550752 0.46042 0.524136 0.629544 0.563027
 0.356298 0.540678 0.441559 1.20207 0.894457 0.471949 0.337645 0.36433 0.344443 0.293847 0.293909 0.476894 0.301202 0.250768 0.309682 0.407252 0.440628 0.47882 0.405109 0.478814
 0.345331 0.689386 0.418479 0.423276 0.493531 0.818129 0.797201 0.957706 1.6874 1.69909 2.22554 2.22554 2.22554 2.22554 2.22554 2.22554 2.22554 2.18833 2.22551 2.22554
 0.366071 0.5474 0.332967 0.255115 0.196746 0.199365 0.263837 0.279223 0.315909 0.501284 0.317414 0.282456 0.369652 0.426887 0.422699 0.245497 0.176476 0.211737 0.305124 0.745306
 0.397884 0.320565 0.267475 0.502172 0.746603 0.758327 2.06123 2.22554 2.22554 2.22554 2.22554 2.22554 2.22554 2.22554 2.22554 2.22554 2.22554 2.22554 2.18614 2.22554
 0.260687 0.192469 0.136237 0.140076 0.151682 0.167961 0.210049 0.439988 0.347361 0.393452 0.497892 1.04206 0.286898 0.490849 0.387099 0.422844 0.527636 0.270236 0.329916 0.482125
 0.304398 0.337109 0.536034 0.681497 0.455227 0.875913 0.55503 0.386748 0.502988 0.443271 1.37769 0.126526 0.440397 0.350914 0.237594 0.157551 0.148533 0.177493 0.209542 0.351838
 0.241994 0.149171 0.108263 0.0890266 0.0830227 0.0922305 0.0788625 0.0835236 0.0695219 0.0581705 0.0682208 0.0872913 0.137091 0.217978 0.287813 0.550186 0.494197 0.490524 0.521343 0.385786
 0.285528 0.280628 0.903129 0.722889 0.471394 0.572393 0.603401 0.655286 0.430272 0.378629 0.434958 1.06583 0.148758 0.128915 0.299824 0.271048 0.258426 0.369189 0.567616 0.320846
 0.371993 0.448888 0.468877 0.528725 0.496003 0.383233 0.594651 0.375996 0.467408 0.357768 0.507109 0.592787 0.60621 0.247748 0.474224 0.322542 0.509249 0.737109 0.354297 0.40269
 0.263284 0.247651 0.371864 0.417897 0.749964 0.548618 0.656028 0.704271 0.73271 0.584213 0.612867 0.473079 0.547435 0.363952 0.310452 0.462161 0.418616 0.469762 0.451304 0.46605
 0.309931 0.251343 0.498424 1.00671 0.543916 0.483017 0.480186 0.531839 0.408852 0.500574 0.426384 0.57102 0.50824 0.489562 0.574523 0.679761 0.293666 0.319437 0.501158 0.345232
 0.237632 0.141525 0.154644 0.16474 0.122071 0.118466 0.117637 0.104189 0.110163 0.136775 0.16885 0.189717 0.251081 0.321987 0.296408 0.374811 0.415321 0.390538 0.463754 0.483728
 0.338908 0.695004 0.824999 0.780418 0.623493 0.607854 0.392693 0.284851 0.347905 0.368082 0.42933 0.42422 0.465259 0.459209 0.508073 0.238904 0.182503 0.214013 0.264775 0.558225
 0.347226 0.528739 2.02472 0.503074 0.434064 0.434087 0.397146 0.366293 0.313256 0.215991 0.169815 0.176508 0.205668 0.19959 0.258074 0.431575 0.458964 0.544635 0.438053 0.680536
 0.408526 0.448822 0.352963 0.370928 0.389773 0.572613 0.567805 0.340535 0.417068 0.407455 0.366593 0.459216 0.411869 0.813806 0.222392 0.44685 0.304963 0.954473 0.167936 0.165626
 0.249921 0.163675 0.132485 0.129143 0.119774 0.105745 0.100558 0.106572 0.128173 0.138882 0.188902 0.225869 0.612574 0.411504 0.283492 0.230702 0.281277 0.514941 0.465282 0.45554
 0.339833 0.478702 0.447111 0.327819 0.200394 0.197208 0.212933 0.430964 0.740662 0.548275 0.508446 2.22207 0.114152 0.515672 0.482976 0.686651 0.558292 0.477428 0.303316 0.50244
 0.349326 0.381406 0.338296 0.352343 0.342299 0.412783 0.515023 0.637142 0.350876 0.530668 0.617968 0.567318 0.555275 0.514202 0.370745 0.498333 0.397354 0.294519 0.30112 0.419042
 0.439368 0.331605 0.229668 0.242056 0.209014 0.171711 0.21391 0.22834 0.34717 0.263203 0.159168 0.158718 0.232831 0.365891 0.627866 0.414951 0.408612 0.646402 0.577682 0.618429
 0.285348 0.130146 0.0916688 2.22554 0.0118906 0.0119377 0.00906889 0.00842879 0.00933341 0.0089517 0.00939829 0.011005 0.0125191 0.0105655 0.00874383 0.00789717 0.00889206 0.00900329 0.00776669 0.00819065
 0.35661 0.543362 0.410212 0.439471 0.279908 0.26843 0.401192 0.257238 0.285745 0.274133 0.214818 0.202946 0.263046 0.364368 0.578307 0.722837 0.280248 0.459196 0.605836 0.674401
 0.441874 0.447959 0.4829 0.52655 0.433403 0.529235 0.703083 0.452008 0.553888 0.389456 0.513132 0.594452 0.421374 0.43464 0.671687 0.484291 0.325186 0.471714 0.329774 0.472535
 0.425729 0.496497 0.872 0.869889 0.712649 0.407193 0.434362 0.416208 0.256982 0.204377 0.36565 0.429995 0.425647 0.501461 0.425043 0.411509 0.584178 0.46744 0.438338 0.430223
 0.273234 0.232389 0.565646 0.536975 0.402517 0.341442 0.250921 0.190961 0.177803 0.153577 0.11918 0.128045 0.158282 0.160531 0.154985 0.209964 0.183417 0.147436 0.143311 0.137933
 0.182733 0.0795062 0.0630683 0.0706623 0.0877093 0.0851668 0.0792441 0.0832549 0.102622 0.140723 0.194012 0.236898 0.223827 0.370088 0.353421 0.540061 0.492288 0.34517 0.54107 0.519808
 0.266676 0.159644 0.119795 0.110927 0.12299 0.114835 0.221556 0.220452 0.219537 0.20212 0.208955 0.263186 0.493945 0.561487 0.582377 0.42754 0.566954 0.336858 0.504187 0.816643
 0.239842 0.169224 2.22554 0.0214164 0.0177923 0.0130144 0.00927809 0.00863765 0.00837698 0.00839313 0.00810231 0.00811905 0.00842615 0.00766725 0.00769299 0.00788593 0.00847292 0.00823814 0.00777347 0.0101097
 0.245536 0.24635 0.190576 0.154821 0.145105 0.169751 0.123076 0.1006 0.113929 0.14597 0.165056 0.117141 0.0676025 0.0642191 0.0639069 0.162236 0.178448 0.223221 0.246411 0.276654
 0.321531 0.527995 0.350656 0.307427 0.245496 0.264915 0.25617 0.259309 0.253754 0.271145 0.32224 0.451114 0.36456 0.344487 0.376251 0.380125 0.439759 0.262351 0.243901 0.217319
 0.320134 0.418488 0.502356 0.499233 0.562379 0.460194 0.416522 0.489808 0.468602 0.472828 0.602353 0.26334 0.471224 0.385274 0.468827 0.324085 0.458418 0.313278 0.33001 0.329471
 0.271661 0.182067 0.187924 0.190939 0.422955 0.373461 0.513719 0.487947 0.663358 0.74875 0.686119 0.391682 0.421318 0.325382 0.351301 0.374763 0.505768 0.468642 0.389036 0.345685
 0.315797 0.262216 0.554835 0.589764 0.441369 0.621951 2.22554 2.22554 2.22554 2.22554 2.22554 2.22554 2.22549 2.22554 2.22554 2.21859 2.22554 2.22554 2.22554 2.22554
 0.356329 0.408684 1.06562 1.52699 1.8746 2.16837 2.22554 2.22554 2.22554 2.22554 2.22554 2.22554 2.22554 2.22554 2.22554 2.22554 2.22554 2.22554 2.22554 2.22554
 0.34786 0.698766 0.84753 0.17757 0.153437 0.180992 0.247361 0.332574 0.225186 0.683303 0.0892519 0.0683575 0.0707177 0.071439 0.067714 0.0696894 0.0642793 0.0593309 0.0631201 0.0712158
 0.308525 0.402189 0.257575 0.201232 0.187088 0.209011 0.241681 0.419206 0.454582 0.580092 0.626032 0.396676 0.523745 0.55358 0.56689 0.838655 0.755144 0.586088 0.468734 0.413669
 0.331868 0.396618 0.753847 1.82277 1.35752 2.22554 2.22554 2.22554 2.22554 2.22554 2.22554 2.22554 2.22554 2.22554 2.22554 2.22554 2.22554 2.22554 2.22554 2.22554
 0.297179 0.189905 0.157188 0.228801 0.226038 0.171456 0.211138 0.370469 0.886748 0.463752 0.463876 0.523563 0.411785 0.553432 0.435046 0.491848 0.48958 0.809424 1.18326 0.866148
 0.383363 0.830328 0.865203 0.323948 0.819051 0.474247 0.378982 0.488408 0.476195 0.240179 0.176705 0.174159 0.346652 0.405239 0.357481 0.335056 0.346838 0.587931 0.293088 0.419027
 0.280623 0.240514 0.403355 0.456828 0.356858 0.341388 0.221889 0.20751 0.222788 0.213426 0.229496 0.242112 0.192047 0.196818 0.258775 0.274781 0.419644 0.257691 0.203339 0.222723
 0.423419 0.854319 0.575989 0.458994 0.5617 0.734241 0.925624 0.707547 0.555827 0.596802 0.424268 0.330385 0.438154 0.386248 0.678939 0.431783 0.471405 0.273299 0.419371 0.407407
 0.262088 0.135221 0.114885 0.115705 0.139789 0.133964 0.184097 0.2158 0.25047 0.426887 0.477198 0.59942 0.651037 0.414108 0.358883 0.579476 0.468696 0.449856 0.39244 0.48767
 0.267006 0.262623 0.608645 0.629495 0.366948 0.278198 0.218792 0.235283 0.260355 0.324271 0.525084 0.437483 0.315687 0.30486 0.264705 0.324893 0.274433 0.223575 0.253816 0.357767
 0.254797 0.196096 0.16611 0.219211 0.237461 0.673179 0.553456 0.403231 0.362414 0.46731 0.313234 0.296587 0.395297 0.496831 0.375537 0.520952 0.497012 0.607494 0.698708 0.277144
 0.36019 0.42195 0.475189 0.669484 0.775673 0.418032 0.272378 0.230563 0.203705 0.250608 0.437312 0.471362 0.411735 0.494035 0.422191 0.346415 0.412325 0.564505 0.353696 0.337062
 0.300096 0.344549 0.239027 0.159339 0.170123 0.187554 0.308068 0.474533 0.464262 0.340618 0.393293 0.330572 0.335285 0.42275 0.285412 0.203069 0.215039 0.231336 0.323155 0.51894
 0.239949 0.141528 0.123387 0.134823 0.121744 0.0886405 0.0788843 0.0929007 0.117912 0.168647 0.218255 0.149278 0.165967 0.201567 0.228582 0.365962 0.426615 0.525748 0.57114 0.323743
 0.312824 0.207606 0.234869 0.531986 0.814131 0.505265 0.365271 0.537928 0.661468 0.456611 0.309082 0.346119 0.413897 0.431944 0.447871 0.356608 0.376443 0.354053 0.425474 0.726064
 0.31883 0.53763 0.294134 0.283451 0.23187 0.215324 0.208472 0.231431 0.21418 0.194333 0.186979 0.221157 0.297432 0.449144 0.569487 0.664559 0.681296 0.468557 0.537403 0.616033
 0.332272 0.393868 0.301101 0.276347 0.367093 0.256763 0.216634 0.267117 0.442791 0.395824 0.57067 0.418727 0.333272 0.367059 0.316489 0.36476 0.528318 0.66725 0.733802 0.405043
 0.392624 0.819428 0.504483 0.45769 0.558398 0.585617 0.282587 0.35968 0.360893 0.629988 0.54753 0.37721 0.306998 0.215296 0.208945 0.161924 0.183071 0.197167 0.186065 0.155302
 0.263165 0.140477 0.106009 0.0762893 0.0661654 0.077759 0.083548 0.124308 0.189964 0.189302 0.189638 0.212129 0.236137 0.506927 0.453223 0.389623 0.453233 0.365387 0.471998 0.385573
 0.321018 0.644704 0.734997 0.201424 0.117302 0.119093 0.117397 0.132842 0.198212 0.347952 0.326877 0.324498 0.371804 0.476777 0.369467 0.345328 0.341692 0.38197 0.369192 0.405123
 0.349287 0.483163 0.483556 0.432081 0.350647 0.365781 0.362729 0.287874 0.260211 0.365287 0.434743 0.550236 0.479502 0.369847 0.404839 0.53513 0.533564 0.240748 0.154637 0.16511
 0.184551 0.12039 0.126966 0.103988 0.112162 0.138608 0.146191 0.12639 0.113336 0.106249 0.142388 0.188985 0.546666 0.798345 0.502937 0.505925 1.09878 1.33976 0.893138 0.951343
 0.262162 0.222945 0.158663 0.188474 0.222442 1.56945 0.731909 0.8263 0.954887 0.958619 0.700214 0.685066 0.537966 0.509709 0.370241 0.590392 0.686578 0.259964 0.401637 0.438324
 0.234079 0.173173 0.175609 0.201156 0.307885 0.314451 0.328912 0.388022 0.664647 0.679882 0.869824 0.858272 1.07147 0.889918 0.508397 0.225786 0.348031 0.57632 0.573062 0.486396
 0.392219 0.177819 0.0872896 0.0975473 0.101611 0.0930437 0.109307 0.110036 0.11674 0.112679 0.132703 0.157899 0.268837 0.519223 0.640547 0.412914 0.539665 0.385868 0.458956 0.489276
 0.391324 0.479622 0.60888 0.430762 0.695892 1.56956 0.416551 0.597259 0.471559 0.695369 0.683592 1.14248 2.22554 2.22554 2.22554 2.22554 2.22554 2.22554 2.22554 2.22554
 0.366975 0.427858 1.26438 0.483577 0.853265 0.53996 0.430526 0.541656 0.242026 0.195422 0.451359 0.446061 0.38502 0.41877 0.422328 0.791915 0.578881 0.387559 0.552132 0.636361
 0.344056 0.513291 0.435793 0.489667 0.999301 0.678274 0.646408 0.591506 0.570443 0.563831 0.543881 0.463276 0.491146 0.86148 0.678702 0.517091 0.513146 0.504343 0.408094 0.459592
 0.454465 0.587727 0.835292 0.729378 0.462028 0.88983 0.954342 0.857963 1.1113 0.688666 1.05428 1.35223 0.871418 0.802657 1.21197 0.869516 1.43238 0.532547 0.469864 0.421169
 0.270686 0.171267 0.106766 0.0947731 0.111417 0.15134 0.169636 0.219651 0.241345 0.370625 0.536146 0.98368 0.455715 0.781969 0.390854 0.330055 0.579542 0.557816 0.619525 0.856845
 0.356134 0.79855 0.667124 0.462088 0.724479 0.691358 0.573299 0.263625 0.354743 0.602346 0.272079 0.394241 0.605022 0.467208 0.409878 0.425915 0.533899 0.461163 0.501957 0.381631
 0.378004 0.534708 0.987456 0.613134 0.454511 0.216939 0.16952 0.177936 0.488334 0.752324 0.448332 0.915764 0.84207 0.636878 0.616451 0.360271 0.547763 0.437595 0.44554 0.368266
 0.371942 0.675046 0.841438 0.777631 0.423244 0.73815 0.564649 0.605639 0.428955 0.299331 0.449475 0.337934 0.360071 0.397414 0.316062 0.366373 0.404989 0.325132 0.383556 0.458219
 0.300874 0.203404 0.158693 0.118366 0.10976 0.104449 0.152173 0.183898 0.196246 0.161174 0.162608 0.105642 0.0848777 0.0949754 0.0960724 0.129131 0.159871 0.108697 0.087976 0.0860987
 0.30694 0.177247 0.161855 0.168176 0.194791 0.157155 0.141533 0.151268 0.13248 0.159843 0.132086 0.139514 0.169742 0.25505 0.41066 0.567695 0.796 0.580778 0.371574 0.436469
 0.294408 0.231614 0.211884 0.187911 0.244676 0.458972 1.16639 0.315536 0.453693 0.368201 0.372235 0.389131 0.375784 0.465439 0.517421 0.460699 0.295009 0.385942 0.421215 0.458117
 0.346631 0.565487 0.857611 1.0571 1.78234 0.865378 0.612621 0.49987 0.56972 0.575532 0.396081 0.411497 0.395461 0.591691 0.519185 0.613415 0.450433 0.59572 0.490743 0.636563
 0.254543 0.203761 0.21751 0.232856 0.451241 0.595719 0.492705 0.740966 0.545629 0.564282 0.574997 0.564224 0.382254 0.37271 0.904503 0.28087 0.449437 0.988679 0.429434 0.249773
 0.270439 0.198379 0.155039 0.164567 0.162938 0.155678 0.191877 0.269445 0.565255 0.477123 0.437761 0.389384 0.487757 0.323064 1.1855 0.237952 0.440506 0.359634 0.445856 0.45664
 0.37266 0.490269 0.267108 0.301569 0.549412 0.451627 0.256531 0.192252 0.243367 0.345199 0.277334 0.297935 0.2951 0.397234 0.464296 0.456731 0.572335 0.731349 0.596046 0.395753
 0.28102 0.230062 0.215282 0.204252 0.281327 0.583318 0.363347 0.40926 0.514349 0.371617 0.449265 0.484967 0.426455 0.700492 0.54213 0.553708 0.856721 0.48496 0.598378 1.36089
 0.37619 0.472675 0.526326 0.606077 0.355283 0.396462 0.647667 0.689136 0.50452 0.35833 0.429781 0.515496 0.593108 0.497797 0.438905 0.340377 0.462676 0.357047 0.40084 0.375509
 0.296437 0.197184 0.112828 0.0902037 0.083645 0.0946746 0.112907 0.119799 0.12712 0.14526 0.136024 0.128428 0.148505 0.168795 0.218703 0.555523 0.574333 0.546116 0.551156 0.924148
 0.317219 0.224753 0.195202 0.179053 0.19613 0.272152 0.495357 0.480816 0.51772 0.936988 0.582054 0.389483 0.391403 0.390599 0.340333 0.398849 0.476775 0.39632 0.375547 0.539437
 0.293696 0.216126 0.686668 0.704393 0.398103 0.478707 0.335053 0.413205 0.514227 0.397371 0.599981 0.422054 1.27716 0.278747 0.309373 0.556641 0.555728 0.388358 0.422771 0.253624
 0.321265 0.47724 0.410326 0.345927 0.308784 0.290203 0.263875 0.223173 0.305228 0.406776 0.444693 0.397693 0.234961 0.146718 0.192179 0.272941 0.232146 0.225512 0.3077 0.275634
 0.2766 0.192252 0.152171 0.157796 0.211987 0.507952 0.384028 0.386365 0.341824 0.214956 0.302132 0.277028 0.220084 0.311466 0.252365 0.255696 0.222192 0.266512 0.422063 0.396309
 0.317948 0.501951 0.336802 0.447123 0.763434 0.283875 0.336417 0.299012 0.308973 0.43282 0.664033 0.498914 0.508489 0.416425 0.521814 0.449135 0.456402 0.407633 0.421286 0.29311
 0.330467 0.668987 1.25528 0.630808 0.544858 0.499884 0.506027 0.422925 0.447852 0.456074 0.378516 0.341085 0.476502 0.354768 0.505036 0.427676 0.404103 0.419088 0.421649 0.289573
 0.311391 0.290934 0.448522 0.444582 0.581153 0.672571 0.649233 0.41694 0.472043 0.38972 0.369922 0.34639 0.406236 0.282033 0.296189 0.371568 0.41285 0.400496 0.435452 0.693835
 0.346385 0.334197 0.225769 0.171797 0.139667 0.123145 0.16677 0.182839 0.278042 0.397642 0.334621 0.351187 0.405798 0.429232 0.340716 0.359434 0.69031 0.588632 0.465147 0.225288
 0.281156 0.23341 0.230612 0.283781 0.591876 0.678457 0.689582 0.506383 0.586194 0.388568 0.445999 0.602715 0.367657 0.518852 0.593905 0.329056 0.333999 0.472154 0.474811 0.539964
 0.285507 0.232703 0.183541 0.162215 0.133863 0.1123 0.0965052 0.0950334 0.097156 0.0941193 0.115113 0.171161 0.171435 0.210856 0.206265 0.157184 0.179756 0.20867 0.290292 0.423493
 0.2781 0.200501 0.16648 0.131187 0.123694 0.116359 0.115642 0.132682 0.119891 0.0953974 0.1069 0.0868773 0.068819 0.0739192 0.0839419 0.0913622 0.0994432 0.103402 0.0903175 0.0893036
 0.350956 0.785388 0.648522 0.783787 0.60889 0.48977 0.62063 0.555263 0.490304 0.390751 0.566441 0.594443 0.901799 0.428181 0.55114 0.341018 0.260717 0.294342 0.421948 0.614628
 0.224485 0.134082 0.141363 0.154918 0.152694 0.166397 0.218231 0.399032 0.393587 0.547824 0.417061 0.405261 0.60447 0.465779 0.364372 0.40112 0.3325 1.49209 0.230038 0.629267
 0.349729 0.462489 0.786222 0.618313 0.728119 0.270782 0.489613 0.338087 0.603086 0.692236 0.582507 0.351781 0.26738 0.364965 0.726788 0.686947 0.660266 0.585353 0.425109 0.38789
 0.417806 0.25925 0.146017 0.171017 0.212111 0.58967 0.225543 0.221776 0.271233 2.22553 0.149068 0.469308 0.515959 0.381981 0.568656 0.275191 0.413877 0.349984 0.340398 0.440409
 0.331844 0.563078 0.686971 0.687662 0.411821 0.347558 0.333194 0.353849 0.26496 0.252458 0.334692 0.941298 0.263592 0.469663 0.276221 0.216468 0.180594 0.132358 0.116281 0.132497
 0.246541 0.151099 0.122156 0.164322 0.208701 0.18023 0.137321 0.10138 0.11539 0.171023 0.233671 0.559926 0.474075 0.507557 0.676103 0.48615 0.514035 0.468174 0.285566 0.449846
 0.291957 0.18096 0.160531 0.162251 0.18703 0.166048 0.186605 0.148269 0.160078 0.243782 0.630974 0.790573 0.739229 0.433418 0.527189 0.608704 0.529648 0.465911 0.552536 0.745649
 0.375599 0.55507 0.33684 0.261836 0.240055 0.205427 0.230276 0.385828 0.581937 0.421599 0.353132 0.477943 0.535128 0.570264 0.304611 0.397895 0.490144 0.365549 0.547799 0.477054
 0.312733 0.223594 0.176724 0.204964 0.232546 0.205023 0.136513 0.122159 0.130117 0.149012 0.169189 0.241075 0.26142 0.194773 0.206309 0.260032 0.336684 0.291161 0.303185 0.397097
 0.281996 0.23568 0.216478 0.173287 0.18145 0.147623 0.108989 0.118436 0.137 0.134598 0.143188 0.1264 0.100967 0.0801786 0.0852259 0.112223 0.15644 0.19536 0.272555 0.409745
 0.360849 0.521581 0.398723 0.542448 0.340152 0.499982 0.747276 0.587191 0.38733 0.384804 0.453456 0.511508 0.554009 0.528923 0.540143 0.549988 0.911048 0.522607 0.499541 0.569639
 0.368372 0.550886 0.506002 0.577501 0.800053 0.953789 0.491774 0.477642 0.841094 0.393225 0.486035 0.367517 0.399212 0.290305 0.27384 0.298891 0.379086 0.483048 0.472595 0.424785
 0.35486 0.337588 0.231805 0.182465 0.195282 0.241727 0.397085 0.730289 0.518299 0.841604 0.573866 1.11377 0.387101 0.566005 0.389028 0.363278 0.322485 0.370462 0.405257 0.34778
 0.442775 0.649478 0.365829 0.437977 0.675207 0.428257 0.321226 0.539796 0.393314 0.705312 0.320269 2.22476 0.153645 0.513726 0.304879 0.374037 0.451156 0.555317 0.578397 0.613102
 0.340112 0.520007 0.473117 0.348862 0.386846 0.61035 0.489445 0.399838 0.376972 0.466612 0.657633 0.621262 1.00422 0.311031 0.282961 0.360904 0.603203 0.318581 0.380305 0.512675
 0.34592 0.800933 0.576674 0.63989 0.482701 0.367292 0.466785 0.502869 0.568463 0.445604 0.279735 0.40771 0.407163 0.489022 0.554324 0.585324 0.507792 0.405289 0.298649 0.345832
 0.332128 0.352361 0.313463 0.256464 0.181891 0.224617 0.235794 0.333806 0.442362 0.524928 0.28395 0.349902 0.786397 0.700723 0.32559 0.383379 0.415736 0.521867 0.577182 0.350182
 0.335735 0.371388 0.414495 0.333769 0.271607 0.255002 0.190705 1.02841 0.0721434 0.0609199 0.0571679 0.0633001 0.0727551 0.0816683 0.0664361 0.060149 0.087972 0.198581 0.18491 0.189475
 0.44306 0.405649 0.467306 0.303801 0.183126 0.180467 0.226279 0.248102 0.317487 0.517524 0.318126 0.36844 0.391971 0.492199 0.297065 0.308716 0.299624 0.357423 0.569433 0.40761
 0.323426 0.240467 2.22554 0.0337383 0.0598097 0.20981 0.189334 0.290619 0.622376 0.67044 0.449805 0.415062 0.52164 0.430697 0.461837 0.517685 0.370232 0.421329 0.474514 0.344077
 0.373499 0.497907 0.483607 0.462508 0.496064 0.35941 0.515285 0.381261 0.420634 0.288906 0.256288 0.327708 0.395719 0.312746 0.435781 0.419127 0.363552 0.472544 0.386341 0.528513
 0.410994 0.498142 0.463472 0.432074 0.375762 0.476746 0.588237 0.642462 0.602262 0.359396 0.40675 0.503916 0.453321 0.42721 0.496118 0.457484 0.471372 0.361974 0.303118 0.523233
 0.363686 0.56612 0.652448 0.704368 0.464072 0.346486 0.393543 0.614634 0.440033 0.482885 0.590859 0.270984 0.377071 0.351503 0.435142 0.410036 0.467586 0.442233 0.460715 0.489791
 0.360603 2.22554 0.0324198 0.0213258 0.0166445 0.0175576 0.0203413 0.0551449 0.174325 0.183008 0.225138 0.28675 0.397657 0.483652 0.399604 0.552623 0.349665 0.378197 0.483225 0.685823
 0.245422 0.128677 0.129283 0.0903715 0.0935291 0.105267 0.104796 0.0926538 0.111483 0.146782 0.253383 0.428161 0.825125 0.87682 0.432671 0.272215 0.533894 0.300867 0.305269 0.279186
 0.429993 0.419989 0.523403 0.397913 0.499852 0.508093 0.236296 0.175982 0.25219 0.369335 0.351033 0.485676 0.406759 0.354826 0.400713 0.374671 0.379499 0.396735 0.568685 0.321414
 0.333699 0.477527 0.452081 0.438971 0.842801 0.363743 0.478809 0.45197 0.550911 0.739837 0.594125 0.865522 1.37195 0.623939 0.60361 0.689454 0.423713 0.712625 0.569174 0.394963
 0.304728 0.223103 0.146007 0.128617 0.125786 0.17015 0.165444 0.156866 0.222245 0.392966 0.430577 0.571805 0.587389 0.463491 0.439691 0.366744 0.314884 0.529716 0.29208 0.255054
 0.318991 0.243551 0.231462 0.184484 0.194887 0.251903 0.435633 0.278897 0.268652 0.160878 0.16081 0.174228 0.207288 0.232351 0.289035 0.341626 0.578861 0.374494 0.542224 0.393312
 0.375766 0.569791 0.744578 0.656913 0.48663 0.449894 0.438037 0.459285 0.833118 0.58255 0.727976 0.507028 0.360904 0.33165 0.471294 0.423409 0.325695 0.53611 0.542265 0.92272
 0.320148 0.20264 0.180126 0.149531 0.150724 0.121563 0.140414 0.119775 0.129294 0.170805 0.241153 0.438352 0.350259 0.41493 0.557382 0.351825 0.361724 0.397745 0.566439 0.394469
 0.32957 0.154175 0.105377 0.105726 0.112163 0.120913 0.160959 0.170422 0.220712 0.485135 0.310569 0.264582 0.417302 0.614064 0.719091 0.342961 0.462689 0.414348 0.514518 0.627945
 0.29848 0.222171 0.16886 0.187334 0.150163 0.138649 0.12792 0.0962115 0.107171 0.16656 0.179475 0.180694 0.196873 0.156796 0.107009 0.11135 0.113669 0.130794 0.165561 0.133301
 0.301428 0.179623 0.0965878 0.0654154 0.0784438 0.095646 0.127736 0.184256 0.201027 0.270151 0.401652 0.792621 0.495093 0.530494 0.454327 0.584288 0.370609 0.42511 2.22061 0.410928
 0.29241 0.22569 0.392103 0.291021 0.486574 0.47019 0.31513 0.295979 0.371824 0.286476 0.266956 0.27304 0.370807 2.22554 0.383753 0.197036 0.484848 0.445563 0.363801 0.286202
 0.369999 0.427405 0.41445 0.455623 0.533587 0.403822 0.399618 0.495781 0.547713 0.973864 0.260151 0.358635 1.00695 0.26694 0.495188 1.03222 0.18975 0.493559 0.592418 0.555867
 0.163808 0.0888892 0.0558117 0.0630325 0.0771499 0.093982 0.108359 0.14706 0.16838 0.184966 0.148955 0.0979901 0.0890058 0.0939523 0.101918 0.12117 0.161945 0.181504 0.214182 0.197365
 0.38227 0.227665 0.118016 0.132636 0.194085 0.235946 0.693449 0.159622 0.101326 0.103734 0.0974363 0.101375 0.116023 0.122194 0.155607 0.19082 0.272394 0.242835 0.237475 0.281925
 0.224464 0.108195 0.116857 0.109082 0.143895 0.168761 0.210576 0.487792 0.365539 0.213856 0.191085 0.126367 0.114233 0.122456 0.121697 0.173575 0.269312 0.35363 0.39124 0.476323
 0.473236 0.473474 0.403181 0.516489 0.390105 0.297389 0.310659 0.382756 0.442517 0.4624 0.337048 0.431424 0.394146 0.451736 0.48863 0.714623 0.495149 0.559589 0.646746 0.526944
 0.251575 0.239986 0.54946 0.443833 0.39747 0.473861 0.448003 0.415019 0.577881 0.695301 0.724377 0.658094 0.663839 1.09293 0.423693 0.697659 0.5932 0.733752 0.520313 0.463816
 0.373452 0.818362 0.317991 0.433423 0.271979 0.215601 0.233552 0.247101 0.358193 0.436978 0.469236 0.4427 0.481053 0.598318 0.467202 0.31341 0.394739 0.395483 0.461044 0.35948
 0.348937 0.629558 0.984905 0.525666 0.398828 0.575623 0.410024 0.334044 0.407971 0.418413 0.534388 0.446771 0.465967 0.361521 0.402964 0.48312 0.577424 0.571582 0.410689 0.568492
 0.348454 0.697772 0.347218 0.315401 0.363128 0.430087 0.378182 0.371952 0.406068 0.42512 0.401074 0.389493 0.442095 0.42024 0.472961 0.39184 0.402917 0.464475 0.541047 0.47583
 0.430917 0.397904 2.22554 0.04833 0.276686 0.197513 0.282728 0.389055 0.776713 0.358058 0.485912 0.558542 0.664211 0.508399 0.53468 0.251051 0.481155 0.403098 0.482042 0.607884
 0.238096 0.1646 0.118435 0.0925082 0.0961543 0.0936823 0.129288 0.140913 0.147171 0.142461 0.150581 0.175374 0.189673 0.453826 0.492313 0.428934 0.462585 0.38094 0.366499 0.392809
 2.22554 0.0307046 0.0256965 0.350422 0.260865 0.247874 0.370164 0.441349 0.529449 0.425305 0.432912 0.391075 0.361339 0.41675 0.449078 0.615375 0.491658 0.455958 0.55102 0.615193
 0.311124 0.243006 0.205747 0.258311 0.496382 0.453836 0.457748 0.588027 0.56556 0.3929 0.431153 0.514695 0.685753 0.41236 0.278831 0.417337 0.349257 0.499273 0.374091 0.365412
 0.497265 0.467486 0.335921 0.40878 0.453653 0.495871 0.689963 0.303455 0.303123 0.29359 0.280093 0.268619 0.27684 0.369841 0.402684 0.407726 0.356942 0.419951 0.43713 0.555971
 0.436371 0.446391 0.403228 0.440616 0.57824 0.466027 0.488416 0.477107 0.380931 0.456216 0.278721 0.242393 0.417622 0.459314 0.568306 0.313573 0.361222 0.367036 0.384967 0.37685
 0.378417 0.472865 0.494282 0.392047 0.334689 0.294213 0.376014 0.398661 0.458344 0.554757 0.328314 0.376154 0.50963 0.427163 0.348739 0.439259 0.331706 0.567818 0.335302 0.418904
 0.351108 1.13916 0.81586 0.643452 0.567299 0.585211 0.350554 0.332153 0.345197 0.273528 0.258071 0.311019 0.33808 0.286888 0.279523 0.323974 0.355933 0.606606 0.351009 0.535757
 0.568728 0.3903 0.488499 0.49374 0.864651 0.385339 0.697408 0.488693 0.407785 1.08416 0.297405 0.914426 0.191044 0.340397 0.452944 0.362271 0.340646 0.447778 0.314328 0.331196
 0.393725 0.834744 0.879372 0.519492 0.590762 0.38963 0.451891 0.477091 0.296352 0.380516 0.590733 0.812097 0.727889 0.449138 0.416125 0.537232 0.699233 0.642865 0.462403 0.360578
 2.22554 0.0234303 0.0160567 0.0130646 0.0116779 0.01018 0.0111543 0.0124725 0.011264 0.0103904 0.00974615 0.0427962 0.0788919 0.100662 0.144683 0.215576 0.191776 0.181325 0.160832 0.1785
 0.318749 0.216495 0.23811 0.607059 0.564211 1.03373 0.785468 0.577087 0.362469 0.396171 0.309045 0.353141 0.392774 0.421946 0.479318 0.669823 0.839984 0.55837 0.579231 0.463944
 0.374884 0.320743 0.235316 0.384963 0.686997 0.453746 0.358701 0.360583 0.516958 0.390289 0.527219 0.440362 0.450573 0.546208 0.550237 0.505944 0.502915 0.578829 0.550435 0.632427
 0.30312 0.214742 0.167098 0.174022 0.187771 0.191765 0.210846 0.272156 1.12192 1.06537 0.779412 0.409387 0.478905 0.504794 0.413078 0.373341 0.424384 0.43281 0.466173 0.477281
 0.294252 0.223502 0.191402 0.206043 0.168849 0.164955 0.165104 0.131677 0.136385 0.160892 0.132643 0.161442 0.178789 0.244454 0.387505 0.470049 0.430009 0.373677 0.527014 0.416882
 0.235013 0.163195 0.144493 0.121071 0.115561 0.125243 0.130711 0.144874 0.110272 0.120336 0.132281 0.128443 0.106727 0.0742383 0.0708586 0.0874502 0.12838 0.125818 0.102375 0.108097
 0.225842 0.185659 0.225448 0.270049 1.363 0.529841 0.493926 0.588908 0.347757 0.433993 0.299202 0.411877 0.430166 0.397885 0.401949 0.465998 0.287368 0.29053 0.251279 0.346179
 0.368937 0.41044 0.38148 0.406667 0.478655 0.372511 0.538157 0.313777 0.293723 0.446185 0.60014 0.343096 0.324311 0.4293 0.386659 0.418861 0.321508 0.331195 0.492446 0.422199
 0.280596 0.205045 0.180101 0.134427 0.157336 0.186642 0.500272 0.32149 0.209154 0.292994 0.514021 0.500657 0.436001 0.604281 0.487305 0.422913 0.415481 0.450314 0.53606 0.590542
 0.371742 0.429195 0.632225 0.625679 0.485436 0.395029 0.548141 0.371554 0.408775 0.44256 0.387308 0.489843 0.346991 0.368003 0.48112 0.460149 0.590194 0.310372 0.337421 0.382327
 0.359574 0.460748 0.415117 0.562665 0.418669 0.322258 0.215297 0.423951 0.568744 0.454176 0.49582 0.395597 0.535979 0.456022 0.415583 0.344063 0.505867 0.643951 0.356859 0.337291
 0.365939 0.417181 0.407547 0.49278 0.408895 0.302068 0.267275 0.472164 0.529113 0.387258 0.75742 0.535606 0.358582 0.554375 0.365036 0.382157 0.431712 0.509945 0.442999 0.541161
 0.308804 0.464131 0.496334 0.581215 0.785107 0.356244 0.300182 0.374648 0.425262 0.480824 0.510963 0.567613 0.445087 0.53646 0.405823 0.408148 0.424706 0.424169 0.384669 0.461323
 0.29434 0.213361 0.405598 0.556101 0.400409 0.455013 0.502161 0.560772 0.340782 0.585796 0.406476 0.376184 0.43222 0.400369 0.507661 0.549135 0.440925 0.537738 0.381256 0.507964
 0.310513 0.44069 0.331246 0.26067 0.225727 0.33154 0.349808 0.364182 0.372244 0.241442 0.300611 0.370796 0.318347 0.317084 0.384653 0.586211 0.41329 0.484595 0.434116 0.562417
 0.230074 0.118542 0.0861319 0.123226 0.193795 0.120423 0.0883177 0.0756049 0.0863159 0.0978077 0.124014 0.193538 0.193457 0.163539 0.239996 0.553597 0.716502 0.784602 0.608965 0.779963
 0.535358 0.355489 0.449827 0.894584 1.08478 0.598941 0.56003 0.68777 0.596707 0.481184 2.22554 0.0317801 0.43987 0.402111 0.365973 0.466653 1.03702 0.288916 0.388402 0.369573
 0.281476 0.245242 0.387746 0.478795 0.362646 0.542087 0.566966 0.507326 0.615855 1.01112 0.578389 0.416226 0.369225 0.378721 0.423281 0.372926 0.44359 0.516652 0.429979 0.509746
 0.347976 0.878045 0.422971 0.326576 0.45158 0.413176 0.524098 0.508894 0.50594 0.625135 0.431852 0.322651 0.330438 0.32596 0.455462 0.396657 0.331054 0.433788 0.420565 0.436201
 0.349577 0.35042 0.427356 0.467505 0.715347 0.580376 0.441364 0.398887 0.375127 0.367609 0.475512 0.483099 0.481474 0.394665 0.540022 0.457013 0.46135 0.402592 0.474514 0.403929
 0.231292 0.153724 0.150422 0.170336 0.198219 0.232801 0.42703 0.376661 0.366675 0.368838 0.458687 0.57341 0.374651 0.387386 2.22397 0.681128 0.545551 0.566173 0.628972 0.457405
 0.379716 2.22554 0.0350002 0.0323479 0.025453 0.022146 0.0167976 0.0147862 0.0163638 0.0179439 0.0160416 0.0145814 0.0155384 0.0176714 0.0914787 0.245343 0.0850214 0.252964 0.19206 0.187013
 0.393724 2.22554 0.0203726 0.0171886 0.017106 0.016718 0.0190248 0.0632013 0.15532 0.165662 0.182374 0.269453 0.455532 0.723329 0.376895 0.559012 0.628075 0.672537 0.363629 0.496216
 0.382463 0.368077 0.249094 0.245861 0.262917 0.171884 0.207084 0.304582 1.17469 0.473705 0.448999 0.530485 0.671821 0.581036 0.52505 0.534305 0.35442 0.460017 0.540313 0.647537
 0.391999 0.391234 0.479978 0.311142 0.209156 0.177951 0.152447 0.548712 0.0902021 0.114086 0.136128 0.119741 0.111295 0.103676 0.0966565 0.0956434 0.105398 0.110687 0.137843 0.136287
 0.283414 0.14802 0.0987882 0.0839908 0.0934184 0.102427 0.110685 0.120591 0.109784 0.118334 0.12903 0.114513 0.1306 0.180026 0.320096 0.379466 0.582444 0.497471 0.838915 1.19706
 0.226662 0.176934 0.164732 0.188489 0.215829 0.178688 0.153411 0.177723 0.214425 0.889379 0.58778 0.607378 0.368187 0.510736 0.553629 0.358915 0.480324 0.333458 0.451616 0.487958
 0.297584 0.153165 0.113928 0.11341 0.137503 0.17539 0.221944 0.2266 0.594993 0.427335 0.289408 0.229888 0.169738 0.186602 0.184822 0.167965 0.135979 0.163813 0.204213 0.205662
 0.303997 0.979703 1.11997 0.814961 0.480828 0.60086 0.413535 0.492599 0.366656 0.310223 0.184049 0.189933 0.214609 0.259285 0.311989 0.470963 0.367971 0.721613 0.616189 0.596416
 0.301308 0.22843 0.173355 0.170303 0.159417 0.149326 0.142786 0.205801 0.252418 0.76506 0.44596 0.465777 0.629137 0.431555 0.581161 0.452588 0.461324 0.589896 0.3902 0.553616
 0.297385 0.207797 0.175552 0.140648 0.11677 0.116779 0.135971 0.172685 0.172154 0.26745 0.438323 0.404889 0.379581 0.427966 0.362087 0.318013 0.323905 0.427713 0.413179 0.346551
 0.333717 0.456891 0.481995 0.611739 0.449731 0.467326 0.409534 0.3908 0.556713 0.718407 0.358464 0.342448 0.32522 0.324067 0.268754 0.316936 0.292134 0.303628 0.298137 0.314165
 0.298458 0.183395 0.137528 0.110335 0.102824 0.112907 0.123049 0.158547 0.163021 0.141256 0.118452 0.108841 0.121001 0.147266 0.153126 0.158119 0.157049 0.184265 0.206238 0.141444
 0.374463 0.334965 0.26329 0.249786 0.329409 0.749463 0.926599 0.453444 0.398876 0.490148 0.23915 0.200912 0.410155 0.551855 0.471404 0.4314 0.420641 0.400555 0.467939 0.567677
 0.38834 0.647653 0.893273 0.467574 0.316558 0.438359 0.450627 0.6027 0.634156 0.526358 0.462136 0.479848 0.512261 0.235132 0.185377 0.17777 0.227807 0.488046 2.22554 0.0402749
 0.414347 0.301071 0.211468 0.161156 0.148642 0.128782 0.151347 0.223156 0.452292 0.593805 0.672549 0.765324 0.76423 0.294837 0.260757 0.261268 0.450376 0.478416 0.457027 0.403475
 0.325711 0.621173 0.605329 1.46877 0.664813 0.502426 0.507947 0.371555 0.511195 0.350185 0.319039 0.281798 0.54436 0.494101 0.554217 0.403628 0.513739 0.534887 0.421573 0.474877
 0.344373 0.335119 0.232639 0.181322 0.220585 0.36786 0.461646 0.532871 0.30372 0.395442 0.528311 0.49387 0.345845 0.388205 0.402675 0.552365 0.509459 0.26187 0.226825 0.345881
 0.283182 0.243772 0.270623 0.58945 0.517086 0.342957 0.343605 0.394475 0.471223 0.514614 1.02443 0.6226 0.537536 0.557659 0.313606 0.435201 0.647061 0.290233 0.375666 0.364437
 0.299458 0.228892 0.216961 0.219319 0.312723 0.299156 0.364766 0.663828 0.384835 0.435306 0.331428 0.43583 0.686298 0.368029 0.419486 0.34873 0.300651 0.447834 0.350337 0.308012
 0.260838 0.529053 0.450196 0.807613 0.348831 0.335072 0.436789 0.470619 0.452537 0.397501 0.294594 0.187412 0.151623 0.188836 0.288002 0.6272 0.886513 0.63745 0.532233 0.838177
 0.267657 0.201694 0.177312 0.176236 0.167688 0.2624 0.523793 0.998876 0.479531 0.435741 0.371414 0.448951 0.400652 0.378066 0.425408 0.537957 0.260542 0.347275 0.359198 0.813579
 0.193435 0.115134 0.112318 0.125367 0.142479 0.176184 0.198457 0.119821 0.114984 0.12087 0.119974 0.113502 0.133486 0.25486 0.601639 0.490183 0.503524 0.432684 0.371143 0.389665
 0.400825 0.513166 0.499805 0.456963 0.564676 0.383264 0.359881 0.415186 0.770323 0.585857 0.399887 0.531242 0.703142 1.04915 1.13569 1.31503 1.31469 1.45441 2.22554 2.22554
 0.363841 0.32656 0.233898 0.261952 0.281392 0.242344 0.33691 0.32969 0.306809 0.347726 0.320463 0.317678 0.317026 0.442385 0.682089 0.651544 0.455929 1.83203 0.203223 0.439732
 0.26231 0.135214 0.100103 0.0902905 0.068335 0.0536925 0.0813437 0.108597 0.112946 0.10273 0.0975685 0.108547 0.134306 0.182459 0.155454 0.130517 0.138817 0.116872 0.143921 0.185082
 0.363872 0.477597 0.518526 0.386334 0.469266 0.371374 0.387358 0.334822 0.357907 0.70336 0.588843 0.223301 0.158352 0.124249 0.123042 0.126403 0.135932 0.142971 0.158781 0.184873
 0.495739 0.667502 0.770992 0.296392 0.449334 0.321615 0.422823 0.49809 0.537924 0.524307 0.388051 0.448781 0.414943 0.419318 0.374875 0.531952 0.27555 0.394176 0.324308 0.456789
 0.319586 0.400252 0.590018 0.484701 0.534448 0.256548 0.213865 0.460208 0.414682 0.472514 0.550014 0.522252 0.258942 0.161103 0.144309 0.140773 0.196553 0.500905 0.569912 0.639572
 0.312529 0.555515 0.725739 0.428596 0.377489 0.272519 0.19305 0.181777 0.17924 0.222164 0.241476 0.293034 0.28081 0.265635 0.311387 0.399972 0.498514 0.477315 0.665362 0.394497
 0.395327 0.642289 0.554246 0.357317 0.354963 0.347354 0.42678 0.533863 0.498805 0.82915 0.432174 0.526372 0.320029 0.336274 0.360396 0.393714 0.463908 0.328786 0.5861 0.370673
 0.380031 0.480669 0.475522 0.361081 0.558103 0.387467 2.22554 0.0325861 0.0274459 0.0221904 0.0189514 0.0181323 0.0140955 0.0131349 0.0145127 0.016744 0.0161576 0.0170542 0.0188781 0.0199355
 0.338844 0.293629 0.254011 0.22002 0.296955 0.682808 1.30523 0.86316 0.454002 0.508159 0.423951 0.578481 0.255957 0.312643 0.328709 0.434863 0.283425 0.295246 0.282928 0.271652
 0.393725 0.995979 0.228876 0.411012 0.411924 0.325369 0.249156 0.253711 0.572574 0.654628 0.508225 0.535526 0.314735 0.380828 0.405446 0.345354 0.358933 0.507914 0.323018 0.629698
 0.32471 0.322291 0.183369 0.173471 0.1377 0.0729622 0.077236 0.0971108 0.135074 0.242837 0.272812 0.297259 0.37004 0.565519 0.408567 0.599868 0.555094 0.393613 0.328636 0.301455
 0.40491 0.426464 0.709343 1.02408 1.93153 1.14992 0.675347 0.705858 0.468849 0.744359 0.363455 0.537481 0.62717 0.634223 0.716358 0.304255 0.315853 0.357217 0.530298 0.39446
 0.338367 0.512103 0.48978 0.402511 0.546726 0.375722 0.388378 0.312067 0.403083 0.399315 0.578872 0.451043 0.429637 0.359684 0.459253 0.312444 0.326064 0.239314 0.259016 0.259461
 0.284912 0.261161 0.139242 0.0986222 0.106907 0.10931 0.0985769 0.118012 0.153527 0.191571 0.290095 0.795233 0.477576 0.585176 0.300771 0.42072 0.461376 0.304133 0.324015 0.367342
 0.414624 0.488431 0.603565 0.830128 0.909071 0.859743 0.493278 0.518254 0.605091 0.247473 0.342442 0.465668 0.374253 0.467947 0.40962 0.443035 0.557435 0.327394 0.336128 0.396179
