 228351 223070 220842 266853 247509 201869 170677 145162 102438 93964 138995 133583 142118 128828 86109.1 70545.4 65938.9 103847 107050
 228351 223070 220842 266853 247509 201869 170677 145162 102438 93964 138995 133583 142118 128828 86109.1 70545.4 65938.9 103847 107050
 228351 223070 220842 266853 247509 201869 170677 145162 102438 93964 138995 133583 142118 128828 86109.1 70545.4 65938.9 103847 107050
 228351 223070 220842 266853 247509 201869 170677 145162 102438 93964 138995 133583 142118 128828 86109.1 70545.4 65938.9 103847 107050
 224666 222250 217354 261515 245725 203487 171338 144460 101450 93532 136249 130144 136198 122755 82646.7 67668.6 63770.2 101271 104512
 214707 221216 237860 285511 243405 201259 178732 148364 93998.8 81018.4 129500 125307 137019 124718 84016.6 67068.6 57702.9 103364 110391
 224116 199911 242524 306958 267149 223003 187744 146822 98318.7 86906.5 130143 121170 147899 133870 87497.5 69161.8 57328 113514 121235
 216989 200582 232764 316372 283603 221150 169929 127691 83205.5 73848.8 123303 113873 136202 123371 81426.8 67681.5 54851.2 116189 126371
 246568 223697 229187 315190 297177 224517 171716 141459 103985 94476.7 142865 126927 152334 135249 90376 74030.6 59200.7 121221 129136
 197825 166943 173186 263598 275426 226771 189368 159233 121578 110506 146820 131261 149219 141173 95765.5 82252.3 66577.4 115737 126787
 175753 225413 230185 308751 312905 249112 203088 158673 119210 112748 142779 114927 146639 139858 95406.1 79002.1 69414.2 123951 132920
 283614 312289 261863 278806 254094 203261 161054 137603 109533 104170 139182 122535 141481 132573 85132.5 63440 54997.2 101065 109667
 240963 254489 233109 262779 254444 219821 192569 157439 123491 111122 146162 136170 142706 125496 79957.4 71423.4 66143.1 115922 127221
 225669 247095 214041 247331 255896 222859 196197 152894 117852 108392 139265 132755 137983 124997 78503.4 67179.7 65759.6 106650 113468
 288059 259816 250724 297265 257640 196510 171486 140324 100902 91294.6 131026 131129 142957 132435 83549.9 62115 58193.7 103727 105117
 281030 249106 278243 350821 318548 242264 192755 156053 124170 114673 157507 157124 174865 159511 104310 79640.9 77790.9 128651 126729
 271197 328573 303785 356004 305003 229930 184738 163799 117041 106220 145720 133147 158289 154612 102291 80862.5 74508.9 125484 122254
 269660 305457 290986 333105 285777 231290 196639 166522 117910 100074 148066 146288 174131 159124 111258 92633.2 83744.8 135883 123628
 262623 289393 309003 362992 332751 259841 200430 158192 113320 107001 175367 173921 181937 156420 115757 96406.3 93742 125157 113642
 328466 305138 268978 312226 296645 217759 165988 137858 92703.9 81834.2 158325 169173 181314 147416 88980.2 72894.1 68388 96528.5 93884
 241259 254080 254556 290761 283608 206035 151685 133191 103646 87877.2 154587 168056 180863 147040 92129.1 77032.6 81815 119404 116699
 242199 212519 262323 313879 273683 192334 138027 124279 90838.8 70375.7 129642 137085 165958 140826 88071 65310.3 65308.5 101989 105420
 167294 163241 185091 276791 279190 218402 169744 147707 101922 75633.8 127476 142667 172155 142629 87798.1 66929.4 66782.2 101597 100065
 137617 181235 209250 257041 245752 186661 127319 120683 93806.2 71501.7 129985 137548 145956 119892 74218.3 59661.1 67642.6 97678.4 96813.5
 122264 150869 202215 276858 247594 185037 140206 119936 83266.5 75366.6 129829 134290 149802 123901 73592.6 53926.7 54593.4 94254.4 114967
 133053 197579 271336 321505 271457 197805 143794 117153 93415.7 93278.3 147194 136381 162318 135518 81934.3 62125.8 59914.9 99300.5 110621
 158345 171266 224861 292768 282330 228032 172195 148230 105079 107911 172803 154977 171473 144894 89468.4 71747.4 76989.2 123541 120808
 103737 160395 224393 280641 267789 221484 180503 178146 126836 121280 179273 160279 170192 144917 88227 75359.1 76506.4 129905 129907
 211417 230942 267142 313274 290651 228965 186607 176523 121667 121238 179909 159267 186625 163038 98276.6 84676.8 84776.2 146744 151831
 195080 238941 276121 320582 306564 257964 200127 161987 117321 121415 190167 176443 194250 163377 101850 93144.4 92444.8 153665 154049
 228182 212181 226860 291154 282262 230153 178532 148125 99913 108207 186424 178899 183594 149601 94197.8 86747.1 92919.1 138592 127543
 170575 181507 154604 236475 221273 175501 158646 142443 98917.2 97685.4 138842 123848 138366 114848 66638.9 61664 62553.9 100676 101264
 214728 198829 169377 226308 231322 177404 147942 128241 78193.1 75230 121756 110469 132060 113735 64598.4 51067.3 47873.2 80314.3 82453.4
 141299 191839 185403 240896 233986 186360 156824 133736 86607.9 89059.4 128417 109013 133022 112195 65709.1 52204.7 43369.6 79034 80108
 156008 166705 183249 210065 197687 157259 144495 135627 92628.4 94229 139516 125495 131251 112538 69374.2 56518.6 48528.7 73394.8 70820.7
 272777 250357 230786 233330 219145 159180 133497 125136 97418.4 94326.3 126116 117897 124287 110168 72028.5 56671.3 53457.9 95990.7 108268
 198946 187234 178291 195178 210692 170241 137510 117362 88802.8 88222 131821 126776 125254 112039 69262.9 53355.9 47420.4 90828.8 99982.6
 219912 216930 197844 225691 241879 186057 148014 133086 97876 88226.5 138901 131965 137516 122952 77574.5 61470.1 57114.2 99114.1 102738
 228835 225610 202714 263905 263193 209368 177110 161355 125394 105180 168989 159941 171305 144964 86568.1 70046.3 62523.4 104593 110565
 166215 172026 185148 229943 231894 209468 187819 155892 121161 105072 155223 149646 165723 134251 77669.4 68480.9 63055.6 96844.6 94438.8
 204444 185124 168762 220675 233210 195491 176566 162220 120675 116546 160146 147047 159955 135792 80453 69520.2 61412.6 104259 107284
 198437 197341 193428 231160 211266 181162 170930 143193 109033 100047 135391 123002 136073 117351 70861.9 64553.1 59365.8 97869.7 103484
 223633 225700 272897 326060 276895 223828 194260 163790 130588 120473 174831 153182 159196 138535 89995.6 76179.6 70729.4 131162 148773
 189116 201077 274167 318367 265814 206306 161808 129509 102100 87733.3 141796 129498 135979 114515 76115.1 63986 59704.4 111234 120840
 173128 190593 203126 255117 230492 198752 165430 146989 113283 99278.8 140989 131368 137339 121327 87597.5 70204.9 62779.8 122515 126279
 148477 156805 190668 240938 215404 183786 151947 126245 84935.1 76527.8 124267 117931 127178 108752 81100.5 74905.8 65813.4 127602 132887
 195682 180767 169625 206712 201604 174601 142938 122358 82889.2 83854.8 143199 126255 124303 104508 80320.8 72330.2 61718.4 114098 117712
 183599 197188 155283 182920 184255 168440 143636 121002 79764.2 81369.2 134004 122450 113633 98241.9 68385.1 58566.6 48402.7 82622.1 81821.8
 193926 207878 246088 258737 215406 201123 171701 129308 78211.5 76992.9 127275 120420 127946 117680 79680.5 65031.8 59091 93196.6 99969.9
 231791 233177 301488 326769 247393 229962 194952 150533 94381.1 94166.2 142195 133957 156235 142179 100505 80398.7 76578 110928 108195
 186490 208277 244931 258446 232506 226808 173741 129442 85394.2 85119.8 119789 110661 131406 126878 91053.7 70952.6 61745.6 91075.6 97370.4
 180046 205084 222143 239183 210792 188411 145881 116622 74696.2 67026.6 95579.3 91848.8 111552 109558 71629.1 53461.9 46767.9 70288 76359.1
 317476 332407 312077 283986 225544 178811 149244 125284 93049.9 88784.8 124780 115525 122177 115292 73721.5 59385.4 54426.8 93881.9 114682
 368770 330389 295732 266317 220345 178530 154712 128605 94244.4 88177 121842 118583 132156 121586 76290.9 61381.1 55439.8 100347 110008
 469540 373291 276221 219213 201384 168664 144178 130392 93417.5 82526.7 117597 114379 123665 109112 73913.7 60044.7 49754.3 80895.1 96691.3
 251323 257887 244393 226803 237419 210891 167275 149837 113650 103818 137676 125601 143416 129152 86560.2 77080.1 70005.9 106182 117263
 327738 291473 250203 241974 227056 187527 163467 145614 98914 84445.1 127059 121401 128534 106604 75688.3 64279.7 54130.5 90335.8 113970
 324591 323027 230360 212759 195986 173832 152547 121805 88031.6 75940.9 113870 104877 111274 89393.6 62909.8 57688.7 46203.2 77816.1 86320.2
 316940 293956 238673 208381 184059 175705 141472 108605 82981 76671.3 109606 99438.9 115123 97908.5 66918.7 53335.3 41385.7 81162.5 87752.3
 270856 275127 265629 268576 231288 207246 173419 137925 94359.7 92847.6 143542 134556 145811 127995 85403.6 69849.6 52782.1 101665 110579
 259747 198889 170711 191433 190624 186465 160661 121479 81781.7 79030.3 123657 118298 124576 111824 71537.6 55248.8 43591 76813.4 79895.8
 212882 186290 159668 194042 224907 205683 168101 129520 85280 83927.4 126598 117719 124977 111255 73612.6 65499 56971.5 85361.8 82499.1
 300000 257130 203145 223645 263201 240228 192394 145044 91786.5 90102.3 129581 123945 136913 117374 75822.8 70529.6 65789.4 92443 87165.2
 261135 200623 160846 209891 224817 198233 165264 117829 85311.8 85825 134196 111614 122058 111967 69510.6 57978.7 50047 83839.3 82693.4
 436831 317136 230321 283780 261785 239888 207258 157523 118786 113970 153934 131284 136918 123587 79072.9 63120.1 58263.2 105810 113211
 220309 190287 247139 313694 282347 225365 206382 172181 121793 111273 145783 125364 134529 120347 79010.5 57942.2 50939.5 115888 118120
 286108 245542 261926 330687 301425 219138 183581 151420 106568 104150 148151 135171 144985 126652 86569 61005.3 49907.8 104501 105492
 317602 252300 242253 280555 251051 178738 162425 150334 106794 99118 161147 154561 146140 124262 83512.8 56121.1 43641.5 83481.5 85856.8
 177402 209055 215764 255131 260993 200329 163375 132822 93811.5 91659.1 155026 145893 144592 130010 90198.6 64216.6 46777.7 106999 113475
 208076 224992 206714 221687 228908 190189 177190 152065 93850.9 94104.5 147433 133482 138538 126951 84183.5 59405.5 49042.8 97141.7 98182.2
 324783 249983 227749 259124 211281 168416 170501 149173 80863 89197.5 152680 157995 150541 127701 82868.4 61771.2 55229.7 110611 121535
 283371 262883 228627 255535 221821 180237 158583 126409 91981.9 99698.4 142254 142001 140382 129760 89810.5 64997.2 68300.6 125028 129958
 253717 267584 270224 285114 254702 203928 167779 130125 94764.1 100028 136917 130911 125249 115188 77455.7 67597.1 66537.5 95582.8 104856
 249351 286553 250276 284330 270851 223699 195045 143643 103163 102283 149958 147546 136014 127903 91450 69929.3 65273.6 98127.3 110343
 213154 215389 221371 254372 245698 207757 181795 146335 90649 80812.8 141529 148068 137424 121155 76939.6 61894.6 62237.2 95488.1 99689.7
 251681 269037 292914 330034 284804 223300 197639 165386 87747.6 83943.7 136497 140185 145226 126253 85038.3 68950.1 65149.6 98513.2 98969.5
 183009 189988 206458 295886 307612 252716 206579 156134 86269.9 77778.7 134756 136195 147637 136403 95207.5 75041.9 81566 123088 124727
 320762 300103 255876 281924 261412 222712 185870 141837 80582.3 77495.1 120061 111882 125227 116396 77903.7 62946.9 64137.1 107359 102907
 331733 308678 269638 298123 254284 181773 162059 136470 91945.7 85296.5 125697 114745 128062 118953 81250.9 67499.9 63332.1 105692 110616
 333475 293418 250335 247232 221388 181186 156804 120289 81174.7 67853.7 108355 101228 109503 109844 82181.6 66558.2 60426.9 93411.7 91493.8
 268351 269793 300094 337848 292896 220328 168382 131949 110029 98099.4 143448 138578 137675 127701 87706.1 69419.8 62002.6 114804 125937
 182745 202610 239541 321051 318249 250853 182694 154814 124707 119041 171619 166771 161178 148564 109568 90232.8 76204.3 128549 132923
 234752 235728 253899 337046 303353 250288 192268 146784 106166 114122 170958 156299 144672 132458 100807 93460.2 80266.9 126796 126233
 191430 156052 191544 278262 248592 207091 162892 148019 108880 97955.3 173387 167244 160158 140879 94736.4 83423.7 71835.8 132776 141379
 173547 203277 251357 293516 264984 216153 171602 151607 108257 81662.1 153379 151570 145269 127212 86489.2 77209.8 71669.6 111018 116819
 234741 217137 228822 287162 267488 231188 189858 169574 118662 93318 158346 151706 149828 121072 78445.2 74463.6 67276.9 119384 126484
 160680 134331 136004 196414 209895 190150 171738 148985 106293 88117.2 146455 139627 148323 123121 78058.3 69038.2 61759.5 118760 126023
 252100 209164 197171 256690 244974 212947 187969 163430 102696 72493.2 128044 126359 145359 121814 75951.6 71493.1 67471.5 117591 118994
 177683 169676 220399 330800 308298 239572 196316 160956 104951 88889.5 143590 134959 151952 128185 84614.2 71113.2 66973.6 113315 111932
 145795 149697 200735 295145 278385 208267 189889 161203 100952 87281.1 141050 130591 144052 123442 79283.4 66284 61464.6 100955 103377
 185359 147273 138137 259093 268912 230606 193746 149133 93891.6 82986.6 144628 130687 152713 129357 81635.1 70093.7 68671.5 106639 99486.4
 190672 156675 161748 243125 256530 212029 185339 148736 88835.9 74576.2 134477 132839 152233 131279 80863.4 67498 66492.4 109799 111099
 172650 174419 175559 283424 267671 222229 196702 158126 100068 85161.3 138471 126721 164024 140517 93181.5 74615.6 76413.7 110085 104593
 170892 183595 163837 242585 230242 193741 180205 145906 88993.4 78042.8 122408 110105 137441 126077 83339.3 64640 67355.8 91888.8 82956.2
 183239 229138 215835 294747 258090 209042 172809 143027 93805.7 84412 127964 116820 142257 127494 90233.2 72268.5 62342.2 96265.5 92197.1
 195845 197230 188185 262233 239365 197724 175022 142890 98368.7 83745.3 121844 128948 147475 142263 101638 72815.4 64283.5 105729 107674
 124621 139226 165089 232760 217829 199535 197885 168294 127898 121057 142991 137741 164911 169047 117645 92410.9 82847.6 121546 120331
 119612 135302 166463 218453 188898 167025 152589 121447 87338.7 76434.9 103207 92329.9 117687 123033 83369.3 67319 60055.9 98974.6 100362
 187608 190943 209622 302234 277082 227354 207509 162298 138505 121365 152096 136497 159982 156902 110467 91327.2 86491.9 130818 116813
 132618 197445 212170 302945 300235 243465 242728 192581 143983 122141 175450 167570 172617 162244 120143 97135.9 92711.2 126267 107901
 200757 220843 238075 314870 307304 247032 230925 182533 125959 106084 170597 169540 174881 161460 118610 99500.3 90722.4 132531 123336
 184579 210057 239143 290837 254887 197300 187728 146094 98359 88874.6 170315 168721 163509 147457 103965 83506.7 75332 117475 112953
 232048 240380 265552 310379 284188 229897 210600 164310 118880 119771 198298 197968 182602 166341 117260 90789.5 88074.3 132406 135228
 180434 156219 207074 306134 302839 246069 221023 169268 126275 139283 196619 175571 165288 151367 105949 87792.5 96500 128510 125319
 161195 169885 194348 251828 253815 206412 193594 164491 116376 117458 176643 165258 155601 139637 97670.6 81085.4 75546.4 103757 103108
 273343 236948 207108 237779 228904 183013 187595 171246 118755 111340 160247 147085 154325 142451 96550 77726.3 73169.6 106911 105829
 294251 284568 251557 270690 247759 203967 191549 170974 124082 108793 158517 139849 160833 143048 94737.4 90191.7 96453.9 122103 110657
 235453 208567 217741 239098 219792 172817 150670 126805 96066.7 90717.1 130713 116406 130136 128043 88649.6 74356.1 71520.2 96900.8 102717
 231948 206403 208314 240438 221623 197890 177555 137956 100382 93925.4 138934 128290 140261 134062 92436.6 81363.3 84460.1 116016 117794
 225392 211747 238592 286868 250631 196371 163041 143271 100351 86246.7 114445 101958 120451 120794 80760 66118.4 66228.2 93440.9 93325.3
 322205 318008 280169 307186 268450 190529 156551 143711 94896.1 77219.1 117631 104228 119712 115522 75583.8 57272.6 56022.2 88287.7 96275.3
 288758 310448 280615 293428 255056 184889 155978 155308 107100 88546.9 126533 116234 135840 131290 85404.5 65489.3 62794.8 99649.2 104367
 260598 279168 260790 316911 282805 205058 170040 156096 98971 99240.8 153894 141823 147573 127175 82242 64107.5 58376.6 84592.3 86136.2
 344868 311093 240737 301425 302838 237291 179005 169980 128181 112700 158698 143418 156507 142896 94517.3 70450.7 60807.7 90248.4 86429.1
 410148 368105 271902 292819 281548 240613 189732 175683 133091 123772 154219 129591 149649 133613 84454.1 63328.8 65993.5 114357 113050
 438545 344169 248821 268914 250175 218636 188975 158579 118262 111752 161839 154907 154528 136611 90679.4 68676.2 71347.5 103632 104675
 326233 275501 226904 270925 244436 200693 168683 138285 102232 101541 144911 133611 145101 128142 80643.9 63303.7 56860.9 78301.9 74743.9
 346734 274661 212709 263264 252116 207822 178149 147876 108805 110677 146965 136184 137790 124345 82236 67248.1 67065.7 96314.3 93635.9
 162320 168068 212215 297726 270783 224957 186361 154837 109541 103627 138532 125444 126821 116119 80273.5 71258.2 70543.6 104644 101347
 273353 317420 313375 369091 313770 251913 201135 153395 111849 102205 138517 118478 147753 136268 89190 90045.3 89105.3 127370 118313
 219348 268421 306854 344058 289635 234946 184085 138964 102009 100860 141549 130277 154795 142560 87865.7 83387.2 82552.3 132007 133480
 277169 262455 241765 293943 293474 232724 173043 131696 109579 106084 144292 132276 152327 138907 91431.2 72754 66509 114163 117433
 205580 176254 240093 325814 284228 214766 144645 113574 89237.1 81027.9 126033 115944 129182 109535 73864.8 66945.4 62263.1 89628.3 84220.7
 208582 154162 203985 334154 320590 259226 185003 144461 102746 109086 164648 154284 162223 142030 95076.7 74707.2 76417.3 123664 118812
 191979 183636 211663 289773 256899 214098 166183 140101 98906.8 98478.4 147650 130816 138318 127872 88309.5 68465 63927.8 108202 103617
 267660 220495 198683 256428 249159 194573 146736 122971 83559.7 77992 124076 104763 118658 114516 77157.4 62458.1 55691.8 87297.7 80609
 257660 190876 210045 306624 264089 220964 169794 149630 107473 87230.4 145458 130948 140596 124074 82640.4 67409.6 65407.2 105505 97366.1
 244931 249992 229176 285120 225268 202721 179043 138469 93765.7 73203.9 123876 112581 118411 104836 72638.5 59434.1 55710 81947.6 77642.5
 357786 271267 241454 287760 245723 205501 176048 147896 100574 75525.3 125412 121963 120953 103981 71019.3 62182.4 65932.3 90103.2 80656.3
 274954 242518 253199 299721 255183 222353 178138 157955 121505 86781.7 143100 137694 134218 118418 82748.5 70546.8 77710.9 94180.9 87674.5
 387341 260948 237463 325287 293666 241026 196883 174522 135304 107342 159017 149049 153828 133503 92254.5 82151.7 82617.6 101901 99669.4
 395831 252889 219997 313305 303742 247255 199034 175188 133739 111659 147677 139016 143383 131586 91102.8 79163 79620.2 109481 103913
 219991 180462 167134 265361 286675 239804 189337 148055 108650 89916.3 124970 115499 120098 107945 71616.4 63148.1 59961.7 92287.6 101195
 314554 254025 224141 262903 244312 198512 148836 117704 92426.9 80094 125470 130445 125129 106374 66851.6 61571.1 62164.1 117497 124116
 322785 300801 236707 269956 290105 244176 185015 147137 107233 97916.8 147614 150806 149088 129293 87583.7 73390.8 67839.3 106442 106179
 321821 294599 257591 300257 292063 226624 182629 151398 98553.9 82719.2 137345 142476 142717 119501 79129.4 58665.2 54485.5 91184.1 94183.5
 365462 342387 299841 314005 285128 213256 181479 165364 112405 99127.3 168030 164838 170730 140294 92003.2 72335.6 63025.3 94152.9 98180.5
 349182 334020 315831 306684 243477 189036 171611 153480 102574 85495.3 144687 150250 161382 132976 85882.9 66478.6 57914.5 90101 99587.3
 317059 268825 225604 302595 298270 228147 184631 139310 91601.3 94641.4 164068 155049 157522 135428 89206.8 65758.1 54706.1 97819.2 100391
 339441 374779 338384 323542 270102 194790 155345 129688 88960.6 100670 163607 153171 150818 131184 86028.7 62558.2 50260.4 83166.7 76087.7
 219936 312310 298502 301004 280486 224508 164175 137486 95067.2 103609 168926 156508 152384 137964 91178.9 67138.8 59211.1 93404.3 88151.2
 276134 271466 213716 209856 223002 203936 157600 134446 85542.1 89358.5 147289 135919 135753 117724 76933.7 61164.7 53844.8 84585.3 88220.2
 287591 279170 205160 210340 219445 189610 148210 124608 86680.1 86813.9 134860 117669 127825 117787 69742.1 56064.1 45546.5 73153.5 69764.5
 318863 297979 222881 242572 231093 182442 144224 136920 98363.6 101847 154342 133325 136050 114847 69531.2 54323.2 42343.2 81726.7 82997.9
 247455 209394 161293 234704 212947 179787 162887 146258 106577 108979 174171 158480 146011 119704 70278.2 54571.6 44568.5 95328.8 108033
 292097 314864 237658 253045 209606 165770 134137 123128 96232.3 89861.4 140384 134544 135494 119460 66518 50298.2 44652.3 89012 101700
 218772 231696 211632 289584 259639 193937 140817 113750 88572 95167.7 146108 142755 147416 136444 83343 68267.3 69824.1 105254 119842
 220503 196127 181431 276212 246758 188704 149788 119794 96379 97329.2 147305 138417 145095 130723 82622.8 67508.7 59666.7 111415 131226
 245278 199356 196161 261776 227533 170224 136940 101571 78014.6 79968.3 136168 129223 127429 110172 70907.4 60827.6 56771.3 94462.7 117548
 296333 239358 204875 235557 196326 142713 129940 107461 73306.3 75473.1 126525 127119 126051 116367 78713.9 60984.9 55870.5 93345.3 114535
 269200 252169 225842 261142 233990 190416 163944 137181 91274.6 94850.3 152772 157453 161144 151075 101568 79891.5 77625.2 108773 120467
 265962 266236 240433 297593 276681 208458 159651 131071 89244.1 92912.5 153075 148900 154055 142861 91264.9 73299.4 61866.7 100577 107122
 218898 242256 182479 257952 273690 217008 166873 123193 78112.6 81201.9 130556 130097 139127 132202 85908.6 66123.9 56068.2 97882.9 103524
 213000 227396 261970 298224 258506 215051 163241 125998 88738.5 82585.5 139700 138367 158597 149641 98740.9 70560 59385.2 104124 114841
 155513 202975 255366 281755 231744 177869 144926 126601 73687.4 69473.3 127545 125930 127779 119864 79396.4 63361.4 62501.8 110250 114296
 177763 174404 211305 258070 210296 164198 147993 128770 73391.1 73119.6 121696 112413 127339 116215 74677.9 51334.7 44867.4 88872.7 91895.2
 256388 211418 171178 233791 202515 156295 130186 119716 86584.3 82416 125844 109771 121648 107375 71994 54806.7 52424.4 97901.7 95927.2
 215234 229902 214363 244637 205938 165568 138416 125438 85217.2 76697.9 112845 102597 110139 96861.5 65492.6 53104.5 57462.4 85451.6 80193.6
 248815 289677 236641 257703 225345 191342 166858 143036 102376 95204.4 140902 127056 131711 117779 80982 68887.7 72707.5 107348 104056
 193999 198337 174651 225799 213910 160784 149405 131712 81045 73214.8 120106 109690 108293 95043.1 63046.7 54402.5 51043.6 89855.2 90541.7
 217919 249697 245043 277224 245643 190656 172889 165294 110433 101840 146723 128038 124471 110999 79197.4 72898.8 72495.9 104568 99180
 271149 263048 259405 282903 229464 184138 190371 184168 124564 107703 158450 154329 145086 128205 86780.2 63227.6 60213.1 95319.6 92122.5
 329770 329843 297020 288983 217080 182807 153308 144304 111729 106909 140520 138306 124323 105577 70918.4 60728.7 54683.8 87382.6 94837.6
 201048 236080 233043 251894 205806 173623 149982 123387 93416.4 92507.9 124810 111917 114790 101987 70018.1 54988.3 51190.5 83598.2 84453.1
 242497 242654 216985 234876 199601 170476 160293 141575 107779 114042 139806 114783 129526 122365 78777.8 61672.3 51519.1 83577.5 91647.5
 207398 259071 264107 275479 219693 163702 148424 143926 103959 114864 143504 121512 135399 124311 79045.7 60525.1 48295.8 94847 102332
 204289 224544 223292 244872 198076 155835 138352 129123 83450.7 80163.3 116629 104139 114579 101728 69978.4 54878.7 48543.2 84489.2 84233
 309028 309381 263847 264623 222238 169199 159398 156221 107827 101958 142855 127253 129136 111285 74417.5 67139.8 62814.4 106113 98763.9
 227098 264231 250932 268686 254568 193282 163000 155578 106863 103215 139617 128362 136334 114979 71736.8 67881.1 58061.3 106284 104372
 305531 286298 242733 267163 252436 192250 166091 156671 115206 105397 135486 118159 126538 109007 72931.7 65234.2 60679.9 95921.3 95323.7
 275499 284704 271633 273880 237139 176991 141455 134690 104440 93756 130382 122728 126027 116637 75528.2 65191.7 59635.9 104373 113506
 326806 321176 268530 259825 238197 178620 142998 140604 109140 102162 134825 120496 123691 118581 79691.9 71635.4 60565.2 94068.8 96144.4
 347377 305642 259321 241336 233659 185935 139615 120766 92818.1 86764.2 106023 99930.3 110214 105138 65626 63549.7 59066.3 87765.2 88823.4
 268382 206810 190448 218561 220068 181866 143051 132808 105034 91918.9 105183 92829.1 105367 107004 72614.8 63172.3 55774.6 87858.4 89364.3
 267283 228896 209323 245950 207770 153085 141582 134183 89957.4 83724.1 109798 97100.8 110358 111914 68218.7 57490.7 54069.9 87256.9 90101.2
 262748 230712 193795 212174 228242 184785 170636 156483 97016.1 105166 138383 121101 127104 118400 75704.9 66942.7 56056.1 78868.6 94468.2
 242880 198043 175258 206913 223949 188705 168030 147893 98210.8 105942 141351 131333 136095 121521 76643.6 68250.2 59199.2 85849.3 93896.6
 279597 258957 237252 218986 208401 170731 151186 129596 80579.8 82949.6 114897 106594 111148 100168 65275.1 55832.9 53560.9 86008.4 93703.7
 297419 240268 219738 254377 242390 182441 157075 129149 80904.2 93960.1 119295 104250 125123 110481 73170.2 56944.7 50956.5 100669 109726
 263390 235125 248618 276996 248057 199447 189691 152224 95165.6 98935.2 126590 116164 121566 107688 79706.5 59182.4 52760.9 101816 117137
 202375 194471 206627 258989 236964 181146 159152 133986 90515.3 82373.8 119580 111442 119727 102560 71749.4 57464.6 53406.9 102629 117667
 196283 218088 213519 265479 265198 195477 161129 134130 92248.7 86878.7 125483 120655 127986 107610 71991.3 55064.9 49723.1 87590.1 113499
 198390 247459 210228 235128 225077 167516 149300 130719 74616.2 74457.9 112323 104756 110290 90058.8 62049.6 50045.7 42615.4 65274.4 81738.1
 246110 248116 195079 237653 237252 186788 170735 144311 85820.2 88053.8 133579 124849 127995 103242 69634.6 57982.5 55296.5 85920.6 115860
 218041 214638 170653 225888 208519 170796 159773 129877 79585.8 84432.1 140417 131065 122974 96283.7 65670 54225.9 42347.5 82949.9 85978.5
 246002 213735 171109 225200 211512 163717 161752 129776 74208.2 86210.8 138670 126034 124138 104573 69534.7 55045.3 44852.8 78574 79707
 379703 342664 272494 246649 218410 180793 153178 133906 83132.4 86628.4 156154 146438 138243 117987 80860.9 65749 61880.3 98135.4 101270
 240959 212660 186934 244115 250044 193925 160057 137354 83460.7 85490.1 159769 152295 146905 129478 89376.6 79286.7 71785.2 96445.5 91391.9
 272753 246158 189800 224066 236160 178630 141045 127370 86988.6 91336 154793 144410 138851 111297 73200.7 60173.7 51810.9 74267.1 74355.3
 337491 342880 243087 241073 240706 177740 144489 127470 91484.4 90963.9 139732 126644 132878 114022 73780.9 63490.2 59436.4 93156.6 100905
 241308 214397 155326 177961 187668 143342 130731 132175 98007.6 91475.2 136896 126794 122867 105401 70032.1 62796.5 61398.7 77613.5 73830.4
 406660 289468 186989 207833 202184 160726 148663 136246 100879 96115.4 143423 142167 140202 119640 75623.7 71888.2 64603.9 79813.6 83233
 286757 277451 209878 257258 259408 192648 172327 161830 125626 106732 161604 151270 163281 139846 88477.6 75440.4 75628.8 115115 109515
 274994 317082 255220 286759 271642 215395 189430 163243 120651 104255 151082 145565 165521 143549 89760.3 70573.7 69730.4 111682 115087
 217651 223671 204425 270971 249152 204845 184280 155095 107792 89036.8 145668 137048 157590 134277 83123.5 68417.5 57928.5 103785 100345
 194675 187546 175027 253983 239630 195284 163453 149264 110965 88715.4 134342 125610 144093 134401 84628.4 70356.4 62149 101842 100825
 214704 226989 216729 287473 252316 187833 157952 138247 93281.9 80679.2 132673 126524 135538 120916 75356.7 56128.8 48831.6 90412.6 89688.2
 215320 221339 211705 273636 241357 174205 145246 140759 103018 91884 138893 133149 125957 109113 67510.4 55498.2 51070.3 86625.9 87818.7
 191689 197964 191244 259723 233579 165091 136153 138161 104005 91820.6 134753 126289 123185 111935 69501.3 56170.9 55035.9 105634 113359
 238544 242262 211489 256730 214205 150666 123493 129330 93995.7 89175 127711 110520 127695 119376 72169.6 53612.9 52454.1 97892.3 99253.6
