 0.395463 0.680563 0.991458 1.12974 0.884746 1.01872 0.759281 0.68742 0.716367 0.586063 0.572176 0.515567 0.414627 0.200537 0.106551 0.148316 0.158726 0.199901 0.162958 0.142145
 0.376639 0.299434 0.41306 0.124304 0.0528655 0.111215 0.200053 0.354067 0.44171 0.587313 0.65635 0.436403 0.405493 0.724559 0.598534 0.532222 0.361323 0.311578 0.262519 0.290685
 0.390424 0.259773 0.23191 0.394072 0.321477 0.183519 0.0863054 0.0684117 0.0258793 0.0164256 0.00598735 0.000832143 1.45951e-05 2.44511e-07 4.07979e-09 1.6054e-10 6.58677e-12 7.42221e-13 5.4085e-15 2.44829e-16
 0.355307 0.316943 0.406714 0.530231 0.752813 0.770257 0.603564 0.523768 0.467995 0.333621 0.377241 0.51658 0.552875 0.390462 0.341486 0.483847 0.990417 0.860586 0.600992 0.247743
 0.357236 0.361589 0.593114 0.431533 0.227009 0.130357 0.0281979 0.00886845 0.0034189 0.000416217 8.09027e-06 1.92359e-07 4.66282e-09 3.0515e-10 2.66876e-12 1.3515e-12 2.23778e-15 4.21336e-15 3.75363e-16 2.3724e-14
 0.432841 0.582494 0.820659 0.899458 0.829152 0.68577 0.617166 0.438262 0.395012 0.477662 0.289682 0.115034 0.267782 0.239161 0.278639 0.319664 0.243902 0.315684 0.611624 0.473365
 0.414695 0.405846 0.2657 0.203822 0.183929 0.136675 0.113994 0.186468 0.264016 0.231705 0.325725 0.326467 0.380883 0.356513 0.483711 1.02274 1.16523 1.1243 0.946746 0.59507
 0.469307 0.730496 1.01562 1.13386 1.36441 1.22306 1.11874 1.35328 1.21713 1.96952 1.61294 1.30635 0.957831 0.536398 0.386696 0.280216 0.220013 0.209925 0.195611 0.260703
 0.438971 0.43784 0.222693 0.114643 0.171751 0.173221 0.153256 0.120856 0.176916 0.249503 0.274537 0.191587 0.407078 0.630833 0.645761 0.667991 0.814895 0.567052 0.376665 0.285683
 0.373964 0.307441 0.332993 0.346554 0.229711 0.272178 0.324271 0.246248 0.277643 0.336821 0.31949 0.209988 0.148905 0.260513 0.39232 0.42107 0.432184 0.17637 0.172197 0.339101
 0.447583 0.53957 0.499252 0.508409 0.219999 0.160781 0.174278 0.107276 0.0923803 0.103438 0.123473 0.151847 0.19823 0.196924 0.399336 0.425699 0.337676 0.293474 0.285066 0.257354
 0.387689 0.482617 0.410308 0.15994 0.120221 0.194865 0.208933 0.185477 0.223266 0.272461 0.220029 0.257889 0.171912 0.185173 0.185755 0.128385 0.173011 0.422993 0.397887 0.308001
 0.430507 0.74148 0.794999 0.643039 0.785112 0.82363 0.89166 0.89769 0.881187 0.839444 0.641266 0.569436 0.458011 0.407818 0.502791 0.426447 0.36154 0.294655 0.381544 0.242294
 0.406089 0.220186 0.124543 0.0892697 0.0862183 0.113323 0.13712 0.297116 0.405962 0.423266 0.362166 0.321627 0.274668 0.254759 0.209784 0.271883 0.686009 0.655365 0.438189 0.311231
 0.35959 0.349556 0.0596359 0.0811163 0.138363 0.225201 0.253389 0.307351 0.409553 0.59637 0.80885 0.920876 0.841069 0.698699 0.674243 0.389198 0.27277 0.193399 0.215142 0.159991
 0.32524 0.326795 0.370088 0.437699 0.364743 0.294093 0.205407 0.208606 0.346877 0.286414 0.334327 0.322661 0.294635 0.196909 0.378973 0.338004 0.349901 0.23989 0.429806 0.476398
 0.430973 0.690243 0.794165 0.8326 0.862936 0.883227 0.975693 0.978894 0.822233 0.759717 0.606382 0.459633 0.310461 0.233948 0.31851 0.546059 0.500942 0.340693 0.239736 0.240563
 0.374942 0.351361 0.3367 0.455976 0.701332 0.800503 0.823235 0.464591 0.191761 0.134153 0.146454 0.074807 0.250935 0.281633 0.213556 0.15703 0.118608 0.140885 0.236809 0.2979
 0.354182 0.39819 0.479771 0.430436 0.435089 0.401238 0.271623 0.162881 0.197779 0.236004 0.156872 0.134859 0.132627 0.14765 0.18929 0.217189 0.262645 0.307007 0.448858 0.351117
 0.317795 0.327229 0.535024 0.547686 0.574222 0.686926 0.631863 0.519964 0.407841 0.381091 0.715545 0.919931 0.703131 0.455613 0.219934 0.19605 0.26453 0.209026 0.141832 0.128499
 0.406118 0.735439 1.28883 1.19493 1.24567 1.06616 1.19919 1.70655 1.44136 1.2426 1.4171 1.26446 0.981583 0.986396 1.2609 1.45751 1.51429 1.22696 1.3669 1.51943
 0.376649 0.311661 0.351563 0.442079 0.490059 0.654045 0.420306 0.51781 0.624137 0.579616 0.725024 0.782117 0.682996 0.472199 0.34311 0.140056 0.212537 0.37657 0.228516 0.162172
 0.330232 0.279877 0.316584 0.290209 0.333672 0.275849 0.189419 0.173714 0.199862 0.241946 0.262696 0.174658 0.208372 0.314953 0.199212 0.153844 0.267389 0.306667 0.403967 0.35591
 0.331484 0.299107 0.164719 0.0865646 0.105556 0.120863 0.239205 0.296581 0.37051 0.702144 0.624756 0.442615 0.49528 0.310365 0.255176 0.365054 0.271117 0.18435 0.222466 0.293131
 0.462526 0.572982 0.388201 0.281834 0.333187 0.425738 0.599807 0.841209 0.963231 0.921656 1.32947 1.39535 1.10683 0.874514 1.07058 0.911536 0.678352 1.10764 1.04347 1.1109
 0.537271 1.42175 1.94215 1.81888 1.38121 1.18907 1.47893 1.34974 1.14307 0.885394 0.618986 0.439701 0.514438 0.466811 0.551393 0.338742 0.229569 0.339823 0.334966 0.219847
 0.436355 0.710547 1.11557 1.3315 1.03686 0.99956 0.79214 0.778662 0.742209 0.846176 0.737444 0.68768 0.449571 0.273294 0.185487 0.214725 0.249036 0.228833 0.32076 0.159039
 0.451925 0.848568 0.997361 0.578649 0.703209 0.880771 1.12002 1.48961 1.37524 1.44029 1.3703 1.51119 1.36548 1.3458 1.40783 1.55175 1.26166 1.24397 1.51203 1.29696
 0.511343 0.504707 0.582864 0.787575 0.881696 0.772733 0.791153 1.17515 1.12086 0.915797 0.711786 0.789364 1.32417 1.88484 1.74232 0.99659 1.27453 0.804093 0.657777 0.789825
 0.437215 0.336868 0.424878 0.51594 0.803475 0.751612 0.797982 0.718687 0.693404 0.758668 0.575962 0.43202 0.379434 0.433473 0.527362 0.392958 0.371821 0.47166 0.698012 0.637742
 0.38499 0.511159 0.412938 0.345064 0.268391 0.246947 0.269287 0.347847 0.259813 0.236211 0.233552 0.249385 0.440276 0.375565 0.377444 0.359855 0.413006 0.399706 0.649504 0.618329
 0.443507 0.663875 0.665272 0.76168 0.495138 0.555232 0.377258 0.293327 0.256493 0.120709 0.116066 0.139359 0.235833 0.362259 0.5123 0.473223 0.462758 0.315601 0.26617 0.478777
 0.404736 0.483472 0.417702 0.229229 0.29676 0.271244 0.0260879 0.00346825 0.000210106 6.12548e-06 8.38462e-06 7.48118e-09 5.38144e-11 3.96345e-13 1.40965e-13 7.29226e-16 6.09161e-16 2.80506e-17 2.25424e-19 2.16142e-19
 0.380162 0.375217 0.212585 0.046817 0.0190509 0.0104846 0.00489905 0.000691419 1.1208e-05 2.80475e-07 8.25525e-09 6.30993e-10 1.51487e-11 3.59539e-13 2.59672e-14 6.76742e-15 8.09629e-16 1.92438e-18 3.16724e-18 1.84989e-15
 0.375333 0.300461 0.165005 0.667155 0.787355 0.725853 0.538459 0.464988 0.665757 0.673716 1.03639 1.61674 1.61792 1.53958 1.51285 1.61382 1.54116 1.59804 1.6434 1.59091
 0.447902 0.386801 0.601152 0.781029 0.902429 0.950407 0.720266 0.450643 0.313128 0.234837 0.168154 0.193316 0.250926 0.201316 0.202225 0.0990322 0.0727612 0.107323 0.13712 0.214526
 0.417112 0.390968 0.293678 0.0601899 0.0297434 0.0113244 0.00271142 0.000246697 6.05224e-06 1.68456e-07 9.95211e-09 4.68646e-10 2.47344e-11 4.23995e-13 2.14581e-14 3.16321e-15 1.22428e-16 2.55841e-14 3.87081e-15 1.86668e-16
 0.415972 0.591303 0.916261 0.693805 0.581723 1.14597 1.21472 0.613928 0.259262 0.146177 0.237398 0.252118 0.252827 0.245618 0.19673 0.316301 0.242735 0.120928 0.0550329 0.045858
 0.435544 0.178281 0.082692 0.172723 0.183893 0.14893 0.217483 0.298601 0.29481 0.327266 0.661775 0.794514 0.630754 0.503197 0.614971 0.534581 0.559935 0.396628 0.290926 0.428884
 0.411657 0.561393 0.553731 0.394763 0.40891 0.55967 0.60168 1.01062 0.802218 0.769386 0.84404 0.651984 0.760536 0.921838 0.702338 0.58131 0.422896 0.393808 0.794094 0.698536
 0.339516 0.19667 0.113336 0.208147 0.206597 0.131062 0.0715773 0.0742517 0.103606 0.134656 0.15243 0.30892 0.34398 0.391363 0.238581 0.188128 0.2229 0.330026 0.443378 0.456723
 0.425267 0.746231 1.16455 1.1999 0.862143 0.97698 0.719591 0.587063 0.520924 0.397782 0.39522 0.254711 0.149088 0.182365 0.30369 0.264267 0.210781 0.275264 0.284246 0.282357
 0.451408 0.550331 0.305722 0.193565 0.256236 0.457464 0.808977 0.757217 0.589643 0.54597 0.359744 0.267139 0.361151 0.531392 0.871285 0.665278 0.584292 0.906878 0.823837 0.622188
 0.447198 0.587256 0.83304 0.592251 0.519926 0.333286 0.174693 0.266893 0.325037 0.41428 0.353233 0.649063 0.570875 0.349699 0.328793 0.352127 0.227794 0.196565 0.131632 0.185438
 0.369064 0.359346 0.392519 0.266823 0.12762 0.175211 0.320336 0.520743 0.613222 0.488452 0.425987 0.372384 0.269325 0.28899 0.263749 0.334423 0.435672 0.275765 0.235504 0.413509
 0.451237 0.492825 0.735664 1.22906 1.13849 1.21272 0.695222 0.374958 0.385326 0.345632 0.47084 0.492957 0.587746 0.457789 0.445403 0.907863 0.84304 0.788637 0.599618 0.393989
 0.467901 0.794363 0.996572 0.913157 0.959399 1.04203 1.45528 1.32163 1.02993 0.771407 0.525881 0.575677 0.801351 0.634947 0.49387 0.545879 0.409924 0.341067 0.194381 0.276237
 0.388864 0.524236 0.641234 0.344888 0.157602 0.185676 0.221094 0.285744 0.219868 0.132073 0.266581 0.477852 0.497978 0.37629 0.306688 0.342835 0.44863 0.472094 0.430888 0.229328
 0.384288 0.381605 0.582597 0.602266 0.726773 0.797117 0.847751 0.722517 0.759079 0.805471 0.877521 0.903818 0.645737 0.403479 0.223232 0.181054 0.115171 0.141094 0.196406 0.154883
 0.374462 0.434495 0.614457 0.718262 0.501934 0.523352 0.897578 0.760997 0.433798 0.326184 0.283389 0.238166 0.297063 0.41894 0.4784 0.479731 0.364344 0.182593 0.102576 0.129895
 0.357269 0.179356 0.160058 0.232427 0.236595 0.182742 0.23759 0.564283 0.498818 0.305254 0.217964 0.222643 0.363668 0.648528 0.706846 0.741785 0.944658 0.753781 0.684044 0.996193
 0.43174 0.914752 1.05548 1.46872 1.96549 1.655 1.4463 1.05028 0.677594 0.639026 0.675687 0.578846 0.539801 0.401532 0.264117 0.439266 0.343544 0.310623 0.410842 0.35449
 0.460575 0.285278 0.164195 0.320766 0.933081 0.988065 0.928507 0.875325 0.611516 0.501942 0.542213 0.597997 0.583594 0.526116 0.338888 0.406587 0.64251 0.526501 0.55693 0.50703
 0.399159 0.351883 0.374961 0.333284 0.547196 0.521816 0.480927 0.593289 0.754756 0.63909 0.365406 0.288676 0.235654 0.270418 0.420045 0.319519 0.192789 0.289301 0.8445 0.806628
 0.501999 1.0452 0.988342 1.1151 1.10689 0.835238 0.752605 0.866231 0.889435 1.23749 0.882211 0.719311 0.38997 0.162505 0.129166 0.211016 0.0869035 0.0334861 0.0364852 0.0521146
 0.432857 0.528894 0.820017 0.691924 0.62829 0.127525 0.0621661 0.0846019 0.0587186 0.0457995 0.0594963 0.0907341 0.103901 0.163765 0.210923 0.2218 0.131274 0.353236 0.353703 0.357644
 0.4733 0.710721 0.663648 0.636821 0.454896 0.38538 0.44569 0.414443 0.296496 0.149976 0.0871558 0.0749459 0.0440434 0.0495448 0.0793438 0.220725 0.543672 0.42236 0.191674 0.170986
 0.36799 0.502104 1.68736 1.56159 1.31854 1.39302 1.32831 1.0765 1.1393 1.03488 1.04071 0.826508 0.579834 0.315487 0.192412 0.191093 0.234082 0.219879 0.291504 0.236904
 0.346354 0.292386 0.251027 0.268262 0.241337 0.051167 0.0691118 0.171905 0.127459 0.146789 0.10863 0.0651095 0.0104811 0.00147073 5.59559e-05 2.80103e-07 2.07454e-08 7.18289e-10 5.90843e-13 4.5625e-14
 0.358489 0.356084 0.14072 0.120313 0.103167 0.110643 0.154453 0.172557 0.264266 0.62904 0.451738 0.294588 0.294311 0.336809 0.316688 0.169631 0.118968 0.151027 0.202189 0.15856
 0.356855 0.393011 0.361626 0.38043 0.170608 0.0969438 0.1086 0.111698 0.117128 0.162537 0.145579 0.200793 0.188508 0.138079 0.0800541 0.115673 0.150184 0.211271 0.198282 0.258392
 0.31797 0.210087 0.153256 0.0894641 0.144107 0.113573 0.0552085 0.0624684 0.039236 0.0534541 0.0526332 0.0271831 0.038075 0.0509468 0.0497525 0.040033 0.0345816 0.0426596 0.133719 0.197494
 0.413992 0.626773 0.905938 1.17367 1.0116 0.824589 0.623279 0.502118 0.417091 0.451708 0.357863 0.13197 0.110278 0.119267 0.123536 0.26284 0.252073 0.182137 0.143257 0.0877364
 0.381886 0.222462 0.140946 0.202366 0.153336 0.118425 0.114678 0.21515 0.475956 0.353955 0.327818 0.542169 0.294462 0.237998 0.256056 0.306354 0.254379 0.223542 0.213504 0.248285
 0.357324 0.30009 0.151521 0.0962206 0.160786 0.298583 0.648567 0.687194 0.440562 0.19327 0.161534 0.123497 0.0716518 0.0762513 0.11606 0.209555 0.190344 0.188644 0.26063 0.257654
 0.379013 0.242114 0.122006 0.0867827 0.144973 0.146966 0.117898 0.126728 0.172374 0.263717 0.406916 0.371863 0.449448 0.450299 0.500506 0.509638 0.4372 0.482791 0.544164 0.32582
 0.399415 0.547521 0.716119 0.868977 1.05141 1.13398 0.823802 0.618103 0.536305 0.694378 0.667595 0.82391 1.29457 1.21896 1.22276 1.05139 0.816882 0.744358 1.41496 1.32977
 0.369686 0.593526 0.695666 0.707975 0.579421 0.595494 0.700945 0.715697 0.7904 0.679522 0.72417 0.876435 0.716309 0.488335 0.357922 0.28761 0.134554 0.0895609 0.174779 0.227909
 0.40848 0.499086 0.521761 0.640252 0.512064 0.383546 0.137622 0.132701 0.291272 0.288517 0.32784 0.418874 0.358411 0.373105 0.261089 0.216985 0.276 0.438763 0.41447 0.329169
 0.362551 0.344182 0.177325 0.07318 0.0227855 0.0328464 0.0628928 0.110003 0.147605 0.126437 0.192197 0.236892 0.291261 0.251607 0.19305 0.146631 0.15808 0.168648 0.175695 0.138502
 0.439041 0.657247 0.565897 0.547555 0.455144 0.252582 0.258755 0.159249 0.126118 0.153064 0.144326 0.131065 0.191637 0.272242 0.253849 0.347772 0.281775 0.136962 0.1969 0.424153
 0.420864 0.543126 0.682247 0.730474 0.66136 0.66489 0.646722 0.442799 0.288076 0.219189 0.232127 0.279047 0.264014 0.321401 0.134426 0.26161 0.302763 0.37552 0.303415 0.335594
 0.36473 0.288419 0.530994 0.578962 0.333383 0.233795 0.372118 0.749212 0.66216 0.40902 0.437667 0.552064 0.542922 0.39405 0.33482 0.28803 0.225896 0.134968 0.101297 0.168033
 0.40621 0.505397 0.620104 0.578723 0.513861 0.254046 0.257888 0.379772 0.310656 0.2963 0.345371 0.271318 0.303726 0.210722 0.133702 0.144252 0.0968108 0.19599 0.147084 0.0472824
 0.349862 0.33168 0.333395 0.261764 0.261967 0.410797 0.313245 0.146765 0.14766 0.239011 0.336667 0.2775 0.194993 0.159349 0.288064 0.258346 0.332388 0.30175 0.393192 0.503
 0.379811 0.517505 0.859559 1.13472 1.30019 1.20783 0.889758 0.913012 0.777481 0.695199 0.716057 0.860281 0.716792 0.675565 0.529758 0.344277 0.208483 0.146316 0.187562 0.108707
 0.376259 0.536155 0.567313 0.642763 0.685393 0.461059 0.348047 0.280694 0.271411 0.109703 0.105877 0.150026 0.274221 0.306074 0.367627 0.493009 0.334262 0.341828 0.355296 0.294528
 0.388623 0.636649 0.348579 0.146073 0.256367 0.293774 0.320123 0.420871 0.36373 0.322755 0.251967 0.27041 0.179859 0.224137 0.411638 0.284383 0.206428 0.207381 0.279955 0.421837
 0.424959 0.391813 0.388242 0.646857 0.499428 0.617945 0.621722 0.917001 0.779161 0.497142 0.353314 0.510145 0.51239 1.22296 1.0392 0.685252 0.629667 0.791144 0.651007 0.518197
 0.403477 0.639915 0.759842 0.806392 0.683248 0.389284 0.337798 0.437951 0.44152 0.992416 0.751057 0.557193 0.881218 0.673304 0.596548 0.737205 0.837494 0.735154 0.450348 0.391839
 0.404314 0.36696 0.462412 0.423596 0.196358 0.255173 0.54994 0.624918 0.719576 0.490867 0.260444 0.196516 0.19248 0.254314 0.221847 0.211418 0.271873 0.274303 0.288478 0.358982
 0.398259 0.275516 0.095093 0.0792799 0.121526 0.149243 0.189214 0.226866 0.222478 0.258744 0.305221 0.405937 0.455523 0.33981 0.296279 0.287013 0.266763 0.374461 0.31346 0.314662
 0.390013 0.411409 0.385158 0.350818 0.287244 0.187494 0.132792 0.148195 0.208988 0.281765 0.350091 0.577575 0.423414 0.474688 0.575941 0.47336 0.375411 0.350568 0.344948 0.210512
 0.397764 0.396284 0.636622 0.857397 0.952889 1.39362 1.01415 0.811133 0.601398 0.36055 0.39109 0.384753 0.420477 0.358294 0.399653 0.412842 0.256617 0.15264 0.154819 0.292887
 0.424247 0.485394 0.537441 0.427441 0.304393 0.169012 0.119618 0.132898 0.142319 0.173818 0.287196 0.178983 0.210113 0.28706 0.19378 0.180284 0.375804 0.373558 0.296204 0.210186
 0.425255 0.482841 0.539457 0.682887 0.736353 0.916443 0.97857 1.05279 1.03299 1.04389 0.96348 0.689023 0.578248 0.519844 0.476007 0.669064 0.612341 0.56525 0.41038 0.324145
 0.417557 0.565146 0.613856 0.866057 0.817977 0.896274 0.865459 0.835229 0.769974 1.0024 1.02357 0.97417 1.55079 1.43016 1.28442 1.10611 1.04802 0.958385 1.07507 1.14661
 0.383591 0.223782 0.156025 0.10434 0.116302 0.146064 0.14016 0.142217 0.172019 0.212553 0.213618 0.165369 0.0939743 0.104052 0.182417 0.210393 0.403316 0.576495 0.434447 0.222045
 0.442391 0.809016 0.845201 0.739751 0.682098 0.681199 0.627191 0.402537 0.359114 0.316595 0.270594 0.27038 0.23039 0.197184 0.216817 0.323952 0.418784 0.106719 0.29864 0.222133
 0.360431 0.341603 0.222589 0.146247 0.122971 0.196739 0.275649 0.338772 0.239931 0.160188 0.114778 0.167079 0.372411 0.469588 0.188127 0.111026 0.0972119 0.0971355 0.149025 0.223231
 0.325066 0.417718 0.906861 0.907361 0.700339 0.308915 0.552879 0.525548 0.437319 0.138011 0.26321 0.307363 0.222195 0.231954 0.209211 0.341793 0.360469 0.377452 0.471799 0.403581
 0.374338 0.321811 0.204301 0.132812 0.177279 0.275613 0.455898 0.48941 0.539076 0.693824 0.643715 0.153093 0.335419 0.330199 0.370211 0.619932 0.665358 1.02847 1.17467 1.0897
 0.443555 0.724366 0.931505 0.777419 0.571659 0.539935 0.710492 0.924005 1.06068 0.814254 0.531007 0.312627 0.287698 0.201892 0.159847 0.141548 0.165302 0.192922 0.271724 0.362907
 0.390462 0.7085 0.790021 0.704097 0.671795 0.616892 0.674045 0.680256 0.782706 0.587797 0.311527 0.129092 0.089874 0.115492 0.185802 0.163222 0.158839 0.173443 0.190439 0.11947
 0.345808 0.295194 0.377625 0.542256 0.570192 0.700018 0.690074 0.424033 0.261307 0.204737 0.324753 0.388544 0.262978 0.155989 0.258906 0.384158 0.321048 0.319699 0.300346 0.229953
 0.377075 0.569541 0.68954 0.666615 0.513703 0.582677 0.714804 0.958142 0.976841 0.891965 0.813222 0.546853 0.515356 0.945353 0.928868 0.750766 0.587831 0.519036 0.625092 0.465868
 0.40669 0.504495 0.5268 0.715401 0.638636 0.708267 0.908674 1.09598 0.86152 0.791859 0.878192 0.769987 1.02855 1.33912 1.36067 1.15287 0.791343 0.624921 0.457565 0.362626
 0.371541 0.325969 0.313614 0.427765 0.329178 0.400877 0.210647 0.132684 0.200269 0.281416 0.336161 0.25148 0.211788 0.168665 0.215651 0.168234 0.0878303 0.104259 0.152445 0.14704
 0.346204 0.305107 0.27328 0.20966 0.134462 0.0643454 0.0845191 0.158962 0.111123 0.118778 0.199153 0.225238 0.291782 0.3534 0.477248 0.496395 0.409062 0.314627 0.282266 0.251756
 0.355733 0.417578 0.639393 0.87776 0.911387 0.660932 0.434786 0.204103 0.146618 0.110419 0.0882372 0.0634006 0.0814074 0.15369 0.176429 0.282087 0.339073 0.403245 0.349038 0.302179
 0.317258 0.191343 0.240885 0.36479 0.22474 0.20984 0.333129 0.307856 0.250597 0.238496 0.265713 0.133936 0.219478 0.217805 0.237632 0.40366 0.360454 0.252873 0.175077 0.12576
 0.3644 0.34987 0.324952 0.436313 0.473846 0.298625 0.189361 0.248823 0.364267 0.335871 0.231016 0.134574 0.0824246 0.113275 0.385217 0.535515 0.363897 0.277553 0.414982 0.344496
 0.410166 0.207723 0.151936 0.164606 0.167705 0.246092 0.334205 0.26447 0.186465 0.256414 0.291896 0.496473 0.426401 0.358079 0.228117 0.178213 0.152578 0.210209 0.312389 0.584503
 0.358538 0.503937 0.598716 0.646335 0.915351 0.875189 0.794926 0.578222 0.36016 0.263393 0.425112 0.40089 0.228463 0.0985426 0.151704 0.323432 0.364104 0.26163 0.183011 0.208949
 0.378396 0.43091 0.493168 0.413816 0.56728 0.581323 0.805545 0.799399 0.961779 0.990378 1.09578 1.26257 0.986429 0.780082 0.856935 1.17361 0.917712 0.524481 0.655908 0.600303
 0.339194 0.287626 0.361949 0.437244 0.856438 0.959022 0.715311 0.707502 0.484811 0.438524 0.355583 0.431877 0.531197 0.410955 0.30264 0.617908 0.635684 0.650365 0.334584 0.26605
 0.368819 0.538929 1.04033 0.550013 0.566271 0.681398 0.696942 0.52863 0.311597 0.185003 0.167907 0.277955 0.235614 0.249381 0.250446 0.277999 0.233787 0.319064 0.31052 0.344424
 0.372927 0.321474 0.321348 0.327891 0.29459 0.39045 0.375008 0.34545 0.360005 0.471604 0.763066 0.583158 0.439221 0.668026 0.477629 0.356557 0.507047 0.405099 0.325261 0.296158
 0.345205 0.291122 0.28258 0.345316 0.410617 0.442647 0.276074 0.181918 0.160195 0.185926 0.346977 0.317727 0.23731 0.298009 0.30883 0.225235 0.246328 0.293463 0.48356 0.475346
 0.360976 0.311839 0.222244 0.135214 0.189577 0.284897 0.48343 0.292468 0.205954 0.250406 0.234024 0.251445 0.508498 0.535491 0.438329 0.377834 0.353065 0.306297 0.298294 0.275629
 0.382677 0.732636 0.632674 0.929904 1.2386 1.32432 1.13802 0.881169 0.859259 0.817619 0.718091 0.541121 0.468926 0.25351 0.33898 0.243055 0.30852 0.393303 0.333305 0.219138
 0.423439 1.01687 0.952632 1.26168 1.38116 1.08707 1.00813 1.35589 1.16365 0.879555 0.508279 0.418305 0.188649 0.0944952 0.109143 0.270433 0.412426 0.333156 0.522701 0.674462
 0.31836 0.309259 0.306155 0.377809 0.343171 0.262181 0.387697 0.837676 0.656292 0.460346 0.518229 0.405675 0.304697 0.334183 0.459872 0.384279 0.471856 0.421185 0.270028 0.297267
 0.360649 0.379402 0.33618 0.409052 0.186925 0.183035 0.299943 0.230696 0.212177 0.132653 0.110064 0.100168 0.0350905 0.0495655 0.102018 0.0964805 0.121863 0.150116 0.109267 0.162649
 0.382993 0.468703 0.687231 0.876688 0.948837 0.664625 0.594523 0.701085 0.575196 0.401811 0.366522 0.272919 0.201058 0.173135 0.205411 0.269417 0.385837 0.361013 0.315118 0.547813
 0.371227 0.467327 0.480646 0.606603 0.576295 0.498239 0.361129 0.409574 0.552569 0.733495 1.0341 0.93842 0.830532 0.663332 0.522494 0.457223 0.289583 0.23755 0.245608 0.235114
 0.334547 0.309402 0.189041 0.139115 0.14015 0.205914 0.247899 0.236891 0.141254 0.105609 0.0978464 0.11644 0.162977 0.33279 0.318588 0.27673 0.408628 0.302526 0.202927 0.111438
 0.374402 0.528063 0.626506 0.695354 0.740283 0.794182 0.798231 0.783754 1.03075 0.755018 0.52232 0.325029 0.401072 0.367296 0.299626 0.243402 0.380794 0.378582 0.261662 0.2291
 0.366127 0.653124 1.1121 1.12218 1.02972 0.957788 0.830828 0.616058 0.59416 0.384838 0.327058 0.609753 0.484821 0.24404 0.152182 0.163098 0.269329 0.285951 0.248326 0.180559
 0.39591 0.532018 0.662629 0.671594 0.693338 0.897699 0.857008 1.07884 1.18257 0.824654 0.623672 0.615832 0.619751 0.61542 0.912637 1.16686 1.06024 0.942648 0.777732 0.751541
 0.423861 0.576424 0.999907 1.91989 1.61335 1.28744 1.00832 0.655341 0.597348 0.472052 0.360278 0.210482 0.14195 0.198172 0.218588 0.175214 0.205146 0.284322 0.0303311 0.300217
 0.409442 0.501198 0.56869 0.467725 0.35033 0.297042 0.347798 0.488226 0.45099 0.472818 0.648744 0.699826 0.521993 0.213977 0.133798 0.337482 0.315553 0.252898 0.262052 0.429049
 0.354553 0.372427 0.447442 0.406776 0.352571 0.276276 0.390606 0.354451 0.229122 0.0975313 0.293268 0.373732 0.228916 0.387482 0.282567 0.166362 0.358631 0.308272 0.264312 0.143881
 0.52371 1.25628 2.03794 1.78111 1.4687 1.12827 1.04064 0.745044 0.638822 0.589932 0.59298 0.824707 1.24488 1.27145 1.05818 0.933689 0.693328 0.647591 0.506835 0.525514
 0.370537 0.418851 1.22841 1.1876 0.840928 0.617807 0.238173 0.288844 0.993943 1.02027 1.04968 1.12193 0.866555 0.836007 0.745749 0.54705 0.576637 0.774833 0.816003 0.663336
 0.441454 1.19227 1.16796 1.08748 0.943721 0.705567 0.628549 0.391691 0.357388 0.616921 0.970984 1.21232 1.91712 1.48638 1.67585 1.21568 0.749943 0.591486 0.392322 0.372416
 0.309368 0.243039 0.328254 0.280568 0.323687 0.428868 0.610009 0.440448 0.417216 0.29271 0.364022 0.385397 0.356704 0.310549 0.300596 0.17225 0.1267 0.188546 0.147986 0.122488
 0.427765 0.629544 0.374668 0.254902 0.387011 0.362315 0.338049 0.357149 0.263936 0.154646 0.111886 0.0960543 0.11243 0.0484105 0.158365 0.129101 0.139852 0.112222 0.101939 0.19537
 0.347663 0.20733 0.252386 0.494136 0.555449 0.725451 0.765866 0.663187 0.51771 0.335841 0.351817 0.280676 0.279182 0.18541 0.211481 0.256974 0.466232 0.377936 0.318035 0.391685
 0.357892 0.36442 0.136054 0.101152 0.212745 0.231919 0.205272 0.354828 0.532926 0.467932 0.254306 0.264272 0.259496 0.275454 0.38159 0.365847 0.241214 0.172305 0.187102 0.21262
 0.377792 0.262042 0.29815 0.676586 0.549811 0.465361 0.412866 0.440368 0.539489 0.35883 0.390652 0.365447 0.421642 0.363774 0.278478 0.334076 0.339381 0.353878 0.24632 0.201193
 0.326161 0.305862 0.915662 0.422085 0.517128 0.855095 0.722034 0.466684 0.215524 0.189082 0.299502 0.216285 0.158161 0.129622 0.162231 0.255083 0.41481 0.340307 0.284194 0.18403
 0.440305 0.768087 0.926301 1.40562 1.17033 1.28291 1.01512 0.786846 0.821046 0.76019 0.89009 0.696606 0.740241 0.429415 0.363846 0.270645 0.355517 0.282252 0.389074 0.419586
 0.855389 0.597365 0.8799 0.611593 0.655565 0.875532 0.638997 0.408088 0.326974 0.290755 0.292891 0.398516 0.432895 0.453368 0.38995 0.235206 0.193708 0.210535 0.219204 0.185377
 0.390237 0.509175 0.661079 0.490746 0.401433 0.308966 0.356146 0.216994 0.206375 0.186778 0.308601 0.280117 0.162628 0.148695 0.297773 0.471449 0.453612 0.32937 0.300762 0.399462
 0.298036 0.265104 0.362292 0.450919 0.438846 0.375481 0.207835 0.251704 0.499497 0.561703 0.560079 0.685896 0.608228 0.478982 0.353766 0.480419 0.367953 0.400021 0.345457 0.249841
 0.349768 0.274567 0.38583 0.397806 0.274996 0.249384 0.257707 0.250707 0.275973 0.394837 0.370267 0.629762 0.501194 0.352117 0.255498 0.29551 0.477688 0.425431 0.408659 0.526894
 0.389765 0.312317 0.286308 0.357455 0.497187 0.686871 0.522899 0.446377 0.439522 0.306045 0.282701 0.491503 0.395271 0.26007 0.317076 0.418607 0.478947 0.299609 0.32304 0.430401
 0.384233 0.15904 0.0818649 0.101858 0.117367 0.138693 0.195315 0.347764 0.456098 0.584551 0.646375 0.622698 0.484155 0.65162 0.595817 0.563771 0.546219 0.29533 0.269394 0.285955
 0.256918 0.236006 0.339007 0.285476 0.139445 0.154357 0.165224 0.156603 0.197241 0.118829 0.214846 0.264452 0.319441 0.400204 0.383473 0.371273 0.380727 0.474373 0.366132 0.56219
 0.331401 0.19803 0.0946143 0.115301 0.141866 0.182964 0.262042 0.235638 0.318811 0.46941 0.326541 0.144239 0.10453 0.110986 0.211029 0.211729 0.130746 0.0968882 0.135807 0.215317
 0.854499 0.896281 1.22652 1.39936 1.73561 1.62535 1.77425 1.47893 1.37199 1.51832 1.8062 1.61773 1.62577 1.49086 1.05548 0.653203 0.590868 0.736304 0.846516 0.861233
 0.368844 0.543765 0.578161 0.337608 0.217107 0.115325 0.0739718 0.0910123 0.177087 0.274151 0.390488 0.572481 0.486547 0.441588 0.426827 0.204743 0.0969738 0.110717 0.127888 0.159413
 0.343007 0.438923 0.792635 0.559303 0.23819 0.197916 0.372001 0.384756 0.446077 0.296467 0.297622 0.26388 0.269181 0.250808 0.185644 0.1961 0.170354 0.212443 0.156555 0.130228
 0.407478 0.532063 0.700448 0.744456 0.651877 0.653241 0.609694 0.555006 0.155876 0.050239 0.060702 0.11322 0.223753 0.195942 0.217094 0.367811 0.321131 0.343105 0.266637 0.270247
 0.426444 0.56818 0.648226 0.616503 0.732303 0.873255 0.680034 1.03311 0.972791 0.788227 0.9074 0.838519 0.731393 0.642951 0.433447 0.307663 0.364673 0.408658 0.327517 0.2404
 0.455505 0.777527 0.842488 0.932415 1.04993 0.983513 1.03606 0.769915 0.986159 1.00424 0.911815 0.978221 0.940371 1.48216 1.61897 1.52133 1.01727 0.899624 0.971035 1.19753
 0.480822 0.745994 0.640084 0.542333 0.133744 0.106805 0.160129 0.195301 0.199137 0.295059 0.386679 0.566306 0.410992 0.375236 0.45051 0.343516 0.350922 0.62255 1.06693 0.718334
 0.451088 0.300208 0.515223 0.393133 0.467982 0.419782 0.430804 0.391993 0.530777 0.421199 0.28522 0.258686 0.447606 0.545832 0.503709 0.389804 0.524623 0.741449 0.479078 0.360523
 0.462737 0.691708 0.724396 0.977954 0.957415 0.851077 0.449895 0.443519 0.971306 0.814167 0.445982 0.257687 0.33979 0.227428 0.182554 0.243201 0.340927 0.359667 0.237522 0.159331
 0.407687 0.37412 0.287196 0.196198 0.186365 0.347546 0.224777 0.283467 0.426762 0.36751 0.306336 0.378099 0.378152 0.525954 0.396747 0.290078 0.240606 0.235739 0.511013 0.539972
 0.395912 0.389915 0.424114 0.294626 0.292651 0.394406 0.820244 0.619125 0.337718 0.302893 0.244106 0.273073 0.28063 0.232753 0.3196 0.37751 0.314263 0.228931 0.204348 0.336302
 0.385744 0.3774 0.467525 0.39216 0.361764 0.502467 0.761036 0.5526 0.299304 0.326143 0.213734 0.164411 0.266651 0.274449 0.250609 0.360412 0.435788 0.288361 0.280617 0.229634
 0.431636 0.411879 0.41278 0.330934 0.186184 0.15894 0.476331 0.533236 0.481832 0.388279 0.28822 0.250671 0.211473 0.214014 0.262306 0.257967 0.42184 0.298557 0.315491 0.343864
 0.437888 0.659368 0.602982 0.369879 0.320704 0.466312 0.351374 0.198274 0.28306 0.282893 0.293739 0.331447 0.446302 0.394919 0.290476 0.263773 0.21604 0.24819 0.248273 0.26297
 0.434351 0.446885 0.528345 0.756906 1.01278 0.660978 0.542485 0.617193 0.41351 0.735451 0.71794 0.446056 0.592861 0.732405 0.586646 0.342642 0.267706 0.352041 0.26553 0.256022
 0.477547 0.962315 1.64312 1.26671 0.751262 0.951889 1.1085 1.65513 1.55139 1.33039 1.04684 0.64774 0.56697 0.824455 0.596003 0.357956 0.169986 0.10253 0.121248 0.0931538
 0.305025 0.278623 0.402458 0.203339 0.076231 0.0817928 0.129876 0.123283 0.123353 0.166165 0.648568 0.365383 0.36283 0.306377 0.456928 0.388111 0.146619 0.153112 0.429091 0.468745
 0.443503 0.570406 0.466064 0.470213 0.342576 0.373156 0.234095 0.192206 0.181034 0.10713 0.0800118 0.149647 0.314479 0.313951 0.446659 0.423069 0.383279 0.270789 0.315053 0.244379
 0.407026 0.224464 0.214506 0.373863 0.479229 0.435284 0.339075 0.249616 0.271996 0.213749 0.176168 0.322196 0.54673 0.7595 0.468435 0.380277 0.557347 0.50447 0.424291 0.340596
 0.360306 0.615501 0.479425 0.502253 0.229079 0.198082 0.181619 0.277737 0.389694 0.545167 0.352046 0.338748 0.254923 0.316689 0.279536 0.279312 0.267412 0.264202 0.332986 0.29021
 0.444646 0.820954 0.915098 0.751473 0.650439 0.548257 0.435227 0.435111 0.533304 0.484807 0.402412 0.265512 0.249292 0.436986 0.0232128 0.237804 0.172416 0.161365 0.140589 0.159625
 0.362814 0.702851 0.61055 0.675385 0.855272 1.03786 1.05479 1.4644 1.43335 1.15879 1.18794 1.4285 1.40207 1.1373 1.09681 0.628903 1.34046 0.75241 0.785525 0.783621
 0.358438 0.69744 1.47392 1.78631 1.94237 1.66344 1.71331 1.05768 1.1178 0.898222 0.867432 0.656204 0.387838 0.166905 0.209353 0.243764 0.150394 0.106718 0.173832 0.228049
 0.347836 0.386539 0.572421 0.694414 0.59431 0.863832 0.814898 0.59354 0.166373 0.102604 0.25262 0.192358 0.127978 0.121618 0.161182 0.1514 0.209558 0.305312 0.245441 0.162603
 0.342783 0.381341 0.399509 0.463871 0.796256 0.96419 0.881064 0.896431 1.35699 1.05692 0.857034 0.806897 1.00773 0.977612 1.11549 1.05541 1.1003 0.988695 0.796212 0.85816
 0.393062 0.661105 1.13572 1.26693 1.28717 1.06086 0.994469 0.881649 0.916359 0.878753 0.839666 0.847243 0.866164 0.713181 0.399156 0.394423 0.250495 0.197316 0.118714 0.0527611
 0.450396 0.7355 0.758649 0.689518 0.563023 0.602472 0.719573 0.776161 0.605606 0.248441 0.13192 0.145031 0.167645 0.273217 0.186763 0.227274 0.279595 0.308092 0.415166 0.263477
 0.386211 0.647076 1.12502 1.13516 0.912229 0.759789 0.525184 0.542584 0.342497 0.242794 0.371018 0.631154 0.681784 0.800404 0.777103 0.754911 1.08181 0.968156 0.771553 0.649625
 0.421653 0.22009 0.0764366 0.0654311 0.116635 0.138106 0.176269 0.24023 0.261879 0.402701 0.696785 0.972154 0.764054 0.574555 0.549167 0.35389 0.359029 0.220932 0.134467 0.127013
 0.399101 0.472874 0.65517 0.662652 0.690553 0.709242 0.825963 0.628453 0.446697 0.229983 0.15444 0.242569 0.157153 0.192367 0.170774 0.163852 0.202122 0.195398 0.175293 0.258811
 0.394121 0.575182 0.6422 0.74654 0.901234 1.05948 0.865999 0.703145 0.634571 0.481428 0.358907 0.291417 0.482531 0.316978 0.354218 0.405754 0.491082 0.433819 0.331783 0.430167
 0.377176 0.423217 0.40584 0.288415 0.243897 0.322055 0.330923 0.396753 0.291723 0.177152 0.211186 0.292781 0.537646 0.542332 0.671874 0.610348 0.636071 0.554044 0.663285 0.560441
 0.398507 0.582592 0.826016 0.996627 1.1476 1.0481 0.948264 0.788854 0.640093 0.701682 0.994408 0.957353 1.04241 0.812803 0.777586 0.709542 0.707786 0.703699 0.565014 0.667583
 0.360644 0.407655 0.618404 0.698095 0.53846 0.258485 0.102614 0.122432 0.245471 0.256127 0.340426 0.786621 0.511485 0.306666 0.252287 0.260223 0.281129 0.376393 0.29091 0.208498
 0.358305 0.279218 0.111592 0.138565 0.247892 0.372549 0.357553 0.232874 0.165241 0.148983 0.196635 0.215306 0.164525 0.483158 0.681706 0.82313 0.738259 0.428217 0.937644 0.259842
 0.332308 0.384026 0.680535 0.773598 0.924122 1.05313 1.05898 0.69667 0.372885 0.192601 0.139953 0.0956623 0.0874282 0.135432 0.43318 0.613809 0.46553 0.329386 0.259028 0.287909
 0.394218 0.308507 0.255967 0.0695552 0.0593333 0.163915 0.150346 0.193162 0.282003 0.293977 0.496417 0.687432 0.456508 0.247826 0.226906 0.287771 0.227613 0.213205 0.25787 0.232949
 0.384639 0.477651 0.711176 0.908338 0.94106 0.527748 0.381946 0.261812 0.39844 0.451406 0.311765 0.300484 0.28616 0.360607 0.403534 0.310375 0.221476 0.297931 0.549359 0.54106
 0.459269 0.454292 0.498312 0.288738 0.234809 0.313116 0.493582 0.474808 0.358239 0.290465 0.128803 0.0877639 0.122132 0.150964 0.212439 0.399454 0.208967 0.219194 0.412182 0.418617
 0.421536 0.565023 0.557672 0.686881 0.524044 0.682195 0.507267 0.350802 0.235632 0.306094 0.425067 0.490432 0.236244 0.222296 0.406643 0.33261 0.612142 0.520061 0.47998 0.611679
 0.542674 0.383206 0.33949 0.276429 0.216582 0.449111 0.489982 0.418631 0.312393 0.392537 0.443773 0.789718 1.1668 1.0516 0.69828 0.313413 0.140203 0.0964225 0.120425 0.125453
 0.453559 0.656227 0.70124 0.73496 0.832188 0.584768 0.340996 0.141255 0.129742 0.255959 0.2905 0.322828 0.325509 0.412912 0.42343 0.352793 0.300249 0.721043 0.667919 0.238463
 0.504639 1.21384 1.26311 0.962841 0.894073 0.762837 0.597963 0.767548 1.1808 1.06009 0.984267 1.1416 1.02454 0.586746 0.289266 0.229637 0.214948 0.242537 0.303137 0.344309
 0.347181 0.284387 0.282679 0.285315 0.276321 0.258782 0.345315 0.446817 0.211718 0.152434 0.18374 0.237654 0.167877 0.0641056 0.0438368 0.0289214 0.0238495 0.0240878 0.0095784 0.00265621
 0.348867 0.451994 0.820776 0.735 0.560133 0.661168 0.655897 0.430579 0.494298 0.492262 0.578181 0.564491 0.695536 0.463845 0.242374 0.149433 0.156284 0.109361 0.188549 0.275562
 0.431859 0.74246 1.30914 1.16389 1.51976 2.36587 1.58401 1.06825 0.911947 0.963938 1.21908 1.06441 0.838363 0.70149 0.597766 0.950113 0.862527 0.891613 0.937117 0.677652
 0.354853 0.396698 0.308385 0.353313 0.415153 0.386178 0.50815 0.508553 0.616179 0.260533 0.161754 0.286315 0.605899 0.822993 1.03409 0.839096 0.869577 0.791075 0.766452 0.605409
 0.318425 0.178525 0.142753 0.191869 0.435945 0.35816 0.472354 0.408509 0.339113 0.184437 0.281159 0.300347 0.302394 0.392507 0.387363 0.316948 0.361756 0.55745 0.525657 0.541762
 0.395185 0.512582 0.342529 0.375921 0.234433 0.427485 0.741009 0.534613 0.317043 0.389117 0.291429 0.221668 0.291083 0.761933 0.843862 0.923263 0.735772 0.412186 0.250201 0.21044
 0.391867 0.357579 0.239707 0.211028 0.386531 0.484334 0.836229 0.944429 0.893332 0.783671 0.683109 0.559421 0.507286 0.548496 0.558348 0.406795 0.382368 0.253802 0.174734 0.186211
 0.368696 0.215789 0.224216 0.267139 0.428595 0.53122 0.4027 0.352165 0.273645 0.154642 0.137973 0.233007 0.221333 0.523614 0.442122 0.466088 0.453323 0.350674 0.353311 0.279235
 0.355939 0.361969 0.302236 0.448982 0.380479 0.294861 0.831688 0.500429 0.713906 0.770071 0.960072 0.907086 1.18068 1.53113 1.32312 1.0791 1.11065 1.10138 0.972546 0.948192
 0.360305 0.530331 0.731526 0.801126 0.693681 0.329092 0.0642722 0.0522752 0.0965661 0.168712 0.201602 0.201612 0.256682 0.544803 0.640329 0.408828 0.515137 0.559588 0.647727 0.571165
 0.362138 0.167744 0.242765 0.580832 0.418374 0.411931 0.609242 0.749313 0.395124 0.220787 0.173059 0.199377 0.233375 0.420802 0.425337 0.414791 0.524006 0.441536 0.348602 0.329667
 0.391236 0.477582 1.04632 1.21878 1.02883 2.24924 2.54031 1.88927 1.42506 0.8011 0.545647 0.548555 0.493927 0.30026 0.245656 0.212196 0.211017 0.192596 0.321659 0.487309
 0.356399 0.360883 0.239793 0.116572 0.0272031 0.0293673 0.0507123 0.0910859 0.120889 0.124484 0.178269 0.270479 0.178005 0.117993 0.117813 0.17684 0.397129 0.65468 0.456818 0.293864
 0.37649 0.388858 0.30757 0.385979 0.339956 0.3122 0.387131 0.618918 0.572544 0.399759 0.357635 0.239355 0.251418 0.310022 0.405944 0.397267 0.552275 0.726225 0.814144 0.809914
 0.444429 0.474656 0.732579 1.37418 1.1885 1.10538 1.24296 1.14534 0.824268 0.709317 0.490548 0.207946 0.157096 0.211446 0.226974 0.420706 0.324606 0.357634 0.717699 0.624487
 0.384049 0.28234 0.232389 0.135699 0.0898349 0.0722296 0.0992803 0.173297 0.16744 0.241546 0.658158 0.509326 0.419634 0.39367 0.391644 0.378886 0.259637 0.263352 0.484115 0.547708
