 296705 361482 274258 298644 229339 164443 171615 323956 362531 289438 403021 359865 383235 588733 762679 800067 715439 695201 694263 900816
 296705 322719 328673 284836 201145 169330 174134 209532 186152 810147 562537 470961 599963 505253 527032 590727 446903 517360 775025 840291
 296705 267337 203858 354357 389889 361910 363380 299720 283681 486921 372717 656276 625066 1.07771e+06 960126 693141 633361 682610 639640 657683
 296705 537603 394853 442941 274268 235169 220341 240119 276857 214384 239645 555194 538220 622876 777804 991588 809047 701412 1.25179e+06 1.02203e+06
 296705 757113 463354 328621 317295 223275 210568 227321 175398 235147 321010 456559 824033 603651 589669 632041 624313 562526 377240 365513
 296705 651397 427502 459978 407546 264672 251616 315079 185551 411205 578407 514028 574926 591614 631549 575708 535855 803072 789391 633845
 296705 321582 311197 261052 288599 200356 140190 246778 388440 224420 439679 285509 560881 445663 396711 464675 356966 380021 439620 434566
 296705 494757 402871 473574 328340 294257 274357 431272 313686 705379 1.00599e+06 1.20549e+06 1.00473e+06 779502 1.07298e+06 993821 682788 697716 500997 1.39877e+06
 296705 1.03706e+06 859971 544803 390847 349140 324277 310680 224304 957864 656168 440674 392360 707668 667600 646221 413137 608812 501381 694178
 296705 631200 537680 498163 352255 360764 302886 387238 300213 303420 274770 327697 344686 386720 328067 357819 304315 298193 496894 610792
 296705 283854 203821 234828 204119 219813 268248 217391 254252 394825 374691 384875 410771 666119 903035 607766 823325 689210 651027 527647
 296705 304747 253507 342823 237986 233061 235018 260174 237926 404259 401466 303789 271583 329228 288824 232604 402133 406404 416105 377006
 296705 292518 243377 218054 230687 165927 164385 230293 366361 736978 537355 610797 649019 495929 973634 760719 427312 552187 478907 428971
 296705 315906 285205 306585 303600 225350 241510 263887 201380 578256 626668 1.53912e+06 1.02204e+06 991879 940881 929491 704754 798061 463557 366225
 296705 411079 327090 387497 336527 453907 370018 293304 334300 353014 549009 511153 647048 542647 569250 552247 826161 697848 674418 534034
 296705 605597 629622 454379 354156 214499 182256 241972 258588 300156 689966 707247 634039 1.11704e+06 960308 779410 770626 676908 689056 592211
 296705 344244 440681 369960 265648 459064 391900 358988 394039 374932 344293 663025 724782 524707 597113 568431 546800 553356 604172 615949
 296705 494292 370477 208449 192608 181098 232023 248375 228581 239341 307360 336945 523034 743730 654028 587359 570425 498011 636394 483261
 296705 637091 361779 330369 267653 318911 305432 294271 201917 407284 550298 423346 565825 1.35274e+06 873478 617421 506381 601466 820966 691091
 296705 435755 362182 270576 219843 271702 313084 260546 170604 427829 616918 1.08808e+06 832398 756328 788381 770254 667562 779545 668036 625719
 296705 227349 201078 269337 260292 316695 238696 278489 229522 458315 418626 418903 366313 374297 298991 505436 917886 917484 924111 1.02003e+06
 296705 540677 484796 569743 412930 264234 303463 334625 268808 207847 608693 485853 820044 903277 842610 745091 827426 708546 550189 535757
 296705 519043 500443 391528 411758 363122 278387 325826 217538 247287 301639 264077 280370 442465 482925 567439 462386 422251 660961 734665
 296705 550785 356409 352861 296126 252562 227090 228574 224748 227976 478206 338527 484652 474279 623081 583675 594718 527118 1.01297e+06 945194
 296705 418212 331322 500851 349873 273521 365190 358972 325667 384072 539052 646576 473816 574298 762334 806426 1.004e+06 762210 578640 933741
 296705 313037 215407 212150 221461 168132 135788 219274 264734 262163 233094 424498 673773 859282 880688 729525 632858 582886 518727 536173
 296705 553095 483907 282127 325994 207991 261874 281976 159809 202526 321683 401585 330629 772687 603394 557147 422951 488478 462670 466547
 296705 394082 254190 270699 287840 224598 183195 204430 341010 331299 719255 536891 497656 647362 636503 570793 502617 494233 787503 774523
 296705 293984 347398 313623 312441 221714 229040 343796 250420 323317 472243 525835 502318 602278 494696 599789 550584 701952 637342 555849
 296705 934759 635586 475861 372121 268510 290562 230945 151932 305590 252031 460540 356842 584816 824739 618860 654714 659968 401248 583653
 296705 586447 559329 461125 364718 303551 449095 288929 276316 854456 633761 622761 687169 967754 747878 887089 776540 764676 768208 621614
 296705 307064 233240 235965 178354 115942 206719 206838 171084 267843 342463 572997 596428 518430 553351 560279 492415 445422 547066 465730
 296705 390934 332184 301550 172834 279791 268188 218471 163479 196400 279771 500310 760674 717559 902839 805450 774343 829073 662513 515945
 296705 527292 391836 314066 251046 198913 177404 166385 150839 231508 298163 374164 442546 874918 757162 591646 607043 525637 740443 600379
 296705 266952 279767 246191 238422 225379 214636 230832 246465 241103 250032 417330 418157 640860 673305 560736 549448 577708 472712 375059
 296705 387071 384104 370669 333106 287767 290094 379430 368096 383422 465533 708530 851506 797680 617024 622495 764977 590691 417767 601318
 296705 397365 507942 418680 389777 344194 449809 449446 378131 438621 514365 569038 1.1191e+06 892772 728654 662618 596069 467000 639548 419776
 296705 989675 592975 427234 380675 346912 503230 590550 425331 430156 504067 450225 401749 425306 542781 582417 436335 678257 454250 875637
 296705 325061 314958 271570 231241 152925 156071 137319 248363 225852 442901 323987 352768 651624 571536 516905 526877 456414 445864 442725
 296705 453048 467792 379394 303629 228688 246624 235866 230846 281005 480343 398739 413112 602299 588291 638813 520999 551846 881725 1.32547e+06
 296705 274228 317193 248922 212173 309061 253322 212440 201673 335318 339763 392158 680835 493469 408682 381818 304249 285661 380916 541218
 296705 696645 527987 498450 308307 303067 347287 306573 190434 715193 576015 628162 584504 513175 740968 600707 505015 1.27082e+06 832313 678513
 296705 544162 316551 371121 292130 239208 258147 238818 228576 300428 1.29313e+06 848549 951343 737378 637419 643319 556541 454216 409336 357922
 296705 334727 277169 308411 267342 284350 179876 235963 201678 814464 637716 621192 581651 773359 915323 796042 613168 635273 668617 647085
 296705 546328 502094 412225 364221 305840 249152 236307 125408 563474 561335 716661 665747 661639 823680 607701 657317 662269 683569 502742
 296705 557614 410760 396108 360424 245422 270185 224240 168186 202311 430604 723766 556402 685991 581445 750407 523523 810061 724095 561452
 296705 494895 346189 384409 324773 270148 277687 222091 294849 398764 405748 784615 929475 864459 654536 638601 846305 770012 508397 535847
 296705 438412 311494 434082 348573 356690 331572 246193 235412 352409 342824 403133 567355 501990 492742 573351 453082 524211 442137 568994
 296705 374563 370133 394063 318675 273007 261844 252390 345831 463037 496826 397135 364179 450986 356232 824296 775900 1.09619e+06 828306 818686
 296705 395209 357175 310423 366004 306133 308228 255453 389469 488275 388822 397496 344144 361631 513879 427611 670875 573854 868889 763827
 296705 255847 241054 210921 220094 177431 378511 275558 249814 625873 631801 561593 664566 773117 734928 642733 566882 811183 875197 701004
 296705 361127 307247 247130 337897 336866 233182 401394 256168 403211 488726 447288 715878 647047 500651 443355 485361 343846 340657 444315
 296705 280277 248487 231556 196877 225249 234205 183101 212583 395591 461655 727393 543877 464334 440370 494285 612642 561943 529475 521758
 296705 302859 213030 214299 263228 263439 273704 248891 307325 344511 548092 507372 448481 525720 577966 551539 681360 537091 533320 580738
 296705 542720 267071 259467 237327 192384 251645 264953 200323 372227 578854 395203 503051 471475 586028 838418 599747 619585 563093 527615
 296705 611580 427650 447076 438837 291403 300984 284991 341544 576070 738335 615786 590857 708142 537526 565564 1.1214e+06 694802 856160 967880
 296705 493462 327961 268040 208203 139979 137145 148985 143297 277320 545770 553665 454569 530519 775565 674704 528047 441352 440727 472166
 296705 287656 238247 210927 222011 296977 348139 275674 237104 436167 544690 484012 590586 371065 398431 467859 728067 465125 663378 413160
 296705 618896 570857 439395 424301 285129 288987 320435 357336 451966 720859 545426 542405 578382 803162 578673 604087 508905 495001 804405
 296705 342222 320328 283839 224444 249280 194966 218288 154686 512480 458007 404589 371656 324552 405975 438694 347666 420142 619101 563577
 296705 1.1313e+06 600427 447518 426671 339161 319030 328336 233865 414627 380326 617953 735647 624737 629797 561939 718528 650595 489549 354140
 296705 887920 542558 397928 418417 323810 285435 310135 200711 295574 396032 400018 722375 663053 499950 476101 433826 514491 715087 714028
 296705 321037 270643 298928 254337 257804 274623 247891 245888 450590 457531 363751 488243 573028 506954 456296 506765 437987 364468 535807
 296705 250704 258029 251896 245403 240054 230940 240850 276358 223254 371362 455010 391526 401581 413239 340630 332333 322458 380923 325801
 296705 310848 331212 286461 220141 235165 322821 271824 229136 600779 632971 557540 513212 541682 526090 620426 645844 561951 576848 640604
 296705 284317 241362 340644 211866 162238 178115 222070 183464 516906 791312 620559 662544 559141 486475 471296 375562 596814 596323 577895
 296705 342777 329010 295965 268330 290037 213721 227892 300730 310572 345629 327211 386263 399333 542234 503581 418154 581798 538475 491270
 296705 632713 389340 374696 299416 413947 341884 312338 204977 269214 366114 334466 463291 637448 524858 550847 428844 471852 570157 512879
 296705 410204 246332 251455 187929 154990 289541 228575 306392 440397 421348 580878 444537 622508 713969 591829 736516 932963 654505 879864
 296705 488085 342745 338387 310115 268142 352034 360115 228810 356960 282892 242010 321227 275764 324760 476621 618156 677526 609251 540427
 296705 355102 281641 319004 247935 283660 213387 253558 238051 419609 574974 594792 600168 722246 852701 763270 780021 776920 774601 801246
 296705 261574 240519 258426 243721 188477 165943 190657 238148 253891 1.04916e+06 860291 706696 825874 919525 1.31418e+06 1.18139e+06 798554 708512 897065
 296705 498200 360530 279139 221947 205978 308065 289028 174227 330760 427471 384931 348538 461191 483763 756115 618711 421921 497805 606401
 296705 276076 279680 253852 258976 186493 176467 225953 195801 221769 242145 233193 378402 667972 581371 568641 486354 565185 674790 671187
 296705 255428 251685 511768 359884 273883 236320 238611 217337 206862 283888 282330 350247 521597 704580 711518 624546 547195 530619 438766
 296705 252906 226309 206641 196531 225568 243669 242590 254816 810411 566252 1.08653e+06 746029 843668 613001 680048 588474 595160 748666 692080
 296705 672841 558283 366479 336700 301133 323742 311522 200599 229057 460767 451813 891259 951626 679445 609786 606896 726809 599457 632470
 296705 369056 380013 242360 211470 190847 211262 287120 215253 345775 491572 592011 442639 589382 443679 428192 436455 511812 539429 385373
 296705 210493 247624 323762 246714 175920 163541 188394 196572 308182 368921 380060 516689 471367 333941 349367 781298 670262 486270 394090
 296705 448628 452717 371345 295993 258726 198400 228473 221704 278975 306218 326688 354188 323821 477282 732454 595247 430532 361844 413257
 296705 268154 227662 243082 232788 159718 169344 212139 177108 397401 428637 358556 401399 327415 504116 450057 770210 628196 751727 754563
 296705 536574 393344 306917 263634 239548 203472 256237 297952 344353 424500 647317 602446 1.07531e+06 629640 540671 621236 620477 808432 631615
 296705 303183 314053 226712 234785 240534 227359 186091 192610 208471 611842 569534 435847 452451 474344 564787 456987 530888 493608 433990
 296705 527710 271591 228422 202156 183794 305843 337147 294991 478263 610728 580646 598368 761128 654995 822577 769496 786939 767466 571443
 296705 399474 284143 348981 333365 443860 474775 384450 341077 351490 535497 621654 612087 744918 599835 494796 932344 955956 882352 919202
 296705 427075 347548 295758 229121 223104 229354 164165 265427 590760 459244 382690 357406 399274 542586 488969 381408 550112 581842 415478
 296705 377134 322825 301454 269371 259059 343664 261689 289838 346642 500534 571977 784423 577847 782380 802386 800336 882158 822347 699332
 296705 319205 244377 266204 211063 155222 232232 228883 212714 290155 442500 484407 432795 446492 704315 742634 636746 544995 472448 383830
 296705 386411 282857 332812 468302 340550 220829 213679 227494 319271 422677 412518 442457 383288 617868 533362 424738 915162 655755 693203
 296705 262640 228068 266632 216320 165037 284036 243872 202908 364453 302349 703822 577920 590574 561991 683800 517684 572242 467764 578133
 296705 529031 447477 426899 480720 352159 296724 305546 164917 371787 282363 287082 337181 434444 419541 534896 483787 527199 545248 556052
 296705 301230 224672 243765 179934 276118 275925 234238 239363 492642 564669 526803 446866 567521 555564 544144 824633 582090 859899 667962
 296705 391312 402599 343161 312235 267370 385632 473728 244091 1.17666e+06 813582 821782 804080 645399 725626 884000 638770 816956 603546 526124
 296705 429366 274688 265365 212150 309343 229878 218407 175044 326743 559572 642896 507636 614179 746759 610886 639197 726975 649561 578251
 296705 413397 376898 415046 342356 281022 252536 372009 381021 706769 524891 652330 475158 457486 523305 866934 549049 739178 576200 722633
 296705 346001 321384 458294 338059 267186 199542 357759 537467 477167 540575 453419 657508 540007 500279 445210 528755 380372 503398 436047
 296705 298482 230332 334004 270495 234892 193300 202318 202435 390879 434876 560845 420940 489335 479004 939473 692855 1.04029e+06 779401 933290
 296705 281746 294189 283378 228821 205285 201844 260364 241649 578104 641685 728137 713230 850394 742584 888124 1.02697e+06 827058 757350 694483
 296705 648293 501144 373339 307131 203108 186261 229329 133684 255230 352649 324854 378886 650491 596404 472858 474742 633250 710944 619999
 296705 245007 267864 321893 217686 190767 349700 282395 261230 656220 740045 655508 587273 660885 850997 1.39137e+06 807358 620015 608317 696632
 296705 352833 346021 359671 385195 247330 190453 393510 322728 375465 940274 653376 719222 605383 569940 466591 514499 369797 386277 308484
 296705 747853 567304 475474 396880 242403 247613 288609 168884 225955 387646 329096 411938 426580 421049 581549 730950 620057 516433 559298
 296705 206481 174169 236035 173908 250165 198512 165862 243216 265576 383247 337688 259528 335909 268885 284235 642868 527843 380106 599210
 296705 247913 194163 149594 203891 159261 194600 316634 243909 660062 771014 732154 619176 605064 583077 725087 660849 481202 647920 515410
 296705 306204 258858 281829 265641 245665 200208 223846 264899 658839 513104 489123 658849 920005 838030 994517 725148 750356 632688 474800
 296705 647748 336764 408238 230884 196051 155035 191817 132168 372416 377807 362863 399927 309681 430818 467757 498967 411530 559279 507577
 296705 395420 291919 282020 232351 178756 241373 243514 234934 316935 391295 377080 503695 431490 639077 567570 824052 1.0608e+06 808973 831287
 296705 383953 295113 246313 209869 221642 196698 218405 196067 381578 363100 799955 512561 484810 488489 640978 594182 564000 715806 560673
 296705 477818 372202 292134 370535 322408 287132 275778 230825 670574 510040 575124 694459 545821 612161 601976 604913 623391 619783 523022
 296705 559852 445625 368960 350326 307594 378052 380556 344564 398940 469162 701566 736568 827064 924597 778259 732800 1.07896e+06 921638 788960
 296705 460156 359086 339578 447958 412720 299181 315624 330453 575423 437910 521925 1.01559e+06 645153 700227 589328 661389 638369 599318 408337
 296705 539970 404061 316535 345925 360220 349853 359200 268527 312089 361268 493489 702894 632210 456401 695351 618388 571167 645267 469257
 296705 323156 261081 260640 201151 433532 361073 251009 211726 295506 319138 496651 492304 544100 628733 613621 784196 876230 912408 796043
 296705 428760 358048 285355 288547 177902 310295 327293 333844 334769 491829 629021 501058 730522 538060 446648 655499 838273 785860 603311
 296705 316398 297285 254852 258402 195746 187323 259828 216958 246423 263634 230037 330948 665340 618945 610842 475911 654974 648345 815976
 296705 440947 294723 256098 254721 267157 239707 279176 318146 227057 534672 758212 648915 473696 481123 450480 663044 613111 1.15972e+06 671906
 296705 412770 396872 436528 278409 258259 254012 363711 387244 467593 790252 806674 667313 576397 685260 888214 874423 768765 908334 746940
 296705 261524 279600 232232 236620 173286 180453 308088 384343 340645 368317 255303 277260 548943 510815 388957 343903 383474 454580 975889
 296705 492269 348639 273206 224870 208749 237504 209897 154842 626912 442566 597216 522696 396229 368423 681431 870059 945199 726695 640010
 296705 369789 300326 256249 256842 197999 230224 283983 278645 348791 327129 306382 325034 407489 366277 820300 491135 1.09833e+06 809554 685035
 296705 469066 368606 290213 228738 221896 170809 154083 153584 424665 423984 705582 649094 1.11724e+06 913852 1.26354e+06 989089 851884 865615 954117
 296705 303608 217984 199115 217403 220938 297092 454215 329867 328234 305143 449964 572587 596484 905297 705096 940919 823402 817705 962659
 296705 264465 234319 299269 322916 302644 338431 302114 217355 730546 560680 418741 503047 404505 509131 583461 401211 525853 581665 486726
 296705 358241 357186 575512 314987 261773 202038 250828 212276 519521 489780 648468 555616 492864 525286 571141 713231 749243 705365 656361
 296705 567132 407295 307134 290318 324618 328635 282032 332789 386993 401181 371943 382496 362554 255991 754397 774361 658773 738612 900104
 296705 548670 418226 456767 248414 334337 295325 215048 255292 382676 402646 452206 555777 587996 651484 549855 474393 635301 596497 560701
 296705 500984 413429 370093 396756 379860 324688 377667 235625 245616 235631 499938 477612 554748 960696 811635 649023 737436 879027 1.02361e+06
 296705 299158 363951 422355 323482 210581 195313 265205 293406 320175 330867 416754 404168 763950 726290 591853 560366 538885 533414 620690
 296705 681225 499279 409232 401641 332451 496702 310239 247442 361412 426299 808230 644050 728933 546777 646089 760251 723404 525649 470658
 296705 637969 428717 375048 320424 236717 305122 270753 195729 506624 501521 679218 566595 447424 850567 746292 651672 735099 637184 715554
 296705 308432 208258 324256 214889 206382 164472 200925 226825 449873 540053 463401 425237 466696 674329 504517 578211 544855 641961 512420
 296705 665139 475512 485034 458260 283054 429874 449434 318191 459154 488750 688123 672907 1.45177e+06 1.22951e+06 843354 698728 669651 929264 757525
 296705 556468 390087 348326 240775 307921 306076 245527 177098 468790 443825 567525 775731 590838 512925 744254 615277 703428 750688 570774
 296705 463660 346047 317676 322673 351429 365138 364072 368667 419783 517897 561249 533224 389030 405785 453299 603853 777849 659045 445689
 296705 295644 250403 346707 417040 281245 421220 295957 299510 453164 508906 493262 594625 580951 742735 607052 655141 512423 545351 587919
 296705 406705 282425 303763 275418 319013 264506 188327 159597 294570 245825 388713 684643 474493 940092 705468 466895 463020 483697 436963
 296705 684781 534899 408442 335074 292142 360923 293003 173407 469245 570137 491449 429315 800953 932559 896289 743404 571467 450756 672495
 296705 273711 145704 169281 166722 163152 269579 191629 235756 494138 589496 559206 388504 435107 419313 442555 388851 557736 548954 505225
 296705 339830 292677 399464 273705 252934 394221 360185 262086 302511 430107 334241 344621 309783 902904 686378 516746 687586 978376 783052
 296705 629416 440546 369629 316669 225583 279938 311116 173605 328650 376971 656260 782844 586082 526746 449665 601996 593620 916063 822727
 296705 476208 500428 449153 308889 437387 331016 340168 228723 574313 499079 523251 412760 673599 425886 465488 568467 678577 692131 591205
 296705 355653 246953 292754 269100 159450 257040 244843 172514 165647 737336 858961 839169 1.00108e+06 686767 845627 791836 602822 973381 956850
 296705 535117 374065 482107 340883 276623 387486 296540 262540 782728 716541 789048 1.05824e+06 858009 880165 759319 1.43302e+06 1.29411e+06 953982 727963
 296705 407577 533437 449827 438751 327853 299362 271699 213508 338516 349557 473630 365933 514116 374114 476673 450554 380594 481277 737240
 296705 863836 528279 435605 378703 285668 358202 421965 204343 269935 246423 300509 404125 540317 715027 762247 652300 1.69058e+06 1.12112e+06 918093
 296705 1.01101e+06 639391 466762 258293 216346 222279 302176 213832 288072 453786 489892 636792 589978 943635 688617 631915 494886 525335 553684
 296705 299371 353612 322421 185620 197215 244261 309502 450469 429293 435900 414330 404534 495369 463586 332516 299919 399291 325423 462038
 296705 442343 308102 307132 251867 307150 267399 261527 349530 555592 489526 573829 744948 642561 777984 655182 622335 601620 489062 720422
 296705 1.04049e+06 648436 486630 348331 313571 253848 287231 114016 242775 1.38508e+06 1.18768e+06 886705 804893 651369 612447 691905 295890 750888 623181
 296705 370470 420417 347102 262004 219851 204288 250020 248605 340692 249856 321884 540536 571715 729911 509834 524047 410247 625289 649354
 296705 483811 337839 319412 284822 261565 249681 299584 179002 569110 477804 591245 766820 754197 1.15311e+06 993390 870477 913858 772555 611026
 296705 404635 320527 322864 409788 339034 250890 296320 252225 316812 482073 623971 545511 735298 575655 638104 564134 808387 509297 686462
 296705 210935 214975 334997 255790 175875 183985 155445 236722 552197 509269 501634 431625 491610 631672 628109 611848 538538 564178 731531
 296705 535745 336973 364811 246737 262443 322526 261103 173226 270702 370707 367490 613274 462424 634140 682344 613923 495297 551076 664493
 296705 363474 472314 387079 335534 411211 273200 249772 261686 194056 1.05693e+06 795432 681480 574419 762407 997252 879356 895625 754870 775610
 296705 540879 432810 404630 377439 270261 265471 325642 228571 332401 882095 817477 690369 619488 975580 667430 526654 460066 651342 912944
 296705 397633 328583 187993 246018 209499 236003 280725 330471 497135 778581 609537 656171 546889 562923 516370 521765 470244 827294 724467
 296705 322284 266394 207173 249071 239019 227341 216498 332901 767555 702943 619074 585433 579450 530778 557499 689374 641805 625099 520497
 296705 389972 306578 347470 330632 267470 268785 373722 410609 387575 513547 494016 606701 704528 721779 675415 593304 410370 572516 618993
 296705 540574 365796 252398 370420 338057 418215 274371 256234 284975 1.02092e+06 488297 471391 446019 570887 496684 471510 322933 830268 541201
 296705 435676 342938 312321 305120 251017 257945 228904 142901 904711 884024 864513 866338 721281 727044 929168 692806 559681 599981 627472
 296705 357777 264004 259083 288117 249964 282350 310316 366612 437468 500271 571544 725059 628472 646979 588754 629514 459079 510743 559541
 296705 686937 458013 380895 250207 254273 357862 378094 233183 272381 397705 322387 377603 604946 629514 558355 488059 529710 675226 711449
 296705 350565 263603 289195 173479 139987 148167 446468 284130 479911 674374 696051 527797 1.09047e+06 918758 763272 572336 599818 503979 584631
 296705 373228 242446 208979 281236 229085 326566 243824 308494 532525 673633 680786 697666 484050 430675 406401 381787 407565 466752 560760
 296705 801899 523990 482814 449537 507638 431585 405635 170453 330908 384355 332310 276850 509019 382823 1.07293e+06 931197 863928 691965 724414
 296705 363431 292375 266109 237658 160351 231576 512117 388672 358279 499323 533458 440760 565566 626977 633198 549808 537441 553733 894226
 296705 291423 259551 184317 161145 216495 232704 406205 265342 371303 381818 456504 497134 508960 548976 595261 433580 607027 634534 570378
 296705 595904 357038 423849 307503 313689 264628 343008 326965 357540 240082 840384 558001 681149 612895 487123 683815 596314 412151 464940
 296705 963676 766888 538949 380823 324055 318282 390589 230684 228891 300502 363408 382626 362488 368121 349628 516554 453088 423835 546503
 296705 417373 339238 272951 234783 278117 237638 214672 163193 618805 486122 430685 389479 359507 445785 738983 397032 426897 690389 667042
 296705 331576 292692 228799 257994 183264 340773 265612 237698 407964 343993 512144 605643 1.16373e+06 861962 743599 704261 760922 587144 548945
 296705 332059 294045 258519 324605 358870 331110 397536 316314 359950 581992 546571 626085 610925 565382 816684 1.0472e+06 900612 877430 757748
 296705 681031 465070 368238 284949 338208 356825 276337 264391 354349 392135 545823 705486 635171 465815 513156 407936 449220 464790 381736
 296705 285555 349682 272384 252127 235633 241676 224165 207721 258411 784437 521060 467933 1.05438e+06 884057 728781 691179 521868 577320 522996
 296705 431184 419109 343162 314179 359526 365883 302168 230320 567503 689421 535767 550077 622317 637254 910244 702867 501006 482614 662833
 296705 454907 308653 283057 258567 184057 183699 234111 213770 198766 217571 358792 620602 590026 554256 456392 755035 664109 439009 457450
 296705 310980 288576 299510 335265 236469 161487 218879 350621 481034 392399 529755 560605 1.29542e+06 774222 600067 764957 815902 854729 751539
 296705 292727 272421 273727 238036 168795 207979 306613 351853 279592 248880 274175 414229 975182 1.13347e+06 1.09349e+06 810356 697651 887354 698258
 296705 1.13245e+06 586811 456985 577621 415455 499709 454929 263979 356602 347168 574448 552111 683436 828456 1.30092e+06 1.21195e+06 883595 604744 627548
 296705 641746 729458 489298 390438 439911 339934 327536 251915 263210 499880 597864 436469 392643 300765 585587 493349 1.16957e+06 863709 675152
 296705 446833 337315 345288 321894 232199 201026 324219 302774 311429 867738 668667 855017 1.0758e+06 958159 1.26988e+06 883137 801654 697034 567867
 296705 224598 223848 250076 300414 283061 368385 377457 392257 674349 580207 648557 921142 725614 713376 754751 599921 546084 552918 394249
 296705 355124 293075 410175 350873 233684 205170 206722 276933 671445 520511 428435 325628 318784 914727 730860 628987 653926 556967 605189
 296705 296067 286140 247002 224680 273549 293979 258185 268980 566861 495249 582301 764257 575590 473322 495219 439627 542358 551457 541632
 296705 575335 406429 426662 287811 352205 456220 420776 288538 513898 723034 632991 529526 547815 1.01938e+06 883121 775765 632432 513213 628309
 296705 285057 387706 300233 236266 175191 205236 193885 159974 199965 274751 598575 466784 523204 540869 567506 534426 531269 696337 674656
 296705 397942 343479 327376 372570 346872 287721 366581 296403 600831 420008 445596 429113 775388 833461 653756 777703 659296 636792 781852
 296705 522034 408389 300184 276653 317692 232396 215636 188902 306043 572394 394273 385899 345527 552844 561587 607680 797170 996193 1.07974e+06
 296705 309523 308149 362628 281936 189431 176363 238762 208897 427402 1.51589e+06 1.23809e+06 1.13326e+06 1.19435e+06 876947 742779 1.23702e+06 984168 735793 649253
 296705 470952 307378 266015 369982 317930 268423 418072 369974 528916 998361 737886 689192 595991 921576 833851 752170 584773 793710 1.002e+06
 296705 421968 317403 327987 277138 257249 248146 341439 262473 308194 612857 743975 742029 660153 737538 606385 505869 522346 491427 438468
 296705 590064 438082 480341 338437 276966 304789 277358 202267 388674 563745 379226 393325 305492 555232 473409 484671 614400 842620 719428
 296705 466528 357137 299964 252035 236744 247156 276296 185101 900651 710491 685665 897325 1.06654e+06 1.02741e+06 957057 962579 680706 1.00947e+06 740958
 296705 425584 443910 308580 257297 221337 173258 166261 177341 203744 265987 282961 594528 887442 601786 686962 513038 423272 418137 473178
 296705 418594 338349 534962 469411 303632 305818 315890 219971 864599 597633 465430 594650 496085 608946 821030 584291 511465 438829 498418
 296705 408204 438501 354851 324210 277636 311602 428923 335713 319828 414709 565613 603794 514899 525675 537471 401517 854297 746402 642540
 296705 304266 426945 342568 355281 287643 328148 303326 304688 542032 438467 415714 1.14305e+06 851197 689645 716264 601003 519948 444007 436290
 296705 391896 293847 240350 210267 302151 296346 260408 501263 497689 695560 604383 931521 656071 475655 438482 758136 512167 538327 599883
 296705 389859 370559 324302 237331 146443 178249 177857 245226 297043 254126 385273 318254 547164 622405 542668 746024 702756 670356 745685
