 1.56186e+06 1.23404e+06 1.34883e+06 991183 697592 664137 1.45564e+06 1.96667e+06 1.7199e+06 2.21535e+06 1.93879e+06 2.05662e+06 2.86774e+06 4.05633e+06 4.76023e+06 4.00483e+06 3.70025e+06 3.39474e+06 4.18963e+06 3.81419e+06
 1.36434e+06 1.49502e+06 1.32935e+06 871347 713007 705874 901934 895451 4.09022e+06 3.64663e+06 3.30395e+06 3.06736e+06 2.38661e+06 2.30588e+06 2.45618e+06 2.34731e+06 2.5349e+06 3.7788e+06 4.70424e+06 4.09534e+06
 1.06373e+06 746013 1.47696e+06 1.97745e+06 2.11654e+06 2.0066e+06 1.58028e+06 1.32457e+06 2.17467e+06 1.90633e+06 3.39645e+06 3.48827e+06 6.03931e+06 5.69507e+06 3.94151e+06 2.85495e+06 2.70455e+06 2.64774e+06 2.77365e+06 2.84184e+06
 2.4688e+06 2.08558e+06 2.34131e+06 1.23473e+06 988235 768978 818668 1.32527e+06 1.08473e+06 1.25097e+06 2.81923e+06 3.15971e+06 3.73441e+06 4.27806e+06 5.4974e+06 4.81711e+06 3.58235e+06 5.85541e+06 5.38514e+06 4.46532e+06
 3.58244e+06 2.6672e+06 1.8078e+06 1.36624e+06 861048 621198 640874 783618 1.11731e+06 1.68139e+06 2.57115e+06 4.61489e+06 3.86279e+06 3.61884e+06 3.11121e+06 2.89386e+06 2.38561e+06 1.2581e+06 1.42444e+06 1.67815e+06
 3.04845e+06 2.37712e+06 2.55457e+06 2.01789e+06 1.22851e+06 878087 1.04806e+06 779007 1.88313e+06 3.10926e+06 3.33658e+06 3.39871e+06 3.14736e+06 3.37219e+06 2.70129e+06 2.41242e+06 3.94056e+06 4.20949e+06 3.56517e+06 3.82188e+06
 1.35072e+06 1.40354e+06 1.18865e+06 1.32489e+06 973598 534855 973407 1.93291e+06 1.34669e+06 2.34964e+06 1.62118e+06 2.88584e+06 2.46227e+06 2.2464e+06 2.25447e+06 1.61325e+06 1.66597e+06 1.85409e+06 2.31633e+06 2.15937e+06
 2.2475e+06 2.1016e+06 2.61495e+06 1.7027e+06 1.32841e+06 1.03913e+06 1.78737e+06 1.57799e+06 3.64649e+06 5.68769e+06 7.38059e+06 6.36569e+06 4.29984e+06 4.90423e+06 4.32394e+06 2.86833e+06 2.7105e+06 2.06403e+06 6.59997e+06 4.34615e+06
 4.98774e+06 5.2695e+06 3.80155e+06 1.69233e+06 1.15392e+06 812751 666890 1.01917e+06 4.73338e+06 4.30149e+06 3.07765e+06 1.75805e+06 3.19565e+06 3.247e+06 3.14567e+06 2.25312e+06 2.8136e+06 2.29802e+06 3.30797e+06 2.70308e+06
 2.94516e+06 2.97523e+06 2.93552e+06 1.80701e+06 1.59425e+06 1.05841e+06 1.38915e+06 1.40148e+06 1.52941e+06 1.3881e+06 1.60214e+06 1.71408e+06 1.93125e+06 1.74185e+06 1.82413e+06 1.40818e+06 1.36338e+06 2.43132e+06 3.18047e+06 5.69786e+06
 1.16045e+06 748226 844643 841001 1.10794e+06 1.40964e+06 1.16667e+06 1.31617e+06 1.97975e+06 2.07856e+06 2.18244e+06 2.12873e+06 3.4492e+06 4.98916e+06 3.71114e+06 4.42951e+06 3.61716e+06 3.05898e+06 1.93708e+06 1.50446e+06
 1.26922e+06 1.07784e+06 1.54501e+06 1.09582e+06 1.14629e+06 1.10885e+06 1.18571e+06 1.18786e+06 2.00737e+06 2.25934e+06 1.83191e+06 1.28461e+06 1.45523e+06 1.29401e+06 967200 1.9161e+06 2.22713e+06 2.47092e+06 2.06169e+06 2.34588e+06
 1.20572e+06 982170 841399 1.01475e+06 800339 724353 1.04791e+06 1.88492e+06 4.03446e+06 3.45559e+06 3.65365e+06 3.54704e+06 2.57031e+06 4.51672e+06 3.82796e+06 2.17402e+06 2.29397e+06 2.07483e+06 1.81614e+06 2.85523e+06
 1.32063e+06 1.25462e+06 1.38472e+06 1.39938e+06 1.15696e+06 1.16829e+06 1.14411e+06 941601 2.79756e+06 3.63145e+06 8.72547e+06 6.71085e+06 6.61014e+06 4.43784e+06 3.74778e+06 2.52004e+06 2.64086e+06 2.1487e+06 1.36534e+06 1.27946e+06
 1.8186e+06 1.55812e+06 1.87013e+06 1.70092e+06 2.3453e+06 1.87388e+06 1.38898e+06 1.52859e+06 1.63176e+06 2.77464e+06 2.73405e+06 3.62993e+06 3.11784e+06 3.01239e+06 2.5684e+06 3.89346e+06 3.70164e+06 3.71885e+06 2.5916e+06 4.42023e+06
 2.81451e+06 3.44914e+06 2.67991e+06 1.6871e+06 806009 414251 671588 1.17314e+06 1.55481e+06 3.67765e+06 4.32467e+06 4.06311e+06 5.91839e+06 5.61224e+06 4.81035e+06 3.16742e+06 2.72236e+06 2.81002e+06 2.15564e+06 1.96308e+06
 1.47758e+06 2.10051e+06 1.9145e+06 1.35605e+06 2.24821e+06 2.06927e+06 1.85819e+06 1.87521e+06 1.83477e+06 1.64788e+06 3.21881e+06 4.10191e+06 3.31346e+06 3.09021e+06 2.71559e+06 2.6514e+06 2.39192e+06 2.77085e+06 3.1326e+06 3.44502e+06
 2.25057e+06 1.90462e+06 917572 659828 710317 970196 1.13789e+06 1.23097e+06 1.22973e+06 1.60413e+06 1.82311e+06 2.76574e+06 4.18879e+06 4.00692e+06 3.24828e+06 2.79581e+06 2.23137e+06 2.7835e+06 2.10427e+06 1.92447e+06
 2.97346e+06 1.98649e+06 1.70268e+06 1.10373e+06 1.38639e+06 1.3416e+06 1.28534e+06 1.03495e+06 1.91425e+06 2.93536e+06 2.58523e+06 3.07045e+06 7.04456e+06 5.6011e+06 3.59534e+06 2.00199e+06 2.28051e+06 3.38426e+06 3.27161e+06 4.5914e+06
 1.95014e+06 1.84423e+06 1.33596e+06 847663 1.20138e+06 1.46181e+06 1.25062e+06 864924 2.00463e+06 3.31079e+06 6.12212e+06 5.40567e+06 4.69212e+06 4.00446e+06 3.4735e+06 2.50599e+06 3.10826e+06 3.33679e+06 3.2509e+06 2.07359e+06
 858847 723827 1.08892e+06 1.23599e+06 1.72538e+06 1.30704e+06 1.36182e+06 1.11744e+06 2.23259e+06 2.29223e+06 2.44381e+06 1.9864e+06 1.78801e+06 1.29471e+06 2.21386e+06 4.77738e+06 5.65175e+06 5.8787e+06 5.50485e+06 4.53839e+06
 2.48666e+06 2.58785e+06 3.11336e+06 2.23482e+06 1.29741e+06 1.11994e+06 1.22576e+06 1.15982e+06 810458 2.94695e+06 2.82152e+06 4.68381e+06 5.39573e+06 5.25657e+06 3.96336e+06 3.75747e+06 3.19912e+06 2.19026e+06 2.01226e+06 2.62544e+06
 2.3733e+06 2.69974e+06 2.34046e+06 1.97754e+06 1.71748e+06 1.16782e+06 1.17483e+06 957327 1.09352e+06 1.36211e+06 1.35466e+06 1.47532e+06 2.27452e+06 2.66731e+06 3.18136e+06 2.65827e+06 2.17109e+06 3.12828e+06 3.79443e+06 3.1947e+06
 2.53805e+06 1.86122e+06 1.75581e+06 1.34346e+06 1.16058e+06 898896 825972 1.00875e+06 1.06116e+06 2.4657e+06 2.02102e+06 2.73941e+06 2.60387e+06 3.30985e+06 3.09647e+06 3.17125e+06 2.81054e+06 4.90981e+06 5.20704e+06 5.26139e+06
 1.86199e+06 1.58713e+06 2.43984e+06 1.85277e+06 1.52653e+06 1.67053e+06 1.5894e+06 1.51201e+06 1.77711e+06 2.86272e+06 3.65806e+06 2.90568e+06 2.98577e+06 3.74148e+06 4.26001e+06 5.3023e+06 4.29661e+06 2.97827e+06 4.0567e+06 4.3224e+06
 1.3089e+06 842099 751302 945299 847865 598666 979639 1.34756e+06 1.44377e+06 1.27213e+06 2.17647e+06 3.66622e+06 5.00408e+06 5.4229e+06 4.42739e+06 3.17386e+06 2.26674e+06 1.76735e+06 2.0215e+06 1.99622e+06
 2.54733e+06 2.66692e+06 1.60358e+06 1.38941e+06 796070 923776 1.05866e+06 829486 911001 1.59108e+06 2.22632e+06 1.90784e+06 4.06454e+06 3.62245e+06 3.39182e+06 2.00278e+06 2.06596e+06 1.88593e+06 1.86307e+06 2.21126e+06
 1.73171e+06 1.16869e+06 1.17942e+06 1.30969e+06 1.14462e+06 814675 819144 1.64163e+06 1.76639e+06 3.86903e+06 3.384e+06 3.19432e+06 3.19958e+06 3.097e+06 2.82096e+06 2.12851e+06 2.30098e+06 3.78738e+06 4.02233e+06 4.82044e+06
 1.21212e+06 1.56118e+06 1.47446e+06 1.57003e+06 1.16666e+06 993200 1.50739e+06 1.21425e+06 1.57744e+06 2.45424e+06 3.06134e+06 3.05496e+06 3.2411e+06 2.62984e+06 2.915e+06 2.52709e+06 3.48474e+06 3.37501e+06 2.91157e+06 2.08254e+06
 4.47903e+06 3.84015e+06 3.0239e+06 1.66274e+06 884029 746371 411666 614388 1.4209e+06 1.45084e+06 2.55732e+06 2.0553e+06 3.16101e+06 4.47739e+06 3.80473e+06 3.80358e+06 3.06877e+06 1.55334e+06 2.17481e+06 3.68719e+06
 2.71906e+06 3.01431e+06 2.73369e+06 2.01132e+06 1.26666e+06 1.845e+06 1.05787e+06 1.14124e+06 4.23288e+06 3.95727e+06 3.94216e+06 3.57603e+06 5.03319e+06 3.93438e+06 4.36945e+06 4.01126e+06 3.91133e+06 3.53945e+06 2.60127e+06 2.36435e+06
 1.27664e+06 956844 931621 700408 481086 888118 980163 915955 1.37845e+06 1.85312e+06 3.18456e+06 3.64838e+06 3.39255e+06 2.90069e+06 2.57784e+06 2.12447e+06 1.75117e+06 2.57098e+06 2.44181e+06 2.86728e+06
 1.71497e+06 1.62479e+06 1.52014e+06 692204 1.19768e+06 1.25142e+06 1.03141e+06 759066 877110 1.39055e+06 2.59334e+06 4.29492e+06 4.5447e+06 5.37322e+06 4.45279e+06 4.00691e+06 3.99048e+06 2.81319e+06 2.05682e+06 1.87514e+06
 2.41651e+06 2.07906e+06 1.67116e+06 1.05374e+06 738490 523598 433006 666775 1.13962e+06 1.6475e+06 2.22494e+06 2.61277e+06 4.77308e+06 4.63343e+06 3.38257e+06 2.90598e+06 2.34223e+06 3.24464e+06 2.88656e+06 2.32236e+06
 1.06367e+06 1.18481e+06 1.05632e+06 1.06587e+06 1.10155e+06 1.05669e+06 1.07316e+06 1.19332e+06 1.26611e+06 1.25686e+06 2.09153e+06 2.3571e+06 3.58538e+06 3.95811e+06 3.49461e+06 2.78705e+06 2.44889e+06 1.95447e+06 1.32608e+06 2.65152e+06
 1.69473e+06 1.85696e+06 1.89733e+06 1.68068e+06 1.42157e+06 1.32483e+06 1.69736e+06 1.88872e+06 2.07632e+06 2.3592e+06 3.79748e+06 4.84451e+06 4.75966e+06 3.58019e+06 2.80326e+06 3.39495e+06 2.5361e+06 1.55414e+06 2.60651e+06 2.06963e+06
 1.74808e+06 2.52367e+06 2.29759e+06 2.0475e+06 1.73951e+06 2.16752e+06 2.10783e+06 1.92439e+06 2.18669e+06 2.63127e+06 3.22058e+06 5.72563e+06 5.35681e+06 4.50193e+06 2.94094e+06 2.48834e+06 1.53618e+06 2.29885e+06 2.05787e+06 3.21184e+06
 4.7489e+06 3.65653e+06 2.69749e+06 1.6023e+06 1.37242e+06 2.04522e+06 2.66472e+06 2.59643e+06 2.22743e+06 2.49937e+06 2.21943e+06 1.79204e+06 1.996e+06 2.57289e+06 3.04256e+06 2.40183e+06 3.34579e+06 2.37492e+06 4.2503e+06 4.01848e+06
 1.36746e+06 1.40365e+06 1.20311e+06 1.02048e+06 669935 591414 452545 1.12931e+06 1.2339e+06 2.42081e+06 2.00327e+06 1.98331e+06 3.40166e+06 3.25253e+06 2.87717e+06 2.65868e+06 2.15221e+06 1.89744e+06 1.92446e+06 2.91742e+06
 2.03988e+06 2.38173e+06 2.08674e+06 1.50826e+06 944313 926163 869967 1.01452e+06 1.41021e+06 2.54127e+06 2.41421e+06 2.38881e+06 3.12526e+06 3.20127e+06 3.46935e+06 2.6948e+06 2.63089e+06 4.17219e+06 6.97945e+06 7.57739e+06
 1.09971e+06 1.40152e+06 1.12951e+06 929003 1.49357e+06 1.31784e+06 1.03405e+06 935198 1.61872e+06 1.78604e+06 2.0956e+06 3.61793e+06 3.0747e+06 2.39501e+06 1.59282e+06 1.12741e+06 898236 1.48588e+06 2.87958e+06 1.14402e+07
 3.27637e+06 3.06118e+06 2.99197e+06 1.42246e+06 1.28009e+06 1.28542e+06 1.02198e+06 848275 3.34918e+06 3.56667e+06 4.07572e+06 3.14373e+06 2.64566e+06 3.40418e+06 2.6601e+06 2.49345e+06 6.11896e+06 4.93895e+06 4.12355e+06 2.84073e+06
 2.50234e+06 1.63783e+06 1.7877e+06 1.32837e+06 1.15787e+06 1.05872e+06 909681 1.0975e+06 1.41465e+06 6.64968e+06 5.6793e+06 6.17885e+06 4.09841e+06 3.12409e+06 2.28216e+06 1.5748e+06 1.8074e+06 1.53625e+06 1.63452e+06 1.67882e+06
 1.42093e+06 1.22418e+06 1.38477e+06 1.2553e+06 1.45598e+06 843914 1.00148e+06 900049 4.03485e+06 4.01798e+06 4.16372e+06 3.2352e+06 3.93609e+06 4.58841e+06 3.96751e+06 3.0881e+06 2.85907e+06 3.00433e+06 2.91334e+06 2.66975e+06
 2.51256e+06 2.77732e+06 2.50656e+06 1.66984e+06 1.34035e+06 850084 608055 472206 2.61344e+06 3.23027e+06 4.44491e+06 4.05462e+06 3.87674e+06 4.18115e+06 2.7941e+06 2.92009e+06 2.83637e+06 3.41268e+06 2.50865e+06 2.20944e+06
 2.57104e+06 2.18907e+06 2.1523e+06 1.68933e+06 1.04468e+06 990720 727675 715956 878397 2.17588e+06 4.06708e+06 3.62051e+06 3.97199e+06 3.12725e+06 3.92023e+06 2.457e+06 3.68523e+06 3.59937e+06 2.83392e+06 2.82846e+06
 2.25317e+06 1.80337e+06 1.97039e+06 1.53557e+06 1.32301e+06 1.18681e+06 790815 1.38001e+06 1.9563e+06 2.28196e+06 4.32208e+06 5.41917e+06 5.39698e+06 3.72297e+06 3.06497e+06 3.57333e+06 3.21031e+06 2.17069e+06 2.19772e+06 2.15945e+06
 1.95786e+06 1.51141e+06 2.11219e+06 1.76938e+06 1.90274e+06 1.64436e+06 1.02856e+06 925353 1.54976e+06 1.7824e+06 2.14147e+06 3.14958e+06 2.97519e+06 2.77972e+06 2.82565e+06 2.18106e+06 2.41015e+06 1.94845e+06 2.78261e+06 3.58489e+06
 1.62485e+06 1.80714e+06 2.04536e+06 1.5769e+06 1.29359e+06 1.12807e+06 1.01803e+06 1.62355e+06 2.40699e+06 2.80684e+06 2.32161e+06 1.94797e+06 2.10055e+06 1.59811e+06 3.93901e+06 4.25853e+06 6.35363e+06 5.04672e+06 4.47216e+06 2.98882e+06
 1.73709e+06 1.7389e+06 1.53213e+06 1.75413e+06 1.58385e+06 1.54781e+06 1.09327e+06 1.78719e+06 2.48059e+06 2.20233e+06 2.27755e+06 1.71245e+06 1.60873e+06 2.36105e+06 2.17805e+06 3.50865e+06 3.28301e+06 4.88744e+06 4.20125e+06 3.96818e+06
 1.00238e+06 929629 792555 962007 881269 1.9041e+06 1.58711e+06 1.44262e+06 3.09978e+06 3.62696e+06 3.55925e+06 3.50652e+06 4.10229e+06 3.91924e+06 3.0606e+06 2.55646e+06 3.80998e+06 4.47728e+06 3.75007e+06 2.13787e+06
 1.56357e+06 1.45843e+06 1.14678e+06 1.46077e+06 1.71086e+06 1.19206e+06 1.85857e+06 1.40724e+06 2.00194e+06 2.49107e+06 2.65723e+06 3.85739e+06 3.57994e+06 2.76378e+06 1.88989e+06 2.09439e+06 1.36469e+06 1.19302e+06 1.99144e+06 2.43422e+06
 1.13531e+06 1.00524e+06 902990 810056 1.07396e+06 1.17629e+06 892369 1.00857e+06 1.97693e+06 2.60049e+06 4.19398e+06 3.34966e+06 2.64347e+06 1.96482e+06 2.02176e+06 2.77395e+06 2.73609e+06 2.90864e+06 2.7764e+06 2.72921e+06
 1.26001e+06 839180 786999 1.12379e+06 1.35476e+06 1.43766e+06 1.32133e+06 1.61112e+06 1.73314e+06 2.86411e+06 3.01384e+06 2.74541e+06 2.64012e+06 2.81208e+06 2.63573e+06 3.27435e+06 2.8684e+06 2.76019e+06 2.73989e+06 2.12277e+06
 2.4946e+06 1.3474e+06 1.14744e+06 957522 818880 1.06198e+06 1.14554e+06 1.05595e+06 1.86753e+06 3.16845e+06 2.50727e+06 2.8183e+06 2.42199e+06 2.98486e+06 4.22645e+06 3.29461e+06 3.47908e+06 2.54195e+06 2.31298e+06 2.86387e+06
 2.84575e+06 2.36276e+06 2.52591e+06 2.10008e+06 1.34293e+06 1.20408e+06 945319 1.57474e+06 2.90135e+06 4.22495e+06 4.00274e+06 3.33651e+06 3.4627e+06 2.53641e+06 2.50395e+06 5.3386e+06 3.99399e+06 4.70891e+06 4.87364e+06 4.90773e+06
 2.24289e+06 1.70083e+06 1.32502e+06 828671 489019 383854 431059 679282 1.39068e+06 2.9816e+06 3.43489e+06 2.99572e+06 2.97668e+06 3.85159e+06 3.54985e+06 2.58245e+06 1.8892e+06 1.83044e+06 1.9359e+06 1.78701e+06
 1.17948e+06 965678 817361 927549 1.48237e+06 1.90096e+06 1.59201e+06 1.22179e+06 2.04514e+06 2.86048e+06 2.90523e+06 3.24529e+06 1.96338e+06 1.75166e+06 1.8988e+06 3.52781e+06 2.60552e+06 3.4391e+06 2.18596e+06 2.96341e+06
 2.88284e+06 3.30008e+06 2.73514e+06 1.96282e+06 1.18262e+06 880052 964752 1.76895e+06 2.36337e+06 4.05422e+06 3.36459e+06 3.1175e+06 2.80315e+06 3.81175e+06 2.91201e+06 2.9454e+06 2.44878e+06 2.26458e+06 3.6891e+06 3.5173e+06
 1.46235e+06 1.49194e+06 1.36192e+06 967666 1.1214e+06 863558 919023 673090 2.4904e+06 2.74065e+06 2.68843e+06 1.98553e+06 1.48831e+06 1.6793e+06 1.8613e+06 1.91379e+06 2.13368e+06 3.18907e+06 3.13831e+06 5.41436e+06
 5.47657e+06 3.78081e+06 2.80201e+06 1.79825e+06 1.2821e+06 1.01161e+06 959419 1.14265e+06 1.99286e+06 2.08078e+06 3.32373e+06 4.12947e+06 3.86675e+06 3.59303e+06 2.55206e+06 3.22732e+06 2.96121e+06 2.29946e+06 1.54949e+06 1.47577e+06
 4.24377e+06 3.2869e+06 2.46434e+06 1.82381e+06 1.33009e+06 922206 900928 1.0164e+06 1.36233e+06 1.99499e+06 2.28343e+06 3.87225e+06 3.9511e+06 3.08951e+06 2.2026e+06 1.71136e+06 2.0376e+06 3.17388e+06 3.88148e+06 3.87643e+06
 1.3486e+06 1.20302e+06 1.34243e+06 1.17235e+06 1.32549e+06 1.37925e+06 1.21187e+06 1.16528e+06 2.15193e+06 2.55084e+06 2.20377e+06 2.53241e+06 2.96857e+06 2.74866e+06 2.24923e+06 2.44272e+06 2.08848e+06 1.54488e+06 2.38802e+06 3.0542e+06
 976360 1.03096e+06 1.04557e+06 1.17966e+06 1.28243e+06 1.19916e+06 1.18423e+06 1.27092e+06 1.07702e+06 1.834e+06 2.43447e+06 2.41362e+06 2.17574e+06 2.0297e+06 1.65318e+06 1.3608e+06 1.39475e+06 1.82386e+06 1.59172e+06 1.81224e+06
 1.2978e+06 1.50068e+06 1.3393e+06 964855 1.08679e+06 1.60229e+06 1.41891e+06 1.1424e+06 2.9722e+06 3.6154e+06 3.56213e+06 2.89754e+06 2.63309e+06 2.3956e+06 2.72771e+06 3.12186e+06 3.02614e+06 3.01665e+06 3.11324e+06 3.52824e+06
 1.16023e+06 987970 1.53568e+06 974838 712218 692662 945657 934976 2.598e+06 4.45554e+06 4.04348e+06 3.98045e+06 3.04062e+06 2.17992e+06 1.60229e+06 1.21861e+06 2.61238e+06 3.09824e+06 3.35513e+06 3.45643e+06
 1.46389e+06 1.51356e+06 1.37867e+06 1.29607e+06 1.49639e+06 1.00725e+06 957709 1.39388e+06 1.5783e+06 1.85798e+06 1.75136e+06 2.04231e+06 2.09592e+06 2.77269e+06 2.73503e+06 2.27514e+06 2.81468e+06 2.70331e+06 2.58496e+06 2.16803e+06
 2.95288e+06 2.13405e+06 2.1202e+06 1.31754e+06 1.84552e+06 1.53963e+06 1.27926e+06 960796 1.17562e+06 1.7204e+06 1.74004e+06 2.48729e+06 3.58271e+06 3.23636e+06 2.97242e+06 2.03314e+06 1.97626e+06 2.43553e+06 2.49531e+06 2.29365e+06
 1.82101e+06 1.11513e+06 1.03689e+06 754406 670832 1.2813e+06 1.11163e+06 1.64711e+06 2.34454e+06 2.4702e+06 3.21698e+06 2.56242e+06 3.3454e+06 3.59391e+06 3.14457e+06 3.63228e+06 4.72545e+06 3.71455e+06 4.37398e+06 3.01659e+06
 2.21671e+06 1.70674e+06 1.62872e+06 1.48916e+06 1.33266e+06 1.67559e+06 1.74109e+06 1.1304e+06 1.60898e+06 1.34635e+06 1.18202e+06 1.52252e+06 1.38541e+06 1.6254e+06 2.36353e+06 3.37989e+06 4.05545e+06 3.56616e+06 2.78068e+06 2.24591e+06
 1.53384e+06 1.26933e+06 1.44353e+06 1.10607e+06 1.38165e+06 1.04379e+06 1.18311e+06 1.12713e+06 2.03987e+06 3.10102e+06 3.59198e+06 3.55224e+06 3.87679e+06 4.60768e+06 4.17368e+06 4.01696e+06 3.71794e+06 3.61948e+06 3.72195e+06 3.68724e+06
 1.03424e+06 951321 1.08235e+06 1.16267e+06 963764 721100 773394 1.08402e+06 1.28733e+06 5.39023e+06 5.53748e+06 5.02443e+06 4.44103e+06 4.76947e+06 6.54751e+06 5.9943e+06 4.82059e+06 2.91608e+06 3.48013e+06 3.45238e+06
 2.27043e+06 1.88262e+06 1.39028e+06 890817 847889 1.33942e+06 1.38514e+06 966902 1.53547e+06 2.22931e+06 2.25699e+06 2.02651e+06 2.31629e+06 2.48125e+06 3.91134e+06 3.48936e+06 2.56228e+06 2.12085e+06 2.61118e+06 2.54128e+06
 1.11735e+06 1.20997e+06 1.12267e+06 1.15408e+06 895774 764088 965711 961614 1.13818e+06 1.23397e+06 1.20583e+06 1.96732e+06 3.59608e+06 3.52458e+06 3.3497e+06 2.61566e+06 2.68278e+06 3.12424e+06 3.28586e+06 3.35354e+06
 1.00105e+06 987895 2.34924e+06 2.01558e+06 1.66059e+06 1.09133e+06 973645 842056 778911 1.36687e+06 1.47468e+06 1.92777e+06 2.85746e+06 3.97308e+06 4.34922e+06 3.62271e+06 2.65887e+06 2.30632e+06 1.57322e+06 2.04997e+06
 980041 865147 751824 802561 1.11221e+06 1.28752e+06 1.3121e+06 1.35429e+06 4.1108e+06 3.56105e+06 6.22766e+06 4.41805e+06 5.0318e+06 2.80067e+06 2.58732e+06 2.41585e+06 2.32519e+06 3.66384e+06 3.55431e+06 3.48886e+06
 3.15654e+06 3.10876e+06 2.12276e+06 1.56445e+06 1.23543e+06 1.2022e+06 1.08222e+06 864912 1.02703e+06 2.29918e+06 2.63389e+06 4.95588e+06 5.59977e+06 4.28906e+06 3.20853e+06 2.40834e+06 3.03011e+06 2.5848e+06 2.9558e+06 3.06146e+06
 1.6057e+06 1.84718e+06 1.15889e+06 843826 810382 889573 1.30216e+06 1.17156e+06 1.8016e+06 2.65012e+06 3.42172e+06 2.71759e+06 3.0721e+06 2.16595e+06 1.88222e+06 1.76352e+06 2.41522e+06 2.85251e+06 1.9822e+06 1.80176e+06
 759160 937200 1.40408e+06 1.26721e+06 962627 726131 772186 854350 1.495e+06 2.00842e+06 2.29999e+06 2.9058e+06 2.59521e+06 1.76295e+06 1.43026e+06 3.65098e+06 3.8081e+06 2.92255e+06 1.9346e+06 2.4449e+06
 2.01676e+06 2.30566e+06 1.98961e+06 1.41307e+06 1.15106e+06 705127 770726 984360 1.38209e+06 1.67536e+06 1.84199e+06 1.90926e+06 1.79279e+06 2.4336e+06 3.71696e+06 3.48809e+06 2.34373e+06 1.56268e+06 1.69411e+06 2.04978e+06
 1.07081e+06 897870 984166 1.02803e+06 781210 768975 952022 873704 2.0025e+06 2.44873e+06 2.25983e+06 2.22716e+06 1.64353e+06 2.35521e+06 2.16633e+06 3.97315e+06 3.64499e+06 4.42927e+06 4.00205e+06 4.0616e+06
 2.46583e+06 2.0875e+06 1.56849e+06 1.06395e+06 1.00253e+06 778257 1.01051e+06 1.5005e+06 1.8317e+06 2.32384e+06 3.56132e+06 3.65814e+06 5.82382e+06 3.64127e+06 2.82298e+06 2.52615e+06 2.61146e+06 3.93865e+06 3.2584e+06 2.89679e+06
 1.26162e+06 1.40103e+06 968236 995616 1.18531e+06 1.14307e+06 847106 853458 957367 3.05567e+06 3.53575e+06 3.03253e+06 2.2894e+06 2.26591e+06 2.576e+06 1.96067e+06 2.69581e+06 2.46016e+06 2.28239e+06 1.70856e+06
 2.42063e+06 1.35109e+06 954528 735264 744979 1.357e+06 1.67082e+06 1.76125e+06 2.5455e+06 3.42483e+06 3.45268e+06 3.23127e+06 4.06004e+06 3.50199e+06 4.07998e+06 3.84059e+06 3.89871e+06 4.05257e+06 2.89567e+06 1.66406e+06
 1.76416e+06 1.31551e+06 1.599e+06 1.58179e+06 2.34567e+06 2.66615e+06 2.24022e+06 1.63996e+06 1.49975e+06 2.43734e+06 3.16717e+06 3.6205e+06 4.08821e+06 3.37943e+06 2.45216e+06 4.1663e+06 5.03604e+06 5.08158e+06 4.8255e+06 5.03357e+06
 1.90611e+06 1.7222e+06 1.43182e+06 950635 957951 944572 599490 1.22107e+06 3.00103e+06 2.9412e+06 2.4593e+06 1.77104e+06 1.86344e+06 2.51042e+06 2.47452e+06 2.15484e+06 2.59935e+06 2.88649e+06 2.05902e+06 2.68261e+06
 1.64173e+06 1.54487e+06 1.45904e+06 1.22328e+06 1.2227e+06 1.59949e+06 1.23233e+06 1.47496e+06 1.73563e+06 2.60533e+06 3.15012e+06 4.31207e+06 3.45414e+06 4.2696e+06 4.18743e+06 4.28093e+06 4.26961e+06 4.03838e+06 3.71736e+06 3.18351e+06
 1.34646e+06 1.04123e+06 1.11765e+06 889434 698228 1.00744e+06 1.10449e+06 1.21941e+06 1.4697e+06 2.30795e+06 2.68278e+06 2.47837e+06 2.4423e+06 3.61008e+06 4.10818e+06 3.73081e+06 2.89812e+06 1.95591e+06 1.21755e+06 1.79614e+06
 1.69837e+06 1.29514e+06 1.49234e+06 2.31926e+06 2.01058e+06 1.12737e+06 758559 865163 1.35836e+06 2.13658e+06 2.49528e+06 2.55109e+06 2.06232e+06 3.12219e+06 2.77247e+06 2.23195e+06 4.45416e+06 3.59719e+06 3.70472e+06 4.13949e+06
 1.04147e+06 876524 1.08677e+06 978710 803932 1.31882e+06 1.26944e+06 1.1305e+06 1.77807e+06 1.68025e+06 3.73101e+06 3.43558e+06 3.74663e+06 2.85704e+06 3.25408e+06 2.39592e+06 2.45601e+06 2.32098e+06 2.7657e+06 5.17492e+06
 2.42696e+06 2.42654e+06 2.47457e+06 2.44758e+06 1.82128e+06 1.11165e+06 957556 607708 1.55073e+06 1.492e+06 1.62281e+06 1.70267e+06 2.33385e+06 2.3375e+06 2.70787e+06 2.71449e+06 2.84688e+06 2.64332e+06 2.81153e+06 2.28171e+06
 1.24019e+06 892353 941544 731256 1.38048e+06 1.44699e+06 1.26016e+06 1.19977e+06 2.43988e+06 3.22738e+06 3.25537e+06 2.58728e+06 2.78258e+06 2.57708e+06 2.51245e+06 4.12496e+06 3.24667e+06 4.52867e+06 3.48514e+06 3.79278e+06
 1.71884e+06 1.96966e+06 1.75535e+06 1.4886e+06 1.24572e+06 1.77633e+06 2.38908e+06 1.40347e+06 5.81964e+06 5.11366e+06 5.19921e+06 4.27331e+06 3.50387e+06 2.95157e+06 3.55111e+06 3.12843e+06 3.91249e+06 3.22162e+06 2.41833e+06 2.09516e+06
 1.91533e+06 1.28454e+06 1.10946e+06 837572 1.44453e+06 1.12569e+06 1.01737e+06 842288 1.56739e+06 2.94887e+06 3.75846e+06 3.28553e+06 3.41935e+06 3.80012e+06 3.21263e+06 3.12862e+06 3.34279e+06 3.26174e+06 2.86651e+06 2.60429e+06
 1.82772e+06 1.88846e+06 2.13557e+06 1.70823e+06 1.40705e+06 1.00461e+06 1.5589e+06 1.93407e+06 3.70006e+06 3.29383e+06 3.69277e+06 2.51349e+06 2.16755e+06 2.18568e+06 4.10456e+06 3.04202e+06 3.84363e+06 3.25761e+06 3.58584e+06 3.02785e+06
 1.48165e+06 1.49407e+06 2.26643e+06 1.7741e+06 1.4279e+06 751141 1.45776e+06 2.72395e+06 2.76081e+06 3.18728e+06 2.51395e+06 3.31956e+06 2.70216e+06 2.47933e+06 2.03923e+06 2.41631e+06 1.7789e+06 2.17689e+06 2.18338e+06 4.34381e+06
 1.22918e+06 951164 1.46998e+06 1.35329e+06 1.276e+06 865518 865742 923350 1.83304e+06 2.42018e+06 3.21867e+06 2.54107e+06 2.7037e+06 2.42439e+06 4.523e+06 3.7562e+06 5.61215e+06 4.46874e+06 5.11057e+06 3.91531e+06
 1.141e+06 1.2848e+06 1.2932e+06 1.05499e+06 975137 884457 1.15203e+06 1.21508e+06 2.95826e+06 3.75144e+06 4.48972e+06 4.27894e+06 4.8336e+06 3.913e+06 4.3934e+06 4.85439e+06 4.21728e+06 4.04496e+06 2.84323e+06 2.28167e+06
 3.03204e+06 2.7676e+06 2.07396e+06 1.35985e+06 745199 506707 705045 560630 1.19552e+06 1.86405e+06 1.99363e+06 2.25637e+06 3.41199e+06 3.33438e+06 2.62171e+06 2.44984e+06 3.00533e+06 3.5145e+06 3.26932e+06 2.43483e+06
 944940 1.07483e+06 1.42525e+06 1.07934e+06 953954 1.67502e+06 1.50208e+06 1.40311e+06 3.28122e+06 4.31809e+06 4.2722e+06 3.28266e+06 3.3239e+06 4.17175e+06 7.1918e+06 4.85347e+06 3.19636e+06 2.27537e+06 2.61748e+06 2.5271e+06
 1.52115e+06 1.63492e+06 1.76516e+06 1.88769e+06 1.31959e+06 821207 1.67381e+06 1.69024e+06 2.03541e+06 4.86188e+06 4.22028e+06 4.45196e+06 2.98568e+06 2.63385e+06 1.64889e+06 1.81001e+06 1.66171e+06 1.63983e+06 1.40419e+06 2.62126e+06
 3.53641e+06 3.27122e+06 2.90453e+06 1.89676e+06 897270 668626 838855 749271 1.02078e+06 1.95428e+06 1.90967e+06 2.33615e+06 2.39914e+06 2.25848e+06 2.89223e+06 3.75304e+06 3.49337e+06 2.82551e+06 2.58685e+06 2.04608e+06
 746374 553972 890171 787181 1.29326e+06 1.09629e+06 865047 1.10527e+06 1.31688e+06 2.04218e+06 1.89904e+06 1.4785e+06 1.65766e+06 1.24155e+06 1.25446e+06 3.08442e+06 3.09346e+06 2.30797e+06 2.98904e+06 2.65818e+06
 960277 689582 421740 781349 802948 1.02371e+06 1.64479e+06 1.43035e+06 3.46884e+06 4.43445e+06 4.65817e+06 3.64239e+06 2.98365e+06 2.64977e+06 3.07586e+06 3.07483e+06 2.41183e+06 3.01032e+06 2.53295e+06 2.9473e+06
 1.27069e+06 1.08993e+06 1.20224e+06 1.22797e+06 1.25251e+06 974500 1.00052e+06 1.26787e+06 3.36293e+06 3.151e+06 3.06876e+06 3.45296e+06 4.86208e+06 4.70883e+06 5.49341e+06 3.97429e+06 3.52027e+06 2.62668e+06 1.5573e+06 1.52558e+06
 3.02933e+06 1.83269e+06 2.08911e+06 967694 728331 424891 566028 612841 1.82179e+06 2.21324e+06 2.33955e+06 2.22102e+06 1.57134e+06 2.00826e+06 2.21008e+06 2.62446e+06 2.21693e+06 2.88188e+06 2.71364e+06 3.48159e+06
 1.7415e+06 1.39585e+06 1.32268e+06 944019 747788 1.00775e+06 1.08393e+06 1.25155e+06 1.61583e+06 2.15559e+06 2.189e+06 2.68952e+06 2.35968e+06 3.31506e+06 3.0116e+06 4.38423e+06 5.82116e+06 4.86325e+06 4.27179e+06 3.63006e+06
 1.67717e+06 1.38728e+06 1.1305e+06 890376 1.00118e+06 870202 919083 938790 1.92882e+06 2.06439e+06 4.39649e+06 3.27713e+06 2.7748e+06 2.23302e+06 2.99421e+06 3.11628e+06 2.92965e+06 3.69688e+06 2.89778e+06 2.8474e+06
 2.16366e+06 1.87988e+06 1.41113e+06 1.68549e+06 1.66591e+06 1.51262e+06 1.15896e+06 1.0032e+06 3.20922e+06 2.98548e+06 3.61736e+06 3.71126e+06 2.97915e+06 3.0256e+06 2.70829e+06 2.9887e+06 2.96125e+06 3.05909e+06 2.54281e+06 2.53406e+06
 2.58202e+06 2.43381e+06 2.01959e+06 1.57277e+06 1.46625e+06 1.70882e+06 1.68308e+06 1.83525e+06 1.98183e+06 2.43198e+06 3.78448e+06 4.22554e+06 4.67964e+06 5.09067e+06 4.52751e+06 3.42282e+06 4.96485e+06 4.74948e+06 4.10125e+06 2.75722e+06
 2.07195e+06 1.83023e+06 1.7265e+06 2.17382e+06 2.25228e+06 1.61322e+06 1.31304e+06 1.5234e+06 2.8401e+06 2.3995e+06 2.96036e+06 5.24791e+06 3.90669e+06 3.74045e+06 2.67299e+06 3.21239e+06 2.75262e+06 2.74671e+06 1.92639e+06 1.23887e+06
 2.48185e+06 2.1588e+06 1.71568e+06 1.58295e+06 1.76779e+06 1.71217e+06 1.6537e+06 1.3627e+06 1.41721e+06 1.71869e+06 2.57926e+06 3.81629e+06 3.86547e+06 2.58686e+06 3.28876e+06 3.04179e+06 2.79428e+06 3.01745e+06 2.26736e+06 5.7945e+06
 1.36005e+06 1.1231e+06 1.10765e+06 845298 2.12164e+06 2.07229e+06 1.45297e+06 963781 1.29778e+06 1.50163e+06 2.52716e+06 2.88843e+06 3.25113e+06 3.37624e+06 3.12587e+06 4.08504e+06 4.71819e+06 5.00097e+06 4.14461e+06 3.2281e+06
 1.90973e+06 1.80787e+06 1.457e+06 1.24758e+06 728627 1.28689e+06 1.51429e+06 1.88961e+06 1.80432e+06 2.60642e+06 3.42425e+06 2.85745e+06 3.84169e+06 2.87472e+06 2.18698e+06 2.90366e+06 4.29954e+06 4.40626e+06 3.18464e+06 3.16412e+06
 1.33122e+06 1.3062e+06 1.07218e+06 1.15542e+06 936074 830033 1.18689e+06 1.0933e+06 1.29204e+06 1.34128e+06 1.18686e+06 1.64947e+06 3.43528e+06 3.82694e+06 3.76858e+06 2.57742e+06 3.15153e+06 3.026e+06 4.08078e+06 3.88646e+06
 1.97708e+06 1.433e+06 1.1605e+06 1.04435e+06 1.2277e+06 1.11243e+06 1.26022e+06 1.69182e+06 1.22932e+06 2.66649e+06 4.24002e+06 4.17062e+06 2.67692e+06 2.24172e+06 1.86804e+06 2.83607e+06 3.15016e+06 6.21062e+06 4.04068e+06 3.81611e+06
 1.82701e+06 1.95386e+06 2.23206e+06 1.39094e+06 1.23415e+06 1.03531e+06 1.55249e+06 1.97437e+06 2.53384e+06 4.34014e+06 4.96339e+06 4.24299e+06 2.80262e+06 3.04908e+06 4.03458e+06 4.36561e+06 4.24065e+06 4.74084e+06 4.01636e+06 3.66061e+06
 1.04057e+06 1.16295e+06 955425 1.05974e+06 869324 826335 1.41182e+06 2.04478e+06 2.04395e+06 2.05557e+06 1.34034e+06 1.20193e+06 2.52533e+06 2.81856e+06 2.36788e+06 1.69742e+06 1.75174e+06 2.08676e+06 4.81039e+06 4.33596e+06
 2.23972e+06 1.80574e+06 1.32075e+06 876726 861794 959994 847902 793442 3.08267e+06 2.74259e+06 3.57016e+06 3.00619e+06 2.23705e+06 1.45577e+06 2.88102e+06 4.52219e+06 5.54169e+06 4.72922e+06 3.20544e+06 2.70385e+06
 1.60349e+06 1.42098e+06 1.18675e+06 1.11773e+06 925280 1.03258e+06 1.2838e+06 1.46861e+06 1.83598e+06 1.79981e+06 1.62987e+06 1.64504e+06 2.1287e+06 1.81842e+06 4.14415e+06 2.92315e+06 5.76747e+06 4.76375e+06 3.98574e+06 2.49389e+06
 2.11698e+06 1.90213e+06 1.48727e+06 911078 885685 563955 427945 675367 2.09571e+06 2.53561e+06 4.07116e+06 3.95191e+06 6.29142e+06 5.41674e+06 7.07816e+06 5.24947e+06 4.41802e+06 3.65901e+06 3.72733e+06 3.52e+06
 1.26282e+06 850616 689608 875356 1.10746e+06 1.54101e+06 2.45611e+06 2.06501e+06 1.77138e+06 1.4585e+06 2.16353e+06 2.90666e+06 3.3e+06 4.98555e+06 4.34276e+06 5.22635e+06 4.18091e+06 4.13241e+06 4.43875e+06 5.31418e+06
 1.04737e+06 920998 1.25715e+06 1.57737e+06 1.6886e+06 1.81811e+06 1.59576e+06 1.02622e+06 3.45059e+06 3.33483e+06 2.70204e+06 2.43428e+06 1.91283e+06 2.23078e+06 2.78797e+06 2.37257e+06 2.49933e+06 2.87682e+06 2.5173e+06 4.20927e+06
 1.54385e+06 1.67612e+06 2.91105e+06 1.76642e+06 1.31471e+06 737451 867126 841511 2.50067e+06 2.8878e+06 3.91263e+06 3.35483e+06 2.73584e+06 2.38334e+06 2.41765e+06 3.3782e+06 3.90735e+06 4.13977e+06 3.48122e+06 3.93554e+06
 2.62007e+06 2.1642e+06 1.56082e+06 1.23903e+06 1.50243e+06 1.623e+06 1.3131e+06 1.59175e+06 1.95831e+06 2.09686e+06 1.96517e+06 2.07429e+06 1.77924e+06 1.05309e+06 3.51917e+06 4.32507e+06 4.14656e+06 4.25874e+06 4.95764e+06 5.93817e+06
 2.52722e+06 2.25077e+06 2.47032e+06 1.13387e+06 1.48673e+06 1.31584e+06 778814 1.09834e+06 1.83226e+06 2.25332e+06 2.55033e+06 3.14896e+06 3.39132e+06 3.42216e+06 2.86239e+06 2.30153e+06 2.71977e+06 2.8555e+06 2.83247e+06 2.28022e+06
 2.28362e+06 2.22133e+06 2.12124e+06 1.83016e+06 1.82666e+06 1.48458e+06 1.55605e+06 1.15146e+06 1.03925e+06 959471 2.42422e+06 2.71958e+06 3.3942e+06 5.3284e+06 4.72982e+06 3.67132e+06 3.42468e+06 4.14374e+06 5.09766e+06 3.7903e+06
 1.23962e+06 1.64414e+06 2.13424e+06 1.87932e+06 1.06365e+06 707438 991364 1.26216e+06 1.66674e+06 1.87063e+06 2.36548e+06 2.2728e+06 3.98633e+06 4.14045e+06 3.6295e+06 2.95006e+06 2.22705e+06 2.09796e+06 2.4825e+06 2.12296e+06
 3.19902e+06 2.86257e+06 2.42466e+06 1.81466e+06 1.49189e+06 2.26399e+06 1.29816e+06 1.18453e+06 1.60867e+06 2.11826e+06 4.3516e+06 3.91129e+06 4.28868e+06 2.97487e+06 3.08519e+06 3.44895e+06 3.515e+06 2.5793e+06 1.99059e+06 1.87852e+06
 2.97979e+06 2.40048e+06 2.0558e+06 1.4537e+06 1.01302e+06 1.15807e+06 997814 949089 2.42422e+06 2.87798e+06 3.9735e+06 3.401e+06 2.54225e+06 4.01969e+06 3.88423e+06 3.70286e+06 3.49678e+06 3.22424e+06 3.35968e+06 3.21778e+06
 1.28931e+06 811521 1.35574e+06 1.01197e+06 1.0535e+06 744743 873280 1.07162e+06 2.30924e+06 3.14186e+06 2.95071e+06 2.46186e+06 2.29487e+06 3.25112e+06 2.48232e+06 2.96826e+06 2.84361e+06 3.31171e+06 2.51526e+06 1.84377e+06
 3.11782e+06 2.72661e+06 2.97108e+06 2.19606e+06 1.16231e+06 1.59702e+06 1.82783e+06 1.83122e+06 2.26981e+06 2.66931e+06 3.78945e+06 3.59902e+06 7.64262e+06 7.45481e+06 5.27286e+06 3.14422e+06 2.48092e+06 3.8561e+06 3.24998e+06 2.12067e+06
 2.56677e+06 2.10717e+06 1.87474e+06 1.00476e+06 1.33249e+06 1.38119e+06 1.06467e+06 829150 2.18852e+06 2.48151e+06 3.28067e+06 4.31546e+06 3.6587e+06 2.775e+06 3.26722e+06 2.97137e+06 3.47002e+06 3.77219e+06 3.0166e+06 3.04911e+06
 2.08951e+06 1.71967e+06 1.59811e+06 1.57859e+06 1.7194e+06 1.81163e+06 1.73456e+06 1.78902e+06 2.15061e+06 2.68735e+06 3.04876e+06 3.03214e+06 2.04073e+06 1.69512e+06 1.90535e+06 2.90688e+06 4.13093e+06 4.08297e+06 2.42909e+06 2.86703e+06
 1.22163e+06 1.05302e+06 1.56106e+06 2.11285e+06 1.69987e+06 2.26596e+06 1.43244e+06 1.39152e+06 2.02985e+06 2.60586e+06 2.82687e+06 3.11295e+06 3.21935e+06 4.08508e+06 3.22404e+06 3.24745e+06 2.29223e+06 2.35915e+06 2.67686e+06 4.2384e+06
 1.80006e+06 1.34662e+06 1.41356e+06 1.21406e+06 1.56688e+06 1.30988e+06 819835 663024 1.27885e+06 1.26089e+06 2.06248e+06 3.69844e+06 2.99462e+06 5.07755e+06 4.1811e+06 2.70405e+06 1.73904e+06 1.78516e+06 1.82719e+06 3.00392e+06
 3.21728e+06 3.11367e+06 2.52635e+06 1.45622e+06 1.15043e+06 1.34183e+06 978480 820460 2.19185e+06 3.13026e+06 3.08539e+06 2.58922e+06 3.97651e+06 5.00068e+06 5.12052e+06 4.0724e+06 2.87218e+06 1.58816e+06 2.38935e+06 1.98426e+06
 1.09874e+06 453128 486919 630812 815115 1.42368e+06 1.10987e+06 1.24657e+06 2.50968e+06 3.33341e+06 3.37898e+06 2.27978e+06 2.11305e+06 1.76688e+06 1.91471e+06 1.79442e+06 2.68021e+06 2.97967e+06 2.70121e+06 2.79681e+06
 1.44577e+06 1.33463e+06 1.91599e+06 1.36672e+06 1.30361e+06 1.88396e+06 1.78958e+06 1.40822e+06 1.33472e+06 2.11216e+06 1.83769e+06 1.69283e+06 1.58491e+06 4.58244e+06 4.05089e+06 3.25985e+06 3.41183e+06 4.92474e+06 4.22846e+06 2.75629e+06
 2.93599e+06 2.41658e+06 1.99439e+06 1.4545e+06 948096 1.04909e+06 1.21992e+06 842166 1.52812e+06 1.98722e+06 3.63121e+06 4.56904e+06 3.71906e+06 2.86479e+06 1.78993e+06 2.46675e+06 2.61708e+06 4.63323e+06 4.96922e+06 4.92719e+06
 2.15389e+06 2.65603e+06 2.65487e+06 1.47586e+06 1.97126e+06 1.46142e+06 1.40616e+06 1.04287e+06 2.73339e+06 2.81836e+06 3.05384e+06 2.24319e+06 3.3472e+06 2.08098e+06 1.99735e+06 2.7134e+06 3.49248e+06 3.90928e+06 3.30261e+06 2.74341e+06
 1.53701e+06 1.08354e+06 1.25292e+06 1.23735e+06 787257 1.12275e+06 1.15842e+06 928283 709195 3.60268e+06 5.2095e+06 5.84739e+06 5.68644e+06 3.777e+06 3.83818e+06 3.06051e+06 2.71341e+06 4.37166e+06 4.94591e+06 5.28099e+06
 2.4561e+06 1.9597e+06 2.56549e+06 1.69517e+06 1.25765e+06 1.67103e+06 1.23854e+06 1.24589e+06 3.81268e+06 4.28839e+06 4.93916e+06 5.89127e+06 5.19633e+06 4.58216e+06 3.09534e+06 6.76406e+06 6.96855e+06 6.09783e+06 3.21945e+06 2.95151e+06
 1.80001e+06 2.67976e+06 2.53399e+06 2.3283e+06 1.63506e+06 1.30201e+06 953124 742530 1.5255e+06 1.81974e+06 2.66597e+06 2.12845e+06 2.78573e+06 1.89057e+06 2.26451e+06 2.1666e+06 1.88433e+06 2.33768e+06 3.65686e+06 4.85504e+06
 4.11926e+06 3.17807e+06 2.77562e+06 1.60119e+06 967092 1.16124e+06 1.52838e+06 1.17065e+06 1.28535e+06 1.22775e+06 1.50063e+06 2.02292e+06 2.96925e+06 3.97636e+06 4.43765e+06 3.90422e+06 8.51716e+06 6.75514e+06 5.47891e+06 4.25329e+06
 4.8594e+06 3.91015e+06 2.97935e+06 1.01689e+06 569209 524435 934484 1.11443e+06 1.52141e+06 2.44063e+06 2.82688e+06 3.61126e+06 3.36906e+06 5.00698e+06 3.83928e+06 3.46741e+06 2.04556e+06 1.98208e+06 2.25457e+06 1.54061e+06
 1.23423e+06 1.59311e+06 1.55921e+06 863109 837640 1.04475e+06 1.42821e+06 2.35574e+06 2.53145e+06 2.56054e+06 2.31764e+06 1.95946e+06 2.30565e+06 2.28132e+06 1.63321e+06 1.26469e+06 1.70454e+06 1.50344e+06 2.25419e+06 2.80376e+06
 1.98415e+06 1.52165e+06 1.48865e+06 1.12726e+06 1.47011e+06 1.2789e+06 1.17512e+06 1.67901e+06 2.92257e+06 2.9519e+06 3.22899e+06 4.04267e+06 3.64821e+06 4.07506e+06 3.23358e+06 3.11671e+06 2.63406e+06 1.985e+06 3.24691e+06 3.91204e+06
 5.00644e+06 4.05644e+06 3.3229e+06 1.41787e+06 991740 545812 638914 554005 1.0898e+06 6.98555e+06 7.99262e+06 6.89507e+06 4.01991e+06 2.5099e+06 1.65912e+06 1.89313e+06 1.32212e+06 3.36956e+06 3.41485e+06 7.86375e+06
 1.61236e+06 2.07036e+06 1.81399e+06 1.19928e+06 962461 810000 988231 1.197e+06 1.78612e+06 1.39441e+06 1.65044e+06 2.82909e+06 3.29943e+06 4.15918e+06 2.90986e+06 2.6635e+06 1.66829e+06 2.60946e+06 3.10988e+06 3.37371e+06
 2.19661e+06 1.7064e+06 1.57304e+06 1.25244e+06 1.21088e+06 1.09504e+06 1.3065e+06 897347 2.7534e+06 2.76577e+06 3.54774e+06 4.205e+06 4.4573e+06 6.47797e+06 5.30712e+06 4.65801e+06 4.31359e+06 3.64673e+06 2.6079e+06 2.73302e+06
 1.78985e+06 1.58452e+06 1.61564e+06 1.99756e+06 1.8729e+06 1.25444e+06 1.22252e+06 1.13384e+06 1.43157e+06 2.39118e+06 3.50379e+06 3.37819e+06 4.05888e+06 3.13131e+06 3.2381e+06 2.56407e+06 3.94217e+06 2.4123e+06 3.07168e+06 2.11124e+06
 772535 774184 1.46739e+06 1.36217e+06 970014 831602 614885 988095 2.78226e+06 3.12322e+06 3.15306e+06 2.504e+06 2.49718e+06 2.97355e+06 3.07564e+06 3.23789e+06 2.77325e+06 2.76074e+06 3.52318e+06 2.83039e+06
 2.45986e+06 1.77892e+06 1.84805e+06 1.04734e+06 1.14975e+06 1.43239e+06 1.16198e+06 865903 1.18636e+06 1.86732e+06 2.0349e+06 3.31545e+06 2.72793e+06 3.52238e+06 3.59939e+06 3.31965e+06 2.4577e+06 2.37841e+06 3.12758e+06 2.9247e+06
 1.57671e+06 2.27831e+06 2.05167e+06 1.77412e+06 2.04044e+06 1.28139e+06 948768 1.03838e+06 873110 5.17303e+06 5.01345e+06 4.9591e+06 3.0177e+06 3.47632e+06 4.73885e+06 4.23885e+06 4.98549e+06 3.85753e+06 3.69924e+06 3.79642e+06
 2.48548e+06 2.28242e+06 2.159e+06 1.87796e+06 1.29872e+06 1.1181e+06 1.28098e+06 975851 1.50778e+06 4.48209e+06 5.0247e+06 4.71329e+06 3.49975e+06 4.57572e+06 3.12305e+06 2.03388e+06 1.7536e+06 3.01886e+06 4.58931e+06 4.34949e+06
 1.75489e+06 1.55931e+06 743337 983727 975535 1.14315e+06 1.37293e+06 1.74619e+06 2.66165e+06 4.36346e+06 3.93759e+06 3.87488e+06 2.79762e+06 2.44859e+06 1.98164e+06 2.34222e+06 2.18133e+06 4.05119e+06 4.22909e+06 3.68178e+06
 1.35508e+06 1.17739e+06 858667 1.06546e+06 1.18265e+06 1.13671e+06 1.00951e+06 1.67601e+06 4.0795e+06 4.39141e+06 4.04084e+06 3.14963e+06 2.71413e+06 2.13074e+06 2.21279e+06 3.38493e+06 3.33917e+06 3.3266e+06 2.59292e+06 4.30838e+06
 1.70862e+06 1.45554e+06 1.65367e+06 1.63739e+06 1.38555e+06 1.20412e+06 1.77828e+06 2.19039e+06 2.07114e+06 2.70937e+06 2.7174e+06 3.39134e+06 3.61166e+06 3.8719e+06 3.59683e+06 2.85176e+06 1.85898e+06 2.23608e+06 2.711e+06 2.66819e+06
 2.48608e+06 1.91164e+06 1.18745e+06 1.59148e+06 1.70216e+06 2.15592e+06 1.31778e+06 1.21911e+06 1.24408e+06 5.00879e+06 3.13878e+06 2.98046e+06 2.12734e+06 2.60531e+06 2.3534e+06 1.99935e+06 1.49912e+06 3.88314e+06 2.94776e+06 5.34864e+06
 1.94842e+06 1.68123e+06 1.48213e+06 1.42236e+06 1.24118e+06 1.16266e+06 978633 565865 4.31385e+06 5.41161e+06 5.96093e+06 5.05025e+06 3.80173e+06 3.20421e+06 3.70168e+06 3.23128e+06 2.54284e+06 2.55268e+06 2.975e+06 3.34038e+06
 1.54818e+06 1.15719e+06 1.08201e+06 1.28407e+06 1.31486e+06 1.48999e+06 1.51871e+06 1.88673e+06 2.24317e+06 2.68227e+06 3.28084e+06 3.9339e+06 3.43821e+06 3.34791e+06 2.83352e+06 3.0606e+06 2.10421e+06 2.11525e+06 2.56123e+06 3.10211e+06
 3.22832e+06 2.62283e+06 2.19121e+06 1.03569e+06 971699 1.41764e+06 1.63908e+06 1.30129e+06 1.27709e+06 1.96371e+06 1.70975e+06 2.00341e+06 3.11002e+06 3.54775e+06 3.25358e+06 2.53952e+06 2.44796e+06 3.13451e+06 3.63518e+06 4.57947e+06
 1.50712e+06 1.1644e+06 1.2814e+06 707825 553467 560064 2.10257e+06 1.73705e+06 2.68383e+06 3.73145e+06 4.21734e+06 3.10644e+06 5.43818e+06 5.16499e+06 4.31683e+06 2.53082e+06 2.35729e+06 1.89523e+06 2.28486e+06 3.61118e+06
 1.62532e+06 1.06887e+06 797590 1.20154e+06 1.20461e+06 1.72323e+06 1.23428e+06 1.56151e+06 2.69197e+06 3.7915e+06 4.179e+06 4.00518e+06 2.55754e+06 1.72808e+06 1.33357e+06 1.35968e+06 1.70927e+06 2.32549e+06 3.1143e+06 3.2934e+06
 3.81042e+06 3.0936e+06 3.07471e+06 2.11381e+06 2.32577e+06 1.82492e+06 1.44666e+06 687256 1.30789e+06 1.82131e+06 1.86672e+06 1.55263e+06 2.49356e+06 2.0319e+06 5.44789e+06 5.51971e+06 5.73765e+06 3.77444e+06 3.06078e+06 2.23768e+06
 1.57142e+06 1.3504e+06 1.17251e+06 1.01992e+06 721499 967075 2.50628e+06 2.39298e+06 2.10099e+06 2.59717e+06 2.87674e+06 2.37166e+06 2.77332e+06 3.23779e+06 3.27556e+06 2.78379e+06 2.74188e+06 2.56922e+06 4.26262e+06 5.77395e+06
 1.198e+06 1.10303e+06 696528 558759 972275 1.15187e+06 2.10361e+06 1.62148e+06 2.05691e+06 2.03795e+06 2.44165e+06 2.51892e+06 2.62576e+06 2.93547e+06 3.05666e+06 2.29911e+06 2.89535e+06 3.15903e+06 3.00387e+06 2.07518e+06
 2.76564e+06 1.9005e+06 2.15992e+06 1.44085e+06 1.55824e+06 1.17889e+06 1.35568e+06 1.59937e+06 1.84812e+06 1.21048e+06 4.1527e+06 3.3825e+06 3.99202e+06 3.35516e+06 2.51856e+06 3.13587e+06 2.64868e+06 1.92499e+06 1.85714e+06 2.32677e+06
 4.6268e+06 4.70822e+06 3.84965e+06 1.62193e+06 993461 787534 1.1531e+06 1.26358e+06 1.15475e+06 1.48102e+06 1.86018e+06 2.02743e+06 1.90583e+06 1.9308e+06 1.75212e+06 2.48861e+06 2.36889e+06 2.31536e+06 2.70143e+06 2.14395e+06
 1.85499e+06 1.69503e+06 1.35101e+06 959639 1.23432e+06 1.02739e+06 861898 755053 3.02641e+06 2.91419e+06 2.68185e+06 2.1796e+06 1.70787e+06 1.93614e+06 3.53448e+06 2.32557e+06 2.20004e+06 3.33994e+06 3.50777e+06 3.23276e+06
 1.40444e+06 1.29489e+06 919860 1.09679e+06 889062 1.66308e+06 1.4206e+06 1.27793e+06 1.98672e+06 1.83978e+06 2.71362e+06 3.33797e+06 6.58629e+06 5.33559e+06 4.37893e+06 3.43077e+06 3.16415e+06 2.29911e+06 1.98309e+06 2.8599e+06
 1.40565e+06 1.3393e+06 1.15134e+06 1.50007e+06 1.90638e+06 1.83167e+06 2.01944e+06 1.66037e+06 1.7514e+06 2.82896e+06 3.05421e+06 3.57264e+06 3.38565e+06 2.94985e+06 4.00642e+06 5.43067e+06 5.14818e+06 4.80948e+06 3.64679e+06 3.34483e+06
 3.19807e+06 2.61829e+06 2.04889e+06 1.20986e+06 1.43958e+06 1.53753e+06 1.08491e+06 1.25574e+06 1.73384e+06 2.06995e+06 2.9546e+06 4.00269e+06 3.87528e+06 2.77929e+06 2.22796e+06 1.45964e+06 1.5866e+06 1.87052e+06 2.0096e+06 1.27216e+06
 1.16026e+06 1.56202e+06 1.2316e+06 1.14568e+06 1.17995e+06 1.18218e+06 1.02001e+06 947845 1.23778e+06 4.0059e+06 3.29659e+06 2.91012e+06 5.45812e+06 5.09377e+06 4.18472e+06 3.25415e+06 2.18822e+06 2.12221e+06 1.83984e+06 2.83397e+06
 1.9227e+06 2.13335e+06 1.82991e+06 1.50874e+06 1.79217e+06 1.83501e+06 1.38192e+06 1.01826e+06 2.65653e+06 3.83765e+06 3.45114e+06 3.12545e+06 3.12024e+06 3.17727e+06 4.4559e+06 3.72389e+06 2.76247e+06 1.86142e+06 2.67713e+06 2.04066e+06
 2.04431e+06 1.53187e+06 1.34314e+06 1.1255e+06 800931 672006 907273 1.09148e+06 1.02188e+06 1.10341e+06 1.81241e+06 3.404e+06 3.63768e+06 3.25296e+06 2.49192e+06 3.72937e+06 3.33798e+06 2.18071e+06 1.85225e+06 1.93261e+06
 1.30231e+06 1.26354e+06 1.33892e+06 1.62099e+06 1.28459e+06 719324 856852 1.67345e+06 2.54867e+06 2.31349e+06 3.0064e+06 3.12157e+06 6.89588e+06 4.78735e+06 3.39782e+06 3.36399e+06 3.77362e+06 4.40029e+06 3.64956e+06 2.15662e+06
 1.20603e+06 1.16165e+06 1.18296e+06 1.07036e+06 813195 917452 1.47063e+06 1.96275e+06 1.63867e+06 1.27196e+06 1.25047e+06 1.97809e+06 5.06538e+06 6.7899e+06 7.222e+06 5.03334e+06 3.23195e+06 3.36449e+06 2.42125e+06 2.56425e+06
 5.47556e+06 3.66711e+06 2.77979e+06 2.69349e+06 1.88243e+06 2.03385e+06 1.74216e+06 1.31248e+06 1.49156e+06 1.55585e+06 2.92423e+06 3.07034e+06 3.99156e+06 4.57554e+06 7.12873e+06 7.29842e+06 5.30847e+06 2.38707e+06 1.84146e+06 1.36989e+06
 2.99891e+06 4.06534e+06 3.14984e+06 1.97159e+06 1.90672e+06 1.28022e+06 1.04409e+06 997525 1.18416e+06 2.46543e+06 3.32225e+06 2.77351e+06 2.13993e+06 1.26709e+06 2.51268e+06 2.30353e+06 6.02669e+06 5.44674e+06 4.44304e+06 3.73527e+06
 2.00257e+06 1.65588e+06 1.74333e+06 1.60655e+06 1.09318e+06 726565 1.28011e+06 1.49951e+06 1.6869e+06 4.50391e+06 4.17928e+06 5.21848e+06 5.965e+06 5.67176e+06 6.74958e+06 4.24156e+06 3.87763e+06 2.51744e+06 1.82045e+06 1.99452e+06
 843653 830363 986418 1.41423e+06 1.56933e+06 2.00251e+06 2.05828e+06 2.15481e+06 3.52268e+06 3.37304e+06 3.67033e+06 4.74945e+06 4.14905e+06 3.67365e+06 3.72025e+06 3.04008e+06 2.03764e+06 2.20544e+06 1.58252e+06 2.88335e+06
 1.52781e+06 1.32122e+06 1.91844e+06 1.85411e+06 1.31993e+06 828528 744610 1.17619e+06 3.30679e+06 3.28834e+06 2.82549e+06 1.61304e+06 1.28713e+06 4.24943e+06 4.03433e+06 4.0869e+06 3.4065e+06 2.61034e+06 2.68137e+06 1.975e+06
 1.22439e+06 1.24427e+06 1.07601e+06 1.00955e+06 1.35756e+06 1.53509e+06 1.36448e+06 1.31799e+06 2.84041e+06 2.86202e+06 3.40664e+06 4.28614e+06 3.34373e+06 2.25067e+06 1.82779e+06 1.74475e+06 2.40543e+06 2.67621e+06 2.95094e+06 2.26565e+06
 2.66106e+06 2.20145e+06 2.25796e+06 1.31598e+06 1.64739e+06 2.14874e+06 2.05252e+06 1.5609e+06 2.40549e+06 3.79212e+06 3.78514e+06 3.02312e+06 2.66681e+06 5.02231e+06 4.76435e+06 4.28408e+06 3.2484e+06 2.14561e+06 2.42435e+06 2.80032e+06
 1.15673e+06 1.74923e+06 1.43174e+06 1.13347e+06 760134 811646 762682 652857 958258 1.44639e+06 3.20501e+06 2.88155e+06 3.21041e+06 2.90298e+06 2.93337e+06 2.64924e+06 2.38303e+06 3.41586e+06 3.52428e+06 3.25936e+06
 1.75528e+06 1.66166e+06 1.60386e+06 1.82574e+06 1.83063e+06 1.43164e+06 1.67126e+06 1.3948e+06 2.93025e+06 2.34617e+06 2.49311e+06 2.19362e+06 3.97573e+06 4.5899e+06 3.62634e+06 4.06877e+06 3.33619e+06 3.14064e+06 3.54767e+06 3.13943e+06
 2.39191e+06 2.17103e+06 1.60003e+06 1.165e+06 1.4323e+06 989769 766784 849278 1.45496e+06 2.97359e+06 2.4486e+06 2.27472e+06 1.73917e+06 2.63089e+06 2.85212e+06 3.21654e+06 4.29193e+06 5.64597e+06 6.22899e+06 4.92473e+06
 1.28747e+06 1.38019e+06 1.72755e+06 1.40674e+06 973791 705682 920260 951449 2.15547e+06 8.01642e+06 8.21162e+06 7.85176e+06 6.70086e+06 4.20535e+06 2.41269e+06 4.52945e+06 5.0046e+06 4.29203e+06 2.85636e+06 1.93516e+06
 2.12761e+06 1.52476e+06 1.22341e+06 1.66694e+06 1.63796e+06 1.34745e+06 1.99113e+06 2.05756e+06 2.87465e+06 5.26264e+06 4.69495e+06 4.20451e+06 2.78446e+06 4.21397e+06 3.88229e+06 3.5861e+06 2.95121e+06 3.79647e+06 4.96436e+06 4.42168e+06
 1.87545e+06 1.53457e+06 1.53597e+06 1.25173e+06 1.22817e+06 1.11418e+06 1.589e+06 1.41088e+06 1.57266e+06 3.08847e+06 4.22315e+06 4.7163e+06 3.89181e+06 3.77423e+06 2.76003e+06 1.82e+06 2.06666e+06 2.19971e+06 2.08754e+06 5.69925e+06
 2.7372e+06 2.3935e+06 2.73913e+06 1.65015e+06 1.15109e+06 1.11546e+06 957697 900144 1.81091e+06 3.03555e+06 2.40293e+06 2.22643e+06 1.43544e+06 2.54467e+06 2.38482e+06 2.58678e+06 3.20263e+06 4.52945e+06 4.07366e+06 3.63272e+06
 2.10403e+06 1.82935e+06 1.51168e+06 1.0124e+06 992595 994094 1.16608e+06 968264 4.48704e+06 4.60895e+06 4.67869e+06 4.71761e+06 5.82684e+06 5.56597e+06 4.67236e+06 5.13819e+06 2.93581e+06 4.25197e+06 3.25337e+06 3.55808e+06
 1.89374e+06 2.22924e+06 1.58357e+06 1.17322e+06 961280 589409 479592 704938 998702 1.47775e+06 1.61038e+06 3.15062e+06 5.0729e+06 4.01483e+06 3.95045e+06 2.47101e+06 1.54048e+06 1.22298e+06 1.8158e+06 2.18284e+06
 1.86286e+06 1.65896e+06 2.69551e+06 2.56613e+06 1.7713e+06 1.38391e+06 1.25895e+06 826673 4.00833e+06 3.68199e+06 3.2745e+06 3.04093e+06 2.30296e+06 2.66253e+06 3.7714e+06 3.37771e+06 2.76602e+06 1.93435e+06 2.05145e+06 1.88528e+06
 1.80355e+06 2.19728e+06 1.91239e+06 1.53967e+06 1.29686e+06 1.39065e+06 1.95766e+06 1.82618e+06 1.69719e+06 2.01365e+06 2.96998e+06 3.34554e+06 2.91219e+06 2.78394e+06 2.67095e+06 1.75094e+06 3.83903e+06 4.04899e+06 3.83775e+06 2.51181e+06
 1.2586e+06 1.99036e+06 1.75738e+06 1.85844e+06 1.43226e+06 1.49743e+06 1.36204e+06 1.42008e+06 2.75745e+06 2.5416e+06 2.31442e+06 5.77007e+06 5.16275e+06 4.18332e+06 3.50058e+06 2.76577e+06 1.98363e+06 1.32961e+06 1.76962e+06 1.20395e+06
 1.71993e+06 1.37935e+06 1.02877e+06 819746 1.40993e+06 1.51351e+06 1.34534e+06 2.58873e+06 2.86181e+06 3.95334e+06 3.43374e+06 5.06169e+06 3.65264e+06 2.19897e+06 1.60575e+06 3.29603e+06 2.69234e+06 2.57869e+06 3.00055e+06 2.96701e+06
 1.71345e+06 1.84304e+06 1.69097e+06 1.05022e+06 542101 601108 592840 1.17217e+06 1.59042e+06 1.5215e+06 2.10225e+06 1.75397e+06 2.85326e+06 3.38874e+06 3.18296e+06 3.92342e+06 3.84718e+06 3.66525e+06 3.55742e+06 3.60124e+06
