 456962 676697 650173 453544 291006 272043 317903 670808 1.01629e+06 873945 1.0467e+06 1.12713e+06 787888 1.75897e+06 2.37344e+06 2.16659e+06 1.97896e+06 1.85658e+06 1.62814e+06 2.01633e+06
 431792 663959 729883 462293 259936 323333 330669 400142 438804 2.46421e+06 2.27656e+06 1.31315e+06 1.22026e+06 1.16718e+06 998384 1.39571e+06 921545 1.3262e+06 2.28732e+06 2.73585e+06
 432316 313977 293388 752505 960124 939493 990841 698856 469036 1.09207e+06 895927 1.72817e+06 2.01501e+06 3.36716e+06 2.371e+06 1.5586e+06 1.13955e+06 1.21806e+06 973916 1.38814e+06
 470448 1.36292e+06 1.10701e+06 692161 465279 351289 280550 352808 614665 521681 583039 1.55842e+06 1.9353e+06 1.58039e+06 2.48036e+06 3.28209e+06 2.19892e+06 1.31786e+06 3.62154e+06 2.70471e+06
 467061 1.66921e+06 1.1745e+06 683873 469698 237062 223104 223147 301319 543355 1.0083e+06 1.38952e+06 2.63446e+06 2.17527e+06 1.68109e+06 1.41573e+06 1.33578e+06 725809 355245 548481
 454698 1.44401e+06 1.37298e+06 964258 812371 423532 267183 371236 267998 1.03031e+06 2.18407e+06 1.55733e+06 1.72037e+06 1.68274e+06 1.46164e+06 1.11314e+06 1.35648e+06 2.28563e+06 2.15083e+06 1.52605e+06
 436975 641824 698336 496176 521817 279447 195877 412194 885919 708237 972750 699048 1.63953e+06 1.341e+06 900708 965997 655410 712393 1.07523e+06 1.05072e+06
 458808 1.15905e+06 1.40131e+06 1.09019e+06 526989 568799 399006 772933 782692 2.07665e+06 3.63571e+06 3.9236e+06 3.01083e+06 1.71184e+06 2.69297e+06 1.58723e+06 1.05594e+06 1.18048e+06 916770 2.37591e+06
 435994 3.61584e+06 2.71756e+06 1.02547e+06 473728 361717 297134 209144 368010 3.1918e+06 2.04202e+06 878442 797947 1.72012e+06 1.57338e+06 1.40786e+06 816359 1.34671e+06 1.11424e+06 1.52486e+06
 442838 1.63383e+06 1.75886e+06 1.22154e+06 642051 473215 386529 645065 642773 662976 661991 741180 770022 1.04406e+06 812684 557523 788469 678943 1.09291e+06 2.13779e+06
 471636 312340 272674 281157 445188 510675 663282 559683 569314 1.10738e+06 1.0854e+06 920953 976092 2.15091e+06 2.2576e+06 2.01706e+06 2.24213e+06 1.5897e+06 1.04903e+06 696647
 416103 613384 513804 475843 509134 459700 485453 487709 555821 1.19833e+06 1.15333e+06 594038 484476 611967 498061 322595 1.11679e+06 1.38617e+06 1.20906e+06 888345
 447417 395668 444339 357315 366856 277424 342496 530013 1.11794e+06 2.01557e+06 1.85245e+06 1.93587e+06 1.66403e+06 983817 2.11342e+06 1.41039e+06 900341 921694 850031 872471
 437689 667780 595707 473420 703602 557615 386743 503642 344393 2.05782e+06 2.09888e+06 4.84676e+06 4.38896e+06 2.31421e+06 1.84695e+06 1.27718e+06 928438 1.04939e+06 710331 474802
 462229 787909 775210 1.03717e+06 674733 963432 851572 615496 723684 786726 1.37328e+06 1.47459e+06 2.01389e+06 1.45763e+06 1.18415e+06 1.11591e+06 2.20995e+06 2.21637e+06 1.1711e+06 1.09924e+06
 469564 1.76882e+06 1.57636e+06 978082 414736 171637 120750 340889 482403 888246 2.16933e+06 2.48673e+06 1.63383e+06 4.20617e+06 3.32255e+06 1.44843e+06 1.37341e+06 1.37265e+06 1.33722e+06 637403
 458734 678776 1.07497e+06 757799 523253 1.05142e+06 1.06611e+06 716491 759711 761929 799371 1.90483e+06 2.24657e+06 1.3901e+06 1.38579e+06 1.68526e+06 1.05865e+06 1.04192e+06 1.42637e+06 1.48433e+06
 450803 1.10018e+06 533290 282475 226159 290046 504601 476585 466260 671912 793645 883133 1.81269e+06 2.19672e+06 1.80463e+06 1.33405e+06 1.53533e+06 969484 951447 931041
 476453 1.30675e+06 994015 554916 373045 589659 688153 529163 341152 1.1487e+06 1.6308e+06 1.13847e+06 1.58451e+06 3.82014e+06 2.54364e+06 1.05049e+06 753206 860421 2.01373e+06 1.5577e+06
 442438 1.25316e+06 751401 376116 322337 599634 704213 441263 313264 1.10706e+06 1.96614e+06 3.50016e+06 2.75438e+06 2.49377e+06 1.75832e+06 1.07297e+06 903681 1.77288e+06 1.78328e+06 1.30275e+06
 356579 321005 307759 536482 652418 707710 517128 654586 490952 1.14021e+06 1.30872e+06 1.13966e+06 822348 633448 573676 1.24228e+06 3.39846e+06 3.23327e+06 2.53912e+06 2.76934e+06
 455983 1.34678e+06 1.32564e+06 1.41633e+06 806198 428144 483570 508388 400561 238291 1.36055e+06 1.66042e+06 2.93638e+06 3.09742e+06 2.38288e+06 1.65949e+06 2.17001e+06 1.35026e+06 582947 706432
 458666 1.54408e+06 1.60597e+06 787556 840133 668730 385868 464206 352934 429132 591819 693946 712542 1.07909e+06 1.42859e+06 1.7173e+06 1.1197e+06 979333 1.73386e+06 1.83246e+06
 451017 1.09258e+06 871891 728444 526186 473944 325366 326705 398851 617573 1.12578e+06 1.14423e+06 1.26927e+06 1.26866e+06 1.48243e+06 1.88469e+06 1.62552e+06 1.16166e+06 3.00465e+06 3.0471e+06
 469395 800943 725695 1.08921e+06 982759 585799 682903 615463 741768 886089 1.68558e+06 1.99939e+06 1.22994e+06 1.27778e+06 1.97651e+06 2.13834e+06 2.84889e+06 1.68046e+06 962831 2.63371e+06
 483787 394786 298159 370450 396478 290633 262678 469224 692617 585919 587262 1.1293e+06 2.12903e+06 2.9769e+06 2.83696e+06 1.83944e+06 1.10543e+06 1.0019e+06 677176 848668
 457553 1.69725e+06 1.08102e+06 582895 379926 254545 464147 389634 237599 523130 883487 1.06624e+06 901551 2.30058e+06 2.03637e+06 1.26258e+06 798821 869624 749633 947873
 466112 696880 517211 514302 538258 447631 318494 333181 777421 937860 2.25766e+06 2.01908e+06 1.21695e+06 1.50671e+06 1.69482e+06 1.10221e+06 936761 1.0818e+06 1.84311e+06 2.09173e+06
 412295 543736 679900 840090 655523 407507 396011 664900 447989 678514 1.56834e+06 1.76189e+06 1.41844e+06 1.56145e+06 1.24355e+06 1.17e+06 1.23442e+06 1.96958e+06 1.63829e+06 1.12777e+06
 456696 2.56708e+06 2.03476e+06 1.0664e+06 427792 196676 174793 73442.1 235334 811866 827457 1.05907e+06 1.04428e+06 1.58999e+06 2.77528e+06 2.03852e+06 1.41874e+06 933099 526454 1.09298e+06
 449997 1.32252e+06 1.90403e+06 1.30193e+06 536455 470091 661879 442885 370243 2.71345e+06 2.1065e+06 1.8185e+06 1.4847e+06 2.73321e+06 1.72556e+06 2.27239e+06 2.01686e+06 1.65452e+06 1.33192e+06 1.17329e+06
 460670 502179 351150 336935 230429 188182 356454 470914 446174 618108 1.0426e+06 2.13339e+06 2.33627e+06 1.35616e+06 1.22144e+06 1.08881e+06 801971 761108 1.41672e+06 1.08085e+06
 452918 902090 863298 426872 197109 600237 592896 307655 303143 542770 686814 1.51415e+06 2.60106e+06 2.64816e+06 2.22725e+06 2.49945e+06 2.03144e+06 1.67515e+06 1.01047e+06 952641
 460593 1.29297e+06 1.06869e+06 637060 272651 197238 146069 164537 271468 637196 1.15821e+06 1.17019e+06 1.561e+06 2.66625e+06 1.92476e+06 1.52325e+06 1.15552e+06 1.03581e+06 1.74332e+06 1.31584e+06
 406583 458058 526200 411446 407720 586324 390031 497802 631080 534686 520933 1.10768e+06 1.31927e+06 2.14974e+06 2.35846e+06 1.55279e+06 946045 1.14916e+06 580307 377007
 461318 802169 1.02301e+06 773319 658543 645209 558501 1.05548e+06 882522 869012 1.34811e+06 1.99981e+06 3.0143e+06 2.12519e+06 1.53684e+06 1.34696e+06 1.45764e+06 822473 455857 884807
 464009 858897 1.3625e+06 934287 931133 751071 934077 1.16307e+06 740636 1.45127e+06 1.56663e+06 1.31279e+06 3.49439e+06 2.85363e+06 1.58084e+06 1.22567e+06 735054 632019 1.0383e+06 973013
 437502 2.66972e+06 1.86451e+06 764706 606807 549206 1.17443e+06 1.36316e+06 993394 1.18423e+06 1.01965e+06 1.13311e+06 785566 853422 1.49852e+06 1.40098e+06 1.09746e+06 1.40489e+06 1.0176e+06 2.63356e+06
 462883 559740 616216 438951 366405 218558 165361 231543 536387 731499 1.10149e+06 929147 1.10697e+06 1.68327e+06 1.60315e+06 1.44283e+06 960901 974713 952447 845099
 453216 1.00298e+06 1.38253e+06 831165 358484 379015 408600 332707 427103 799777 1.48166e+06 1.1805e+06 1.14896e+06 1.63931e+06 1.91114e+06 1.57849e+06 1.09755e+06 1.12671e+06 2.50664e+06 4.28125e+06
 417507 530010 624145 381080 362926 657062 567046 432658 404133 825906 784924 945072 2.19869e+06 1.44953e+06 768170 558829 336340 369510 841735 1.76295e+06
 455593 2.13226e+06 1.62233e+06 919727 669935 469347 548938 344744 255445 2.43436e+06 2.14363e+06 1.76045e+06 1.44049e+06 1.27311e+06 1.3966e+06 1.15937e+06 937411 3.26218e+06 2.76572e+06 1.48831e+06
 470231 1.13881e+06 706728 723856 599059 391310 372335 472467 424353 682610 3.64567e+06 3.23172e+06 2.63598e+06 2.09389e+06 987801 774507 695428 600037 707159 690187
 457744 598232 543370 589248 553900 529457 339401 401066 367878 2.53618e+06 2.41219e+06 1.91307e+06 1.57915e+06 2.11287e+06 2.20457e+06 1.60532e+06 1.46113e+06 1.07284e+06 1.61365e+06 1.57507e+06
 453869 1.84702e+06 1.61376e+06 743026 777331 396531 225444 190101 122293 1.49424e+06 1.95799e+06 2.36071e+06 2.25845e+06 1.85394e+06 1.78971e+06 1.13755e+06 1.12792e+06 1.70503e+06 1.39749e+06 1.08962e+06
 460922 1.32136e+06 1.27562e+06 831947 490913 338521 355392 262405 246721 568269 1.33588e+06 2.27604e+06 1.63082e+06 1.83038e+06 1.83642e+06 1.63519e+06 966913 1.64537e+06 1.87796e+06 1.25032e+06
 447557 1.16982e+06 877149 728041 704786 492911 419307 377158 572689 1.15357e+06 1.24009e+06 2.48437e+06 3.02657e+06 2.61018e+06 1.9635e+06 1.04657e+06 1.56917e+06 1.2773e+06 734155 1.15269e+06
 467279 876940 744769 935842 820208 966566 524309 304881 494476 679744 893004 1.1479e+06 1.84468e+06 1.50064e+06 1.17283e+06 1.29246e+06 1.0243e+06 1.00455e+06 880164 1.45249e+06
 442818 908582 1.02087e+06 801187 514856 610910 470534 447688 775830 1.23505e+06 1.4465e+06 1.08441e+06 826820 1.06885e+06 700443 1.94219e+06 2.50578e+06 3.54987e+06 2.21928e+06 1.8788e+06
 453294 870978 809459 612444 800312 842495 631580 349355 808199 1.31702e+06 1.31255e+06 801965 687875 835774 1.2169e+06 910405 2.15069e+06 1.85034e+06 2.63829e+06 1.94816e+06
 454627 300690 395465 317276 409625 417687 1.05544e+06 820547 536348 1.93519e+06 2.168e+06 1.57529e+06 1.80177e+06 2.35448e+06 1.6147e+06 1.20419e+06 1.28348e+06 2.311e+06 2.02542e+06 1.32458e+06
 426698 941450 673883 309390 687550 685670 507890 848832 546214 1.0475e+06 1.63135e+06 1.2468e+06 2.07438e+06 1.47764e+06 1.14874e+06 822385 697338 510247 394089 1.12624e+06
 420214 416017 431559 305100 327679 494128 465377 363501 429678 1.22542e+06 1.53645e+06 2.08444e+06 1.54642e+06 1.09653e+06 798885 908514 1.21714e+06 1.6311e+06 1.42526e+06 1.48981e+06
 424497 472566 316166 304817 461737 599641 766819 595479 629197 901893 2.02905e+06 1.61253e+06 1.27323e+06 1.11849e+06 1.49947e+06 1.15088e+06 1.66244e+06 1.44654e+06 1.20882e+06 1.0716e+06
 474522 859005 640916 397065 397591 303252 451134 436012 496958 1.08504e+06 1.60159e+06 1.31195e+06 1.17422e+06 1.42741e+06 1.29539e+06 2.40383e+06 1.78974e+06 1.43433e+06 1.03062e+06 950387
 464913 1.56122e+06 1.42674e+06 829267 739825 677714 410382 325749 776736 1.89417e+06 2.58221e+06 1.66048e+06 1.40686e+06 1.65672e+06 1.25222e+06 986278 2.62917e+06 2.2983e+06 2.20265e+06 2.5996e+06
 468269 1.07528e+06 758607 440448 190235 124058 147730 192824 266689 824290 1.64128e+06 2.16324e+06 1.42618e+06 1.38407e+06 1.96963e+06 1.61524e+06 1.00929e+06 598073 959853 863088
 405251 479266 428112 297899 426174 869063 1.00152e+06 658347 384632 1.2181e+06 1.76471e+06 1.29582e+06 1.22614e+06 806390 738715 866105 1.55692e+06 1.20601e+06 1.41915e+06 1.06126e+06
 431346 2.41449e+06 1.65085e+06 1.10242e+06 653574 326618 307206 352471 951013 1.37281e+06 2.08889e+06 1.74209e+06 1.29914e+06 1.22198e+06 1.78605e+06 1.44192e+06 1.27813e+06 1.14043e+06 878026 1.75732e+06
 428828 738919 820095 430516 345074 522828 370116 285269 250722 1.70791e+06 1.62662e+06 1.06967e+06 783313 508487 817068 1.06858e+06 839808 1.14855e+06 1.5546e+06 1.41349e+06
 459571 2.78151e+06 1.96081e+06 806292 543072 509699 458962 322964 533574 1.07568e+06 1.01219e+06 1.6775e+06 2.66102e+06 2.1275e+06 1.2741e+06 1.09735e+06 1.68217e+06 1.42965e+06 777091 604476
 454205 2.39393e+06 1.69777e+06 768619 723783 367926 380015 499285 338953 735221 1.08759e+06 1.15084e+06 2.35806e+06 2.05101e+06 1.2608e+06 900293 608856 894490 1.4081e+06 2.38229e+06
 439257 663331 511816 552889 571358 662155 683476 416025 483867 1.24319e+06 1.43539e+06 853221 1.25028e+06 1.53689e+06 1.26952e+06 973972 1.10724e+06 875141 592855 1.16453e+06
 408539 327911 433860 559370 547522 655823 559256 419420 601709 449409 1.01296e+06 1.49281e+06 987651 979599 897255 638664 631161 650743 914568 853876
 426226 626461 698795 404305 358807 663054 724474 561993 479838 1.76693e+06 2.25895e+06 1.63766e+06 1.20259e+06 1.33464e+06 1.08645e+06 1.091e+06 1.9125e+06 1.38784e+06 1.51878e+06 1.68112e+06
 385778 535038 579473 560211 317848 210586 359619 430861 434108 1.40659e+06 2.38287e+06 2.1591e+06 2.08074e+06 1.15337e+06 821945 511953 476068 1.43537e+06 1.55623e+06 2.10462e+06
 464174 620142 656809 678631 636118 513290 458504 455575 682559 784500 861350 906237 1.02245e+06 941969 1.49588e+06 1.30677e+06 903681 1.31034e+06 1.5753e+06 960448
 460355 1.3532e+06 1.51132e+06 653729 477921 790905 701895 483694 309358 548351 820494 858381 1.62925e+06 1.94851e+06 1.63383e+06 1.2264e+06 765989 817657 1.06298e+06 1.16212e+06
 464776 616761 446480 419134 311783 229722 580692 593173 774485 1.18661e+06 1.26839e+06 1.80895e+06 1.33297e+06 1.60799e+06 1.76516e+06 1.36767e+06 1.82134e+06 2.36972e+06 1.76513e+06 2.12557e+06
 487416 829488 838696 719704 663011 621230 853417 707983 366127 594625 680474 529382 649746 602830 710079 1.25606e+06 2.2653e+06 1.81294e+06 1.535e+06 1.46458e+06
 443950 690846 612945 475757 458372 661441 526563 459870 449575 1.13369e+06 1.9929e+06 1.61198e+06 1.74367e+06 2.07708e+06 2.8168e+06 1.87475e+06 1.86034e+06 1.55535e+06 1.81043e+06 1.98325e+06
 406281 361603 476650 555801 478914 326939 273119 298677 431762 615526 3.33955e+06 3.40971e+06 2.04392e+06 2.97535e+06 2.0095e+06 4.09069e+06 3.31822e+06 1.48941e+06 960443 1.91728e+06
 452086 1.19905e+06 770905 438038 279391 374435 781689 540539 285530 766426 1.3845e+06 1.25931e+06 744208 1.33572e+06 1.23739e+06 2.44568e+06 1.71828e+06 853745 1.08825e+06 1.37573e+06
 386245 578707 581533 420727 432235 345400 310504 426886 547557 485456 554407 664433 1.15988e+06 1.75364e+06 1.87891e+06 1.52602e+06 1.20571e+06 1.17346e+06 1.53633e+06 1.64294e+06
 416305 374797 406840 1.22831e+06 944583 529008 403011 443297 347051 318272 596891 918994 966136 1.63355e+06 2.64266e+06 2.04129e+06 1.61147e+06 1.06835e+06 819216 700260
 414902 366343 321761 256699 341928 568274 680845 619858 579022 2.52441e+06 1.92606e+06 2.8786e+06 2.94646e+06 1.7189e+06 1.15575e+06 1.08087e+06 1.26118e+06 926771 1.67772e+06 2.20505e+06
 449884 1.65708e+06 1.45516e+06 920377 551023 424357 482729 385211 259249 604977 1.34859e+06 1.54433e+06 2.52989e+06 3.06865e+06 2.0602e+06 996505 1.02623e+06 1.58814e+06 1.09431e+06 1.09682e+06
 441063 896960 700915 374425 323141 303864 481356 582805 596286 918427 1.65539e+06 1.8112e+06 1.20288e+06 1.31037e+06 885405 649415 903348 1.29986e+06 1.2028e+06 768419
 365308 221158 453482 655858 586854 329333 290261 404023 367765 744524 1.32063e+06 1.11936e+06 1.37322e+06 1.07602e+06 598904 596528 2.04238e+06 1.97755e+06 1.01497e+06 750397
 448403 1.07888e+06 1.14303e+06 759332 500498 321946 275870 352911 418804 847116 843385 908078 1.20968e+06 838081 1.18644e+06 2.03992e+06 1.46507e+06 966375 611474 710192
 406286 431034 413459 356272 398864 333687 331568 392631 455087 1.14335e+06 1.33937e+06 1.14649e+06 911475 682649 1.10857e+06 1.04888e+06 2.241e+06 2.26243e+06 2.02154e+06 2.01386e+06
 445425 1.40422e+06 897568 464981 357965 455940 353980 415606 742213 909019 1.30969e+06 2.13791e+06 1.63159e+06 2.52719e+06 1.78038e+06 951193 1.04657e+06 1.67222e+06 2.11464e+06 1.21165e+06
 424848 616537 497918 375633 464511 612984 441298 309192 380843 468200 2.42134e+06 1.87834e+06 1.14585e+06 1.13977e+06 970102 1.20287e+06 831296 1.37779e+06 1.30901e+06 936448
 466431 848037 591578 293341 274326 275084 772364 835810 789470 1.54147e+06 1.79645e+06 1.6124e+06 1.85948e+06 1.98718e+06 1.79936e+06 1.61637e+06 1.81045e+06 2.79877e+06 1.73624e+06 950144
 449526 779439 578759 679495 760291 1.57961e+06 1.40598e+06 808950 779626 620095 1.59405e+06 1.66605e+06 1.92125e+06 2.01533e+06 1.60569e+06 819403 2.69544e+06 2.74567e+06 2.46397e+06 3.00389e+06
 446886 1.01007e+06 738173 559977 306491 408517 346573 186775 518187 2.05606e+06 1.42435e+06 967890 780454 1.04253e+06 1.50605e+06 1.26387e+06 862016 1.18004e+06 1.33101e+06 886034
 446116 854981 744343 630421 431671 543802 658468 657023 636109 895305 1.28434e+06 1.52562e+06 2.17738e+06 1.84261e+06 2.21277e+06 2.44469e+06 1.59189e+06 2.52753e+06 2.18721e+06 1.31814e+06
 435575 612782 432478 444765 291138 218381 587630 683412 549204 645343 1.10902e+06 1.43393e+06 1.07422e+06 1.16181e+06 2.01502e+06 2.61668e+06 1.77154e+06 1.02636e+06 580331 440637
 468321 628467 565765 704765 1.29948e+06 673940 358069 291441 307968 767166 1.3103e+06 1.1691e+06 1.12804e+06 1.04282e+06 1.57028e+06 1.40397e+06 936766 2.22525e+06 1.58916e+06 1.99111e+06
 418982 366994 398630 481037 350578 245575 741231 631769 401414 982196 866257 2.35225e+06 2.02754e+06 1.60085e+06 1.15511e+06 1.41789e+06 1.04988e+06 1.39012e+06 995490 1.37463e+06
 437418 1.58646e+06 1.43458e+06 1.30479e+06 1.067e+06 484445 431876 320633 148417 817517 782725 628658 1.08826e+06 1.15343e+06 1.02023e+06 1.71932e+06 1.32188e+06 1.32165e+06 1.31374e+06 1.34615e+06
 451742 485569 322835 402524 376712 671315 708892 512224 595995 1.54299e+06 2.01181e+06 1.62498e+06 1.05368e+06 1.11798e+06 1.3245e+06 1.28678e+06 1.94554e+06 1.59675e+06 2.2432e+06 1.4286e+06
 444496 874316 1.02216e+06 652196 496738 495146 1.09477e+06 893216 531726 3.54344e+06 2.66513e+06 2.90807e+06 2.24166e+06 1.25926e+06 1.23446e+06 1.679e+06 1.82532e+06 1.86524e+06 1.24037e+06 892490
 475098 736732 492481 354067 310712 546413 497524 426179 394460 832008 1.70858e+06 2.2273e+06 1.51464e+06 1.58835e+06 2.15289e+06 1.70585e+06 1.07583e+06 1.93512e+06 1.80385e+06 839173
 456455 1.08569e+06 929833 1.01517e+06 665350 445649 461324 657796 1.06082e+06 2.0235e+06 1.52124e+06 1.60589e+06 1.1688e+06 848956 1.12815e+06 1.59342e+06 1.81727e+06 2.24132e+06 1.40643e+06 1.47153e+06
 425222 781483 795704 1.08743e+06 830789 312695 319178 703712 1.52778e+06 1.41348e+06 1.44671e+06 1.0956e+06 1.55782e+06 1.43107e+06 873482 1.15858e+06 903361 771560 1.06752e+06 1.19039e+06
 434331 490499 448426 761112 574366 383812 462111 392614 343344 925903 1.33411e+06 1.49702e+06 1.42183e+06 1.30688e+06 946099 2.11656e+06 1.98193e+06 3.08607e+06 2.26829e+06 2.41897e+06
 401316 534632 601244 544110 391044 401545 346015 604064 500654 1.80642e+06 2.08194e+06 2.71571e+06 2.30604e+06 2.67075e+06 2.03971e+06 1.69923e+06 3.0604e+06 2.27432e+06 1.4284e+06 1.08403e+06
 468118 1.49617e+06 1.31002e+06 649921 374191 204139 184240 279827 204677 612499 1.18045e+06 1.21325e+06 971813 1.57778e+06 1.74652e+06 1.54259e+06 933239 1.66091e+06 2.04743e+06 1.35201e+06
 395311 317881 526199 612050 423227 358853 847327 755716 513219 2.10496e+06 2.61535e+06 1.93903e+06 1.45898e+06 1.87616e+06 2.65621e+06 3.44579e+06 2.0047e+06 989772 837135 1.25663e+06
 428366 803875 779319 688838 849366 448648 282542 862553 902109 979841 3.02157e+06 2.37796e+06 1.95787e+06 1.2316e+06 990261 625592 793729 693642 664872 577309
 458058 2.03159e+06 1.87612e+06 1.0344e+06 499989 214074 261620 334304 268702 506515 942885 1.15835e+06 1.26813e+06 1.11221e+06 1.07845e+06 1.37327e+06 2.14667e+06 1.63667e+06 1.043e+06 1.26733e+06
 346050 165736 227300 387566 369919 640123 473287 296778 507639 699743 951293 858928 683640 691702 474076 579817 1.64082e+06 1.42692e+06 928757 1.72955e+06
 393775 308790 183730 116289 362491 402032 501923 796188 752037 1.89015e+06 2.74977e+06 2.13893e+06 1.6139e+06 1.45425e+06 1.06432e+06 1.44158e+06 1.38308e+06 924134 1.58769e+06 1.22044e+06
 423428 475268 504279 514048 507445 530965 383971 507241 582932 1.92792e+06 1.69389e+06 1.26125e+06 1.72573e+06 2.61176e+06 2.95204e+06 2.35217e+06 1.81066e+06 1.79628e+06 739290 386964
 465406 1.22994e+06 1.01592e+06 475857 334696 174777 111562 291044 263730 1.19706e+06 1.29859e+06 1.13202e+06 819064 752969 911838 1.12889e+06 1.2271e+06 1.14671e+06 1.76856e+06 1.39868e+06
 425566 911817 703394 433743 304904 296869 491838 459056 523044 981884 1.14204e+06 1.01743e+06 1.28777e+06 1.16361e+06 1.65662e+06 1.52188e+06 2.70383e+06 3.2557e+06 1.84213e+06 1.92065e+06
 446346 741562 674782 416666 350536 437787 320854 376165 400941 1.04503e+06 1.18887e+06 2.24194e+06 1.44547e+06 848030 1.13651e+06 1.77582e+06 1.59124e+06 1.39679e+06 1.81866e+06 1.36116e+06
 468329 972402 825562 471161 954252 859901 518270 419951 381461 2.06264e+06 1.74207e+06 1.57726e+06 1.74141e+06 1.63936e+06 1.38147e+06 1.27325e+06 1.55767e+06 1.50471e+06 1.34429e+06 1.02176e+06
 458849 1.65045e+06 1.10191e+06 658667 769501 575735 746183 810818 757848 1.06897e+06 1.29361e+06 2.40034e+06 1.81452e+06 3.0159e+06 2.75842e+06 1.70155e+06 1.52834e+06 2.78496e+06 2.91918e+06 1.31572e+06
 461150 1.06778e+06 848464 709545 1.11301e+06 1.12951e+06 467959 767961 692900 1.6327e+06 1.22685e+06 1.46055e+06 2.67883e+06 1.6899e+06 1.69269e+06 1.28945e+06 1.34603e+06 1.39111e+06 1.20241e+06 601444
 457896 1.3098e+06 1.11393e+06 596790 766100 808947 873661 695342 524497 840849 889292 1.55116e+06 2.17274e+06 1.69866e+06 1.00836e+06 1.72056e+06 1.48025e+06 1.14898e+06 1.26492e+06 969486
 444091 560639 501754 374613 320983 1.2446e+06 860992 534089 338176 680488 841745 1.58763e+06 1.69983e+06 1.42056e+06 1.39142e+06 1.93582e+06 2.40154e+06 2.31117e+06 2.21507e+06 2.15709e+06
 444108 1.11696e+06 899820 511539 355374 257356 745357 746549 857242 882810 1.38556e+06 1.62541e+06 1.30647e+06 1.78706e+06 1.17475e+06 909304 1.89548e+06 2.05192e+06 2.17616e+06 1.51316e+06
 439088 540247 537851 493851 354763 394052 352410 567009 551150 532868 680535 451905 884726 2.22228e+06 2.00062e+06 1.76921e+06 978617 1.54978e+06 1.51839e+06 2.06063e+06
 447765 901384 690624 321771 372166 491947 451914 637425 658385 567154 1.79772e+06 2.44228e+06 1.61389e+06 1.11389e+06 910749 827331 1.66478e+06 1.65895e+06 2.66408e+06 2.10654e+06
 452279 893849 976913 853962 617360 413716 440924 788432 973626 1.30869e+06 3.12987e+06 2.59731e+06 1.67059e+06 1.13086e+06 1.47141e+06 2.12895e+06 2.08089e+06 2.14732e+06 2.81377e+06 2.19004e+06
 399060 402760 457478 389281 479067 318781 263595 785213 1.08594e+06 968815 757330 520595 471918 1.51672e+06 1.40107e+06 893033 712210 880387 943479 3.04664e+06
 444418 1.18455e+06 711094 428424 277773 300311 425474 399953 309691 1.64447e+06 1.51544e+06 1.95964e+06 1.41921e+06 677715 581507 1.35769e+06 3.37345e+06 2.88461e+06 1.75701e+06 1.29839e+06
 444438 775354 644285 401915 458135 393058 480273 558973 704386 962965 695609 981884 884595 860504 889614 1.92587e+06 1.35513e+06 2.91317e+06 2.38732e+06 1.6452e+06
 449347 1.20279e+06 908445 526800 277377 273332 181214 128117 259613 1.3254e+06 1.2424e+06 2.25126e+06 1.97184e+06 3.79676e+06 2.80726e+06 3.3922e+06 3.10148e+06 1.78914e+06 1.46698e+06 1.70814e+06
 423402 438827 288889 260697 397278 503957 897652 1.29834e+06 804351 822730 676943 1.15184e+06 1.30271e+06 1.80865e+06 3.08259e+06 2.08933e+06 2.396e+06 2.02396e+06 1.72117e+06 2.57645e+06
 396712 375971 398510 571705 754586 766752 960557 553812 403750 2.24408e+06 1.69433e+06 977376 887070 767827 1.6874e+06 1.31312e+06 913416 1.257e+06 1.55992e+06 1.13165e+06
 440051 686495 966433 1.10227e+06 701342 338690 244768 346461 358901 1.37236e+06 1.75587e+06 2.10103e+06 1.64846e+06 1.11703e+06 1.03427e+06 1.03654e+06 1.88853e+06 2.38774e+06 1.76058e+06 1.49198e+06
 465912 1.25819e+06 971831 459266 527016 918577 754556 437152 834255 873094 1.13133e+06 975864 935905 548674 378362 1.89655e+06 2.25075e+06 2.5098e+06 2.25086e+06 2.20064e+06
 441934 1.38518e+06 1.16047e+06 623727 427879 769013 393941 236233 470469 1.11852e+06 1.03299e+06 1.62769e+06 1.63555e+06 1.56128e+06 1.80392e+06 1.36673e+06 782102 1.3548e+06 1.51933e+06 1.08391e+06
 433457 1.5076e+06 1.31532e+06 684887 828808 798498 603554 542670 418039 389825 432385 1.30002e+06 1.94578e+06 1.71643e+06 2.61518e+06 2.26376e+06 1.73095e+06 1.41408e+06 1.97944e+06 2.7123e+06
 408480 465791 1.03945e+06 1.22194e+06 598471 295419 237469 418433 561072 868816 1.08088e+06 1.18685e+06 1.09746e+06 2.13637e+06 2.70481e+06 1.75029e+06 992539 871214 853181 1.29702e+06
 440469 1.9977e+06 1.51969e+06 714199 688636 764359 764917 485732 410653 828845 1.26323e+06 2.16997e+06 2.04325e+06 2.04735e+06 1.313e+06 1.30354e+06 1.832e+06 1.33122e+06 1.05229e+06 991244
 455816 1.60167e+06 1.13927e+06 823044 498326 318841 462580 423960 318561 1.26412e+06 1.62767e+06 2.06033e+06 1.69837e+06 846753 2.62963e+06 2.01956e+06 1.60427e+06 1.634e+06 1.48022e+06 1.78557e+06
 434800 366680 326686 526224 444448 360543 311902 375604 625663 1.27472e+06 1.87412e+06 1.32917e+06 1.19123e+06 979076 1.4292e+06 1.36327e+06 1.54653e+06 1.51422e+06 1.52185e+06 965331
 449871 1.98721e+06 1.80801e+06 1.16571e+06 635457 319768 902003 859450 731028 1.4488e+06 1.44617e+06 1.64467e+06 1.66962e+06 4.75502e+06 3.44808e+06 1.74185e+06 1.21049e+06 1.5456e+06 1.85623e+06 1.00272e+06
 440836 1.38533e+06 1.07755e+06 514339 347875 688254 609511 391495 260576 1.3352e+06 1.35769e+06 1.66381e+06 2.54451e+06 1.66781e+06 955969 1.51964e+06 1.73877e+06 1.74451e+06 1.5696e+06 1.29398e+06
 456599 837486 992723 719720 588415 991472 767298 716610 766414 1.1104e+06 1.31727e+06 1.81156e+06 1.23586e+06 671611 715540 1.01636e+06 1.5882e+06 2.81615e+06 1.30897e+06 877491
 402103 501977 467761 709612 1.1666e+06 858283 832081 652393 545736 1.12539e+06 1.25415e+06 1.11441e+06 1.6998e+06 1.91627e+06 1.92526e+06 1.34718e+06 1.27344e+06 1.13709e+06 991092 1.4133e+06
 435508 877453 624961 506144 487145 727092 523952 244305 218149 715518 671978 988866 1.70537e+06 1.47086e+06 2.92722e+06 1.79473e+06 737378 645592 985281 1.07867e+06
 453029 2.21969e+06 1.62823e+06 784676 500629 458373 459288 340212 278340 1.15967e+06 1.89704e+06 1.66911e+06 834658 2.2237e+06 2.72511e+06 2.52502e+06 1.75929e+06 836731 517199 1.02319e+06
 432737 213928 118596 160729 307318 496005 652412 486785 594460 1.31867e+06 1.80986e+06 1.5053e+06 977701 702746 1.04133e+06 891917 699882 1.54321e+06 1.15743e+06 1.53947e+06
 428347 675187 673957 694697 699240 491625 911355 881389 364025 701830 982102 703395 869305 788430 2.47462e+06 2.16915e+06 1.32713e+06 1.93782e+06 2.24006e+06 1.59003e+06
 462968 1.44498e+06 1.12085e+06 793774 512708 310764 474665 485303 312740 745536 1.20598e+06 2.0283e+06 2.50462e+06 1.6568e+06 927688 721152 1.09092e+06 1.24871e+06 3.39259e+06 2.67545e+06
 444563 1.52122e+06 1.6417e+06 872954 447070 819339 695009 520784 375610 1.58558e+06 1.5501e+06 1.2711e+06 996529 1.11502e+06 893388 727792 1.38242e+06 1.93904e+06 2.12131e+06 1.43309e+06
 440139 627754 420564 590258 402620 246943 531053 608017 287728 282645 3.16169e+06 3.52277e+06 2.73079e+06 2.59508e+06 1.66544e+06 1.62568e+06 1.24235e+06 1.00226e+06 2.39701e+06 2.34752e+06
 456136 1.13743e+06 1.23431e+06 884053 609256 527590 708282 482575 442495 2.37022e+06 2.46526e+06 2.64729e+06 3.67541e+06 2.38195e+06 1.94201e+06 1.31088e+06 4.89971e+06 4.47065e+06 1.77725e+06 1.2874e+06
 453033 955709 1.54309e+06 1.00494e+06 873732 684973 415419 268076 328842 913504 1.00502e+06 1.34695e+06 1.10751e+06 1.20905e+06 854230 1.07129e+06 1.20226e+06 804316 1.26151e+06 2.38077e+06
 435830 2.33408e+06 1.99473e+06 863854 445097 239782 481367 503418 438113 658427 587629 794213 1.26836e+06 1.40115e+06 2.56851e+06 2.17677e+06 1.69275e+06 4.76363e+06 3.54981e+06 1.96501e+06
 443028 2.56983e+06 2.07665e+06 609248 162595 174259 217849 447020 526670 840677 1.3281e+06 1.51005e+06 1.90114e+06 1.52173e+06 2.62463e+06 2.11093e+06 1.12601e+06 815564 800475 797451
 416996 498214 877548 535704 283109 286060 453291 762464 1.12497e+06 1.39044e+06 1.33191e+06 886212 907745 1.23116e+06 1.09766e+06 499487 425382 944226 647502 1.12219e+06
 436630 900665 751923 616158 457217 811100 507255 418749 1.00138e+06 1.63342e+06 1.45364e+06 1.58651e+06 2.31731e+06 1.79563e+06 1.84692e+06 1.74282e+06 1.31742e+06 1.07629e+06 713359 1.71924e+06
 434159 3.02481e+06 2.44639e+06 839510 319685 210678 149279 188707 195610 640514 6.04346e+06 4.79113e+06 2.45677e+06 1.35905e+06 929360 523547 528236 520687 1.90458e+06 1.81344e+06
 423390 969985 976393 587943 430303 384017 306540 443338 659343 782159 586204 1.0035e+06 1.61688e+06 1.86922e+06 1.78754e+06 1.49353e+06 1.07764e+06 594362 1.3605e+06 1.38545e+06
 444541 1.02216e+06 861211 501502 509098 458890 531128 489401 349467 1.52946e+06 1.62361e+06 1.55247e+06 2.91613e+06 2.50459e+06 2.94894e+06 2.40538e+06 2.32698e+06 2.6077e+06 1.2778e+06 811685
 424027 956533 793867 704256 1.02529e+06 753816 474305 502609 501330 689669 1.41249e+06 2.02315e+06 1.58712e+06 1.97452e+06 1.53424e+06 1.56632e+06 1.60862e+06 1.30206e+06 997219 1.20915e+06
 337558 194639 420689 717185 550564 334480 279552 210083 554858 1.49954e+06 1.72018e+06 1.53037e+06 1.22102e+06 1.07632e+06 1.44951e+06 1.65889e+06 1.44132e+06 1.25149e+06 1.26165e+06 1.6379e+06
 455491 1.24538e+06 859442 546320 374621 504138 648665 441614 306266 613268 1.02754e+06 978005 1.56387e+06 1.48112e+06 1.61825e+06 1.88892e+06 1.39669e+06 1.07979e+06 1.05938e+06 1.62898e+06
 441137 690752 1.24787e+06 921131 719027 649477 480933 398656 426171 339337 3.18531e+06 3.58486e+06 1.60685e+06 1.41773e+06 1.79501e+06 2.72557e+06 2.17579e+06 2.35127e+06 1.75216e+06 1.47463e+06
 465750 1.16364e+06 1.1538e+06 876254 708919 662078 438383 453702 354906 773766 2.54987e+06 3.38883e+06 2.06723e+06 1.20039e+06 2.17865e+06 1.04259e+06 791040 760602 1.68633e+06 2.98705e+06
 450949 712459 469137 251124 371233 501459 549935 644702 729424 1.80149e+06 2.44461e+06 2.17698e+06 1.8237e+06 955772 1.06586e+06 1.09487e+06 872095 1.05028e+06 2.89403e+06 2.37075e+06
 433951 615500 464448 328109 423496 572647 432467 524112 952322 2.65165e+06 2.46233e+06 1.80108e+06 1.31584e+06 959515 1.05928e+06 1.07788e+06 1.54913e+06 1.54722e+06 1.41201e+06 1.30351e+06
 453540 760779 690326 870184 594317 509476 784245 874500 1.08177e+06 910278 1.75183e+06 1.52525e+06 1.38149e+06 1.98839e+06 1.84864e+06 1.69895e+06 1.14895e+06 571201 994029 1.39265e+06
 450396 1.22787e+06 725842 388061 783883 896338 892800 465100 561444 555952 2.23444e+06 1.87483e+06 968760 1.03626e+06 1.55122e+06 971840 746478 564664 1.87568e+06 1.46035e+06
 456005 887179 697743 688910 554676 537173 530387 279217 198661 3.09625e+06 3.62693e+06 2.77975e+06 2.32132e+06 1.89151e+06 1.24934e+06 1.94149e+06 1.24461e+06 1.08913e+06 1.32474e+06 1.16325e+06
 452621 563111 484196 380486 770361 657899 716312 660204 809782 1.21454e+06 1.6387e+06 1.43836e+06 1.78223e+06 1.60544e+06 1.433e+06 1.5059e+06 1.13943e+06 741487 914023 1.55484e+06
 455577 1.77438e+06 1.29781e+06 664764 360623 392988 758880 642774 477368 502817 1.08198e+06 879223 951550 1.64892e+06 2.03445e+06 1.50219e+06 787137 1.1664e+06 1.80372e+06 2.13897e+06
 443897 609414 562903 381925 181860 238353 277264 1.13476e+06 796596 1.44237e+06 2.20525e+06 1.93e+06 1.35615e+06 3.00492e+06 2.80549e+06 1.45581e+06 802210 988106 909366 922931
 455292 606728 373511 296178 665262 648525 685321 531336 758710 1.71632e+06 2.21477e+06 2.06565e+06 1.60724e+06 990273 606509 428316 509737 1.01108e+06 1.33773e+06 1.67019e+06
 449709 2.14871e+06 2.14886e+06 1.03538e+06 915635 979779 727035 323032 136908 698368 1.13724e+06 942445 583814 1.2386e+06 968497 3.14741e+06 3.73262e+06 2.3922e+06 1.21346e+06 1.3226e+06
 446992 728433 513669 514103 357160 227024 584519 1.3409e+06 1.06946e+06 907991 1.398e+06 1.43644e+06 1.11039e+06 1.42458e+06 1.40015e+06 1.77332e+06 1.34318e+06 1.09858e+06 1.04825e+06 2.3353e+06
 406663 552358 414591 191313 204451 422784 614738 963405 815137 1.12055e+06 1.05998e+06 957301 1.26853e+06 1.27951e+06 1.38262e+06 1.4189e+06 985072 1.76421e+06 1.42717e+06 1.09023e+06
 465569 1.16334e+06 961992 691285 892770 638785 339069 671955 872570 668931 451282 2.11663e+06 1.81503e+06 1.91953e+06 1.429e+06 1.25311e+06 1.39609e+06 1.14182e+06 639699 842419
 451582 3.4135e+06 2.89492e+06 1.0817e+06 271749 248074 322230 541549 481109 573777 773618 887007 925652 1.0109e+06 904419 701262 1.29023e+06 1.31896e+06 913317 1.28698e+06
 432339 1.06755e+06 793731 496362 302527 519879 409905 305187 303036 1.44678e+06 1.55793e+06 1.27161e+06 799930 652977 1.12403e+06 1.59946e+06 1.02434e+06 943817 1.59185e+06 1.76632e+06
 459271 541957 462453 319819 446947 403024 885638 578064 461906 900044 830319 1.58226e+06 2.1404e+06 3.10634e+06 2.92384e+06 1.9247e+06 1.34733e+06 1.29231e+06 1.00177e+06 628501
 438159 675101 545804 462603 751730 979203 783030 1.00776e+06 650894 832064 1.47336e+06 1.82649e+06 1.7128e+06 1.49284e+06 1.4313e+06 2.1068e+06 3.07669e+06 2.42886e+06 2.06237e+06 1.65142e+06
 446496 1.62616e+06 1.27502e+06 659664 419686 632197 526419 397333 502632 809105 1.12487e+06 1.54301e+06 2.57852e+06 1.95916e+06 1.09113e+06 769661 499432 756929 924888 693721
 432173 516672 573151 473932 543262 528929 470344 418762 475632 658993 1.86975e+06 1.77226e+06 1.33719e+06 2.85081e+06 2.57152e+06 2.06177e+06 1.1251e+06 801574 819627 839782
 459423 1.04599e+06 1.00849e+06 662374 754936 819110 862544 411103 417942 1.6976e+06 2.26768e+06 1.64256e+06 1.30699e+06 1.86088e+06 1.50409e+06 2.35304e+06 1.87887e+06 857645 640845 1.26367e+06
 454784 957307 708942 543178 385536 236426 266526 448389 476643 439660 414872 1.26861e+06 1.77954e+06 1.65022e+06 1.57359e+06 1.20195e+06 1.99706e+06 1.32099e+06 684759 822286
 431294 498924 591367 568620 755658 345699 270242 418159 725352 1.24829e+06 1.1686e+06 1.55398e+06 1.66962e+06 3.4286e+06 2.16275e+06 1.0388e+06 1.81377e+06 2.38787e+06 2.05416e+06 1.28135e+06
 410014 538996 466629 476105 370046 280388 488122 890824 991262 584987 489926 603806 1.03131e+06 3.17468e+06 4.35027e+06 3.72608e+06 1.88285e+06 1.17043e+06 1.28484e+06 1.14897e+06
 455608 2.49903e+06 1.8807e+06 1.06079e+06 1.02624e+06 706867 1.00078e+06 686736 396086 720328 825404 1.68883e+06 1.7248e+06 2.0351e+06 2.5003e+06 4.9715e+06 3.60515e+06 1.50781e+06 694797 601318
 455483 2.0626e+06 2.13743e+06 1.24703e+06 559141 823200 443446 312359 363294 567091 1.43481e+06 1.67142e+06 1.31684e+06 678224 505343 959913 1.25861e+06 3.54959e+06 3.03534e+06 1.68977e+06
 453631 864254 981352 879416 557121 324023 272359 602700 724487 656534 2.55431e+06 2.34575e+06 2.7018e+06 3.60893e+06 2.83092e+06 2.75879e+06 2.32429e+06 1.45071e+06 650084 788408
 360331 285818 324183 427140 688731 714931 916455 1.04574e+06 995121 2.22852e+06 1.52985e+06 1.78169e+06 2.37471e+06 1.81872e+06 2.43925e+06 1.66978e+06 955939 1.00084e+06 880877 584289
 460826 623900 579179 1.16988e+06 729114 394718 304413 284770 501358 1.9745e+06 1.78385e+06 862932 636785 634449 2.39095e+06 2.56193e+06 1.50607e+06 1.40082e+06 1.27467e+06 951469
 422160 495699 531376 439324 423437 731592 760636 533767 597156 1.53086e+06 1.69376e+06 1.97283e+06 2.13318e+06 1.44471e+06 622625 856143 799379 966437 1.402e+06 1.08502e+06
 464577 1.42559e+06 1.03372e+06 720353 573061 715162 1.07653e+06 901962 528869 1.27584e+06 2.41183e+06 1.73119e+06 1.2165e+06 1.33438e+06 2.6111e+06 2.38521e+06 1.91499e+06 1.22533e+06 818021 1.20847e+06
 413967 469265 803827 668288 345935 222597 328255 265580 275703 520364 698065 1.64822e+06 1.67771e+06 1.29802e+06 1.55417e+06 1.34412e+06 1.15015e+06 1.0151e+06 1.84231e+06 1.70485e+06
 438478 821489 818324 754051 806463 890952 641562 703425 539267 1.48738e+06 1.14986e+06 1.08807e+06 1.27025e+06 2.04331e+06 2.06135e+06 1.57628e+06 2.04433e+06 1.65627e+06 1.48131e+06 1.46979e+06
 445952 1.33479e+06 1.00581e+06 458381 436230 531512 363784 276315 360181 732725 1.46701e+06 1.2153e+06 925174 717706 1.42889e+06 1.33416e+06 1.68591e+06 2.49086e+06 3.23512e+06 3.09446e+06
 429016 614110 663321 717716 624168 328507 222820 441901 525941 1.13988e+06 4.90321e+06 4.96032e+06 3.79386e+06 2.69769e+06 1.4498e+06 750322 3.17991e+06 2.97087e+06 1.44855e+06 829562
 467296 903170 694854 420318 704967 740526 633324 1.22325e+06 1.00989e+06 1.55365e+06 3.11766e+06 2.61671e+06 1.64366e+06 1.08249e+06 2.07871e+06 1.67343e+06 1.77542e+06 1.13339e+06 1.82003e+06 2.44392e+06
 458202 888849 666306 590932 446895 499361 551683 800062 638507 619336 1.89867e+06 2.93322e+06 2.18257e+06 1.8166e+06 1.36648e+06 1.06551e+06 732239 850673 1.24236e+06 834586
 436785 1.45281e+06 1.55013e+06 954938 521972 430097 466742 340142 294447 1.0028e+06 1.55678e+06 1.21403e+06 724267 698477 1.56661e+06 1.18348e+06 1.37736e+06 1.51893e+06 2.72325e+06 2.29579e+06
 452354 1.23723e+06 896250 516797 297491 397376 446795 438927 358179 3.3237e+06 2.6519e+06 1.80658e+06 2.77521e+06 2.80153e+06 2.86832e+06 2.52913e+06 1.87136e+06 1.12254e+06 1.59573e+06 1.60025e+06
 459945 989033 913375 692486 417728 295248 135391 156418 355648 651340 710848 725500 2.05465e+06 2.7161e+06 2.14325e+06 1.48276e+06 839993 493381 446278 839218
 445238 885914 829928 1.31964e+06 1.09586e+06 701152 573284 343059 287895 2.2725e+06 2.40154e+06 1.22536e+06 1.15422e+06 912356 1.39118e+06 1.81413e+06 1.67503e+06 1.07613e+06 687498 904543
 447310 1.09303e+06 1.18213e+06 697887 623881 571900 633447 1.082e+06 772011 751099 1.06133e+06 1.59381e+06 1.66083e+06 1.39296e+06 1.55141e+06 965761 595747 2.22011e+06 2.29086e+06 1.46348e+06
 425336 573789 1.09911e+06 865091 686422 509897 755832 534305 746942 1.39653e+06 1.18205e+06 956742 3.03826e+06 2.57765e+06 1.77687e+06 1.50095e+06 1.06032e+06 637437 456775 696375
 466456 803286 526006 303220 285954 711517 667571 589640 1.42935e+06 1.49226e+06 1.95536e+06 1.68056e+06 2.49194e+06 1.29228e+06 566591 874429 1.79363e+06 989043 1.12358e+06 1.60525e+06
 436676 979200 934238 493732 285057 197033 219666 244556 602257 895115 723770 975899 855449 1.67426e+06 1.62972e+06 1.45077e+06 2.26581e+06 1.96851e+06 1.65821e+06 1.72804e+06
