 208426 81659.3 114552 87631.2 68404.3 68074.5 223393 239942 99324.7 241490 137169 142390 398767 402586 391635 281814 266556 233100 459587 277152
 172909 141806 88806.7 59497.3 80537.2 63916.5 103444 83724 743683 134104 110079 306496 182539 181037 255576 130241 293217 453573 401902 156538
 108423 71933.5 233619 221133 196862 179404 75365 95929.3 334827 116875 482856 288586 754177 333170 208408 192499 269375 236736 326516 236219
 395945 85593.4 206315 73989.3 84477.3 68139.4 97519.1 186280 68023.3 128048 442062 264237 290469 492209 521566 167961 179752 888495 199618 232092
 629855 126347 71921.3 107851 54400.2 65936.8 74627.5 104771 156498 213453 282775 614377 135196 201593 220377 239565 151616 63262.2 203832 208984
 521334 124178 183789 172612 42895.9 71273.7 149108 63009.1 325227 389083 143804 313913 219674 275087 187231 215294 479462 296738 191151 408595
 168720 128013 67055.9 149103 67183.4 36602.4 153268 299073 51949 312518 87204.1 426392 95744.8 124872 240802 85596 178657 204382 209269 181657
 352536 141827 190728 71816.6 139992 69144.2 271183 129156 564551 664566 624455 329258 121667 586768 211065 174149 290993 119991 1.14666e+06 286695
 930963 184754 91519.4 81149.4 114236 71436 56672.1 157018 895168 87131.7 115521 138703 465146 237765 252099 103856 379506 132359 406926 171033
 502623 204655 164311 59371.7 166386 95458.9 189904 124969 154522 119506 165812 168442 206659 96292.7 173043 149050 82600.6 335798 386565 652832
 119075 72240.7 105503 101923 117744 164538 73306.3 132248 269334 152231 179288 209375 473656 499652 192288 414752 179743 227976 126921 128080
 156680 66028.8 191299 103552 108606 113234 123183 122352 278718 167539 86036.8 114087 179663 111695 71277.8 317999 181590 163961 121017 263411
 135030 101215 59802.4 119503 71238 79432.9 131656 259590 561867 206319 293517 248872 105955 694028 255084 78601.9 247958 193508 158043 374316
 162127 89737.7 135774 169884 59967.9 100868 139133 65722.1 497164 239238 1.29621e+06 165402 265285 329517 303568 184282 308294 169205 96560.3 142201
 261348 121590 192540 89127.3 317917 143285 68741 161164 155288 380149 220344 384625 137494 255987 231306 529391 207695 210082 235498 644768
 468606 271874 152216 97563.5 54400.3 38044.3 108297 157214 201545 545129 354055 216424 823511 106013 149961 284277 210242 231328 98840.8 240211
 190080 265778 123849 85341.2 336904 162706 114448 207634 187791 147662 470444 374065 116230 290316 211339 122019 225077 311283 289635 340516
 355056 114401 46637.9 62929 89005.8 128224 108357 134487 137494 164746 178650 354436 418328 276471 215932 240694 70028.6 332163 190004 160287
 500171 75205.9 99155.1 84518.2 193346 128140 90797 77603.8 313298 322939 122558 352342 1.0733e+06 190900 91209.7 139755 281140 485947 165570 561755
 294045 64888.2 81839.2 77559.3 168104 152194 78959.8 64378.4 339521 411946 784306 237592 276958 200847 270613 240268 415378 241400 221299 91526.3
 83676.3 66641.6 148291 120267 194621 90334.7 152100 64663.1 342123 187906 177413 122552 162026 104603 316638 684723 321651 406738 503206 236852
 403306 196773 313097 101499 57539.7 122600 130559 109071 63256.9 554691 241432 560686 385344 309924 216122 358319 109180 98194.3 266567 366138
 378890 171720 76268.3 210077 142020 68055.5 144846 77335 137485 174653 130597 131228 294840 282762 302486 115811 164805 405146 351636 195386
 415313 105208 142522 91492.7 105269 64225.4 87116.3 126093 118990 359672 132791 283275 220062 369721 267376 182619 169201 731929 323871 321676
 268642 124229 325327 105386 65354.6 199251 155892 156335 181805 373374 338000 94301.5 310032 456730 386403 564593 166635 183844 601919 230979
 147783 70447.4 78599.3 101864 73986.8 49033.7 137801 162039 124962 115112 306398 480908 507737 378706 199696 187416 183963 104968 244963 196271
 415661 125518 49876 139880 63338.8 126766 101076 69564.2 129262 200128 241159 125360 622168 170316 188450 89199 225318 168263 194104 218375
 242022 61504.5 112657 141390 99455.2 53562.9 88613.2 258186 170509 572360 131756 152821 358363 260759 153348 156563 238967 516769 369089 474902
 145471 186828 132354 113093 72871.7 102021 213858 80882 214974 340705 242900 189963 316556 148191 291413 225620 413622 201907 185995 141452
 819682 145927 107816 68076.3 67141.2 102751 34046.7 108068 237118 95853.1 326008 157451 396885 533536 86703.8 274799 276163 71742.8 318547 492007
 453497 292228 85173.8 83179.8 123096 265060 43592.9 122501 789936 136672 286838 284425 674401 121177 470862 256043 299398 313575 193942 188575
 146829 68063 102964 57276.4 38707.5 137626 113140 70244.9 175092 230335 402878 223168 114483 258955 224711 160693 155964 342256 147294 323197
 241842 107729 95073.5 28121.8 199559 107515 61347.5 77463.1 105513 153036 368247 515668 289865 453100 358879 198643 312267 149893 161120 143520
 387466 102270 72441.2 52778.8 81120.4 56342.6 50679.4 96239.2 169105 182998 172889 249329 605234 289267 210189 216484 188497 413449 153486 142250
 115098 129285 83754.6 115942 124909 70584.6 123704 121969 103148 125495 304968 210781 416309 282542 128184 183269 266754 108928 121002 457086
 235437 182344 134483 151420 126795 110795 211801 125438 208072 271649 453082 505510 229262 199397 190086 364316 149097 102994 427229 201408
 246022 308851 130737 187271 124138 261284 200557 102796 267152 182300 274394 864661 229487 208387 204053 200529 122619 317011 158120 424167
 880749 79078.8 81223.9 134506 128052 286529 257052 191161 210861 220838 200197 82109.8 214477 319907 254260 139354 420710 131133 630419 168138
 165742 148729 91383.6 98525.8 42954.3 66369.3 50467.9 177106 120575 321891 136029 177807 432059 249180 190622 186414 199886 144753 156051 393946
 310199 241525 81254.9 98472.5 101901 95179.9 74884.7 125515 185590 329298 126740 197989 362118 250678 238825 155043 267480 585643 825211 495329
 120038 157003 73315.5 94252.7 219525 106185 69161 83524 235606 162561 237662 517162 81541.6 126813 132771 87295.6 97845.1 215214 388310 1.94781e+06
 568737 96227.8 209724 53731.7 93179 146691 68624.2 84373 634446 127844 307632 206653 181318 387446 191856 220175 1.04117e+06 194246 151222 207268
 403040 45528.8 192080 89573.4 86188.9 119827 92629.9 107714 187207 1.21678e+06 255981 472962 178754 111350 217052 120431 193864 163370 158126 173060
 178336 100367 149499 109790 162360 37095 122080 83954.3 749624 195291 257515 187499 421195 421641 260867 227727 221891 350714 194439 150176
 409305 111749 109042 155334 78262.4 70952.4 65655.2 45683.2 514216 295655 434389 247258 235018 401919 117099 315998 301024 277387 159393 180120
 419782 117650 123084 137621 87536.5 118797 57347.2 80005.8 120063 311638 513539 176343 415948 184304 352960 85971.2 523031 329109 106453 269112
 356446 75333.1 187063 132236 93894.9 120255 54035.9 191815 262994 183623 590914 504358 357836 106385 134302 477373 263950 113284 268146 153933
 289508 88289.1 251764 128371 187572 95946.3 75713.4 113455 198045 197999 220511 367908 152352 197219 290820 121032 240814 146126 356683 380166
 225478 145386 166535 121628 136217 78170.2 90014 224913 305964 272511 114542 128396 227623 56954 645694 394476 694857 147727 364701 137178
 246411 139732 110902 209677 124882 107743 63439.2 283955 312785 122641 141655 150179 159069 280809 141974 502125 138892 553639 205210 329017
 89335.7 115249 62085.6 118717 78093.5 292367 61385.7 90760.4 512155 267285 191305 331433 398975 217768 220248 221320 469401 347262 259732 96840.7
 216496 63159.2 63092.8 225519 181424 70065.5 259372 73866.8 279486 254538 140012 490534 219163 194549 96724.7 224882 99780.6 115028 314547 221889
 127063 101256 76020.5 88949.8 140279 119299 65449.6 117504 304274 233358 489062 166485 154786 127077 215903 347091 258247 191496 215187 189738
 152547 50265 81457.1 156282 164504 147140 79866.7 184848 201276 370555 115490 160624 227266 300808 166321 389560 172036 205701 262437 164162
 400411 53692.1 73468.3 96124.5 67035.3 143902 123137 107231 264671 388369 112786 256205 204658 261193 553753 71280.6 268804 160934 215097 354598
 476390 92834 163715 224806 85816.3 76162.4 88627.4 244981 409815 404645 179259 271859 364728 100068 199648 865171 155695 399812 456843 360567
 349096 77340.3 79349.1 56623.1 49857.4 46793 50904.2 91935.4 222974 415661 301414 76096.6 258724 453940 236226 119754 130117 226406 157658 148066
 140289 76468.1 58450.1 116366 201177 176820 75541.9 85002.6 329415 289263 157380 348279 89923.2 157767 206469 516679 140826 412341 87096.7 349182
 492460 79095.8 145359 126180 71828.2 96812.1 120374 278592 252770 500816 168689 206712 252524 484945 145633 244750 180814 178708 547104 283195
 194598 121891 72893.5 88635.5 145369 44546.3 96335.1 65192.2 456651 139844 146999 140337 107585 219734 178893 124610 231427 375703 257769 774143
 1.02716e+06 72690.9 78930.8 165446 123710 76574.8 78649.6 153378 281427 160017 438550 437606 131141 207406 202321 393379 185510 106603 117743 151455
 771191 72615.3 75681.3 182192 87860.6 93851.9 88019.5 81250.7 198043 230358 200071 518830 226786 118034 134221 122054 267890 434567 450494 204481
 167680 79760.5 148548 101647 130448 119044 77132.8 135771 326946 216902 92877 311837 302426 180274 142544 260464 150467 93694.1 347207 341177
 95776.9 130014 106019 102709 127569 82804.9 103855 157719 69534.9 268993 251930 123871 201540 173246 112692 118136 127979 214491 97144.1 160117
 160272 152762 98785.6 94886 134606 166769 109551 93191.4 499764 307549 169527 185768 241524 157168 290557 371607 143678 274011 262945 307555
 141224 67241.9 173084 55304.2 64811.2 89929.4 105537 83845 433373 576075 237156 283339 101998 153934 118821 115892 423842 281148 303677 188725
 185810 156368 118169 95884.7 149933 76154.9 81788.5 174843 155245 188289 145424 196215 176927 339826 189666 138562 357810 228593 136437 203985
 499889 95526.4 57190.7 103049 263227 116612 84517.1 72622.8 166158 219855 153005 302102 337857 178136 204246 105498 214596 298775 246877 180005
 261166 69736.1 100634 47096.1 58265.8 209148 82234.8 193540 293773 213850 351229 72173.3 360680 341576 202375 409761 524381 164646 464588 79083.5
 338761 140811 124784 125330 107194 191755 145281 49717.8 242568 126988 71327.6 182934 121906 185552 313538 387999 274548 280589 186381 91077.1
 205783 85864.4 144046 106324 171207 46969.9 112186 116696 312094 361220 245612 330995 367525 435094 153065 357411 299564 354780 313193 260198
 108908 104245 103301 99640.7 76903.5 65363.5 91016.8 149829 158295 970826 309623 181982 407146 242243 856081 209497 145081 218374 478492 226144
 358926 84774.3 89016.3 70525 103902 184341 89028.3 59632.6 248171 271291 119171 101230 294098 178587 503611 105636 88592.1 223046 267037 175853
 131900 103923 83516.8 132179 74138.2 69937.1 122072 90688.3 98342.1 133520 109871 243165 459234 288626 221706 153839 251921 352349 292493 279204
 99110.1 108735 387483 105322 103241 90449 98743.6 60328.2 71705.3 204189 155457 170181 352618 417660 239526 233296 140030 204326 111849 247090
 94935.4 84709.5 72307.2 100537 144819 124280 100364 124520 712821 100577 816240 184213 303845 134211 240252 222181 159075 527769 312863 165706
 545092 226057 65501.3 88235.3 113742 140549 99423.9 77532.5 147602 327939 207600 647188 527995 109928 139123 242823 368956 127949 334866 357256
 221739 156833 56683.1 77697.7 85027.8 107327 149499 93927.8 225631 321316 296445 103198 335861 113044 163231 199565 273585 264367 101184 177790
 59449 138156 177434 94880.4 48893 65988 86490.3 74556.6 218760 230582 146059 323458 191230 88018.7 143213 611477 274489 101230 139507 319035
 306551 206355 121112 97339.6 109948 61115.9 88958.7 114244 181822 135138 169909 167696 66174.6 295471 476248 206948 108956 74146 195523 245537
 116795 74770.8 98478.7 122228 58866.6 74705.5 114022 80908.3 303707 221748 130277 173769 107446 318321 167432 564550 189892 351952 319606 333812
 401586 75661.1 93489.8 100036 115811 43429.6 119690 207036 193984 254751 413719 221227 804689 105819 129089 281705 274535 398086 135023 291138
 152800 134299 70530 110709 128449 81661 61735.4 98313.2 102298 520314 127306 152038 184850 181258 289343 96813.6 349876 161509 139589 113719
 386910 57768.2 44080.2 75790.7 83898.8 213322 152419 153882 332360 326146 263448 263536 376960 221210 394225 385754 350754 134659 150464 95105.7
 253056 72001.3 185568 155560 296944 157243 106395 132899 112439 350953 257435 331143 367338 188090 96712.8 661669 367302 358793 379081 286545
 283647 100149 107226 51531.2 120041 91848.6 32350.3 207162 495991 92456.1 148355 121125 188868 259480 130826 123636 323435 300940 84092.3 333943
 228107 102887 112559 92295.9 143571 195538 85941.8 140242 200246 317580 331670 514469 163338 424958 310885 270052 482958 197538 211772 324021
 168131 57727.3 121394 69412.4 68881.3 154545 80595.5 80029.2 167491 318581 278446 151744 235452 460325 346127 112065 147671 139873 97438.6 260763
 234381 106343 166535 305411 86845.9 57483.8 64301.8 104752 204747 251756 188494 235305 141256 388328 176586 103145 693647 179159 366747 358974
 107164 86669.7 124281 79213.3 76255.5 212933 75662.5 73265.8 269647 100099 561533 119990 266754 186711 383951 132023 242020 126831 322793 733699
 395468 102794 149977 179269 102742 103538 86302.1 37537 285813 101593 139071 195171 212380 193479 306055 129331 256820 213940 250539 129047
 141436 58475.1 112592 46985.9 192663 131013 80947.5 119063 359408 283919 168837 123798 312340 250432 184236 535225 176622 541290 151405 425726
 244868 187996 103419 141871 131002 244841 221435 56854.8 1.08111e+06 165214 407361 153533 151541 290865 423847 216522 352668 190165 182452 205506
 278465 75033.9 103418 81398.1 222335 93234 84107.8 65238.2 227647 406179 352821 118723 329204 390161 118500 215601 421597 186047 133361 326071
 264841 117053 208269 95455.7 120790 93281 207798 235231 505726 171052 385274 110540 150799 237692 571368 220292 342745 105815 389589 252716
 199620 111418 271365 89980.4 83068.4 73008.4 223210 390511 187537 306834 154458 415336 163696 149499 198822 209348 134072 257383 181282 607321
 143463 70312.6 192648 86824 118407 80667.7 62050.9 91463.7 295787 270424 335048 146477 203782 171628 705128 239852 670859 143692 490107 196365
 133096 130844 114968 78772.4 102252 81110.4 151963 99025.2 491553 327065 410581 205691 424237 134814 396367 578757 96583.9 258413 221886 190905
 514507 194525 94271.1 113649 54400.1 50414 98946.7 42029.7 197690 234381 116825 164045 467205 293492 99129.4 116759 389370 311423 157659 156663
 92305.8 142042 163076 65536.6 89737.1 258957 96467.6 99180.3 555837 370407 227538 189083 321580 395381 832412 120684 144920 215948 329424 201250
 207081 135539 168592 217602 54855.6 52977.3 277739 131678 195652 769129 111587 325815 119811 230382 82971.4 214004 138920 163095 119929 401021
 622488 164554 126003 127355 50518.4 81734.3 106277 66802.1 144368 280154 157739 195036 178484 187088 330311 434764 181263 167945 271979 98941
 61589.5 70843.3 127359 63079.2 176137 64894.4 58237.9 155111 145373 249496 153264 87468.6 172259 79624.1 139407 497806 227116 114345 388822 113109
 96044 61709.1 37319.2 133000 74064.3 111601 216812 94571.3 535791 448116 275907 212517 208987 178557 369049 270516 143490 392715 120413 303287
 155134 103651 121184 123676 130965 66177.8 110130 135462 555533 167246 209458 401188 578742 317347 399354 221203 270178 81498.3 122554 215575
 514619 61026.5 177300 72775.2 63671.4 40418.6 88715.2 51836.2 313945 159438 158666 176218 115333 227892 228023 260084 147387 311012 115917 371380
 254373 56042.6 94279 83097.8 75623 134411 99884.6 143450 204680 201887 166108 303754 163009 397704 205124 530265 533161 181663 418836 264296
 235540 97639.1 60792.1 76782.5 118729 68443.3 109006 98900.9 301539 165507 619830 109566 209203 247622 336267 197211 203611 417012 136963 244877
 332431 141883 79887.5 231157 103825 94576.7 107313 99829.2 573739 98209.5 313494 374998 174090 213798 209457 297262 219871 252646 183378 266056
 422608 87230 136664 157924 107741 209274 159457 174914 220409 236378 463540 274772 515009 300751 237549 275071 648028 278257 105649 228626
 314969 107781 142018 273323 186066 44893.9 152361 121871 417569 83326.5 305957 728391 125738 348652 121152 339807 227464 214267 86733 98289.3
 401843 114783 70349.1 176899 173370 149828 121326 103434 161535 144960 313024 405799 254298 101248 430330 194240 201629 335455 144085 965520
 168876 88561.6 101386 77839.7 361782 115899 79718.8 62527.8 184495 139864 314880 200677 247907 343530 296018 362987 375171 454780 296211 117261
 285149 91610.9 70557.3 127941 56463.9 203090 125930 203834 158196 320955 364560 179465 471389 139942 151367 374818 418201 395359 104836 272083
 163990 133110 83577.1 113932 102590 71740.2 157976 82474.5 129355 143939 73338.9 229511 494947 236099 278257 83492.4 408420 235309 465414 284503
 298373 65137.4 62584.6 134066 160460 105169 147259 191173 86129.9 414199 433089 249305 141454 181515 153629 381288 232499 879232 154166 259098
 265653 179154 216696 66660.9 98189.1 108678 211690 211099 282003 576878 246755 221388 153818 346349 467735 366732 351754 444386 118493 200940
 112035 138831 79902.5 120799 57304.9 90337.4 227758 228209 150026 182764 82749.3 116899 407802 202729 134243 123919 183112 211078 766483 129110
 354419 72144.6 89668.5 70280.9 107210 122941 66371.4 61571.9 565626 152785 362902 129156 99806.1 126559 453841 599558 305900 248245 216221 228646
 220448 96790.5 80395.8 129217 74015.2 114737 145477 163464 204739 130256 161677 94027.1 219541 158293 641501 113104 863483 249805 219705 92972.9
 327424 88931.3 74332.4 51178.5 112233 44610.5 40136.8 107558 372066 194135 537121 254357 817220 165949 767213 225989 123361 300038 398930 291046
 153436 61331.9 67457.1 115218 129471 194013 286776 98908.3 163836 93440.1 279877 315078 356917 585452 121545 561697 259079 343520 486826 454022
 114150 93930.5 160325 183084 159838 184566 87540.7 68498 618729 125413 128147 258709 168773 269285 154320 154263 289325 280193 124677 592792
 208934 173782 363849 79725.7 92584.9 63517.6 117492 85019 431507 254537 374387 165467 148436 210659 238646 440763 335490 256582 275069 441711
 428803 127980 73201.5 139019 178728 104645 78451.3 220220 197110 214700 121515 183855 131458 73851.4 639072 421922 291980 254418 464585 681434
 415341 115161 219758 68921.1 200931 76615.6 56019.8 168257 263158 186875 269756 246884 292108 317100 134692 126643 367305 248571 201539 194835
 366402 79665.5 105291 205779 168512 102887 169355 97113.2 108911 98993.4 396985 237389 217908 680656 320299 184271 272202 503509 560364 91179.9
 152322 224004 181964 78474.3 64076.4 69876.9 145730 155946 204716 169917 220782 172199 556091 321531 68294 165663 207056 211567 298412 106394
 556328 87993.7 115005 194157 132491 278772 67551.8 120408 231288 231594 591309 262821 377451 94516.5 307980 386955 264162 190535 142242 135431
 506660 89994.2 135880 90475 79618.6 159506 87207.9 87073.5 425686 280024 419159 184867 93972.8 624999 141779 253890 320574 252223 322949 213918
 156150 71433.5 199689 73455.9 105691 61557.5 102441 127653 324902 333843 140142 173814 175450 430116 148561 272184 198602 306229 131964 132048
 537028 62176.2 159948 158566 71103.9 251103 150041 159272 288578 190133 425609 331496 1.17582e+06 349768 209372 201993 201223 411194 194960 173833
 423912 84157.4 113896 72876.3 188826 111940 62811.8 70088.2 390993 179154 341334 481001 114657 149618 438351 228451 281342 341980 223581 305656
 319818 142290 79179.1 144536 208211 125688 164606 189658 253520 279544 301319 172604 104454 179993 213822 348777 460470 137469 164169 375219
 150122 89324.9 206589 260571 55483.9 256010 82337.5 122410 284981 258007 270125 366475 239783 368129 178125 332723 147082 199769 304142 527162
 264200 53764.2 134135 122277 202621 86404.6 32883.7 73988.5 211535 80002 260833 523212 187892 690524 126204 96125.1 169875 204577 126437 353300
 557037 85940.5 107534 98696.9 108513 161906 81849.1 80329.4 387315 360051 162075 114389 619138 481167 374579 202213 142301 107238 365441 145406
 115857 33220.3 70149.7 89600.7 91405.7 172337 63650.8 136424 374464 362225 245580 87181.3 190767 186474 132853 143085 381452 229708 266264 192776
 191148 104445 228550 104044 92777.4 268502 140217 65580.3 184686 263284 130900 172896 108191 758856 214271 123513 374855 538444 305664 160097
 495699 133032 127271 97977.3 62014 138616 132351 46704 239822 225589 455124 441505 136481 172406 130410 330133 265426 651152 178877 346731
 336391 169302 134901 78610.1 297180 92188 113713 80222.1 475797 185078 243488 140980 446823 141643 186935 380246 378271 323361 147173 203348
 207425 61850 153221 106431 57243.6 171476 105612 36289 73047.3 680700 293601 328964 495401 117234 374379 216299 239851 657725 421206 502439
 396893 115650 222775 123057 103703 214220 73454.6 134679 684385 294720 406919 562077 148278 345877 141370 1.0799e+06 211943 122048 202889 281996
 259769 317294 134773 228108 114612 94113.5 89122.3 83017.5 234814 147671 302423 99739.5 301351 82112.5 254554 177561 83559.9 282741 444886 411436
 749745 65038.8 67994.6 108190 81503.6 179593 194533 110113 156896 87577.5 163584 221172 299648 475576 277203 257540 1.35326e+06 190517 230744 381690
 902444 157769 87564.1 43362.4 73284.1 62204.4 138338 116416 184203 297735 253406 372363 219289 661011 128818 182039 130452 201673 263474 109803
 149008 204995 100456 36516.6 101447 144715 182597 299145 242166 181800 144053 181003 249967 160754 54970.6 133103 246880 70587.9 305777 300475
 302671 84376.8 117273 75109.5 189909 59097.5 113815 243726 357957 200364 305363 442496 170802 393894 199707 203143 209369 132012 495667 379156
 935321 74105.9 65611.6 71509.2 120984 53905.9 92584.7 62834.6 178032 1.29745e+06 146541 216567 206589 163876 96430.9 255033 128347 572003 226378 1.18658e+06
 227657 185798 126663 96279.2 88602.7 69090.4 127241 136048 206155 89455.5 195494 338292 278804 396053 145857 174000 65246.6 392593 301756 349241
 345330 91977.5 106571 130912 121278 109817 136954 58126.6 486874 188129 330315 484946 192954 720628 353056 353662 305497 88827.4 206430 360309
 264950 85052 133348 237781 128291 65569.4 132973 106199 170708 324576 374861 190717 445509 147143 283842 131611 416976 160518 386553 123638
 69690 110420 199562 99337.2 59294.2 87349.4 55002.1 152547 441424 271197 222139 131520 210039 346538 271027 251947 208019 255674 414395 167731
 397842 49611.7 165558 73910.7 143212 170260 74075.3 64492.1 169727 234489 163350 445588 169071 361018 339525 209938 150955 218937 382192 192795
 215590 299995 108566 132917 242821 96607.1 72197.7 113345 70750.6 994003 237303 126075 214066 365040 532941 185898 484239 201978 321326 413709
 400629 177870 155265 166711 85909.6 62372.5 154250 83947.6 224201 741479 402357 124637 199900 650423 86171.4 145912 158540 436384 531709 146464
 250736 141351 27654.9 140568 107457 110768 146532 200674 371296 458788 198570 258365 115075 263419 136666 206583 229344 580524 148906 160456
 170421 86405.6 56813.4 138064 138005 90648.5 99116.1 217411 612932 245831 216453 196735 227679 194268 188264 431560 300495 298477 176796 569931
 240353 107203 168497 119057 134960 120161 172649 234457 156096 334529 122878 320775 402083 302157 277007 157392 84583.3 319640 310532 198364
 404593 82212.6 56121.5 233127 154572 222444 41641.5 133858 116034 905744 75675.4 144818 194118 279954 92830.9 164078 116683 668176 131572 748596
 290337 122133 128933 119998 115279 104731 66681 42402.1 849756 348345 326803 347048 196094 181446 450985 170903 204576 252355 281518 398878
 206609 94175.8 100319 170081 77661.6 143223 134401 225622 262350 251808 270109 456224 261402 288442 222418 253916 140478 249853 300261 252131
 558702 92662.2 123186 39080.5 108475 195361 147500 103113 144475 282279 80053.1 194211 409100 321916 160709 143187 308178 357614 299353 413572
 200235 84216.6 122885 44867.9 67200.7 55242.5 369106 71545 359410 415570 321741 152525 793733 312048 180774 145038 283195 136700 241940 518088
 222361 63476.3 67799.4 174939 80880.5 195587 80194.4 190648 370728 358560 310916 310771 116064 101446 117513 170653 225009 228377 311165 263309
 681816 95638.7 94571.5 173506 251086 126155 111160 50320.8 237926 202484 99326.2 81916.1 373011 106147 894318 353168 251593 170810 324551 120672
 212999 93595.5 111039 79712 55957.2 143754 376371 156867 165212 312289 245473 125789 296327 313400 325358 126760 227065 254053 624004 613893
 143904 87336.2 34423.6 65559.3 150641 132467 284302 90393.9 223398 140810 240357 281343 224749 286776 285786 112932 353873 210912 259647 149509
 459385 94384.9 205831 120027 97561.4 79582.2 195565 161595 163649 77666.6 753298 164081 373775 210636 155758 336530 191484 101876 222185 269920
 851802 118372 60471.8 50406.4 132925 97028 156116 121663 117685 163560 191903 197149 160962 145288 133670 341476 164541 145991 331413 115941
 276580 80276.7 75478.2 70439 179723 79833.1 72697.8 77706.9 555480 239102 163098 129848 149707 236960 454124 67962 196925 458533 325856 222847
 174434 129842 70234.6 146458 69226.3 245409 69647.2 117827 297918 153374 356583 297007 838461 319229 167379 220582 312915 139653 150783 435010
 180110 105662 98435.6 194948 206799 132506 222116 87683.7 198826 380383 262164 283539 269879 233194 473776 600190 289968 383048 229635 272058
 554622 129037 98490.7 78986.8 192464 158512 87280.3 159420 234197 226300 332899 445951 155390 74569.3 183987 100407 200638 195066 181015 83794.7
 129247 194032 107562 116502 106853 111211 91480.6 89648.7 137318 671116 208825 156055 803753 336632 213608 149170 158782 234942 168398 376306
 283999 178683 121929 143802 181832 173411 65282 103864 449259 372718 142125 233840 318155 189272 548397 173551 88624 163894 394337 96172.1
 310774 71855.2 96835.9 94215.2 65274.2 78334.9 120811 112749 91001 118065 273374 392565 307199 258529 116599 474847 185966 107218 208816 191297
 159826 134675 127590 192860 73048.4 58170.3 109589 243410 348321 164148 332366 257340 1.02101e+06 117273 149477 436037 324643 310150 231988 109720
 144742 103263 126154 99951.5 72707.5 119709 183486 184172 88059.4 114458 135399 259963 798632 616893 407120 95974.6 183843 400811 164394 235040
 1.02789e+06 119352 96198.7 291693 124604 242643 104000 90681.6 209871 139779 402052 212036 396989 440349 858604 265652 176753 93452.8 198863 121524
 510744 328012 107184 87939.2 253545 51567 99577.3 125239 153570 371695 330828 150709 109317 85362.1 396420 232453 942174 233217 150809 347621
 302285 122254 113315 109468 81880.9 65991.5 197609 158380 167483 775275 222945 497083 563014 265834 691630 167632 209139 142847 203732 210505
 79338.2 98585.8 122061 186056 151835 236913 196352 183842 484563 138064 376557 541443 257040 300846 156521 200169 174451 201110 96699.5 453085
 200237 114080 253105 88394.1 85074.8 69714.4 75860 172577 564012 184362 134608 111813 103544 727494 231610 200665 325817 182956 232410 162212
 145535 131743 86536.9 96825.8 175435 134503 89610 138139 442683 207817 282568 397061 150255 94442.8 218484 141625 297398 310782 258592 192218
 437722 93475 206802 85286.8 197340 266542 152240 91036.5 368150 469377 177232 186021 244997 712167 327379 282748 184134 126516 295049 274053
 133207 245454 90686.8 62701.1 67185 111852 73938.5 66440.4 129684 170431 493771 181462 245584 274802 216661 207553 201285 454625 266248 242891
 253997 135675 124462 188664 175465 69481.2 184894 109002 475469 107934 227101 179683 510275 439349 226650 448109 172099 229547 362641 274641
 385953 111532 72360.5 123454 187007 67077.3 64203.1 105221 212483 436316 135099 165183 125057 367301 231498 331019 469731 549559 480881 234034
 157287 130355 191190 107942 40458.2 61299.1 134800 84601 317680 1.38815e+06 472263 382025 434860 174117 115019 752912 230895 129191 218273 183485
 325123 83507.6 74844.8 240604 160757 90458.6 255241 118112 344763 708537 185398 210756 155745 604435 276859 315799 157867 503654 574486 295446
 274359 90718.5 149157 107982 140885 103963 191455 88733 165512 488580 402579 242992 254333 325445 220525 98798.1 240767 239463 116603 979556
 460616 127395 178152 94592.5 102829 121176 77119.5 97958.8 303405 380824 102194 155450 110605 354809 97453 236983 320023 561174 157356 169701
 323946 64735.9 83014.6 75743.6 129457 104922 128446 87511.1 846400 121679 303113 527154 514439 446206 240194 425935 120959 600665 261957 331758
 277770 213364 92458.3 65016.1 91403.1 44184.5 63534 106467 117854 144146 155454 475375 542942 142621 280814 129759 98370.1 123421 263003 239958
 274949 118229 352772 198678 85088.1 108127 114364 80114 763768 188369 71804.5 323107 181994 322014 433998 237330 148177 123477 250757 159166
 261973 180903 94885.6 140785 109340 143620 247559 103700 156074 229594 351565 293901 182760 225578 161793 111025 650556 279449 215565 144782
 152079 269691 84513.9 166480 121295 181753 90027.1 158509 387476 173514 180933 964303 302293 212450 275677 188146 135360 105688 250067 67633.5
 239456 79955.2 76610.1 91348.2 221384 134430 109079 391890 234994 448630 218081 632634 121997 118025 185726 466620 98209.3 283653 339958 209416
 245628 134897 112385 88877.3 35513.3 74139.1 66010.8 182263 179458 89529.6 256092 116229 379919 283791 247269 451896 226532 261543 319068 308799
