 252982 78360.5 75633.5 76474.5 73283.3 50966.8 190116 344335 136576 355002 194997 145127 628547 409083 643903 521234 452969 300723 684986 404729
 221414 122505 72244.7 59788.6 97482.3 54538.3 120354 82824.5 1.03707e+06 190852 111805 373640 257163 265719 442570 139780 575287 514627 708373 169252
 124582 88717.9 237504 210367 255000 247315 78283.7 97971 364892 116024 592278 387671 929773 401361 330619 242040 352776 243608 545559 364434
 415575 62853.4 177580 81692 70491.9 54898.9 113765 178613 88126.6 131691 467447 341600 289825 902864 755679 184827 189272 1.33503e+06 217275 308201
 589422 166740 81611.7 95484.1 53062.5 78459.4 79893.2 94134 160581 342557 346925 1.07673e+06 241120 355768 309691 281637 127873 84146.9 221125 236438
 549690 145984 164524 217933 33090.4 55612.9 113728 51009.3 419276 595248 150821 495922 288542 391918 287184 396459 701418 510982 266129 827452
 246445 131470 55951.9 136013 55805.6 43211.4 112892 328502 53340.2 285263 103764 665279 115850 155955 285534 109523 256342 296002 214014 239694
 546174 203097 150071 59827.6 192051 56909.6 262624 125264 773127 1.16391e+06 1.04251e+06 534539 139652 797837 236070 337837 478584 159069 712133 413613
 1.19077e+06 171101 81658 76359 175135 85904.8 58752.3 117377 1.42351e+06 72927.5 169686 304818 565616 312057 383159 106820 517839 139242 602742 251857
 633992 271113 183958 40948.8 122461 84291.7 260890 101485 188476 131955 190542 145903 277596 81749 181800 256953 75771.3 379099 461520 815666
 82413.7 84346.9 72392.6 117719 87372.6 176400 67408.2 153654 312961 167269 193328 240758 780657 660121 404984 428945 174159 283324 176939 167129
 218728 58766.5 114670 128884 77433.4 106609 98932.6 118718 299893 125871 60880.2 118746 147504 123534 71707.4 495381 247056 199451 126294 326266
 114301 132788 54465.9 87948.2 65198.4 87093.6 92520.5 300904 603992 283187 441288 336176 130321 711023 335081 136105 203265 255762 202255 552301
 218406 62886.1 89639.8 225496 46007.1 57928.1 146566 46749.4 731164 251926 1.83075e+06 222149 281781 373278 317089 191107 309557 219747 142665 197965
 310850 158962 198078 52572.4 334100 212271 77073.9 180613 134392 463663 344757 652901 162828 239939 256064 779317 252010 198312 362836 905624
 452424 180927 140719 74572.3 63302.1 53491.6 120372 136415 350370 675392 570025 322233 1.81438e+06 113724 187229 598244 350210 303665 73200.1 355064
 177839 234907 122061 86403.1 292407 182843 91330.4 202775 186178 208875 656361 490913 150062 406302 378354 112000 323614 431108 357855 594753
 336230 96957.1 66127.6 56143.9 98517.3 132091 93798.9 110256 229484 161943 314756 610644 437536 389648 294912 359603 46221.6 336013 279617 204241
 529911 73940 80441.2 81976.6 190773 167901 79324.1 73173.8 425119 413716 150625 587997 1.13641e+06 263698 91684.3 203589 238811 752853 183919 784713
 406268 33785.7 96968.7 115292 204542 113671 70273.4 71132 443284 568900 1.16395e+06 344702 471206 186274 266668 282608 602810 312546 217784 96410.9
 135304 71788.1 179306 111226 124811 74055.9 153332 47884.4 369278 243166 189105 116284 156400 140959 552277 1.0884e+06 437892 685441 726465 350819
 430753 190609 370349 106770 66945.4 139985 120859 102536 58868.3 653612 413067 904302 463395 461996 249712 656879 89268.1 90327.3 263062 504208
 571662 162409 49448.4 220200 166653 76817.4 129179 84240.2 103913 210107 164596 125764 300230 451457 463639 133858 203919 537899 474396 305220
 415127 117066 161666 70363.7 114633 54388.8 66633.6 127607 171094 366729 181196 249994 267264 497220 517303 201345 168036 1.01223e+06 473550 439031
 228222 117223 387845 140908 52374.9 149256 127519 177644 174963 519604 437930 108306 414536 456323 487795 759559 160590 261897 849634 232855
 118837 82558.2 99954.3 85068.5 66415.4 44387.1 116376 172308 118571 131270 270168 522113 785374 614510 264438 245586 267810 93834.7 427164 328144
 665302 118276 57808.8 95454.4 84803 140405 75786.2 92612.2 188566 177888 314929 158063 873354 237580 297721 115651 281505 205737 410685 301167
 262786 62048.3 127129 132642 125723 66569.3 64082.6 265298 263519 868026 159189 132296 585193 406919 183373 278034 253087 635195 477240 759608
 217599 183185 195096 97810.3 58445.7 108463 141020 57481.9 214977 526786 285892 210059 397071 213395 339923 394615 657043 218018 259671 184568
 956543 163483 117091 52721.4 58644.1 80147.5 33793.2 146471 268456 107450 312746 264320 532020 848971 86623 278871 310299 130025 422199 687337
 451980 462515 68294.5 61252 128794 268726 41871.2 120176 956517 134906 376547 310626 1.09768e+06 170354 784964 297679 463720 326741 247734 224201
 139816 53868.5 106464 53997.8 34916.1 95747.1 115431 67641.8 140399 262644 746778 321462 114740 261143 232887 221816 218153 403489 157830 535797
 317273 100772 72091.6 17597.6 217731 114776 56756.9 94527.5 135079 102966 566686 819858 410153 515369 839628 264296 452388 163466 281360 109172
 496996 106348 68311.9 35134.5 67592.8 58167 71061.8 90909.2 276466 331192 202475 386373 642749 369632 395977 239172 305695 584855 159159 162296
 163503 120126 72787.9 105753 115846 43086.7 145473 122989 82125.8 117661 309595 298641 729204 382636 118703 155307 319495 88141.2 203530 432675
 272357 203500 127087 152580 133388 96573.4 293065 91151.5 263832 347954 468557 783463 227291 255390 167376 384565 161591 104801 327471 323332
 274899 267330 105254 227058 107908 287254 277225 96866.5 557776 197509 257650 1.14087e+06 282109 242130 252521 205765 189365 368793 192820 388696
 923518 50679.6 65962.1 120032 128441 356693 257748 197239 373435 166783 332116 74195.7 269903 482194 253217 197147 418477 159429 1.05829e+06 186570
 162479 139294 81093.1 99814.3 30890.6 43201.5 64342.3 163126 198273 274977 175003 279057 422581 304263 256336 192754 286876 203447 146372 514629
 307559 254929 49397.8 72054.2 111696 94771.2 51105 128291 333952 462126 168203 286554 558353 453394 291602 240982 417055 1.09534e+06 1.11959e+06 868979
 155292 112322 56321.2 91762.4 176841 119136 72071.4 63346.7 251195 184101 270429 652262 66457.2 109625 151825 82531.9 159875 318794 460129 2.33714e+06
 770146 73268.9 252798 54947 71031.6 204606 61651.5 97131.2 967313 130144 388916 252285 317052 342889 230918 226580 1.31843e+06 259355 152169 238005
 364711 24041.2 225019 94445.4 77793.8 104031 130177 88856.3 260557 1.20355e+06 330119 640726 233799 85968.9 276975 165815 194349 224003 186107 259366
 177559 89878.3 141317 88112 164110 31593.6 111762 85643.3 1.04268e+06 298965 347031 237882 576103 533550 377647 349588 257616 656412 280022 168360
 691440 86588.2 90556.8 184995 49022.6 61793.5 68508.7 45424.3 652024 439014 775628 426781 337505 440291 114802 344224 600629 326534 270134 226834
 474989 121220 84561.4 93379.6 77774.2 112834 61201.7 63394 204560 250501 685405 222807 572229 306568 386127 80221.9 632325 456049 125644 484259
 399537 61368.4 187365 154902 75050.3 128217 62228.6 179800 399715 293725 777066 816396 835870 161222 149630 516065 264176 147705 399781 129013
 313147 90954.3 233399 122254 189414 64347.9 80658.6 136462 151991 245539 288208 477380 169475 203052 388332 145954 278037 208836 521134 477631
 370914 142132 129630 106491 204490 72708.4 105061 175976 366565 349204 131687 109955 337380 37961 710532 523220 1.01157e+06 164366 608057 181896
 288172 121302 119301 247344 115459 84581.9 40114.8 232817 450559 150080 102176 202128 205311 333133 145971 732295 144644 861063 239669 588756
 64705.7 138400 51928.4 127816 63937.6 316410 45427 70897.1 742723 391362 315108 506920 583129 227874 356130 337938 612901 382850 293860 106468
 331975 40456.2 42822.4 243113 145963 74259.8 233191 56514.7 422917 321035 128803 561967 234279 309716 104852 182371 112341 115230 537083 358400
 145748 96396.6 68318.5 111665 122290 93305.6 63764.7 105302 382917 249289 607454 227370 210120 118495 248992 421488 466021 280690 385109 271574
 176172 48114.3 72091.6 119819 148397 176802 83317.7 146733 237117 810425 142742 210764 221349 495208 183455 573631 203964 237532 356268 261362
 379493 62612.4 66123 112523 49139.4 150783 141193 148558 263417 503098 164035 290238 289503 229582 1.00994e+06 56758.5 330243 171780 280820 529156
 589020 83279.3 128004 248620 119621 54495.1 75329 305088 568489 417118 158179 359639 494562 110330 201724 1.14119e+06 228505 584893 669766 580412
 360743 77207.7 67928.9 49163.1 59215.9 61947.2 54835.4 93617 344229 595441 590749 81190.3 376151 552508 318556 157845 125670 352347 155894 248786
 189353 82496.2 49417.1 132961 248475 160372 57722.6 49799.7 481939 474938 230656 308642 99038.5 241045 260036 462525 196623 508900 103289 485759
 914266 40195.3 203192 83349.4 68271.9 114330 110368 431004 442454 645950 221243 267620 273965 654461 230526 306549 207322 261517 523546 455191
 283171 131689 50738.5 99068.3 143173 30347.6 83999.5 65798 740515 144141 172634 137378 114436 352522 276271 123848 341248 371104 311790 975068
 937350 46706 60085.9 153337 195701 97111.6 66954.3 187156 326252 198549 615400 652058 133360 196329 267027 533903 276094 132416 177576 230065
 849850 50680 66073.2 207911 77923 148436 101716 68195.1 279806 275255 233328 843146 314276 146063 146982 110938 273889 441566 998656 304987
 208893 56808.8 186847 134915 136965 120997 54711.5 155774 397084 247471 80511.6 490190 369285 254651 205056 339140 181175 147626 372770 580777
 98494.3 144123 159372 119558 163030 66578 100175 203077 71094.5 380070 316259 112918 282282 215193 153698 170554 141092 339728 104792 176671
 190571 111437 74786.3 116815 161081 108920 115436 100867 766270 479570 226192 259026 338696 159683 274557 668610 165435 526673 420856 412545
 305802 94253 110372 44078.8 51355.3 155465 109874 102615 366898 732647 387641 439593 81660.5 197379 108680 167081 426697 352859 585804 173714
 176794 152733 165746 89586.8 122174 105227 77095.9 159223 176358 240526 177250 251094 200630 431315 223173 167497 459597 295613 127871 306271
 603939 136810 31137.3 112775 233667 138810 83657 59720.6 156001 213140 228561 533701 368145 229739 226750 114184 207376 278805 306198 207377
 211763 89065.2 136449 40065.6 43988.5 189938 91770.2 197082 351156 445210 500665 74199.2 426895 418641 287413 596705 784028 268258 730503 76089
 246021 200248 137801 132345 127055 214749 134194 41117.8 222444 187395 82792.9 168912 135337 212655 496473 537156 298043 502666 303392 84735.7
 220154 69613.7 116196 119547 226081 41549.4 83127.4 93418.9 401132 494452 286727 596557 689395 712633 193903 498853 371810 682239 432670 274051
 138157 177444 110076 84444 63050.8 64766.9 70377 126688 175253 1.39379e+06 516097 285231 859399 249588 1.51067e+06 330558 171401 225615 731055 275239
 367631 63320.7 102292 80199.6 136377 192072 68372.5 57277.1 333267 444075 155996 92849.3 425633 219702 1.01501e+06 114713 118439 340415 353472 182685
 230672 87858.2 64659.4 118251 71208.6 60603.6 150426 115359 70666.5 167689 182170 310030 404175 446334 315316 202677 248503 435508 254444 335898
 100588 88952.3 358666 92985.6 91193.5 93552.9 120388 56558 70342.3 221635 302164 177281 564517 587542 269917 422442 165684 276230 166014 290464
 106711 73894.5 59950.5 115524 150855 182418 104822 121028 1.02646e+06 110662 1.1488e+06 354428 467854 218237 374947 290627 162327 653961 552289 157543
 609272 305258 70249.6 69867.7 96952.8 153324 78008.7 65284.8 211703 545811 383576 687812 843913 131679 151050 348884 470273 146668 324789 533863
 278722 115748 63893.5 73320 65909.2 161273 144972 117490 266901 427211 297221 87474.3 420724 141498 191436 308096 343397 261589 116327 254195
 66222.9 164022 197236 114519 41964.7 68600.8 104881 58491 275469 311871 120926 312532 159553 96250.7 164582 653495 379068 115368 209612 393479
 355797 170753 124247 83202.1 111584 90445.5 96793 152391 262659 194162 236504 309170 51488.6 457083 625172 270856 178054 80254.2 205568 289175
 142804 65083.7 70468.8 136888 59511.2 69718 104412 95752.1 331920 314544 181759 194276 147805 408983 231743 949148 333336 452524 488796 449327
 468520 52184.1 97243.7 104893 155759 36472.6 107861 204736 263531 346930 569412 256346 1.10534e+06 145213 161859 393071 543479 384196 113207 441982
 181218 101535 82337.3 116833 135879 58253.7 54685.7 149231 139548 844745 125832 209719 244571 197127 352824 90784.1 552328 166014 173993 113314
 327723 67813.1 35637.3 94382.7 68668.2 241620 116084 208148 529475 388356 410127 416613 453166 337751 371179 508792 773011 135948 230550 78157.3
 273762 71584.9 176262 169656 559180 162107 117898 171013 95047.1 483658 241926 480146 440355 246451 88472.3 1.05347e+06 455132 668538 669803 351093
 328840 83458.8 118061 28686.3 122685 73919.7 21918.5 161653 629662 74516.7 197058 127955 336418 402048 151342 125190 323950 429311 106269 361247
 349414 112358 141640 92209.4 159598 188095 118395 111489 219247 249669 372231 654431 258403 560272 439614 262252 882715 218476 187276 370200
 181910 36932.4 106056 42181.3 47181.8 247436 81947.4 57352.4 113154 261329 349446 188841 300038 618266 620910 114166 146129 119557 142164 331562
 190021 120074 189036 316486 62046.4 66882 70031 79797.2 302025 356637 213709 312814 203390 682386 292992 165635 738214 214787 742095 534419
 118109 91090.2 101181 56976.2 58112.1 229490 60170.8 68212 357786 119497 861643 123753 329081 209225 497695 161978 341938 89962.5 409192 797011
 759106 121783 203729 135281 77859.6 142542 62511.3 24804.9 334029 118954 157457 295188 208950 267416 655277 132457 411140 327358 298130 125787
 144875 43383.5 170779 47919 181425 120190 64687.7 182006 524950 382297 210985 126447 362339 364457 210263 515087 203862 663041 168421 468843
 284701 159854 81739.1 112494 131240 242845 160543 57474.1 1.37939e+06 224742 979826 191007 184921 317576 680541 367000 397814 208617 284207 314375
 222387 62242.2 89764.2 66901.5 149951 88254.3 88561.1 59402.9 210828 505720 490733 137489 557158 613769 152681 259893 630604 167841 124078 560848
 371404 85391.1 234248 69769.6 110845 87511.4 116577 330265 499659 219668 603413 154868 177799 310340 557225 506248 446056 81912.1 424631 274498
 311749 98370.2 253582 60806.8 50559.9 131651 197315 408139 218909 337334 187482 468099 199059 138138 362901 168506 189001 402040 254287 1.30603e+06
 170634 74123.3 180451 60705.1 127297 114881 50419.5 68362.9 299002 394996 407022 226392 188248 153559 707842 340376 957780 178221 1.04335e+06 300769
 211162 120899 123773 70721.3 95198 64196.1 146869 57910.5 638128 458818 737968 301603 726641 147617 415584 1.19533e+06 86405.6 329487 316320 261354
 399152 179135 73811.3 93566.7 56804.4 52467 94648.2 37280.5 203229 372058 128860 134290 450556 511569 145954 90698.1 676732 453604 175045 237499
 95051.6 140194 131567 54812.5 83812.5 225605 84867.3 104144 831909 465490 361409 267261 555549 439340 955992 142441 176538 220991 549572 308118
 232940 84907 122091 201176 38564.9 42538.8 260938 167253 234204 1.14818e+06 122371 440516 111289 333895 115972 226767 111307 158049 90797.3 418632
 683621 171298 111385 116902 51864 91958.1 101144 59827.5 134771 335756 273696 259073 185555 264446 425263 572499 184106 225846 365080 86034.9
 53995.1 79251.9 129589 66533.5 155811 50910 49809.8 124123 178518 279150 217922 104286 158793 80889.7 215984 455810 300810 144513 592757 120482
 100404 45598.1 33280 122368 69491.2 131256 244520 98708.7 439093 745001 333442 321944 301863 212494 461202 310167 183255 633854 147362 495900
 173029 100840 109014 101070 111985 52489.3 119836 88814.4 539696 199357 223233 377313 750687 447244 456193 323522 302569 51267.5 131518 357253
 393925 45297.7 90559.7 86055.9 47893.6 36495.9 89545.7 32325.8 444425 209878 179854 178304 227781 225718 321804 319810 273038 638599 124614 464378
 358953 40622.2 76370.8 58636.1 100943 105084 67408 129873 260537 162383 142755 373982 227687 478190 285139 713679 742265 191787 671304 365653
 267706 100650 51339.5 71096.2 92351.4 45756.4 103111 77133.4 368508 224941 417788 86731.7 203421 363566 526696 264204 315486 513569 152692 243044
 245017 109863 46913.4 290975 71868.1 64812.5 95285.4 106650 672121 80553.6 346313 564872 297661 205226 331929 393251 242916 286618 197342 308267
 456155 44123.5 149188 142578 84098.6 212990 152012 133377 275607 247591 593002 254236 1.00852e+06 348146 337893 405086 1.02092e+06 404337 93197.7 281046
 304931 77039.6 131324 290802 184196 20742.9 257545 101420 540602 62663.9 472858 663076 110414 617172 133106 473385 347735 266365 83539.6 99309
 375425 101014 46479.4 183431 185736 187637 100354 88229.1 234912 122774 519640 398931 315734 111426 490761 216265 230148 362083 180371 1.02365e+06
 162361 69412.7 73151.7 63861.2 317754 90015.8 96532.1 44870 300193 194192 502617 227295 202735 524350 573942 596245 448755 699612 563418 149087
 419998 74947.9 56783.2 85789.6 57839.8 239459 88966.1 156745 133422 372718 383048 199180 475418 154487 225275 505423 386852 533495 98059.3 207854
 142198 114136 55451.9 65853.3 109110 59027.7 138804 70031.3 90569.3 154481 52105.7 309461 567729 239126 401007 73676.9 429288 304452 671223 413201
 294414 53441.4 35663.9 118387 110341 97801.9 149389 146748 107703 518628 413042 264400 183883 196816 248198 533846 314188 967853 282132 370014
 296827 153754 196747 60544.3 79899.3 119079 196411 182883 314055 810240 246300 283677 160152 480520 468921 476134 451444 774248 119839 171872
 107544 117526 80705.2 116812 37378.4 67313.8 204359 221554 153971 164712 102981 111759 517911 185852 167216 128433 251210 214660 1.26221e+06 166057
 370739 49681.6 89559.6 54286.7 81879.7 149107 64468.5 47277.4 531717 171908 487264 117369 91523.4 224738 415293 942413 296459 290668 230828 278116
 250994 84271.6 64327.5 143040 61602.5 102980 107284 148946 191837 107519 301278 80915.4 156512 163860 618194 121761 827681 327694 299624 75428.9
 454311 73673.2 62200 28798.7 110776 38089 37236.1 70361 368359 162833 613333 284982 1.30604e+06 236026 1.44835e+06 396386 162641 351578 639520 415475
 147110 51307 72669.1 91052.6 102838 209791 291476 101126 207589 86971.4 276716 328501 593754 879053 130855 635844 336279 473858 1.0297e+06 652528
 141520 83867.3 122998 197499 155135 181033 51437.2 62329.9 626909 100929 118592 174929 225909 510265 137962 175822 455826 348632 125747 905754
 240896 166356 251972 73691.8 62836.1 70972.2 124032 106886 508582 381677 546764 198233 182361 209919 291327 654593 407304 273503 353138 499840
 336946 104347 54212.9 208426 207290 86588.9 63931.4 198509 185189 296761 118092 178851 108657 121397 598927 517103 539858 327618 534765 1.35867e+06
 421622 88652.5 168717 120242 175380 39466.8 54925.1 120344 333305 212766 583098 328599 391228 450784 131714 100903 551166 343623 233660 230183
 575171 53817.5 72293.3 253492 133875 90658.4 120612 91329.8 89931.9 105105 423511 369467 195388 782848 410053 264336 265820 584948 839501 82148.2
 153096 325167 169441 51524.2 50197.6 75271.6 142711 174591 252744 248976 255036 234313 879555 637823 48593.6 163793 246788 275779 409897 93330.5
 576911 51186.8 75581 157929 120911 203036 66447.5 100818 271949 275764 665097 360778 587861 116347 370093 366289 309218 326582 162990 98476.9
 518342 69984.5 164647 75740.4 84619.9 128727 73625.1 66051 383147 356415 510649 227736 69526.7 906416 149351 467977 286669 277286 586491 271129
 112692 87577.1 137136 72137 73754.4 50882.2 102557 111283 362127 535216 169662 235194 180626 497303 250277 443576 263586 382297 134361 141841
 848803 39746.6 118877 106011 48612.5 298323 115221 164189 417603 181679 437962 501654 1.24969e+06 435518 341697 314872 449562 384611 183917 277584
 472469 64139.7 92091.6 75671.8 209276 100410 57244.6 50176.5 460490 180182 475053 679935 117704 149007 525998 282585 311198 322935 299907 378843
 308570 214013 62727.3 107013 242983 70279.9 165614 146197 316076 255557 407023 126847 103782 208347 256537 391172 498501 90808.9 232143 365746
 166694 82802.2 227882 345893 45554 205631 70895.8 120121 338637 197593 266880 550336 320291 362661 202841 401024 244526 245844 543796 772886
 296955 36352.3 77892.5 100355 175252 71365.1 16730 57902.5 262665 80493 227283 456841 285544 673056 121601 87861 281039 449148 186386 333641
 820857 56536.3 114277 86781.4 105408 130547 86198.3 68781.3 392413 473399 186256 102602 740464 511342 471237 221321 125623 125094 457219 189510
 86014.6 37031.3 53848.5 113065 112654 139804 54404.4 162496 328354 464271 303555 100066 214762 304366 109135 132283 485481 268993 628554 264280
 267698 104684 168375 149376 68118.2 261745 122188 45739.6 174954 220115 160172 269857 106022 952736 314857 156331 479340 452731 356272 200186
 447328 125427 128137 92028.3 46889.4 148992 124858 40892.7 254390 288787 551056 533148 127592 161385 170313 382922 342013 1.07688e+06 196600 460742
 572499 133623 95538.9 66245 302290 111234 120396 59449.7 517634 228956 282185 154133 279646 175487 230407 379770 511692 532169 158092 259900
 179679 38964.1 155096 72283.5 56854.8 183114 118591 21901.6 79219 1.46829e+06 360460 426872 753013 147839 418981 242379 266918 862636 467747 857336
 451232 140779 134985 139665 100057 145776 61403.3 103940 981396 412861 870178 865745 168021 525138 188745 2.41219e+06 285213 126248 305195 252401
 285218 256037 91886.2 205643 102624 67610.4 78495.7 102965 271873 139831 326326 90134.2 385377 90865.5 380500 284424 81311.6 518987 664073 531445
 1.02046e+06 41694.8 44322.5 77125.1 66449.4 124427 133544 141465 203077 102580 220754 290400 271905 671224 257885 345819 1.65818e+06 247801 345556 527366
 718513 139897 55825 33488.7 93012.9 72437.7 151619 118280 254134 314214 312778 492108 247455 1.0059e+06 188088 191393 177048 209952 304077 166901
 185200 216625 78426.1 28404.7 62108.7 139804 176695 270742 311143 185691 123435 249726 279918 155986 31529.2 116263 308302 52476.7 284162 373597
 328444 80310.1 98662.8 46445.9 209689 30989 102298 294498 351053 210545 403529 633251 188900 557404 267034 229374 251708 133688 614387 480159
 1.07051e+06 43464.2 34328.5 49490.9 106914 77646.8 86518 105429 280280 2.28907e+06 169723 310430 276745 235349 87734.9 294817 173702 632284 249480 1.45148e+06
 291808 113000 103158 92595.5 79114.4 61527.1 139676 162087 239014 102189 303198 426113 366225 501587 200341 175710 46255.9 475874 307755 455904
 329105 81611 75597.6 115419 94411.3 122066 109990 49548.8 456514 207181 347220 830697 210257 676340 466595 633861 432656 54889.3 234083 627005
 348403 75010.6 138433 236054 134672 62800.6 124020 87376.7 152767 460246 465406 218622 664657 178396 391670 154521 394104 162268 317918 125130
 71119.1 139214 157990 86434.4 47113.7 65703.4 47252.6 201593 403211 386135 323752 175334 206234 462710 381663 337017 250681 276528 597780 310059
 404263 28146.5 122579 70034 153475 156739 64289.6 63630.5 144074 255548 134981 464316 193189 415617 486520 282788 214693 220361 473577 247479
 199961 287600 78814.7 102033 145630 117690 68625.3 106378 72432.9 1.28241e+06 347355 101775 340474 452639 723963 189429 660182 187267 436334 612290
 341100 176194 149705 195485 98477.6 38228.9 124212 65631.6 237173 893927 531033 113007 218200 654360 60546.5 231234 167176 690593 832407 142587
 200325 138148 26649.8 106234 106976 90788.1 123106 156819 587284 575546 299630 372737 114299 431695 164141 167919 271955 1.18682e+06 194676 198392
 196146 72148.3 53808.2 100857 131417 83258.5 164299 209535 852382 309065 251545 242079 274620 274190 192426 401250 297050 430590 243830 961025
 258829 108647 171223 64773.4 189793 183781 141770 271578 175728 604483 127960 396217 581215 393991 372171 179153 92533.1 383047 356309 233172
 390827 63087.1 55465.9 256296 157293 198467 25515.2 155161 80318.9 925344 77426.2 145903 278501 382303 66373.4 197697 120095 714790 173931 884800
 250347 104122 153233 95098.1 108261 91745.2 49738 33821.3 1.40807e+06 723891 663556 553073 344989 211760 655070 186244 345036 398641 296868 557866
 167298 94078.5 84539.4 269270 57233 119913 98663.4 192535 374314 287557 193506 378794 254566 334874 253827 234670 177915 283810 520485 280215
 610566 83191.5 143635 31426.6 80302.2 216124 107115 94149.5 107594 407900 73271.8 180977 461888 377808 147504 124627 430007 733107 493874 472528
 186400 77830.1 89541.7 37390.2 96564.5 43982.2 298710 43267.4 489081 479890 424514 228593 830063 342031 190982 164821 337262 147232 215403 614335
 186971 52683.3 59317.1 217709 67848.1 146746 69046.2 249942 415515 414861 376792 335732 145253 96336.7 105545 188600 338141 273956 400184 302602
 903132 109452 64199.1 174852 201778 115047 88484.3 52250.1 261916 296524 107636 61859.3 418919 123112 1.2464e+06 569382 263402 208689 461726 132283
 232872 74694.4 128750 57374.1 43713.3 148127 356014 147534 218902 464014 316857 171800 372300 308713 484906 139912 213833 303042 883517 1.00693e+06
 184238 70124 21861.6 58478 144218 137918 234322 84403.9 326361 120065 178669 387162 259494 308712 314859 124521 480143 171016 265225 152344
 405906 101744 198193 228838 76291.1 66241.3 204532 133223 113518 69843.4 723060 219409 437751 261681 292332 358961 196527 109721 302353 270977
 1.23609e+06 100516 31286.7 28471.5 143109 112622 175162 118160 166884 206707 214935 247323 245633 159142 153236 468852 191181 141528 400819 116245
 390228 60240.9 66097.9 38827.4 180171 57017.2 67711.7 52740.5 449592 274204 186842 113068 151338 370564 481020 66133.8 229665 565268 530934 297169
 145172 105335 69671.3 142029 63552 183146 38080 102789 271908 165048 658765 410463 798853 582117 224098 248019 387877 160502 122673 606884
 211687 79999.6 109828 203345 203605 121261 218646 51568.6 271268 350903 403747 276745 332041 281282 630014 885812 360945 542654 270930 339958
 537049 125020 86317.4 62995.1 138825 107606 109555 127012 197752 299750 403317 928194 214434 84996.1 203762 104812 244985 203950 156359 105926
 126292 125427 125654 124647 68071.6 79678.9 108819 103302 127569 653737 259452 161882 929667 481664 280418 134491 209697 219073 298386 423757
 291413 148992 110309 174054 137654 200620 49083.5 145741 614118 637401 190332 346583 528486 211667 810746 190394 67211.5 154469 418969 85025.2
 365414 66931.1 96975 73381 58528.7 80424.2 114189 85569.3 89084.6 103727 325165 371058 383842 377894 125443 536919 189289 136922 233818 239315
 144801 141613 124728 159934 54318.9 105350 94377.9 182792 367349 227050 377461 345363 1.06467e+06 119650 206298 664989 498787 316606 263936 139256
 153749 76615.3 97521.3 66617.6 73156.3 196938 179959 154361 67416.5 115093 171110 310747 1.03107e+06 934001 662923 91536.3 223571 436150 231335 219105
 877687 129176 88395.4 244581 126794 271320 78743.5 66556.4 237760 151304 481787 281056 491974 658375 1.50187e+06 313722 216408 117010 203000 147846
 699006 303738 104003 70568 265757 33095.1 108787 125684 196432 396507 434355 198229 96514.9 116386 290333 262242 1.25454e+06 303810 157185 689465
 386721 184297 111815 71533.6 73653.1 60354.6 142492 118923 131947 862767 309559 641163 815738 291512 969073 286207 190435 143556 317092 223436
 89980 68951.4 94520.8 165473 134248 205126 222682 211846 559820 101728 556080 563755 433345 645363 124404 238955 270936 205434 114330 577260
 183640 111426 298944 52851.9 85488.7 63737.4 67545.8 161580 572622 187057 125774 156180 119594 791347 287169 181677 364006 210050 232533 203803
 142082 125993 85347.5 107385 224137 135576 84249.9 148924 616383 376163 448432 420924 149795 75341.5 328101 133307 279376 248112 209443 240853
 428037 61762.8 199246 100430 187307 268544 120441 65454.8 432831 536324 164329 202197 303679 620841 430592 351896 211187 137611 510494 634821
 187821 214821 78816.9 39795.6 48075.8 106747 63222.7 69019.7 126237 114925 557330 252222 308420 327392 220847 260594 256735 562850 317652 398335
 305616 155417 148188 154801 201308 41655.3 145923 75455.2 534263 102578 325452 240455 355486 523688 314119 697039 263575 358764 397945 472060
 400233 80639.7 53621.4 130917 148951 67221.6 58038 70050.3 219412 367049 148714 132712 120670 405126 205752 462412 545193 779668 617863 292575
 194187 97974.8 179364 116857 25016.7 54218.5 153144 85238.1 326763 1.66075e+06 675337 590551 497127 211055 156563 1.48959e+06 320304 116988 199285 233939
 295204 84431.8 58423.7 179688 179319 92420.8 360553 116858 579522 980730 283108 296168 217618 672263 328574 439239 155359 556313 625613 471521
 278284 73755.7 136744 98050.8 179455 111636 208767 81532.6 210059 584166 545971 234924 348705 317097 309973 111891 310173 376948 126324 1.04748e+06
 650190 159884 145919 88231.4 102939 106241 68670 73327.1 330541 378075 108947 113050 114016 513813 89364.1 293954 260685 979402 170629 182126
 454979 43567.5 68771.9 49832.7 128632 79144.6 84952.7 72364.4 1.00784e+06 103946 343621 673279 548140 771352 290405 491902 158397 443670 315479 363833
 285882 173674 114237 40120.7 66612.3 27522.8 70357.4 127853 145295 147538 167757 608508 735011 193671 282266 149017 125297 160124 327520 307022
 258702 95743.3 331662 190278 87383.5 89308.3 71597.4 130033 943618 308209 52392.8 305936 252799 428509 465237 307298 146363 149628 268113 207996
 370307 129326 67925.4 153913 104934 119276 287616 79477.8 157315 240284 469052 369038 304665 284989 147143 168984 749688 307628 256537 175179
 219126 307153 67894.8 124130 98058.5 184339 69280.8 214020 327216 167839 182622 887333 372219 258190 267213 171747 145856 131938 270960 63852.7
 226362 56822.3 62242 99416.1 194005 102319 151831 453262 258073 574997 289517 560702 112425 144343 409580 444282 76666.2 459175 563157 377543
 320387 120731 90322.5 94025 40566.9 60888.6 60560.2 211860 272124 126795 232656 126759 432990 252331 387395 741896 323937 492589 541557 533602
