 0.288403 0.372775 0.290727 0.439119 0.493875 0.350038 0.172373 0.220227 0.262994 0.185194 0.26322 0.236298 0.195054 0.181729 0.212387 0.266703 0.262211 0.275721 0.23666 0.307937
 0.334346 0.280618 0.334668 0.483557 0.427782 0.320447 0.276666 0.3162 0.0684163 0.240625 0.239942 0.221162 0.337709 0.302382 0.304278 0.318125 0.262296 0.182472 0.211222 0.257775
 0.430772 0.53165 0.204309 0.232993 0.247048 0.241536 0.296125 0.328723 0.192979 0.308838 0.16182 0.230845 0.144273 0.228014 0.349299 0.34192 0.341091 0.353697 0.341406 0.300718
 0.18177 0.292874 0.246061 0.502855 0.41039 0.439025 0.39678 0.256569 0.316473 0.243565 0.120415 0.213709 0.189244 0.203615 0.178744 0.256365 0.329812 0.177081 0.260074 0.341315
 0.125354 0.323117 0.37323 0.350833 0.535215 0.573665 0.485712 0.440443 0.22078 0.188106 0.161878 0.13538 0.246188 0.237721 0.252791 0.306143 0.35421 0.717338 0.426441 0.303038
 0.144238 0.311155 0.232905 0.311291 0.438461 0.471603 0.36847 0.570598 0.149568 0.166164 0.199889 0.216376 0.225132 0.239256 0.31036 0.338603 0.182984 0.239188 0.301884 0.240944
 0.334978 0.295699 0.354323 0.282514 0.383591 0.568534 0.210036 0.173848 0.337563 0.137043 0.325719 0.141745 0.250503 0.284676 0.241458 0.368143 0.311325 0.27104 0.243104 0.269766
 0.193351 0.272777 0.205627 0.372789 0.372952 0.361504 0.228748 0.341851 0.122296 0.154022 0.1686 0.240798 0.314923 0.241954 0.290964 0.548645 0.369188 0.447255 0.117217 0.402618
 0.0912984 0.206564 0.331957 0.4983 0.538949 0.634816 0.786857 0.497048 0.0678232 0.225554 0.3223 0.361679 0.174762 0.264167 0.294938 0.376081 0.217759 0.317366 0.22145 0.315632
 0.154179 0.246457 0.247713 0.377774 0.341876 0.49225 0.326049 0.358065 0.270802 0.286268 0.232089 0.251913 0.241891 0.271666 0.255706 0.357176 0.274961 0.175908 0.203334 0.136878
 0.390485 0.575574 0.346537 0.400438 0.23866 0.211017 0.285887 0.229732 0.173851 0.228196 0.231811 0.24374 0.162614 0.163034 0.319249 0.186421 0.286086 0.323727 0.473125 0.528595
 0.361166 0.352557 0.244081 0.442108 0.284951 0.295909 0.265795 0.304693 0.165233 0.217305 0.297888 0.349869 0.264949 0.340983 0.424109 0.182899 0.214722 0.21818 0.269693 0.231556
 0.378187 0.42227 0.387847 0.320267 0.397617 0.330969 0.217868 0.170196 0.122706 0.262576 0.202154 0.22081 0.342599 0.165986 0.308809 0.517033 0.275033 0.366137 0.369353 0.208082
 0.342778 0.317978 0.298942 0.314827 0.32511 0.279782 0.304602 0.365762 0.10855 0.177786 0.102147 0.246913 0.2229 0.315079 0.345627 0.551404 0.401611 0.5116 0.497281 0.434705
 0.24663 0.333616 0.246394 0.284872 0.214674 0.304092 0.366079 0.278804 0.271362 0.180074 0.250461 0.18953 0.245154 0.263172 0.304328 0.203555 0.267127 0.259667 0.386204 0.169066
 0.159649 0.206822 0.329724 0.378244 0.711628 0.882572 0.434436 0.288019 0.234061 0.112752 0.195448 0.225478 0.156327 0.212357 0.300565 0.37023 0.387121 0.339541 0.436496 0.501683
 0.306398 0.221145 0.287597 0.392179 0.172546 0.27425 0.28466 0.2767 0.290388 0.310061 0.150506 0.198881 0.279151 0.246888 0.285012 0.275303 0.340851 0.273561 0.253996 0.244272
 0.202289 0.310226 0.6483 0.476868 0.408336 0.258055 0.269146 0.288643 0.256327 0.196842 0.228392 0.169216 0.158292 0.245329 0.274264 0.292306 0.320434 0.277688 0.416512 0.351936
 0.150266 0.371699 0.316391 0.437927 0.289707 0.304631 0.320349 0.404029 0.156832 0.173626 0.269395 0.200141 0.112687 0.275204 0.351206 0.480029 0.329112 0.254718 0.299441 0.226573
 0.23211 0.263767 0.422281 0.463828 0.262266 0.244528 0.336926 0.44725 0.123086 0.162851 0.136429 0.239061 0.247225 0.238719 0.327913 0.447991 0.310241 0.291598 0.283039 0.416988
 0.557068 0.443186 0.273768 0.28741 0.205425 0.314964 0.253425 0.313458 0.154022 0.243787 0.225556 0.277643 0.286382 0.405626 0.190041 0.139379 0.187969 0.215442 0.228477 0.285057
 0.1818 0.243805 0.21839 0.313657 0.477629 0.353694 0.343658 0.402426 0.475878 0.107341 0.258181 0.139552 0.179163 0.228313 0.28577 0.284723 0.312386 0.511138 0.43259 0.291724
 0.188487 0.219766 0.29296 0.298346 0.312709 0.438169 0.361707 0.464157 0.286428 0.245581 0.296759 0.234075 0.172346 0.212233 0.194395 0.267592 0.306505 0.183906 0.216984 0.301929
 0.179034 0.357578 0.289607 0.355664 0.374534 0.380265 0.415412 0.323896 0.290385 0.124183 0.293241 0.170971 0.241767 0.191842 0.261556 0.232811 0.292821 0.150993 0.220254 0.244442
 0.242807 0.335015 0.19432 0.332114 0.316899 0.239442 0.306424 0.334915 0.242222 0.183811 0.182006 0.280813 0.231692 0.206387 0.229976 0.205168 0.284115 0.382187 0.206295 0.248088
 0.342996 0.532771 0.421204 0.308069 0.362562 0.399135 0.20055 0.21696 0.238298 0.287153 0.150513 0.154388 0.171509 0.19895 0.259189 0.32827 0.406663 0.455089 0.391688 0.360193
 0.175704 0.228908 0.454031 0.304567 0.623104 0.341743 0.327983 0.508584 0.260236 0.169504 0.192633 0.271593 0.11899 0.24329 0.251574 0.383715 0.307946 0.349135 0.360394 0.28261
 0.259236 0.419095 0.320355 0.282247 0.346411 0.376626 0.329575 0.181161 0.243356 0.120016 0.240658 0.237746 0.222315 0.270946 0.297863 0.393869 0.306803 0.183803 0.252562 0.218213
 0.378602 0.256752 0.319341 0.259808 0.378614 0.324669 0.216174 0.361331 0.233275 0.177642 0.186805 0.226156 0.21252 0.290504 0.240783 0.319166 0.217515 0.253927 0.307298 0.370549
 0.100326 0.263936 0.304275 0.410992 0.706947 0.58427 1.1925 0.659378 0.146784 0.244484 0.136579 0.278895 0.153602 0.167086 0.247806 0.23666 0.289918 0.618865 0.278718 0.2058
 0.166971 0.240132 0.251159 0.336896 0.445827 0.237441 0.56193 0.392599 0.0969121 0.229746 0.232556 0.223282 0.189944 0.280962 0.256078 0.269164 0.279402 0.29455 0.419121 0.366595
 0.353603 0.425106 0.375942 0.458325 0.550096 0.186216 0.274643 0.289034 0.169823 0.188086 0.137644 0.181133 0.226975 0.254842 0.280727 0.358378 0.395145 0.240126 0.265926 0.229974
 0.262186 0.288843 0.307765 0.671292 0.226875 0.274376 0.362939 0.441523 0.26016 0.187095 0.153397 0.151523 0.206324 0.181438 0.275222 0.25433 0.2781 0.398619 0.498185 0.375788
 0.18524 0.290727 0.338195 0.429454 0.548692 0.567882 0.63504 0.374616 0.180786 0.175962 0.162947 0.191665 0.121982 0.227666 0.310189 0.271292 0.364474 0.224966 0.309987 0.374679
 0.43371 0.308116 0.366357 0.337599 0.303958 0.265233 0.289264 0.248472 0.251574 0.263605 0.165119 0.214906 0.155207 0.19309 0.247161 0.285396 0.319733 0.373581 0.563645 0.209535
 0.264629 0.266706 0.264588 0.314185 0.316561 0.289186 0.236761 0.237662 0.248062 0.213799 0.158644 0.186979 0.211735 0.315553 0.295607 0.254011 0.389083 0.584344 0.23903 0.376903
 0.256263 0.202898 0.272105 0.290709 0.284851 0.222647 0.273368 0.295512 0.24821 0.192061 0.217275 0.139135 0.231252 0.27904 0.348419 0.368961 0.593143 0.292337 0.399563 0.183371
 0.096067 0.287104 0.333582 0.402066 0.393174 0.243955 0.238386 0.301902 0.260109 0.219353 0.315268 0.316578 0.295537 0.219761 0.225321 0.331838 0.185709 0.356691 0.156796 0.244095
 0.321839 0.305359 0.347365 0.381769 0.472608 0.386504 0.502472 0.169835 0.250011 0.124782 0.273042 0.222261 0.136723 0.255135 0.263048 0.255719 0.353931 0.313247 0.314672 0.217542
 0.221697 0.240903 0.283305 0.376248 0.497209 0.340015 0.396972 0.336721 0.225821 0.147726 0.240302 0.236782 0.179377 0.239994 0.222112 0.325784 0.279937 0.181217 0.164024 0.217869
 0.416754 0.255277 0.378504 0.401006 0.204263 0.297903 0.338069 0.321605 0.178238 0.234851 0.226837 0.149487 0.248738 0.306732 0.366584 0.487321 0.51904 0.274781 0.176931 0.06677
 0.137131 0.243243 0.262986 0.480201 0.362432 0.340708 0.459381 0.576055 0.0853555 0.211724 0.205054 0.257556 0.308739 0.209771 0.375716 0.343082 0.12106 0.289762 0.287638 0.347574
 0.17889 0.382945 0.269169 0.355238 0.355624 0.325808 0.389795 0.286698 0.22289 0.062853 0.246861 0.188591 0.290242 0.328034 0.42275 0.57656 0.448821 0.411529 0.33474 0.287984
 0.31675 0.35506 0.285687 0.324202 0.251114 0.432657 0.264309 0.341251 0.0711467 0.215379 0.210416 0.246189 0.203064 0.21081 0.302431 0.358298 0.282724 0.300074 0.27886 0.331033
 0.177755 0.212691 0.288259 0.366407 0.349604 0.566882 0.636224 0.784671 0.0738676 0.206468 0.166734 0.216099 0.227701 0.215492 0.380345 0.312215 0.312332 0.246062 0.386518 0.315412
 0.174138 0.295553 0.263855 0.327099 0.504336 0.355295 0.50852 0.468936 0.265522 0.121985 0.135748 0.236727 0.198154 0.273101 0.202504 0.395706 0.217696 0.280988 0.329048 0.289103
 0.200553 0.306388 0.25659 0.331032 0.336574 0.330741 0.481201 0.231533 0.200153 0.215921 0.129378 0.175069 0.223022 0.297345 0.307329 0.269741 0.342141 0.517004 0.348794 0.311178
 0.222431 0.345698 0.209046 0.305269 0.253668 0.267175 0.486893 0.38923 0.200059 0.263267 0.205747 0.167356 0.224442 0.250621 0.240159 0.33452 0.26572 0.351488 0.223744 0.20053
 0.269551 0.24741 0.245485 0.342055 0.360742 0.305721 0.371229 0.217487 0.188743 0.209676 0.267832 0.283715 0.238091 0.341397 0.133171 0.231123 0.16482 0.256074 0.276338 0.350539
 0.25904 0.275638 0.319923 0.246978 0.294045 0.259841 0.389014 0.214915 0.199691 0.269551 0.22832 0.326535 0.287269 0.203027 0.292985 0.173527 0.224911 0.166367 0.238027 0.274651
 0.455434 0.408728 0.403847 0.327456 0.330792 0.134953 0.271338 0.280984 0.119494 0.201835 0.23342 0.224466 0.214349 0.24928 0.35068 0.348346 0.209527 0.226625 0.3271 0.464245
 0.29023 0.279147 0.408555 0.258378 0.256599 0.388901 0.183076 0.350991 0.186566 0.203745 0.22983 0.168486 0.239713 0.338914 0.353436 0.317341 0.501284 0.428767 0.25662 0.224776
 0.39627 0.390433 0.383389 0.427102 0.259738 0.254786 0.360767 0.260429 0.151089 0.184504 0.150368 0.264726 0.290391 0.324995 0.311616 0.240138 0.291423 0.241273 0.261829 0.248729
 0.363472 0.477622 0.407234 0.276094 0.266863 0.244527 0.262319 0.221824 0.240869 0.15782 0.20562 0.266744 0.228528 0.262158 0.270206 0.246465 0.287201 0.271218 0.268694 0.372631
 0.174568 0.486669 0.346798 0.395754 0.401127 0.267106 0.293399 0.355202 0.149272 0.152611 0.284719 0.195505 0.276678 0.208176 0.19743 0.289535 0.258858 0.316264 0.359662 0.258549
 0.152747 0.283605 0.240882 0.300055 0.436613 0.330531 0.478521 0.268158 0.153951 0.16602 0.226946 0.260676 0.226874 0.349781 0.317569 0.151333 0.318488 0.212371 0.230497 0.253617
 0.199494 0.32687 0.369646 0.47017 0.706802 0.568672 0.470873 0.32009 0.149321 0.124652 0.201187 0.224765 0.225192 0.186361 0.280516 0.36227 0.412776 0.365434 0.291004 0.383358
 0.391215 0.395892 0.418381 0.340939 0.207437 0.198608 0.281359 0.327056 0.173282 0.183414 0.233706 0.215476 0.39087 0.309715 0.291828 0.192602 0.346789 0.193929 0.379072 0.208219
 0.157618 0.188984 0.314957 0.302333 0.556684 0.506913 0.449127 0.271315 0.191351 0.152538 0.262513 0.242627 0.269543 0.216823 0.344961 0.285496 0.328595 0.315129 0.19488 0.288681
 0.303554 0.280003 0.314335 0.441739 0.281927 0.363692 0.312635 0.457108 0.0896141 0.199922 0.237642 0.275856 0.348291 0.288031 0.279033 0.303913 0.234318 0.173167 0.260949 0.147924
 0.0793362 0.319627 0.324041 0.373033 0.486271 0.467819 0.488113 0.441226 0.158763 0.248212 0.161784 0.19173 0.228052 0.248738 0.351317 0.247094 0.303259 0.400319 0.480879 0.341883
 0.105774 0.286611 0.333036 0.321156 0.424965 0.557468 0.445568 0.422965 0.217747 0.192357 0.228049 0.144986 0.215243 0.296505 0.326314 0.399039 0.320812 0.227524 0.250968 0.221465
 0.335606 0.33245 0.292504 0.338786 0.266134 0.246273 0.304406 0.319215 0.162862 0.217673 0.269737 0.211888 0.211602 0.273831 0.310666 0.267636 0.318049 0.405225 0.228915 0.224427
 0.46713 0.353563 0.334257 0.285028 0.265704 0.258806 0.276494 0.272172 0.325544 0.181888 0.192558 0.238413 0.262268 0.262085 0.346263 0.362148 0.330935 0.248879 0.301387 0.256648
 0.344106 0.273092 0.338485 0.44817 0.288262 0.190772 0.310923 0.331648 0.113887 0.198685 0.225733 0.269402 0.27358 0.296026 0.281034 0.279894 0.255711 0.274809 0.240203 0.248805
 0.398734 0.366725 0.226468 0.481561 0.457892 0.34541 0.251873 0.328011 0.103128 0.151553 0.241898 0.211967 0.276463 0.393569 0.426962 0.61531 0.214934 0.238458 0.239149 0.204002
 0.307364 0.300512 0.325325 0.305719 0.250627 0.400018 0.310006 0.232465 0.249416 0.226578 0.260587 0.216003 0.242045 0.203032 0.245435 0.306982 0.214448 0.276144 0.272453 0.335993
 0.151596 0.341608 0.249172 0.440079 0.23454 0.344151 0.367555 0.476739 0.255867 0.209721 0.274961 0.184636 0.160877 0.256237 0.24084 0.372527 0.32297 0.270992 0.311449 0.298386
 0.248785 0.478489 0.349565 0.453363 0.420814 0.180681 0.322776 0.196352 0.175879 0.228837 0.178379 0.271956 0.197062 0.222402 0.303069 0.233163 0.207453 0.318094 0.216534 0.352735
 0.202054 0.358306 0.285484 0.313551 0.317177 0.222673 0.261936 0.446457 0.215901 0.339986 0.317383 0.231139 0.306509 0.239394 0.189052 0.184435 0.186275 0.266184 0.290421 0.322294
 0.295946 0.354142 0.280989 0.41017 0.252929 0.335328 0.265927 0.312631 0.168397 0.173373 0.198366 0.23465 0.202295 0.208686 0.250472 0.283071 0.275325 0.308179 0.274693 0.29424
 0.439112 0.385142 0.300581 0.304565 0.356423 0.377986 0.308171 0.254245 0.255684 0.0693338 0.211676 0.230931 0.226994 0.205995 0.210148 0.244997 0.360918 0.417542 0.30799 0.322711
 0.199099 0.303547 0.39267 0.453152 0.397203 0.215636 0.274475 0.443869 0.170338 0.193104 0.23094 0.261944 0.221538 0.225404 0.179482 0.244285 0.364627 0.296499 0.254796 0.316826
 0.415547 0.293107 0.353927 0.322781 0.395716 0.349472 0.261534 0.312951 0.228078 0.254011 0.265416 0.163442 0.14137 0.245375 0.226875 0.297369 0.256111 0.251767 0.272104 0.273621
 0.453749 0.365362 0.155671 0.295801 0.313027 0.358997 0.347433 0.38085 0.411608 0.220856 0.248853 0.187859 0.171021 0.167543 0.197846 0.275924 0.31152 0.350716 0.47538 0.315868
 0.463243 0.408712 0.439019 0.381843 0.245148 0.225079 0.243629 0.248271 0.0901855 0.244605 0.135819 0.286457 0.206761 0.421068 0.35114 0.392011 0.339775 0.244414 0.260348 0.253617
 0.143248 0.253871 0.361158 0.344272 0.404384 0.36498 0.416908 0.544806 0.290477 0.134109 0.216321 0.12792 0.203224 0.275422 0.311617 0.383065 0.282281 0.354109 0.307297 0.286373
 0.282286 0.247993 0.474533 0.435891 0.373711 0.308541 0.21751 0.331668 0.167803 0.174221 0.180872 0.281377 0.211775 0.343368 0.351534 0.351106 0.24611 0.237262 0.369611 0.3174
 0.625333 0.34436 0.237168 0.337876 0.350048 0.362532 0.297614 0.292366 0.192696 0.20008 0.197989 0.187313 0.253927 0.376724 0.348826 0.142035 0.244651 0.307561 0.378185 0.232019
 0.224452 0.242215 0.307416 0.375912 0.374913 0.544407 0.378961 0.326075 0.226334 0.204931 0.229861 0.22559 0.243335 0.200264 0.174215 0.261992 0.361032 0.391719 0.325253 0.281473
 0.42335 0.403041 0.333185 0.342298 0.401176 0.295947 0.249006 0.329212 0.12483 0.198855 0.24709 0.219454 0.334298 0.202804 0.294427 0.164118 0.245885 0.198212 0.249871 0.251725
 0.183956 0.288804 0.383986 0.426043 0.387686 0.39935 0.304898 0.242698 0.211925 0.200127 0.154751 0.21717 0.151539 0.343679 0.333664 0.31767 0.329546 0.208347 0.320256 0.333474
 0.362959 0.282384 0.472376 0.323319 0.269333 0.273561 0.38848 0.317472 0.265746 0.0997402 0.184047 0.274489 0.263814 0.270089 0.264819 0.368416 0.258279 0.262448 0.305209 0.355881
 0.181233 0.483565 0.42633 0.479164 0.38813 0.197615 0.226388 0.263259 0.159643 0.174559 0.235203 0.24264 0.19562 0.286686 0.223546 0.300092 0.263971 0.231088 0.405651 0.503366
 0.256647 0.36636 0.264012 0.292753 0.19616 0.194852 0.296529 0.340309 0.304843 0.213774 0.203973 0.24025 0.194792 0.291519 0.337671 0.185091 0.218113 0.263164 0.245433 0.234754
 0.237514 0.29461 0.359229 0.429097 0.37521 0.314462 0.557853 0.212409 0.126348 0.21997 0.278057 0.292368 0.276466 0.211798 0.278054 0.323921 0.216366 0.257174 0.368216 0.237043
 0.273663 0.295526 0.318285 0.336403 0.327568 0.222296 0.374695 0.247082 0.232546 0.180349 0.207644 0.182263 0.279037 0.193362 0.23613 0.249953 0.274903 0.260749 0.320671 0.323346
 0.338752 0.38619 0.331483 0.403999 0.461848 0.226738 0.253818 0.256369 0.204823 0.176978 0.21465 0.248008 0.252445 0.170149 0.216686 0.246927 0.324889 0.405866 0.607718 0.326633
 0.266313 0.39383 0.2701 0.198027 0.279978 0.463628 0.430685 0.365401 0.243604 0.193939 0.214247 0.224453 0.282896 0.175237 0.276861 0.332517 0.143676 0.299744 0.262399 0.213374
 0.434523 0.424262 0.296623 0.370222 0.394132 0.184886 0.261363 0.310058 0.167741 0.255196 0.116286 0.225108 0.225215 0.270624 0.253406 0.364286 0.308128 0.307375 0.253879 0.155786
 0.185862 0.239919 0.260225 0.226862 0.371584 0.491772 0.440838 0.807525 0.166551 0.29266 0.24714 0.236401 0.182956 0.252577 0.215624 0.235222 0.250042 0.261753 0.27001 0.322784
 0.357141 0.449505 0.35944 0.433445 0.191184 0.239992 0.294621 0.278493 0.13725 0.186279 0.221204 0.278252 0.234122 0.297426 0.293669 0.18876 0.314195 0.187629 0.29699 0.267386
 0.256497 0.246411 0.305416 0.338623 0.358231 0.214589 0.202051 0.477492 0.0636288 0.244341 0.229121 0.225706 0.339058 0.322683 0.290636 0.371521 0.224958 0.337682 0.365679 0.356003
 0.234392 0.425097 0.371237 0.46036 0.216354 0.355763 0.314058 0.356094 0.158658 0.146762 0.186624 0.241761 0.21441 0.211666 0.287455 0.281981 0.276825 0.263637 0.317478 0.338106
 0.238477 0.252568 0.250985 0.300728 0.36383 0.392369 0.227881 0.265747 0.137523 0.25323 0.200717 0.317989 0.322282 0.300288 0.180047 0.377613 0.192259 0.277665 0.243904 0.31533
 0.299189 0.281102 0.198372 0.315536 0.338344 0.549923 0.193794 0.176702 0.231895 0.208283 0.269566 0.192634 0.294836 0.299222 0.357444 0.237184 0.432576 0.246445 0.294668 0.141907
 0.369596 0.400143 0.222163 0.296315 0.304253 0.375711 0.288347 0.312038 0.158399 0.201433 0.178884 0.285772 0.211904 0.266993 0.157876 0.302879 0.176888 0.270253 0.221881 0.292619
 0.403014 0.290775 0.309256 0.364658 0.337142 0.309343 0.249738 0.266492 0.1189 0.179231 0.19084 0.202041 0.206936 0.257332 0.248844 0.252762 0.276183 0.309833 0.368963 0.441924
 0.147806 0.277309 0.335632 0.412154 0.609254 0.624198 0.389245 0.555245 0.16469 0.173639 0.211116 0.197004 0.15682 0.248978 0.290388 0.267468 0.230725 0.226311 0.279466 0.368093
 0.494582 0.330397 0.251731 0.392175 0.325538 0.159834 0.274782 0.27711 0.112498 0.174488 0.221809 0.267725 0.2441 0.201743 0.156677 0.346492 0.381838 0.40277 0.33357 0.355984
 0.298965 0.270602 0.279155 0.266889 0.367661 0.464995 0.170783 0.282944 0.22046 0.110322 0.244424 0.215404 0.303754 0.349732 0.464769 0.404134 0.418789 0.324823 0.380664 0.173597
 0.12658 0.255037 0.273995 0.360431 0.692258 0.600132 0.434528 0.562009 0.245737 0.159931 0.25875 0.186215 0.226528 0.261771 0.202508 0.211213 0.257235 0.315441 0.289088 0.348395
 0.656086 0.602349 0.28238 0.400454 0.196241 0.278145 0.332257 0.221861 0.244712 0.17821 0.261613 0.309909 0.218605 0.361232 0.319962 0.134152 0.247508 0.308052 0.186725 0.262951
 0.486274 0.520492 0.745805 0.29004 0.322307 0.211406 0.158005 0.279347 0.102938 0.184846 0.203761 0.273448 0.279399 0.310825 0.27145 0.310008 0.37778 0.230843 0.300573 0.253636
 0.358404 0.382694 0.300123 0.317759 0.294568 0.333911 0.291066 0.23417 0.111346 0.232588 0.234755 0.198047 0.181939 0.244659 0.199321 0.335503 0.283451 0.367146 0.691381 0.491684
 0.147922 0.404185 0.236984 0.64355 0.463846 0.747666 0.4333 0.406239 0.108385 0.19309 0.219577 0.21844 0.360696 0.216427 0.260347 0.240697 0.297963 0.200023 0.245598 0.216874
 0.260171 0.32943 0.331212 0.433013 0.459168 0.25312 0.29345 0.278438 0.19879 0.186222 0.238219 0.195362 0.270821 0.184686 0.264836 0.184453 0.175685 0.276352 0.283046 0.29531
 0.267723 0.344201 0.35912 0.409775 0.298982 0.335705 0.315714 0.317017 0.145081 0.221918 0.117284 0.283728 0.268102 0.30195 0.216747 0.251965 0.28045 0.212503 0.303347 0.287339
 0.207087 0.313703 0.371819 0.256877 0.265414 0.301886 0.35909 0.383729 0.106967 0.241728 0.206103 0.202895 0.298467 0.240775 0.307373 0.279885 0.264261 0.281748 0.33195 0.297793
 0.173182 0.252638 0.333116 0.332491 0.315059 0.262177 0.297416 0.286819 0.240637 0.21322 0.170207 0.199296 0.227096 0.19078 0.285637 0.325019 0.210793 0.277196 0.302458 0.45404
 0.21619 0.29725 0.303123 0.217862 0.252653 0.335285 0.361479 0.257422 0.173322 0.272151 0.223002 0.138183 0.314543 0.259931 0.32715 0.277072 0.318202 0.323698 0.428851 0.524055
 0.180591 0.286665 0.329642 0.29383 0.25288 0.284089 0.278094 0.376593 0.261849 0.228388 0.197357 0.165905 0.228888 0.331198 0.208363 0.27827 0.316218 0.270275 0.378246 0.122468
 0.332409 0.375461 0.335751 0.444618 0.139639 0.237283 0.362286 0.357424 0.237193 0.247742 0.176301 0.208311 0.206659 0.224212 0.273614 0.195049 0.218893 0.241891 0.293411 0.325718
 0.235016 0.273026 0.360864 0.338778 0.587317 0.206643 0.250932 0.247973 0.240989 0.179385 0.186085 0.286985 0.185801 0.312302 0.362612 0.21792 0.187681 0.255768 0.308743 0.284953
 0.341971 0.324548 0.386694 0.308439 0.401237 0.310689 0.225467 0.298123 0.232983 0.248173 0.28068 0.204325 0.129035 0.205563 0.222788 0.298538 0.229221 0.26192 0.225868 0.259871
 0.228432 0.365428 0.371507 0.376146 0.29459 0.32432 0.268822 0.214885 0.340606 0.118794 0.153732 0.233443 0.336638 0.297804 0.351622 0.221389 0.25245 0.138166 0.344192 0.248783
 0.245304 0.266998 0.245761 0.420039 0.322517 0.355825 0.224814 0.241388 0.202726 0.142284 0.177867 0.267265 0.322562 0.27647 0.223034 0.265565 0.276072 0.216554 0.273347 0.300643
 0.446969 0.31295 0.4002 0.30798 0.346725 0.303636 0.186406 0.189717 0.237998 0.225539 0.37506 0.298577 0.158802 0.230196 0.294568 0.32015 0.27086 0.243321 0.135989 0.24595
 0.20152 0.310182 0.406955 0.439386 0.398118 0.306271 0.370317 0.369032 0.0725127 0.252073 0.173788 0.234289 0.339705 0.405608 0.182123 0.197113 0.178346 0.275442 0.3125 0.330235
 0.280382 0.317398 0.359601 0.336318 0.370931 0.275639 0.238244 0.261453 0.198138 0.241574 0.280826 0.220921 0.219562 0.294961 0.124348 0.329425 0.127088 0.261471 0.282656 0.367585
 0.211428 0.281601 0.36867 0.4638 0.402069 0.551145 0.638473 0.358025 0.106217 0.195336 0.149503 0.207345 0.147398 0.23038 0.18984 0.282326 0.311941 0.346955 0.325418 0.358827
 0.362282 0.488394 0.479678 0.330144 0.259767 0.191003 0.153432 0.267516 0.266103 0.281671 0.199153 0.193894 0.232975 0.15391 0.243743 0.196616 0.273122 0.278843 0.249212 0.226099
 0.441796 0.402655 0.260812 0.256289 0.248092 0.221096 0.26246 0.443923 0.0902547 0.23655 0.303965 0.245217 0.364288 0.255127 0.208142 0.361468 0.221468 0.239612 0.297869 0.166589
 0.292064 0.280467 0.167732 0.426497 0.351246 0.529067 0.337329 0.399601 0.121398 0.215757 0.166423 0.239211 0.280706 0.285775 0.293815 0.232726 0.223771 0.234758 0.282583 0.226028
 0.170912 0.303206 0.367147 0.371403 0.261609 0.246429 0.35288 0.260836 0.208271 0.251757 0.253577 0.251103 0.280914 0.51376 0.107217 0.205005 0.240862 0.194678 0.20076 0.204094
 0.179076 0.272608 0.241525 0.585224 0.248124 0.313703 0.616839 0.300337 0.192858 0.204787 0.221167 0.176418 0.225601 0.227468 0.285537 0.340384 0.261541 0.283489 0.284522 0.352194
 0.197507 0.246786 0.287428 0.295987 0.287936 0.352044 0.303202 0.464567 0.325031 0.360745 0.137468 0.223328 0.175019 0.144178 0.250238 0.299198 0.263622 0.24907 0.224655 0.324675
 0.370832 0.253721 0.210242 0.295342 0.463771 0.441109 0.292652 0.281063 0.2421 0.213733 0.181136 0.235429 0.140163 0.220567 0.248866 0.300546 0.356774 0.356767 0.298078 0.359843
 0.141432 0.255721 0.306362 0.323933 0.359252 0.198202 0.5097 0.388527 0.211511 0.21444 0.12895 0.248447 0.20451 0.304561 0.263528 0.247702 0.279612 0.400647 0.36225 0.34094
 0.150082 0.288928 0.303983 0.337358 0.477302 0.301245 0.411552 0.412796 0.118727 0.208876 0.167864 0.24291 0.300369 0.161532 0.234131 0.294176 0.24821 0.305484 0.255457 0.278776
 0.354052 0.540761 0.224394 0.41619 0.290789 0.375029 0.259905 0.25496 0.132294 0.181889 0.219823 0.267384 0.240276 0.201326 0.339031 0.239356 0.254548 0.226044 0.330827 0.414465
 0.143181 0.257627 0.236634 0.301223 0.606577 0.270826 0.288976 0.353376 0.194141 0.207584 0.18097 0.250135 0.125706 0.219423 0.334967 0.3895 0.406196 0.235171 0.382985 0.560671
 0.175805 0.297075 0.307808 0.515216 0.270913 0.279025 0.40904 0.44128 0.122169 0.218984 0.190896 0.173421 0.254279 0.310331 0.225955 0.312717 0.240149 0.252666 0.335164 0.255903
 0.214108 0.339067 0.281531 0.29273 0.264149 0.23976 0.298303 0.277725 0.236758 0.203139 0.22729 0.224528 0.372457 0.332078 0.285922 0.20638 0.18795 0.219893 0.413235 0.216115
 0.3772 0.368378 0.231574 0.219775 0.292263 0.183736 0.382374 0.307772 0.20876 0.221176 0.246271 0.218793 0.22989 0.191591 0.29973 0.270667 0.377405 0.30116 0.2861 0.186478
 0.251141 0.353658 0.303654 0.339548 0.242592 0.303801 0.465477 0.448252 0.182533 0.276139 0.172628 0.143731 0.279349 0.133507 0.254057 0.394207 0.409914 0.369852 0.342046 0.207332
 0.138853 0.226947 0.318219 0.407974 0.436376 0.303626 0.518542 0.534354 0.1171 0.189683 0.223998 0.254602 0.158542 0.192305 0.241329 0.288644 0.36895 0.560798 0.28773 0.430334
 0.416798 0.994407 0.481538 0.395332 0.266756 0.154986 0.312665 0.221919 0.131784 0.191125 0.223413 0.329838 0.268249 0.351329 0.279379 0.356626 0.211315 0.227832 0.294062 0.223937
 0.312084 0.320519 0.219898 0.392113 0.28389 0.195967 0.273614 0.350413 0.302353 0.188694 0.304602 0.279886 0.276206 0.0994125 0.25442 0.29324 0.218751 0.182107 0.311057 0.399233
 0.152495 0.301772 0.317831 0.347155 0.491224 0.321022 0.307056 0.516605 0.168785 0.210721 0.138873 0.182625 0.262732 0.291932 0.418054 0.259146 0.303738 0.179982 0.203215 0.241624
 0.207552 0.204616 0.25675 0.436557 0.237416 0.362489 0.333737 0.464941 0.124513 0.228503 0.22285 0.309175 0.174003 0.43317 0.303201 0.247765 0.209726 0.220377 0.26254 0.312047
 0.295762 0.417372 0.297904 0.297879 0.512764 0.211579 0.282414 0.349539 0.377807 0.0690668 0.153346 0.199896 0.201465 0.341835 0.272957 0.369696 0.431539 0.200911 0.247239 0.257078
 0.182127 0.324418 0.204034 0.391431 0.380701 0.236745 0.40466 0.358061 0.10113 0.203929 0.199114 0.174126 0.246791 0.278235 0.371161 0.170337 0.219696 0.310038 0.463568 0.354398
 0.249 0.196698 0.257794 0.282065 0.357492 0.35109 0.471592 0.565936 0.202156 0.227034 0.184288 0.27131 0.187463 0.337778 0.247242 0.282255 0.316213 0.238076 0.170762 0.193216
 0.110125 0.288958 0.283762 0.406538 0.615639 0.388147 0.326437 0.52737 0.216495 0.278779 0.229858 0.196215 0.178508 0.184742 0.192786 0.273887 0.109368 0.279182 0.302279 0.30473
 0.0933396 0.284058 0.307147 0.774359 0.823137 0.632608 0.352002 0.359393 0.191009 0.158686 0.208114 0.180248 0.234962 0.166993 0.28448 0.287067 0.44716 0.361395 0.327466 0.505747
 0.36968 0.260332 0.284293 0.566675 0.340402 0.262951 0.228466 0.172812 0.227266 0.214171 0.247651 0.297293 0.233537 0.27473 0.382209 0.409032 0.249479 0.311151 0.215108 0.211619
 0.228319 0.350007 0.301874 0.370932 0.253304 0.283572 0.342616 0.224371 0.156443 0.237998 0.206794 0.190642 0.245581 0.224809 0.30287 0.287843 0.32715 0.427276 0.224171 0.226736
 0.0907935 0.266478 0.292371 0.545122 0.570577 0.933583 0.654072 0.817623 0.155603 0.0519606 0.171375 0.25466 0.309033 0.488004 0.584535 0.536859 0.827859 0.132562 0.260568 0.117592
 0.28153 0.221323 0.323064 0.413393 0.390426 0.377733 0.304138 0.282788 0.181769 0.317037 0.217381 0.147447 0.209273 0.183438 0.328748 0.265985 0.436075 0.243377 0.253774 0.27189
 0.205805 0.337647 0.308901 0.366495 0.323565 0.336053 0.253836 0.466984 0.0961039 0.236466 0.18534 0.189394 0.199001 0.168401 0.272203 0.300077 0.264075 0.318895 0.471614 0.330119
 0.253851 0.298405 0.289998 0.224159 0.277964 0.381128 0.305455 0.352974 0.251514 0.184466 0.177143 0.231908 0.193008 0.288886 0.255786 0.31707 0.172907 0.455519 0.240852 0.427598
 0.632365 0.422023 0.200949 0.321351 0.372471 0.310498 0.425733 0.234736 0.119209 0.219087 0.207522 0.264161 0.242011 0.231339 0.269037 0.260382 0.303936 0.273139 0.224799 0.331655
 0.181995 0.336643 0.271671 0.487986 0.317548 0.247583 0.360557 0.446964 0.211857 0.192206 0.232313 0.157022 0.274721 0.183526 0.231135 0.266099 0.35166 0.293651 0.248751 0.284426
 0.28735 0.210248 0.276189 0.311035 0.226338 0.444608 0.409616 0.347873 0.409625 0.056839 0.228908 0.216204 0.338543 0.225729 0.219408 0.282813 0.260196 0.289465 0.300928 0.286522
 0.180303 0.282354 0.269826 0.293575 0.40051 0.330491 0.312086 0.464855 0.225329 0.103962 0.211454 0.215831 0.288929 0.198335 0.369012 0.540288 0.424183 0.217744 0.184448 0.246687
 0.25814 0.33126 0.653912 0.29804 0.342116 0.239652 0.230291 0.214294 0.168841 0.138053 0.249925 0.192745 0.302868 0.341176 0.368744 0.315098 0.342915 0.163202 0.217741 0.285751
 0.334274 0.345822 0.456638 0.281014 0.289992 0.272813 0.315199 0.176549 0.111759 0.197079 0.240086 0.267886 0.3075 0.393139 0.328068 0.238105 0.269623 0.266641 0.324884 0.175199
 0.262477 0.334395 0.264912 0.27211 0.353893 0.30461 0.198378 0.231719 0.256307 0.205844 0.218653 0.21322 0.232178 0.235388 0.278604 0.31732 0.471414 0.289274 0.288154 0.309737
 0.181735 0.321638 0.468361 0.230079 0.268147 0.214432 0.410395 0.34304 0.266786 0.0846661 0.362239 0.237468 0.317179 0.232366 0.297538 0.381033 0.439859 0.125123 0.324733 0.150951
 0.225688 0.320734 0.332942 0.286481 0.34482 0.286565 0.352849 0.628614 0.0510748 0.183819 0.198325 0.232334 0.308556 0.314754 0.297599 0.359823 0.418284 0.306 0.275899 0.275241
 0.292709 0.411847 0.348808 0.292594 0.262389 0.243693 0.244017 0.22959 0.220147 0.211293 0.198573 0.206495 0.273043 0.260366 0.309351 0.261373 0.423876 0.323883 0.270052 0.229845
 0.138775 0.287035 0.309323 0.526862 0.397964 0.252643 0.2828 0.421044 0.258776 0.197501 0.273333 0.235777 0.166219 0.217626 0.246126 0.311297 0.299651 0.224177 0.239792 0.208647
 0.293865 0.387648 0.286431 0.588675 0.49644 0.336092 0.105798 0.290191 0.158241 0.163497 0.204955 0.294969 0.144028 0.244793 0.293313 0.445529 0.364595 0.414536 0.325276 0.237247
 0.271305 0.449531 0.468194 0.254482 0.284556 0.190648 0.34581 0.226983 0.155706 0.175078 0.209539 0.228742 0.371523 0.414284 0.492187 0.459985 0.32111 0.22136 0.201841 0.220835
 0.117609 0.279404 0.240798 0.330349 0.265327 0.371427 0.424168 1.02235 0.200761 0.227954 0.257406 0.297209 0.163298 0.28943 0.101552 0.221627 0.210088 0.321575 0.339417 0.414302
 0.286767 0.335639 0.372536 0.342676 0.484362 0.247306 0.126513 0.262852 0.260267 0.190544 0.220155 0.300494 0.227525 0.230018 0.266246 0.281098 0.295242 0.290476 0.188828 0.198272
 0.383788 0.339815 0.555396 0.522242 0.240596 0.249688 0.152269 0.312027 0.181697 0.222957 0.219308 0.248433 0.243323 0.236996 0.238567 0.339603 0.218061 0.22992 0.303669 0.374554
 0.161856 0.372199 0.233774 0.399063 0.247227 0.385114 0.29509 0.277433 0.231492 0.40598 0.0861805 0.278566 0.196245 0.248902 0.343106 0.20893 0.34276 0.43268 0.324152 0.263464
 0.0967899 0.210502 0.292425 0.523534 0.681437 0.637765 0.416028 0.426124 0.273748 0.209168 0.211143 0.236857 0.264472 0.243439 0.28295 0.198684 0.262708 0.26403 0.222579 0.316227
 0.243824 0.283156 0.374969 0.409197 0.288904 0.345811 0.404883 0.404079 0.079417 0.247848 0.237265 0.265075 0.33029 0.262156 0.169169 0.400106 0.269398 0.176894 0.247967 0.266524
 0.320637 0.34608 0.44491 0.300459 0.378826 0.160255 0.281362 0.305607 0.166781 0.274204 0.174803 0.184183 0.122916 0.265129 0.257559 0.305972 0.312443 0.451885 0.43007 0.284064
 0.320983 0.312418 0.363343 0.245037 0.223059 0.248092 0.231517 0.29775 0.267593 0.168506 0.236978 0.198078 0.244665 0.274494 0.194886 0.192656 0.247433 0.258892 0.313085 0.320061
 0.141424 0.289874 0.326981 0.441056 0.288307 0.290868 0.474288 0.320212 0.209717 0.224204 0.171118 0.174907 0.212943 0.325505 0.307871 0.500607 0.390545 0.320067 0.314556 0.418834
 0.392953 0.249872 0.384725 0.335048 0.286779 0.275444 0.319531 0.32714 0.227932 0.0899127 0.278701 0.241427 0.122823 0.246779 0.289052 0.299133 0.484448 0.3478 0.442522 0.265321
 0.23317 0.245433 0.317942 0.325505 0.234864 0.266633 0.34263 0.467982 0.121481 0.174618 0.251014 0.239986 0.237196 0.238669 0.203903 0.286497 0.363943 0.410194 0.262586 0.392437
 0.218776 0.350189 0.340907 0.345926 0.468066 0.408899 0.289425 0.279873 0.284254 0.249067 0.171172 0.128654 0.222533 0.241256 0.283254 0.173071 0.26984 0.453333 0.353263 0.312161
 0.350571 0.333726 0.286157 0.259499 0.328738 0.512357 0.264161 0.180329 0.184643 0.25374 0.178291 0.214307 0.112938 0.309709 0.341004 0.262706 0.253985 0.239303 0.317064 0.508425
 0.381752 0.322251 0.334791 0.351396 0.421181 0.256926 0.183637 0.196164 0.2801 0.322391 0.275493 0.190869 0.111007 0.174028 0.198161 0.282003 0.383867 0.300776 0.50233 0.397649
 0.0820094 0.341862 0.308009 0.238972 0.402116 0.291832 0.359862 0.533633 0.257309 0.290455 0.165604 0.22249 0.189906 0.19213 0.15588 0.202376 0.331549 0.573459 0.529092 0.688641
 0.149051 0.182969 0.311542 0.359094 0.313739 0.424048 0.528975 0.495369 0.300226 0.148832 0.187755 0.279337 0.278569 0.467857 0.176871 0.336317 0.115694 0.242233 0.271316 0.259674
 0.223386 0.334608 0.254125 0.29328 0.43154 0.472675 0.232478 0.281134 0.236459 0.0987181 0.232633 0.179509 0.178671 0.23529 0.200511 0.378342 0.328242 0.461071 0.625429 0.391335
 0.568116 0.39799 0.326118 0.246663 0.248491 0.195294 0.232993 0.226021 0.154727 0.226926 0.231965 0.178444 0.285135 0.275082 0.231328 0.372667 0.426702 0.344109 0.497521 0.206829
 0.293932 0.349685 0.217674 0.258185 0.395845 0.404836 0.394095 0.250029 0.119558 0.232762 0.253273 0.381138 0.351894 0.10874 0.259492 0.239138 0.262053 0.330663 0.28821 0.435771
 0.374769 0.321431 0.365303 0.348085 0.23191 0.224855 0.285635 0.280785 0.130347 0.232238 0.195741 0.173332 0.290742 0.367342 0.403281 0.369911 0.25998 0.271397 0.2435 0.33639
 0.168543 0.297185 0.263465 0.442688 0.254002 0.223425 0.286466 0.37842 0.177451 0.175536 0.228789 0.297954 0.273198 0.151685 0.261159 0.281304 0.320683 0.424828 0.308302 0.291375
 0.39541 0.230383 0.34755 0.37626 0.473072 0.31939 0.361064 0.435999 0.234869 0.181019 0.120259 0.245878 0.197722 0.246537 0.236644 0.295331 0.306505 0.220999 0.242798 0.285779
 0.257911 0.298965 0.295867 0.246845 0.274583 0.310568 0.252886 0.344427 0.149323 0.294334 0.244971 0.263402 0.149779 0.216207 0.304443 0.227726 0.286905 0.300706 0.244842 0.343508
 0.189533 0.275993 0.374299 0.391101 0.275641 0.432364 0.451528 0.37774 0.182952 0.141814 0.278923 0.24108 0.301637 0.188967 0.23834 0.244746 0.185442 0.179241 0.203775 0.288621
 0.352555 0.291545 0.250051 0.334954 0.393681 0.409228 0.274461 0.314792 0.134355 0.0727516 0.203869 0.208079 0.222561 0.39312 0.562341 0.243375 0.269837 0.326073 0.389592 0.499127
 0.210259 0.373081 0.365238 0.235748 0.292657 0.313614 0.190155 0.239203 0.18023 0.132342 0.24526 0.245071 0.342974 0.206623 0.289789 0.332461 0.32523 0.227089 0.207431 0.29209
 0.23885 0.332684 0.297347 0.354346 0.319279 0.307631 0.216817 0.303799 0.238369 0.141982 0.176341 0.194897 0.262223 0.23107 0.370479 0.463989 0.367672 0.321907 0.296484 0.114525
 0.165585 0.276497 0.219104 0.407394 0.446325 0.354611 0.444223 0.469072 0.163229 0.161492 0.285859 0.240674 0.392487 0.164919 0.261684 0.266243 0.191076 0.184234 0.238978 0.281283
 0.212489 0.285908 0.356354 0.425585 0.387093 0.320169 0.297153 0.389528 0.0591027 0.196375 0.22113 0.197044 0.190497 0.2567 0.281429 0.261109 0.441815 0.240922 0.404598 0.287981
 0.236612 0.239179 0.387568 0.365602 0.40209 0.5399 0.59625 0.342378 0.230003 0.173323 0.223323 0.128215 0.142525 0.277522 0.213537 0.3768 0.50274 0.538787 0.349474 0.291708
 0.243471 0.309701 0.180265 0.252581 0.366096 0.313985 0.340459 0.591285 0.0818156 0.259941 0.242745 0.222227 0.340486 0.266396 0.212642 0.313814 0.27966 0.380831 0.312791 0.347071
 0.24837 0.225406 0.309221 0.335855 0.335463 0.277289 0.21746 0.286498 0.285446 0.212803 0.185181 0.214453 0.272136 0.251263 0.250846 0.453217 0.153601 0.244964 0.262982 0.354245
 0.360749 0.208664 0.297163 0.267698 0.339777 0.274888 0.299965 0.315494 0.150394 0.264662 0.261499 0.104097 0.255733 0.281999 0.272266 0.353048 0.438071 0.597031 0.380347 0.464976
 0.260505 0.347024 0.431012 0.435885 0.217286 0.24826 0.298776 0.141736 0.207001 0.173014 0.249558 0.16542 0.301956 0.462326 0.451101 0.183617 0.340567 0.297091 0.233627 0.253655
 0.264304 0.252517 0.309543 0.46349 0.665376 0.37156 0.433009 0.223723 0.197038 0.24416 0.173063 0.275476 0.159651 0.196829 0.269665 0.189336 0.235846 0.266172 0.254163 0.277763
