 0.26423 0.329948 0.360433 0.533316 0.484092 0.407073 0.218534 0.189994 0.196429 0.133289 0.179348 0.200715 0.132535 0.15466 0.17079 0.167554 0.158005 0.186917 0.16651 0.211016
 0.289741 0.286222 0.389299 0.523941 0.383528 0.339129 0.277542 0.302301 0.0511465 0.178899 0.197991 0.197183 0.251051 0.231478 0.195421 0.246994 0.149765 0.128286 0.153761 0.204127
 0.411987 0.396975 0.184814 0.230028 0.215737 0.18144 0.231839 0.28888 0.173707 0.285616 0.137379 0.185759 0.11999 0.200132 0.236387 0.241164 0.246669 0.29867 0.219004 0.196749
 0.181862 0.333107 0.31769 0.481034 0.445923 0.550054 0.427154 0.273103 0.297746 0.232591 0.117075 0.1922 0.190747 0.13892 0.125803 0.201234 0.280773 0.130105 0.22137 0.274247
 0.136435 0.298168 0.292583 0.338893 0.529163 0.500993 0.450136 0.424378 0.212026 0.138133 0.125871 0.0873989 0.15045 0.146389 0.178954 0.229357 0.332703 0.536415 0.363081 0.253669
 0.143209 0.274764 0.243646 0.291926 0.388368 0.494709 0.472181 0.723938 0.126241 0.122729 0.176655 0.158226 0.178959 0.190307 0.221304 0.197861 0.129808 0.166447 0.200673 0.135772
 0.260088 0.252181 0.345131 0.321518 0.439699 0.480682 0.259269 0.171455 0.278226 0.140203 0.293818 0.0971399 0.18572 0.21574 0.20511 0.287958 0.225289 0.187063 0.209865 0.216833
 0.143281 0.189767 0.198103 0.394317 0.309896 0.345799 0.226023 0.331121 0.0977867 0.104186 0.111758 0.150574 0.203181 0.168905 0.270489 0.342155 0.222913 0.268373 0.140622 0.354976
 0.0724485 0.213318 0.320438 0.456985 0.414563 0.447231 0.618756 0.598836 0.0465332 0.170935 0.197221 0.177993 0.11628 0.202833 0.204671 0.276946 0.153482 0.242223 0.158382 0.213356
 0.128396 0.203556 0.218664 0.359276 0.409528 0.567039 0.28164 0.33285 0.250855 0.252216 0.210107 0.249683 0.211643 0.272287 0.263683 0.229981 0.223259 0.160719 0.169621 0.128638
 0.529349 0.587269 0.443845 0.396396 0.308246 0.235106 0.300178 0.23358 0.157987 0.216732 0.225138 0.220978 0.114623 0.125715 0.179232 0.140845 0.263817 0.305153 0.373611 0.389507
 0.298135 0.333331 0.328096 0.426528 0.332917 0.335329 0.327866 0.337961 0.16864 0.260636 0.40075 0.405696 0.313474 0.359047 0.392041 0.121772 0.152183 0.173833 0.242396 0.200785
 0.458656 0.393431 0.386385 0.392532 0.463611 0.317624 0.265135 0.173993 0.120781 0.213428 0.157287 0.182988 0.269853 0.150068 0.261179 0.301221 0.240411 0.316593 0.287372 0.158632
 0.299005 0.343887 0.416193 0.301603 0.330741 0.385252 0.34769 0.430183 0.0784839 0.165068 0.0797364 0.190209 0.205833 0.297877 0.347326 0.49789 0.406239 0.488801 0.356923 0.283752
 0.228737 0.264903 0.213135 0.348286 0.227006 0.248681 0.26701 0.243862 0.284692 0.168287 0.192664 0.128706 0.17965 0.208593 0.264517 0.150362 0.212972 0.255302 0.280298 0.121607
 0.171287 0.289095 0.416285 0.506979 0.696585 0.640156 0.360021 0.311456 0.159906 0.0846651 0.142064 0.161495 0.0775253 0.13885 0.213794 0.212245 0.212829 0.225987 0.359996 0.33336
 0.333548 0.262072 0.345077 0.405795 0.197222 0.282598 0.316848 0.29979 0.294331 0.254828 0.113167 0.156135 0.217045 0.181587 0.193385 0.24401 0.266907 0.207666 0.199474 0.161518
 0.21326 0.34699 0.424159 0.382597 0.347712 0.238014 0.280857 0.307296 0.189859 0.163003 0.158485 0.098943 0.123156 0.185855 0.196824 0.195224 0.287 0.277531 0.313578 0.254203
 0.148497 0.309497 0.30018 0.439626 0.287833 0.271614 0.303668 0.418683 0.12025 0.140364 0.210349 0.131337 0.0915281 0.228246 0.269035 0.33221 0.310573 0.183775 0.241563 0.163953
 0.184491 0.285174 0.388146 0.346488 0.198321 0.229068 0.353847 0.427374 0.100248 0.123775 0.0955597 0.167436 0.164443 0.216492 0.32729 0.386289 0.223826 0.237101 0.25644 0.389085
 0.388749 0.33174 0.217666 0.25955 0.261205 0.40117 0.28039 0.393843 0.155265 0.220344 0.215316 0.285566 0.303659 0.342387 0.125534 0.0893594 0.144297 0.154843 0.151055 0.198919
 0.170974 0.257008 0.204017 0.291841 0.368512 0.299317 0.336346 0.417219 0.456241 0.0873636 0.163383 0.0882622 0.139419 0.18015 0.231897 0.190667 0.273622 0.465894 0.425688 0.223479
 0.132703 0.199486 0.320309 0.30563 0.310928 0.369498 0.324255 0.438828 0.311216 0.226595 0.223855 0.207632 0.163049 0.160914 0.13362 0.191617 0.217576 0.145039 0.174198 0.209458
 0.172162 0.304521 0.246838 0.345578 0.363878 0.422904 0.490675 0.370803 0.230607 0.117781 0.222486 0.162791 0.224145 0.158859 0.159247 0.171717 0.257136 0.117967 0.185904 0.200835
 0.267625 0.369741 0.178169 0.259554 0.290207 0.281481 0.380492 0.337025 0.263677 0.154661 0.153154 0.235418 0.180084 0.174102 0.200305 0.162823 0.248156 0.282851 0.138444 0.224683
 0.404587 0.493628 0.342891 0.327093 0.388515 0.390418 0.230358 0.222766 0.242019 0.244857 0.15053 0.147275 0.138601 0.149288 0.191491 0.232759 0.261942 0.36843 0.257254 0.206847
 0.11532 0.195694 0.296761 0.29729 0.465324 0.268301 0.344729 0.426493 0.161167 0.147047 0.163274 0.205838 0.082007 0.17752 0.17827 0.250049 0.21714 0.265029 0.191861 0.169058
 0.244943 0.363082 0.281089 0.28341 0.293844 0.28357 0.299162 0.172955 0.185042 0.0785681 0.169277 0.20236 0.160001 0.173949 0.216544 0.239878 0.22782 0.145348 0.186859 0.147999
 0.279818 0.215574 0.228654 0.245228 0.377303 0.317973 0.263596 0.487224 0.250823 0.128515 0.150864 0.199295 0.183233 0.239685 0.199348 0.208407 0.133676 0.184679 0.223056 0.263408
 0.0827333 0.234033 0.264271 0.408536 0.669214 0.686388 1.2605 0.469935 0.116758 0.208988 0.13379 0.204924 0.10956 0.109087 0.186844 0.209988 0.258338 0.359096 0.17913 0.146148
 0.161889 0.188668 0.228594 0.36404 0.426317 0.230437 0.419012 0.355433 0.0752497 0.212077 0.193567 0.210484 0.127139 0.192351 0.145117 0.194086 0.194504 0.223605 0.283635 0.29768
 0.380691 0.505485 0.399908 0.466949 0.529469 0.254883 0.298912 0.308156 0.207013 0.186812 0.095231 0.134404 0.201586 0.238336 0.282011 0.315318 0.28997 0.190801 0.248209 0.158686
 0.216095 0.274507 0.348274 0.687094 0.208775 0.259942 0.330401 0.32624 0.194388 0.21251 0.115106 0.100983 0.141936 0.145915 0.156028 0.161612 0.190132 0.287859 0.301854 0.333495
 0.149356 0.249899 0.306494 0.50866 0.644005 0.59946 0.470889 0.327995 0.119811 0.103917 0.124035 0.136251 0.108651 0.206275 0.20293 0.19597 0.232923 0.152016 0.240766 0.298496
 0.348636 0.284779 0.361374 0.348367 0.307113 0.372196 0.29497 0.255046 0.297142 0.297903 0.16592 0.19102 0.106246 0.1416 0.213135 0.297817 0.294765 0.406331 0.386763 0.174468
 0.246816 0.244733 0.273682 0.304687 0.300175 0.309978 0.203011 0.2715 0.238688 0.174646 0.14834 0.14748 0.194343 0.262309 0.302901 0.287948 0.413032 0.511403 0.277081 0.283829
 0.244498 0.220327 0.332893 0.291673 0.314209 0.221434 0.224242 0.27543 0.145055 0.152599 0.207316 0.110061 0.205138 0.245849 0.289836 0.344271 0.395344 0.235361 0.319115 0.176815
 0.088049 0.288841 0.348908 0.447709 0.461933 0.221202 0.239813 0.308595 0.187329 0.196396 0.22305 0.262184 0.244451 0.160093 0.186803 0.251663 0.167323 0.29409 0.0973683 0.181932
 0.362326 0.340773 0.389219 0.388865 0.493531 0.495635 0.471544 0.189505 0.20154 0.124326 0.236055 0.161951 0.127976 0.219328 0.220463 0.2469 0.261442 0.238865 0.285246 0.17954
 0.228277 0.244425 0.348829 0.517812 0.493646 0.3586 0.483862 0.384036 0.153564 0.0983312 0.170332 0.159917 0.121441 0.147647 0.161529 0.225376 0.1811 0.0992336 0.103917 0.146377
 0.367605 0.316171 0.493891 0.456375 0.241072 0.302496 0.308296 0.347777 0.177982 0.220309 0.181931 0.112877 0.224298 0.286658 0.338775 0.437828 0.345579 0.175543 0.134344 0.0536555
 0.103035 0.231541 0.234431 0.355651 0.3918 0.317984 0.407237 0.462266 0.052696 0.173404 0.167371 0.217709 0.221948 0.191312 0.308051 0.304723 0.091681 0.215067 0.233288 0.298912
 0.19681 0.429013 0.261849 0.335582 0.364597 0.340111 0.315651 0.300455 0.175313 0.0590258 0.221701 0.159888 0.232151 0.324932 0.387067 0.455377 0.44309 0.324964 0.275994 0.204992
 0.341964 0.398153 0.319086 0.385251 0.286608 0.403537 0.277113 0.350824 0.0523703 0.164787 0.157778 0.203079 0.165085 0.183748 0.23021 0.235903 0.220449 0.173486 0.180972 0.245705
 0.118022 0.196543 0.304105 0.332452 0.421994 0.635706 0.669104 0.847416 0.0565902 0.148297 0.108431 0.134868 0.153538 0.174288 0.311101 0.280538 0.202717 0.186571 0.230526 0.210782
 0.162235 0.275813 0.31777 0.486905 0.646124 0.430271 0.521367 0.53651 0.19551 0.129383 0.127351 0.202542 0.145636 0.186196 0.171581 0.33244 0.178368 0.214493 0.254203 0.19791
 0.190074 0.321339 0.269336 0.307441 0.338951 0.323325 0.408071 0.251854 0.152941 0.154032 0.0951722 0.127704 0.129934 0.159619 0.213639 0.220273 0.304291 0.410903 0.242756 0.277599
 0.228903 0.331015 0.222705 0.331166 0.272479 0.36417 0.507329 0.345656 0.245711 0.252019 0.177593 0.138028 0.205561 0.239512 0.209583 0.274153 0.234827 0.281381 0.160731 0.153233
 0.199321 0.213829 0.263239 0.379191 0.27623 0.267826 0.311591 0.2474 0.184861 0.17784 0.224107 0.270391 0.205453 0.319449 0.123784 0.193017 0.125446 0.209135 0.185698 0.240339
 0.240421 0.292299 0.326155 0.2264 0.27118 0.311433 0.543986 0.274403 0.177777 0.212613 0.245998 0.28988 0.229967 0.17771 0.268022 0.125568 0.197901 0.125773 0.19819 0.180401
 0.618773 0.423582 0.430629 0.31999 0.342163 0.129721 0.285149 0.333648 0.0897704 0.15484 0.173608 0.149449 0.148904 0.205854 0.241944 0.226204 0.152269 0.204772 0.269625 0.346848
 0.216454 0.283824 0.454621 0.245731 0.265385 0.344843 0.191775 0.381338 0.139984 0.152141 0.21962 0.153515 0.23787 0.248147 0.267468 0.308952 0.451341 0.403367 0.157421 0.14017
 0.3948 0.370945 0.403597 0.363261 0.249341 0.276695 0.357132 0.279819 0.13023 0.17423 0.135392 0.214958 0.215977 0.274981 0.283333 0.217125 0.193002 0.177681 0.170413 0.180407
 0.350786 0.429055 0.411606 0.342296 0.304965 0.232995 0.262664 0.248411 0.225835 0.0969542 0.143364 0.187192 0.21287 0.192231 0.221555 0.171993 0.222733 0.224819 0.221158 0.240525
 0.194246 0.372094 0.309597 0.359306 0.419298 0.267922 0.2596 0.240213 0.127349 0.132471 0.209877 0.163431 0.207726 0.209985 0.130391 0.19965 0.200812 0.281169 0.287376 0.186363
 0.137186 0.262926 0.283164 0.305813 0.334197 0.349128 0.544189 0.242289 0.120655 0.152596 0.248931 0.244827 0.188883 0.277652 0.304309 0.125577 0.226173 0.15606 0.1702 0.184015
 0.203723 0.340496 0.373717 0.527985 0.565745 0.381535 0.351973 0.291718 0.098131 0.0840605 0.115869 0.150019 0.154957 0.146956 0.216305 0.267771 0.335434 0.244993 0.243069 0.268441
 0.332558 0.328609 0.396441 0.316733 0.178161 0.195999 0.315365 0.446018 0.135209 0.135103 0.17072 0.173138 0.297447 0.227308 0.216132 0.174958 0.283723 0.155703 0.262609 0.150981
 0.0921727 0.176586 0.250237 0.314532 0.546453 0.479025 0.434569 0.186714 0.119186 0.103164 0.179444 0.181837 0.217228 0.165061 0.234622 0.20551 0.265486 0.250994 0.173258 0.224548
 0.247816 0.248136 0.340168 0.420423 0.279836 0.395378 0.387099 0.462585 0.0599054 0.157266 0.194647 0.2481 0.314147 0.196196 0.183094 0.233949 0.171293 0.158211 0.220917 0.117972
 0.0930217 0.335184 0.37558 0.463755 0.401284 0.355582 0.470222 0.399347 0.145215 0.211655 0.122388 0.133045 0.189734 0.257592 0.325076 0.205881 0.243856 0.310408 0.330732 0.234151
 0.101312 0.282725 0.341937 0.335145 0.437388 0.387407 0.34664 0.486524 0.173684 0.156437 0.18807 0.101156 0.159297 0.213188 0.265882 0.396725 0.330591 0.228006 0.148754 0.136728
 0.314223 0.378653 0.283806 0.274198 0.23037 0.244238 0.351786 0.303652 0.135085 0.190516 0.263096 0.155947 0.157184 0.198371 0.220768 0.195543 0.239649 0.272067 0.180798 0.159789
 0.501151 0.338781 0.258792 0.237397 0.212657 0.245643 0.289887 0.223541 0.269888 0.128836 0.14761 0.215625 0.203314 0.204967 0.248492 0.23663 0.256387 0.178702 0.219418 0.222369
 0.332541 0.323625 0.449043 0.423387 0.241825 0.235919 0.351912 0.33459 0.0791339 0.1346 0.166737 0.197024 0.194192 0.252463 0.27414 0.191151 0.201875 0.16875 0.154558 0.17044
 0.233962 0.207014 0.217483 0.483159 0.507544 0.245599 0.198969 0.247148 0.107471 0.137047 0.180649 0.151476 0.234336 0.31298 0.408918 0.472402 0.200013 0.224128 0.164626 0.175207
 0.35117 0.335402 0.290758 0.297408 0.301147 0.350104 0.301761 0.263516 0.263802 0.205327 0.211776 0.182393 0.210351 0.161923 0.21127 0.252328 0.168889 0.205859 0.252831 0.252185
 0.135948 0.249197 0.269761 0.448474 0.268324 0.339722 0.366936 0.521303 0.281604 0.226558 0.232979 0.121766 0.132259 0.21157 0.225783 0.343583 0.32326 0.29019 0.284134 0.261841
 0.308218 0.441797 0.282195 0.372668 0.447259 0.20284 0.313417 0.20279 0.160507 0.15153 0.111182 0.194335 0.165633 0.198477 0.241567 0.167422 0.144388 0.200428 0.137588 0.240326
 0.274282 0.352446 0.266305 0.298852 0.303309 0.213902 0.270946 0.430279 0.22772 0.264782 0.246124 0.216592 0.281249 0.206983 0.130621 0.124959 0.163553 0.18107 0.175482 0.235012
 0.30382 0.386797 0.366542 0.412124 0.215608 0.277618 0.294886 0.395518 0.149633 0.139184 0.175686 0.156433 0.120458 0.12234 0.181531 0.20012 0.222226 0.186796 0.176383 0.224928
 0.411596 0.266025 0.228469 0.294083 0.37995 0.376998 0.349955 0.291619 0.239003 0.0497925 0.148958 0.162534 0.131261 0.171293 0.129368 0.183389 0.276657 0.336427 0.211065 0.255966
 0.201804 0.350165 0.386874 0.405928 0.287452 0.181797 0.296338 0.439131 0.128778 0.123883 0.16165 0.219794 0.161483 0.192455 0.103636 0.16521 0.233134 0.192528 0.191564 0.270168
 0.288918 0.260964 0.37169 0.365533 0.411961 0.370399 0.241464 0.246982 0.24296 0.233451 0.193291 0.124375 0.138364 0.198066 0.176911 0.21717 0.22488 0.217064 0.258569 0.26918
 0.487672 0.446298 0.174666 0.334081 0.352727 0.359401 0.304092 0.370334 0.423713 0.215782 0.161209 0.143431 0.11575 0.119174 0.174197 0.201927 0.230981 0.250716 0.299107 0.237776
 0.475458 0.464678 0.514394 0.372877 0.230258 0.18793 0.20424 0.228495 0.0656334 0.188038 0.0971022 0.181618 0.153391 0.244238 0.211312 0.259012 0.290141 0.197493 0.177838 0.201107
 0.132011 0.217363 0.261301 0.325066 0.462033 0.384172 0.448016 0.608402 0.228647 0.0924364 0.13104 0.0979302 0.146198 0.197692 0.254698 0.27888 0.214575 0.298835 0.278306 0.211417
 0.247392 0.282384 0.43652 0.416563 0.439332 0.258538 0.204214 0.272275 0.146973 0.138951 0.169802 0.287241 0.201467 0.287289 0.27345 0.230157 0.182336 0.206823 0.292891 0.232548
 0.564524 0.291769 0.212678 0.270069 0.305928 0.312312 0.262364 0.318247 0.168347 0.153446 0.193461 0.191334 0.280375 0.379772 0.318688 0.129641 0.215346 0.253909 0.263478 0.173504
 0.204485 0.255479 0.329033 0.402433 0.394503 0.380409 0.291645 0.25957 0.152548 0.156924 0.160056 0.144919 0.201193 0.145226 0.125556 0.191327 0.220807 0.267578 0.277433 0.246043
 0.393825 0.410488 0.440041 0.363446 0.365175 0.292609 0.266164 0.297742 0.11794 0.17178 0.193622 0.190094 0.257429 0.152393 0.208744 0.0998392 0.152313 0.14145 0.177393 0.183242
 0.167451 0.302249 0.368262 0.388912 0.29363 0.337899 0.320317 0.2536 0.187337 0.15124 0.121832 0.184087 0.110573 0.211516 0.210611 0.213459 0.18383 0.16934 0.309959 0.258358
 0.342968 0.338346 0.440032 0.320709 0.271569 0.322035 0.441957 0.270372 0.199025 0.0625585 0.16181 0.217277 0.206666 0.240522 0.224598 0.323649 0.18381 0.202874 0.251561 0.322223
 0.227084 0.419034 0.409491 0.450071 0.406704 0.183299 0.248271 0.253372 0.116475 0.13864 0.17 0.160476 0.159209 0.220091 0.208136 0.240566 0.164991 0.196113 0.29876 0.389072
 0.263622 0.359903 0.270582 0.293539 0.135854 0.160935 0.249604 0.27547 0.315119 0.179179 0.214606 0.211464 0.176959 0.242894 0.316454 0.125024 0.177181 0.181296 0.159166 0.190991
 0.232696 0.317395 0.349929 0.496159 0.415537 0.386341 0.631978 0.282335 0.111505 0.22475 0.247541 0.272154 0.205504 0.156983 0.227653 0.306891 0.221836 0.218312 0.266154 0.194855
 0.22389 0.246283 0.256514 0.304503 0.274808 0.21499 0.290425 0.262711 0.240952 0.215083 0.227303 0.161378 0.215791 0.15563 0.198278 0.246189 0.187309 0.209545 0.305369 0.309551
 0.356551 0.47279 0.43762 0.617885 0.745063 0.181936 0.20985 0.284633 0.300382 0.241178 0.223681 0.234677 0.206513 0.135801 0.153783 0.202742 0.302244 0.442046 0.527133 0.269625
 0.333686 0.406843 0.257753 0.19245 0.311796 0.398959 0.388831 0.417294 0.190399 0.145396 0.177579 0.1717 0.198154 0.112194 0.161577 0.189347 0.114801 0.248163 0.157069 0.14115
 0.449779 0.411863 0.349899 0.493739 0.536901 0.184461 0.287197 0.351125 0.141384 0.213954 0.0834032 0.182783 0.194484 0.25098 0.201761 0.273133 0.22273 0.323471 0.232194 0.145933
 0.112969 0.167826 0.192992 0.256479 0.464891 0.447239 0.463582 0.984868 0.152619 0.252581 0.211597 0.166718 0.171207 0.213657 0.125537 0.16277 0.163232 0.175728 0.193588 0.271335
 0.414719 0.540869 0.310145 0.346857 0.200433 0.262818 0.335812 0.250653 0.103038 0.147732 0.192413 0.267301 0.221702 0.22465 0.234846 0.188378 0.302788 0.16935 0.269901 0.22338
 0.258124 0.274469 0.37548 0.428369 0.389729 0.217694 0.270568 0.493139 0.0521009 0.203265 0.132723 0.157242 0.251644 0.281131 0.211427 0.234345 0.181039 0.294294 0.268957 0.230989
 0.310593 0.503696 0.443376 0.530214 0.305007 0.413385 0.344185 0.398322 0.18746 0.138871 0.155322 0.213144 0.157038 0.140911 0.20574 0.239974 0.191944 0.235925 0.344721 0.229981
 0.204214 0.268917 0.254028 0.357533 0.408318 0.413991 0.358696 0.26347 0.138448 0.246554 0.15046 0.206806 0.218621 0.222161 0.168015 0.221894 0.134283 0.256122 0.228297 0.289356
 0.232413 0.251397 0.21009 0.378512 0.523226 0.436099 0.192813 0.172745 0.228628 0.19479 0.246195 0.168761 0.254134 0.298861 0.254471 0.22814 0.32493 0.174615 0.202652 0.0761008
 0.37293 0.397175 0.246724 0.398514 0.355226 0.286245 0.284978 0.38461 0.168016 0.169333 0.140182 0.193506 0.187131 0.293795 0.157626 0.258055 0.134033 0.22178 0.139551 0.17363
 0.334096 0.269453 0.296333 0.362682 0.344529 0.359692 0.273534 0.373772 0.104998 0.153625 0.129506 0.155898 0.146214 0.217641 0.2408 0.162146 0.20208 0.250155 0.283413 0.301052
 0.203595 0.360155 0.427092 0.513337 0.646183 0.614856 0.442207 0.627973 0.171944 0.136835 0.1746 0.20964 0.171842 0.19585 0.206498 0.271547 0.169652 0.162248 0.22439 0.273195
 0.595169 0.36889 0.314487 0.473794 0.404189 0.191868 0.326627 0.329978 0.086139 0.14279 0.176466 0.200668 0.167532 0.171018 0.157476 0.308762 0.322689 0.36224 0.237946 0.235476
 0.32625 0.366349 0.423836 0.353504 0.485195 0.602848 0.205819 0.293695 0.208299 0.0822886 0.189947 0.17174 0.273082 0.283851 0.350057 0.32636 0.444279 0.366894 0.463994 0.186903
 0.130869 0.262643 0.308633 0.424665 0.623844 0.518422 0.455827 0.613589 0.274157 0.152566 0.180381 0.142574 0.198257 0.216273 0.165124 0.159705 0.222396 0.264921 0.221748 0.303341
 0.861867 0.624647 0.300512 0.373277 0.213483 0.33012 0.391849 0.275168 0.251003 0.169086 0.203258 0.218323 0.200197 0.331216 0.237299 0.126997 0.230312 0.241872 0.129577 0.211859
 0.583047 0.648589 0.847372 0.34051 0.36161 0.217445 0.149736 0.234581 0.115504 0.162926 0.17787 0.208637 0.212342 0.259777 0.222539 0.2581 0.298065 0.155344 0.21392 0.166906
 0.402648 0.379709 0.333364 0.378101 0.354665 0.414345 0.314672 0.322467 0.126921 0.256926 0.240767 0.205814 0.165009 0.202094 0.198672 0.286133 0.259299 0.457923 0.746488 0.342566
 0.207552 0.480076 0.426255 0.742134 0.628437 0.835229 0.452522 0.594592 0.0868581 0.163647 0.186417 0.212193 0.236907 0.173486 0.199951 0.187857 0.199094 0.115271 0.169034 0.16312
 0.226296 0.302917 0.362515 0.547637 0.457731 0.281757 0.394443 0.353461 0.185881 0.205534 0.286423 0.199023 0.231737 0.153406 0.213145 0.141322 0.151353 0.23862 0.194769 0.205039
 0.291714 0.338846 0.396653 0.486818 0.406427 0.513964 0.403552 0.401523 0.135801 0.184883 0.136503 0.37676 0.345693 0.255223 0.160247 0.201312 0.21131 0.172083 0.254431 0.267851
 0.310693 0.462205 0.602227 0.270849 0.322547 0.439876 0.505732 0.459695 0.0950228 0.246603 0.21599 0.176455 0.203164 0.20738 0.257128 0.224857 0.23796 0.272049 0.320883 0.267937
 0.183215 0.34164 0.40085 0.372381 0.434154 0.306173 0.319941 0.350239 0.240539 0.217788 0.154598 0.215336 0.149763 0.156885 0.229081 0.232631 0.141293 0.195749 0.268834 0.369214
 0.256175 0.388261 0.388089 0.245226 0.27515 0.40898 0.267516 0.265273 0.143009 0.256172 0.175255 0.130971 0.301298 0.19217 0.238684 0.205878 0.21722 0.233616 0.340409 0.399256
 0.2166 0.359148 0.478058 0.383169 0.308563 0.276124 0.306944 0.437384 0.244938 0.253023 0.15776 0.151203 0.219927 0.287922 0.183375 0.273756 0.300657 0.258799 0.318946 0.111339
 0.417752 0.488449 0.513006 0.637832 0.172184 0.32238 0.379553 0.422661 0.18056 0.176672 0.118212 0.168913 0.208543 0.189523 0.158048 0.128138 0.165569 0.174135 0.175559 0.2105
 0.194012 0.259009 0.367956 0.455809 0.643267 0.191986 0.28266 0.311099 0.32255 0.191163 0.188218 0.256624 0.178721 0.294015 0.284038 0.169123 0.199614 0.226221 0.282706 0.331362
 0.452359 0.431016 0.528001 0.622513 0.5321 0.405842 0.277741 0.375268 0.345337 0.300565 0.363561 0.178397 0.11348 0.206577 0.203025 0.279248 0.211828 0.257439 0.177932 0.198826
 0.255451 0.404224 0.52774 0.490779 0.389501 0.391021 0.282142 0.270861 0.326992 0.10345 0.160525 0.246742 0.291351 0.273266 0.282463 0.163748 0.20811 0.122177 0.233997 0.175893
 0.259205 0.290103 0.27847 0.426007 0.420197 0.389775 0.249864 0.280581 0.215302 0.120546 0.189648 0.259088 0.316942 0.233547 0.209909 0.241475 0.234857 0.161155 0.232162 0.328838
 0.551625 0.408292 0.447998 0.341303 0.442584 0.404437 0.205591 0.216312 0.260622 0.248853 0.330334 0.277767 0.127651 0.215012 0.262158 0.275535 0.225812 0.224479 0.0885914 0.177468
 0.211327 0.363931 0.414279 0.510201 0.483842 0.29275 0.328585 0.411804 0.0791617 0.255138 0.150866 0.235933 0.350979 0.308623 0.169656 0.145234 0.176407 0.26364 0.289173 0.300833
 0.29815 0.357011 0.430605 0.348775 0.381959 0.306912 0.318351 0.321436 0.237893 0.308007 0.212821 0.20984 0.265163 0.346386 0.138794 0.308392 0.125582 0.259192 0.247402 0.352923
 0.178925 0.264401 0.354628 0.604228 0.492995 0.571242 0.655934 0.500141 0.112525 0.231043 0.140134 0.207997 0.105486 0.181593 0.117058 0.167753 0.213236 0.288118 0.242151 0.252136
 0.433265 0.539181 0.487973 0.391511 0.347609 0.20911 0.169261 0.282707 0.226007 0.272696 0.206879 0.21358 0.169958 0.108839 0.191976 0.165018 0.240794 0.226328 0.147349 0.145709
 0.444293 0.395748 0.316405 0.276823 0.257794 0.22391 0.336192 0.506227 0.0946759 0.288531 0.361555 0.345089 0.370498 0.162441 0.202266 0.318996 0.166637 0.174847 0.249403 0.119578
 0.295001 0.277009 0.22236 0.464514 0.450691 0.539697 0.325858 0.335104 0.0994167 0.16143 0.121829 0.185443 0.230052 0.267463 0.272764 0.171416 0.178002 0.221571 0.240807 0.195416
 0.225188 0.413477 0.521177 0.330267 0.214604 0.268572 0.419718 0.296601 0.263968 0.21971 0.244724 0.261054 0.33151 0.386688 0.103815 0.192792 0.174365 0.163618 0.18319 0.128249
 0.186697 0.329847 0.319238 0.43241 0.222222 0.400561 0.626957 0.393443 0.176913 0.198089 0.128026 0.123294 0.154282 0.158084 0.228948 0.342169 0.195636 0.205059 0.220114 0.252918
 0.142681 0.22938 0.332564 0.288855 0.301711 0.393433 0.399253 0.55329 0.392271 0.376521 0.133553 0.180061 0.184984 0.14037 0.214385 0.23295 0.245412 0.224881 0.174827 0.255448
 0.44128 0.203045 0.205327 0.353747 0.533752 0.472744 0.287069 0.25409 0.190388 0.164948 0.153259 0.193147 0.0963541 0.132619 0.176592 0.262532 0.320064 0.294533 0.218239 0.307385
 0.142049 0.324937 0.451142 0.470829 0.481489 0.312458 0.578946 0.488468 0.204189 0.191372 0.121262 0.201402 0.14816 0.218592 0.19874 0.226807 0.27791 0.282151 0.253145 0.346001
 0.15928 0.329533 0.309614 0.390253 0.477739 0.335177 0.463642 0.549518 0.133822 0.20356 0.147032 0.212516 0.291626 0.121482 0.221746 0.221186 0.212981 0.28286 0.195266 0.215907
 0.557421 0.584468 0.296898 0.480161 0.39105 0.473939 0.313654 0.286503 0.139792 0.143921 0.178043 0.194371 0.219854 0.176938 0.24298 0.166197 0.195952 0.185048 0.281286 0.340577
 0.101057 0.210477 0.255994 0.442629 0.824141 0.263956 0.337844 0.393031 0.159403 0.204341 0.18268 0.197199 0.103617 0.21507 0.260994 0.255048 0.218841 0.204827 0.370721 0.38841
 0.173782 0.315141 0.361202 0.511651 0.249696 0.296348 0.42026 0.551361 0.105869 0.210929 0.156515 0.131539 0.212237 0.273827 0.193886 0.25824 0.233674 0.274956 0.309653 0.218656
 0.250341 0.281103 0.277862 0.358723 0.265503 0.320528 0.36133 0.348053 0.228434 0.205488 0.197238 0.251029 0.386122 0.316004 0.256006 0.195035 0.183087 0.301551 0.368481 0.208607
 0.413135 0.404817 0.22769 0.177764 0.253137 0.200874 0.391492 0.353401 0.195303 0.240798 0.262285 0.165586 0.175859 0.179435 0.287583 0.237195 0.268897 0.236709 0.182271 0.122134
 0.257286 0.388796 0.428473 0.523541 0.32453 0.398496 0.640525 0.696664 0.164701 0.253645 0.180571 0.160097 0.245443 0.122667 0.283448 0.410342 0.314022 0.190597 0.194958 0.175842
 0.102828 0.220445 0.295346 0.398402 0.443635 0.386393 0.526786 0.575351 0.114106 0.158483 0.199932 0.264731 0.132834 0.18019 0.212303 0.270927 0.377918 0.507114 0.234285 0.316164
 0.646392 0.962973 0.599473 0.356996 0.231905 0.170123 0.330134 0.211109 0.137664 0.173014 0.189891 0.254381 0.230752 0.223341 0.250437 0.364447 0.180401 0.208967 0.14989 0.135545
 0.278789 0.286059 0.247768 0.340007 0.304793 0.200848 0.292716 0.425914 0.302591 0.233071 0.309758 0.200507 0.225188 0.0793324 0.192452 0.21431 0.170572 0.193309 0.295138 0.318236
 0.178751 0.340056 0.336048 0.403551 0.576061 0.346001 0.331258 0.506048 0.163347 0.178592 0.119886 0.155913 0.238706 0.294079 0.3701 0.233441 0.240977 0.115967 0.178781 0.201219
 0.143277 0.194035 0.312836 0.533178 0.245712 0.328458 0.30958 0.467767 0.116295 0.222357 0.204738 0.267496 0.217242 0.402404 0.269246 0.213587 0.176767 0.167189 0.209648 0.243898
 0.379428 0.570357 0.354726 0.422813 0.545994 0.200123 0.250084 0.354654 0.340839 0.0332042 0.107993 0.157776 0.155763 0.240498 0.218965 0.324418 0.377491 0.15685 0.203069 0.16955
 0.182526 0.275562 0.253709 0.423658 0.386605 0.313982 0.559086 0.523486 0.077885 0.159064 0.122287 0.110973 0.19086 0.207992 0.287549 0.0849345 0.140928 0.224175 0.309296 0.320236
 0.274982 0.243016 0.383645 0.374087 0.430853 0.485065 0.614426 0.536686 0.189781 0.238658 0.190873 0.290212 0.187433 0.28983 0.186224 0.198997 0.246609 0.15873 0.117574 0.151055
 0.0889557 0.229223 0.279847 0.51868 0.831298 0.599887 0.551282 0.565703 0.18935 0.232604 0.184171 0.161388 0.183096 0.155553 0.196293 0.250173 0.0951426 0.233523 0.2437 0.239667
 0.122693 0.362557 0.441468 0.891148 0.712021 0.549411 0.337482 0.364381 0.164955 0.141879 0.182792 0.154274 0.205493 0.121904 0.198542 0.228779 0.33342 0.319783 0.300329 0.331114
 0.391125 0.247814 0.318151 0.5382 0.497162 0.331681 0.249023 0.201173 0.215744 0.210034 0.282672 0.276131 0.218612 0.287121 0.472267 0.521285 0.238255 0.326217 0.231738 0.212005
 0.246803 0.344491 0.335972 0.532449 0.298609 0.409385 0.453826 0.214431 0.16258 0.246899 0.193512 0.152616 0.213882 0.183962 0.238176 0.263224 0.306613 0.394398 0.1901 0.194126
 0.0848722 0.267362 0.355146 0.748939 0.795902 0.808875 0.623094 0.574615 0.0949984 0.02944 0.143054 0.201258 0.251568 0.334208 0.496045 0.469047 0.538768 0.111416 0.235255 0.0987657
 0.275216 0.292288 0.438455 0.492398 0.45714 0.471904 0.316541 0.259927 0.174543 0.247238 0.147874 0.121567 0.169806 0.156913 0.232519 0.234918 0.44112 0.223784 0.249282 0.217437
 0.249078 0.381977 0.417189 0.474709 0.442014 0.372779 0.323914 0.51308 0.108362 0.253481 0.199961 0.142274 0.182409 0.177013 0.266157 0.22223 0.202174 0.336211 0.486951 0.229566
 0.236567 0.297565 0.296373 0.243555 0.305086 0.371779 0.32573 0.418113 0.306962 0.1615 0.15022 0.20474 0.146553 0.213212 0.194142 0.273656 0.24198 0.410208 0.267081 0.437791
 0.755486 0.365488 0.233525 0.374128 0.434495 0.393509 0.497634 0.196289 0.120474 0.192355 0.168694 0.202898 0.221733 0.196604 0.206494 0.206154 0.231579 0.230065 0.174585 0.210933
 0.203376 0.386006 0.368742 0.564375 0.333121 0.264239 0.380614 0.460845 0.243532 0.207121 0.2592 0.163504 0.253815 0.174995 0.188599 0.21041 0.245821 0.246467 0.214341 0.250007
 0.368198 0.249482 0.356166 0.436963 0.401808 0.51112 0.439712 0.415062 0.468924 0.045767 0.181604 0.214055 0.267586 0.197995 0.182686 0.267715 0.233603 0.277594 0.263293 0.211413
 0.239927 0.340935 0.321264 0.310196 0.341813 0.406875 0.44507 0.622735 0.243895 0.0940337 0.172423 0.21905 0.303469 0.201384 0.381482 0.405838 0.389573 0.163513 0.126764 0.200863
 0.36331 0.403848 0.523605 0.351892 0.376942 0.30804 0.309121 0.295487 0.136579 0.122141 0.196194 0.179466 0.27215 0.232497 0.25806 0.314461 0.321493 0.0997701 0.155823 0.210329
 0.366814 0.40281 0.501006 0.399422 0.352653 0.331092 0.253732 0.166202 0.0929918 0.175209 0.210242 0.250268 0.270982 0.280442 0.288144 0.253371 0.282247 0.231352 0.235175 0.116123
 0.299748 0.347286 0.275705 0.389702 0.352713 0.220897 0.208692 0.237746 0.248471 0.138107 0.178223 0.18302 0.170234 0.180932 0.204889 0.253454 0.381333 0.23404 0.235852 0.263451
 0.208846 0.372236 0.465154 0.236819 0.274391 0.23904 0.437039 0.34643 0.338066 0.088634 0.288598 0.231798 0.260975 0.189853 0.306808 0.365808 0.435172 0.118632 0.265775 0.124293
 0.303881 0.41058 0.350527 0.357817 0.399775 0.364209 0.502221 0.793717 0.0327384 0.121486 0.122248 0.138235 0.17847 0.226914 0.209756 0.298414 0.273764 0.202905 0.214232 0.18749
 0.409387 0.48172 0.425478 0.231127 0.250463 0.270283 0.346101 0.311387 0.203461 0.184912 0.231864 0.249177 0.318229 0.277665 0.296292 0.301562 0.396379 0.276263 0.190362 0.184342
 0.141546 0.29475 0.30035 0.457217 0.485799 0.290306 0.35207 0.477372 0.326714 0.163653 0.226541 0.225307 0.167244 0.201641 0.259172 0.364248 0.249102 0.139412 0.141851 0.153892
 0.370345 0.449805 0.416681 0.703075 0.406068 0.32214 0.128834 0.382142 0.141457 0.144631 0.178741 0.223499 0.124258 0.245079 0.307285 0.428116 0.320262 0.371788 0.351503 0.218182
 0.367907 0.538534 0.545705 0.243875 0.298873 0.245295 0.4136 0.214472 0.139424 0.172003 0.204314 0.219758 0.308565 0.364348 0.515422 0.451907 0.238276 0.190129 0.173928 0.197083
 0.0947195 0.224386 0.263984 0.383235 0.354948 0.488104 0.605942 1.06086 0.181887 0.182567 0.224743 0.309038 0.155222 0.267098 0.0769114 0.161291 0.184687 0.279829 0.242036 0.323577
 0.304128 0.380245 0.345802 0.399216 0.564283 0.254386 0.14154 0.27855 0.22972 0.140792 0.164155 0.215791 0.177961 0.212676 0.198525 0.239214 0.281712 0.273309 0.135534 0.131985
 0.362007 0.371719 0.608377 0.635949 0.272669 0.237854 0.169422 0.323505 0.15977 0.219027 0.260268 0.224196 0.2105 0.209458 0.216754 0.304161 0.177584 0.25063 0.308807 0.353384
 0.190055 0.364153 0.250864 0.267896 0.239169 0.389746 0.266473 0.303935 0.32792 0.5006 0.0896053 0.255908 0.172581 0.230805 0.237299 0.182753 0.292725 0.398987 0.25706 0.233354
 0.0683372 0.199099 0.315603 0.664497 0.651614 0.517686 0.357924 0.418075 0.216752 0.161555 0.176507 0.189333 0.185946 0.19725 0.243043 0.147327 0.204521 0.241893 0.189401 0.274094
 0.192388 0.273344 0.372532 0.574624 0.320932 0.388486 0.438489 0.522364 0.0968558 0.251164 0.226713 0.281546 0.322547 0.193669 0.14649 0.306416 0.221485 0.145889 0.169637 0.17659
 0.420934 0.449458 0.496848 0.317526 0.377584 0.195291 0.433667 0.427345 0.19501 0.270269 0.112491 0.125973 0.113701 0.203746 0.202916 0.263151 0.268464 0.367449 0.449425 0.221109
 0.319512 0.363429 0.375164 0.237973 0.224898 0.269196 0.23334 0.371969 0.241935 0.16952 0.203409 0.191272 0.227912 0.238854 0.159092 0.146228 0.195341 0.19229 0.236281 0.254446
 0.147719 0.30825 0.343368 0.495917 0.398131 0.458254 0.510567 0.363405 0.239149 0.202365 0.149704 0.109443 0.144125 0.219942 0.256096 0.412373 0.317328 0.300107 0.335062 0.355746
 0.464698 0.380638 0.431637 0.31954 0.346118 0.394041 0.378703 0.315375 0.246908 0.0966798 0.238449 0.215335 0.110485 0.202898 0.219349 0.294221 0.416036 0.354573 0.329112 0.209381
 0.251192 0.30637 0.377302 0.317711 0.282146 0.284435 0.38331 0.361255 0.0916467 0.12723 0.173439 0.168039 0.151847 0.192723 0.148383 0.229337 0.324268 0.40732 0.25452 0.39852
 0.208411 0.320427 0.319689 0.409742 0.528735 0.401983 0.290446 0.340675 0.321814 0.278879 0.145189 0.144217 0.204823 0.184258 0.225455 0.15637 0.273891 0.371429 0.287514 0.269008
 0.421985 0.359171 0.311422 0.285045 0.412718 0.348753 0.225421 0.211801 0.182782 0.215652 0.15057 0.179928 0.103689 0.270306 0.275361 0.174082 0.178133 0.216322 0.298222 0.407316
 0.404979 0.423708 0.433052 0.520412 0.522875 0.191991 0.156135 0.21576 0.338332 0.340034 0.247022 0.160156 0.0874818 0.132651 0.15278 0.230021 0.308944 0.276659 0.386962 0.38687
 0.0941324 0.332105 0.31379 0.303126 0.456768 0.291093 0.418484 0.68817 0.267395 0.2836 0.149391 0.203548 0.165562 0.152922 0.101379 0.166803 0.259788 0.387706 0.419087 0.586014
 0.116209 0.184433 0.303952 0.401168 0.302553 0.462174 0.517182 0.473017 0.242288 0.12719 0.161049 0.210924 0.236407 0.331453 0.199801 0.310416 0.0933274 0.198335 0.233986 0.176488
 0.194707 0.233642 0.222747 0.350723 0.509267 0.523826 0.307234 0.397894 0.346217 0.0925216 0.205109 0.14616 0.146746 0.213109 0.16835 0.253271 0.28465 0.465509 0.427363 0.336761
 0.549916 0.479619 0.429863 0.30186 0.297823 0.220849 0.231381 0.218018 0.133562 0.254118 0.189908 0.157739 0.217153 0.15566 0.195441 0.314469 0.296192 0.298371 0.421181 0.157577
 0.343866 0.388972 0.199744 0.317505 0.428939 0.414999 0.433048 0.274099 0.112773 0.24001 0.272084 0.310489 0.290417 0.0993326 0.236536 0.267057 0.256312 0.297872 0.29667 0.363712
 0.417445 0.360684 0.383563 0.34293 0.194234 0.204506 0.275173 0.25575 0.100786 0.15444 0.12659 0.14657 0.260103 0.373997 0.296766 0.325335 0.264124 0.289961 0.309522 0.312258
 0.177743 0.355129 0.305816 0.396986 0.254964 0.220823 0.305147 0.454704 0.162761 0.155913 0.240897 0.300097 0.260884 0.166211 0.264858 0.258753 0.302362 0.378213 0.216785 0.159571
 0.341096 0.219681 0.340006 0.465252 0.653628 0.37455 0.400909 0.40498 0.239099 0.234183 0.117097 0.203654 0.168146 0.188955 0.220537 0.264648 0.259792 0.174658 0.207605 0.20645
 0.235005 0.262031 0.252466 0.25881 0.271559 0.352971 0.338534 0.519634 0.145358 0.273314 0.19541 0.200535 0.169526 0.235275 0.256281 0.158786 0.197589 0.199469 0.198057 0.222859
 0.188236 0.327177 0.46402 0.421503 0.311638 0.420212 0.44248 0.486609 0.202417 0.155546 0.286844 0.268459 0.346165 0.185151 0.257743 0.208145 0.163584 0.153983 0.173486 0.238147
 0.33698 0.336198 0.291928 0.348911 0.447366 0.495646 0.265626 0.306467 0.137568 0.0630309 0.172567 0.170761 0.199955 0.322035 0.444407 0.131776 0.192507 0.256624 0.345381 0.386351
 0.24566 0.393299 0.418449 0.306534 0.320476 0.311157 0.157096 0.235461 0.130204 0.0942288 0.180931 0.189269 0.253594 0.16854 0.249888 0.240158 0.290056 0.193298 0.188061 0.22514
 0.255355 0.37638 0.336148 0.395785 0.276466 0.245213 0.191164 0.296782 0.208908 0.110092 0.145489 0.200602 0.244357 0.239033 0.288377 0.33576 0.283625 0.21892 0.235721 0.0972659
 0.122204 0.207604 0.215649 0.385114 0.399757 0.380626 0.516631 0.598327 0.154885 0.160341 0.266021 0.273255 0.393537 0.139978 0.253879 0.236271 0.23009 0.136221 0.18945 0.252979
 0.169009 0.27234 0.367468 0.575731 0.434263 0.387199 0.422542 0.543833 0.0516584 0.222229 0.231035 0.175233 0.191795 0.197163 0.222369 0.24396 0.3503 0.260335 0.390965 0.289629
 0.253541 0.28884 0.369529 0.435519 0.56997 0.875193 0.64518 0.299163 0.196121 0.17922 0.20611 0.100241 0.1215 0.205606 0.195214 0.328339 0.392123 0.400651 0.258807 0.21609
 0.26518 0.3708 0.205892 0.292038 0.363022 0.356658 0.500825 0.49015 0.0616775 0.188985 0.209956 0.216107 0.281913 0.189972 0.179426 0.251345 0.253033 0.327371 0.272241 0.293773
 0.195939 0.239829 0.396902 0.385252 0.376819 0.334212 0.219285 0.326102 0.298128 0.220807 0.161563 0.176074 0.195463 0.185167 0.248726 0.350616 0.121636 0.221295 0.247042 0.302988
 0.29445 0.17387 0.280183 0.313467 0.418013 0.285978 0.373277 0.277123 0.163784 0.282929 0.271726 0.107777 0.250847 0.250876 0.268813 0.382123 0.475157 0.553597 0.34701 0.406089
 0.285627 0.436971 0.531199 0.451695 0.221003 0.289217 0.279297 0.119443 0.186197 0.139378 0.194264 0.153963 0.317493 0.389684 0.231703 0.143915 0.323264 0.204806 0.145383 0.14982
 0.220568 0.262737 0.345443 0.416858 0.469146 0.36681 0.447874 0.197289 0.1473 0.174629 0.145193 0.247329 0.140754 0.212018 0.224507 0.127014 0.168308 0.1692 0.15138 0.158962
