 0.29458 0.520038 0.405417 0.25995 0.194335 0.175195 0.157007 0.401361 0.856889 0.76689 1.00913 0.936154 0.685883 1.4804 1.69804 2.00224 2.07834 1.8681 1.46637 1.88202
 0.293388 0.463632 0.449815 0.285536 0.180819 0.216809 0.19613 0.281861 0.295499 2.13985 1.86809 0.943922 1.0331 0.94071 0.908292 1.23188 0.912356 1.43891 1.87924 2.26555
 0.287743 0.276625 0.264743 0.54884 0.688953 0.796226 0.869215 0.563671 0.375122 0.807296 0.670532 1.37207 1.58449 2.51577 2.19216 1.48854 1.07805 1.02794 0.902557 1.35903
 0.298462 0.828603 0.579758 0.466284 0.312839 0.201901 0.1473 0.225246 0.415464 0.371935 0.400212 1.0834 1.28936 1.17905 2.26019 2.83447 1.76943 0.980958 2.82005 2.17566
 0.300624 1.16699 0.986101 0.519116 0.333795 0.176362 0.166493 0.186467 0.224669 0.404352 0.87787 1.2199 2.73399 2.23425 1.57704 1.31829 1.02737 0.630917 0.312999 0.456902
 0.298845 1.07182 0.906956 0.634697 0.618724 0.306639 0.160082 0.202626 0.139499 0.818857 1.66246 1.25861 1.39954 1.29747 1.2549 1.14045 1.22359 1.94392 2.03155 1.47598
 0.28031 0.488667 0.4852 0.288896 0.305709 0.208385 0.131332 0.238626 0.684245 0.501838 0.681371 0.551942 1.41647 1.14039 0.685487 0.779292 0.545654 0.647865 0.862396 0.808421
 0.266374 1.06201 1.06935 0.718217 0.369745 0.408513 0.301872 0.542777 0.51073 1.66533 3.32412 3.95967 3.0759 1.59597 1.91259 1.40202 1.02485 1.30143 0.936497 1.61944
 0.276256 2.29552 1.8577 0.752465 0.343976 0.333587 0.268558 0.156943 0.209395 2.79862 2.17937 1.0639 1.02111 1.50014 1.41735 1.29346 0.808574 1.20865 0.956246 1.43726
 0.271939 1.23183 1.29097 0.87956 0.412442 0.274529 0.217292 0.503116 0.445807 0.497475 0.485703 0.546856 0.527465 0.710753 0.516256 0.492556 0.686332 0.506572 0.876913 1.36337
 0.254918 0.182226 0.169829 0.176229 0.250581 0.271791 0.420583 0.336882 0.400687 0.779079 0.7372 0.663733 0.746132 1.83369 2.41703 1.99773 1.72039 1.05213 0.812781 0.616275
 0.263906 0.436674 0.32552 0.292088 0.313956 0.265611 0.27607 0.283072 0.315986 0.686136 0.591915 0.30949 0.281048 0.357624 0.353744 0.269482 1.01953 1.15063 0.897106 0.627431
 0.250622 0.240035 0.300975 0.22403 0.210161 0.182889 0.218138 0.268923 0.674244 1.53281 1.41175 1.45298 1.35269 0.828644 1.58861 1.47312 0.843558 0.675728 0.686779 0.673746
 0.264948 0.433178 0.322552 0.243732 0.461688 0.317927 0.193504 0.295117 0.217893 1.4433 1.50889 4.06822 3.10199 1.57798 1.21632 0.918376 0.616071 0.668459 0.590037 0.478076
 0.276157 0.616572 0.629372 0.619181 0.375306 0.684086 0.759687 0.481465 0.48877 0.463274 1.02993 1.25792 1.83792 1.36811 0.929676 0.849435 1.77735 1.52157 0.94147 0.993326
 0.277878 0.88848 0.812297 0.497673 0.270515 0.143102 0.114761 0.232567 0.350972 0.832258 1.83121 2.17952 1.7602 4.26334 3.08219 1.37289 1.58001 1.40102 1.1576 0.607547
 0.274914 0.371327 0.572516 0.467281 0.316169 0.632592 0.648228 0.429997 0.490445 0.544434 0.622768 1.54333 1.85741 1.19046 1.18918 1.27245 0.804379 0.832821 1.18287 1.27267
 0.276213 0.658292 0.507536 0.272398 0.18846 0.223441 0.338232 0.326588 0.323597 0.565338 0.633465 0.887763 1.67639 1.83697 1.58818 1.28096 1.18494 0.638829 0.730487 0.829424
 0.276172 1.02928 0.742385 0.37905 0.258761 0.404256 0.498982 0.360077 0.24811 0.893285 1.35412 0.99751 1.52569 3.04912 2.19228 0.978868 0.628803 0.635452 1.62685 1.32759
 0.279407 0.798374 0.531185 0.302417 0.314503 0.502532 0.472709 0.296009 0.218721 0.924529 1.70368 3.17947 2.57265 1.91176 1.21462 0.803733 0.769624 1.38344 1.32776 0.932562
 0.275938 0.292477 0.257355 0.416733 0.417163 0.382147 0.276089 0.350763 0.249053 0.743749 0.890764 0.747325 0.522984 0.444943 0.426671 1.22706 2.8658 2.60837 2.41897 2.57005
 0.284875 0.845164 0.837961 0.993468 0.681022 0.332253 0.342297 0.336845 0.283578 0.205694 1.28753 1.6608 2.56422 2.40885 1.87307 1.30422 1.63057 1.00215 0.405063 0.516186
 0.28329 1.11584 1.00707 0.463715 0.497116 0.491283 0.328627 0.319743 0.256278 0.272239 0.485786 0.553907 0.496256 0.765611 1.24375 1.5615 1.06517 0.763724 1.31302 1.59616
 0.280075 0.80601 0.6631 0.523113 0.340448 0.278723 0.195601 0.154784 0.257044 0.433709 0.910942 0.847726 0.82896 0.869498 1.31372 1.68361 1.25426 0.794498 2.14956 2.20935
 0.284317 0.456383 0.413446 0.839854 0.719095 0.371115 0.362259 0.343076 0.418476 0.505313 1.1668 1.49886 0.941244 1.0746 1.38252 1.54606 2.11482 1.38431 0.917355 1.91587
 0.27285 0.252877 0.212333 0.240303 0.241688 0.196701 0.147993 0.254369 0.426429 0.425719 0.417667 0.690133 1.32188 2.19057 2.36489 1.63087 1.05759 0.843357 0.494712 0.864378
 0.287295 1.28899 1.06577 0.47642 0.314023 0.218972 0.318741 0.270528 0.237681 0.454215 0.593744 0.855048 0.764497 1.94959 1.69818 1.20594 0.757228 0.723775 0.713156 1.03587
 0.276276 0.515379 0.368929 0.336737 0.374741 0.368495 0.282059 0.218661 0.55303 0.81239 2.05164 1.61133 0.851142 1.36671 1.49567 1.04176 0.885863 0.848944 1.53081 1.75029
 0.274117 0.44502 0.564595 0.606349 0.457174 0.256752 0.262877 0.343393 0.229053 0.44517 1.22172 1.29171 0.97414 1.11721 0.931078 0.991229 1.20032 1.81766 1.42716 1.00413
 0.27432 1.8449 1.5087 0.732478 0.321566 0.126 0.113416 0.0506764 0.220264 0.635138 0.580364 0.822558 0.935275 1.47347 2.44744 1.56498 1.01308 0.941902 0.600707 0.996406
 0.264781 0.887727 1.36547 0.832792 0.358163 0.293634 0.564692 0.346639 0.30321 1.92031 1.53909 1.22662 1.18302 2.50214 1.91567 2.1228 1.75169 1.48997 1.30279 0.93757
 0.261505 0.285477 0.192483 0.218017 0.168496 0.106114 0.198792 0.286271 0.252824 0.355566 0.659154 1.78002 1.75472 0.986638 0.794201 0.716699 0.660635 0.663134 1.01371 0.832549
 0.266807 0.629393 0.53052 0.293454 0.112702 0.394395 0.433818 0.273126 0.257094 0.362286 0.380727 1.23296 2.38136 2.18632 1.97441 2.49164 1.87195 1.53248 0.977726 0.774681
 0.277584 0.97367 0.787175 0.384625 0.166232 0.11344 0.114271 0.144968 0.217003 0.631568 1.04429 0.990031 1.18702 1.8458 1.65898 1.44473 1.12611 0.993288 1.53339 1.10578
 0.262636 0.341863 0.368605 0.272095 0.270811 0.306651 0.207043 0.309421 0.374368 0.307098 0.325414 0.714977 0.968624 1.89246 1.88298 1.05268 0.620173 0.723207 0.467129 0.470816
 0.266058 0.553584 0.666487 0.526597 0.466636 0.424575 0.349702 0.660344 0.532483 0.660365 1.01076 1.42765 2.22403 1.66371 1.0547 0.711726 0.866931 0.637619 0.364491 0.678594
 0.264803 0.559506 0.780406 0.541599 0.574426 0.462105 0.683392 0.859037 0.593726 1.26106 1.18559 0.964388 2.59507 2.11804 1.232 0.905062 0.655149 0.555836 0.871712 0.776177
 0.2621 1.80677 1.23391 0.470316 0.320873 0.293827 0.758178 0.885464 0.732404 1.01334 0.866959 0.931978 0.617672 0.677692 1.2626 1.18129 0.870555 1.13645 0.865663 2.36416
 0.252883 0.333396 0.378626 0.288193 0.256417 0.144138 0.102439 0.133864 0.35731 0.572151 0.834478 0.753481 0.868415 1.25898 1.20151 1.00803 0.785532 0.810634 0.755639 0.58481
 0.254686 0.61397 0.784919 0.427893 0.2181 0.226974 0.245524 0.17276 0.263767 0.766784 1.38669 1.12264 1.01928 1.58021 1.7569 1.43516 1.06243 1.23334 2.78278 3.9458
 0.25155 0.316742 0.327422 0.20308 0.203052 0.391763 0.399707 0.291995 0.219104 0.533426 0.645204 0.809854 1.64986 1.08154 0.529425 0.424571 0.277126 0.361707 0.770679 1.33964
 0.258612 1.50822 1.14134 0.808662 0.454875 0.229006 0.407785 0.289025 0.244239 1.98288 1.65751 1.32692 1.12658 1.00761 1.11246 0.879261 0.757908 2.82694 2.29783 1.13774
 0.255299 0.695805 0.411635 0.490309 0.406726 0.266366 0.272239 0.328007 0.31094 0.61938 2.66688 2.31383 2.11927 1.47416 0.636422 0.597173 0.481356 0.461047 0.569619 0.595177
 0.250541 0.351753 0.305935 0.344274 0.296096 0.381304 0.234258 0.25785 0.271091 2.11961 2.0734 1.52766 1.16455 1.50071 1.79916 1.53538 1.29985 1.06051 1.6443 1.47102
 0.258884 1.37294 1.08771 0.516647 0.480311 0.256677 0.142953 0.121678 0.0908955 1.30253 1.78323 2.42537 2.25391 1.66713 1.53672 0.877041 0.878783 1.53318 1.47522 1.14901
 0.261153 0.925495 0.767413 0.410887 0.258496 0.171988 0.225239 0.176143 0.151027 0.434046 0.753265 1.67324 1.4341 1.6561 1.4913 1.32419 0.752126 1.35919 1.61469 0.993796
 0.249281 0.771938 0.557397 0.501754 0.495705 0.328283 0.326652 0.241489 0.403655 0.96825 1.15892 2.09084 2.83478 3.1138 1.96686 0.968657 1.21966 1.02757 0.628766 0.927826
 0.254094 0.605712 0.491979 0.585283 0.49292 0.502057 0.32777 0.211009 0.30163 0.414472 0.623349 0.872329 1.34629 1.05395 0.769724 1.01065 0.76649 0.776654 0.740892 1.28457
 0.253246 0.729154 0.709076 0.505207 0.369773 0.48221 0.3807 0.314855 0.448735 0.887426 1.14879 0.816499 0.509724 0.776204 0.489013 1.45827 1.90819 2.83492 1.94414 1.75496
 0.257959 0.56388 0.517379 0.400979 0.602137 0.507284 0.329225 0.168561 0.436454 1.06158 0.896058 0.541899 0.537423 0.619404 0.900313 0.736633 1.64936 1.32703 2.08079 1.71982
 0.239846 0.145958 0.249649 0.201366 0.277261 0.250769 0.677799 0.479996 0.277531 1.51457 1.76875 1.43488 1.63234 1.9172 1.39872 1.16314 1.15529 1.67555 1.60257 1.17547
 0.260681 0.645228 0.440526 0.194582 0.473313 0.508116 0.3424 0.53635 0.365463 0.901497 1.17449 0.812436 1.33414 1.16063 0.991376 0.656129 0.500322 0.363213 0.314177 1.10989
 0.255328 0.295477 0.284806 0.219151 0.26194 0.338544 0.31781 0.235628 0.27624 0.842892 0.998702 1.59347 1.32197 0.903398 0.588455 0.62003 1.05079 1.41756 1.28656 1.29362
 0.256892 0.347325 0.235063 0.186193 0.268235 0.372723 0.49416 0.395302 0.410414 0.622557 1.86627 1.52471 0.963766 0.824881 1.20992 1.02785 1.44086 1.18443 0.884533 1.02216
 0.268031 0.716758 0.493983 0.274164 0.270919 0.186439 0.315828 0.407999 0.456411 0.726418 1.31019 1.04761 0.953939 0.973593 0.869738 2.20317 1.52027 1.05848 0.786778 0.732799
 0.266986 1.13455 0.862057 0.507988 0.604606 0.467386 0.266478 0.186165 0.594684 1.43957 1.63122 1.04824 1.01029 1.36918 0.883203 0.651157 2.35511 1.92869 1.83799 2.19996
 0.268399 0.693007 0.508884 0.269422 0.153964 0.122003 0.146393 0.153038 0.226011 0.774429 1.65641 2.12039 1.32805 1.1575 1.59485 1.37741 0.862731 0.52 0.782221 0.704367
 0.257811 0.37448 0.320878 0.198432 0.289678 0.596013 0.622202 0.358234 0.194304 0.936382 1.5161 1.25522 1.09863 0.660179 0.645286 0.790587 1.19765 0.976079 1.31649 0.912466
 0.275063 1.76209 1.31941 0.754605 0.455078 0.199879 0.226519 0.263658 0.880754 1.42391 2.00543 1.52812 1.09449 0.972825 1.58756 1.31072 1.0678 0.843425 0.789473 1.31184
 0.26872 0.553884 0.539239 0.296847 0.244227 0.333462 0.203461 0.185442 0.180468 1.45945 1.31714 0.816431 0.585813 0.396563 0.782229 0.95274 0.686443 0.894736 1.16048 1.13731
 0.26987 1.77414 1.15748 0.425867 0.349904 0.42174 0.352838 0.224889 0.369013 0.806853 0.831101 1.54176 2.1544 1.38731 0.822971 0.747587 1.26725 1.1771 0.706892 0.548761
 0.264687 1.62452 1.12066 0.448174 0.474409 0.308808 0.335355 0.315015 0.220995 0.595351 0.881549 0.897172 2.02839 1.86275 1.04931 0.636356 0.380514 0.579011 1.08536 2.44206
 0.255425 0.408538 0.299927 0.413769 0.454371 0.448126 0.418031 0.264421 0.354368 0.925798 1.00113 0.609098 1.12018 1.36779 1.12899 0.882077 0.97737 0.80959 0.594234 0.933994
 0.248932 0.208734 0.317849 0.436206 0.434392 0.486441 0.359652 0.302215 0.486689 0.391424 0.862264 1.13008 0.768061 0.802649 0.792707 0.623356 0.569646 0.506468 0.832684 0.668377
 0.258518 0.380512 0.367666 0.248743 0.268803 0.408128 0.400968 0.345568 0.322757 1.60333 2.02136 1.4312 1.07855 1.06132 0.785496 0.774485 1.56078 1.24692 1.45327 1.61859
 0.266794 0.603451 0.544198 0.401344 0.211861 0.13295 0.318043 0.385171 0.363851 0.864477 1.85807 1.81872 1.65601 0.936573 0.58468 0.392007 0.370132 0.921821 1.16114 1.64454
 0.260262 0.356718 0.421776 0.470586 0.376454 0.346818 0.320607 0.270882 0.38306 0.500057 0.680779 0.68384 0.776207 0.763833 1.13964 1.03504 0.74015 1.15388 1.17044 0.757662
 0.271474 1.18293 0.995393 0.42834 0.293421 0.501005 0.479703 0.322251 0.197092 0.335786 0.557693 0.706278 1.38838 1.55106 1.1481 0.879675 0.536628 0.527528 0.712034 0.862659
 0.2704 0.418668 0.335347 0.357696 0.228811 0.139362 0.383423 0.37194 0.515875 0.934365 1.37144 1.73412 1.07185 1.14328 1.36005 1.16464 1.64207 2.37202 1.79972 2.09332
 0.275377 0.487124 0.566313 0.503596 0.435955 0.400238 0.555615 0.500968 0.261478 0.466679 0.576306 0.430191 0.46942 0.45771 0.592094 1.24899 1.77574 1.52072 1.58016 1.37835
 0.268183 0.436317 0.328789 0.29515 0.315226 0.541485 0.372151 0.260717 0.256993 0.853998 1.48356 1.37011 1.74965 2.32739 2.62491 1.73945 1.52913 1.43063 1.8776 1.85878
 0.263929 0.289952 0.44603 0.433644 0.326262 0.224752 0.185232 0.191086 0.297353 0.474522 2.96874 3.07901 1.95482 2.45973 1.84539 3.51837 2.82862 1.30099 0.836351 1.57339
 0.271825 0.719542 0.502997 0.316161 0.255194 0.332871 0.525616 0.375911 0.221011 0.717513 1.31638 1.05718 0.616802 1.01131 1.01266 2.39404 1.79063 0.835402 0.946599 1.09595
 0.268406 0.465932 0.410632 0.256303 0.278012 0.229234 0.190491 0.342367 0.390643 0.312783 0.425795 0.569792 0.899778 1.27407 1.47726 1.35332 0.986744 0.854822 1.15076 1.03778
 0.259344 0.212971 0.222345 0.729685 0.566259 0.343713 0.28516 0.309641 0.22918 0.190369 0.475555 0.850391 0.844974 1.474 2.02435 1.57546 1.41684 0.982514 0.831085 0.671446
 0.261125 0.224801 0.194926 0.157507 0.246461 0.399851 0.550139 0.484752 0.436436 2.18157 1.73413 2.82758 2.46592 1.85939 1.285 1.13405 1.05141 0.743834 1.47186 1.90631
 0.291071 1.20043 1.30625 0.70393 0.349157 0.238286 0.320623 0.25157 0.1707 0.444157 1.32224 1.59883 2.14733 2.75238 1.69486 0.845447 0.884638 1.24159 0.88539 0.876747
 0.283757 0.560527 0.499093 0.275425 0.205258 0.176683 0.350333 0.458847 0.426083 0.701554 1.19784 1.21154 0.70166 0.975481 0.765022 0.616626 0.832286 1.05956 1.00679 0.648287
 0.271329 0.166548 0.333823 0.534843 0.467219 0.269719 0.206204 0.263834 0.228978 0.593595 0.948168 0.740068 0.850681 0.686893 0.406552 0.431853 1.4052 1.53644 0.907559 0.698044
 0.28578 0.711091 0.707926 0.484274 0.313184 0.276817 0.262374 0.278913 0.395315 0.702411 0.776794 0.825148 1.0012 0.632436 1.06421 1.83227 1.50726 0.965227 0.522673 0.511123
 0.268914 0.297269 0.232631 0.189288 0.290711 0.240703 0.216126 0.275975 0.300695 0.779242 1.06577 0.89119 0.754775 0.60154 1.02076 1.03259 2.30541 2.1486 1.79695 1.79984
 0.280649 0.928639 0.642611 0.350481 0.305669 0.381432 0.253608 0.263401 0.48783 0.761372 1.08905 1.6933 1.45597 2.72707 1.94226 0.984835 1.10748 1.54544 1.56519 0.890469
 0.272586 0.373418 0.347237 0.258365 0.301979 0.375178 0.271944 0.17951 0.328156 0.454238 1.88805 1.53879 0.942038 0.871236 0.725173 0.94039 0.635186 1.22389 1.06581 0.710007
 0.278381 0.645476 0.438932 0.199395 0.202331 0.199217 0.526264 0.52098 0.592388 1.34467 1.58329 1.56165 1.58657 1.62946 1.40983 1.30938 1.51673 2.22783 1.50028 0.880498
 0.274119 0.55122 0.418587 0.457716 0.533321 1.32362 1.16445 0.668625 0.5556 0.402354 1.04668 1.09895 1.359 1.5764 1.18391 0.653703 2.21607 2.34772 2.31091 2.50856
 0.273134 0.662701 0.518427 0.367234 0.188339 0.237769 0.228076 0.109185 0.317324 1.39521 1.0379 0.709461 0.562025 0.836455 1.25577 0.931931 0.579432 0.816627 1.20503 0.836728
 0.274624 0.713762 0.641453 0.507497 0.392316 0.434601 0.567761 0.48516 0.41271 0.577216 0.76685 1.07007 1.81789 1.52569 1.72901 1.74324 1.28038 2.17695 1.68258 0.928568
 0.268954 0.372531 0.228268 0.223346 0.139768 0.099307 0.500655 0.480105 0.293714 0.311883 0.612135 0.980109 0.881379 0.961065 1.71446 2.19704 1.36288 0.697294 0.40631 0.338053
 0.278902 0.396185 0.383592 0.509193 0.844318 0.537739 0.277064 0.210481 0.206995 0.656804 1.10948 1.02957 1.07025 0.942198 1.75949 1.66304 1.06625 1.86743 1.46693 2.00572
 0.269672 0.257821 0.254162 0.268175 0.189212 0.150739 0.481497 0.387917 0.257398 0.785961 0.730328 1.99756 1.56994 1.16227 0.951321 1.26794 0.989155 0.986447 0.645826 0.95519
 0.280381 1.57286 1.35148 0.897241 0.637629 0.31515 0.320866 0.213901 0.0797658 0.648148 0.645391 0.575427 0.859694 0.879401 0.920671 1.76731 1.3596 1.31677 1.34784 1.17561
 0.259426 0.297717 0.191716 0.353104 0.280533 0.440504 0.458352 0.306365 0.458806 1.31035 1.58691 1.18551 0.726727 0.932062 1.17246 0.989619 1.3849 1.09526 1.69021 1.2668
 0.25959 0.584286 0.611525 0.381276 0.309321 0.343246 0.611286 0.59659 0.327929 2.88462 2.47787 2.8891 2.12278 1.03445 0.974642 1.6835 1.65392 1.51447 1.0623 0.918396
 0.251769 0.437725 0.29425 0.228492 0.188116 0.323434 0.298311 0.267143 0.214162 0.487346 1.27477 1.72683 1.17709 1.53408 2.08025 1.37994 0.997912 1.60837 1.19219 0.645286
 0.264061 0.745196 0.606235 0.621416 0.414513 0.296959 0.261019 0.294716 0.717539 1.38356 1.17234 1.64896 1.23793 0.791565 0.912586 1.49141 1.76147 1.7865 1.00336 1.06723
 0.264804 0.628119 0.558061 0.664108 0.411329 0.185964 0.264983 0.506824 1.02992 0.99056 1.05744 0.879211 1.23165 1.01949 0.63898 0.88594 0.779139 0.631924 1.04561 1.08031
 0.250051 0.343537 0.290172 0.427422 0.307943 0.314185 0.355983 0.25202 0.205704 0.650555 1.16099 1.45523 1.19304 0.873123 0.632627 1.57068 1.56914 2.54327 1.8573 2.6683
 0.240219 0.429151 0.457576 0.411424 0.298202 0.269792 0.22985 0.348039 0.280849 1.36974 1.85997 2.42296 2.00528 2.24314 1.50753 1.27911 2.93267 1.96594 1.23851 1.1088
 0.233613 0.793883 0.735347 0.388559 0.252388 0.15232 0.120533 0.186187 0.131806 0.443013 1.02071 0.870724 0.627041 1.1356 1.6195 1.1524 0.617745 1.51316 1.85077 1.22577
 0.218531 0.190634 0.315305 0.379046 0.242729 0.226406 0.526546 0.433373 0.357418 1.85155 2.218 1.77766 1.35729 1.654 1.79207 2.67653 1.66291 0.836022 0.689478 1.28962
 0.224577 0.460777 0.386293 0.333139 0.473579 0.262052 0.136194 0.533088 0.62047 0.757658 2.74174 2.07047 1.59255 0.989826 0.874705 0.635876 0.599743 0.443596 0.419214 0.330612
 0.229514 1.39605 1.21279 0.642178 0.400136 0.18841 0.194497 0.234074 0.177131 0.323278 0.84685 1.06322 1.08116 0.895257 0.896857 1.30004 1.84003 1.33967 0.932501 1.08699
 0.198781 0.102744 0.144473 0.296817 0.269074 0.406011 0.297632 0.187517 0.301598 0.492925 0.820969 0.879062 0.631863 0.560247 0.393427 0.56344 1.23605 1.27188 0.885301 1.55506
 0.21367 0.189183 0.123463 0.0731053 0.230143 0.247522 0.363244 0.681409 0.578277 1.13173 2.1308 1.89345 1.44975 1.22432 0.926381 1.2472 1.21976 0.878786 1.61133 1.25726
 0.214044 0.336002 0.337238 0.326672 0.309248 0.314386 0.223385 0.28977 0.308564 1.18961 1.1122 0.881347 1.14026 2.04449 2.04655 1.80668 1.39692 1.10294 0.483359 0.26816
 0.222753 0.769554 0.468217 0.266317 0.185491 0.119147 0.0768152 0.160103 0.122521 0.945498 1.08657 0.852967 0.736043 0.74743 0.831914 1.02717 1.16655 1.12997 1.8561 1.37457
 0.21865 0.717139 0.503435 0.276645 0.182593 0.218347 0.296423 0.244532 0.321613 0.671976 0.697644 0.569563 0.962828 0.982112 1.40202 1.34632 2.04245 2.65865 1.72045 1.9323
 0.217912 0.531653 0.467845 0.256854 0.193978 0.220119 0.161022 0.224198 0.242653 0.844886 1.00222 1.29219 0.768748 0.594078 0.961206 1.57773 1.40745 1.23296 1.59306 1.10913
 0.223312 0.479794 0.396159 0.202081 0.585824 0.458089 0.250192 0.227824 0.26803 1.4849 1.12932 1.05848 1.67704 1.48969 1.07777 1.05652 1.25332 1.09154 0.982406 0.791372
 0.232768 0.921253 0.617792 0.422522 0.422033 0.304798 0.493944 0.520877 0.457079 0.721312 0.880523 1.60676 1.44596 2.61711 2.35258 1.59086 1.4927 2.72904 2.40706 1.15772
 0.232843 0.611844 0.460133 0.379982 0.714648 0.707032 0.332354 0.561112 0.523119 1.2741 0.918401 1.2439 2.06879 1.26573 1.63445 1.19286 1.32202 1.4056 1.12651 0.621337
 0.23321 0.756285 0.589719 0.267663 0.391494 0.527593 0.597715 0.455037 0.310638 0.56126 0.554927 1.27036 1.60773 1.36803 0.830602 1.23213 1.07339 0.840702 1.03543 0.841879
 0.22223 0.315503 0.246367 0.186376 0.157752 0.663639 0.545614 0.348818 0.218534 0.649032 0.817567 1.42096 1.31347 0.956776 1.43742 1.97162 2.30716 2.1095 2.34585 2.34623
 0.231024 0.852946 0.668304 0.314596 0.229194 0.155427 0.512278 0.466021 0.449413 0.453077 0.916089 1.27429 1.01919 1.34275 0.97318 0.77439 1.35885 1.50769 1.69201 1.02311
 0.225362 0.27929 0.300163 0.192365 0.146707 0.210388 0.199051 0.323848 0.27872 0.262479 0.383239 0.282307 0.704197 1.58416 1.3838 1.33831 0.80218 1.0456 1.15014 1.81816
 0.236806 0.580573 0.386985 0.163498 0.22428 0.280433 0.285889 0.393684 0.457098 0.406093 1.2241 1.58281 1.23493 0.850168 0.687336 0.747289 1.4013 1.42813 2.56115 2.0412
 0.225332 0.595147 0.621861 0.604684 0.358391 0.239052 0.293195 0.498594 0.594151 0.892256 2.11627 1.77119 1.19805 0.796712 1.17511 1.55418 1.6458 1.6664 2.31965 1.48206
 0.2105 0.207883 0.274241 0.246656 0.293901 0.18953 0.174298 0.463342 0.681909 0.625706 0.575779 0.430944 0.385038 1.1919 1.09716 0.748006 0.559199 0.686819 0.785981 2.92038
 0.219772 0.72327 0.490128 0.282137 0.18317 0.18015 0.3391 0.282858 0.188141 1.12077 1.04811 1.37379 0.978267 0.471901 0.565572 1.09007 2.44622 2.06466 1.32307 0.950453
 0.2166 0.488551 0.401731 0.244088 0.327082 0.258362 0.277579 0.314777 0.396211 0.546214 0.462335 0.753014 0.596096 0.490924 0.505934 1.40712 1.06105 1.99848 1.77769 1.24461
 0.223446 0.905296 0.698438 0.323579 0.137962 0.186875 0.132049 0.0866018 0.13994 0.787235 0.82067 1.54604 1.49809 3.23938 2.58056 3.82635 3.16998 1.51842 1.16147 1.62476
 0.217835 0.274381 0.188101 0.167084 0.214969 0.270029 0.518732 0.835507 0.614821 0.611568 0.462634 0.677351 0.983882 1.64382 2.69692 1.80017 1.82628 1.56956 1.51228 2.75934
 0.217256 0.272108 0.264154 0.319672 0.499069 0.540987 0.579414 0.345615 0.200065 1.28404 0.976412 0.514183 0.484475 0.570043 1.26515 1.01508 0.676849 1.17458 1.3325 0.88798
 0.223913 0.472722 0.562419 0.69636 0.412609 0.219397 0.172951 0.274516 0.326053 1.16191 1.51127 1.85529 1.39003 0.86728 0.720327 0.822672 1.65498 1.76197 1.32217 1.20576
 0.226305 0.653009 0.499176 0.242826 0.434597 0.624295 0.460561 0.267509 0.435135 0.56618 0.818514 0.658505 0.569704 0.43474 0.366255 1.35064 1.83657 1.98723 1.69209 1.76395
 0.21842 0.830138 0.641701 0.498809 0.406251 0.482218 0.277709 0.144765 0.249783 0.760324 0.886168 1.58922 1.66974 1.55031 1.65168 1.03528 0.536275 1.21256 1.38277 1.08961
 0.219488 1.15769 0.864359 0.400028 0.585795 0.518182 0.349095 0.312951 0.244441 0.241859 0.283619 0.964566 1.32379 1.08113 1.98377 1.92828 1.34108 1.06193 1.52398 2.43004
 0.202037 0.297721 0.769196 0.773081 0.394089 0.184446 0.172393 0.32924 0.499329 0.752591 0.91523 0.982761 0.955915 2.25568 2.73628 1.48958 0.769595 0.690835 0.796449 1.15326
 0.208284 1.15112 0.779604 0.333566 0.344055 0.320771 0.468443 0.284499 0.246713 0.62916 0.917267 1.81383 1.78026 1.97807 1.2863 1.14109 1.25447 1.11791 1.08745 0.810776
 0.208561 1.02999 0.746676 0.524808 0.348103 0.234613 0.310673 0.24181 0.185178 0.828645 1.21616 1.64882 1.31656 0.666514 1.99931 1.57609 1.43837 1.30934 1.02685 1.59068
 0.195088 0.203714 0.20557 0.322083 0.254334 0.212901 0.163803 0.24135 0.328648 0.884089 1.6103 1.27051 0.973334 0.797695 1.27844 1.20299 1.40559 1.27966 1.28366 0.862123
 0.206418 1.74635 1.29334 0.619021 0.365503 0.143323 0.571253 0.52438 0.472949 1.05463 0.986822 1.27252 1.68871 3.42031 2.84795 1.76075 1.32295 1.39974 1.43015 0.908917
 0.205382 0.943712 0.684895 0.364734 0.248289 0.467713 0.432551 0.24802 0.159739 0.977299 1.01054 1.39003 2.17395 1.4051 0.773326 1.2934 1.2308 1.12572 1.09533 1.01617
 0.203508 0.61022 0.740174 0.461323 0.342078 0.572138 0.421971 0.418072 0.45024 0.791727 0.947979 1.22621 0.86788 0.466505 0.535514 0.735307 1.13666 1.56222 0.93393 0.686043
 0.206609 0.321397 0.300467 0.556904 0.991053 0.637306 0.600071 0.393131 0.338289 0.807774 0.836104 0.866438 1.52583 1.53011 1.40916 1.02059 1.14038 1.03576 0.925982 1.51196
 0.216493 0.589707 0.381637 0.230889 0.236008 0.397269 0.301129 0.111542 0.103957 0.553203 0.508322 0.657282 1.25826 1.24587 1.94144 1.25106 0.530153 0.680903 1.22705 1.09112
 0.219294 1.68966 1.26066 0.596266 0.361364 0.266602 0.318605 0.24749 0.191113 0.871516 1.50126 1.18137 0.687907 1.7164 2.07475 1.8762 1.25746 0.630987 0.388944 0.974168
 0.202165 0.150267 0.0789231 0.0990916 0.235233 0.347705 0.45036 0.315112 0.431937 0.897906 1.41562 1.36589 0.812236 0.697054 0.892201 0.653451 0.466964 1.12823 1.21114 1.81931
 0.220473 0.538289 0.506718 0.513825 0.495557 0.347522 0.626849 0.552475 0.281757 0.405481 0.619756 0.596478 0.795707 0.650588 2.21297 2.0814 1.18805 1.42339 1.59082 1.36071
 0.23142 0.893852 0.733799 0.481298 0.329653 0.170862 0.305678 0.361277 0.213348 0.56961 0.922615 1.61598 1.98172 1.21848 0.700736 0.544504 0.928647 1.16971 2.74215 2.13622
 0.239884 1.17139 1.03876 0.528042 0.274074 0.615959 0.540063 0.4093 0.262892 1.10241 1.14949 1.03143 0.779725 0.804805 0.64854 0.687973 1.05649 1.56649 1.89201 1.28104
 0.226169 0.345653 0.209157 0.318086 0.266388 0.176172 0.418634 0.453212 0.233355 0.216534 3.16879 3.17361 2.19807 2.50278 1.51113 1.30326 1.01846 0.8315 2.06986 2.17524
 0.233711 0.920879 0.830577 0.572241 0.442872 0.340476 0.381382 0.236889 0.239782 2.11888 2.35257 2.88978 3.47374 2.09387 1.73087 1.1973 5.35387 4.44323 1.83153 1.1541
 0.228523 0.58237 0.805027 0.516885 0.516386 0.387118 0.232117 0.180352 0.224915 0.633436 0.650033 0.907836 0.660031 0.972662 0.721073 0.997038 1.13185 0.696095 1.2962 2.178
 0.22807 2.11833 1.53311 0.551608 0.258409 0.12617 0.213182 0.279206 0.325823 0.565042 0.514869 0.661029 0.94678 1.0481 1.84545 1.58702 1.31278 3.99738 2.96917 1.72212
 0.227289 1.4609 1.08938 0.408228 0.12473 0.141025 0.170092 0.332755 0.381336 0.697099 1.0542 1.19089 1.59085 1.36466 2.6246 1.99533 1.08246 0.728783 0.631202 0.824751
 0.213236 0.373117 0.602821 0.429047 0.179617 0.146542 0.305083 0.500802 0.789132 1.02172 0.887907 0.604835 0.694615 0.885352 0.69659 0.299385 0.25567 0.681599 0.48504 0.702088
 0.211178 0.655139 0.515118 0.345146 0.201423 0.424157 0.274437 0.244699 0.683451 1.10691 0.986276 1.2359 1.93022 1.44705 1.64903 1.38624 0.976575 0.845465 0.58084 1.41251
 0.214072 2.21019 1.53691 0.486326 0.167658 0.147677 0.142698 0.1673 0.227881 0.723423 5.33168 4.21716 2.08736 1.36307 0.815303 0.441273 0.571658 0.531693 1.52706 1.45075
 0.204804 0.584905 0.538817 0.353414 0.271058 0.223756 0.186633 0.324095 0.481538 0.725612 0.593448 0.871341 1.39629 1.51221 1.75863 1.28704 0.82309 0.385971 0.993504 1.19247
 0.207887 0.651646 0.494795 0.286685 0.279425 0.265716 0.319139 0.335694 0.216772 0.995846 1.02683 1.13707 2.27348 1.79922 2.01042 1.92056 2.05993 1.90144 0.87405 0.597734
 0.210551 0.707133 0.564889 0.457566 0.657586 0.561326 0.337452 0.335441 0.29143 0.402747 1.13603 1.6585 1.32597 1.91071 1.45105 1.31064 0.949983 1.05623 0.779888 0.862651
 0.195789 0.138397 0.295466 0.458096 0.357933 0.210986 0.179925 0.147354 0.456529 1.11639 1.42087 1.39935 1.02685 0.822724 1.26854 1.4535 1.37348 1.1341 1.03414 1.66885
 0.221563 0.816116 0.51072 0.34317 0.238907 0.35303 0.474099 0.319306 0.214751 0.362335 0.684245 0.639262 1.19146 1.06388 1.27909 1.65588 1.3982 1.02272 0.854694 1.27688
 0.21838 0.408309 0.750364 0.510377 0.332918 0.362024 0.322381 0.243688 0.26182 0.238943 2.80233 2.69101 1.3174 1.10514 1.39203 2.14164 1.5196 1.79151 1.315 1.28661
 0.223157 0.695028 0.702987 0.564815 0.592099 0.437501 0.227063 0.257304 0.20028 0.536506 2.19095 2.49273 1.40464 0.883311 1.57976 0.915901 0.643217 0.585484 1.63532 2.78714
 0.225121 0.403328 0.420019 0.206585 0.246169 0.29953 0.304357 0.357287 0.464341 1.43797 2.1403 1.73642 1.50616 0.909374 1.12299 0.924588 0.648267 0.77724 2.86026 2.35523
 0.226782 0.391659 0.311289 0.18872 0.236293 0.332676 0.312931 0.446189 0.677918 2.11251 1.99079 1.33071 1.01951 0.910309 0.916469 0.779519 1.06645 1.1004 1.31792 1.179
 0.227241 0.521879 0.479041 0.50087 0.341192 0.443839 0.60163 0.583842 0.771312 0.749952 1.55666 1.24776 1.25154 1.83192 1.76957 1.552 1.03165 0.529656 0.902182 1.17749
 0.238957 0.78161 0.53782 0.256055 0.563237 0.602425 0.624435 0.315906 0.346478 0.328009 1.95324 1.40311 0.752426 0.829022 1.11018 0.684958 0.533574 0.434256 1.57469 1.33395
 0.233883 0.499804 0.428764 0.424379 0.357396 0.312004 0.284995 0.173401 0.0949973 2.9712 3.75612 3.25309 2.77795 1.91306 1.21617 1.68459 1.23538 1.09296 1.32731 1.2401
 0.233447 0.335419 0.297584 0.259891 0.617069 0.477208 0.387576 0.346353 0.483838 0.981587 1.13853 0.918606 1.07751 0.975534 1.02585 0.949702 0.817536 0.640006 0.796283 1.43052
 0.238286 1.25054 0.934357 0.558701 0.267429 0.187011 0.462092 0.420336 0.301967 0.323557 0.942531 0.735733 0.618253 1.21194 1.40926 0.944085 0.560066 1.01246 2.08439 2.28062
 0.234698 0.372077 0.298521 0.240556 0.131138 0.198181 0.188917 0.647041 0.451934 1.11745 1.69626 1.70846 1.29554 2.1838 1.86344 1.05147 0.635665 0.798462 0.637028 0.616069
 0.233012 0.3651 0.235053 0.162026 0.457238 0.387608 0.409224 0.304822 0.586239 1.17975 1.48048 1.46915 1.31398 0.821307 0.440766 0.290834 0.40211 0.831283 1.01983 1.28501
 0.246816 1.82321 1.43947 0.614113 0.47841 0.497288 0.366155 0.21671 0.104765 0.52353 0.894639 0.674899 0.378367 0.917041 0.788417 2.79766 3.01452 1.86381 1.10683 1.19776
 0.234879 0.459834 0.363025 0.34101 0.239336 0.138002 0.321545 0.865368 0.75952 0.730965 1.28168 1.35591 0.975608 1.1181 1.15759 1.4431 1.02464 0.74379 0.878374 2.17199
 0.23294 0.365099 0.288276 0.11731 0.109184 0.300231 0.429483 0.656117 0.488547 0.81206 0.701156 0.592324 0.98377 1.03375 1.05984 1.09191 0.726977 1.1755 0.972079 0.803884
 0.233971 0.793584 0.622566 0.585636 0.6904 0.472026 0.274234 0.453353 0.462972 0.376522 0.254438 1.49164 1.3723 1.39277 1.20653 1.03081 1.1674 0.871603 0.507307 0.721114
 0.236574 2.50189 1.9336 0.646485 0.188486 0.196733 0.251985 0.387128 0.372529 0.482779 0.661584 0.758816 0.847945 0.894621 0.74134 0.604049 1.16561 1.04796 0.702678 1.02926
 0.240907 0.776018 0.575518 0.281814 0.146884 0.330044 0.265639 0.187965 0.151973 0.921914 1.0743 0.837709 0.557377 0.458777 0.898716 1.4306 0.854725 0.719213 1.43787 1.84786
 0.231949 0.286113 0.281356 0.213265 0.320161 0.266218 0.43408 0.269171 0.242444 0.616463 0.654827 1.61146 1.89692 2.49758 2.45454 1.56918 1.03797 1.07237 0.73363 0.450858
 0.233258 0.416677 0.345739 0.307206 0.509513 0.639681 0.530651 0.605437 0.373769 0.607735 1.02459 1.29172 1.20442 1.13679 1.06086 1.70085 2.68204 2.17546 1.92472 1.42107
 0.236972 1.06858 0.858762 0.438817 0.239974 0.283728 0.282934 0.264784 0.325784 0.518332 0.841063 1.26967 2.55024 2.01792 0.943763 0.666825 0.410439 0.56057 0.635888 0.538367
 0.23099 0.254386 0.312569 0.328803 0.360372 0.274955 0.227901 0.268953 0.305533 0.385948 1.47425 1.40182 0.932062 2.21626 2.25433 1.53107 0.847523 0.578012 0.600092 0.775304
 0.239619 0.5783 0.573816 0.407715 0.459747 0.46104 0.539214 0.331183 0.351727 1.40807 2.18405 1.58135 1.31582 1.64959 1.29134 2.0671 1.53604 0.640935 0.443389 0.881191
 0.233312 0.714789 0.532501 0.340334 0.244648 0.160858 0.189309 0.281728 0.277266 0.269723 0.309382 0.774538 1.1933 1.33494 1.38468 0.922524 1.3447 1.05455 0.599065 0.639277
 0.229698 0.284618 0.364208 0.383581 0.440381 0.280545 0.271386 0.311887 0.479866 0.937495 0.962009 1.18374 1.30842 2.68784 1.76689 0.955381 1.64856 1.87449 1.48676 1.0477
 0.228823 0.297546 0.254642 0.235318 0.184051 0.172224 0.44542 0.619532 0.583736 0.364237 0.317116 0.4562 0.844446 2.53533 3.46639 3.09859 1.59888 0.845808 1.0484 0.842593
 0.249196 1.70011 1.25458 0.579742 0.598001 0.430913 0.609583 0.393705 0.189955 0.470099 0.533307 1.14289 1.21207 1.48163 2.0769 4.03104 3.04806 1.46586 0.672391 0.459445
 0.250021 1.40007 1.49811 0.790267 0.382208 0.535896 0.301371 0.228253 0.282846 0.490087 1.04691 1.43331 1.11374 0.636626 0.416627 0.686015 0.81635 2.83071 2.40816 1.24443
 0.243321 0.772593 0.816716 0.566058 0.330237 0.199105 0.157101 0.295755 0.330141 0.371436 1.85309 1.81867 2.03818 2.68284 1.93859 2.56952 1.91107 1.00393 0.548083 0.644404
 0.234854 0.184916 0.172593 0.21334 0.377776 0.429626 0.575811 0.701601 0.748894 1.43279 1.0157 1.38999 1.89939 1.75908 2.0926 1.34312 0.832742 0.812507 0.69529 0.471514
 0.249428 0.370322 0.366594 0.701288 0.469428 0.269683 0.203616 0.177492 0.366177 1.31348 1.14581 0.676333 0.525847 0.437929 1.72909 1.61469 0.984085 1.03001 0.84048 0.736544
 0.241396 0.29036 0.340263 0.287664 0.302383 0.56533 0.576548 0.405448 0.440394 1.44536 1.69799 1.74967 1.72425 1.03244 0.480073 0.701572 0.599224 0.727208 0.796271 0.710248
 0.25607 0.848352 0.591278 0.518754 0.404547 0.486515 0.733472 0.558663 0.307098 0.92465 1.59642 1.14677 0.776522 0.868909 1.58311 1.61961 1.34943 0.937545 0.576388 1.14966
 0.249172 0.387143 0.592887 0.410664 0.191443 0.112981 0.206794 0.200395 0.18992 0.31378 0.383519 1.25381 1.27739 1.16795 1.19134 0.960409 0.864062 0.861014 1.457 1.42714
 0.253572 0.615373 0.637338 0.543331 0.520808 0.568883 0.335925 0.331247 0.256024 1.08371 0.874512 0.92535 0.964674 1.10437 1.47883 1.3308 1.92345 1.59788 1.32167 1.37584
 0.258448 0.795136 0.584321 0.261578 0.287616 0.373593 0.269189 0.180899 0.170413 0.478059 0.971499 0.779706 0.543894 0.421838 0.910767 0.899736 1.23835 1.7473 2.41192 2.48086
 0.236525 0.385153 0.365168 0.448658 0.400442 0.189284 0.133512 0.315984 0.326749 0.785795 3.78436 3.83049 2.85728 2.20185 1.18082 0.641487 3.03634 2.64954 1.21665 0.726876
 0.237836 0.57861 0.43837 0.245009 0.391464 0.494671 0.405155 0.851082 0.73357 1.43303 2.87193 2.22658 1.46728 1.01935 1.6443 1.5266 1.42441 0.97156 1.38645 1.95847
 0.239919 0.543536 0.410672 0.363037 0.318571 0.438709 0.441631 0.576638 0.440841 0.56221 1.45489 1.94593 1.44276 1.19496 1.1076 1.00092 0.637599 0.757526 1.07961 0.817673
 0.250383 1.28554 1.15709 0.71067 0.409017 0.280283 0.272602 0.194107 0.165016 0.68279 1.13144 0.775689 0.478594 0.359153 1.09191 0.838803 0.809516 0.900191 2.23584 1.74661
 0.246704 0.897715 0.629967 0.291442 0.161205 0.234505 0.239396 0.216103 0.191003 2.0458 1.60388 1.17081 1.83253 1.9932 2.37403 1.77471 1.51788 0.952869 1.06625 1.0009
 0.237632 0.566815 0.613512 0.432727 0.22158 0.138758 0.0676265 0.109312 0.273694 0.430988 0.512312 0.574731 1.49453 2.38132 1.66837 1.16398 0.71599 0.431206 0.41832 0.763555
 0.244492 0.508519 0.43075 0.7586 0.733502 0.434198 0.295736 0.200029 0.265414 1.99404 1.94265 0.943271 0.863326 0.830409 1.18272 1.51392 1.28617 0.825783 0.549311 0.674389
 0.249776 0.744184 0.677061 0.352392 0.357476 0.323667 0.335256 0.66042 0.487269 0.444401 0.657404 1.22739 1.41303 1.26406 1.12657 0.759527 0.563467 1.67456 1.59437 1.11835
 0.254459 0.451276 0.814164 0.550793 0.387686 0.304789 0.421588 0.321351 0.484314 0.871887 0.740183 0.638146 1.96152 1.83498 1.22678 0.953285 0.617078 0.412801 0.321752 0.547463
 0.254663 0.44714 0.296951 0.173106 0.212721 0.440661 0.414433 0.439276 1.08655 1.15201 1.62078 1.4658 1.65353 0.995772 0.531895 0.941358 1.36382 0.809876 1.10604 1.72006
 0.255032 0.637781 0.579921 0.362981 0.271165 0.159367 0.148905 0.15383 0.449028 0.794099 0.694109 0.742542 0.602729 1.05391 1.07273 1.16799 2.03624 1.8047 1.71368 1.9135
