 0.30704 0.458367 0.439412 0.310423 0.205209 0.194571 0.234523 0.497919 0.752459 0.64047 0.765157 0.816655 0.569634 1.26904 1.65404 1.46258 1.29816 1.17824 1.02033 1.23265
 0.293492 0.449306 0.497582 0.318776 0.18534 0.23505 0.245121 0.29964 0.345861 1.80738 1.57227 0.880454 0.816657 0.766437 0.66226 0.897946 0.60257 0.859616 1.45124 1.68353
 0.289331 0.216505 0.206631 0.531394 0.676945 0.661158 0.686463 0.480639 0.333876 0.75985 0.63762 1.18436 1.37116 2.15141 1.46561 0.937436 0.672919 0.718213 0.574374 0.813375
 0.319988 0.88543 0.710888 0.454054 0.308655 0.233604 0.189996 0.244509 0.432064 0.370165 0.431664 1.12153 1.36538 1.09804 1.67052 2.05134 1.31612 0.781363 2.05856 1.48169
 0.322036 1.13279 0.788869 0.450637 0.312734 0.161781 0.154076 0.156789 0.215822 0.396775 0.737624 1.01607 1.81784 1.43258 1.07816 0.892486 0.824799 0.458279 0.226082 0.351644
 0.313753 0.982078 0.908365 0.636771 0.536988 0.281494 0.182082 0.255509 0.191653 0.737741 1.52142 1.06534 1.15639 1.1102 0.949009 0.718035 0.879472 1.44827 1.32045 0.926279
 0.293574 0.436745 0.473198 0.336283 0.359519 0.199838 0.142852 0.305761 0.653478 0.528508 0.719708 0.528556 1.20265 0.9582 0.640773 0.683259 0.465826 0.508299 0.772336 0.75073
 0.309266 0.791001 0.934217 0.704451 0.352102 0.37519 0.274244 0.524315 0.544539 1.41938 2.30756 2.29372 1.64924 0.924868 1.37594 0.831733 0.547318 0.602341 0.482497 1.20233
 0.309226 2.31073 1.62776 0.616277 0.286306 0.220442 0.182641 0.129526 0.234935 1.92789 1.20686 0.519127 0.479727 1.00282 0.912298 0.791003 0.464473 0.760472 0.631299 0.852977
 0.308178 1.10912 1.13363 0.778165 0.408851 0.304974 0.2543 0.418616 0.42091 0.435967 0.433282 0.492208 0.514694 0.69456 0.540926 0.376505 0.527127 0.453812 0.738425 1.43795
 0.315526 0.212779 0.189943 0.198757 0.317244 0.373486 0.483837 0.408174 0.42305 0.824223 0.807499 0.68404 0.724261 1.56133 1.58625 1.36071 1.4196 0.997401 0.652526 0.43541
 0.283627 0.412366 0.353226 0.333274 0.358171 0.326836 0.342261 0.354413 0.407809 0.883267 0.836793 0.434205 0.363087 0.455229 0.377993 0.252309 0.863874 1.05383 0.906197 0.666141
 0.301809 0.269645 0.308668 0.254733 0.261407 0.202463 0.259057 0.41019 0.870145 1.48888 1.32789 1.3468 1.12601 0.673613 1.36553 0.914684 0.568771 0.578962 0.533598 0.550731
 0.293889 0.445509 0.403645 0.326115 0.476606 0.376227 0.268892 0.346987 0.252375 1.46074 1.46414 2.99793 2.43642 1.23872 0.967043 0.666558 0.48337 0.537042 0.376357 0.25349
 0.311521 0.526629 0.526821 0.679564 0.45601 0.641942 0.572757 0.406956 0.487205 0.530401 0.930458 0.970525 1.2968 0.926023 0.742401 0.703767 1.35436 1.28894 0.694808 0.655211
 0.321032 1.17828 1.02212 0.625683 0.280527 0.118904 0.085247 0.24911 0.356478 0.666405 1.56585 1.68666 1.1004 2.57062 1.8928 0.809564 0.763602 0.761228 0.729086 0.350581
 0.310397 0.464162 0.73757 0.524798 0.370892 0.742001 0.738814 0.499871 0.530651 0.534206 0.571799 1.34064 1.50195 0.91467 0.902631 1.07581 0.668909 0.659105 0.892764 0.928454
 0.310667 0.744528 0.379738 0.19927 0.161271 0.21163 0.376221 0.351592 0.354521 0.512376 0.613943 0.688151 1.3867 1.59676 1.27271 0.92243 1.0197 0.646829 0.631213 0.615114
 0.323507 0.896042 0.667791 0.369803 0.254381 0.408845 0.473341 0.363021 0.24448 0.826326 1.15653 0.796159 1.13098 2.45356 1.5585 0.638748 0.465337 0.530885 1.21522 0.932297
 0.303334 0.829207 0.507506 0.257756 0.226087 0.42103 0.497066 0.316678 0.230451 0.822221 1.44053 2.31513 1.72241 1.47041 1.01017 0.615497 0.526198 1.02646 1.00755 0.722959
 0.24624 0.224418 0.220387 0.379991 0.468706 0.504285 0.377402 0.480455 0.370109 0.855852 0.958581 0.813457 0.584901 0.461914 0.418145 0.917405 2.36447 2.13156 1.61208 1.66866
 0.314195 0.904574 0.885741 0.923687 0.53031 0.285954 0.325785 0.342144 0.271319 0.172077 0.953313 1.14371 1.90787 1.89514 1.41051 0.958853 1.22801 0.751038 0.326465 0.399257
 0.312035 1.06375 1.04883 0.518628 0.550562 0.449879 0.264263 0.317004 0.246445 0.299817 0.421799 0.492788 0.516474 0.775805 1.01526 1.18846 0.762077 0.670074 1.17263 1.21391
 0.311936 0.739662 0.58859 0.489619 0.356089 0.325502 0.227311 0.232163 0.287819 0.449764 0.817436 0.831133 0.893978 0.886795 1.04223 1.27693 1.06661 0.752887 1.87689 1.84529
 0.319591 0.534402 0.493673 0.738573 0.648426 0.388448 0.452737 0.413957 0.50115 0.60861 1.14689 1.32343 0.808758 0.838282 1.26317 1.33791 1.67342 0.975183 0.566945 1.5104
 0.321119 0.268368 0.206795 0.265035 0.282637 0.213625 0.197549 0.358221 0.53281 0.454581 0.465036 0.894213 1.6295 2.11531 1.91072 1.19809 0.713365 0.63176 0.427363 0.536229
 0.312178 1.17306 0.742117 0.392493 0.257886 0.178314 0.327829 0.27967 0.176158 0.397534 0.674683 0.793875 0.688383 1.67046 1.42612 0.869891 0.547379 0.593826 0.513254 0.641734
 0.313637 0.484105 0.358166 0.365304 0.380422 0.3224 0.234252 0.250846 0.578082 0.710476 1.65156 1.3928 0.831055 1.01497 1.11419 0.712054 0.607448 0.706975 1.17305 1.30142
 0.280958 0.376119 0.470577 0.571583 0.447587 0.282196 0.277449 0.465167 0.321828 0.500124 1.14681 1.21581 0.986756 1.06812 0.845096 0.788308 0.830563 1.26957 1.0302 0.707391
 0.317764 1.69858 1.27161 0.646876 0.26758 0.125124 0.114349 0.0492635 0.162195 0.56366 0.579933 0.733363 0.733454 1.09893 1.79383 1.27635 0.86817 0.572438 0.329491 0.686844
 0.311957 0.918346 1.26594 0.834483 0.349396 0.317621 0.445655 0.293635 0.25996 1.75524 1.31385 1.11225 0.90787 1.60193 1.00779 1.2905 1.12 0.903873 0.715667 0.625041
 0.307609 0.341084 0.246711 0.235719 0.164797 0.137855 0.262179 0.354138 0.338728 0.475083 0.810097 1.61611 1.64274 0.944167 0.83349 0.741008 0.551465 0.527131 0.972224 0.742143
 0.305726 0.6313 0.596934 0.303287 0.143832 0.443698 0.440475 0.233832 0.234302 0.429764 0.551388 1.19766 1.92131 1.84998 1.49458 1.603 1.25866 1.00653 0.604389 0.563406
 0.314215 0.878535 0.707103 0.413221 0.183268 0.137481 0.104191 0.120194 0.201989 0.48145 0.863332 0.877147 1.16562 1.87762 1.31185 1.01034 0.757013 0.680547 1.11738 0.82897
 0.27496 0.319769 0.367636 0.290874 0.291693 0.411161 0.28297 0.36194 0.467485 0.400117 0.398204 0.848056 1.00698 1.58376 1.63933 1.04106 0.634753 0.762993 0.394332 0.264129
 0.310458 0.544066 0.697141 0.53396 0.453344 0.439522 0.386481 0.720723 0.603862 0.598654 0.944517 1.35041 1.94956 1.3223 0.924883 0.804486 0.865524 0.492611 0.278069 0.534934
 0.31231 0.588262 0.922558 0.632058 0.625308 0.504579 0.627198 0.772081 0.498501 0.969098 1.04249 0.878496 2.1709 1.6798 0.903632 0.698786 0.426759 0.366857 0.598785 0.565891
 0.310038 1.75478 1.16367 0.480454 0.383966 0.349936 0.766181 0.870064 0.635712 0.752249 0.643393 0.709743 0.490274 0.53832 0.939476 0.858651 0.682987 0.852712 0.628703 1.56211
 0.307405 0.37578 0.421678 0.305192 0.257453 0.15674 0.120331 0.175725 0.406922 0.567899 0.853843 0.718115 0.854703 1.27593 1.16474 1.02403 0.69052 0.685787 0.663689 0.602604
 0.310565 0.691108 0.925299 0.548639 0.249664 0.264735 0.291559 0.240008 0.316612 0.605278 1.10002 0.862782 0.841939 1.16958 1.32252 1.06779 0.733825 0.747751 1.64863 2.61377
 0.280891 0.370062 0.436192 0.272607 0.270426 0.48197 0.421802 0.32754 0.313239 0.630857 0.610202 0.740761 1.62044 1.0387 0.542882 0.401013 0.242805 0.274061 0.633781 1.34197
 0.313975 1.45512 1.07168 0.609951 0.430545 0.306942 0.359548 0.229147 0.178958 1.64778 1.39542 1.11494 0.900226 0.793389 0.850225 0.692459 0.579465 1.88225 1.51867 0.804077
 0.319871 0.75493 0.474629 0.489128 0.402236 0.268572 0.258779 0.32963 0.302003 0.510785 2.45901 2.03036 1.58539 1.20687 0.565581 0.445989 0.397208 0.34955 0.41378 0.402067
 0.30636 0.40641 0.379081 0.409318 0.38519 0.380374 0.247051 0.291622 0.281789 1.86838 1.67909 1.25877 1.03647 1.34648 1.36788 0.965939 0.862545 0.639808 0.944391 0.889003
 0.309469 1.24907 1.03779 0.486073 0.499115 0.26199 0.151903 0.13054 0.0895799 1.07322 1.36148 1.56638 1.43459 1.14348 1.08993 0.686086 0.672052 1.02631 0.824842 0.640747
 0.314916 0.878042 0.819876 0.525349 0.322282 0.227242 0.243802 0.182215 0.175039 0.413782 0.992947 1.61015 1.13362 1.23996 1.21191 1.05008 0.626292 1.0413 1.15524 0.751888
 0.307815 0.79865 0.598746 0.498519 0.484492 0.343117 0.295438 0.268379 0.412102 0.843691 0.907665 1.75312 2.01641 1.64523 1.16063 0.622063 0.908946 0.736421 0.420004 0.661855
 0.313118 0.584816 0.500839 0.635895 0.55975 0.644963 0.364438 0.216161 0.355237 0.488247 0.64415 0.825931 1.30646 1.03874 0.811587 0.880397 0.685818 0.677966 0.597418 0.980691
 0.296598 0.623819 0.688535 0.537823 0.35515 0.419174 0.326048 0.315502 0.552089 0.876399 0.994627 0.732719 0.558794 0.711852 0.472342 1.2758 1.61357 2.14777 1.3235 1.09524
 0.305882 0.593155 0.554744 0.426126 0.544378 0.573016 0.429003 0.245116 0.575742 0.922157 0.883847 0.547368 0.468027 0.574818 0.82805 0.633787 1.44598 1.21286 1.65908 1.20883
 0.301582 0.204693 0.278417 0.227885 0.296556 0.312461 0.793494 0.614192 0.413793 1.45935 1.55189 1.10925 1.22587 1.53363 1.04404 0.767115 0.82223 1.43904 1.20484 0.786798
 0.291307 0.627772 0.455012 0.215484 0.485743 0.4801 0.361454 0.603413 0.3961 0.756219 1.15961 0.88554 1.41273 1.00526 0.768591 0.546065 0.46358 0.336653 0.268013 0.766557
 0.283256 0.284824 0.295098 0.215467 0.236063 0.354677 0.339606 0.269335 0.322913 0.927254 1.15443 1.4868 1.07895 0.751479 0.543021 0.614379 0.816973 1.07741 0.943171 0.977611
 0.288499 0.322156 0.219448 0.214729 0.327367 0.435357 0.551583 0.433474 0.461522 0.670689 1.46235 1.13916 0.870496 0.770343 1.00383 0.773839 1.08609 0.931191 0.779185 0.68372
 0.320288 0.593228 0.436838 0.272993 0.270745 0.213857 0.317334 0.313582 0.362569 0.798436 1.15694 0.932592 0.81918 0.986707 0.904229 1.58346 1.12516 0.898031 0.643063 0.596327
 0.315753 1.03483 0.913081 0.535248 0.48292 0.434522 0.265679 0.213981 0.524181 1.23887 1.60392 1.01538 0.866418 1.00055 0.746545 0.595311 1.51504 1.28759 1.19282 1.36734
 0.317229 0.746629 0.536142 0.309714 0.140743 0.0938887 0.112069 0.149339 0.215221 0.678095 1.3008 1.5922 1.02548 0.998411 1.37106 1.08126 0.669563 0.399823 0.640437 0.575226
 0.276483 0.326178 0.296235 0.209669 0.308117 0.638781 0.710315 0.471611 0.281842 0.906228 1.27687 0.932697 0.853245 0.55964 0.517063 0.611921 1.07471 0.826707 0.961089 0.715686
 0.300804 1.58388 1.05341 0.681819 0.407992 0.208302 0.198558 0.232515 0.634843 0.907599 1.34217 1.08156 0.802291 0.754988 1.08461 0.860038 0.751096 0.671387 0.521929 1.03601
 0.290265 0.506907 0.550389 0.295359 0.240763 0.365034 0.2628 0.204342 0.188454 1.26876 1.17302 0.759053 0.553379 0.367443 0.588347 0.765386 0.602292 0.823058 1.09711 0.993142
 0.319327 1.77327 1.18628 0.487381 0.335266 0.317589 0.2836 0.202504 0.344845 0.692434 0.658159 1.07894 1.62093 1.25874 0.740662 0.647529 0.97106 0.816326 0.449008 0.350298
 0.316213 1.58834 1.07447 0.482773 0.454519 0.240593 0.247374 0.327764 0.231483 0.509454 0.749712 0.799524 1.56575 1.31112 0.786698 0.547393 0.38022 0.563178 0.879465 1.4442
 0.294976 0.458032 0.356341 0.389896 0.406164 0.483018 0.494617 0.307266 0.366885 0.921351 1.03333 0.619383 0.898731 1.09455 0.887293 0.677486 0.759866 0.60245 0.413 0.806661
 0.275287 0.227722 0.309402 0.401707 0.405466 0.485501 0.410256 0.313002 0.45779 0.350202 0.79216 1.13817 0.751627 0.740313 0.674418 0.481372 0.466662 0.484651 0.683348 0.63404
 0.287753 0.430123 0.481892 0.286878 0.259784 0.492236 0.532451 0.416682 0.372989 1.33797 1.6112 1.13857 0.826828 0.890547 0.729623 0.730606 1.25387 0.900137 0.976062 1.06567
 0.264539 0.362786 0.393046 0.380554 0.218847 0.149044 0.259618 0.31378 0.322924 1.06013 1.69728 1.47664 1.33391 0.740663 0.522591 0.329589 0.312589 0.925347 1.00077 1.32329
 0.310397 0.427595 0.459927 0.476938 0.448593 0.369096 0.33201 0.335725 0.502266 0.589918 0.635679 0.6668 0.748213 0.699699 1.09488 0.939555 0.645724 0.932996 1.09739 0.669189
 0.315664 0.912736 0.940262 0.415361 0.312528 0.512622 0.452579 0.314026 0.205923 0.374958 0.55711 0.59435 1.12993 1.29496 1.06281 0.790638 0.495184 0.53864 0.688318 0.747822
 0.316432 0.425148 0.312274 0.296639 0.217993 0.168467 0.424742 0.433437 0.581653 0.893131 0.947633 1.27588 0.931766 1.09838 1.19573 0.919906 1.20676 1.48194 1.08395 1.2757
 0.328909 0.558972 0.5676 0.493364 0.452958 0.436941 0.601401 0.49271 0.262559 0.428764 0.493382 0.387766 0.471566 0.445005 0.522571 0.919823 1.60469 1.27145 1.05569 0.978185
 0.301669 0.466291 0.411852 0.328748 0.322678 0.468514 0.372997 0.328111 0.328746 0.833611 1.42487 1.13105 1.20132 1.3931 1.77481 1.16886 1.1323 0.935295 1.06888 1.11409
 0.274209 0.249465 0.338535 0.394826 0.342194 0.23454 0.199517 0.226429 0.32992 0.491026 2.43418 2.25093 1.32171 1.83242 1.20296 2.34055 1.77611 0.782891 0.508581 1.00556
 0.310608 0.823853 0.535129 0.308867 0.202048 0.277709 0.578153 0.397963 0.220453 0.595032 1.05825 0.930091 0.553714 0.987964 0.926565 1.74193 1.18335 0.582632 0.730388 0.924134
 0.264626 0.402731 0.401796 0.294455 0.305648 0.248324 0.227612 0.312862 0.410029 0.367157 0.424371 0.517811 0.914494 1.33279 1.39119 1.10942 0.849886 0.822275 1.07084 1.10597
 0.279657 0.251675 0.285943 0.851366 0.664477 0.378576 0.292637 0.319874 0.257095 0.241198 0.445541 0.701419 0.740877 1.21312 1.90449 1.40036 1.07712 0.708217 0.55152 0.462885
 0.276586 0.250145 0.222981 0.184184 0.247571 0.41976 0.509925 0.467356 0.44645 1.85234 1.38671 1.94934 1.83716 1.06229 0.692714 0.650313 0.74818 0.554479 0.988184 1.27532
 0.312615 1.11005 0.960313 0.585506 0.349534 0.274333 0.313571 0.252644 0.174408 0.422663 0.941919 1.06564 1.69167 1.89368 1.22066 0.590645 0.609998 0.929065 0.638798 0.632146
 0.300318 0.617833 0.487588 0.263146 0.231551 0.222046 0.356385 0.436886 0.454623 0.693872 1.22997 1.29727 0.852525 0.904015 0.616783 0.455004 0.635544 0.903841 0.825194 0.528462
 0.248937 0.155559 0.321025 0.474767 0.423805 0.241487 0.21412 0.306196 0.281954 0.581087 1.01317 0.854011 1.02216 0.799781 0.448814 0.459094 1.51661 1.40939 0.721039 0.530681
 0.307273 0.737011 0.772819 0.513881 0.339015 0.22724 0.196879 0.256197 0.309284 0.627034 0.631634 0.678511 0.898116 0.624411 0.884967 1.45159 1.01514 0.659427 0.415746 0.485673
 0.274546 0.296725 0.288356 0.252945 0.286737 0.243226 0.246193 0.294457 0.347461 0.894216 1.01705 0.872605 0.689376 0.522631 0.836923 0.796746 1.64025 1.59234 1.37951 1.33758
 0.307828 0.917324 0.597015 0.314129 0.245989 0.316299 0.247825 0.29611 0.527062 0.647517 0.943458 1.48543 1.1296 1.6418 1.11524 0.592458 0.649894 1.03526 1.26509 0.723613
 0.288558 0.419531 0.349064 0.264479 0.336413 0.437776 0.323578 0.230632 0.286511 0.368916 1.79365 1.36333 0.822386 0.810388 0.690228 0.83858 0.582187 0.947657 0.884497 0.618347
 0.31804 0.579667 0.400182 0.200232 0.189445 0.195912 0.548567 0.602407 0.571869 1.11958 1.27028 1.12012 1.26262 1.29328 1.14534 1.0222 1.1102 1.67528 1.02321 0.550219
 0.306577 0.515455 0.395497 0.459937 0.524085 1.089 0.942881 0.542384 0.518592 0.419908 1.07888 1.11013 1.25833 1.28633 1.00559 0.524443 1.67049 1.63531 1.42265 1.67674
 0.305786 0.678852 0.505595 0.379277 0.212872 0.287919 0.247948 0.13856 0.392677 1.51448 1.02813 0.686692 0.560038 0.755739 1.0679 0.879119 0.602167 0.819452 0.912415 0.607712
 0.300631 0.586914 0.512225 0.425903 0.300495 0.384423 0.467771 0.458094 0.447637 0.635857 0.911069 1.0818 1.48754 1.2148 1.43739 1.50055 0.970232 1.50697 1.25381 0.749765
 0.295646 0.416405 0.298731 0.309661 0.208057 0.161116 0.437188 0.498689 0.410223 0.487903 0.825987 1.04983 0.794361 0.862036 1.4619 1.80391 1.17051 0.667371 0.383751 0.293938
 0.317778 0.431041 0.389142 0.50122 0.895154 0.473108 0.25434 0.207774 0.224129 0.567836 0.964117 0.86137 0.822825 0.763089 1.12117 0.968242 0.659513 1.48226 1.05669 1.29755
 0.282085 0.24996 0.280126 0.334362 0.250884 0.181318 0.556565 0.478654 0.312822 0.759744 0.678382 1.76633 1.45955 1.10247 0.805442 0.967429 0.709605 0.924925 0.662664 0.921867
 0.302074 1.06791 0.940725 0.841919 0.675104 0.318109 0.283768 0.212763 0.102397 0.565112 0.543735 0.441441 0.756866 0.79575 0.714971 1.18492 0.899159 0.874182 0.874045 0.890259
 0.299676 0.326067 0.221963 0.284166 0.26759 0.477063 0.511019 0.374425 0.448426 1.13571 1.45057 1.12853 0.729616 0.768548 0.898095 0.860266 1.28432 1.04472 1.42312 0.902193
 0.301187 0.592029 0.682546 0.44492 0.344084 0.350672 0.776931 0.642307 0.396948 2.39203 1.71869 1.77361 1.31954 0.731873 0.716867 0.955984 1.02157 1.02113 0.678529 0.487994
 0.320062 0.498116 0.335801 0.248424 0.222021 0.393156 0.361637 0.310465 0.294535 0.632512 1.28407 1.59827 1.06799 1.09661 1.44183 1.09163 0.69678 1.19556 1.08988 0.520014
 0.30573 0.729872 0.624195 0.673622 0.448991 0.304432 0.320706 0.464271 0.756874 1.3866 1.04458 1.07829 0.772223 0.559764 0.752166 1.04143 1.16209 1.36527 0.855429 0.881786
 0.288098 0.526674 0.543566 0.723526 0.538257 0.217708 0.22745 0.507712 1.08527 0.982542 0.984757 0.742372 1.03763 0.921766 0.573378 0.75032 0.589655 0.505153 0.690067 0.782243
 0.291276 0.341099 0.310594 0.541744 0.414684 0.28405 0.345805 0.296211 0.266564 0.70455 1.03018 1.12452 1.03975 0.932261 0.68815 1.47583 1.35347 1.97653 1.40273 1.45236
 0.271721 0.374619 0.421302 0.381894 0.278184 0.284965 0.253912 0.444001 0.379876 1.35494 1.50614 1.8672 1.52876 1.68755 1.2475 1.02766 1.76589 1.26287 0.783399 0.591074
 0.320686 1.01764 0.863418 0.43575 0.2565 0.141924 0.132481 0.202333 0.154698 0.471106 0.903437 0.920422 0.738619 1.15893 1.25381 1.06039 0.642703 1.1334 1.34231 0.872295
 0.267268 0.219872 0.370858 0.434423 0.301824 0.26722 0.622592 0.559133 0.390313 1.58093 1.83188 1.32267 0.978448 1.23792 1.7117 2.07227 1.16716 0.56791 0.487521 0.727437
 0.292231 0.548415 0.534918 0.477543 0.582517 0.31931 0.206936 0.640519 0.672852 0.746212 2.10319 1.57435 1.24255 0.774427 0.619257 0.396657 0.500394 0.432848 0.42033 0.367524
 0.315743 1.3608 1.18782 0.650435 0.328828 0.144166 0.17912 0.230879 0.190016 0.367456 0.677815 0.834123 0.905275 0.78591 0.7623 0.945785 1.43969 1.07101 0.680936 0.812093
 0.239316 0.118717 0.169193 0.290979 0.285065 0.491346 0.368184 0.237098 0.415305 0.574063 0.784276 0.702349 0.55406 0.559577 0.387406 0.486033 1.32859 1.12324 0.735068 1.33208
 0.266383 0.214698 0.132291 0.0853624 0.275554 0.306984 0.397501 0.628855 0.608583 1.48439 1.99914 1.47501 1.09267 0.95835 0.697637 0.940561 0.885609 0.592937 0.986928 0.753895
 0.285338 0.326726 0.347074 0.356137 0.359677 0.38323 0.282419 0.374622 0.446094 1.43782 1.23797 0.916367 1.23605 1.77009 1.86524 1.4422 1.09519 1.04429 0.442478 0.232373
 0.319097 0.821924 0.664943 0.32963 0.230995 0.125081 0.0826481 0.219018 0.20694 0.937185 0.988493 0.863109 0.62477 0.580496 0.695296 0.857258 0.920013 0.855582 1.28525 1.00448
 0.291596 0.619974 0.469747 0.29179 0.209667 0.211958 0.35348 0.334292 0.386819 0.736144 0.84711 0.756207 0.93482 0.856356 1.17342 1.08287 1.83968 2.08048 1.16152 1.16445
 0.30092 0.514195 0.467693 0.293792 0.248072 0.31676 0.237474 0.28214 0.305973 0.792563 0.922169 1.62651 1.02706 0.609478 0.822946 1.24878 1.11035 0.967535 1.224 0.892878
 0.317493 0.656592 0.557218 0.326258 0.660087 0.601244 0.363681 0.298079 0.28897 1.4761 1.21116 1.07959 1.14476 1.06357 0.885163 0.815212 0.967901 0.937474 0.828956 0.630489
 0.313018 1.09095 0.725715 0.444453 0.51452 0.396117 0.513915 0.557197 0.525833 0.743704 0.903202 1.61218 1.19786 1.90051 1.6631 1.00793 0.902528 1.5872 1.55393 0.705872
 0.312101 0.737794 0.589353 0.494355 0.785633 0.788919 0.338425 0.550506 0.513472 1.17837 0.877643 1.04765 1.7858 1.10537 1.07297 0.807695 0.832022 0.846725 0.720561 0.361148
 0.313348 0.892394 0.742513 0.404405 0.528338 0.560476 0.610704 0.486436 0.365361 0.607007 0.647697 1.13028 1.5072 1.16159 0.690892 1.14233 0.979574 0.757559 0.81286 0.644593
 0.29791 0.380895 0.345205 0.263459 0.237596 0.915077 0.635613 0.391929 0.256394 0.525554 0.658083 1.22116 1.26869 1.04397 1.00569 1.36668 1.62809 1.5104 1.39364 1.31563
 0.301083 0.761312 0.605995 0.345119 0.24649 0.183617 0.531296 0.533276 0.616075 0.640557 0.994411 1.12572 0.900711 1.19899 0.782795 0.607873 1.24056 1.3233 1.3586 0.925284
 0.297473 0.36695 0.365305 0.337448 0.248729 0.281427 0.25828 0.418514 0.410376 0.403107 0.516075 0.354991 0.710873 1.70841 1.45998 1.2574 0.706927 1.10444 1.07425 1.41132
 0.306407 0.6097 0.459064 0.224298 0.263944 0.351974 0.328683 0.462176 0.481687 0.42607 1.3608 1.72412 1.12331 0.763985 0.616656 0.570917 1.13085 1.12308 1.71625 1.31283
 0.305347 0.606931 0.661232 0.580376 0.408505 0.281458 0.304464 0.559011 0.688365 0.931554 2.12009 1.67757 1.03956 0.709955 0.906879 1.29445 1.2264 1.23845 1.57761 1.17912
 0.272041 0.277876 0.320053 0.27832 0.344322 0.234058 0.201304 0.599029 0.830516 0.740919 0.581608 0.39593 0.375163 1.17261 1.05169 0.669979 0.526299 0.663756 0.719605 2.15948
 0.305604 0.802911 0.489936 0.295368 0.197198 0.214935 0.310739 0.291203 0.23651 1.19374 1.08749 1.37733 0.977394 0.471728 0.412648 0.954485 2.23061 1.81584 1.08353 0.784355
 0.299435 0.543433 0.449427 0.284501 0.329937 0.28714 0.353342 0.413493 0.520891 0.707999 0.523164 0.730182 0.670509 0.64877 0.681804 1.41963 1.00301 2.01897 1.5884 1.06783
 0.305061 0.816888 0.612417 0.349958 0.18647 0.190711 0.129047 0.0934585 0.193588 0.98588 0.923583 1.57757 1.37245 2.40527 1.71671 1.92783 1.65669 0.928134 0.756705 0.875262
 0.287514 0.296903 0.200175 0.184214 0.283194 0.365686 0.670027 0.955339 0.596673 0.603883 0.494571 0.860301 0.960821 1.31079 2.07568 1.37549 1.52433 1.25431 1.04103 1.51515
 0.268171 0.260317 0.278462 0.408731 0.533326 0.549596 0.678319 0.400936 0.297736 1.64452 1.1976 0.686616 0.623864 0.540882 1.18372 0.911228 0.632221 0.868309 1.0526 0.75648
 0.296592 0.469624 0.668101 0.745673 0.477325 0.237741 0.173766 0.252466 0.271985 1.02475 1.2816 1.4736 1.10014 0.744699 0.677708 0.689921 1.23699 1.49781 1.08471 0.908811
 0.318112 0.827884 0.639126 0.312169 0.364705 0.632736 0.517171 0.306255 0.588568 0.619887 0.803203 0.688887 0.64933 0.393947 0.281623 1.34932 1.55558 1.66524 1.44446 1.3856
 0.305619 0.932597 0.773665 0.432631 0.303909 0.539903 0.283915 0.173717 0.352318 0.834067 0.773834 1.21512 1.18385 1.104 1.22541 0.89758 0.519933 0.891394 0.978883 0.690981
 0.298868 1.03151 0.868898 0.451092 0.544053 0.532837 0.405342 0.368424 0.288471 0.273068 0.31072 0.932353 1.33645 1.18807 1.72525 1.4395 1.05811 0.869374 1.19591 1.56734
 0.278553 0.325821 0.739205 0.839674 0.42097 0.21126 0.175452 0.310513 0.418274 0.656069 0.817318 0.878006 0.827214 1.56049 1.84139 1.12578 0.637157 0.559583 0.543767 0.816289
 0.307024 1.32933 0.966969 0.462575 0.450787 0.505043 0.517872 0.33072 0.285692 0.58146 0.889207 1.48015 1.36081 1.3264 0.837206 0.821334 1.12707 0.82472 0.6376 0.595515
 0.312914 1.07369 0.751851 0.53949 0.334852 0.219995 0.323443 0.29907 0.234265 0.901899 1.15906 1.39244 1.0992 0.564479 1.68939 1.26963 0.995359 0.986402 0.880637 1.05758
 0.294608 0.254857 0.233539 0.379807 0.323596 0.264861 0.233729 0.288343 0.493776 1.01305 1.43189 1.00058 0.870098 0.717707 1.04906 0.987335 1.08117 1.0447 1.0221 0.651128
 0.30939 1.31761 1.14136 0.707391 0.39878 0.206973 0.588621 0.561457 0.48538 0.961133 0.950851 1.06074 1.0787 2.80183 1.93683 0.960214 0.661269 0.844615 0.990886 0.537598
 0.304742 0.948933 0.722054 0.357858 0.247208 0.4947 0.440312 0.283877 0.197767 1.00471 1.00843 1.21455 1.72577 1.10246 0.634323 0.985645 1.1123 1.09948 0.956615 0.796363
 0.309266 0.574314 0.681716 0.493444 0.408579 0.672079 0.519535 0.49872 0.537138 0.769086 0.918254 1.21177 0.820202 0.449075 0.481517 0.689093 1.05329 1.72868 0.845257 0.568859
 0.274839 0.347766 0.331716 0.508487 0.83632 0.616344 0.588048 0.460943 0.388416 0.813007 0.892184 0.79178 1.18904 1.3057 1.27175 0.882351 0.828554 0.726816 0.629632 0.912304
 0.297911 0.596621 0.431076 0.345604 0.339389 0.513492 0.381156 0.180932 0.167359 0.552825 0.526823 0.780144 1.29348 1.11479 2.06176 1.24289 0.513921 0.45262 0.692246 0.758919
 0.311501 1.47968 1.05654 0.507041 0.325434 0.297402 0.304838 0.227942 0.193851 0.815233 1.2854 1.09995 0.564847 1.46151 1.68973 1.5048 1.02967 0.49422 0.309296 0.604987
 0.289695 0.154898 0.0866499 0.119901 0.236809 0.397024 0.518014 0.392445 0.49142 1.07518 1.41866 1.14956 0.728651 0.531024 0.780677 0.652217 0.524598 1.12393 0.850647 1.1095
 0.288829 0.46795 0.471666 0.491444 0.491743 0.349714 0.651516 0.616116 0.269327 0.529898 0.720714 0.52746 0.650831 0.606089 1.80252 1.50814 0.906933 1.3089 1.46003 1.01842
 0.316879 0.964873 0.75292 0.525884 0.343221 0.214031 0.332054 0.342875 0.227262 0.539801 0.890392 1.45014 1.67972 1.06579 0.59753 0.472046 0.705062 0.81803 2.09529 1.59285
 0.302688 1.02575 1.05469 0.562313 0.299428 0.545784 0.454961 0.347264 0.25966 1.07496 1.03166 0.838221 0.651762 0.730212 0.584014 0.480932 0.909454 1.24866 1.31922 0.872073
 0.299561 0.430402 0.295059 0.415851 0.294151 0.186867 0.406878 0.461707 0.225991 0.2315 2.4531 2.4425 1.79555 1.6241 1.0199 0.958138 0.730777 0.596428 1.38937 1.32292
 0.311238 0.774739 0.815073 0.579388 0.408598 0.356566 0.482038 0.337149 0.321901 1.651 1.64926 1.69581 2.17052 1.35593 1.06476 0.734617 2.55983 2.13282 0.8339 0.585238
 0.30572 0.657309 1.02081 0.677229 0.590056 0.460743 0.28689 0.189824 0.239543 0.671453 0.742854 0.983044 0.801436 0.867241 0.613544 0.770209 0.849222 0.561095 0.894799 1.64706
 0.30691 1.53903 1.22024 0.514672 0.269316 0.152022 0.309255 0.324416 0.290305 0.444646 0.400351 0.551005 0.874305 0.965092 1.67627 1.37469 1.07954 2.75732 1.9209 1.0345
 0.312869 1.73074 1.31438 0.409498 0.11315 0.123415 0.156401 0.324885 0.391941 0.63679 0.987011 1.09879 1.32923 1.04553 1.73071 1.32037 0.69735 0.499001 0.495772 0.492132
 0.28144 0.347336 0.603102 0.378568 0.20036 0.204391 0.328113 0.560595 0.817463 1.00143 0.930955 0.627404 0.644714 0.854041 0.761217 0.351368 0.304243 0.662504 0.466397 0.802737
 0.299965 0.626548 0.523752 0.427358 0.322429 0.569152 0.360971 0.307201 0.747821 1.19506 1.03962 1.12709 1.57173 1.18691 1.18561 1.0886 0.813119 0.66191 0.443676 1.05855
 0.307906 2.0067 1.48188 0.511024 0.199937 0.13595 0.0976294 0.125375 0.135749 0.468966 3.69651 2.58837 1.25084 0.693014 0.470734 0.266752 0.267487 0.272699 0.971707 0.930207
 0.289713 0.667362 0.664284 0.405364 0.299735 0.275317 0.224372 0.329776 0.489593 0.583333 0.442819 0.763925 1.19857 1.37144 1.2488 1.00838 0.721091 0.402547 0.917231 0.92283
 0.305722 0.686959 0.574078 0.342291 0.353617 0.323818 0.378265 0.353125 0.259275 1.11041 1.15813 1.10423 1.9644 1.6271 1.81491 1.43303 1.34437 1.43632 0.699186 0.449454
 0.291322 0.673139 0.550404 0.503524 0.72108 0.543008 0.34508 0.365039 0.371462 0.520761 1.04601 1.44354 1.13348 1.35229 1.02444 1.03574 0.916935 0.818323 0.634559 0.76338
 0.234593 0.139477 0.318391 0.536021 0.409879 0.256127 0.217055 0.166567 0.462063 1.1955 1.33751 1.14722 0.898725 0.790001 1.05731 1.18665 1.01058 0.866054 0.868457 1.10369
 0.311437 0.841198 0.575024 0.373617 0.261211 0.361241 0.460956 0.319552 0.224653 0.465734 0.774801 0.733563 1.15092 1.07063 1.14774 1.30215 0.947861 0.723408 0.709815 1.07124
 0.300206 0.467838 0.842734 0.623871 0.48558 0.448441 0.33661 0.281426 0.310187 0.262026 2.2791 2.3005 1.01804 0.889071 1.10164 1.58751 1.25364 1.31009 0.962275 0.805822
 0.317039 0.787405 0.77536 0.592049 0.486434 0.451104 0.302191 0.315518 0.253613 0.562827 1.7802 2.17916 1.2659 0.742022 1.30333 0.63229 0.4734 0.453986 1.02479 1.70618
 0.307491 0.488431 0.332982 0.180046 0.269768 0.36789 0.409064 0.484212 0.555124 1.36283 1.75196 1.39023 1.19586 0.634253 0.699207 0.709164 0.563881 0.688202 1.82155 1.43404
 0.291979 0.42795 0.330213 0.235344 0.309936 0.416878 0.322816 0.398945 0.737666 1.97183 1.73602 1.22481 0.884664 0.642801 0.702585 0.705057 0.991294 0.993495 0.898095 0.831206
 0.305452 0.527651 0.476188 0.604679 0.419418 0.366233 0.56545 0.636425 0.777194 0.66634 1.27397 1.0701 0.974736 1.35609 1.22422 1.09286 0.729704 0.368053 0.638089 0.882687
 0.310523 0.798887 0.488252 0.262542 0.530009 0.612728 0.614247 0.320237 0.396808 0.403346 1.53778 1.23084 0.640083 0.685791 1.00466 0.629365 0.482822 0.375632 1.21146 0.944743
 0.309407 0.597688 0.47734 0.469858 0.385492 0.378241 0.379428 0.206875 0.156149 2.25421 2.42779 1.76309 1.40338 1.09916 0.723239 1.08213 0.699243 0.603344 0.728462 0.646801
 0.307165 0.381699 0.336387 0.267751 0.551826 0.473267 0.518577 0.472276 0.589194 0.880063 1.16243 1.01956 1.22635 1.06932 0.953663 0.97479 0.745132 0.488943 0.601636 1.00912
 0.314238 1.21902 0.872744 0.447753 0.242679 0.270809 0.526464 0.443384 0.336669 0.360322 0.76636 0.622653 0.675359 1.14553 1.37833 0.984704 0.527859 0.784851 1.18674 1.3577
 0.299695 0.415296 0.38777 0.269606 0.133409 0.177675 0.216584 0.862121 0.615006 1.09704 1.62537 1.36574 0.963287 1.96843 1.76653 0.901471 0.498786 0.611288 0.56445 0.576822
 0.307096 0.417714 0.263831 0.214148 0.487897 0.481802 0.50762 0.399001 0.572293 1.28235 1.60948 1.44546 1.0994 0.667235 0.406661 0.289692 0.3486 0.695816 0.916682 1.12286
 0.312575 1.42228 1.30772 0.624764 0.558255 0.589242 0.437536 0.208897 0.0922446 0.477948 0.771609 0.630588 0.398743 0.833444 0.665435 2.01786 2.23174 1.38412 0.702001 0.751007
 0.301045 0.499536 0.359172 0.353429 0.252277 0.166171 0.447457 1.00396 0.797782 0.672038 1.03799 1.03347 0.800507 1.01453 0.967621 1.21252 0.904019 0.73485 0.705644 1.52797
 0.277264 0.379547 0.291225 0.136108 0.148984 0.314586 0.462663 0.721108 0.605858 0.819032 0.777764 0.693967 0.910198 0.916543 0.975028 0.982907 0.682646 1.18754 0.946723 0.717789
 0.317852 0.781938 0.638497 0.466957 0.593707 0.430859 0.236475 0.471478 0.610311 0.471391 0.334302 1.5092 1.25657 1.28872 0.939403 0.821283 0.895606 0.714498 0.406885 0.538566
 0.314446 2.20043 1.69895 0.623872 0.167671 0.155503 0.206028 0.344201 0.314039 0.383216 0.512163 0.595856 0.62122 0.667032 0.594642 0.473191 0.862078 0.869447 0.604474 0.844048
 0.296334 0.730713 0.540652 0.334624 0.210351 0.361592 0.28632 0.216489 0.224158 1.04572 1.10739 0.896667 0.566211 0.466856 0.814257 1.12498 0.711914 0.652827 1.07403 1.17467
 0.306959 0.37061 0.317236 0.225112 0.319813 0.299877 0.660726 0.435299 0.357519 0.677067 0.637964 1.1899 1.58036 2.15624 1.88383 1.19743 0.828998 0.788149 0.593094 0.380883
 0.294602 0.469028 0.380795 0.331587 0.537562 0.702758 0.563969 0.720736 0.471617 0.608791 1.04813 1.27708 1.17326 0.999173 0.957894 1.36642 1.88077 1.43221 1.16723 0.930197
 0.310738 1.08097 0.836165 0.431799 0.27904 0.426852 0.359838 0.276199 0.35587 0.576409 0.796807 1.09367 1.74551 1.28962 0.692427 0.489619 0.321178 0.490353 0.591586 0.449913
 0.289614 0.355339 0.394489 0.333947 0.389816 0.381634 0.340112 0.31316 0.357777 0.519446 1.39368 1.26673 0.958891 1.94273 1.66997 1.25605 0.686002 0.489959 0.502124 0.523297
 0.310329 0.733375 0.704464 0.46891 0.539127 0.591254 0.606958 0.301464 0.312228 1.26134 1.60231 1.12258 0.885254 1.22551 0.982527 1.48676 1.13998 0.517749 0.39119 0.762156
 0.307999 0.653118 0.484819 0.376116 0.266419 0.17104 0.196684 0.331773 0.359041 0.335 0.32317 0.998654 1.35315 1.22427 1.12081 0.852675 1.38358 0.910478 0.473516 0.566437
 0.29251 0.346463 0.406333 0.397558 0.53908 0.258769 0.204566 0.32395 0.561359 0.952209 0.888637 1.16344 1.23944 2.33303 1.40776 0.677378 1.16538 1.49364 1.23331 0.770961
 0.279327 0.365261 0.326594 0.336343 0.267646 0.207252 0.370321 0.68331 0.753649 0.455278 0.380919 0.476898 0.822973 2.40742 2.91082 2.2993 1.12093 0.685579 0.750912 0.662788
 0.31886 1.62178 1.16439 0.639854 0.617952 0.431964 0.617751 0.423249 0.247189 0.454008 0.530323 1.08689 1.09136 1.26798 1.52263 2.75377 1.90099 0.790687 0.357737 0.315365
 0.31263 1.40807 1.3868 0.776643 0.361689 0.527026 0.286667 0.206043 0.241514 0.391206 0.984315 1.11853 0.861799 0.44772 0.339593 0.628505 0.842821 2.20664 1.78466 0.959584
 0.306977 0.58349 0.663472 0.587828 0.37156 0.224606 0.19379 0.424167 0.509125 0.479336 1.80851 1.59545 1.7566 2.16889 1.63212 1.55248 1.24004 0.751051 0.344819 0.414447
 0.248163 0.199623 0.229735 0.305694 0.501969 0.5255 0.676312 0.761232 0.731463 1.57396 1.07273 1.23287 1.58271 1.18408 1.51429 1.0109 0.584613 0.609311 0.53857 0.362925
 0.308729 0.421772 0.400736 0.797059 0.506847 0.281199 0.218536 0.209401 0.381413 1.45305 1.26096 0.61097 0.455942 0.46407 1.67476 1.68139 0.981667 0.901644 0.812886 0.604819
 0.286852 0.345953 0.377667 0.313403 0.309016 0.547021 0.559081 0.398883 0.455966 1.14194 1.24645 1.40567 1.43541 0.950601 0.413442 0.565634 0.527825 0.633708 0.928596 0.713424
 0.317124 0.960465 0.69206 0.492267 0.390529 0.498359 0.725339 0.609227 0.366865 0.885486 1.56427 1.09482 0.761859 0.853993 1.61205 1.41876 1.09959 0.69855 0.467303 0.700339
 0.278873 0.326883 0.549045 0.452595 0.236582 0.158761 0.234124 0.193643 0.204917 0.393681 0.538187 1.24691 1.23685 0.947208 1.08907 0.9366 0.794109 0.703737 1.25164 1.13763
 0.299653 0.565341 0.55667 0.515932 0.554226 0.610163 0.435752 0.478502 0.383504 1.03114 0.79118 0.743189 0.864814 1.36538 1.35421 1.02209 1.29743 1.01886 0.900865 0.882528
 0.307789 0.9105 0.682613 0.315685 0.309741 0.374755 0.259712 0.201664 0.269557 0.556531 1.06735 0.880266 0.659884 0.524337 1.02434 0.944885 1.18192 1.68967 2.07566 1.88363
 0.288619 0.422611 0.463208 0.498935 0.438778 0.232627 0.161288 0.327397 0.40143 0.881069 3.28772 2.9469 2.08196 1.41729 0.750258 0.393774 1.63249 1.46948 0.704459 0.401734
 0.316032 0.615729 0.471679 0.293743 0.497664 0.522844 0.454459 0.869005 0.718284 1.11395 2.06474 1.65377 1.00066 0.665003 1.22933 0.970863 1.00132 0.650464 1.02305 1.35269
 0.309681 0.595614 0.447939 0.403784 0.309559 0.356309 0.395125 0.580217 0.465842 0.46341 1.38966 1.99513 1.43797 1.16569 0.864697 0.662786 0.453171 0.533737 0.765224 0.532622
 0.303425 0.977262 1.0052 0.613986 0.34171 0.284742 0.313762 0.23169 0.20458 0.711536 1.07069 0.823395 0.493861 0.472234 1.05953 0.794364 0.922177 1.00907 1.74619 1.38733
 0.306879 0.815264 0.58354 0.334112 0.200592 0.268668 0.308613 0.301664 0.263315 2.24003 1.70917 1.15955 1.70502 1.64909 1.59434 1.35968 1.0017 0.597178 0.832411 0.827588
 0.310429 0.673697 0.619778 0.469609 0.282711 0.20687 0.099318 0.11704 0.272603 0.504538 0.55568 0.585013 1.60677 2.00133 1.49103 1.00849 0.570634 0.337212 0.30858 0.579791
 0.3047 0.60935 0.573633 0.911086 0.760672 0.4848 0.396734 0.245637 0.217574 1.63569 1.60211 0.80024 0.749144 0.595323 0.914893 1.13774 1.04188 0.657226 0.427331 0.555956
 0.302682 0.727128 0.780067 0.459577 0.415427 0.384501 0.432985 0.740584 0.530592 0.520871 0.743022 1.09849 1.12351 0.925687 1.00524 0.625493 0.400127 1.43561 1.42134 0.894848
 0.286168 0.398562 0.738502 0.582763 0.456539 0.346317 0.524341 0.377206 0.541575 0.976586 0.826398 0.685516 2.04392 1.66054 1.09685 0.919275 0.642863 0.395403 0.285766 0.434568
 0.313627 0.540688 0.360804 0.213202 0.207892 0.513731 0.484368 0.440549 1.05518 1.08414 1.35896 1.15772 1.62761 0.842432 0.37788 0.594523 1.16186 0.647001 0.736824 1.03736
 0.298411 0.688108 0.650843 0.351584 0.208655 0.145153 0.163759 0.187334 0.461681 0.683982 0.566681 0.756662 0.66037 1.283 1.21905 1.07168 1.58046 1.34094 1.10559 1.12899
