 0.550348 0.63922 0.590595 0.539483 0.43878 0.456079 0.543346 0.719882 0.726246 0.665193 0.716217 0.694647 0.635792 0.778972 0.765007 0.709251 0.66832 0.659654 0.640421 0.683204
 0.535101 0.641878 0.626217 0.518927 0.413201 0.511506 0.548249 0.615783 0.630546 0.876886 0.748939 0.665849 0.659643 0.620242 0.595553 0.66228 0.555468 0.677918 0.756054 0.742068
 0.531066 0.467683 0.463209 0.698879 0.689928 0.661784 0.665447 0.592313 0.548503 0.724496 0.625917 0.76261 0.731115 0.794749 0.661894 0.578425 0.539288 0.581108 0.524447 0.615086
 0.562069 0.767479 0.65023 0.569674 0.46566 0.45597 0.444294 0.531804 0.641472 0.588721 0.657762 0.811467 0.765495 0.70799 0.765393 0.762312 0.653728 0.579474 0.777886 0.649357
 0.563029 0.792085 0.603809 0.52608 0.483771 0.360021 0.400486 0.421726 0.502472 0.655252 0.759179 0.777616 0.816405 0.710058 0.684666 0.646732 0.628062 0.471454 0.344745 0.493691
 0.555143 0.772341 0.666831 0.620548 0.574069 0.439487 0.410686 0.501002 0.414692 0.757399 0.809221 0.702072 0.726882 0.692842 0.661096 0.587189 0.645515 0.740239 0.685796 0.615534
 0.53807 0.633977 0.6154 0.551278 0.585265 0.426271 0.407556 0.637947 0.72935 0.626159 0.723399 0.60246 0.783385 0.67607 0.624579 0.637023 0.536679 0.591964 0.669449 0.645872
 0.555291 0.743184 0.707454 0.660126 0.492261 0.554214 0.489537 0.660563 0.613658 0.80863 0.816896 0.767654 0.681167 0.58132 0.706491 0.540561 0.476428 0.527821 0.496349 0.72607
 0.548189 0.883763 0.722012 0.525848 0.395437 0.389162 0.365118 0.322686 0.474479 0.865292 0.685415 0.542022 0.565393 0.738366 0.658562 0.625256 0.507337 0.668974 0.598575 0.683441
 0.549161 0.797136 0.716367 0.638786 0.511436 0.491676 0.452973 0.592409 0.563893 0.599963 0.610248 0.654171 0.647038 0.694771 0.622219 0.564377 0.631738 0.609394 0.72639 0.785193
 0.552312 0.464356 0.436641 0.472405 0.585069 0.622426 0.67959 0.62439 0.659306 0.759893 0.700505 0.663948 0.670606 0.794705 0.731296 0.674566 0.708409 0.615589 0.541196 0.451402
 0.525629 0.621355 0.561591 0.570543 0.557041 0.558801 0.596601 0.601134 0.629412 0.770189 0.702487 0.559912 0.548368 0.609241 0.541978 0.465801 0.754988 0.735088 0.699641 0.63567
 0.541138 0.522818 0.534471 0.501547 0.539366 0.478019 0.57387 0.684198 0.793027 0.80876 0.712774 0.72549 0.673418 0.570137 0.740194 0.563811 0.490571 0.559876 0.541943 0.569428
 0.538067 0.641004 0.588307 0.559719 0.634773 0.574824 0.545301 0.606698 0.515472 0.85783 0.782518 0.849779 0.738281 0.645803 0.600017 0.513293 0.448159 0.498872 0.405132 0.377989
 0.554996 0.671585 0.614279 0.687482 0.585048 0.677741 0.601124 0.554054 0.628953 0.642521 0.738751 0.697966 0.743391 0.648893 0.629542 0.611848 0.739114 0.687454 0.568948 0.573362
 0.562748 0.811444 0.695982 0.579765 0.398461 0.260295 0.256142 0.533288 0.593105 0.719606 0.82863 0.769118 0.673104 0.82307 0.714189 0.575744 0.577616 0.572551 0.58019 0.420479
 0.550038 0.649771 0.69808 0.581777 0.529328 0.707978 0.659832 0.586009 0.614642 0.597592 0.619035 0.784118 0.740035 0.625248 0.655458 0.677977 0.584494 0.603623 0.65683 0.6507
 0.551134 0.732062 0.484298 0.38052 0.39619 0.50186 0.642758 0.613371 0.602438 0.67977 0.702016 0.70537 0.803331 0.772366 0.689211 0.620182 0.657792 0.562532 0.589891 0.546892
 0.566772 0.753039 0.599047 0.522372 0.463029 0.599358 0.612902 0.557611 0.485286 0.774346 0.762395 0.655899 0.742222 0.820736 0.652038 0.490605 0.472846 0.540176 0.706587 0.609583
 0.545399 0.757622 0.584742 0.464599 0.460772 0.640845 0.649642 0.532519 0.489348 0.788351 0.805955 0.819007 0.704263 0.699737 0.630075 0.532482 0.491513 0.647834 0.62613 0.577318
 0.482701 0.475405 0.482605 0.639293 0.654854 0.663471 0.578121 0.651364 0.58304 0.767483 0.71619 0.678973 0.609441 0.564881 0.549798 0.737259 0.83568 0.757709 0.704916 0.698727
 0.55462 0.768934 0.686733 0.688808 0.531755 0.441416 0.532038 0.546272 0.484972 0.398356 0.789568 0.729739 0.809017 0.760292 0.691324 0.614436 0.681159 0.550245 0.409058 0.487958
 0.555973 0.792187 0.718624 0.579827 0.617905 0.54648 0.448307 0.526948 0.459166 0.556225 0.627598 0.641605 0.659732 0.735784 0.734217 0.731335 0.620967 0.625753 0.73823 0.694015
 0.552247 0.726469 0.594001 0.591279 0.52416 0.534082 0.470591 0.509934 0.558761 0.664042 0.759027 0.695815 0.723102 0.691091 0.704471 0.711549 0.670909 0.620325 0.794832 0.723863
 0.558277 0.674118 0.601433 0.690134 0.61906 0.550298 0.626942 0.577029 0.616698 0.656554 0.764848 0.740005 0.624752 0.669022 0.724041 0.700512 0.727626 0.581476 0.50517 0.740647
 0.56034 0.516938 0.435879 0.525438 0.554029 0.494388 0.515254 0.682916 0.716048 0.645073 0.647451 0.771164 0.808413 0.791293 0.734181 0.632928 0.542888 0.539496 0.46436 0.546657
 0.556001 0.804089 0.623572 0.51905 0.465596 0.39298 0.576751 0.515809 0.416146 0.652813 0.746611 0.732494 0.668312 0.818118 0.712036 0.626054 0.535247 0.5942 0.543442 0.606849
 0.5562 0.641158 0.523525 0.577493 0.58471 0.54243 0.496385 0.558433 0.727993 0.709008 0.82087 0.723632 0.650837 0.695464 0.67735 0.576678 0.563299 0.611836 0.719029 0.6936
 0.522586 0.601187 0.624941 0.653713 0.597361 0.510022 0.55402 0.663505 0.536507 0.65945 0.779612 0.749229 0.694346 0.7009 0.631173 0.634928 0.627509 0.716743 0.646315 0.580873
 0.558982 0.847158 0.686956 0.576765 0.399083 0.291557 0.292574 0.161984 0.415313 0.71284 0.692179 0.74127 0.68121 0.760632 0.789276 0.683517 0.64441 0.524946 0.406228 0.632003
 0.552231 0.767193 0.738581 0.640872 0.484057 0.497615 0.578613 0.458032 0.482916 0.847826 0.710107 0.700852 0.649557 0.74884 0.60483 0.692883 0.634434 0.617974 0.56553 0.542752
 0.548871 0.574296 0.470742 0.497936 0.413059 0.421454 0.627488 0.647126 0.626331 0.712548 0.765126 0.824751 0.775038 0.665174 0.654201 0.605946 0.532486 0.538527 0.681224 0.603911
 0.54957 0.699577 0.633571 0.48955 0.350483 0.669728 0.618286 0.480495 0.510667 0.671967 0.717164 0.813982 0.813917 0.758544 0.711207 0.701334 0.650665 0.623114 0.495611 0.520119
 0.556909 0.759445 0.637799 0.555008 0.395766 0.368094 0.326142 0.388638 0.526564 0.723194 0.79151 0.758234 0.783397 0.814998 0.678835 0.627547 0.57944 0.574986 0.688973 0.589546
 0.517295 0.560543 0.578655 0.530136 0.549474 0.634593 0.551788 0.632815 0.663929 0.624031 0.630131 0.759234 0.733313 0.792594 0.751548 0.659686 0.576408 0.615712 0.439124 0.389047
 0.55351 0.679644 0.675196 0.607229 0.579834 0.585381 0.57834 0.719319 0.647324 0.655346 0.725891 0.764911 0.779138 0.670586 0.61622 0.608714 0.62982 0.468209 0.3787 0.569087
 0.555219 0.696321 0.723867 0.609296 0.626736 0.585651 0.656942 0.666601 0.566022 0.731794 0.717276 0.687856 0.81534 0.698201 0.594187 0.556695 0.452958 0.447906 0.585135 0.552457
 0.548751 0.848224 0.660146 0.515986 0.502235 0.512288 0.69515 0.67502 0.589582 0.655456 0.624095 0.642346 0.560473 0.617636 0.716165 0.664872 0.614756 0.677396 0.576466 0.783307
 0.550903 0.603668 0.591374 0.513268 0.492885 0.402751 0.403341 0.512561 0.705987 0.719252 0.765921 0.667408 0.717422 0.768228 0.693187 0.664057 0.583185 0.592972 0.593366 0.588354
 0.551278 0.722084 0.711219 0.587086 0.430373 0.476032 0.523694 0.495883 0.573113 0.707341 0.783445 0.688524 0.69669 0.743069 0.727206 0.672003 0.592047 0.622626 0.768254 0.792601
 0.523867 0.594478 0.607861 0.491273 0.518488 0.662616 0.595335 0.55529 0.577192 0.733575 0.669216 0.696326 0.798726 0.655919 0.5583 0.502519 0.403333 0.464623 0.664552 0.782125
 0.556793 0.830198 0.686568 0.585511 0.512345 0.502875 0.556992 0.435138 0.404808 0.857737 0.748682 0.718838 0.647717 0.637206 0.653676 0.577566 0.552399 0.792696 0.672736 0.578222
 0.562052 0.731639 0.550493 0.61037 0.547488 0.495634 0.513813 0.574626 0.561491 0.68903 0.876545 0.736648 0.702827 0.634234 0.505711 0.478209 0.450796 0.440483 0.503517 0.527643
 0.549248 0.615358 0.560636 0.599062 0.579128 0.577472 0.480182 0.58249 0.55929 0.874114 0.755529 0.712698 0.667965 0.730884 0.693208 0.59856 0.587045 0.544726 0.650286 0.62552
 0.554041 0.816734 0.71328 0.569732 0.590751 0.44201 0.357448 0.341074 0.279953 0.838268 0.778367 0.77206 0.723022 0.689104 0.669155 0.54657 0.580222 0.656587 0.601151 0.557758
 0.557639 0.762341 0.67186 0.606945 0.492582 0.426065 0.473081 0.41414 0.439824 0.671922 0.813386 0.814135 0.687201 0.712647 0.682753 0.66469 0.535847 0.685652 0.651662 0.56949
 0.549443 0.74168 0.609502 0.606991 0.585008 0.526091 0.516276 0.506111 0.638186 0.7431 0.720315 0.816552 0.771631 0.703431 0.63869 0.553527 0.650727 0.547765 0.438364 0.591323
 0.557955 0.689497 0.596772 0.670447 0.607438 0.662586 0.517902 0.427495 0.576725 0.651745 0.678337 0.712475 0.770323 0.688654 0.653147 0.66099 0.593736 0.611964 0.572865 0.698385
 0.543531 0.703726 0.677653 0.627784 0.520711 0.581313 0.533646 0.562585 0.686279 0.735184 0.715278 0.637371 0.610372 0.671694 0.56797 0.786571 0.741246 0.770771 0.637453 0.633206
 0.549935 0.693491 0.61971 0.573313 0.64494 0.637566 0.590103 0.481421 0.692599 0.723359 0.686226 0.603562 0.581264 0.636252 0.701601 0.608746 0.776493 0.699493 0.77119 0.657512
 0.540947 0.462584 0.529658 0.480888 0.574164 0.582865 0.777597 0.660664 0.616477 0.833659 0.760897 0.68511 0.711869 0.732199 0.627813 0.573152 0.600518 0.730342 0.664642 0.557895
 0.534383 0.708148 0.58724 0.460432 0.662253 0.610025 0.552335 0.688759 0.551996 0.730222 0.757172 0.685256 0.772598 0.64178 0.593492 0.537819 0.531076 0.454574 0.443997 0.69327
 0.525428 0.535987 0.533625 0.469135 0.513451 0.623651 0.600472 0.551239 0.624587 0.801389 0.7735 0.780051 0.659937 0.608617 0.559405 0.611895 0.649993 0.67752 0.645189 0.671342
 0.529879 0.559037 0.447562 0.498174 0.602924 0.637225 0.675074 0.622755 0.654404 0.70228 0.807287 0.711442 0.681385 0.65278 0.694746 0.614644 0.693413 0.627439 0.621414 0.596338
 0.563811 0.673775 0.525074 0.487215 0.518994 0.481726 0.609495 0.573466 0.603083 0.770782 0.771509 0.678543 0.68006 0.697581 0.675698 0.758254 0.646066 0.643264 0.560152 0.57061
 0.560184 0.786375 0.682213 0.60346 0.565318 0.54158 0.474322 0.458894 0.665744 0.794836 0.783693 0.666481 0.647841 0.666379 0.588355 0.585004 0.757509 0.656385 0.689337 0.69876
 0.56011 0.726245 0.571138 0.494451 0.336745 0.297725 0.38425 0.480073 0.568921 0.792767 0.824758 0.784292 0.682945 0.707073 0.735343 0.643299 0.543867 0.461991 0.603515 0.570942
 0.518287 0.56669 0.521565 0.474118 0.589704 0.728334 0.716489 0.614537 0.531043 0.778127 0.766868 0.678131 0.657331 0.540888 0.57713 0.619902 0.707588 0.599983 0.661907 0.575197
 0.542877 0.849334 0.700312 0.63969 0.519321 0.391905 0.422813 0.471142 0.685869 0.731696 0.772841 0.683853 0.646263 0.639069 0.694657 0.605174 0.610717 0.586176 0.56248 0.710643
 0.534375 0.662195 0.641074 0.510088 0.490439 0.603065 0.523115 0.507658 0.483912 0.85451 0.75277 0.672774 0.603039 0.525078 0.645179 0.664549 0.606382 0.699618 0.729726 0.675555
 0.560796 0.848182 0.6511 0.516297 0.463821 0.467935 0.469895 0.422593 0.557314 0.716372 0.676506 0.764763 0.77832 0.702513 0.619864 0.590608 0.679613 0.60692 0.48481 0.472735
 0.557356 0.837842 0.657404 0.5392 0.557965 0.40601 0.456683 0.530347 0.458208 0.684941 0.730165 0.713555 0.807952 0.712538 0.616484 0.570911 0.503979 0.609517 0.673094 0.729489
 0.539138 0.637915 0.548838 0.595814 0.590233 0.642302 0.649888 0.547151 0.607007 0.772992 0.729435 0.616011 0.716465 0.708919 0.645242 0.599488 0.638832 0.568165 0.512972 0.686124
 0.515934 0.484033 0.550785 0.603423 0.605103 0.656355 0.625954 0.586514 0.652707 0.56919 0.756956 0.761151 0.652494 0.662836 0.625867 0.552759 0.573575 0.59174 0.667247 0.632386
 0.531157 0.630317 0.620929 0.493983 0.490432 0.657941 0.669877 0.596987 0.57953 0.825333 0.773891 0.68744 0.634227 0.660403 0.609504 0.61887 0.704529 0.616331 0.668314 0.677381
 0.506737 0.592426 0.598232 0.608932 0.453292 0.412408 0.581858 0.62008 0.62224 0.831221 0.805157 0.718111 0.712502 0.580639 0.539551 0.436401 0.449986 0.706714 0.674469 0.728456
 0.55286 0.625924 0.596636 0.603023 0.603221 0.572586 0.551205 0.587504 0.681323 0.675827 0.680022 0.674076 0.696384 0.664255 0.737492 0.662625 0.597329 0.6877 0.682833 0.579644
 0.558454 0.7615 0.688587 0.547513 0.513703 0.63744 0.575002 0.507264 0.435648 0.62164 0.684742 0.663913 0.777115 0.760304 0.6948 0.636887 0.536811 0.584886 0.625642 0.61892
 0.555719 0.613082 0.485303 0.519745 0.468835 0.46293 0.693053 0.643477 0.711318 0.747758 0.715542 0.754992 0.665105 0.729293 0.694501 0.622864 0.693533 0.70628 0.620003 0.683044
 0.569052 0.677653 0.605255 0.589184 0.585243 0.591664 0.679276 0.607545 0.469443 0.623428 0.607471 0.572259 0.646328 0.606482 0.656032 0.745746 0.791873 0.706862 0.65942 0.640027
 0.543127 0.644791 0.580762 0.549696 0.535676 0.632872 0.57959 0.599716 0.591324 0.771194 0.794721 0.708574 0.710831 0.722874 0.749364 0.644327 0.660878 0.604929 0.643648 0.650395
 0.515866 0.504772 0.565419 0.609488 0.580128 0.507572 0.50601 0.556886 0.631448 0.683024 0.885074 0.772574 0.674226 0.755452 0.661209 0.777968 0.668538 0.522633 0.471441 0.649644
 0.551796 0.746664 0.573112 0.484493 0.414401 0.535228 0.701576 0.583209 0.463228 0.724329 0.769095 0.707467 0.617363 0.739452 0.685636 0.789353 0.655638 0.545192 0.639677 0.669943
 0.506357 0.612539 0.593719 0.540949 0.55604 0.50293 0.524761 0.619124 0.653564 0.635811 0.66036 0.682176 0.781744 0.786735 0.725693 0.667552 0.627532 0.641278 0.679227 0.659109
 0.520698 0.514932 0.544352 0.758393 0.624807 0.529945 0.50468 0.559155 0.510694 0.524957 0.669012 0.717998 0.716376 0.78743 0.803012 0.711066 0.657285 0.568388 0.531005 0.502872
 0.519842 0.507184 0.477131 0.450212 0.540919 0.658541 0.683571 0.659547 0.660423 0.859495 0.719077 0.785147 0.713341 0.627305 0.537087 0.558023 0.583657 0.534037 0.674205 0.689522
 0.553276 0.798098 0.665184 0.572589 0.510844 0.486444 0.533043 0.469951 0.398648 0.64503 0.783887 0.755354 0.806497 0.755016 0.6446 0.531916 0.566395 0.648991 0.547081 0.580094
 0.542303 0.701983 0.589218 0.45587 0.471715 0.491873 0.629024 0.655224 0.640245 0.74037 0.79433 0.749364 0.646506 0.680297 0.559296 0.525867 0.608769 0.678981 0.638199 0.538455
 0.484452 0.395988 0.59354 0.64721 0.593441 0.491437 0.524086 0.622716 0.601803 0.740084 0.776345 0.714789 0.740156 0.63572 0.515316 0.564088 0.791787 0.695681 0.5536 0.536879
 0.548774 0.734548 0.675016 0.578267 0.505543 0.434699 0.431397 0.530359 0.576065 0.723404 0.69484 0.701956 0.733728 0.654276 0.741664 0.77042 0.641492 0.562672 0.503022 0.583978
 0.516783 0.543047 0.526139 0.523714 0.548976 0.511904 0.566948 0.616296 0.638481 0.80321 0.749541 0.693752 0.651324 0.590225 0.700948 0.645463 0.776821 0.71761 0.708329 0.684926
 0.549104 0.772145 0.597901 0.490918 0.45749 0.541087 0.501638 0.589269 0.689168 0.700824 0.749027 0.790392 0.698617 0.752906 0.60675 0.529356 0.580133 0.672969 0.699353 0.563067
 0.530095 0.626579 0.544574 0.49075 0.573832 0.642648 0.569796 0.513787 0.589183 0.643769 0.877537 0.745803 0.653781 0.657774 0.625996 0.658285 0.551633 0.686496 0.642693 0.593684
 0.559181 0.673238 0.508529 0.416305 0.452756 0.487493 0.730241 0.687904 0.666938 0.783281 0.753847 0.69826 0.714483 0.70953 0.668666 0.648843 0.646975 0.721684 0.611244 0.507333
 0.547739 0.666462 0.552464 0.626503 0.63046 0.767648 0.704219 0.595184 0.606147 0.573405 0.766525 0.714486 0.724107 0.705423 0.638768 0.522686 0.7858 0.713755 0.684358 0.713453
 0.547333 0.719496 0.589027 0.554256 0.435915 0.554786 0.508347 0.39693 0.679992 0.842997 0.694721 0.639677 0.600612 0.683162 0.728568 0.657598 0.595012 0.681915 0.659124 0.558948
 0.54553 0.68979 0.60818 0.59641 0.521086 0.601796 0.631635 0.613825 0.630339 0.701594 0.738262 0.725123 0.74507 0.671835 0.728163 0.712695 0.621115 0.71023 0.647406 0.566079
 0.536768 0.61865 0.513193 0.561353 0.454026 0.433918 0.691001 0.688656 0.656899 0.69759 0.754969 0.733519 0.64698 0.677566 0.761319 0.752618 0.655671 0.566451 0.449695 0.421528
 0.556483 0.622251 0.554106 0.632758 0.731706 0.5469 0.449441 0.460294 0.510615 0.707576 0.756275 0.69763 0.681256 0.655442 0.738069 0.658727 0.594138 0.769145 0.623812 0.695588
 0.522916 0.506761 0.527607 0.585481 0.505786 0.461319 0.728869 0.642418 0.576322 0.760519 0.683353 0.837056 0.730047 0.697981 0.615346 0.657076 0.557975 0.652381 0.569939 0.682905
 0.544821 0.794254 0.698439 0.700316 0.645637 0.467917 0.476068 0.415955 0.286079 0.7192 0.645453 0.625792 0.735045 0.71748 0.671833 0.751751 0.666175 0.683116 0.659366 0.655319
 0.543626 0.566843 0.456592 0.545856 0.53103 0.701288 0.668903 0.597227 0.656755 0.811505 0.779661 0.706932 0.625997 0.652903 0.653507 0.643395 0.71637 0.631322 0.71944 0.588286
 0.544632 0.69658 0.671415 0.568523 0.526958 0.543904 0.727485 0.632371 0.515391 0.869994 0.71097 0.740631 0.661976 0.571701 0.589799 0.636221 0.626009 0.652144 0.553026 0.517311
 0.561632 0.651727 0.503232 0.473408 0.466726 0.621274 0.564522 0.557661 0.56919 0.753701 0.808834 0.773925 0.671535 0.704606 0.72502 0.651557 0.584338 0.697644 0.648283 0.510141
 0.551792 0.73433 0.64736 0.674269 0.558349 0.501298 0.537829 0.636821 0.70401 0.78084 0.668563 0.688155 0.593547 0.569266 0.648518 0.684975 0.657606 0.712728 0.611591 0.654036
 0.532555 0.673161 0.641782 0.706674 0.604705 0.416477 0.46822 0.681401 0.769592 0.69634 0.697073 0.625221 0.706569 0.642491 0.554459 0.6363 0.576745 0.551265 0.643667 0.655025
 0.534847 0.569525 0.533128 0.678688 0.579406 0.51836 0.577577 0.569825 0.571535 0.762945 0.752069 0.72761 0.685859 0.684025 0.621091 0.758813 0.667288 0.752781 0.649817 0.694008
 0.51568 0.595525 0.600262 0.581579 0.513859 0.553708 0.541676 0.677417 0.613963 0.834942 0.768822 0.777368 0.716269 0.742441 0.660401 0.64869 0.727203 0.631321 0.575306 0.51752
 0.562449 0.781649 0.652245 0.510531 0.417283 0.320401 0.359785 0.481784 0.41192 0.717457 0.780347 0.741284 0.708588 0.764724 0.704642 0.663802 0.598274 0.725546 0.713287 0.609099
 0.508127 0.478248 0.60196 0.613245 0.51754 0.533747 0.730442 0.649358 0.59564 0.840817 0.782395 0.695904 0.640473 0.704198 0.751021 0.749681 0.575352 0.477188 0.484842 0.591629
 0.534825 0.680143 0.630722 0.612575 0.636389 0.474559 0.445078 0.723956 0.668666 0.700496 0.840509 0.71466 0.699465 0.580898 0.559444 0.455297 0.548218 0.505112 0.538379 0.5271
 0.558483 0.82331 0.70459 0.596852 0.443632 0.296443 0.40273 0.468323 0.423489 0.630585 0.73789 0.723381 0.733422 0.68755 0.676043 0.713599 0.74744 0.648736 0.576159 0.633421
 0.471729 0.328804 0.432777 0.570907 0.552948 0.696338 0.599949 0.538219 0.676728 0.701872 0.72894 0.657233 0.61482 0.640722 0.542333 0.622527 0.789991 0.674851 0.592569 0.742699
 0.507604 0.46444 0.348684 0.299463 0.595306 0.59385 0.676908 0.742004 0.688453 0.834633 0.795889 0.703188 0.644068 0.63242 0.577594 0.64945 0.599632 0.524207 0.676691 0.597156
 0.529757 0.565352 0.558089 0.581377 0.577311 0.58947 0.530167 0.634431 0.663231 0.830972 0.713621 0.669047 0.726398 0.75642 0.730469 0.676694 0.607856 0.626573 0.428935 0.336622
 0.561081 0.740261 0.606327 0.484021 0.405738 0.315569 0.277493 0.530783 0.505398 0.830012 0.760871 0.719413 0.637136 0.616821 0.667593 0.682499 0.668986 0.646324 0.742375 0.670192
 0.535124 0.699081 0.589663 0.528325 0.453257 0.48193 0.626206 0.596111 0.628675 0.744472 0.734299 0.690584 0.719753 0.664854 0.731908 0.673711 0.77813 0.754243 0.611372 0.644647
 0.545882 0.658964 0.581334 0.502512 0.505732 0.581993 0.516192 0.579619 0.588537 0.776415 0.739169 0.807476 0.643349 0.565257 0.637105 0.714561 0.662823 0.648691 0.695684 0.610613
 0.559588 0.711009 0.599112 0.498517 0.684689 0.631123 0.55103 0.521287 0.519717 0.835007 0.717899 0.717202 0.698666 0.662584 0.640587 0.623793 0.66226 0.64535 0.622899 0.563603
 0.556668 0.798009 0.636358 0.555454 0.596582 0.546113 0.629579 0.6235 0.607958 0.687286 0.710342 0.792794 0.691347 0.77011 0.709944 0.614416 0.607116 0.725056 0.684631 0.528705
 0.555765 0.728337 0.610039 0.604144 0.695486 0.660403 0.477161 0.64322 0.612957 0.774311 0.654754 0.724702 0.778272 0.621878 0.655777 0.584565 0.628958 0.614213 0.583337 0.437515
 0.555635 0.762064 0.642268 0.538032 0.62807 0.62785 0.644456 0.591004 0.541798 0.673296 0.674691 0.769997 0.771948 0.677816 0.573714 0.71558 0.635615 0.597749 0.616705 0.554853
 0.541573 0.601003 0.545347 0.503578 0.488416 0.783151 0.633515 0.549333 0.484985 0.681255 0.690403 0.785216 0.742436 0.701996 0.677282 0.714232 0.737921 0.705987 0.674733 0.647197
 0.546346 0.738394 0.627779 0.538322 0.472717 0.417396 0.704343 0.660283 0.679656 0.669361 0.75325 0.726594 0.651327 0.712336 0.578611 0.564977 0.736033 0.709223 0.685242 0.597272
 0.53821 0.596122 0.565675 0.55424 0.497587 0.534473 0.536863 0.66687 0.629885 0.640681 0.675456 0.578667 0.740734 0.828634 0.73675 0.699539 0.568884 0.698987 0.652209 0.706947
 0.54813 0.69392 0.569535 0.449993 0.517311 0.577831 0.55857 0.651316 0.633821 0.597968 0.827861 0.795155 0.663946 0.585852 0.57143 0.568218 0.717534 0.678254 0.747858 0.630495
 0.549938 0.69997 0.660593 0.618484 0.533646 0.499865 0.548309 0.681582 0.684159 0.726172 0.828532 0.735285 0.644814 0.571216 0.655124 0.698854 0.657479 0.657863 0.712144 0.647145
 0.512037 0.532231 0.551268 0.513667 0.582439 0.497315 0.51511 0.749493 0.740494 0.682715 0.62461 0.539549 0.565491 0.78627 0.690544 0.595899 0.571227 0.644206 0.655615 0.822923
 0.547709 0.744487 0.557508 0.487702 0.418973 0.4836 0.574091 0.551392 0.530572 0.844774 0.722573 0.764892 0.657372 0.521232 0.527892 0.71824 0.80402 0.722072 0.620142 0.571303
 0.544336 0.669457 0.575746 0.50447 0.557426 0.528411 0.616205 0.641346 0.669151 0.712235 0.618579 0.696216 0.668158 0.671321 0.653397 0.773233 0.627726 0.787884 0.667628 0.607432
 0.550137 0.749482 0.618212 0.530664 0.418309 0.456553 0.36511 0.343574 0.541465 0.834422 0.741931 0.806442 0.720351 0.809517 0.695268 0.738567 0.666317 0.583219 0.570864 0.597178
 0.52924 0.543252 0.427884 0.452861 0.57243 0.626039 0.741251 0.76049 0.619695 0.64825 0.607887 0.732704 0.701997 0.731241 0.783544 0.672467 0.717278 0.639649 0.622367 0.699296
 0.511311 0.513131 0.526094 0.626202 0.658796 0.647607 0.69258 0.557927 0.527687 0.847227 0.695796 0.605666 0.598395 0.559597 0.734861 0.651012 0.584336 0.674652 0.69086 0.618144
 0.541576 0.648452 0.681741 0.680329 0.53225 0.418532 0.39581 0.517736 0.526569 0.798522 0.75797 0.763211 0.680422 0.617025 0.612978 0.609851 0.714157 0.718092 0.649283 0.626524
 0.56018 0.753253 0.607907 0.468762 0.545865 0.674874 0.623129 0.524422 0.682352 0.660511 0.696308 0.64715 0.654783 0.521621 0.466984 0.81094 0.73768 0.727597 0.708291 0.705337
 0.547484 0.770632 0.655624 0.530495 0.44309 0.636081 0.467221 0.397235 0.592497 0.749101 0.688924 0.761139 0.729915 0.704257 0.704067 0.625392 0.535541 0.672248 0.652832 0.582307
 0.542202 0.786316 0.686975 0.584714 0.633749 0.60241 0.550896 0.541999 0.474964 0.505326 0.559682 0.779366 0.774126 0.739479 0.783245 0.680503 0.631425 0.613439 0.678068 0.697589
 0.520835 0.56711 0.714297 0.706402 0.542309 0.418362 0.429131 0.589825 0.625147 0.691889 0.713899 0.723052 0.691539 0.790112 0.754692 0.657983 0.574579 0.550435 0.549818 0.633743
 0.548406 0.821565 0.674974 0.549177 0.554563 0.585531 0.591725 0.460519 0.479338 0.670243 0.731727 0.785284 0.703761 0.698735 0.594309 0.637702 0.681226 0.582967 0.536911 0.552403
 0.5562 0.789437 0.626041 0.593291 0.487069 0.433712 0.552547 0.51484 0.477966 0.786503 0.749638 0.757211 0.677576 0.554603 0.793221 0.671243 0.646812 0.64102 0.617476 0.664195
 0.535576 0.500359 0.462082 0.600394 0.532109 0.524526 0.517116 0.60059 0.703063 0.798326 0.783455 0.677443 0.670178 0.636105 0.696879 0.633841 0.682171 0.666297 0.670984 0.550667
 0.553524 0.821025 0.714977 0.664512 0.513019 0.379378 0.660272 0.603874 0.576744 0.736027 0.711706 0.725242 0.687103 0.828642 0.68439 0.550296 0.503895 0.603501 0.645419 0.479529
 0.547053 0.769189 0.633944 0.50445 0.439039 0.640386 0.587025 0.50129 0.449389 0.80867 0.730375 0.754961 0.774637 0.650203 0.570845 0.677537 0.659728 0.669879 0.633301 0.584915
 0.553628 0.682063 0.644915 0.591581 0.581466 0.692833 0.619297 0.614276 0.616245 0.691719 0.700767 0.734309 0.627948 0.514115 0.56508 0.645418 0.721557 0.779472 0.585766 0.533153
 0.517009 0.577605 0.543972 0.66229 0.715479 0.62779 0.661079 0.572319 0.576516 0.726266 0.69378 0.649989 0.718663 0.714201 0.707585 0.610736 0.609891 0.572915 0.577236 0.661927
 0.540767 0.690181 0.561733 0.564514 0.553681 0.64728 0.547902 0.41156 0.450375 0.726873 0.664064 0.752349 0.773464 0.679536 0.796194 0.631116 0.471483 0.490178 0.597381 0.617908
 0.555375 0.835694 0.68533 0.560469 0.480049 0.501371 0.512776 0.430068 0.418077 0.771714 0.776497 0.708082 0.588435 0.787029 0.744163 0.694279 0.605964 0.463191 0.406514 0.59249
 0.531837 0.369568 0.258416 0.384976 0.548298 0.663426 0.715647 0.620802 0.695019 0.801739 0.768899 0.681311 0.591283 0.561769 0.645778 0.602165 0.566484 0.732298 0.627666 0.689829
 0.534457 0.642343 0.607551 0.623707 0.593842 0.554034 0.707685 0.644521 0.461109 0.652515 0.690427 0.587951 0.64858 0.633805 0.829116 0.701879 0.618595 0.724596 0.710882 0.593662
 0.559737 0.77472 0.625033 0.575844 0.494708 0.422928 0.571725 0.552269 0.457182 0.709131 0.753203 0.802132 0.765783 0.649138 0.55075 0.516735 0.629356 0.628713 0.797667 0.704113
 0.547758 0.791869 0.734612 0.598809 0.463348 0.633831 0.558957 0.526617 0.469648 0.794435 0.711414 0.668621 0.612385 0.644937 0.547556 0.54175 0.684893 0.716397 0.707395 0.618293
 0.541126 0.621098 0.493898 0.616624 0.502824 0.425023 0.650904 0.643284 0.484315 0.546518 0.911198 0.826667 0.755259 0.711061 0.594857 0.628034 0.540775 0.511237 0.715729 0.663606
 0.554832 0.73633 0.675456 0.623826 0.522097 0.525542 0.615488 0.505779 0.531856 0.839382 0.753219 0.753936 0.773876 0.660383 0.639054 0.549865 0.813168 0.720074 0.550617 0.517468
 0.550144 0.717834 0.742431 0.62028 0.60056 0.540132 0.46612 0.395883 0.471595 0.716397 0.701019 0.74128 0.665709 0.699259 0.590366 0.671645 0.658725 0.583588 0.708774 0.78362
 0.547291 0.834844 0.696175 0.569546 0.44433 0.340582 0.531761 0.50592 0.46416 0.614397 0.60637 0.696735 0.7597 0.741377 0.797036 0.71302 0.66741 0.820116 0.672899 0.587377
 0.55184 0.844776 0.679415 0.429994 0.213762 0.291437 0.377708 0.566969 0.578239 0.708655 0.768992 0.743977 0.752864 0.677465 0.762914 0.658863 0.557137 0.50402 0.534295 0.526795
 0.525807 0.58191 0.677115 0.534762 0.421268 0.493293 0.617076 0.704451 0.736362 0.72449 0.69801 0.616681 0.633313 0.685291 0.631113 0.46713 0.487288 0.671564 0.565778 0.713003
 0.542476 0.694369 0.590292 0.584633 0.529429 0.68469 0.556618 0.556523 0.733879 0.772301 0.701629 0.7168 0.752367 0.6702 0.685331 0.64161 0.600386 0.563621 0.486791 0.70526
 0.547181 0.862212 0.706688 0.520123 0.344972 0.300202 0.253245 0.322917 0.338097 0.697748 0.927733 0.788748 0.671468 0.54668 0.479442 0.376214 0.393416 0.380238 0.730966 0.682966
 0.533002 0.718534 0.665188 0.54377 0.48682 0.494561 0.482274 0.598491 0.666812 0.68658 0.599461 0.736851 0.783587 0.755305 0.710946 0.641702 0.594654 0.482203 0.699223 0.643904
 0.547612 0.717822 0.608367 0.524531 0.544753 0.531816 0.588081 0.570617 0.500398 0.81833 0.737252 0.723487 0.792817 0.729026 0.751818 0.649648 0.647918 0.669125 0.520303 0.464675
 0.534658 0.709547 0.612278 0.623677 0.69005 0.593666 0.517097 0.572889 0.569341 0.658207 0.769317 0.770641 0.690111 0.728093 0.638207 0.66561 0.657919 0.627184 0.527493 0.60061
 0.467441 0.365767 0.574436 0.676035 0.581874 0.496406 0.505496 0.465441 0.712467 0.818649 0.749725 0.703048 0.657512 0.652696 0.695538 0.680186 0.639971 0.613364 0.632608 0.676295
 0.554447 0.749986 0.593804 0.540123 0.452111 0.573298 0.622681 0.520345 0.47592 0.679154 0.741739 0.695439 0.758105 0.686951 0.715829 0.706296 0.62078 0.580396 0.603831 0.685701
 0.542006 0.653646 0.719852 0.615507 0.592361 0.573592 0.490744 0.488565 0.533274 0.499454 0.886323 0.783734 0.635014 0.632217 0.687971 0.733321 0.646516 0.675468 0.596063 0.59603
 0.559808 0.742619 0.655341 0.604009 0.563661 0.561285 0.516933 0.551903 0.477961 0.693376 0.838694 0.784683 0.674504 0.595568 0.709898 0.484924 0.477829 0.496269 0.706382 0.766792
 0.548404 0.651738 0.488882 0.374955 0.53805 0.599112 0.636928 0.671985 0.678123 0.808122 0.789925 0.718813 0.690052 0.546535 0.598138 0.588 0.559376 0.60991 0.795319 0.703328
 0.536446 0.621861 0.517832 0.47876 0.575253 0.630834 0.566012 0.634053 0.755115 0.851449 0.752285 0.685382 0.623482 0.563247 0.58607 0.598087 0.674027 0.639315 0.621165 0.613543
 0.549806 0.664411 0.592669 0.665868 0.565661 0.551308 0.66167 0.688631 0.703456 0.643732 0.765115 0.701505 0.695278 0.72524 0.677094 0.650434 0.560098 0.43924 0.616479 0.650061
 0.551741 0.748011 0.546611 0.459059 0.659756 0.657209 0.64912 0.487381 0.590892 0.603584 0.821316 0.66516 0.585587 0.622385 0.703621 0.578526 0.544694 0.489056 0.762993 0.635367
 0.551937 0.694358 0.576944 0.597034 0.554941 0.567731 0.58061 0.443251 0.409579 0.904418 0.810464 0.737359 0.684098 0.636495 0.571087 0.666928 0.524244 0.538953 0.608422 0.589512
 0.547572 0.599351 0.525861 0.504412 0.673706 0.623308 0.674093 0.644236 0.678051 0.721568 0.744232 0.699861 0.714895 0.651663 0.631813 0.638548 0.581971 0.492093 0.576315 0.685566
 0.556553 0.803796 0.641285 0.528223 0.416366 0.513348 0.664984 0.586686 0.519374 0.575883 0.731952 0.646825 0.694688 0.764174 0.740293 0.657037 0.537991 0.644275 0.709073 0.715245
 0.542606 0.617152 0.560939 0.494859 0.337304 0.462659 0.544297 0.814688 0.652947 0.785194 0.787935 0.710912 0.632235 0.787006 0.696672 0.561829 0.45719 0.541186 0.524008 0.566427
 0.549374 0.612005 0.454174 0.460388 0.665623 0.639353 0.670195 0.586082 0.692484 0.802014 0.778143 0.725572 0.652055 0.539359 0.471649 0.426585 0.484789 0.643363 0.6937 0.727213
 0.554453 0.827224 0.72225 0.610792 0.60328 0.612899 0.530226 0.353508 0.217604 0.651941 0.715937 0.656726 0.585453 0.746524 0.641581 0.840023 0.768864 0.674473 0.542879 0.584076
 0.545412 0.656254 0.531727 0.564212 0.483904 0.423062 0.690126 0.794553 0.670398 0.649747 0.733039 0.69482 0.634839 0.700678 0.665462 0.690994 0.615709 0.604713 0.60141 0.754401
 0.519227 0.599942 0.504603 0.363044 0.435827 0.625106 0.686241 0.741158 0.652173 0.739117 0.696582 0.672886 0.695218 0.668383 0.677776 0.659689 0.577256 0.730153 0.648809 0.589667
 0.56061 0.735652 0.606486 0.569941 0.62005 0.568841 0.463338 0.641685 0.660441 0.597153 0.519507 0.824661 0.692584 0.71643 0.624786 0.618229 0.654675 0.57832 0.463362 0.576299
 0.556515 0.879053 0.744898 0.561365 0.297834 0.330402 0.399417 0.531363 0.487655 0.586861 0.681372 0.69431 0.673344 0.674246 0.648285 0.604357 0.72438 0.67657 0.615326 0.687363
 0.539505 0.729911 0.604185 0.536649 0.454299 0.608239 0.525924 0.488339 0.515176 0.824172 0.720537 0.670116 0.584304 0.566336 0.693795 0.713423 0.568328 0.619046 0.719973 0.685738
 0.549734 0.595194 0.521634 0.455208 0.562312 0.54051 0.736677 0.595407 0.584366 0.71658 0.647233 0.766948 0.774698 0.791597 0.703662 0.626696 0.579484 0.575833 0.508109 0.443261
 0.539123 0.642642 0.555044 0.546478 0.666326 0.69242 0.634749 0.689528 0.572905 0.663683 0.743132 0.730789 0.701268 0.660053 0.649523 0.728297 0.74894 0.662206 0.638304 0.587842
 0.551572 0.791104 0.639838 0.523636 0.45994 0.597803 0.532341 0.474716 0.558205 0.670015 0.71264 0.747671 0.788205 0.689716 0.592392 0.545702 0.447493 0.570366 0.596863 0.528357
 0.532628 0.590845 0.587948 0.528315 0.57894 0.589643 0.582978 0.564073 0.606707 0.694196 0.823555 0.702238 0.665358 0.797986 0.69453 0.648785 0.531709 0.485826 0.51315 0.526905
 0.554147 0.729375 0.651933 0.562595 0.61415 0.638763 0.643241 0.469549 0.522047 0.808508 0.774514 0.677207 0.653271 0.71516 0.656501 0.734878 0.63021 0.493312 0.482947 0.640081
 0.552485 0.705575 0.571554 0.55883 0.491518 0.411164 0.485825 0.61983 0.610047 0.602209 0.608501 0.809326 0.795306 0.716611 0.680221 0.629043 0.746231 0.596853 0.470956 0.554478
 0.533944 0.577803 0.590096 0.590767 0.644975 0.446316 0.45096 0.605062 0.712277 0.745144 0.679658 0.738081 0.724848 0.805128 0.623478 0.51872 0.671555 0.698285 0.656974 0.54446
 0.52124 0.595108 0.54188 0.563502 0.498981 0.463956 0.638992 0.746474 0.720665 0.588831 0.575184 0.636384 0.739755 0.852031 0.804585 0.733691 0.588054 0.535915 0.565004 0.514264
 0.559187 0.835292 0.643627 0.575585 0.598477 0.505271 0.615231 0.504869 0.417678 0.608933 0.634328 0.768543 0.718778 0.742819 0.748065 0.81866 0.700244 0.521505 0.38503 0.40393
 0.556109 0.833018 0.74082 0.60892 0.470644 0.593174 0.432806 0.407964 0.450356 0.588827 0.774953 0.735143 0.655157 0.531361 0.508028 0.671158 0.667409 0.819109 0.707797 0.614691
 0.551712 0.688558 0.648388 0.642739 0.550682 0.444937 0.450257 0.658635 0.648258 0.631392 0.838768 0.730365 0.758041 0.764988 0.692672 0.682594 0.606315 0.540994 0.384426 0.463176
 0.484279 0.451818 0.499943 0.577456 0.667229 0.651555 0.700295 0.693913 0.677542 0.799417 0.670347 0.715855 0.726174 0.634851 0.706944 0.621513 0.519183 0.546596 0.526843 0.455385
 0.55172 0.624562 0.571792 0.727614 0.582955 0.479275 0.459842 0.491972 0.640667 0.828853 0.716403 0.574689 0.531993 0.576774 0.819035 0.730525 0.630526 0.625854 0.599113 0.551551
 0.528052 0.577002 0.566582 0.530451 0.550979 0.685011 0.669687 0.595771 0.641565 0.792059 0.733382 0.753623 0.734708 0.622237 0.466074 0.571682 0.544277 0.612205 0.664614 0.595366
 0.559779 0.773044 0.624421 0.572263 0.516219 0.618898 0.688154 0.613629 0.512187 0.739007 0.785861 0.673325 0.61376 0.652365 0.763537 0.677006 0.628829 0.539691 0.489304 0.614062
 0.522876 0.570712 0.662707 0.584857 0.46405 0.410158 0.541998 0.487348 0.517958 0.679679 0.724988 0.815267 0.729751 0.684176 0.703158 0.655357 0.619174 0.596806 0.71568 0.657509
 0.542022 0.681721 0.62398 0.622349 0.640262 0.647845 0.581325 0.63321 0.554856 0.763092 0.636819 0.657321 0.683759 0.7676 0.6997 0.619641 0.684869 0.620531 0.629723 0.624943
 0.549079 0.765587 0.623961 0.48073 0.511855 0.564538 0.470484 0.452787 0.545006 0.71628 0.779749 0.669203 0.631616 0.592531 0.741113 0.671814 0.709662 0.752793 0.763361 0.714428
 0.532911 0.625094 0.614453 0.630408 0.572981 0.455833 0.440565 0.622658 0.636468 0.795727 0.889936 0.776128 0.718258 0.643923 0.500741 0.402857 0.738512 0.657144 0.537347 0.45261
 0.559054 0.693291 0.562436 0.501052 0.641405 0.613347 0.593575 0.745633 0.669639 0.76469 0.811093 0.709888 0.634198 0.561912 0.710928 0.605933 0.622585 0.529315 0.679414 0.696642
 0.553117 0.693997 0.573023 0.576865 0.509881 0.562735 0.597305 0.684541 0.607857 0.638174 0.814975 0.803773 0.712383 0.674487 0.608726 0.541984 0.472785 0.545733 0.623994 0.555555
 0.545398 0.777063 0.703786 0.619861 0.481559 0.480368 0.522637 0.456182 0.452916 0.747359 0.756031 0.660169 0.579849 0.589116 0.759934 0.649162 0.70062 0.699259 0.774326 0.688912
 0.55156 0.753833 0.617763 0.53632 0.431149 0.5335 0.56298 0.562642 0.518588 0.893539 0.757477 0.698599 0.754696 0.715027 0.690859 0.65199 0.595925 0.488164 0.608763 0.568183
 0.554217 0.720333 0.63188 0.562246 0.483071 0.446499 0.30342 0.383349 0.585268 0.709649 0.714997 0.702496 0.841766 0.793295 0.696909 0.64171 0.504381 0.421395 0.435168 0.589163
 0.546224 0.69469 0.627094 0.728932 0.62882 0.542957 0.550323 0.448293 0.431612 0.838702 0.736867 0.6255 0.64251 0.566685 0.672172 0.686097 0.634353 0.558765 0.500732 0.589345
 0.547217 0.738972 0.691598 0.574149 0.569791 0.56052 0.613418 0.710148 0.600267 0.627094 0.699759 0.747229 0.705219 0.654232 0.685042 0.576422 0.49245 0.775614 0.701894 0.610217
 0.530604 0.615691 0.714387 0.628955 0.603494 0.535797 0.642242 0.550222 0.654482 0.750169 0.661916 0.636693 0.821298 0.689477 0.625516 0.606879 0.532069 0.438111 0.39638 0.515393
 0.556156 0.674119 0.524581 0.439051 0.461016 0.685491 0.630469 0.616807 0.78262 0.727601 0.75245 0.680415 0.744404 0.549633 0.410281 0.558273 0.708672 0.540228 0.615429 0.675649
 0.540826 0.717379 0.649222 0.519225 0.403741 0.36533 0.461441 0.503762 0.704746 0.731551 0.669914 0.730237 0.66451 0.78822 0.715584 0.674834 0.746805 0.681658 0.654426 0.65802
