 0.428821 0.8939 1.04021 0.760529 0.690042 0.754246 0.320208 0.389919 0.914604 0.655988 0.871478 1.10566 0.40217 0.737354 0.71405 0.797548 0.92908 1.02298 0.647711 0.84676
 0.47087 0.752142 1.02043 0.910885 0.573293 0.781764 0.529184 0.721736 0.129265 0.936459 1.58563 0.702069 0.844529 0.820186 0.595668 1.03772 0.546992 0.661185 0.704443 1.14698
 0.673642 0.719414 0.402016 0.630348 0.699179 0.746124 1.16667 1.09832 0.382964 0.905231 0.425707 0.714464 0.553259 0.9082 1.13268 1.02413 0.80007 0.835821 0.536785 0.760323
 0.293777 0.990026 0.882349 0.867603 0.962904 0.780817 0.445813 0.415423 0.825558 0.74394 0.325119 0.689404 0.901014 0.452778 0.688993 1.25595 1.29989 0.300253 1.00463 1.25173
 0.219801 0.859282 1.36904 0.991754 1.06846 0.649757 0.571701 0.56586 0.457239 0.403845 0.636283 0.405542 1.02805 1.19213 0.934024 0.985873 1.07794 1.14041 0.48703 0.54419
 0.237078 0.882124 1.09835 0.725536 1.27121 1.12294 0.473845 0.756594 0.15224 0.433083 1.0917 0.753068 0.868905 0.844889 0.858125 0.764301 0.545776 0.79609 1.10581 0.588652
 0.436776 0.759175 1.15386 0.655544 0.897818 0.985462 0.428249 0.290873 1.0222 0.622167 0.902504 0.350164 0.993332 1.31509 0.674129 1.04952 0.670611 0.610609 0.851297 0.815573
 0.215687 0.808872 1.16529 1.19674 0.654056 0.935503 0.440127 0.768475 0.279448 0.449809 0.742738 1.06688 1.47374 0.674319 0.987713 0.976715 0.610025 1.05166 0.484243 0.750489
 0.109731 0.959329 1.68718 1.18321 0.681924 0.757064 0.8992 0.456144 0.070381 1.05432 1.6513 0.804694 0.598765 0.850082 0.868139 1.16254 0.562976 0.966537 0.565374 0.863097
 0.192425 0.767889 1.13627 1.32447 0.94579 0.728565 0.3299 0.800725 0.697182 0.779018 0.711585 0.794591 0.593561 1.01099 0.801697 0.563391 1.06832 0.490795 0.5423 0.531678
 0.781004 0.613975 0.622275 0.484992 0.67895 0.508091 0.906625 0.672005 0.433724 0.838824 0.873825 0.709798 0.363313 0.659562 1.00095 0.956063 1.18032 0.92059 0.870303 0.853703
 0.443455 0.93437 0.788476 0.605982 0.834419 0.683071 0.691418 0.65371 0.385173 0.855963 1.225 0.721973 0.568985 0.697687 0.899887 0.234365 0.75028 1.05388 1.06295 0.626941
 0.650926 0.542462 0.88972 0.70675 0.722643 0.616204 0.626596 0.341055 0.385557 0.872441 0.816348 0.854414 1.22165 0.438955 0.806795 1.2654 0.921007 0.70891 0.771596 0.43415
 0.44771 0.914804 0.880975 0.390031 1.00002 1.09505 0.454641 0.903023 0.138754 0.810302 0.338658 1.0424 1.53871 0.877821 0.902263 0.890592 0.604678 0.698017 0.858352 0.671298
 0.353719 0.748825 0.80067 1.11169 0.438956 0.689166 1.18293 0.746398 0.788391 0.381975 0.675487 0.596853 1.07729 1.15081 0.817313 0.409379 0.916895 1.21255 0.70902 0.402387
 0.259398 0.789915 1.04009 0.99814 0.920722 0.679955 0.354547 0.499931 0.366938 0.41423 0.722637 1.04354 0.37626 1.15428 1.7511 0.658729 0.900912 0.931946 1.23478 0.595216
 0.528434 0.494393 0.843314 0.98198 0.404219 0.721284 1.0719 0.639034 0.666384 0.689281 0.358182 0.6979 1.22573 0.806847 0.745951 1.1976 0.731936 0.566066 0.760137 0.626169
 0.331312 0.880447 1.18826 0.926002 0.60533 0.517106 0.768643 0.746123 0.474158 0.750325 0.612669 0.475195 0.791094 0.939875 0.979465 0.855933 1.30819 0.654641 0.636887 0.862841
 0.225937 0.984474 1.3832 0.885632 0.486223 0.611052 0.979818 0.96046 0.246254 0.565758 1.092 0.569492 0.444468 1.0729 1.58895 1.02398 0.730969 0.325562 0.949156 0.581831
 0.286656 1.07089 1.17877 0.664585 0.514031 0.8151 1.07034 0.88969 0.214252 0.482135 0.482741 1.01906 1.10353 1.15608 1.05201 0.710203 0.446804 0.805654 1.05248 1.15918
 0.628967 0.814819 0.495558 0.754468 0.81323 0.904114 0.582536 0.943748 0.286442 0.661861 0.940163 1.01771 0.840427 0.749695 0.309954 0.388542 0.937408 0.906865 0.778377 1.0866
 0.279558 0.773871 0.677818 1.01961 1.36246 0.688974 0.706348 0.765647 0.889772 0.145377 0.661105 0.588473 0.894712 1.04174 1.08146 0.645059 1.13925 1.47234 0.51572 0.37425
 0.219326 0.873421 1.51493 0.653825 0.719681 1.00972 0.711619 0.791074 0.691142 0.445137 0.694138 0.895584 0.544048 0.522747 0.685114 1.16269 1.08525 0.492059 0.680958 0.948436
 0.284571 0.878575 0.961451 1.00505 0.824679 0.877846 0.772074 0.423477 0.477939 0.416063 0.849693 0.846345 0.746299 0.560699 0.655873 1.08553 1.18243 0.322214 0.792659 1.00807
 0.46115 0.767447 0.408038 0.868097 1.3919 0.726614 0.709547 0.58961 0.637619 0.371465 0.652563 1.22638 0.712639 0.637194 0.730024 0.605578 1.13522 1.11865 0.404864 0.976633
 0.681406 0.726269 0.622729 0.694131 0.810558 0.886635 0.459956 0.473643 0.774064 0.792986 0.514953 0.449757 0.522394 0.781464 1.14684 1.14859 0.906233 1.13769 0.444671 0.642594
 0.195565 0.956215 1.59937 0.984867 0.9002 0.517542 0.800166 0.759753 0.442723 0.652777 0.582531 0.90225 0.355032 0.934963 1.14432 1.14095 0.821154 0.763657 0.568121 0.751805
 0.40658 0.946422 0.818159 0.654211 0.7487 0.947106 0.940471 0.331151 0.571324 0.361158 1.03918 1.4984 0.510594 0.752873 1.12363 0.887696 0.815143 0.47485 0.718419 0.669757
 0.461794 0.62725 0.730825 0.977083 1.16259 0.695004 0.561076 0.91574 0.40785 0.318962 0.798304 1.06069 0.697488 0.920212 0.756925 0.663447 0.569128 1.02111 1.09144 0.97332
 0.133417 0.937155 1.49987 1.23919 1.22766 0.503543 0.671902 0.155795 0.304418 0.883065 0.604698 0.708444 0.566128 0.528047 1.24852 1.18877 0.771778 1.08867 0.501339 0.465041
 0.251453 0.532079 1.23863 1.45889 0.771689 0.401466 1.02878 0.822042 0.14317 0.9874 1.01893 0.803454 0.412397 1.0505 0.767206 0.945494 0.951246 0.865386 1.01162 0.887627
 0.595888 0.871648 0.583201 0.769817 0.940333 0.408347 0.510832 0.828054 0.573762 0.451284 0.33488 0.864539 1.39081 0.913136 0.805564 0.780971 0.738946 0.531121 0.93448 0.541275
 0.335802 0.86783 1.17092 1.21693 0.231625 0.681317 1.11115 0.751721 0.574971 0.769518 0.27622 0.463323 0.93219 0.930081 0.660948 1.09521 0.967459 1.09238 0.907976 0.983768
 0.240974 0.928834 1.40926 1.1796 0.762722 0.549043 0.503394 0.495395 0.306237 0.541126 0.917611 0.717381 0.560657 0.887443 0.915335 1.00189 0.885789 0.541584 1.0444 1.18433
 0.536141 0.679146 0.920052 0.696531 0.632047 0.993318 0.499112 0.625338 0.887379 0.699454 0.383017 0.613067 0.456985 0.845763 1.36976 1.16125 0.61418 0.990421 0.689621 0.38465
 0.373125 0.640699 0.939398 0.805834 0.790289 0.881356 0.426606 0.92023 0.639373 0.54283 0.608082 0.546326 1.05614 1.15834 1.02158 0.600156 0.851591 1.04364 0.404529 0.564126
 0.369313 0.561595 1.0091 0.687613 0.883879 0.540832 0.620734 1.08682 0.404389 0.883368 1.00061 0.32497 0.967646 1.29528 0.935631 0.942114 0.792406 0.494333 0.813014 0.613827
 0.128766 1.04448 1.74664 0.831531 0.711021 0.311869 0.658252 0.886137 0.588826 0.929945 0.730609 1.09926 0.716113 0.450344 0.865234 1.03555 0.620504 0.972478 0.327927 0.993714
 0.520701 0.615581 0.868792 0.732022 1.01928 0.839576 0.495555 0.31159 0.515713 0.592673 0.863345 0.730891 0.590224 0.826526 0.927823 0.960053 0.734025 0.817911 0.959759 0.413931
 0.32771 0.597674 1.20779 1.09244 0.584973 0.627751 0.859972 0.462814 0.29841 0.494933 1.02207 0.919055 0.557995 0.765368 1.00716 1.03703 0.711466 0.399653 0.627584 0.884566
 0.540359 0.673881 0.950319 0.640348 0.401873 0.711247 0.969164 0.921327 0.340592 0.658464 0.666844 0.427554 1.16249 1.44602 0.808706 0.971368 0.552462 0.394759 0.507739 0.236807
 0.15142 1.01624 1.08274 1.104 1.31679 0.397825 0.896621 0.781575 0.114634 0.985742 1.03811 0.884475 0.888008 0.716602 0.902009 0.857644 0.239587 0.963057 1.529 0.952352
 0.288741 1.06482 0.639285 0.812377 1.04176 0.675643 0.599578 0.779555 0.427892 0.213471 0.912007 0.90834 1.04882 1.56333 0.686113 0.762345 0.675337 0.580123 0.721956 0.642734
 0.492376 0.762205 0.63621 0.775533 0.569798 1.04531 0.675306 0.680057 0.119663 0.853571 1.13694 1.00223 0.649343 0.677965 0.911201 0.903915 0.954397 0.536752 0.900076 1.22333
 0.165853 0.995313 1.50126 0.712108 1.13469 0.919462 0.575503 0.642395 0.0653531 0.630652 0.657039 0.910012 1.12483 0.859044 1.21943 0.75208 0.465638 0.84608 0.996416 0.95368
 0.235668 0.8862 1.28676 0.881615 0.795713 0.49203 0.737727 0.711239 0.290895 0.505759 0.39315 0.938106 0.737423 0.88875 0.912341 1.20086 0.459803 0.663617 1.23657 0.645781
 0.261703 0.976402 0.84124 0.711457 1.05033 0.703936 0.884586 0.474582 0.358233 0.718019 0.500158 0.641547 0.788115 1.2785 1.52518 0.608545 0.843073 1.07513 0.521851 0.946409
 0.327456 0.873815 0.661907 0.824912 0.732354 0.986537 0.932936 0.498741 0.567031 0.523077 0.597878 0.556154 1.00485 1.05005 0.597898 0.979524 0.76528 0.780406 0.491892 0.656344
 0.283397 0.809783 1.04136 0.895639 0.579151 0.932386 0.877688 0.544684 0.421807 0.637367 1.08374 1.16951 0.516961 1.13343 0.294673 0.627663 0.58658 1.13429 0.895647 1.04107
 0.354337 0.791566 0.930228 0.518792 0.876513 1.0534 1.08347 0.300709 0.343381 0.935561 1.23348 0.730345 0.68538 0.565481 0.926552 0.389089 0.997164 0.555954 0.952319 0.834083
 0.857019 0.387501 0.797321 0.527683 0.786301 0.31877 1.01054 1.25295 0.165234 0.725223 1.02794 0.733047 0.71631 1.07666 0.917842 0.786416 0.58436 0.825479 0.999838 1.19126
 0.320769 1.03387 1.42234 0.317078 0.697772 1.04837 0.50492 0.991937 0.35367 0.643236 1.14816 0.508301 0.877708 0.899735 1.07845 0.919745 0.842101 0.790564 0.243806 0.675694
 0.574534 0.702694 0.858119 0.587802 0.596462 0.786425 0.925373 0.651752 0.287054 0.707783 0.540961 0.940882 1.1383 1.08597 0.714854 0.475884 0.610869 0.906887 0.820416 0.9044
 0.509493 0.928422 0.839929 0.492945 0.538567 0.593655 0.938452 0.743973 0.533084 0.30201 1.03259 1.2744 0.88671 0.560908 0.927174 0.594929 0.937518 1.05187 0.673035 0.83049
 0.298925 0.969255 1.28029 0.668276 0.948911 0.455079 0.592954 0.711434 0.548503 0.478722 0.996547 0.908306 0.769375 0.903387 0.342982 1.14479 1.14169 0.934689 0.81773 0.464054
 0.201741 0.978816 1.25291 0.594218 0.905452 1.15221 0.836011 0.254308 0.366082 0.742006 1.17032 0.795963 0.595218 1.13074 0.998292 0.240251 0.962783 0.890731 0.68107 0.848009
 0.308716 0.931301 1.23396 0.938963 0.733096 0.569586 0.673202 0.522076 0.266168 0.428103 0.688961 1.32312 0.948552 0.605839 0.912976 1.1578 1.12647 0.517362 0.84902 0.766325
 0.488899 0.813639 1.07095 0.506278 0.40696 0.765701 1.18915 1.15089 0.182513 0.53615 1.00544 0.91309 1.17243 0.804929 0.649676 0.545496 0.915877 0.620577 1.07389 0.647222
 0.140783 1.07878 1.33056 1.03678 1.29862 0.546269 0.578142 0.254433 0.549267 0.631647 1.06088 1.11962 0.873413 0.513636 0.937023 0.97253 0.925769 0.829437 0.499503 0.692821
 0.377946 0.778381 1.23499 0.785973 0.542095 1.06043 0.732409 0.672959 0.115441 0.925649 1.29765 0.989159 1.07204 0.418497 0.672547 1.0839 0.637471 0.643753 0.823117 0.428505
 0.134087 1.04322 1.76764 0.714585 0.56922 0.810978 0.960914 0.43192 0.393572 0.790216 0.476859 0.615934 1.23655 1.22155 0.779757 0.481149 0.822061 1.17404 0.900989 0.670742
 0.143774 1.04365 1.71595 0.626167 0.976306 0.634697 0.720335 0.901569 0.315238 0.573321 0.820023 0.395489 0.903403 1.37848 1.13786 1.08511 0.485427 0.433009 0.386757 0.969767
 0.448813 0.915032 0.551641 0.682168 0.797556 0.805093 1.07262 0.563577 0.332358 0.749219 1.23857 0.460024 0.686396 0.977538 0.988094 0.723164 0.91932 1.02395 0.526713 0.499967
 0.715151 0.477065 0.564602 0.784184 0.709149 1.01219 0.881306 0.489477 0.946561 0.398977 0.643444 1.16162 0.76031 0.797364 0.974917 0.836574 0.857739 0.504595 0.971111 0.924402
 0.483076 0.723765 0.926316 0.616206 0.516971 0.779432 0.80414 0.777979 0.185228 0.68514 1.17022 1.0321 0.806764 1.0152 0.769521 0.408856 1.00489 0.721684 0.746042 0.879038
 0.350696 0.882887 1.03382 1.06316 0.973395 0.331838 0.667345 0.836264 0.375066 0.403973 0.846895 0.914912 1.28779 1.1118 0.922989 0.691817 0.329649 0.637444 0.597329 1.04988
 0.509469 0.607075 0.668697 0.900706 0.784642 0.750908 0.863959 0.542345 0.591043 0.597085 0.796045 0.723153 0.811601 0.564013 0.865307 1.07278 0.531624 0.784143 1.16505 0.709272
 0.197583 0.902536 1.66208 0.882487 0.446351 0.733776 0.980531 0.956903 0.449707 0.481298 0.636149 0.449932 0.765663 1.06599 0.979664 1.10686 0.732562 0.552908 0.623173 0.828578
 0.462182 0.80357 0.698487 1.00666 1.06015 0.293409 0.756136 0.595299 0.469266 0.588931 0.693544 1.28187 0.775006 0.669739 0.918359 0.596726 0.589722 1.06382 0.726732 1.21628
 0.422337 0.61092 0.848837 0.834009 0.798378 0.574558 0.809483 1.21803 0.442839 0.618073 1.03351 0.717094 0.765732 0.635191 0.416394 0.61485 0.971843 0.787979 0.923518 1.37617
 0.445964 0.878632 0.768216 0.629618 0.468439 1.05963 1.02492 0.688343 0.262886 0.4987 0.901564 0.666274 0.657623 0.771131 1.20609 0.903146 0.832215 0.633766 0.823556 1.08404
 0.605847 0.503431 0.802417 0.951582 0.951419 0.818045 0.682612 0.487419 0.509878 0.150393 0.819973 1.32096 0.667402 1.09546 0.458838 0.984766 1.57497 1.02832 0.430294 0.853911
 0.301017 0.964221 1.0611 0.793524 0.586205 0.516822 0.986662 1.09909 0.270586 0.478691 1.03362 1.31677 0.506383 0.820969 0.379224 1.08345 1.64593 0.684595 0.700436 0.955346
 0.429809 0.841153 1.07895 0.620918 0.790014 0.833512 0.436757 0.677939 0.961757 0.579266 0.616724 0.557097 0.604758 0.703293 0.889499 1.06336 0.893222 0.588305 0.838025 0.773929
 0.722899 0.635071 0.252459 0.891097 1.1272 0.80504 0.667955 0.895915 0.79913 0.326941 0.477687 0.86635 0.507518 0.633482 1.05384 0.878341 1.08378 0.896125 0.888114 0.676511
 0.699299 0.709577 0.748473 0.453675 0.493628 0.599692 0.902784 0.886115 0.184023 1.03193 0.550695 0.92015 1.11231 1.06068 0.895361 0.804637 1.04294 0.416122 0.638328 1.18916
 0.209939 0.726763 1.37229 1.28832 0.895237 0.506377 0.777499 0.833531 0.315304 0.305757 0.725705 0.666436 0.659241 1.27315 1.44903 0.700965 0.568094 1.01337 0.762628 0.510856
 0.39133 0.811358 1.13733 0.841136 0.756688 0.397178 0.61274 0.826406 0.521918 0.505958 0.810334 1.2513 0.572495 0.924484 0.941697 0.582546 0.649078 0.831653 1.11965 0.732566
 0.905996 0.38235 0.501176 0.85548 1.2111 0.924777 0.589941 0.842554 0.329344 0.53181 1.03775 0.697739 0.887693 1.12869 0.68889 0.267963 0.726011 1.26964 0.961538 0.562725
 0.324223 0.758087 1.02083 0.974349 0.752274 0.719172 0.700468 0.551782 0.482742 0.764457 0.793962 0.694837 1.25389 0.512796 0.502857 0.985551 1.19028 1.29611 0.76479 0.531274
 0.594581 0.821464 0.792358 0.452982 0.827262 0.823173 0.588762 0.693689 0.341064 0.609627 0.96972 0.934411 0.94814 0.499717 0.800615 0.402725 0.901553 1.01884 0.802534 0.87354
 0.250944 1.01887 1.24136 0.744321 0.597129 1.03331 0.703835 0.423684 0.536016 0.602321 0.561575 0.957127 0.469651 1.09037 1.54779 0.684337 0.597863 0.807131 1.23518 0.639842
 0.513423 0.74359 0.869769 0.618685 0.606345 0.954313 0.967205 0.423336 0.603093 0.223557 1.01162 1.29133 0.821401 0.934153 0.603617 1.04791 0.433264 0.902705 1.13666 0.98351
 0.334868 0.932277 1.39809 0.616152 0.696907 0.316696 0.775761 0.6991 0.390053 0.731432 0.848212 0.818675 0.809765 0.907815 0.853298 0.679257 0.57329 1.16214 1.19899 1.15561
 0.37834 0.905122 0.70091 0.645127 0.353912 0.936369 1.31228 0.860436 1.00094 0.323869 0.758709 0.661376 0.702873 1.01104 1.2782 0.259363 0.780639 0.85012 0.760564 1.06797
 0.325278 0.902851 0.968731 1.09423 0.540117 0.673381 1.11945 0.273226 0.202237 1.04519 1.12211 0.909202 0.557653 0.561612 1.03829 1.14932 0.5629 0.54313 1.08611 0.693079
 0.309867 0.854227 0.967153 0.912998 0.693865 0.608209 0.867626 0.890433 0.563887 0.606298 0.580381 0.498497 0.950722 0.745242 0.788609 1.05336 0.486425 1.00412 1.29717 0.673634
 0.496807 0.9786 0.654379 0.805909 0.741572 0.167905 0.825141 1.20237 0.684201 0.406952 0.502548 0.871767 0.747185 0.486316 0.662098 1.25235 1.32546 1.01291 0.744431 0.358405
 0.496138 0.697073 0.591985 0.488108 1.09215 1.24501 0.841487 0.694964 0.266305 0.510111 0.893742 0.793099 0.9159 0.474781 0.877937 1.27334 0.489742 0.978288 0.62842 0.747431
 0.657931 0.675079 0.65442 0.834485 0.767785 0.259439 0.89997 1.07742 0.281001 0.87287 0.333164 1.02301 1.09374 0.89866 0.609723 0.950053 0.785819 1.05501 0.54799 0.394767
 0.158801 0.962403 1.21848 0.972129 1.22816 0.624634 0.843217 1.06546 0.105782 0.774289 0.912373 0.557052 0.809576 0.775298 0.455411 1.07776 0.86638 0.788681 0.924342 1.10377
 0.560215 0.901136 0.404916 0.878276 0.521337 0.715719 1.05963 0.529517 0.314861 0.70446 1.06931 1.18303 0.617187 0.630133 0.929544 0.578138 0.92295 0.540533 0.984368 0.76494
 0.343804 0.707239 1.06603 0.783704 0.623741 0.451245 0.745603 1.13255 0.105679 0.939799 0.750906 1.07791 1.54195 0.76723 0.470092 0.801419 0.883098 1.01543 0.872149 0.70248
 0.408935 0.871686 0.812964 0.715753 0.427158 0.712356 0.777699 0.836988 0.369598 0.333635 0.625073 1.16016 0.647014 0.624806 1.19033 1.05265 0.501713 1.02131 1.27782 0.406689
 0.286837 0.916505 0.746133 0.974765 0.917144 0.733593 0.628349 0.326007 0.444966 0.918806 0.602273 1.03727 1.22448 0.676518 0.513124 0.682512 0.834384 1.30407 0.727629 0.764458
 0.333066 0.861372 0.664526 1.01236 1.2681 0.46805 0.434153 0.412653 0.81796 0.756536 0.916547 0.592314 0.900478 1.15489 0.552188 0.871405 0.89728 0.499889 0.794412 0.320983
 0.496492 0.795857 0.52213 0.898073 0.695284 0.65084 1.01988 0.840835 0.269013 0.476441 0.685563 0.97972 1.07412 1.00255 0.340132 0.775317 0.533619 1.06353 0.601773 0.959721
 0.407171 0.706277 0.814312 0.923531 0.771925 0.80966 0.498692 0.863238 0.18509 0.630493 0.672596 1.00146 0.755593 1.13135 0.927981 0.367411 1.17596 1.20033 0.790932 0.898485
 0.236577 0.733499 1.17902 0.859379 0.843948 0.701493 0.412285 0.786604 0.255691 0.377967 0.966065 1.10016 0.458551 0.575161 1.10533 1.35822 0.343726 0.683921 1.17244 0.986153
 0.648431 0.428728 0.594322 0.950091 0.732645 0.349879 0.858025 0.895786 0.176197 0.715792 1.03121 1.02351 0.685134 0.768088 0.559076 1.12126 1.37147 0.812834 0.427323 0.758067
 0.354968 0.803382 0.77232 0.486248 1.04134 1.08392 0.208279 0.64781 0.680956 0.251092 1.07105 1.06765 1.11297 0.848585 0.925635 0.754962 0.844082 0.72448 0.80955 0.298447
 0.142924 0.861833 1.33274 0.942051 1.10323 0.593175 0.52009 0.748988 0.43125 0.329542 0.668218 0.838103 0.957717 0.798197 0.582375 0.596067 1.0629 1.07504 0.664658 1.12909
 0.818238 0.416355 0.363681 0.768969 0.528792 0.935279 1.06773 0.472608 0.486179 0.506873 0.753029 1.08959 0.878723 0.993919 0.563217 0.395679 0.76485 1.11583 0.48921 1.04453
 0.618878 0.756908 0.775873 0.23163 0.657125 0.557746 0.452229 0.93127 0.45205 0.449891 0.925747 1.03101 0.91179 0.996244 0.588374 0.771059 1.02751 0.46027 1.01096 0.730211
 0.429386 0.677957 0.732343 0.711865 0.678174 0.912079 0.56279 0.690076 0.226109 0.812951 0.986067 0.618679 0.470974 0.805645 0.90033 0.936139 0.92292 1.26827 0.88915 0.276391
 0.227753 0.971788 1.08114 0.666357 0.794876 0.705549 0.30799 0.759034 0.118539 0.729146 1.0436 0.892166 0.773192 0.742367 0.659846 0.719568 0.843446 0.534543 1.10568 0.809584
 0.242952 1.00479 1.21058 0.824054 0.55429 0.545941 0.809278 0.550644 0.398075 0.767078 0.915516 0.480389 0.775817 0.595232 0.830747 0.570963 0.643932 1.18762 0.719158 0.862271
 0.308066 0.786827 1.17423 0.791816 0.579003 0.813989 0.487979 0.639452 0.251815 0.700187 0.651977 1.08969 0.916724 0.482954 0.517781 0.90013 0.911352 0.633123 1.0758 0.967465
 0.337317 0.732305 1.0888 0.265387 0.883826 1.14111 0.650063 0.573662 0.161858 1.00328 0.865115 0.517229 0.908515 1.08264 0.771348 0.66596 0.88491 0.825419 0.880003 0.675137
 0.207463 1.0074 0.98394 0.658822 0.902392 0.457995 0.678186 0.80964 0.500196 0.661107 0.467275 0.88556 0.477204 0.915589 1.15352 0.820888 0.471431 0.904181 1.48895 0.920898
 0.291628 0.873504 0.840693 0.413498 0.74492 1.35688 0.453505 0.817037 0.353769 1.04254 0.627491 0.50699 1.19046 0.629624 1.03081 0.735997 0.73367 0.959055 1.19672 1.11697
 0.245765 0.855023 1.33111 0.469304 0.549647 0.6671 0.920619 0.944912 0.434563 0.785904 0.377205 0.665534 0.922937 1.18337 0.549955 0.846543 0.94215 0.611712 0.902677 0.30827
 0.461073 0.764075 0.773658 0.660658 0.198515 0.851511 1.04516 1.00576 0.284836 0.666048 0.509256 0.885831 1.09355 0.545314 0.622059 0.742633 0.904659 0.743821 0.817093 1.27798
 0.222875 0.941888 1.40466 0.790848 0.817344 0.250623 0.808324 0.758129 0.714506 0.412047 0.58668 0.96034 0.617166 0.988441 0.948845 0.474063 0.72922 0.700721 1.17122 1.05278
 0.515105 0.594106 0.884634 0.705597 0.426403 0.710554 0.463486 0.782746 0.753588 0.501585 0.942461 0.342197 0.391361 0.919024 0.822058 1.1911 0.616372 0.69639 0.531037 0.789713
 0.310271 0.941107 1.34266 0.450063 0.542891 0.672152 0.547662 0.64543 0.825495 0.29704 0.644965 0.977874 1.03594 0.908136 0.696552 0.450029 0.795742 0.484842 0.967965 1.08421
 0.293036 0.707786 0.758854 1.03415 0.963575 0.558931 0.458865 0.63708 0.545181 0.370336 0.957954 1.10168 1.03285 0.539769 0.604942 0.737678 0.775235 0.600059 1.17146 1.31999
 0.58837 0.501793 0.713587 0.585067 0.955248 0.741564 0.30706 0.543109 0.829443 0.817336 0.931393 0.84882 0.281098 0.853395 1.10253 0.962022 0.644312 0.703068 0.243972 1.02791
 0.241249 0.974554 1.11023 0.856294 0.647701 0.396119 0.832507 1.01462 0.151084 0.825015 0.64817 1.03161 1.40681 0.60581 0.440077 0.385028 0.959885 1.15471 0.974708 0.822974
 0.328166 0.819708 1.05881 0.517862 0.851064 0.681993 0.631541 0.584307 0.563627 0.861916 0.496906 0.982659 0.908623 0.688192 0.307094 0.968612 0.460261 0.839568 1.08111 1.21827
 0.204944 0.952449 1.41054 1.12461 0.456797 0.761139 0.802263 0.403626 0.157413 0.762565 0.458813 0.829414 0.412558 1.02224 0.595257 0.9706 1.61517 0.914852 0.557969 0.767139
 0.501221 0.824876 0.700232 0.52442 0.573692 0.426302 0.513665 1.00331 0.781785 0.968467 0.554896 0.55433 0.510464 0.536764 1.20113 0.809504 0.874687 0.832574 0.468856 0.802646
 0.508538 0.689064 0.605196 0.484736 0.707616 0.723787 1.10367 1.05804 0.137795 0.943913 1.28935 0.706573 0.604358 0.381516 0.974485 1.08307 0.477907 0.723622 1.15559 0.367761
 0.352209 0.634942 0.621088 0.999189 1.12584 0.731382 0.455272 0.618299 0.25249 0.652121 0.710219 1.0562 1.21373 0.875079 0.668759 0.418061 0.769555 1.03719 0.836244 0.650454
 0.268754 0.821913 1.2046 0.405262 0.553797 0.9884 1.09011 0.455807 0.589604 0.55256 0.940454 0.862197 0.889486 0.82608 0.241237 0.604229 0.771669 0.961434 0.78902 0.429777
 0.213874 0.900513 0.910091 0.778922 0.652241 1.05852 1.01736 0.402837 0.276424 0.704676 0.490475 0.820293 0.908857 0.769492 1.19522 1.31449 0.359927 0.703924 0.995826 0.907551
 0.162716 1.01629 1.51293 0.491565 0.810526 0.973555 0.70906 0.735119 0.676528 0.601688 0.256776 0.604379 1.00724 0.463901 0.808999 1.11064 0.942002 0.555879 0.517901 1.22429
 0.45096 0.317925 0.782532 1.27229 1.15165 0.671541 0.39777 0.516108 0.549346 0.690552 0.782319 0.840321 0.381441 0.70905 1.46701 1.34957 0.773079 0.652378 0.545368 1.07527
 0.152994 1.00275 1.42931 0.574694 0.673093 0.481236 0.886015 0.729911 0.320301 0.570222 0.442424 0.822416 0.758872 1.17139 0.900921 0.696124 0.83673 0.760473 0.988539 1.14568
 0.169029 0.958336 1.02165 0.927228 0.925679 0.524579 0.777455 0.787498 0.194516 0.558827 0.629266 0.967559 1.42703 0.28886 0.986027 0.876926 0.834823 0.958894 0.523566 0.889975
 0.540395 0.574256 0.46415 0.771312 0.785042 0.799435 0.499307 0.560916 0.324852 0.472432 1.0369 1.03657 0.936846 0.516655 0.824054 0.716439 0.875106 0.805203 1.05781 1.09842
 0.105484 1.05469 1.53774 0.9083 1.16402 0.193794 0.752957 0.772436 0.377791 0.859144 0.641841 0.617521 0.43757 0.93672 1.20531 0.973306 0.74898 0.763444 1.03951 0.782095
 0.179966 0.962243 1.24941 0.843476 0.414233 0.771905 1.08227 0.903696 0.145524 0.778352 0.624948 0.545864 1.20132 1.32381 0.476828 0.802011 0.849452 0.753787 0.787076 0.671826
 0.25931 0.616419 1.16629 0.911627 0.451388 0.94782 0.699413 0.650947 0.455774 0.672282 0.625753 1.03276 1.21516 0.622956 0.566033 0.532232 0.590228 1.16865 0.934251 0.535064
 0.425343 0.718636 0.436521 0.463313 1.17573 0.826394 0.967519 0.832338 0.341716 0.747202 0.747041 0.476674 0.823191 0.87759 0.993903 0.693566 0.821759 0.875504 0.51038 0.536846
 0.279211 0.992488 1.04459 0.578693 0.428714 0.827847 1.29482 0.575176 0.158913 0.838222 0.647472 0.435503 0.794775 0.550858 1.08936 1.49557 0.560784 0.458935 0.913208 0.790825
 0.115352 1.03132 1.50974 0.97125 0.870622 0.551948 0.73618 0.763886 0.19514 0.491514 1.01154 1.26992 0.345207 0.679876 0.876577 1.06025 1.25442 0.961025 0.313802 0.788462
 0.652309 0.735951 0.46239 0.304969 0.540982 0.631989 1.0045 0.592713 0.415076 0.531865 0.835061 1.24697 0.889866 0.611953 1.01692 0.967379 0.342992 0.753031 0.573836 0.926903
 0.310464 0.786199 0.755981 0.719611 1.03542 0.445721 0.807003 1.24683 0.511725 0.509837 0.766036 0.605987 0.966629 0.267216 0.85457 1.38885 0.672063 0.715157 0.852856 1.00385
 0.211954 0.842903 1.06017 0.888555 1.06923 0.399519 0.586062 1.03172 0.317978 0.518848 0.504457 0.680819 1.22115 1.20607 0.862092 0.46554 0.630935 0.377149 1.03924 1.03009
 0.176801 0.893826 1.35183 1.05391 0.347165 0.803734 0.931601 0.962711 0.210155 0.75781 0.892854 0.967419 0.747661 0.818675 0.720234 0.525416 0.564258 0.68978 1.14836 1.01702
 0.434331 0.916829 0.464624 0.742577 0.907341 0.342547 0.699591 1.30254 0.779087 0.06546 0.881095 1.22042 0.70846 1.25622 0.898857 0.871736 0.860048 0.341272 0.770685 0.682369
 0.210277 0.827751 1.08336 0.81002 0.875275 0.625238 0.887322 0.632267 0.104114 0.766264 0.722009 0.718168 1.32119 0.938196 1.05222 0.205191 1.0098 1.85006 1.02186 0.994574
 0.303713 0.555949 1.03519 0.677818 0.83186 0.983476 0.696429 0.505006 0.295936 0.765528 0.585031 1.00151 0.556638 0.980439 0.603616 0.702024 1.25351 0.458893 0.524088 0.806651
 0.097091 1.05724 1.95092 1.02221 0.938673 0.343275 0.449436 0.526504 0.476415 0.861695 0.648476 0.586977 0.75093 0.483738 0.926282 0.950807 0.291741 1.03518 1.32129 0.74368
 0.133758 0.892777 1.52668 1.15269 0.468446 0.501857 0.372053 0.623565 0.468443 0.567966 0.736377 0.632087 0.938294 0.455188 1.03701 1.40282 0.980441 0.83428 0.564946 0.836476
 0.400159 0.480974 0.966231 1.29798 0.745713 0.356404 0.482781 0.520545 0.621224 0.905425 1.06782 0.658294 0.620348 0.909427 1.32896 0.718738 0.2959 0.99847 0.554703 0.506329
 0.251243 0.877348 1.02361 0.963376 0.353888 0.971461 0.747927 0.293359 0.519774 0.872191 0.65612 0.541171 1.05566 0.716989 0.898745 1.06367 0.810401 0.978694 0.343143 0.635884
 0.087078 1.04804 1.98398 1.09529 0.545825 0.48592 0.474106 0.456179 0.291235 0.129802 1.06603 1.59719 1.04185 1.15009 1.0666 0.486938 0.662405 0.308162 0.833586 0.363263
 0.268913 0.779083 0.961989 0.772623 0.756526 0.755126 0.42893 0.527196 0.552276 0.945329 0.587507 0.544067 0.775678 0.71842 1.04327 1.15443 1.28392 0.313903 0.646838 0.671983
 0.247134 0.867959 1.10714 0.627726 0.681756 0.581827 0.66304 0.953246 0.192535 0.748757 0.747709 0.429293 1.03152 0.735555 0.782422 0.747676 0.845438 1.42301 0.905248 0.332641
 0.236012 0.905532 0.923667 0.532081 0.842643 1.11097 0.703005 0.756351 0.549628 0.304962 0.584198 1.01001 0.587562 1.0281 0.89326 0.995731 0.688824 0.881133 0.675623 0.900693
 0.69249 0.339917 0.502241 0.855736 1.05721 0.760628 0.763142 0.272635 0.360232 0.649946 0.842056 1.06849 0.971654 0.528848 0.704288 0.847304 0.931475 0.859275 0.515779 0.853471
 0.217416 1.03681 0.996244 0.790865 0.49924 0.559404 0.973821 0.937692 0.466311 0.429828 0.826806 0.450733 0.856658 0.695779 0.627787 0.93837 1.03301 0.906869 0.536007 0.836788
 0.381558 0.421515 0.988967 0.969905 0.598027 0.680233 0.839447 0.610413 0.722347 0.0801779 0.851797 1.59259 0.858931 0.648082 0.537025 1.04858 0.66489 0.986309 0.792588 0.552989
 0.252144 0.698657 0.898327 0.684065 0.926293 1.21119 0.552896 0.718415 0.306382 0.221916 0.730845 1.36024 1.11486 0.443477 1.11942 0.945715 0.739526 0.310543 0.511019 1.20332
 0.389853 0.627476 1.1745 0.586783 0.568106 0.722282 0.625019 0.586975 0.285141 0.586756 1.00001 0.922089 1.19522 0.63817 0.898702 1.02551 0.616769 0.245615 1.01124 1.44167
 0.402859 0.810018 0.996524 0.53841 0.50605 0.765544 0.553875 0.561682 0.290571 0.872235 1.18004 0.955996 0.83934 0.740875 0.868622 0.565189 0.727161 0.661821 0.878038 0.42087
 0.324935 0.767387 0.71724 0.952191 0.560281 0.589294 0.827022 0.59486 0.802435 0.419709 1.01444 0.829455 0.566228 0.854157 0.90468 1.09238 1.28256 0.464912 0.601611 0.885571
 0.244522 0.951364 1.32609 0.355198 0.710247 0.736492 1.19617 0.649528 0.761409 0.150634 1.01419 1.44679 0.670298 0.609101 1.13555 0.867974 0.802729 0.242259 0.902155 0.512953
 0.344038 0.767666 0.716391 0.801182 0.769755 0.73363 0.922934 0.898416 0.0306528 0.698136 1.01571 0.967696 1.16314 1.19804 0.573658 0.981851 0.865623 0.657504 0.858869 0.615487
 0.461232 0.697566 0.771882 0.337952 0.977603 0.92328 0.767676 0.541418 0.407219 0.708546 0.962512 0.651532 0.794382 0.717514 0.787421 0.835871 0.854448 0.618198 0.463015 0.842297
 0.162981 0.965459 1.19496 1.15647 0.912147 0.304868 0.750028 0.872708 0.67981 0.292008 0.995899 0.951351 0.425286 0.694727 1.10173 1.12729 0.43971 0.424377 0.786995 0.917303
 0.432068 0.782233 0.781117 0.894876 0.456521 0.767911 0.249646 0.969928 0.355152 0.562255 0.821639 1.03252 0.510746 0.884805 1.23993 1.02126 0.574146 0.846324 0.741229 0.347664
 0.431327 0.87103 0.875167 0.278524 0.863721 0.722535 0.873276 0.429418 0.430315 0.66636 0.808426 0.864575 1.11243 1.1951 0.87807 0.483435 0.388468 0.67286 0.661895 0.815156
 0.121095 0.979754 1.71106 0.803685 0.659723 0.801044 0.831993 0.782559 0.169327 0.484817 1.0255 1.2631 0.345223 0.894366 0.258956 0.773426 1.29922 1.17427 0.702865 1.01698
 0.372052 0.845174 0.745809 0.883964 1.0004 0.340359 0.317431 0.853007 0.826644 0.487919 0.786425 1.09566 0.708796 0.766409 0.650446 1.05781 1.01195 0.642223 0.354979 0.5609
 0.441156 0.819473 1.25048 0.593647 0.282264 0.556804 0.53955 0.960672 0.507211 0.894953 0.907813 0.477283 0.761976 0.781188 0.753508 1.08603 0.509088 0.902514 0.872929 0.87665
 0.23725 0.871699 0.821077 0.633414 1.0929 1.12678 0.455769 0.708415 0.847017 0.90795 0.152549 0.833377 0.818265 0.872803 0.914735 0.706313 0.952003 1.1191 0.538575 0.640958
 0.0866092 1.01418 1.96941 1.33907 0.525773 0.476153 0.453308 0.690962 0.622036 0.611568 0.720455 0.728977 0.770149 0.955831 0.944453 0.43975 0.880834 1.14763 0.544733 1.00251
 0.252212 0.976373 1.31892 0.995433 0.323478 0.807847 0.882625 0.747078 0.146781 0.661317 0.997109 1.05907 0.867604 0.421831 0.526766 1.19414 0.933179 0.424189 0.652122 0.977204
 0.520758 0.634526 0.80762 0.47878 0.822329 0.486296 0.985575 0.746955 0.319167 0.727398 0.363149 0.739491 0.665415 0.807034 1.22174 1.09626 0.708839 0.962933 1.03168 0.287108
 0.400706 0.812658 0.782523 0.471204 0.626653 0.904343 0.667921 1.07495 0.48881 0.493436 0.645626 0.861313 0.82234 0.829765 0.529736 0.539828 0.991926 0.902235 1.01205 0.934824
 0.186673 0.881814 1.31382 1.01552 0.561596 0.61892 0.649321 0.570311 0.496282 0.505939 0.570805 0.442716 1.05489 1.61676 0.978584 1.04221 0.535139 0.637829 0.825941 0.907493
 0.56736 0.549482 0.625255 0.65209 0.89181 0.796648 0.579564 0.64305 0.628535 0.233194 0.815918 1.20448 0.366321 0.787162 1.14372 1.21502 0.937704 0.666271 0.566418 0.526703
 0.319524 0.721511 0.955213 0.635365 0.738716 0.629903 1.0557 0.679959 0.226763 0.562702 1.13758 0.980818 0.66377 1.03683 0.52886 1.01111 1.62287 0.906539 0.383707 0.964386
 0.260592 0.940421 1.10123 0.845172 0.890866 0.573423 0.497589 0.71387 0.738348 0.662741 0.346225 0.554102 0.724298 0.780997 1.15942 0.569152 0.918009 1.1903 0.680185 0.672657
 0.525441 0.546082 0.691768 0.633681 0.998908 0.731689 0.679916 0.527621 0.423599 0.7816 0.688876 0.747556 0.426603 1.10901 1.37349 0.472004 0.72524 0.982103 0.985938 1.08949
 0.503543 0.743813 0.686897 0.732363 0.658866 0.321847 0.605302 0.827143 1.08187 0.805551 0.543829 0.46529 0.303411 0.634332 0.933863 1.41621 1.29376 0.585829 0.825909 0.835654
 0.128672 0.939301 1.53288 0.658148 0.875289 0.518947 0.927696 1.05972 0.308631 0.669538 0.40003 0.75877 0.690359 0.607645 0.459806 1.0726 1.49211 1.28325 0.915159 0.699547
 0.157515 0.752766 1.33323 1.25417 0.5096 1.04594 0.78849 0.512052 0.463213 0.410011 0.613126 1.01165 1.2853 1.0496 0.485282 0.631138 0.259358 0.935216 1.49247 0.571141
 0.257376 0.73814 1.11057 1.08923 0.947852 0.75296 0.387177 0.599102 0.649023 0.18009 0.822948 0.76699 0.633815 1.09537 0.620595 0.991833 1.34127 1.05017 0.560665 0.658566
 0.710353 0.655146 0.53565 0.417772 0.652284 0.593067 0.642607 0.751509 0.446344 1.06283 0.604183 0.606342 0.865897 0.701456 1.20031 1.1329 0.728477 0.834544 0.964575 0.314809
 0.467605 0.690682 0.421829 1.01878 1.09875 0.817449 0.751627 0.378672 0.245026 0.87781 1.24007 0.886666 0.898355 0.224989 0.822696 1.22473 0.703772 0.882628 0.823553 0.770328
 0.542283 0.586763 0.795942 0.678759 0.438255 0.777882 1.05057 0.71021 0.273232 0.725444 0.844175 0.833753 1.20745 1.38025 0.498508 0.829812 0.62907 0.665392 0.807955 0.710481
 0.245694 0.971971 0.824702 0.829378 0.647097 0.520062 0.920161 1.14236 0.282108 0.487773 1.05848 1.05352 0.677548 0.457441 0.738988 0.900284 1.00103 1.08557 0.406117 0.51083
 0.461921 0.512762 0.978682 1.21998 0.866839 0.377836 0.679679 0.714992 0.474507 0.65302 0.269685 0.791321 0.911369 0.780208 0.962763 0.832233 0.765277 0.49222 0.813619 0.831488
 0.323586 0.731802 0.899288 0.776823 0.679628 1.13084 0.693954 0.778402 0.202216 0.92435 0.774679 0.759049 0.725437 0.581262 0.854476 0.582159 0.955954 0.971169 0.758508 0.727872
 0.263426 0.926726 1.35396 0.584936 0.552493 0.882088 0.915618 0.666182 0.295557 0.413249 0.916222 1.04665 0.888979 0.381318 0.773372 0.593475 0.594423 0.616199 0.794683 1.11148
 0.434449 0.742169 0.601651 0.754226 1.26056 0.856453 0.322496 0.719964 0.367769 0.191917 0.820723 1.10427 0.98127 1.25313 1.16009 0.183923 0.915937 1.60334 1.04966 0.808624
 0.313555 0.855984 1.16006 0.452539 0.571121 0.8962 0.400716 0.904683 0.452674 0.444724 1.05384 1.1953 1.05188 0.514837 0.819755 0.825529 1.05095 0.574287 0.575568 0.828185
 0.334114 0.881261 0.794891 0.748215 0.55271 0.766754 0.618073 0.945872 0.641271 0.342833 0.637195 1.06852 0.911409 0.814444 0.807482 1.07557 0.631736 0.555243 1.03937 0.309736
 0.170045 0.882424 1.25439 1.0639 0.951561 0.672399 0.800619 0.678861 0.207972 0.504127 1.085 1.14816 0.882169 0.281805 0.980721 0.812386 0.698721 0.349712 1.01812 1.38019
 0.228312 1.03039 1.40288 0.92336 0.454947 0.649834 0.704225 0.690385 0.0866042 0.991927 1.0863 0.518017 0.752016 0.679623 1.02638 0.879561 1.06499 0.669621 0.709739 0.712371
 0.323202 0.67418 0.948778 1.14283 0.8326 0.829859 0.353519 0.304286 0.523214 0.694458 0.726107 0.34629 0.546127 1.13371 1.106 1.07491 1.08187 0.688545 0.426892 0.615037
 0.359709 0.81054 0.457332 0.741382 1.13309 0.948222 0.856318 0.493155 0.122993 0.832886 1.61152 0.813021 0.773566 0.580372 0.636085 0.89319 1.13957 1.03387 0.606629 0.720191
 0.272614 0.824521 1.24326 0.644027 0.742173 0.694165 0.399136 0.946544 0.809549 0.535889 0.453881 0.716324 0.900925 0.891801 1.08685 0.943945 0.292157 0.821282 1.07787 1.00405
 0.42301 0.45701 1.07603 0.985285 0.809121 0.534932 0.88193 0.511521 0.459262 0.870337 0.883462 0.284515 0.814111 1.13185 0.911545 0.993534 0.883205 0.736346 0.412451 0.943511
 0.412532 0.915415 0.988947 0.524187 0.383486 0.780853 0.721492 0.353004 0.776871 0.609324 0.886237 0.731949 1.11972 1.23977 0.445234 0.577728 1.18778 0.592599 0.546915 0.869778
 0.316875 0.816008 1.08833 0.826837 1.02608 0.718476 0.629366 0.285374 0.484383 0.949234 0.779234 0.936912 0.489523 0.774625 0.738248 0.49608 0.934107 0.874736 0.746213 0.815788
