 997254 817051 1.00461e+06 900118 718427 760070 1.089e+06 1.28807e+06 1.24675e+06 1.51128e+06 1.46657e+06 1.62839e+06 1.51502e+06 2.22165e+06 2.51442e+06 2.4771e+06 2.74023e+06 3.16097e+06 3.69534e+06 3.82123e+06
 953366 1.01511e+06 1.0067e+06 841358 758215 824840 899645 923620 1.35626e+06 1.33442e+06 1.4341e+06 1.55999e+06 1.35744e+06 1.30723e+06 1.34531e+06 1.44341e+06 1.33887e+06 1.98325e+06 2.45356e+06 2.81315e+06
 859420 555280 831349 1.34749e+06 1.86703e+06 2.59353e+06 2.90988e+06 3.12968e+06 3.37446e+06 2.84718e+06 2.80119e+06 2.57596e+06 3.56681e+06 4.08727e+06 3.2389e+06 3.04271e+06 2.89581e+06 3.07783e+06 2.50797e+06 2.49397e+06
 1.25906e+06 1.12785e+06 1.38839e+06 1.0942e+06 1.25726e+06 1.24891e+06 1.18108e+06 1.48327e+06 1.1619e+06 1.09972e+06 1.30821e+06 1.28445e+06 1.64324e+06 1.67881e+06 2.53822e+06 2.89496e+06 2.89553e+06 3.24018e+06 3.54972e+06 3.30672e+06
 1.5151e+06 1.31062e+06 1.23859e+06 1.57305e+06 1.49676e+06 1.28997e+06 1.23281e+06 1.31006e+06 1.22882e+06 1.08109e+06 1.27746e+06 1.66874e+06 1.67405e+06 1.94571e+06 2.32725e+06 2.44384e+06 2.50148e+06 1.52295e+06 1.31759e+06 1.10586e+06
 1.39686e+06 1.27831e+06 2.00886e+06 2.36633e+06 2.05209e+06 2.02932e+06 2.22585e+06 1.81572e+06 1.51904e+06 1.49757e+06 1.71641e+06 1.69917e+06 1.92194e+06 2.18018e+06 2.02176e+06 1.84603e+06 2.75269e+06 3.24295e+06 3.34897e+06 3.3488e+06
 881447 906245 890881 1.12837e+06 1.08242e+06 757723 1.08331e+06 1.43092e+06 1.05344e+06 1.39273e+06 1.00131e+06 996265 904197 875037 971927 768940 702340 717494 956019 925854
 1.00904e+06 1.0726e+06 2.05135e+06 1.87326e+06 1.8667e+06 1.94058e+06 2.63295e+06 2.8676e+06 3.4673e+06 4.2687e+06 6.03894e+06 6.60582e+06 5.69329e+06 5.89975e+06 5.66811e+06 3.96146e+06 3.45069e+06 2.76256e+06 5.24225e+06 3.78207e+06
 1.50722e+06 2.2381e+06 2.09321e+06 1.985e+06 1.84787e+06 1.79457e+06 1.73414e+06 2.27096e+06 2.48012e+06 2.17955e+06 1.5481e+06 1.09011e+06 1.67472e+06 1.927e+06 2.0058e+06 1.81257e+06 1.78232e+06 1.68045e+06 1.82098e+06 1.69434e+06
 1.26407e+06 1.50397e+06 2.15146e+06 2.21561e+06 2.73242e+06 2.46388e+06 2.45459e+06 2.7616e+06 2.47006e+06 2.00037e+06 1.65529e+06 1.48721e+06 1.16752e+06 996201 810384 465067 445418 535229 630176 1.12041e+06
 1.09083e+06 581564 589774 468863 653568 800764 869164 1.11821e+06 1.38769e+06 1.50408e+06 1.58421e+06 1.43514e+06 1.46885e+06 2.20669e+06 1.91545e+06 3.1602e+06 3.21904e+06 2.99668e+06 2.15983e+06 1.61602e+06
 870174 717136 1.0659e+06 871598 1.12122e+06 1.2124e+06 1.43292e+06 1.52796e+06 1.71771e+06 1.92714e+06 1.54463e+06 920319 688117 402146 220591 163929 147299 171105 189154 241071
 1.02054e+06 650417 602625 771036 648280 590270 858217 1.20913e+06 1.92608e+06 1.96244e+06 2.32444e+06 2.71812e+06 2.31355e+06 2.87953e+06 2.67702e+06 1.67824e+06 2.09263e+06 1.8013e+06 1.44007e+06 1.54697e+06
 881581 848803 970868 899067 888433 1.16112e+06 1.12197e+06 1.06146e+06 1.09873e+06 1.51752e+06 2.40554e+06 2.45256e+06 3.31709e+06 3.2895e+06 3.28254e+06 2.63383e+06 2.62593e+06 2.15868e+06 1.4367e+06 1.11953e+06
 1.07202e+06 938111 1.39785e+06 1.85665e+06 2.38908e+06 2.42104e+06 2.37332e+06 2.97007e+06 3.23638e+06 3.18168e+06 2.53364e+06 2.53166e+06 2.48012e+06 2.56442e+06 2.31151e+06 2.35716e+06 2.44511e+06 2.68676e+06 2.01762e+06 2.44552e+06
 1.38833e+06 2.09439e+06 2.06537e+06 2.16864e+06 1.69011e+06 1.16205e+06 1.24603e+06 1.81263e+06 1.51494e+06 2.1868e+06 2.65775e+06 2.97119e+06 3.55813e+06 3.90289e+06 3.9255e+06 2.97789e+06 2.69908e+06 3.01031e+06 2.80397e+06 1.95144e+06
 1.09574e+06 1.35108e+06 1.45154e+06 1.40798e+06 2.47348e+06 2.84144e+06 3.47689e+06 4.00798e+06 3.672e+06 2.78995e+06 2.88798e+06 3.28826e+06 2.73542e+06 2.59709e+06 2.3529e+06 2.58593e+06 2.09121e+06 2.02518e+06 2.15378e+06 2.1952e+06
 1.28915e+06 1.20073e+06 689763 751349 803780 1.01161e+06 1.29428e+06 1.51733e+06 1.21744e+06 1.34797e+06 1.18352e+06 1.31306e+06 2.22095e+06 2.34111e+06 2.40763e+06 2.26632e+06 2.18034e+06 2.1666e+06 1.4621e+06 1.2014e+06
 1.33637e+06 1.01628e+06 1.13287e+06 1.09305e+06 1.40177e+06 1.57151e+06 1.92196e+06 1.93e+06 1.88345e+06 2.20349e+06 2.00784e+06 1.95462e+06 3.5337e+06 3.32414e+06 2.73105e+06 1.94166e+06 2.23084e+06 1.99168e+06 2.05262e+06 2.35956e+06
 1.08311e+06 1.01638e+06 737841 634583 922067 1.53062e+06 1.62995e+06 1.46903e+06 1.53904e+06 1.87889e+06 2.89843e+06 3.21572e+06 3.42547e+06 4.10214e+06 3.80862e+06 2.87688e+06 2.66652e+06 2.90131e+06 3.11513e+06 2.23689e+06
 725216 599858 728645 960360 1.65794e+06 1.58827e+06 1.78895e+06 1.78804e+06 1.86019e+06 1.56932e+06 1.53719e+06 1.3276e+06 1.12924e+06 736196 683775 1.05792e+06 1.72296e+06 2.39653e+06 3.25695e+06 3.59917e+06
 1.31451e+06 1.60119e+06 2.39603e+06 2.6979e+06 2.26057e+06 2.56305e+06 3.01959e+06 3.00345e+06 2.31493e+06 2.12697e+06 1.6486e+06 2.27398e+06 3.46341e+06 3.81161e+06 3.89183e+06 3.48872e+06 3.52099e+06 2.6584e+06 2.05997e+06 1.63724e+06
 1.11686e+06 1.60669e+06 1.67336e+06 1.94863e+06 2.14443e+06 2.0461e+06 2.41725e+06 2.36888e+06 2.32714e+06 1.75918e+06 1.23228e+06 1.07094e+06 1.10066e+06 968387 1.08583e+06 1.12046e+06 1.09729e+06 1.47059e+06 1.82332e+06 1.79572e+06
 1.32469e+06 1.10247e+06 1.33638e+06 1.63349e+06 1.70545e+06 1.67271e+06 1.65628e+06 1.65355e+06 1.19698e+06 1.48067e+06 1.14103e+06 1.52085e+06 1.36599e+06 1.47911e+06 1.41874e+06 1.86963e+06 2.00479e+06 2.27677e+06 2.6343e+06 3.20238e+06
 1.31113e+06 1.13987e+06 1.59727e+06 1.70396e+06 1.96839e+06 2.78981e+06 3.1329e+06 2.99275e+06 3.18243e+06 3.11074e+06 3.11367e+06 2.46916e+06 2.31714e+06 2.66974e+06 2.92339e+06 3.56034e+06 3.48414e+06 2.68997e+06 2.91108e+06 3.65291e+06
 1.1229e+06 668283 575731 771084 746587 630608 835047 994198 1.01757e+06 829386 1.01964e+06 1.25234e+06 1.585e+06 2.05376e+06 2.41949e+06 2.38288e+06 2.1118e+06 2.03994e+06 1.70778e+06 1.42132e+06
 1.12324e+06 1.44866e+06 1.04926e+06 1.57301e+06 1.18736e+06 1.42718e+06 1.85473e+06 1.52157e+06 1.21116e+06 1.50242e+06 1.54372e+06 1.18914e+06 1.54507e+06 1.60578e+06 1.68907e+06 1.41138e+06 1.43699e+06 1.41145e+06 1.11417e+06 1.29783e+06
 1.10978e+06 801798 831659 1.14292e+06 1.14877e+06 1.05851e+06 1.3404e+06 1.86231e+06 1.71327e+06 2.23311e+06 2.28346e+06 2.47754e+06 2.20886e+06 2.02344e+06 2.08064e+06 1.61548e+06 1.86485e+06 2.3153e+06 2.54905e+06 3.00283e+06
 850261 1.03169e+06 1.09755e+06 1.63306e+06 1.68407e+06 1.71537e+06 2.35229e+06 2.18432e+06 1.90481e+06 1.54103e+06 1.75612e+06 1.75084e+06 1.93015e+06 1.72298e+06 1.88474e+06 1.61801e+06 1.99378e+06 2.33336e+06 2.20662e+06 1.92503e+06
 1.53008e+06 1.64024e+06 1.8004e+06 1.89327e+06 1.78584e+06 1.84489e+06 1.37286e+06 999202 1.02306e+06 927840 1.14496e+06 832033 1.14254e+06 1.5845e+06 1.60724e+06 2.05031e+06 1.99071e+06 1.12269e+06 1.29779e+06 1.8187e+06
 1.34595e+06 1.57423e+06 1.9599e+06 2.15859e+06 1.99915e+06 2.77669e+06 2.06278e+06 2.2157e+06 2.90311e+06 2.87366e+06 2.65178e+06 2.85181e+06 2.89444e+06 2.54247e+06 2.80639e+06 3.45906e+06 3.52011e+06 3.79386e+06 3.00962e+06 2.93842e+06
 1.02826e+06 757141 673634 514761 377302 530850 480950 483676 592907 586279 682302 931241 1.10043e+06 1.29586e+06 1.31179e+06 1.14266e+06 992167 1.21593e+06 1.30356e+06 1.27223e+06
 1.00617e+06 1.04186e+06 1.17434e+06 803950 848495 866106 838405 776874 776567 1.02718e+06 928273 1.13595e+06 1.50338e+06 2.46127e+06 2.39759e+06 3.03023e+06 3.45601e+06 3.19797e+06 2.45082e+06 2.55687e+06
 1.22825e+06 1.17725e+06 1.14966e+06 1.12991e+06 1.03129e+06 806815 548095 628106 571134 605619 853477 994628 1.79282e+06 2.11615e+06 1.85467e+06 2.21818e+06 1.97874e+06 2.41326e+06 2.51544e+06 2.19231e+06
 812131 852954 869951 966519 1.09041e+06 1.23745e+06 1.16021e+06 1.30514e+06 1.35641e+06 1.13386e+06 1.02159e+06 891449 1.0325e+06 1.38989e+06 1.57939e+06 1.68245e+06 1.43636e+06 1.28558e+06 766488 946243
 1.05188e+06 1.13523e+06 1.48628e+06 1.86962e+06 2.1424e+06 2.49572e+06 2.80014e+06 3.8253e+06 3.4262e+06 2.93588e+06 3.4514e+06 3.53738e+06 4.11981e+06 3.32597e+06 3.22359e+06 3.19562e+06 2.39798e+06 1.52078e+06 1.61486e+06 1.03401e+06
 1.0769e+06 1.54225e+06 1.84384e+06 2.12615e+06 2.69486e+06 3.53959e+06 4.08478e+06 4.64162e+06 3.90949e+06 4.44376e+06 4.72219e+06 4.64491e+06 4.47001e+06 4.0776e+06 3.12899e+06 2.87301e+06 1.80747e+06 1.91676e+06 1.68003e+06 2.03739e+06
 1.57772e+06 1.31838e+06 1.15462e+06 1.29622e+06 1.46764e+06 1.96302e+06 3.31419e+06 4.44623e+06 3.9184e+06 4.47117e+06 3.23522e+06 2.65105e+06 2.15454e+06 1.76396e+06 1.93688e+06 1.43956e+06 1.91495e+06 1.50621e+06 1.70675e+06 1.95965e+06
 1.01344e+06 920285 891220 902330 784912 777479 521659 730471 558794 850405 730394 730304 1.20112e+06 1.33068e+06 1.34961e+06 1.5481e+06 1.3116e+06 1.2145e+06 1.33947e+06 1.47139e+06
 1.15549e+06 1.36069e+06 1.54394e+06 1.49197e+06 1.25273e+06 1.31519e+06 1.45032e+06 1.44463e+06 1.16515e+06 1.37382e+06 1.40538e+06 1.42216e+06 1.73192e+06 1.83997e+06 2.43346e+06 2.19902e+06 2.11383e+06 2.44968e+06 4.46898e+06 5.84239e+06
 823624 997725 829847 723825 1.00824e+06 1.00426e+06 1.05117e+06 1.26971e+06 1.38384e+06 1.22606e+06 1.11316e+06 1.37538e+06 1.28078e+06 1.12156e+06 842848 600564 348865 340771 507553 1.28916e+06
 1.18059e+06 1.27108e+06 1.61553e+06 1.34806e+06 1.67651e+06 1.76915e+06 1.67544e+06 1.48876e+06 1.82812e+06 2.1405e+06 2.37597e+06 2.23208e+06 1.87161e+06 2.48614e+06 2.10413e+06 1.99446e+06 2.57706e+06 2.4935e+06 2.54816e+06 2.32122e+06
 1.26026e+06 746532 714122 711431 800186 1.00298e+06 954601 1.35855e+06 1.27896e+06 2.48981e+06 2.61788e+06 3.30745e+06 3.03452e+06 2.9771e+06 2.35605e+06 1.58312e+06 1.51124e+06 1.12287e+06 998769 804068
 974256 804711 880156 985280 1.20359e+06 933585 1.14997e+06 1.10601e+06 1.49763e+06 1.69006e+06 2.14224e+06 2.22145e+06 2.62516e+06 3.18161e+06 3.15317e+06 2.77073e+06 3.04804e+06 2.73505e+06 2.80658e+06 2.74169e+06
 988122 1.25783e+06 1.35515e+06 1.44823e+06 1.72552e+06 1.53018e+06 1.28015e+06 1.07535e+06 1.12476e+06 1.20404e+06 1.61656e+06 1.97459e+06 2.5149e+06 3.28673e+06 2.8803e+06 2.86151e+06 2.27264e+06 2.83932e+06 2.18061e+06 2.21382e+06
 1.19124e+06 1.07482e+06 1.40617e+06 1.65292e+06 1.50214e+06 1.52215e+06 1.30631e+06 1.30161e+06 923955 1.27826e+06 1.53423e+06 1.48134e+06 1.68231e+06 1.70546e+06 2.51835e+06 2.02473e+06 2.24009e+06 2.1713e+06 1.88123e+06 1.82477e+06
 1.12807e+06 873828 1.06344e+06 1.17824e+06 1.47352e+06 1.6383e+06 1.42555e+06 2.03099e+06 1.94232e+06 1.98434e+06 2.65714e+06 3.50703e+06 3.73506e+06 3.37955e+06 3.41456e+06 3.51723e+06 3.33068e+06 2.38008e+06 1.97946e+06 1.99783e+06
 1.06933e+06 803660 1.22376e+06 1.48174e+06 2.06637e+06 2.52552e+06 2.10246e+06 1.9035e+06 2.32872e+06 1.87907e+06 1.61787e+06 1.75164e+06 1.81403e+06 1.77739e+06 1.70853e+06 1.41592e+06 1.41837e+06 1.22471e+06 1.32736e+06 1.72798e+06
 830447 978824 1.38332e+06 1.55113e+06 1.57401e+06 1.79864e+06 1.84033e+06 2.77659e+06 2.90103e+06 2.79031e+06 2.28089e+06 2.0305e+06 1.65555e+06 1.15948e+06 1.12796e+06 1.11077e+06 1.68491e+06 1.79706e+06 2.00082e+06 1.91693e+06
 971593 989870 980104 1.36938e+06 1.73018e+06 2.26012e+06 2.24946e+06 2.50656e+06 2.24311e+06 1.83744e+06 1.95541e+06 1.36725e+06 1.0327e+06 1.11897e+06 1.02914e+06 1.13386e+06 1.24547e+06 1.5564e+06 1.78848e+06 1.86237e+06
 921419 549834 423979 413951 409691 696185 777074 1.00517e+06 1.17662e+06 1.4615e+06 1.59204e+06 1.97447e+06 2.53677e+06 3.03918e+06 2.63949e+06 2.43499e+06 3.03671e+06 3.86729e+06 3.54324e+06 2.50935e+06
 851993 745726 631750 641963 893546 802919 1.50383e+06 1.62124e+06 1.56269e+06 1.75571e+06 1.9851e+06 2.2592e+06 2.18469e+06 1.70532e+06 1.44993e+06 1.57681e+06 1.10214e+06 829235 639787 681512
 844663 662771 588921 531017 741468 958700 917021 1.11301e+06 1.23394e+06 1.49993e+06 1.96999e+06 1.77431e+06 1.63086e+06 1.55074e+06 1.44103e+06 1.49079e+06 1.29982e+06 1.51293e+06 1.61084e+06 1.8233e+06
 885665 541820 486970 613161 707512 845494 1.04375e+06 1.69581e+06 1.6816e+06 1.77515e+06 1.90156e+06 1.88345e+06 2.04976e+06 1.80593e+06 1.81135e+06 1.81979e+06 1.82743e+06 1.87694e+06 1.89449e+06 1.51588e+06
 1.2421e+06 664820 666265 705298 757068 901645 992125 1.04937e+06 1.57434e+06 2.16486e+06 1.79959e+06 2.08514e+06 1.84226e+06 2.31644e+06 2.23399e+06 1.72356e+06 1.7689e+06 1.62467e+06 1.4263e+06 1.437e+06
 1.15561e+06 1.0231e+06 1.42585e+06 1.73702e+06 1.6066e+06 2.08974e+06 2.1291e+06 2.28145e+06 2.6562e+06 3.67284e+06 3.83046e+06 3.23412e+06 2.96666e+06 2.35704e+06 2.31111e+06 2.55506e+06 2.03108e+06 2.52626e+06 3.06116e+06 3.48695e+06
 1.15019e+06 883400 844187 743174 543211 415744 413423 508075 517779 799661 1.01361e+06 1.10481e+06 1.34943e+06 1.90784e+06 2.06582e+06 1.83481e+06 1.74192e+06 1.38342e+06 1.48208e+06 1.14332e+06
 796225 585029 537485 585047 817592 1.38181e+06 1.53327e+06 1.80411e+06 1.45463e+06 1.4968e+06 1.56082e+06 2.04126e+06 1.46669e+06 1.24983e+06 1.22021e+06 1.7198e+06 1.36326e+06 1.65952e+06 1.27833e+06 1.50027e+06
 991110 1.15121e+06 1.072e+06 1.56229e+06 1.36698e+06 1.36619e+06 1.52522e+06 1.89867e+06 2.30655e+06 3.50148e+06 3.45669e+06 3.46404e+06 3.4393e+06 3.40195e+06 2.69325e+06 2.77116e+06 2.60401e+06 2.30444e+06 2.67773e+06 2.45567e+06
 891668 860217 922638 829424 1.02887e+06 960663 1.04104e+06 815557 889801 1.05763e+06 1.09212e+06 1.0233e+06 809763 664596 661909 755392 774119 1.13249e+06 1.24728e+06 1.84429e+06
 1.69772e+06 1.14961e+06 996683 1.17706e+06 1.08789e+06 1.1909e+06 1.54064e+06 1.8023e+06 2.14028e+06 2.00993e+06 2.1875e+06 2.57885e+06 2.70372e+06 2.93555e+06 2.27961e+06 2.22357e+06 1.96192e+06 1.6991e+06 1.29801e+06 1.14024e+06
 1.41579e+06 1.08395e+06 937162 1.12952e+06 1.21344e+06 1.09577e+06 1.3788e+06 1.79039e+06 1.61052e+06 1.64575e+06 1.63434e+06 1.87222e+06 2.17493e+06 1.91787e+06 1.77826e+06 1.59966e+06 1.46446e+06 1.50344e+06 1.31612e+06 1.65107e+06
 858657 747584 686681 689699 1.00207e+06 1.44458e+06 1.70804e+06 1.70974e+06 1.91944e+06 2.12696e+06 1.86753e+06 1.5398e+06 1.62967e+06 1.53452e+06 1.41732e+06 1.55778e+06 1.4502e+06 1.12138e+06 1.34548e+06 1.44902e+06
 803379 614132 549307 736883 1.02475e+06 1.3993e+06 1.57066e+06 1.68996e+06 1.59114e+06 1.54351e+06 1.63141e+06 1.65953e+06 1.38232e+06 1.21682e+06 969250 808501 789357 747571 675215 714606
 881736 928998 881899 712800 847780 1.59348e+06 1.62939e+06 1.69818e+06 2.03147e+06 2.42649e+06 2.67923e+06 2.57194e+06 2.42701e+06 2.36101e+06 2.50756e+06 2.05314e+06 2.10777e+06 1.83509e+06 2.10873e+06 2.54819e+06
 664241 502875 940413 804866 757639 607003 804435 863651 1.45885e+06 2.00475e+06 1.97056e+06 2.33603e+06 2.3027e+06 1.85531e+06 1.60626e+06 1.0361e+06 1.18472e+06 1.21776e+06 1.19048e+06 1.68684e+06
 997510 923406 841701 1.08265e+06 1.5822e+06 1.34684e+06 1.55004e+06 2.14392e+06 2.04665e+06 1.85448e+06 1.42478e+06 1.36584e+06 1.31204e+06 1.39014e+06 1.45459e+06 1.26682e+06 1.3813e+06 1.41031e+06 1.55393e+06 1.31357e+06
 1.21044e+06 892221 1.04842e+06 984232 1.51124e+06 1.5622e+06 1.72366e+06 1.80257e+06 1.72009e+06 1.63677e+06 1.19066e+06 1.10109e+06 1.6794e+06 1.59654e+06 1.7611e+06 1.44827e+06 1.38527e+06 1.45011e+06 1.24452e+06 1.15016e+06
 1.1797e+06 668254 650738 632328 641570 887643 824552 1.25125e+06 1.55745e+06 1.51535e+06 2.00729e+06 1.80448e+06 2.21703e+06 2.33099e+06 2.13707e+06 2.32142e+06 3.02511e+06 2.68747e+06 3.27994e+06 2.84286e+06
 1.31614e+06 942294 1.1098e+06 1.42417e+06 1.65957e+06 2.4066e+06 3.11095e+06 2.54003e+06 2.5434e+06 1.71348e+06 1.26515e+06 1.1803e+06 836518 672436 605187 820130 1.28499e+06 1.35016e+06 1.44115e+06 1.56949e+06
 977774 745353 809047 735363 939765 946794 1.33865e+06 1.48791e+06 1.47464e+06 1.66365e+06 1.9946e+06 1.94093e+06 2.32402e+06 3.15473e+06 3.50235e+06 3.74296e+06 3.87042e+06 3.4208e+06 3.79683e+06 4.17854e+06
 772942 538737 664521 886294 951652 836048 950097 1.13715e+06 1.02816e+06 1.4511e+06 1.83695e+06 2.06725e+06 2.52754e+06 3.72929e+06 3.95121e+06 4.54958e+06 4.52577e+06 3.75261e+06 3.33462e+06 3.44923e+06
 1.15417e+06 935672 719625 654829 695549 1.1859e+06 1.60837e+06 1.4547e+06 1.38249e+06 1.40444e+06 1.47849e+06 1.43532e+06 1.26452e+06 1.31956e+06 1.48578e+06 1.55279e+06 1.24128e+06 1.20629e+06 1.40018e+06 1.5637e+06
 691803 728515 700680 794706 701816 710890 801971 833543 1.05739e+06 902024 656064 742766 1.17047e+06 1.14562e+06 1.35625e+06 1.35124e+06 1.61399e+06 1.78429e+06 2.15755e+06 2.14329e+06
 812855 628965 857204 912747 1.11469e+06 1.18469e+06 1.2919e+06 1.3663e+06 1.25807e+06 1.15197e+06 716554 846351 917231 1.27856e+06 1.83118e+06 1.73645e+06 1.7784e+06 1.67199e+06 1.36341e+06 1.47808e+06
 762602 575455 442332 371696 442780 552879 859063 1.28134e+06 1.96733e+06 2.03626e+06 2.83137e+06 2.52987e+06 3.29619e+06 2.59301e+06 2.48466e+06 2.56843e+06 2.6762e+06 2.80795e+06 2.46645e+06 2.84441e+06
 1.29891e+06 1.4424e+06 1.31326e+06 1.70288e+06 1.92021e+06 2.04264e+06 2.09254e+06 1.92391e+06 1.45177e+06 1.52132e+06 1.4903e+06 2.64443e+06 3.2655e+06 2.94269e+06 2.89375e+06 2.33746e+06 2.44948e+06 2.28676e+06 2.35817e+06 2.06786e+06
 974766 1.17437e+06 779240 789900 915690 855904 1.22734e+06 1.3137e+06 1.6869e+06 1.9533e+06 2.48079e+06 2.20381e+06 2.07711e+06 1.44638e+06 1.20281e+06 991445 1.22232e+06 1.51472e+06 1.16961e+06 1.0448e+06
 709855 576964 720113 797728 832438 843022 896916 1.08808e+06 1.03655e+06 1.02096e+06 1.22045e+06 1.301e+06 1.26226e+06 879307 684777 880977 973707 899434 776727 995729
 1.09744e+06 1.3742e+06 1.39209e+06 1.54007e+06 1.62341e+06 1.29213e+06 1.46597e+06 1.71622e+06 1.70949e+06 1.7684e+06 1.67224e+06 1.51363e+06 1.51358e+06 1.31591e+06 1.52337e+06 1.54507e+06 1.18709e+06 1.07189e+06 1.15296e+06 1.13833e+06
 795889 598471 615065 539807 442692 483678 644880 648478 907755 1.04579e+06 1.0081e+06 1.17291e+06 985970 1.06745e+06 1.00495e+06 1.32162e+06 1.51259e+06 2.27459e+06 2.55899e+06 3.02593e+06
 1.14117e+06 931440 771432 786996 848964 873223 1.15024e+06 1.51271e+06 1.50375e+06 1.60171e+06 2.06129e+06 2.41892e+06 3.1143e+06 2.29253e+06 2.14213e+06 2.04542e+06 1.8615e+06 3.03329e+06 2.83333e+06 2.2537e+06
 875493 894453 624080 703154 930452 1.10803e+06 1.04737e+06 953447 862172 1.1208e+06 1.42648e+06 1.30997e+06 1.25631e+06 1.31931e+06 1.3455e+06 1.16848e+06 1.09338e+06 1.12785e+06 1.03937e+06 919079
 1.27266e+06 658809 528047 480714 510847 665030 1.0726e+06 1.30955e+06 1.68342e+06 2.43631e+06 2.5712e+06 2.66458e+06 3.54199e+06 3.3242e+06 3.92588e+06 3.60122e+06 3.26424e+06 3.87748e+06 2.98081e+06 2.17578e+06
 1.03722e+06 683181 883430 1.09207e+06 1.6519e+06 3.01491e+06 3.3725e+06 3.64602e+06 3.74517e+06 3.33537e+06 3.42811e+06 2.95232e+06 3.19608e+06 2.68162e+06 2.35869e+06 2.08161e+06 2.66556e+06 2.72634e+06 3.22527e+06 4.28603e+06
 1.03419e+06 927168 841182 837404 801159 866169 650295 794828 822567 849929 721639 669700 606826 735725 827345 893697 1.01595e+06 1.02007e+06 807158 1.01092e+06
 864243 793117 856339 1.05518e+06 1.29636e+06 1.99578e+06 1.87965e+06 2.75199e+06 2.64535e+06 2.94259e+06 2.65764e+06 2.76378e+06 2.22432e+06 2.7213e+06 3.15205e+06 3.60589e+06 3.08025e+06 3.53525e+06 3.54107e+06 3.10526e+06
 911451 648902 574344 458554 310220 218116 246387 367528 499515 589248 552457 562851 650516 936733 1.2412e+06 1.4867e+06 1.56043e+06 1.40449e+06 942583 862083
 1.18117e+06 801646 900176 1.65664e+06 2.02098e+06 1.57422e+06 1.47014e+06 1.72438e+06 1.40944e+06 1.43565e+06 1.59965e+06 1.53417e+06 1.31716e+06 1.55547e+06 1.57684e+06 1.39139e+06 2.31752e+06 2.28978e+06 2.15556e+06 2.81777e+06
 836318 591342 697943 665924 612690 657747 777939 828615 876127 823777 1.09482e+06 1.21383e+06 1.44029e+06 1.41027e+06 1.50078e+06 1.33801e+06 1.35695e+06 1.65028e+06 1.51058e+06 1.98824e+06
 960187 971723 1.29642e+06 2.34773e+06 2.49401e+06 2.10883e+06 2.23613e+06 1.89362e+06 1.49833e+06 970341 764879 601623 756227 688180 717914 945341 1.01516e+06 1.14855e+06 1.41522e+06 1.47584e+06
 883727 561176 408168 340701 567611 730775 875760 981907 1.33367e+06 1.7738e+06 2.04965e+06 1.99165e+06 1.91771e+06 1.58624e+06 1.57824e+06 2.13288e+06 1.98166e+06 2.30296e+06 2.09465e+06 2.24698e+06
 949759 1.02719e+06 1.04708e+06 1.27865e+06 1.31357e+06 1.90032e+06 3.24527e+06 2.54878e+06 3.38128e+06 3.12243e+06 3.04938e+06 3.43759e+06 3.1965e+06 3.06663e+06 2.8205e+06 2.52992e+06 3.34774e+06 3.14094e+06 2.42732e+06 2.04203e+06
 1.10373e+06 655372 543032 498379 729658 667414 742752 800603 1.01186e+06 1.13681e+06 1.3292e+06 1.34407e+06 1.48488e+06 1.74296e+06 1.78073e+06 2.04357e+06 2.01173e+06 2.30305e+06 2.17555e+06 1.63212e+06
 904952 966949 1.09977e+06 1.35006e+06 1.44159e+06 1.45989e+06 2.33975e+06 2.40586e+06 3.34095e+06 3.06384e+06 3.09826e+06 2.396e+06 2.1811e+06 2.1101e+06 2.75925e+06 1.93184e+06 2.72319e+06 2.75601e+06 2.74573e+06 2.35559e+06
 803622 775538 1.18105e+06 1.34413e+06 1.43246e+06 957540 1.54278e+06 2.61766e+06 2.9868e+06 3.26856e+06 2.80775e+06 2.83552e+06 2.44926e+06 2.32526e+06 1.63116e+06 1.8249e+06 1.22428e+06 1.16696e+06 1.11738e+06 1.51154e+06
 810768 556276 701449 817168 856698 730300 937307 1.17008e+06 1.22293e+06 1.09651e+06 1.36487e+06 1.21277e+06 1.59913e+06 1.63861e+06 1.893e+06 1.66325e+06 2.33087e+06 2.35126e+06 2.60827e+06 2.69066e+06
 678882 670771 702150 751835 846508 955483 1.15478e+06 1.43875e+06 1.42239e+06 1.6655e+06 1.96226e+06 2.4328e+06 2.98315e+06 3.11058e+06 3.58507e+06 3.27912e+06 2.97262e+06 2.93161e+06 2.40176e+06 1.95588e+06
 1.23826e+06 1.17629e+06 1.07997e+06 1.14382e+06 950584 819634 940744 792219 755446 653785 640884 771260 894690 787523 729054 985447 973947 1.17701e+06 1.32053e+06 1.20839e+06
 707057 506994 566203 475574 493283 797440 943698 1.15863e+06 1.45069e+06 2.17236e+06 2.41567e+06 2.43987e+06 2.52151e+06 3.41661e+06 5.08568e+06 3.98832e+06 3.07423e+06 2.5219e+06 2.12124e+06 1.91538e+06
 803154 776113 799230 923887 818571 752490 1.06175e+06 1.17766e+06 1.40245e+06 2.01313e+06 2.03094e+06 2.29789e+06 2.1179e+06 1.78684e+06 1.28188e+06 1.20182e+06 1.19289e+06 983628 744923 638064
 1.11138e+06 1.10852e+06 1.30943e+06 1.55965e+06 1.27392e+06 1.20997e+06 1.47006e+06 1.4566e+06 1.33456e+06 1.21898e+06 864616 1.02053e+06 1.17643e+06 1.08549e+06 1.28561e+06 1.52529e+06 1.81953e+06 1.7142e+06 1.64318e+06 1.51532e+06
 644248 265855 201324 114826 114504 57779.5 48289.3 44545.6 33924.9 37459.5 36165.5 38486 61910.7 63566.8 68327.5 138312 181546 207062 336358 455115
 689655 376939 158646 84888 72222.4 26859.6 8723.5 4640.03 1779.42 1299.36 1205.75 1177.03 1204.38 490.589 271.749 158.1 117.756 89.1671 67.3089 43.9919
 712946 474475 474171 569871 694629 717978 810490 1.16416e+06 1.45199e+06 1.42494e+06 1.48623e+06 1.71589e+06 2.04672e+06 2.2436e+06 3.07003e+06 2.81003e+06 3.06267e+06 2.73544e+06 1.83766e+06 1.06935e+06
 1.20117e+06 563155 731148 432503 409622 286308 282124 312436 264640 261827 293404 374294 292742 460632 510243 704622 695585 950289 1.19357e+06 1.55107e+06
 751296 470883 420369 394234 291815 402972 525188 665851 673004 926376 961575 972550 822381 1.08244e+06 1.11189e+06 1.60574e+06 2.40605e+06 2.6831e+06 2.59519e+06 2.6758e+06
 811457 552700 475858 469310 534335 545074 532982 570841 614909 619736 1.26449e+06 1.12523e+06 1.07609e+06 831800 948268 1.17028e+06 1.28706e+06 1.77814e+06 1.71895e+06 1.83156e+06
 1.08409e+06 793495 622425 608265 748405 925640 982942 980302 1.33625e+06 1.38561e+06 1.57288e+06 1.58761e+06 1.35235e+06 1.75579e+06 1.70614e+06 1.81565e+06 1.94955e+06 2.11149e+06 1.89515e+06 1.75916e+06
 984575 865305 673887 802331 988686 1.35432e+06 1.77344e+06 2.57083e+06 2.43755e+06 2.57724e+06 2.74015e+06 3.24279e+06 2.69774e+06 3.551e+06 3.44472e+06 3.11937e+06 3.64452e+06 4.0483e+06 3.94166e+06 3.1376e+06
 980864 816858 780543 1.0702e+06 1.61237e+06 1.63385e+06 1.42006e+06 1.95081e+06 2.20325e+06 2.02539e+06 1.80702e+06 2.55177e+06 2.12862e+06 1.86591e+06 1.63827e+06 1.71456e+06 1.62501e+06 1.76805e+06 1.53141e+06 1.11226e+06
 1.08877e+06 883173 757711 840767 1.08134e+06 1.32502e+06 1.94213e+06 2.1718e+06 1.88494e+06 1.99888e+06 1.70385e+06 2.11183e+06 2.08677e+06 1.65721e+06 1.76934e+06 1.73543e+06 1.67752e+06 1.75638e+06 1.3796e+06 2.16138e+06
 820404 541172 467254 350433 512187 611912 626742 783848 778272 791409 973813 1.28176e+06 1.69663e+06 1.60366e+06 1.41342e+06 2.01807e+06 2.98171e+06 3.51034e+06 3.42585e+06 3.29489e+06
 801843 695016 601288 750992 556159 699213 1.03546e+06 1.51731e+06 1.59946e+06 1.63493e+06 1.77007e+06 1.54849e+06 1.93826e+06 1.67443e+06 1.33065e+06 1.5029e+06 2.23421e+06 2.32711e+06 2.07686e+06 2.29437e+06
 893414 624602 466020 515354 336779 304356 409940 474631 580128 514588 416999 311428 421015 546623 631553 620702 802822 912648 1.21439e+06 1.46373e+06
 999550 599673 481309 416121 432139 408562 550603 962654 796564 1.11846e+06 1.80871e+06 1.98049e+06 1.61183e+06 1.54633e+06 1.25228e+06 1.38716e+06 1.60145e+06 2.58403e+06 2.01537e+06 2.37671e+06
 874560 825894 1.05421e+06 959842 1.16759e+06 1.20221e+06 1.67209e+06 2.41172e+06 2.63413e+06 3.04812e+06 3.80996e+06 3.41746e+06 2.81116e+06 2.48007e+06 2.83508e+06 2.96809e+06 3.0905e+06 3.27422e+06 3.34483e+06 3.4016e+06
 742508 546135 352399 381308 367352 384373 516854 845839 994692 1.18281e+06 866528 751629 813234 956597 787512 701065 620295 726491 915333 990088
 953851 651874 479139 458855 492235 486109 514464 600918 895150 837983 1.0016e+06 1.10578e+06 966458 679989 900489 1.07356e+06 1.86593e+06 1.93691e+06 1.89121e+06 1.79462e+06
 806317 637630 551917 548404 567141 705968 1.00027e+06 1.23154e+06 1.37921e+06 1.35302e+06 921415 896444 1.00313e+06 774097 894357 644547 1.06155e+06 1.13964e+06 1.25915e+06 1.27213e+06
 845559 692489 611458 573658 490520 354301 274779 323295 307003 336954 406295 507871 881499 1.12045e+06 1.99263e+06 2.38934e+06 2.66879e+06 2.97855e+06 2.98324e+06 2.93833e+06
 822479 403906 256195 259317 266192 329533 705750 977787 1.15586e+06 1.27652e+06 1.4348e+06 1.63323e+06 1.45173e+06 1.9991e+06 2.07918e+06 2.68084e+06 2.69303e+06 2.83919e+06 2.79675e+06 3.87078e+06
 671618 446977 495170 589183 803085 1.26711e+06 1.7314e+06 1.53632e+06 1.93268e+06 1.96809e+06 1.56311e+06 1.45067e+06 926690 666598 933034 828637 832135 1.00177e+06 1.04375e+06 1.28835e+06
 786516 701032 1.29971e+06 1.12059e+06 1.34442e+06 1.10395e+06 1.19924e+06 1.17102e+06 1.59677e+06 1.79024e+06 2.28463e+06 2.39061e+06 2.15951e+06 2.14433e+06 1.91539e+06 1.88223e+06 2.273e+06 2.69729e+06 2.5294e+06 2.82115e+06
 1.167e+06 840355 654800 601496 861436 1.31111e+06 1.48296e+06 1.94959e+06 2.16509e+06 1.80338e+06 1.628e+06 1.5137e+06 1.25501e+06 614409 858898 989048 1.04578e+06 1.57778e+06 2.28803e+06 2.71003e+06
 979109 823477 1.06556e+06 716040 1.35096e+06 1.73688e+06 1.35852e+06 1.62645e+06 1.43199e+06 1.42146e+06 1.16324e+06 1.61744e+06 1.86165e+06 2.1428e+06 2.21276e+06 2.14439e+06 1.71392e+06 1.55323e+06 1.60536e+06 1.45557e+06
 797167 703437 745626 794682 1.13573e+06 1.34692e+06 1.93134e+06 1.89203e+06 1.72882e+06 1.24046e+06 1.18343e+06 992626 1.30163e+06 1.7253e+06 1.86931e+06 1.75352e+06 2.17995e+06 2.52412e+06 2.91598e+06 2.51547e+06
 721170 541069 818039 980352 896577 818646 952567 1.13902e+06 1.24231e+06 1.31749e+06 1.56505e+06 1.48849e+06 1.79574e+06 1.97421e+06 1.968e+06 1.85189e+06 1.49461e+06 1.23204e+06 1.1448e+06 1.13152e+06
 987749 781303 692476 773391 834396 1.5168e+06 1.28591e+06 1.59814e+06 1.54887e+06 1.60912e+06 2.14168e+06 2.12129e+06 2.44351e+06 2.08896e+06 2.244e+06 2.54818e+06 2.58304e+06 1.95947e+06 1.71621e+06 1.77968e+06
 1.01217e+06 725304 673974 810965 804049 1.1655e+06 1.23049e+06 1.376e+06 1.51856e+06 1.43069e+06 1.75839e+06 1.73891e+06 1.58233e+06 1.5597e+06 1.64884e+06 1.47272e+06 1.90901e+06 1.93594e+06 1.83844e+06 2.05229e+06
 856508 336136 384607 258592 317533 263609 326227 422451 629984 789303 941665 1.01391e+06 1.17743e+06 1.38105e+06 1.19109e+06 1.43709e+06 1.55695e+06 1.86903e+06 1.71506e+06 1.43358e+06
 847017 578928 810834 990944 892897 1.03615e+06 1.48117e+06 1.82544e+06 1.94375e+06 2.37973e+06 2.68359e+06 2.43173e+06 3.76558e+06 4.61901e+06 3.94068e+06 3.24817e+06 2.7157e+06 4.1058e+06 3.79476e+06 2.49491e+06
 896324 650086 652534 535863 731753 988291 1.04977e+06 1.1445e+06 1.1591e+06 1.21678e+06 1.28252e+06 1.65946e+06 1.61679e+06 1.55204e+06 1.6388e+06 1.56799e+06 1.92443e+06 2.28655e+06 1.90237e+06 1.94305e+06
 882637 582703 692245 983719 1.23241e+06 1.84124e+06 1.90046e+06 2.5238e+06 2.40743e+06 2.5497e+06 2.36079e+06 2.60546e+06 1.74619e+06 1.25019e+06 1.02846e+06 1.14218e+06 1.4218e+06 1.58057e+06 1.05349e+06 1.20792e+06
 706906 456514 516160 768389 860589 1.70897e+06 1.66528e+06 1.96486e+06 1.99686e+06 2.29837e+06 2.11447e+06 1.77719e+06 1.85317e+06 2.47962e+06 2.26055e+06 2.1869e+06 1.65539e+06 1.7542e+06 1.61053e+06 2.25512e+06
 828831 478309 483862 404946 469555 480515 448208 459583 341767 255612 304988 402456 344623 708537 772498 752359 624300 556719 642427 1.10706e+06
 929759 857985 771685 856291 969067 1.38962e+06 1.30377e+06 1.36435e+06 1.60479e+06 1.72627e+06 1.78648e+06 1.73758e+06 1.66119e+06 2.23081e+06 2.46479e+06 2.61589e+06 2.43472e+06 1.679e+06 1.62316e+06 1.13362e+06
 801877 245442 106119 77887.4 67941.4 12813 6386.81 3227.4 2582.23 3081.81 2373.27 742.097 733.925 417.855 269.527 197.332 142.283 94.152 46.4169 32.6977
 718297 573018 862236 774051 1.11567e+06 1.63465e+06 2.12456e+06 2.12105e+06 1.782e+06 1.94923e+06 1.36113e+06 926722 855381 1.16899e+06 1.16466e+06 1.11898e+06 1.43035e+06 2.36198e+06 2.31438e+06 1.87927e+06
 1.13205e+06 905527 955446 1.08818e+06 1.07393e+06 1.18882e+06 1.40743e+06 1.1834e+06 1.25345e+06 1.1377e+06 1.49851e+06 1.93139e+06 1.90456e+06 1.75166e+06 1.27469e+06 1.34733e+06 1.30372e+06 1.63907e+06 2.17023e+06 2.46552e+06
 823731 1.09085e+06 1.31876e+06 1.17153e+06 1.5599e+06 1.55267e+06 1.87743e+06 2.02314e+06 2.33985e+06 2.20797e+06 2.15858e+06 1.77396e+06 2.22879e+06 1.4387e+06 1.23421e+06 1.31116e+06 1.4904e+06 1.70985e+06 1.84636e+06 1.7867e+06
 926720 539463 415413 398584 254028 318056 404546 441177 382525 444353 908721 1.29645e+06 1.84378e+06 1.77103e+06 2.26875e+06 2.26228e+06 2.18448e+06 2.4647e+06 3.17279e+06 3.33984e+06
 981576 747477 1.40574e+06 1.31034e+06 1.4948e+06 2.35231e+06 2.24466e+06 2.45386e+06 2.32216e+06 2.51528e+06 2.69785e+06 3.99274e+06 4.34387e+06 4.21566e+06 3.41547e+06 3.66769e+06 4.60493e+06 4.15601e+06 3.0393e+06 3.02091e+06
 877270 1.15057e+06 1.34907e+06 1.74133e+06 1.88337e+06 2.12987e+06 1.9579e+06 1.54299e+06 1.64168e+06 1.69685e+06 1.66755e+06 1.33309e+06 1.22279e+06 800913 728929 706114 696779 680506 994899 1.62421e+06
 1.07746e+06 740619 730396 748921 665750 852912 1.14686e+06 973773 972624 933159 884910 973273 1.30177e+06 1.44003e+06 1.91972e+06 1.83609e+06 3.03661e+06 3.08793e+06 3.04654e+06 3.22049e+06
 1.41265e+06 1.3531e+06 1.33364e+06 935178 658432 605983 792664 1.01228e+06 1.12686e+06 1.4779e+06 1.60456e+06 1.93847e+06 2.12499e+06 2.50427e+06 2.3244e+06 2.56241e+06 1.99259e+06 1.84835e+06 1.75644e+06 1.1417e+06
 718911 669935 743684 545707 680146 657459 799003 1.44051e+06 1.60342e+06 1.91926e+06 1.86654e+06 1.51202e+06 1.42762e+06 1.34153e+06 1.07821e+06 695443 401905 246769 206961 164933
 897357 605155 670686 712842 809353 845165 824513 985889 1.48803e+06 1.69249e+06 1.77847e+06 2.09199e+06 2.28046e+06 2.4362e+06 2.3421e+06 2.43478e+06 2.2575e+06 1.84895e+06 1.81187e+06 2.00799e+06
 1.2038e+06 893659 789392 592243 524841 318857 370061 335518 420644 1.00379e+06 1.65725e+06 1.87693e+06 1.9491e+06 1.72529e+06 1.59067e+06 1.45423e+06 953731 1.36611e+06 1.51393e+06 2.37614e+06
 742808 886859 806507 752895 788184 842482 925197 1.05519e+06 1.28538e+06 1.06784e+06 956236 1.30639e+06 1.45841e+06 1.94665e+06 1.57727e+06 1.72164e+06 1.41135e+06 1.2379e+06 1.22788e+06 1.12347e+06
 976559 623573 653432 677426 812502 826556 1.16602e+06 1.05977e+06 1.44092e+06 1.38237e+06 1.59947e+06 1.6506e+06 2.12549e+06 3.13162e+06 3.137e+06 3.06556e+06 3.47279e+06 3.60174e+06 2.72575e+06 1.89592e+06
 763884 618022 652288 1.07289e+06 1.34952e+06 1.40867e+06 1.69992e+06 1.88776e+06 1.95927e+06 1.68804e+06 1.77931e+06 1.79366e+06 2.02352e+06 1.92344e+06 1.95199e+06 1.86737e+06 2.4795e+06 1.69289e+06 1.92479e+06 1.43067e+06
 606718 345052 494739 502529 457513 529944 478726 515506 888148 1.02186e+06 1.24416e+06 1.23204e+06 1.46735e+06 1.54938e+06 1.64709e+06 1.83701e+06 1.83545e+06 2.00764e+06 2.11975e+06 1.82587e+06
 1.00938e+06 568494 560250 411778 477923 713601 789158 840736 952529 1.01847e+06 1.01937e+06 1.06612e+06 910966 1.12093e+06 1.25606e+06 1.40186e+06 1.30008e+06 1.50087e+06 1.71616e+06 1.7612e+06
 909248 901811 959407 1.19015e+06 1.80168e+06 1.48862e+06 1.48096e+06 1.72049e+06 1.45558e+06 1.66073e+06 1.67831e+06 1.97451e+06 1.47336e+06 1.76238e+06 2.14366e+06 2.35971e+06 2.85272e+06 2.87048e+06 2.6089e+06 2.61097e+06
 1.07766e+06 928965 1.09112e+06 1.39285e+06 1.46271e+06 1.78835e+06 2.09127e+06 1.78372e+06 1.49329e+06 1.75046e+06 2.05557e+06 2.22171e+06 1.96619e+06 2.22041e+06 1.72346e+06 1.10027e+06 1.04533e+06 1.04625e+06 1.43812e+06 1.67334e+06
 994310 724089 329854 471482 456270 588364 805026 1.19583e+06 1.24543e+06 2.02753e+06 2.13016e+06 2.41065e+06 2.35007e+06 1.90389e+06 1.6419e+06 1.89469e+06 1.54524e+06 1.51544e+06 1.7063e+06 1.73084e+06
 779537 587836 415119 508782 507516 548594 551591 1.14104e+06 1.88335e+06 2.56626e+06 2.83612e+06 2.78152e+06 2.54553e+06 1.89486e+06 1.94144e+06 2.25776e+06 2.17512e+06 2.02307e+06 1.6911e+06 2.12219e+06
 883738 674786 793232 1.19718e+06 1.06813e+06 1.13345e+06 2.12655e+06 2.94454e+06 2.99299e+06 2.80988e+06 2.83908e+06 2.75953e+06 2.58657e+06 2.78416e+06 2.76815e+06 2.63829e+06 2.01763e+06 1.71246e+06 1.67468e+06 1.61099e+06
 1.11678e+06 757443 511442 713411 967672 1.68675e+06 1.48164e+06 1.46451e+06 1.624e+06 1.87613e+06 1.11011e+06 1.11343e+06 866023 925404 952449 782287 619384 763792 616239 1.04079e+06
 1.03495e+06 790139 712305 968932 1.07947e+06 1.2924e+06 1.38872e+06 1.07814e+06 1.11912e+06 1.30005e+06 1.9012e+06 2.69542e+06 2.71459e+06 3.15682e+06 3.22979e+06 3.15303e+06 2.56369e+06 2.41164e+06 2.69716e+06 2.67719e+06
 992867 593701 559126 549227 768239 1.07688e+06 1.50939e+06 1.8968e+06 1.82287e+06 2.02522e+06 2.55172e+06 2.70307e+06 2.40082e+06 2.13452e+06 1.95295e+06 2.07412e+06 1.56295e+06 1.34805e+06 1.24608e+06 1.61024e+06
 1.16336e+06 938591 968448 785279 989406 1.22485e+06 1.64534e+06 1.53605e+06 1.57105e+06 1.27904e+06 996173 967469 1.06396e+06 1.1245e+06 1.2332e+06 1.1383e+06 933008 959647 1.27538e+06 2.12173e+06
 922296 604008 655914 428067 302933 315101 674602 696690 757148 1.05254e+06 1.41716e+06 1.39073e+06 2.35148e+06 2.93708e+06 2.98665e+06 2.32658e+06 1.98081e+06 1.65805e+06 1.73794e+06 1.72902e+06
 991396 561496 400145 419837 463290 796678 806481 1.07983e+06 1.54303e+06 2.22894e+06 2.7834e+06 3.08383e+06 2.2776e+06 1.82035e+06 1.49744e+06 1.0756e+06 734934 798496 942994 1.13963e+06
 1.16306e+06 956287 1.30149e+06 1.55128e+06 2.28679e+06 2.46353e+06 2.69827e+06 2.17625e+06 1.94775e+06 1.62108e+06 1.45018e+06 1.17198e+06 983302 652687 866659 1.10264e+06 1.86188e+06 1.75339e+06 1.73466e+06 1.65271e+06
 865329 679182 577301 645739 569331 623025 1.21221e+06 1.65665e+06 1.71208e+06 1.90314e+06 2.17722e+06 1.90954e+06 2.18563e+06 2.53669e+06 2.17484e+06 2.14445e+06 2.16497e+06 1.91761e+06 1.97656e+06 2.6017e+06
 750970 617168 372098 256466 215049 191107 398386 475762 669484 906630 1.18929e+06 1.05524e+06 1.10545e+06 1.2854e+06 1.46565e+06 1.27029e+06 1.33203e+06 1.62477e+06 1.50861e+06 1.1946e+06
 1.18199e+06 742685 1.05161e+06 1.00471e+06 1.64814e+06 1.77585e+06 2.04487e+06 2.76144e+06 2.99137e+06 2.00285e+06 1.90898e+06 1.40516e+06 1.59434e+06 1.58041e+06 1.24676e+06 1.81718e+06 1.76609e+06 1.47877e+06 1.23385e+06 1.31364e+06
 1.14256e+06 1.29554e+06 1.17786e+06 929500 733080 655677 887198 1.20542e+06 1.12053e+06 1.19452e+06 1.24134e+06 1.22201e+06 1.07261e+06 1.10376e+06 1.00253e+06 1.01918e+06 1.03996e+06 1.10784e+06 1.12676e+06 986074
 855329 763842 640432 682102 636987 613440 551384 633662 846271 777881 782605 839202 722657 626900 949807 719667 762109 937930 1.0099e+06 1.25301e+06
 926699 709798 453560 512596 487455 920791 1.04646e+06 1.07249e+06 1.13054e+06 938329 902171 1.20935e+06 2.54863e+06 2.59623e+06 2.72704e+06 2.91526e+06 2.86236e+06 2.34416e+06 2.11911e+06 1.77281e+06
 841699 746273 578863 802844 1.25011e+06 1.75685e+06 2.49055e+06 2.99646e+06 2.48586e+06 2.65377e+06 2.23596e+06 2.64407e+06 2.49805e+06 2.27219e+06 2.59788e+06 3.15846e+06 3.6189e+06 3.83726e+06 3.64917e+06 3.65341e+06
 1.19807e+06 993936 1.0048e+06 1.0326e+06 1.47093e+06 1.84714e+06 1.48585e+06 1.8535e+06 1.98429e+06 1.74171e+06 1.8788e+06 1.98343e+06 2.20772e+06 1.84322e+06 1.78001e+06 1.31514e+06 1.07452e+06 1.03594e+06 973406 568057
 809367 862170 572889 626243 896072 1.06912e+06 1.00802e+06 1.01301e+06 1.12442e+06 1.61681e+06 1.38673e+06 1.36767e+06 1.95479e+06 2.12432e+06 2.18527e+06 2.347e+06 1.84627e+06 1.75711e+06 1.27433e+06 1.50455e+06
 976582 1.0753e+06 1.08852e+06 1.20346e+06 1.95639e+06 2.38626e+06 2.35748e+06 1.98437e+06 2.39558e+06 2.92946e+06 2.94019e+06 2.83427e+06 2.72868e+06 3.06544e+06 3.32876e+06 3.27352e+06 2.69679e+06 2.01337e+06 1.69496e+06 1.22614e+06
 923019 634946 608077 734960 650471 620883 754438 958068 846697 726723 581450 854627 903244 945274 961781 1.39136e+06 1.55513e+06 1.17833e+06 1.12786e+06 1.09729e+06
 878675 638454 613785 884375 954100 699938 1.00497e+06 1.79033e+06 2.00027e+06 1.81489e+06 2.05664e+06 2.17955e+06 3.48477e+06 2.91629e+06 2.33867e+06 2.17982e+06 2.51516e+06 3.42118e+06 3.21269e+06 2.37498e+06
 789180 606465 547571 524500 388719 350154 664147 1.3119e+06 1.37551e+06 1.17665e+06 891713 867952 1.21949e+06 1.92329e+06 2.68816e+06 2.64669e+06 2.33821e+06 2.49276e+06 2.01869e+06 2.18288e+06
 1.54997e+06 1.15741e+06 1.2605e+06 2.12222e+06 2.24792e+06 3.04443e+06 3.59814e+06 3.7069e+06 2.93585e+06 2.16859e+06 2.04951e+06 1.89333e+06 2.14948e+06 2.45654e+06 3.47353e+06 4.78325e+06 4.4262e+06 2.98147e+06 2.39317e+06 1.90341e+06
 1.04804e+06 1.78795e+06 1.8096e+06 1.939e+06 2.49702e+06 2.34895e+06 2.05728e+06 2.00803e+06 1.6834e+06 1.99391e+06 2.16598e+06 1.87466e+06 1.74316e+06 1.08091e+06 1.45078e+06 1.08074e+06 1.60877e+06 1.76706e+06 1.89218e+06 1.81777e+06
 932237 701619 966936 1.37178e+06 1.25702e+06 1.13184e+06 1.52018e+06 1.76467e+06 1.70315e+06 1.74121e+06 1.66157e+06 2.2475e+06 3.03748e+06 3.78411e+06 4.58175e+06 3.65364e+06 3.99362e+06 3.32733e+06 2.13311e+06 1.99711e+06
 690234 530126 441910 472703 564255 937140 1.39704e+06 2.21557e+06 3.28618e+06 3.74365e+06 3.32896e+06 3.7509e+06 3.31497e+06 2.95366e+06 3.73237e+06 3.07637e+06 2.17426e+06 2.14725e+06 1.58468e+06 1.53311e+06
 983239 718648 873577 1.15566e+06 1.07178e+06 1.0348e+06 1.04716e+06 1.32739e+06 1.691e+06 1.87291e+06 1.70781e+06 1.11289e+06 904521 1.29486e+06 1.31632e+06 1.56016e+06 1.5314e+06 1.36726e+06 1.55375e+06 1.24292e+06
 846568 696013 603412 612852 836095 1.2692e+06 1.49838e+06 1.84958e+06 2.26843e+06 2.2222e+06 2.63533e+06 3.66918e+06 3.29057e+06 2.61208e+06 1.63802e+06 1.37802e+06 1.34791e+06 1.30202e+06 1.39524e+06 958654
 1.16407e+06 1.03155e+06 1.13828e+06 987259 1.53182e+06 2.4368e+06 3.24933e+06 3.38094e+06 3.10528e+06 3.32241e+06 3.29813e+06 2.7502e+06 2.32123e+06 3.0282e+06 2.92439e+06 2.89289e+06 2.6748e+06 2.17043e+06 1.86204e+06 1.69661e+06
 757513 886801 852618 910645 801491 752372 657396 537374 556513 653417 655124 554485 715088 852626 1.08024e+06 1.15859e+06 1.19627e+06 1.47493e+06 1.77618e+06 1.77076e+06
 929124 846513 932206 1.5662e+06 1.9658e+06 2.27561e+06 2.63431e+06 2.65926e+06 2.50756e+06 1.82359e+06 1.5203e+06 1.31853e+06 2.06796e+06 2.19558e+06 1.94917e+06 2.14662e+06 2.12093e+06 2.19592e+06 2.80119e+06 2.47209e+06
 1.10081e+06 1.0808e+06 871346 803521 1.10789e+06 978585 964460 1.23335e+06 1.19942e+06 1.34925e+06 1.01965e+06 1.05944e+06 840611 807077 872197 839130 1.21335e+06 1.83538e+06 2.7383e+06 3.03142e+06
 804329 760809 875228 888187 831430 764517 754576 792421 1.07516e+06 1.84002e+06 2.65277e+06 3.42331e+06 4.70192e+06 4.01207e+06 3.08872e+06 2.89645e+06 3.43093e+06 3.47165e+06 3.01232e+06 1.95464e+06
 1.0894e+06 702196 621066 921311 1.03468e+06 1.15682e+06 1.77394e+06 2.49422e+06 2.7681e+06 3.98524e+06 3.91263e+06 4.09424e+06 3.31156e+06 3.67108e+06 3.62481e+06 3.19356e+06 3.12895e+06 3.12465e+06 3.58952e+06 3.38358e+06
 1.00783e+06 732197 737469 812290 901692 1.09789e+06 1.73963e+06 2.04772e+06 2.04634e+06 2.27487e+06 2.7511e+06 3.3924e+06 3.08251e+06 3.26574e+06 2.40268e+06 1.75108e+06 1.67564e+06 1.48927e+06 1.41444e+06 2.07164e+06
 1.01856e+06 933058 1.58297e+06 1.58131e+06 1.63466e+06 1.98222e+06 2.02346e+06 1.98927e+06 1.71551e+06 1.93125e+06 1.42894e+06 1.43755e+06 940190 848418 714305 658779 902867 926832 1.11969e+06 1.19332e+06
 942791 718116 621286 635374 583482 628172 817610 790322 1.06581e+06 1.19257e+06 1.37231e+06 1.67702e+06 2.50079e+06 2.68775e+06 3.07578e+06 3.89465e+06 3.06041e+06 3.70337e+06 3.13388e+06 3.2132e+06
 976276 1.09872e+06 856091 1.02478e+06 1.06608e+06 946156 605842 468954 428194 500059 450813 556499 915784 1.00807e+06 1.50369e+06 1.33386e+06 1.0781e+06 880376 892556 951244
 1.02484e+06 889839 1.31958e+06 1.8023e+06 1.8305e+06 2.2527e+06 2.71839e+06 1.89963e+06 2.47591e+06 2.42367e+06 2.3498e+06 2.21956e+06 1.58163e+06 1.44985e+06 1.99802e+06 1.90394e+06 1.96272e+06 1.54565e+06 1.47905e+06 1.2604e+06
 928198 1.16222e+06 1.14291e+06 1.16885e+06 1.26551e+06 1.61758e+06 2.12419e+06 2.59565e+06 2.38147e+06 2.2054e+06 2.06937e+06 2.03343e+06 1.74904e+06 1.89931e+06 2.05807e+06 1.38163e+06 1.68659e+06 1.96751e+06 2.00096e+06 1.67548e+06
 799786 1.03312e+06 1.14828e+06 1.64011e+06 1.76301e+06 1.94186e+06 2.23099e+06 2.17301e+06 3.02278e+06 2.77338e+06 2.32541e+06 2.88347e+06 2.77103e+06 2.58181e+06 2.70061e+06 2.52139e+06 1.93593e+06 1.32435e+06 1.13659e+06 720463
 1.0934e+06 855742 656203 534943 740564 1.00639e+06 1.06784e+06 2.15717e+06 2.7953e+06 3.45569e+06 3.42305e+06 4.52344e+06 3.88355e+06 2.57929e+06 1.55125e+06 2.2726e+06 1.98146e+06 1.49849e+06 1.47764e+06 1.55776e+06
 946706 1.06211e+06 1.21221e+06 1.04861e+06 753795 886696 873557 982370 924889 840745 1.12395e+06 980483 1.11987e+06 1.41781e+06 1.26109e+06 1.5243e+06 1.83974e+06 2.06021e+06 2.44691e+06 2.88029e+06
