 418167 326712 360792 382211 302287 312129 383753 459405 610535 655698 714800 809787 640495 767867 1.16478e+06 1.1346e+06 1.23364e+06 1.48212e+06 1.69598e+06 1.85457e+06
 419765 339878 431144 395161 312110 362443 393626 389923 452142 640596 713953 711457 644771 621792 598891 677195 591377 608065 1.09832e+06 1.38575e+06
 399041 207744 190221 376552 634969 918990 1.45664e+06 1.63018e+06 1.60623e+06 1.61419e+06 1.28927e+06 1.15531e+06 1.29929e+06 1.77931e+06 1.62813e+06 1.4974e+06 1.38087e+06 1.45526e+06 1.15552e+06 1.13661e+06
 458313 490117 492333 491065 523097 586890 552657 528593 648870 536682 503150 548571 654363 674797 830087 1.33375e+06 1.49486e+06 1.33568e+06 1.66398e+06 1.71435e+06
 479362 570060 548195 609550 779515 637369 569374 526290 541551 486310 471133 574989 819108 903112 1.09496e+06 1.11306e+06 1.24977e+06 907533 611568 458220
 467415 511208 675389 970472 1.15463e+06 1.06257e+06 967676 942594 690994 565974 774057 720463 842923 991153 981352 859168 1.07937e+06 1.56182e+06 1.6509e+06 1.5654e+06
 385406 301452 388259 413125 497644 391755 367044 456582 581913 558881 534861 369751 431859 409124 400249 394360 298047 282228 370429 407760
 393204 370269 581450 951277 828450 926025 947119 1.25373e+06 1.50182e+06 1.75562e+06 2.39301e+06 3.05854e+06 3.36101e+06 2.96946e+06 3.16589e+06 2.31181e+06 1.68058e+06 1.42955e+06 1.37749e+06 1.86926e+06
 444423 751394 1.01297e+06 953613 862993 847135 900580 916907 957207 1.19311e+06 811321 526082 502105 809628 901187 916863 731502 775243 763498 788994
 447584 499853 771222 1.13948e+06 1.18253e+06 1.20612e+06 1.09861e+06 1.08958e+06 1.2952e+06 1.07032e+06 832236 671261 534571 473763 357869 172951 174724 177627 188041 347510
 488440 241980 172999 160444 201788 277042 368936 438010 548819 724301 781138 673481 587286 750873 913156 1.10168e+06 1.65564e+06 1.6424e+06 1.21386e+06 850492
 375549 292993 303195 361677 388741 500902 568548 646154 748572 913820 887520 485887 286702 176277 79795.8 34076.1 37184 48903.1 67682.7 74993.9
 454209 254504 248246 259420 269001 231716 282527 418593 658343 872311 1.04811e+06 1.33009e+06 1.32433e+06 1.0961e+06 1.23872e+06 956868 878653 905866 684509 635775
 383728 307516 353514 333748 381834 454028 470313 480913 422265 604535 732862 1.16085e+06 1.50386e+06 1.57168e+06 1.59626e+06 1.32105e+06 1.23764e+06 1.14985e+06 774263 508613
 425548 351440 399845 779675 840412 1.06737e+06 1.19175e+06 1.31459e+06 1.72117e+06 1.62252e+06 1.31095e+06 1.10958e+06 1.23815e+06 1.10699e+06 1.09862e+06 966517 1.11512e+06 1.3174e+06 983008 857548
 478832 606744 877439 983708 898910 623006 495940 674058 709008 703181 1.11373e+06 1.41857e+06 1.31194e+06 2.14919e+06 2.26872e+06 1.57917e+06 1.28642e+06 1.40514e+06 1.50836e+06 958999
 451931 424762 632324 620033 702498 1.20985e+06 1.5836e+06 1.73437e+06 1.8984e+06 1.56326e+06 1.27192e+06 1.39281e+06 1.52639e+06 1.2127e+06 1.17783e+06 1.35662e+06 1.06063e+06 876638 878818 939320
 471586 487133 319051 272602 307985 354462 518937 560467 601310 581052 581344 499842 704563 1.047e+06 1.1203e+06 1.04327e+06 1.25622e+06 1.09845e+06 716938 526538
 450724 456112 414834 474867 461200 653167 838314 971071 845956 936991 1.06388e+06 866557 941160 1.69634e+06 1.56395e+06 1.06236e+06 969119 823809 934712 892374
 428696 442762 337380 254641 257916 428566 786691 764918 651917 723565 977080 1.40814e+06 1.67968e+06 2.06854e+06 2.0052e+06 1.44117e+06 1.16338e+06 1.37775e+06 1.50526e+06 1.30449e+06
 341148 225326 227899 311621 493609 742358 754232 933105 867318 770042 723381 670185 538388 360902 260615 284505 588800 971523 1.15029e+06 1.74466e+06
 458779 545216 743029 1.25377e+06 1.22587e+06 1.19076e+06 1.37168e+06 1.46826e+06 1.36795e+06 859530 680873 740062 1.22963e+06 1.85794e+06 1.93592e+06 1.73802e+06 1.95775e+06 1.58674e+06 993633 659690
 414879 511410 788929 750207 934861 1.04735e+06 946332 1.22398e+06 1.17495e+06 905221 590726 475647 429247 389150 372968 491320 464154 573005 733901 836130
 455985 451571 455484 656851 782112 856443 785129 770068 610823 574366 549108 564604 630383 591188 609744 783269 993363 908651 1.18932e+06 1.49163e+06
 494144 457416 465179 731013 932176 1.08023e+06 1.39238e+06 1.37243e+06 1.64625e+06 1.5646e+06 1.42822e+06 1.4344e+06 1.08578e+06 941474 1.24153e+06 1.4048e+06 1.67084e+06 1.41551e+06 1.08424e+06 1.67444e+06
 483861 285441 217232 272674 305874 282156 307766 377134 463193 386653 373797 458705 614768 816244 1.07948e+06 1.15537e+06 1.04865e+06 1.08159e+06 882790 647575
 412218 511111 529177 512205 575137 535118 779875 781685 559641 608925 728706 570128 522084 725564 807155 740328 634052 651772 517151 492653
 437901 366053 303722 396924 477242 508341 516173 645592 839138 813557 1.1117e+06 1.22534e+06 1.09382e+06 902735 1.00491e+06 824562 775246 898070 1.00338e+06 1.23387e+06
 372092 286003 412396 602457 791530 812503 783681 1.10561e+06 942379 675252 721003 800831 858540 911299 802054 751866 752663 952373 1.1264e+06 1.00332e+06
 468462 634933 773336 927187 906590 799261 757562 443329 361314 443099 421449 380911 364120 502590 833308 888789 894267 622704 475300 633206
 469677 524537 856991 1.05883e+06 890831 987609 1.15051e+06 1.01508e+06 989786 1.45782e+06 1.28153e+06 1.32843e+06 1.1289e+06 1.35089e+06 1.10036e+06 1.44618e+06 1.73653e+06 1.61612e+06 1.48721e+06 1.53261e+06
 449452 328747 262727 206499 153432 164032 181345 196305 227441 236033 263351 356201 514826 544528 588445 570695 464926 457195 628235 547687
 404072 398173 491347 429603 309891 349563 375186 315018 352528 436868 409485 390770 532613 830406 1.10323e+06 1.31528e+06 1.67461e+06 1.70219e+06 1.37513e+06 1.30057e+06
 453301 477317 517393 561431 456404 382124 250162 213994 232152 233669 328116 412419 570250 922082 901324 911003 986906 990399 1.20777e+06 1.17698e+06
 369876 275648 346165 353909 391890 567608 515442 534513 684919 583578 426252 404121 389741 493700 718182 811986 668691 647084 381209 232301
 424082 374173 570894 703856 887080 1.12278e+06 1.20037e+06 1.71584e+06 1.88807e+06 1.46623e+06 1.45878e+06 1.5761e+06 1.89849e+06 1.78556e+06 1.68052e+06 1.60906e+06 1.29589e+06 764833 520094 427338
 430361 417387 755669 843728 1.1537e+06 1.37264e+06 1.73271e+06 2.37832e+06 2.11245e+06 2.36222e+06 2.51733e+06 2.00455e+06 2.24977e+06 2.14756e+06 1.60124e+06 1.43474e+06 931541 766689 777024 713534
 470369 629324 529495 503489 633944 679313 1.1324e+06 1.87099e+06 2.11052e+06 2.12189e+06 1.81359e+06 1.56831e+06 1.14623e+06 766219 720349 704576 683571 746530 606961 829328
 439864 322055 356655 345018 357925 327427 249017 251246 265708 255919 333952 315109 388060 556713 622626 721598 614312 593030 621650 634292
 441658 442637 683329 670965 532300 574078 659825 648616 562558 500380 675386 644023 705059 830119 1.05142e+06 1.18468e+06 982128 906707 1.29937e+06 2.60455e+06
 380418 327735 376305 284237 287836 414095 461313 532160 634364 593179 449172 453170 675374 537920 413879 283065 153941 113172 143530 252032
 415268 514814 590544 674103 756593 826559 814532 700758 621197 1.03625e+06 1.11334e+06 1.11009e+06 997747 940952 1.0235e+06 903567 827789 1.13376e+06 1.24777e+06 1.18396e+06
 457449 378617 231229 280235 299595 345068 406582 522550 584823 616389 1.14951e+06 1.37691e+06 1.56523e+06 1.6838e+06 1.29133e+06 847957 711511 521402 427020 329255
 419749 320834 307593 360042 433211 488822 459217 496250 486194 764503 904728 1.10594e+06 1.18325e+06 1.37127e+06 1.53045e+06 1.33365e+06 1.47885e+06 1.27614e+06 1.33202e+06 1.42473e+06
 382837 434508 569226 559493 759801 747636 635293 559307 412033 447011 575739 803273 1.09346e+06 1.30637e+06 1.56981e+06 1.4076e+06 1.12339e+06 1.19802e+06 1.10941e+06 1.03545e+06
 442801 413471 502924 656377 692145 649314 667236 575053 462826 456887 623066 672075 595090 811088 986148 1.12604e+06 972076 910893 1.01253e+06 893887
 443884 382688 343461 436631 567639 690124 739817 802484 901434 994282 957228 1.43856e+06 1.81573e+06 1.8727e+06 1.94712e+06 1.63472e+06 1.54003e+06 1.34178e+06 924695 884772
 429872 325973 330708 576811 746681 1.1798e+06 1.11006e+06 875355 1.09809e+06 959017 755790 700775 887436 832398 780123 709434 616777 604180 514399 603802
 354641 296144 447679 614790 650426 802996 884310 999033 1.39605e+06 1.35236e+06 1.25784e+06 1.07413e+06 860191 637026 402957 369344 516737 821070 838552 958251
 404790 339554 401111 436757 609367 1.03979e+06 1.23008e+06 999340 1.06325e+06 931706 961517 718612 470508 444491 456015 389120 557869 589665 757915 828639
 449024 212829 159503 126245 130312 172132 357082 416671 462072 617767 778812 823094 1.03746e+06 1.39084e+06 1.39288e+06 1.2104e+06 1.2756e+06 1.77882e+06 1.72568e+06 1.43261e+06
 365348 305923 275016 174547 237310 337206 415513 762017 701299 734465 1.01758e+06 997141 1.04781e+06 843829 742065 691284 573187 391521 238502 242377
 388350 234072 228694 189828 200877 320291 418587 433703 506610 638991 799453 876195 803654 752571 692429 626622 567174 688529 772659 880431
 396301 235154 167403 174666 214934 289583 456233 533842 763041 825085 959168 958951 982239 870325 836986 756317 828897 877779 901039 732728
 462694 311394 246238 272183 293359 329860 373415 384137 551915 913486 978576 946606 894641 1.03461e+06 980666 950823 824698 796897 664465 570487
 427780 415365 495779 591921 730455 962303 1.06222e+06 934391 1.08662e+06 1.44351e+06 2.04184e+06 1.73584e+06 1.37233e+06 1.29997e+06 1.17662e+06 971627 980035 1.02444e+06 1.22419e+06 1.5731e+06
 445715 406154 336020 336577 235875 169601 163855 181679 191760 240459 366035 541967 582104 705855 929609 972771 887357 655661 668336 577626
 359401 217430 215553 206285 246084 418290 705259 850889 683734 659900 761393 698706 776785 634662 535568 540431 689966 613105 659981 624809
 376443 468045 447438 488491 659455 619988 607039 652847 1.00197e+06 1.24327e+06 1.749e+06 1.85659e+06 1.72505e+06 1.5226e+06 1.45714e+06 1.29953e+06 1.29753e+06 1.23519e+06 919753 1.15207e+06
 395501 297065 378152 339764 337170 476708 470797 370739 321732 414045 503948 468052 398099 278891 267068 308028 324430 377418 507033 562406
 496321 576192 446755 425579 443099 503298 679504 755543 941376 1.0222e+06 902628 1.00352e+06 1.38463e+06 1.56722e+06 1.22593e+06 989829 969448 905049 666557 538268
 471093 525569 426941 397508 503187 458866 577476 876740 801218 734648 746710 752051 954789 991000 930088 853895 678977 572244 516600 617066
 384542 295291 254488 251685 313004 579008 798791 751055 799144 988556 1.04144e+06 735412 624799 711811 704469 664914 676693 604919 490760 606951
 386039 209785 198829 252273 354676 564852 707718 672772 873859 723062 695070 826305 671386 549406 469908 372612 345285 320223 297061 315817
 399817 296037 362159 278920 270868 495188 748947 797915 825965 1.0184e+06 1.34903e+06 1.3556e+06 1.19055e+06 1.19217e+06 1.18439e+06 953282 1.03849e+06 860129 922918 1.05302e+06
 299420 165389 217017 368987 326860 261915 286633 354071 443143 759374 915218 1.05047e+06 1.2004e+06 1.02605e+06 858988 541839 417115 509640 498288 644030
 436124 336430 334342 404508 582400 655559 705192 882390 1.07497e+06 958083 690976 638941 599571 547557 646127 610315 536731 575720 749671 633427
 452538 374528 461388 427858 451681 674438 788101 880486 853960 774125 604605 444148 574798 746384 826311 778723 628683 602141 544932 495179
 476830 302145 232465 258849 260541 281118 364493 411996 625324 730055 701998 1.02585e+06 1.04913e+06 1.05713e+06 1.06568e+06 959829 1.15882e+06 1.34371e+06 1.36644e+06 1.68073e+06
 496127 390391 394809 532555 723449 925146 1.328e+06 1.44799e+06 1.256e+06 916554 694111 523963 381358 250389 193112 218173 435437 557251 607392 788682
 426182 294476 281603 279296 295753 451512 526502 641764 658427 677305 870227 855346 960053 1.18215e+06 1.87219e+06 1.84284e+06 1.902e+06 1.68037e+06 1.66339e+06 1.97502e+06
 370334 197195 202385 309843 390161 373869 376995 419576 460293 435427 697300 969260 1.1221e+06 1.6132e+06 1.57171e+06 2.43827e+06 2.65244e+06 1.9988e+06 1.54622e+06 1.66467e+06
 465682 406949 306933 261937 229927 327497 687363 749294 605741 588866 727352 731197 564807 609885 590170 722940 672959 540782 586304 698740
 318115 233828 275783 282423 289715 290319 319475 338897 483015 459090 332577 294286 369434 491544 581452 619980 674910 770850 853468 1.0415e+06
 395192 228298 203513 360187 406596 499984 559800 672561 702702 568966 340258 319341 345693 416391 756004 857363 859652 798084 711746 647773
 368647 218337 163350 121086 115491 192738 284158 442743 644088 1.0824e+06 1.0385e+06 1.31631e+06 1.6148e+06 1.3979e+06 1.22347e+06 1.21586e+06 1.42042e+06 1.23629e+06 1.12773e+06 1.2861e+06
 460112 481458 599197 714392 868731 911366 918445 942432 733358 668190 664611 747669 1.27919e+06 1.61987e+06 1.63071e+06 1.18755e+06 1.03391e+06 1.21695e+06 990673 863829
 412841 381329 375618 301065 364843 369462 421208 573989 736133 843251 1.04473e+06 1.23783e+06 1.03687e+06 764970 534990 413887 455402 567089 587198 475918
 357090 183405 209857 291525 371358 371980 390809 487883 469680 428174 534522 538412 544695 470913 309647 271288 392205 435343 350215 349723
 438289 413158 605379 637864 702173 632295 619986 764223 779089 925439 818215 774875 840905 632368 527309 644370 593229 556213 524667 493153
 373073 230908 226732 195669 171003 175155 229715 271109 331712 465620 487307 537082 517907 422603 441070 449991 678084 865732 1.16332e+06 1.34468e+06
 438818 404262 310535 281158 297751 412736 474116 544640 709980 690452 819809 1.10867e+06 1.10144e+06 1.21293e+06 1.11334e+06 946088 853833 1.08814e+06 1.5127e+06 1.13814e+06
 398013 311804 268202 237824 337384 451258 513154 442164 414121 384178 655549 666205 588812 616186 572017 588257 465854 447561 513633 445031
 480330 308289 225905 190497 167108 180455 324070 524160 669321 926594 1.21024e+06 1.25664e+06 1.58844e+06 1.78268e+06 1.74143e+06 1.68526e+06 1.61694e+06 2.16542e+06 1.75137e+06 1.16535e+06
 435090 285325 252101 374967 524629 1.00552e+06 1.65263e+06 1.80858e+06 2.18937e+06 1.82279e+06 1.7277e+06 1.49826e+06 1.43861e+06 1.35902e+06 1.33396e+06 847921 985657 1.23986e+06 1.40705e+06 2.04492e+06
 426685 365673 326846 349734 314528 352048 337590 261790 289896 403842 341438 302748 281270 294493 374976 431066 410675 434705 410872 357893
 377022 284681 312924 406127 436776 649152 904039 1.14786e+06 1.37735e+06 1.38024e+06 1.30557e+06 1.16043e+06 1.15152e+06 1.1122e+06 1.48572e+06 1.67456e+06 1.41023e+06 1.68005e+06 1.78416e+06 1.54363e+06
 407657 282777 215136 175170 109068 64530.1 80444.9 112092 192547 223059 224205 250610 243091 312630 497972 734057 820295 743519 529481 380313
 494947 328946 278803 432429 879695 830877 743556 745513 677577 622909 709849 670458 627682 635809 695838 716327 723520 1.1012e+06 970748 1.12602e+06
 396287 222614 236699 262050 241796 187173 325934 374993 352836 401800 384123 547932 632509 662262 600921 631676 587774 791024 719895 680570
 392155 345789 464373 833167 1.20886e+06 1.04482e+06 1.04013e+06 1.10663e+06 756454 483429 325621 221718 263040 281066 269619 343583 411137 485677 547525 720253
 408167 234146 142917 130755 141165 245255 354448 428657 516952 727377 1.05233e+06 1.11739e+06 937066 731517 709667 802145 1.00556e+06 936637 1.06931e+06 895494
 405621 313173 428108 458645 504841 593099 1.17652e+06 1.47265e+06 1.2964e+06 1.64433e+06 1.46269e+06 1.72074e+06 1.78697e+06 1.52811e+06 1.31522e+06 1.21942e+06 1.43529e+06 1.61594e+06 1.29208e+06 966490
 455135 279553 178134 172207 169994 263631 310665 359123 433245 465777 524553 684898 666113 666473 921531 1.03102e+06 859247 1.00388e+06 1.23126e+06 790196
 386073 323845 378733 547809 583458 624597 818521 1.06487e+06 1.27464e+06 1.67628e+06 1.46383e+06 1.29857e+06 1.11174e+06 1.0177e+06 1.02371e+06 951018 1.04566e+06 1.51112e+06 1.33241e+06 1.09304e+06
 356216 246852 336856 551815 667060 476833 461228 735668 1.49264e+06 1.56792e+06 1.56208e+06 1.26522e+06 1.27306e+06 1.22603e+06 843786 748100 606494 493053 461990 545598
 375354 228800 197064 326062 336554 290815 403094 511046 522263 474266 487290 567480 669181 817082 703682 759316 816582 1.21606e+06 1.19188e+06 1.21071e+06
 316162 197197 254573 284397 305871 394185 441681 592205 590818 691499 786828 1.17466e+06 1.34467e+06 1.70641e+06 1.75159e+06 1.55309e+06 1.66593e+06 1.54626e+06 1.22946e+06 925163
 458180 435592 443453 411295 448199 381626 390548 403234 325440 278483 269964 322563 322204 327567 353754 435734 429082 452447 571011 600150
 347464 158550 166959 187786 172345 204125 383027 517969 521990 775167 1.20442e+06 1.23547e+06 1.22523e+06 1.43453e+06 2.17268e+06 2.41021e+06 1.79276e+06 1.26389e+06 1.00236e+06 864240
 356767 250727 275468 297095 393321 356308 355177 517697 610779 706561 1.05241e+06 1.05006e+06 1.12696e+06 922692 722389 519902 548554 470803 335590 232038
 426873 391993 497269 621048 643087 533289 630058 723068 659858 551383 397304 417808 499865 509065 505981 524115 774703 888908 725475 770538
 328133 81303.1 45443.4 25531.1 9395.27 17285.9 8667.97 7919.44 7989.76 7074.58 9274.71 10110.6 15598.1 25059.1 24827.1 31816.5 65543.3 80639.2 101152 192796
 336974 134407 48317.2 7466.26 129.378 136.394 49.1161 15.3962 7.8334 2.86804 2.28668 2.06556 2.01292 1.3916 0.538628 0.360104 0.260395 0.144878 0.142377 0.104577
 326598 152654 146512 174183 222872 312880 334627 427727 549382 730577 690692 674597 818795 975317 1.34155e+06 1.48526e+06 1.51333e+06 1.6833e+06 1.07585e+06 520358
 461457 252378 192895 180240 141356 114971 92957.9 132742 101472 104192 100199 141303 134720 136225 199108 252285 333220 387642 528747 627007
 333879 187290 137219 126555 109483 103599 185897 238506 283902 352744 448650 439514 393833 386853 494742 566397 941807 1.28527e+06 1.17255e+06 1.22324e+06
 364042 199313 198769 183520 175129 229892 208616 211863 231973 259420 307087 590235 512031 362855 367431 502589 603673 683497 857128 846110
 453165 300849 238664 189748 254189 368910 418331 429580 451557 706696 720777 715925 644686 717950 898600 820743 912162 1.03514e+06 959849 810411
 398034 347831 264431 235778 393125 473109 658003 950536 1.22334e+06 1.29079e+06 1.26009e+06 1.51933e+06 1.21927e+06 1.46468e+06 1.80257e+06 1.54048e+06 1.49434e+06 1.91207e+06 2.40561e+06 1.75359e+06
 417218 317733 289593 316005 539176 864012 639707 792164 938257 1.11951e+06 909611 817331 1.08679e+06 881897 788305 739306 727702 772737 826605 573677
 440823 362719 331754 304444 408658 489150 747552 1.00397e+06 1.00475e+06 1.0534e+06 863835 794644 993348 898741 713295 823739 807420 739150 675796 645135
 374287 203996 166948 126922 103895 236758 257080 314540 355357 357075 388476 530599 702435 757434 597557 814207 1.16264e+06 1.57492e+06 1.69791e+06 1.87093e+06
 348627 244134 243613 245906 250668 218052 350669 498715 779354 775704 735649 717592 734515 861158 686647 609817 850068 1.0114e+06 1.1452e+06 1.07696e+06
 415510 222777 152217 182686 119777 106883 119945 184708 240556 241485 204669 128363 126407 195655 247262 298979 278366 406348 463230 597657
 424673 261747 179735 132711 104549 138401 166795 271216 390836 410461 651107 915124 853222 755281 658215 556736 719735 819841 1.07529e+06 1.07866e+06
 384216 248603 320838 427507 488408 523334 579452 882515 1.23757e+06 1.3273e+06 1.86162e+06 1.91181e+06 1.55819e+06 1.2252e+06 1.09669e+06 1.36124e+06 1.3656e+06 1.51279e+06 1.91333e+06 1.89172e+06
 358684 184796 126178 102638 134587 124214 136538 253923 429218 508597 465204 351428 309254 367810 383755 313509 274752 288984 295929 446633
 392622 275490 169024 158849 150566 169371 202188 250131 289057 383954 385852 518356 507872 353225 274780 364303 628112 898138 863846 866719
 354257 240973 211163 178529 204899 247244 350105 457297 609646 682362 470709 434508 438562 378307 300252 302926 253086 490663 538897 629479
 361042 251710 234991 245755 186730 152346 119160 100430 102272 120990 114626 175837 240020 488341 617334 1.00527e+06 1.49876e+06 1.55137e+06 1.51337e+06 1.40481e+06
 384058 147965 82487.3 61566.7 67688.8 85345 174624 383796 461618 642005 659598 747354 641069 680330 1.06421e+06 1.06444e+06 1.3257e+06 1.3411e+06 1.25208e+06 1.47957e+06
 320761 137416 133641 181620 228967 373296 714175 797151 793354 1.0712e+06 886294 653306 463178 259900 375201 368445 338925 359304 480537 485148
 348787 202661 316309 503397 529164 537418 491206 529909 564593 791861 951960 1.17302e+06 1.1689e+06 1.06374e+06 949552 780489 872190 1.2497e+06 1.21139e+06 1.14284e+06
 464218 325645 276555 212496 236590 497330 698431 705821 1.08262e+06 915297 847671 759764 634652 317837 199962 331686 413318 632995 869804 1.08895e+06
 392803 307836 316133 327379 314778 736156 720122 625589 675319 676294 515614 621711 749176 877325 1.08975e+06 1.17976e+06 833658 674001 704192 628251
 340341 257045 280101 264707 325405 565105 712071 915468 918452 686777 502788 443934 522974 639007 759431 832911 935361 1.05063e+06 1.21145e+06 1.43748e+06
 338363 154302 235404 389172 402704 378740 343077 405510 506732 624822 701818 749110 711825 841271 1.12854e+06 1.00687e+06 758287 570202 441242 519232
 385951 320512 258258 242011 310725 455838 632235 646853 713228 739256 810736 950281 1.05502e+06 1.1835e+06 1.04049e+06 1.00966e+06 1.28976e+06 1.01107e+06 805933 878441
 407068 298463 244113 309379 330269 357239 533307 631274 602667 627953 668685 811131 800437 628454 817395 719282 654657 883267 877460 934495
 400901 123216 67164.3 92392.1 70169.2 98597 112967 134540 231088 307944 401869 444255 536287 546534 611794 656342 727311 841619 876263 751907
 348154 249704 233573 358459 383488 360488 535825 742327 879915 1.14837e+06 1.2177e+06 1.15613e+06 1.04204e+06 2.17919e+06 2.23141e+06 1.72039e+06 1.47905e+06 1.76097e+06 2.04104e+06 1.35979e+06
 366756 256234 224146 213265 210405 371922 501121 531099 484961 542245 543329 618523 813006 766019 671070 690505 876801 1.00744e+06 950110 840180
 373861 203286 254327 322678 436001 649769 814438 970149 1.19017e+06 1.16499e+06 1.14948e+06 1.27054e+06 996721 610421 443152 427820 489450 767137 520294 417964
 328920 160062 140665 191686 385206 463692 769202 933846 943121 1.01706e+06 1.01594e+06 782128 810858 1.01017e+06 1.18709e+06 999042 867342 829946 726011 801538
 358159 202809 131359 141625 124623 188409 211680 199998 147234 115279 99553 119036 144775 156888 375940 380481 298486 245593 272454 390270
 374319 334719 315354 306165 371495 490271 604970 611833 647836 721228 872129 946646 624382 761319 1.02401e+06 1.27009e+06 1.30825e+06 940657 732662 506915
 389506 87242.6 14088.7 139.802 148.517 126.409 23.8955 11.6809 5.76354 111.26 4.28278 4.07389 1.26673 0.985322 0.691135 0.442226 0.241353 0.227015 0.146193 0.0512928
 326554 189790 211412 313266 394963 490952 840358 1.1284e+06 874319 921397 729527 418355 372699 371890 483556 518089 553430 807832 1.02836e+06 927640
 441284 348283 349062 456198 478504 485460 570447 612530 558241 505093 561822 707119 901692 854654 667999 564731 536874 548274 985239 1.09174e+06
 351528 280160 503121 557095 470907 714441 797634 932524 999062 1.14166e+06 1.03336e+06 897819 793423 728752 564407 426800 573498 722283 840319 862378
 413986 228867 127895 129351 86718 69822 135887 192982 179243 152739 248918 479154 729251 909515 928918 1.11696e+06 1.07225e+06 982446 1.19779e+06 1.44409e+06
 396417 276176 339462 551157 601099 775649 1.21748e+06 1.17223e+06 991351 1.06471e+06 1.1995e+06 1.44636e+06 2.39777e+06 2.23548e+06 1.97683e+06 1.57039e+06 1.98835e+06 2.43746e+06 1.69733e+06 1.39582e+06
 376981 296455 536038 587983 801811 985688 967010 756873 753379 853308 760626 708235 559180 405854 285019 291736 318806 278771 318868 553086
 391376 338820 302539 286444 272774 260075 405227 414125 416500 469620 407154 424794 510673 567627 733095 868036 924443 1.51588e+06 1.59151e+06 1.47528e+06
 454981 537461 614110 469204 271715 255204 279325 380369 506135 562711 700109 799101 939949 937533 1.22982e+06 1.23959e+06 1.08633e+06 887843 794916 564820
 331287 175752 268546 254110 236406 249006 254402 401035 682264 889467 972292 808422 647109 647098 623645 345561 152193 98190.9 52170.5 48453
 382346 234844 218478 292761 301362 400400 346558 332176 549171 770722 814717 873328 1.10218e+06 1.12456e+06 1.17026e+06 1.25163e+06 1.18287e+06 982699 745152 792268
 425621 424193 355086 257488 184250 132411 109845 136041 141160 213380 667992 896436 956870 879618 851255 713446 460266 445121 637256 722397
 323608 234521 319554 285649 302372 384817 374350 407299 559311 541189 433491 524338 618709 794878 762774 827830 824299 584540 493803 415534
 407066 243281 224290 229229 286999 330897 423075 509263 535487 658448 687416 687390 967389 1.15123e+06 1.49767e+06 1.48677e+06 1.62485e+06 2.1938e+06 1.58191e+06 913733
 325927 233633 221241 313683 546483 677231 706613 854449 1.01564e+06 831490 723092 831111 842366 923881 881876 1.00389e+06 1.18434e+06 796078 756828 736352
 292236 96715.7 120162 174689 171317 187287 210653 178789 264368 415026 531224 600876 654379 690840 732221 829679 829544 903550 932176 944432
 405658 272419 153890 154656 136116 208279 316722 382022 405191 467280 463022 417483 401821 432725 505503 611375 613921 642847 734904 880149
 404911 254417 363770 449427 568499 716789 704181 789287 838212 614126 713599 957035 749221 737076 826380 1.09119e+06 1.30291e+06 1.35303e+06 1.28302e+06 1.14082e+06
 424816 328634 384864 504211 623430 889839 985374 885933 720326 637181 745115 1.18438e+06 1.0282e+06 822943 937515 565140 471372 411092 466817 706716
 420571 267803 146223 108061 156781 203829 289446 388748 499585 712363 1.03509e+06 1.163e+06 1.30904e+06 959852 799697 893739 748765 624107 797212 827795
 350657 223308 173528 149295 168597 207815 216031 292272 649558 1.11594e+06 1.38119e+06 1.53309e+06 1.33607e+06 934985 927243 952935 949137 949257 781629 834740
 381748 253073 240272 396483 444304 433119 727714 1.1852e+06 1.60084e+06 1.44076e+06 1.55872e+06 1.40036e+06 1.14291e+06 1.22564e+06 1.2535e+06 1.37634e+06 1.19349e+06 768552 655174 727345
 442263 316570 220431 186387 313599 498430 818703 664331 815575 728786 612547 540057 394441 369819 451213 373006 287437 227787 277680 260016
 428657 301641 255882 335140 408473 544541 705224 573871 450682 527171 753872 948441 1.34498e+06 1.62152e+06 1.50899e+06 1.6437e+06 1.37976e+06 1.17132e+06 1.14131e+06 1.10531e+06
 431260 233713 189075 167081 257204 364671 626197 707079 857417 896260 1.10801e+06 1.18107e+06 1.16266e+06 1.02202e+06 926979 968154 825457 559389 520483 617596
 438297 402671 378480 373668 371618 477794 614227 667455 731765 591216 491477 416759 416749 425652 546542 552763 387307 378795 435817 675363
 401938 242368 228121 183122 104599 110095 153807 300185 282911 347244 552576 671948 709241 1.26006e+06 1.62121e+06 1.30554e+06 945362 838498 805395 692689
 423669 241796 142366 125497 164236 217074 349474 389831 548496 919698 1.31238e+06 1.43714e+06 1.29409e+06 1.01223e+06 814525 524228 295347 290688 354090 430358
 418496 398311 492107 625150 799006 1.1272e+06 1.29968e+06 1.21219e+06 944667 786364 765687 616724 401891 301321 214166 363221 613525 857931 735608 817466
 376157 256024 201691 227037 236819 212384 342459 593273 805161 834484 959811 1.02045e+06 1.04273e+06 1.11995e+06 988423 1.14816e+06 1.03744e+06 933733 723109 901052
 343449 228689 163096 85004.1 54504.9 47626.2 72045.2 169563 249147 354367 478200 480030 469484 518056 620253 672036 585734 707257 694596 568593
 453264 306632 297353 396108 598220 841069 771569 1.11108e+06 1.58651e+06 1.20925e+06 776105 700369 570617 711399 615862 681147 780809 802142 576040 513713
 401956 490268 593719 482365 278828 242487 297954 449057 539426 550462 550486 555673 507341 500743 488378 401460 437151 510905 458496 466831
 359653 296420 267031 268160 220253 228983 228243 244827 281727 319467 336431 383771 328597 270234 305275 377750 322356 337867 386452 467431
 414525 261912 175548 133732 179736 220005 488356 463969 458160 426928 356080 417838 718909 1.2522e+06 1.40832e+06 1.49427e+06 1.42759e+06 1.26574e+06 1.10622e+06 793549
 381003 273561 223931 222413 367917 660947 846747 1.42279e+06 1.36459e+06 1.17049e+06 1.12476e+06 1.16913e+06 1.22402e+06 1.08036e+06 1.10451e+06 1.23159e+06 1.55628e+06 1.74902e+06 1.75612e+06 1.86965e+06
 445754 381161 391972 423826 491482 731581 731970 662350 861651 843896 786766 850317 1.03697e+06 1.07013e+06 921215 690906 486441 445693 410145 274372
 375890 275010 223000 189009 281778 427359 481826 449842 526848 602784 609518 631533 705704 911234 980028 1.22114e+06 1.01751e+06 816395 656597 551032
 404481 369934 434424 451334 645961 1.01134e+06 1.22595e+06 969456 958620 1.32565e+06 1.5416e+06 1.43553e+06 1.2673e+06 1.50224e+06 1.45753e+06 1.60217e+06 1.54106e+06 1.07892e+06 712521 609586
 385022 264308 213291 277395 275358 247426 273022 360032 429382 346898 224036 301822 357571 361737 424674 510558 730832 628138 493736 507886
 406070 232195 201762 225070 415923 329033 317093 538765 814343 921965 852961 1.03913e+06 1.1473e+06 1.60876e+06 1.32191e+06 913613 1.08842e+06 1.4727e+06 1.65494e+06 1.36742e+06
 367797 217333 180831 181420 153040 116210 157839 381602 704064 621946 455302 369326 376981 638601 1.1068e+06 1.52554e+06 1.27654e+06 1.143e+06 1.06718e+06 1.0346e+06
 467184 491762 521432 662403 1.00218e+06 1.12617e+06 1.74023e+06 2.00947e+06 1.61463e+06 1.18286e+06 911157 914864 864415 1.0001e+06 1.21838e+06 2.04208e+06 2.44254e+06 1.79876e+06 1.21119e+06 1.02419e+06
 400889 436180 815377 906002 883934 1.28181e+06 1.05283e+06 874045 813397 772242 934199 903917 862186 574802 499211 443324 497291 709811 876125 840067
 394533 247624 332637 526128 587445 541277 546515 714237 840097 641890 764495 809127 1.19256e+06 1.71109e+06 2.04533e+06 2.05631e+06 2.00928e+06 1.9532e+06 1.12962e+06 908585
 338065 173108 144133 133662 172685 230297 457633 789928 1.21832e+06 2.01211e+06 1.7785e+06 1.54333e+06 1.75927e+06 1.456e+06 1.78996e+06 1.71207e+06 1.16484e+06 1.03514e+06 873056 602859
 435053 275668 240557 441974 476569 459691 473989 504755 566399 870085 887970 582329 447636 442847 562898 688133 641369 621302 695016 593485
 384017 249716 236379 224433 259508 437298 640851 757110 935585 1.10204e+06 1.21192e+06 1.5566e+06 1.79697e+06 1.56082e+06 844197 627480 541670 439474 577396 417796
 436318 427442 383643 424444 463160 775489 1.247e+06 1.73283e+06 1.53988e+06 1.43445e+06 1.72191e+06 1.49989e+06 1.18067e+06 1.08885e+06 1.4015e+06 1.34282e+06 1.36689e+06 1.16802e+06 908340 788373
 352627 205209 329607 396027 351945 308358 277532 219166 231408 266029 243102 231809 265047 288097 429119 530618 550804 543539 753704 843863
 390823 299631 333075 462751 764785 1.09403e+06 1.18997e+06 1.32294e+06 1.17055e+06 959527 731669 593266 666009 969943 916469 850673 1.04814e+06 1.05291e+06 1.17517e+06 1.1941e+06
 425093 423554 400089 296433 322820 439503 424482 487621 576009 498311 497399 461582 419672 313809 338577 327802 388471 657701 995501 1.40113e+06
 368109 245578 294533 347563 405406 364075 295832 332356 421428 506377 903683 1.47241e+06 1.97719e+06 2.20832e+06 1.87071e+06 1.31974e+06 1.58675e+06 1.85955e+06 1.57698e+06 979564
 446542 302036 231760 242711 384826 474231 612855 1.09127e+06 1.29457e+06 1.49617e+06 2.10482e+06 2.29857e+06 1.90518e+06 1.53247e+06 1.68684e+06 1.47177e+06 1.62925e+06 1.32073e+06 1.37554e+06 1.65892e+06
 427092 288788 231674 297825 305240 386336 587115 962367 1.07373e+06 908847 1.1878e+06 1.65547e+06 1.67333e+06 1.5473e+06 1.19503e+06 908843 784290 663047 689103 581601
 401385 324498 469257 682959 693480 845959 1.05188e+06 949898 783403 770780 759075 669448 475964 360703 342268 258380 316821 346254 439267 535817
 393150 297800 240961 252582 206882 215028 288988 337533 334919 576981 581747 638153 920750 1.18771e+06 1.36053e+06 1.83191e+06 1.81272e+06 1.43937e+06 1.58358e+06 1.55441e+06
 406303 338868 366722 413828 458016 482890 289064 173215 177093 208114 180950 170410 289679 427281 552473 674663 576505 437918 366549 383832
 418774 342353 368307 637053 855281 1.00228e+06 1.27595e+06 1.02258e+06 812143 1.20546e+06 1.36663e+06 1.07024e+06 792320 547633 692453 822260 956345 827870 649089 615662
 395515 325742 510642 484124 527911 624286 818605 1.20095e+06 1.27021e+06 1.13542e+06 990758 888442 878423 840320 1.03231e+06 764438 548787 793926 983038 864070
 356147 264352 461980 571769 743529 746401 1.08761e+06 993771 1.2288e+06 1.46213e+06 1.22099e+06 1.00073e+06 1.26187e+06 1.23308e+06 1.2094e+06 1.27447e+06 1.05472e+06 709060 474599 346172
 452082 368398 268273 196339 169088 328020 458292 534292 1.18979e+06 1.48398e+06 1.72929e+06 1.73346e+06 2.31125e+06 1.52421e+06 785961 700823 1.03567e+06 679969 543919 673426
 391916 379519 470161 421032 369605 366035 405218 366161 405082 417772 398185 483057 436060 557632 587553 569825 775027 971450 1.04042e+06 1.26089e+06
