 429388 353311 339895 327173 300528 304308 292478 383573 725186 836236 967985 973978 826974 907646 1.084e+06 1.37315e+06 1.78243e+06 2.14954e+06 2.21614e+06 2.48242e+06
 428514 339984 378285 370338 337454 373131 368462 407356 448797 728546 833689 738050 730371 729332 746975 869163 818938 928707 1.21168e+06 1.62835e+06
 424795 278866 259834 409921 664715 1.22594e+06 2.14925e+06 2.4252e+06 2.2942e+06 2.14796e+06 1.61074e+06 1.47192e+06 1.52489e+06 2.01145e+06 2.30772e+06 2.30318e+06 2.12537e+06 1.94065e+06 1.69494e+06 1.70077e+06
 432648 417495 383568 486086 530383 555242 499778 512440 677499 592896 478559 508732 565029 641082 963570 1.54091e+06 1.61132e+06 1.39129e+06 1.82234e+06 1.86663e+06
 434920 479509 633451 738078 810859 716683 643645 601490 578855 511155 526320 622377 1.00717e+06 1.20728e+06 1.36207e+06 1.44021e+06 1.37943e+06 1.08137e+06 674324 497814
 444509 495276 635768 909120 1.35142e+06 1.22273e+06 935676 800035 587479 580335 773832 774147 890254 1.00296e+06 1.11593e+06 1.18171e+06 1.30921e+06 1.7138e+06 2.0846e+06 2.11017e+06
 428984 354149 419442 402977 469746 454943 384590 413291 652471 568654 535304 427200 515871 493576 423989 425332 357664 349923 389946 407641
 394137 444004 683100 967565 950733 1.19482e+06 1.19069e+06 1.45694e+06 1.68913e+06 2.17291e+06 3.30584e+06 4.85897e+06 5.63096e+06 4.5713e+06 4.07235e+06 3.3875e+06 2.71328e+06 2.60913e+06 2.11494e+06 2.08024e+06
 409007 637916 911534 986062 989489 1.18221e+06 1.26811e+06 1.10444e+06 1.03665e+06 1.51441e+06 1.34419e+06 1.00745e+06 920501 1.06381e+06 1.14691e+06 1.24148e+06 1.05619e+06 1.05056e+06 929925 996810
 402885 498042 841129 1.30491e+06 1.23421e+06 1.17597e+06 1.08341e+06 1.38164e+06 1.55169e+06 1.36565e+06 1.05217e+06 802259 593178 494954 353926 261455 252800 209305 220466 298869
 387359 231473 171576 165401 175819 224369 352129 430091 617065 787477 788849 724713 674946 895594 1.30201e+06 1.60765e+06 1.91591e+06 1.68989e+06 1.43449e+06 1.16064e+06
 393648 333514 301593 324977 377754 443400 518828 600206 702338 795434 685489 418658 246210 164735 96689.2 49928.2 52939.2 55008.7 66912.1 70761.9
 375186 247940 251915 242728 241311 234424 271501 320452 554041 906754 1.13382e+06 1.42763e+06 1.58798e+06 1.3428e+06 1.42729e+06 1.46728e+06 1.22403e+06 1.0219e+06 835711 723880
 395264 320908 287333 275834 404957 425635 404378 462160 432930 577996 693021 1.2797e+06 1.51834e+06 1.53638e+06 1.52766e+06 1.47949e+06 1.26233e+06 1.13601e+06 971593 767546
 410597 385564 506313 782556 800517 1.20252e+06 1.84871e+06 2.01625e+06 2.26468e+06 1.94202e+06 1.70967e+06 1.67509e+06 1.94649e+06 1.80464e+06 1.49181e+06 1.26387e+06 1.47363e+06 1.53695e+06 1.34309e+06 1.26214e+06
 407104 439494 587185 735213 790146 718642 620650 638320 724639 807737 1.15686e+06 1.55978e+06 1.78196e+06 2.87964e+06 2.755e+06 2.02208e+06 1.86674e+06 1.84923e+06 1.75178e+06 1.19508e+06
 411806 324127 451952 569352 660509 1.11332e+06 1.60452e+06 1.78988e+06 2.11037e+06 1.94364e+06 1.58e+06 1.685e+06 1.88881e+06 1.62575e+06 1.52078e+06 1.53951e+06 1.23002e+06 1.00692e+06 1.05096e+06 1.13657e+06
 409137 397375 410580 397867 385970 401279 503492 572003 646481 678843 649279 651951 861275 1.10004e+06 1.25576e+06 1.3485e+06 1.41495e+06 1.00768e+06 720988 620534
 404913 459913 466062 482661 485386 666021 950461 1.06114e+06 1.00029e+06 1.06341e+06 1.20217e+06 1.07362e+06 1.18086e+06 1.79443e+06 1.89433e+06 1.45903e+06 1.08025e+06 880011 981389 972743
 412923 430106 343180 308024 372786 581548 778958 801325 767024 871821 1.1287e+06 1.81238e+06 2.18202e+06 2.43935e+06 2.20144e+06 1.74881e+06 1.47257e+06 1.58939e+06 1.64422e+06 1.43868e+06
 416904 308663 290885 384988 487766 629926 660377 821905 759937 748664 742223 676045 522959 393194 300700 377082 675448 997197 1.51573e+06 2.25099e+06
 425545 466780 663848 1.28377e+06 1.67016e+06 1.64371e+06 1.73487e+06 1.76886e+06 1.65344e+06 1.13035e+06 989909 1.09592e+06 1.59044e+06 2.01792e+06 2.26997e+06 2.1977e+06 2.35942e+06 1.86495e+06 1.08522e+06 722800
 423613 514827 713538 670308 872524 1.20055e+06 1.2869e+06 1.39105e+06 1.31577e+06 984218 721898 555044 414263 370021 435509 607582 621109 601346 743153 943167
 418764 444383 519151 727146 784617 848476 785892 655968 649493 593531 640762 602340 598754 588914 735215 993550 1.07333e+06 944021 1.2133e+06 1.55082e+06
 433995 378351 407542 805781 1.17594e+06 1.21511e+06 1.3247e+06 1.40894e+06 1.64878e+06 1.56721e+06 1.58241e+06 1.741e+06 1.40777e+06 1.27239e+06 1.36266e+06 1.53544e+06 2.03018e+06 1.89996e+06 1.62198e+06 1.94572e+06
 420371 290089 242534 274644 295981 296912 274549 309022 418424 414221 364326 377241 470955 750879 1.17078e+06 1.39097e+06 1.3988e+06 1.33449e+06 1.01857e+06 884509
 432327 548781 692911 666510 695706 670888 809013 817105 771342 738095 656086 609588 540546 742964 830967 888321 774190 706094 645491 690746
 418651 376273 339543 400161 514969 663015 732836 707287 930571 1.05112e+06 1.48566e+06 1.49385e+06 1.16751e+06 1.14184e+06 1.26716e+06 1.1876e+06 1.08844e+06 1.04135e+06 1.20174e+06 1.45624e+06
 413082 353508 488841 736201 931331 896929 911718 1.0205e+06 872150 739436 835993 926728 886089 938904 906657 940847 1.04581e+06 1.38871e+06 1.44689e+06 1.3365e+06
 405862 584478 817012 1.03781e+06 985438 796541 662500 433425 404580 435879 359856 361703 376026 537094 878548 844316 791201 773035 645281 714549
 392140 438583 892913 1.06235e+06 977731 1.01675e+06 1.43879e+06 1.28478e+06 1.2041e+06 1.5704e+06 1.41956e+06 1.30902e+06 1.29411e+06 1.73456e+06 1.75814e+06 2.04182e+06 2.14356e+06 2.16166e+06 2.1293e+06 1.84618e+06
 394807 286396 213945 212587 180633 142252 153946 171034 192025 194905 215645 359333 502507 510931 525164 525192 514843 518254 600033 574711
 393512 387116 433933 422628 267512 306710 376368 373666 406816 388034 311894 345140 566285 799444 1.12765e+06 1.70467e+06 1.99064e+06 2.11683e+06 1.824e+06 1.50435e+06
 411326 479908 563093 569175 446383 351762 290859 258404 272102 299969 381437 435129 531195 783093 967969 1.18095e+06 1.27044e+06 1.25385e+06 1.47928e+06 1.34519e+06
 390070 309088 350570 352348 393246 483901 450592 503687 625344 522676 378021 348678 368703 562031 762962 725298 605850 565870 437269 349774
 387629 364783 525900 702092 952828 1.22602e+06 1.35802e+06 1.88959e+06 2.05568e+06 1.82077e+06 1.72084e+06 1.78918e+06 2.18088e+06 2.14491e+06 1.79626e+06 1.40582e+06 1.17636e+06 899015 599190 509124
 385921 364626 579124 711157 1.09555e+06 1.38893e+06 2.04671e+06 3.12158e+06 3.37179e+06 3.46606e+06 3.04071e+06 2.31801e+06 2.52581e+06 2.48307e+06 2.09098e+06 1.71568e+06 1.34854e+06 1.02297e+06 964324 833293
 376293 536297 494922 445040 495397 596771 1.10489e+06 1.89827e+06 2.69662e+06 3.04728e+06 2.63948e+06 2.1138e+06 1.4233e+06 954594 906206 880123 778936 852597 768029 1.09117e+06
 370810 282292 317501 339525 383190 320494 244647 196572 246774 255790 311202 313710 368047 483618 561813 630950 633976 636110 630438 547505
 368037 346493 533795 518980 464487 510774 573116 509439 520144 598113 786341 800120 809943 1.00331e+06 1.23703e+06 1.35137e+06 1.27399e+06 1.33743e+06 1.92194e+06 3.02135e+06
 370907 265700 274539 223774 231601 347395 469610 555562 562223 552360 514201 520781 696026 581931 408817 302007 199819 149395 159928 214426
 372707 470209 508512 764296 796976 758987 938265 926072 897411 1.25981e+06 1.21239e+06 1.15624e+06 1.10524e+06 1.07589e+06 1.12568e+06 1.01247e+06 921067 1.34746e+06 1.49998e+06 1.29933e+06
 370851 336467 213814 275240 320884 366958 457557 586072 695334 747450 1.19497e+06 1.42551e+06 1.8266e+06 1.85593e+06 1.36098e+06 993972 747562 586366 488850 430122
 367461 265285 249845 309757 354300 512428 476932 504692 528560 825183 1.03218e+06 1.18685e+06 1.19892e+06 1.37806e+06 1.67271e+06 1.82894e+06 1.89867e+06 1.8044e+06 1.9586e+06 1.9939e+06
 369408 446917 513393 537186 734488 717855 597694 509836 389467 457780 597948 947234 1.3087e+06 1.54203e+06 1.72917e+06 1.4042e+06 1.19564e+06 1.32372e+06 1.43939e+06 1.36763e+06
 378943 392191 467578 517975 535556 530218 601234 570073 502922 450053 457353 590355 657965 882983 1.05667e+06 1.21389e+06 950869 961811 1.11336e+06 978066
 359507 339223 309387 428661 608139 709304 854054 847398 1.01203e+06 1.18285e+06 1.28171e+06 1.67496e+06 2.33863e+06 3.24026e+06 3.10031e+06 2.31621e+06 1.94707e+06 1.64433e+06 1.21918e+06 1.10675e+06
 371668 323665 336006 535629 712546 1.07742e+06 1.14465e+06 1.03994e+06 1.12074e+06 995165 821021 792968 906719 861675 751316 769056 686239 651712 612135 734472
 367132 342262 451499 574911 687030 1.02069e+06 1.1613e+06 1.20015e+06 1.42965e+06 1.53381e+06 1.59586e+06 1.33369e+06 928248 734402 442279 405921 537097 931998 1.04543e+06 1.32148e+06
 376335 307878 351253 428775 733151 999070 1.10448e+06 892187 975911 1.16287e+06 1.08264e+06 809198 583652 500759 511523 454987 604918 625090 868903 1.00789e+06
 359483 174466 147170 121808 136953 151331 322287 358215 399932 611157 837301 1.02166e+06 1.31279e+06 1.70382e+06 1.73067e+06 1.66704e+06 1.68249e+06 1.92052e+06 2.04332e+06 1.89395e+06
 381987 324179 259116 178961 244027 351838 428763 730119 775064 901395 1.0491e+06 916729 956042 938759 926267 777704 597797 407763 284370 315188
 378857 247027 233308 218695 251261 346429 430167 454789 526512 638178 710538 917784 981279 947785 774447 645769 685756 835650 962240 1.10028e+06
 380807 261998 194855 170807 187892 264546 449628 598599 834724 937850 1.32605e+06 1.35538e+06 1.16971e+06 1.01399e+06 1.02898e+06 982551 1.09864e+06 1.10007e+06 1.01464e+06 1.0254e+06
 400733 352044 308063 305098 336720 322851 407462 554166 785380 959762 1.17512e+06 1.13797e+06 1.1023e+06 1.06315e+06 993917 1.2768e+06 1.06104e+06 886841 747333 667673
 391005 411433 440173 538244 847786 1.13776e+06 1.14186e+06 989470 1.30237e+06 1.76077e+06 2.05363e+06 1.76314e+06 1.53684e+06 1.62635e+06 1.31154e+06 1.00075e+06 1.24215e+06 1.30311e+06 1.5802e+06 2.06979e+06
 396159 342647 324154 308370 255324 222312 216562 198130 207088 256008 402759 649861 658520 714075 916139 1.02325e+06 941980 745935 673936 592974
 384298 270343 256993 221255 254915 447693 715170 779368 690471 732196 938220 1.00704e+06 1.03478e+06 810130 690360 661429 736462 709839 858485 761494
 407511 501125 469818 571587 657359 610520 686732 783575 1.39715e+06 1.96679e+06 2.58279e+06 2.54881e+06 2.21864e+06 1.9005e+06 1.95165e+06 1.83787e+06 1.6966e+06 1.43426e+06 1.22066e+06 1.30371e+06
 402792 329370 392285 365681 375594 498561 433259 391512 359415 501631 526770 479447 410870 320169 329402 370622 345125 376480 468138 548317
 395721 481769 402942 355882 431800 641343 844132 882364 1.07172e+06 1.23216e+06 1.16988e+06 1.35617e+06 1.75659e+06 1.60016e+06 1.25567e+06 1.03108e+06 1.11693e+06 1.15227e+06 966786 774068
 386187 450055 399840 366402 512144 580513 762499 933190 908658 874410 879935 841986 1.10934e+06 1.28859e+06 1.1408e+06 905672 628873 495077 533373 853613
 373698 261513 213348 272604 384157 581667 802647 806422 918218 1.10406e+06 1.12599e+06 851412 793138 884162 895241 854804 879648 811278 680830 692391
 371680 205252 214010 296196 416597 656829 770780 838455 1.12446e+06 982225 893957 915607 737013 639847 595222 509788 447110 374537 378118 333118
 379637 264759 271205 255350 304194 473679 638856 771654 919219 1.31064e+06 1.72114e+06 1.75233e+06 1.60437e+06 1.52013e+06 1.26395e+06 1.05681e+06 1.18151e+06 1.1415e+06 1.23722e+06 1.46791e+06
 393431 324678 371300 438389 375007 325648 399870 507055 602892 751623 1.05863e+06 1.34723e+06 1.65178e+06 1.36704e+06 1.00284e+06 700814 482302 496457 549685 764428
 381670 259535 295559 417385 527937 679492 811611 878978 1.0263e+06 966838 881655 772220 709678 644244 697252 708561 643569 729878 804195 712400
 391153 408352 514287 454065 439985 669996 896437 1.01797e+06 934728 755065 622226 546295 671921 827709 842793 831864 668445 555029 513293 514670
 396584 281795 252741 335544 304273 255243 338363 391107 608426 807721 1.07078e+06 1.44886e+06 1.23257e+06 1.11829e+06 1.16664e+06 1.16627e+06 1.4169e+06 1.95227e+06 2.09572e+06 2.51534e+06
 405936 305659 387685 559376 763203 1.01437e+06 1.50875e+06 1.86715e+06 1.55573e+06 1.22539e+06 936879 634360 433809 291057 246222 317514 479040 632244 882777 1.1056e+06
 389833 270653 227881 250688 306749 550415 597326 614454 628872 715784 932273 1.06079e+06 1.33966e+06 1.8903e+06 2.58878e+06 2.54098e+06 2.47463e+06 2.44152e+06 2.69838e+06 2.96662e+06
 386019 231831 285170 361107 410816 421649 416731 409571 453650 451730 789309 1.17479e+06 1.40474e+06 1.97014e+06 2.13521e+06 2.90845e+06 3.29284e+06 2.70595e+06 2.05691e+06 2.02708e+06
 388177 308385 257477 267113 293780 402984 654672 733831 670419 709212 844828 814480 613919 572809 571159 833944 824548 646106 632721 681182
 386305 272862 275644 245837 276171 294186 309453 404218 524150 466418 377294 343204 371586 449859 571863 724748 768476 783623 874677 903878
 381460 198209 160755 290080 352982 469867 587630 736743 730971 535891 417311 403175 402129 502077 744280 893010 1.06746e+06 1.06883e+06 1.00767e+06 886586
 381674 205190 154610 117158 124758 192218 346382 533447 770209 1.34109e+06 1.37557e+06 1.79577e+06 2.09234e+06 2.31863e+06 2.15571e+06 2.02273e+06 1.87505e+06 1.49783e+06 1.48927e+06 1.75535e+06
 423667 439649 749075 869814 869835 857038 982429 985016 845190 736376 863991 1.03707e+06 1.4287e+06 2.04096e+06 1.93197e+06 1.49357e+06 1.26274e+06 1.30265e+06 1.10751e+06 987692
 415824 336952 367808 336543 346725 339158 439591 624576 791554 922061 1.08456e+06 1.16473e+06 888605 796653 663525 561388 559685 627800 660536 560622
 409325 211424 223730 330931 441697 454116 454871 498809 475208 467961 520615 470170 450467 399285 293022 248236 325722 413594 409004 418222
 416244 366495 477393 590968 669321 772708 849368 925067 1.08497e+06 1.15177e+06 1.07515e+06 972419 939040 669039 561524 718286 790512 764330 604927 480890
 389350 239631 189403 161636 182683 197086 227074 278750 338253 444287 549172 586230 581834 509587 553155 581504 871167 1.11276e+06 1.37174e+06 1.65616e+06
 399706 368681 316053 316074 369812 515447 505869 524365 711314 814776 946276 1.22146e+06 1.30759e+06 1.80739e+06 1.74233e+06 1.41112e+06 1.29226e+06 1.42541e+06 1.5813e+06 1.22991e+06
 393148 263165 254362 244693 310126 429611 463031 425626 508515 513665 718055 720065 638502 626748 578345 593668 483960 525555 525931 463850
 397079 316906 265080 211966 195374 199291 328583 460875 758652 1.19358e+06 1.55531e+06 1.80695e+06 2.02746e+06 2.21659e+06 2.18037e+06 2.13024e+06 2.18529e+06 2.68221e+06 2.39868e+06 1.79431e+06
 388314 298512 270944 376148 554479 1.38832e+06 2.23518e+06 2.63149e+06 3.01934e+06 2.42849e+06 1.96791e+06 1.67626e+06 1.56284e+06 1.68471e+06 1.56296e+06 1.14677e+06 1.25304e+06 1.53272e+06 1.94237e+06 2.59183e+06
 384494 319024 313809 355222 283371 287797 302708 208140 227287 316426 285524 266688 242776 263808 347722 356137 317501 334312 408116 385507
 383464 322116 376375 492207 591952 802330 1.17223e+06 1.41747e+06 1.57321e+06 1.43097e+06 1.24539e+06 1.16208e+06 1.38759e+06 1.44221e+06 1.67798e+06 1.89048e+06 1.8189e+06 2.15563e+06 2.14827e+06 1.6922e+06
 376833 246089 156970 130609 78805.8 52298.6 97549.4 118719 147087 149724 167224 219041 260568 333497 519878 825287 856777 722408 542050 392134
 394890 275581 274941 427216 821443 943473 910701 856953 761791 714130 775856 762131 767706 746573 948961 1.08309e+06 1.01629e+06 1.2187e+06 1.19142e+06 1.45225e+06
 387166 235331 208433 220428 187336 175007 285668 320058 337958 418583 407708 587127 593433 607814 605724 710587 700419 731041 595452 542695
 385309 452377 594420 899386 1.20325e+06 1.20967e+06 1.32382e+06 1.22473e+06 777899 559413 403823 308069 300496 302988 323814 500427 543239 632824 765732 850971
 361141 218017 141549 166868 153582 239184 339272 397327 592519 893844 1.16212e+06 1.19956e+06 981975 887704 913562 884605 981202 935134 1.13112e+06 1.0926e+06
 356035 278832 350939 375578 447310 583078 973609 1.36339e+06 1.27257e+06 1.84582e+06 1.9542e+06 2.44018e+06 2.40629e+06 1.84719e+06 1.53075e+06 1.63272e+06 1.77264e+06 1.87286e+06 1.62675e+06 1.41443e+06
 346873 227330 165565 162844 148662 208453 254079 328430 354505 371746 476031 661385 673052 827265 1.1492e+06 1.14114e+06 1.06091e+06 1.21378e+06 1.13744e+06 843099
 369500 310143 324708 477629 539037 623414 699317 785901 1.20752e+06 1.69405e+06 1.70439e+06 1.92916e+06 1.7339e+06 1.35752e+06 1.15522e+06 1.22153e+06 1.42025e+06 1.73466e+06 1.36326e+06 1.13376e+06
 372815 293307 325321 509194 538354 478355 539589 809058 1.50736e+06 1.74482e+06 1.7807e+06 1.57052e+06 1.52009e+06 1.3376e+06 996563 855356 744190 591604 645030 687342
 350182 218671 190556 255529 253574 330248 455643 479388 449939 457836 540028 695326 749263 728746 603934 705781 822176 1.26986e+06 1.34068e+06 1.80031e+06
 327133 221378 257693 310506 339308 399611 420545 511786 504972 627858 861102 1.27578e+06 1.53146e+06 1.9419e+06 1.80312e+06 1.64527e+06 2.15878e+06 1.85737e+06 1.48008e+06 1.31452e+06
 311946 254019 320703 338905 378673 364776 335906 338191 260460 225704 250747 236263 204760 234282 328183 368199 326269 399521 554384 584809
 298146 138612 138814 161107 147800 183336 324528 416323 550728 909433 1.29038e+06 1.52549e+06 1.57664e+06 1.76009e+06 1.96785e+06 2.47177e+06 2.13118e+06 1.5949e+06 1.22143e+06 1.18247e+06
 297714 190201 174820 186220 292157 284655 262379 403046 589970 729931 1.21461e+06 1.23199e+06 1.25448e+06 1.03534e+06 873786 695401 565607 410905 282229 181923
 301329 295081 409375 523574 656100 634362 650829 680967 589002 460939 434571 454483 501037 479437 477180 582832 790311 825772 773965 819159
 270947 86916.6 43140.3 31509.4 11051.5 17435.3 8493.21 8882.29 6964.8 7333.97 9882.97 13613.9 17217 23407.1 23808.3 31742.8 50798.6 75768.7 103985 195008
 288924 125445 55902.3 3183.54 0.00166517 9.54332e-19 5.96455e-25 6.34097e-40 4.10085e-46 5.37776e-61 5.1508e-67 6.5702e-82 6.06391e-88 7.30604e-103 5.54886e-109 7.95288e-124 5.86261e-130 6.55939e-145 6.72308e-151 5.26521e-166
 283336 155396 151374 169910 204436 278518 304856 384429 453450 593165 643993 651784 723276 992564 1.28253e+06 1.56181e+06 1.64074e+06 1.61182e+06 1.05471e+06 583098
 291943 213559 138101 137477 110721 108671 86798.4 90637 68192 81753.1 95543.7 110546 126094 148288 189052 240069 327136 412525 646246 684783
 285622 203715 153206 128776 102278 115116 160877 179625 251093 322810 355377 327887 368480 403887 532479 631174 923187 1.39272e+06 1.45446e+06 1.69508e+06
 283565 182806 184360 159305 146893 165907 154216 173383 194347 252901 310635 419240 350003 322747 369003 519465 626913 727009 936732 899019
 291804 179691 156840 119468 211804 254497 293357 346510 428580 661197 610555 601009 759317 875100 888511 882561 976187 979386 940024 829762
 304195 243267 183514 201354 284785 348281 589882 881285 1.16187e+06 1.25518e+06 1.2367e+06 1.3902e+06 1.38908e+06 1.76256e+06 2.05368e+06 2.00299e+06 2.03602e+06 2.62929e+06 2.92917e+06 2.21187e+06
 304401 212725 185477 218772 421830 725255 640684 803655 971829 1.14781e+06 915746 816450 1.01899e+06 839971 914270 843479 873776 975936 992272 751805
 305897 238188 235523 195663 268610 435628 746235 994463 1.06354e+06 1.03394e+06 847965 826508 939991 962455 793928 812497 777970 711526 734456 677079
 295754 161932 119500 93108.6 70996.1 158712 203728 314664 352285 403666 447651 573482 639625 614848 707001 979499 1.39315e+06 1.72605e+06 2.17475e+06 2.65134e+06
 305229 252048 253439 221625 218792 199478 342513 429730 590935 587329 637445 755986 748038 861106 781945 708222 832128 959207 1.1398e+06 979758
 304758 160081 139196 106232 82923.3 89260.6 105942 154299 187003 179935 165361 120841 117022 168935 201158 289180 282195 341685 416307 621424
 318848 224395 163770 105396 93796.4 111554 147217 243973 396283 426066 603495 791233 846786 803575 730669 675536 805252 910928 1.31474e+06 1.48319e+06
 297640 209884 264824 399072 433638 487199 586620 842231 1.18712e+06 1.36406e+06 1.82392e+06 1.90252e+06 1.67911e+06 1.33766e+06 1.23739e+06 1.35221e+06 1.50487e+06 1.7117e+06 2.21475e+06 1.96039e+06
 284498 131887 115203 100257 125326 111302 122877 197267 358788 439864 468907 399713 323275 355935 351166 311900 275219 268446 280479 481047
 295057 223687 171416 161663 141332 145715 210354 243308 242706 323150 338879 455980 443681 335517 297936 353897 560264 727797 797084 826401
 290443 194448 182356 161306 204511 225341 287407 363315 494633 547646 467357 450456 371211 270792 201932 253741 232001 380266 486095 614402
 299727 253878 251939 224859 152875 145390 122659 90275 77543.8 82274.1 84621.1 135949 191700 460254 661854 1.39215e+06 1.96734e+06 1.90357e+06 1.77345e+06 1.92076e+06
 302420 154534 91862.7 70727.7 60231.3 72692.5 144509 335786 566790 771774 726194 672441 689212 856130 1.33939e+06 1.32738e+06 1.46086e+06 1.55535e+06 1.70403e+06 2.38093e+06
 297144 153711 132115 148831 230953 397762 713026 790199 717539 872842 733571 504957 370701 291232 378148 380440 338158 431948 541954 524088
 304413 196803 256835 428796 486721 528709 520694 599743 684415 878139 1.06006e+06 1.34884e+06 1.3413e+06 1.13011e+06 933281 816239 980150 1.17964e+06 1.20765e+06 1.23067e+06
 304908 217659 201028 177359 274328 495169 668474 706609 922103 928450 895786 752268 571802 391636 258090 318043 420989 640776 868992 1.16536e+06
 291339 231483 232009 317267 417485 703789 672957 528189 543144 559600 569130 727118 898167 1.04172e+06 1.24329e+06 1.09941e+06 766317 705516 767370 761867
 291513 256032 232721 209234 330869 489989 618076 772861 816016 651185 444495 421339 465176 481293 660353 863051 974526 1.02656e+06 1.20256e+06 1.67728e+06
 266434 134797 235489 349772 373398 355753 362274 449164 630314 744663 802294 823931 790603 1.0619e+06 1.47428e+06 1.18602e+06 799698 615003 548553 609166
 271534 228548 181368 157274 204719 278859 499130 564871 680541 743402 786948 1.01842e+06 1.18626e+06 1.49619e+06 1.3427e+06 1.22378e+06 1.20903e+06 1.14452e+06 1.1299e+06 1.00142e+06
 272545 224908 204738 282482 326252 377101 505834 531687 507770 551023 631059 827197 874836 665287 744220 710790 756009 834656 816378 1.00825e+06
 259427 108826 69984.6 86081.4 67620.2 90172.3 91127 126005 175917 264502 439305 540466 604680 608982 699499 755189 900936 969438 1.0441e+06 903283
 268010 273202 236836 260027 285254 260166 459598 625709 878248 1.16492e+06 1.17403e+06 1.20428e+06 1.38046e+06 2.11935e+06 2.53029e+06 2.52663e+06 2.41667e+06 2.38634e+06 2.34694e+06 1.82482e+06
 265900 211997 188857 192681 194864 333372 449306 471964 429702 473894 474455 560704 816423 778020 641547 687607 721607 764421 789669 796065
 264375 181744 268416 296609 354094 595777 704344 878724 1.14533e+06 1.24758e+06 1.24606e+06 1.27261e+06 1.04219e+06 663098 488233 429507 476842 607922 520010 450904
 269842 143947 126714 200008 429125 525205 832860 912109 1.00041e+06 1.08759e+06 1.00227e+06 886718 1.00374e+06 1.12238e+06 1.20174e+06 1.08513e+06 1.0886e+06 1.05538e+06 1.00384e+06 1.12471e+06
 280188 189389 123870 98147.2 87171.9 143073 172616 133360 109890 107277 88103.1 88633.7 112285 144933 272396 294889 268753 290677 384085 437593
 287312 300580 288176 317321 364002 433231 565496 617634 616961 680414 822547 814617 632414 702257 906057 1.10195e+06 1.11478e+06 869863 600856 574221
 271705 95553.5 18672.7 0.538096 4.60491e-18 2.7252e-23 3.32392e-40 1.61827e-45 2.94119e-62 1.62291e-67 3.77777e-84 2.12085e-89 3.12252e-106 1.68137e-111 2.77693e-128 1.05982e-133 1.44233e-150 8.19592e-156 1.19311e-172 1.02649e-177
 288244 195012 216138 300798 431347 537906 863610 1.12809e+06 1.0011e+06 801730 658468 494144 455916 376791 502611 613826 615867 740641 905887 982032
 307114 252174 284516 374137 445336 423347 517273 637498 558503 523199 530787 678986 900314 833406 676284 545987 557434 614915 987497 1.10706e+06
 321736 306894 401930 440620 435318 740559 969989 1.17979e+06 1.11681e+06 1.15557e+06 1.11165e+06 1.03831e+06 861629 743531 577945 532675 582630 745179 1.01524e+06 1.0253e+06
 302795 170165 91984.6 96386.7 78734.4 74273.4 141463 203299 193764 163864 290346 414024 578272 945049 1.00432e+06 1.10128e+06 1.07427e+06 1.00307e+06 1.2906e+06 1.59223e+06
 307727 268036 342837 468698 603297 773804 986743 909774 872253 1.19787e+06 1.51593e+06 2.12775e+06 3.05715e+06 2.85367e+06 2.63104e+06 2.21642e+06 3.07338e+06 3.36341e+06 2.47657e+06 1.85284e+06
 300749 222111 350946 397961 623978 795856 811284 746728 735616 749558 625181 563052 417347 390527 304794 320703 363542 309770 366076 565413
 299434 369218 329538 259380 219950 193995 235487 292398 402723 497585 458875 432839 452860 474072 628771 724674 799440 1.45425e+06 1.64895e+06 1.69778e+06
 296375 313348 371888 345022 241622 233370 245741 317178 407593 482106 577530 653459 825429 890004 1.2692e+06 1.32417e+06 1.1455e+06 895909 718803 638848
 280311 179309 264892 286601 219931 198991 232555 352549 653935 883146 948344 790427 669360 639983 530410 286539 137771 102941 54633.6 39950.4
 274579 210193 201410 223379 191236 283105 257896 266783 474518 649901 712557 845297 1.14244e+06 1.16649e+06 1.2921e+06 1.31875e+06 1.19063e+06 1.03737e+06 795609 828493
 278569 339322 284173 191748 122480 118050 121942 148310 189000 268462 674654 852222 964406 1.04758e+06 1.0002e+06 765267 609624 506884 615169 654791
 263661 192436 217549 225572 267183 312248 328906 415662 591111 692216 606204 591078 682411 775088 962355 961058 854822 541468 433881 437994
 269260 202382 184908 186852 213123 265258 363926 484298 468436 559760 566278 623732 906516 1.00856e+06 1.23051e+06 1.45474e+06 1.85557e+06 2.16816e+06 1.54202e+06 974385
 269986 212307 212319 268542 466546 688501 776463 890014 902264 760222 765339 917845 927492 1.13275e+06 1.11274e+06 1.11917e+06 986035 919050 748845 698994
 261275 109583 111102 143142 157647 167033 184288 168798 250595 357880 489065 649590 680978 659472 726001 841115 937746 944054 924248 1.07958e+06
 285948 230587 143779 142286 126184 194604 310612 371000 403291 384940 371388 322765 356026 363538 449814 605222 723380 753975 741849 817422
 283106 181629 287710 317439 383882 525044 647122 709186 746955 568428 737375 892095 753763 680948 801840 1.08291e+06 1.10947e+06 1.2884e+06 1.22022e+06 1.2136e+06
 287104 225722 294559 426470 698443 913635 829208 763837 647731 574204 798091 1.07402e+06 967294 807691 923172 677711 510064 434064 522973 849294
 292788 186848 192856 133722 143382 162066 211021 286602 433022 690618 1.09993e+06 1.31762e+06 1.4804e+06 1.24205e+06 1.11424e+06 964296 739628 612794 917862 1.01335e+06
 299762 190126 160219 123602 128443 164705 216358 349991 641716 1.15568e+06 1.50211e+06 1.54098e+06 1.40597e+06 1.24806e+06 1.12208e+06 965474 911205 879748 964829 1.00127e+06
 298681 214396 230164 328052 352285 507065 847270 1.20095e+06 1.81051e+06 1.86026e+06 1.98982e+06 1.71549e+06 1.45287e+06 1.56638e+06 1.68228e+06 1.72893e+06 1.49201e+06 1.01508e+06 830299 814670
 319760 267355 223665 194548 317728 486406 827908 736675 763780 634077 690945 562214 434782 391841 442734 344689 269024 216846 283718 298728
 311312 219297 214627 291926 364565 460652 556616 504118 363614 534249 855917 1.34048e+06 1.86887e+06 2.10125e+06 1.95128e+06 2.00435e+06 1.77637e+06 1.55309e+06 1.5504e+06 1.48186e+06
 311700 191299 163373 174262 302152 367459 483453 584214 801309 1.01464e+06 1.13723e+06 1.05259e+06 978846 903291 895956 872469 799712 662898 635217 768149
 314681 321383 332076 433377 375161 350885 481060 577232 618998 539284 535819 428188 333185 360524 423082 404412 328830 366277 575848 854145
 316438 204514 171685 168446 116523 133086 133004 224573 219374 318769 486712 685849 801836 1.16801e+06 1.3517e+06 1.22187e+06 975507 880240 717089 583196
 316630 200680 132428 104464 149881 172386 276405 321202 579076 857123 1.12813e+06 1.3339e+06 1.40755e+06 1.17412e+06 820059 497181 318126 295552 323618 401690
 338669 409235 498633 520099 651669 964305 1.16718e+06 1.20332e+06 980202 833928 772691 592942 347445 281755 225575 394274 612807 784632 810453 965266
 320580 220638 196497 227122 220095 187835 253520 497946 762985 922668 1.16966e+06 1.31906e+06 1.19313e+06 1.15787e+06 1.11979e+06 1.19059e+06 1.06356e+06 859470 775887 1.053e+06
 320634 205981 169375 84433.4 45833.8 50137.2 70749.7 148220 219251 377577 435526 436792 500776 571872 640712 707742 626191 684988 655239 593050
 320541 269985 279311 451705 765697 975285 957844 1.16629e+06 1.3637e+06 1.09162e+06 654587 626226 591273 682804 719969 771673 903628 843494 653014 583119
 324319 435960 520658 401399 248339 238565 287946 420050 562035 597432 610504 589269 567650 559739 506949 422445 468375 470563 409267 433884
 332245 284685 260837 223262 167366 202727 213220 213534 204635 246806 286836 317777 289034 247922 283576 384450 322077 313022 410513 582287
 320857 182769 157785 138548 186772 207113 344665 324551 348664 398947 387375 550319 759509 1.16074e+06 1.59188e+06 1.70878e+06 1.58083e+06 1.49786e+06 1.22868e+06 871295
 322170 216717 194590 208885 346249 602301 888091 1.3877e+06 1.3635e+06 1.18728e+06 1.18327e+06 1.21053e+06 1.21876e+06 1.17381e+06 1.13806e+06 1.36426e+06 1.93397e+06 2.23062e+06 2.49265e+06 2.41195e+06
 322178 306022 356944 404731 400203 485308 555374 624035 784748 772315 768851 887770 1.30118e+06 1.43104e+06 1.09275e+06 812048 542130 415433 350365 270956
 319671 178895 175289 190121 276211 321641 358468 429594 525085 509359 630143 686056 659615 905499 1.17731e+06 1.29689e+06 1.11459e+06 878463 744712 685400
 330410 254578 308380 362639 548958 794232 1.17078e+06 1.15098e+06 1.1982e+06 1.52623e+06 1.94438e+06 1.87594e+06 1.73339e+06 1.83999e+06 1.69984e+06 1.87612e+06 1.72171e+06 1.09722e+06 660496 537950
 320859 254314 232793 250359 254644 239973 263652 317460 351896 291752 223855 224414 272943 336752 460790 477242 602525 613456 519820 494258
 319802 175536 181818 226380 338083 366478 457099 573054 766214 921007 962620 1.06056e+06 1.14418e+06 1.60958e+06 1.42526e+06 1.14612e+06 1.27929e+06 1.52156e+06 1.5844e+06 1.42213e+06
 318624 177267 141277 129763 110314 113603 209857 372059 630618 594707 472263 399138 403287 632141 1.08328e+06 1.67099e+06 1.5349e+06 1.24046e+06 1.19403e+06 1.06511e+06
 350987 396623 473302 568962 883435 1.14064e+06 1.79359e+06 1.9222e+06 1.56792e+06 1.23683e+06 918896 881624 877145 1.01332e+06 1.38251e+06 2.43644e+06 2.874e+06 2.4824e+06 1.76941e+06 1.23198e+06
 348315 376142 671600 823754 874379 1.24238e+06 1.0718e+06 909761 936955 848423 893616 998898 950228 727581 485862 414216 363202 644882 802924 796308
 335995 285357 407093 538872 575454 558820 522566 580879 638046 557685 740545 898367 1.22897e+06 1.80737e+06 2.00769e+06 2.54707e+06 2.64082e+06 2.21814e+06 1.53703e+06 1.1584e+06
 331898 163955 116157 97655.6 129580 196484 396132 778453 1.44476e+06 2.15631e+06 1.92446e+06 1.78278e+06 2.00371e+06 2.12612e+06 2.52206e+06 2.17204e+06 1.57821e+06 1.29264e+06 1.05014e+06 734101
 345205 221172 219300 396712 421991 452001 472510 444872 537998 727564 748216 618222 490443 388229 473741 520842 508491 551460 561017 555282
 333783 198522 203004 209123 257253 457708 699985 845655 1.07429e+06 1.44486e+06 1.70582e+06 1.95457e+06 2.09322e+06 1.68428e+06 1.05659e+06 748863 557585 456704 410242 368158
 354567 317295 279891 378145 466108 739942 1.28339e+06 1.63703e+06 1.52127e+06 1.49363e+06 1.68211e+06 1.46012e+06 1.12323e+06 974603 1.11518e+06 1.25906e+06 1.3753e+06 1.2793e+06 1.00048e+06 995377
 348902 240673 343556 367121 309757 245817 255905 244541 236049 212243 170407 202741 240029 313832 405584 466033 514201 564759 740109 875812
 353313 285526 368797 514418 752632 1.13859e+06 1.1016e+06 1.08656e+06 990088 1.04047e+06 861608 773133 744360 774787 890288 1.01073e+06 1.37806e+06 1.52878e+06 1.59809e+06 1.6929e+06
 359883 314625 300698 245454 289972 406334 442499 439880 412112 373320 411272 369481 313467 234684 251146 256391 331463 516672 875827 1.37196e+06
 329750 220734 222358 299370 391409 337685 284173 332854 368975 441448 865687 1.4014e+06 2.019e+06 2.51027e+06 2.29122e+06 1.78206e+06 2.16499e+06 2.35523e+06 1.78631e+06 1.23673e+06
 326423 246129 223206 207893 282307 432466 589833 1.14814e+06 1.55793e+06 1.9979e+06 2.88247e+06 3.0197e+06 2.72865e+06 2.21374e+06 2.15826e+06 2.0732e+06 2.03017e+06 1.69507e+06 1.60749e+06 1.87436e+06
 333567 246240 216766 265517 315606 495687 700495 1.07963e+06 1.22449e+06 1.16279e+06 1.31702e+06 1.58349e+06 1.54473e+06 1.43833e+06 1.382e+06 1.28126e+06 1.01273e+06 859983 863647 745951
 353505 374206 524350 733084 819863 920021 1.0059e+06 911296 772488 729459 782848 630767 450718 291106 311686 251691 244562 271098 446068 533337
 345306 316558 263505 223398 177675 196124 226986 249225 260060 459274 468035 521799 755454 1.05843e+06 1.56017e+06 1.82369e+06 2.00523e+06 1.72044e+06 1.59528e+06 1.4502e+06
 328704 253894 329523 396338 373506 323503 218874 158568 181668 173960 162810 153459 227086 387689 478567 584413 549278 461630 389695 391239
 342130 255477 254316 465376 746818 943156 1.06041e+06 969027 947755 1.39898e+06 1.57692e+06 1.14779e+06 834085 689631 746698 905950 965853 868876 683778 605800
 348464 317437 385122 370331 477115 601213 753339 1.20509e+06 1.35071e+06 1.1528e+06 989867 1.01193e+06 1.10303e+06 1.1469e+06 1.16213e+06 968693 742772 886984 966483 945574
 364640 292716 501051 553081 654768 733856 973405 1.0132e+06 1.24104e+06 1.42006e+06 1.1965e+06 955915 1.12914e+06 1.25195e+06 1.24794e+06 1.1783e+06 949371 686170 478778 395499
 364342 283416 218373 174156 180030 288238 387892 587312 1.32886e+06 1.69561e+06 2.08385e+06 2.18393e+06 2.30539e+06 1.76713e+06 1.16163e+06 1.00731e+06 1.08434e+06 776548 701789 908590
 365102 329752 389263 418700 451689 406765 366694 307162 393579 467626 453375 450327 372781 407702 430475 490701 781133 993075 1.27113e+06 1.66586e+06
