 102361 87697.1 81415.8 79987.1 76960.4 60820 101176 201670 151036 196322 169177 132859 200477 225659 312480 375998 414283 377115 493546 484342
 96720.9 105067 90758.7 80661.5 90775.7 72415.3 95787.8 96075.2 188616 158037 120006 150270 146999 148845 187017 138192 202797 254426 360062 264221
 75738.4 73162.9 115725 171411 311425 491690 396577 364710 366220 223246 299984 310544 468226 460159 427559 349526 346171 291726 357524 352139
 126415 93048.4 138581 126272 119119 96898.1 118063 167685 102478 87074.9 120687 133006 142309 246809 358317 279737 231768 437837 330044 317964
 146670 172160 158843 168976 128788 125403 119290 124104 102972 122793 138786 255908 228640 261131 261396 249873 171329 104978 104093 100416
 149364 163887 219501 332019 181406 145663 165755 118836 150401 201773 149610 208428 205360 237109 232861 263320 368547 424422 366973 525880
 101392 112721 85794.1 120301 94760 72767.3 91526.9 180731 88463.2 113050 78535.1 130699 88716.1 82047 94306.1 67736.9 77406.6 86452.8 85436.7 92692.8
 138465 177416 222595 181227 271687 191912 327256 335181 474057 741238 1.02128e+06 1.00287e+06 555886 721252 523274 471982 501481 327628 444263 443938
 204165 224258 214268 194773 263383 231370 176472 199524 388772 188420 159911 170671 227259 225743 253583 160474 218183 154722 222943 202252
 155324 226408 307463 196079 232036 206874 334489 302379 240078 169395 146156 113266 119312 71948.8 67780.1 70079.7 41462.9 58390.2 77619.4 136054
 66358.5 62803.7 52924.6 59849.2 62478.5 96793.8 92454.5 147321 164162 143282 133274 132600 214147 292148 325064 366926 270121 259402 200501 157986
 100057 73015.9 86833.9 106662 102824 120980 133762 159604 171070 125738 71941.2 58197.6 48598.2 35563.8 21186.5 27073.3 19545.4 21114.3 18364.7 27827.5
 73215.2 84907.4 60538.7 67144.5 61356.3 66790.9 72933.5 152927 219013 237445 296397 300779 203729 303372 294608 200568 174429 167876 146177 198010
 96427 73246.3 75723.6 126062 86100.8 82854.3 117109 84123.4 148220 140846 344982 281991 284373 303533 293990 230681 232552 199091 146470 130122
 115380 136535 196665 147947 311655 416943 334663 430566 272813 321674 317192 410784 281951 249900 229124 338417 284853 231885 251768 389264
 135819 166179 201517 180586 150348 116249 138620 167223 185551 272437 344462 339528 692970 371821 286543 369421 353318 324412 166230 189740
 92661.8 139779 147437 153408 286664 367013 335744 454791 327122 265426 358799 397887 266982 297977 308515 189868 203586 236582 244704 321283
 121741 111042 96438.1 80689.2 91394.6 116954 122185 145260 140787 118672 135657 196531 231422 265041 261103 277010 120717 144187 146231 126429
 145135 111217 111632 110081 168207 219939 201012 180436 219928 249039 181949 255053 429462 359248 206069 179499 166965 252290 192429 300013
 132868 70008.6 82805.3 95168.3 145067 166456 156528 144326 184025 245424 431760 413189 465713 335954 300044 277014 353760 324750 265948 159794
 85501.2 72205.5 103532 115014 149207 139737 193219 133237 165016 155962 135161 98082.4 84554.6 68653.1 100410 176665 220105 348326 488537 468714
 140783 177691 350557 343295 277521 320687 325810 305581 145080 220725 244005 375132 410848 456412 376702 483328 249981 149348 152226 194358
 157005 178636 130434 223449 276973 236285 272992 239327 152155 140844 115191 85446.1 95977.8 121093 151853 116319 117836 168421 210009 218824
 135603 134204 182035 156831 186255 139612 123194 151028 122262 146765 123492 127640 131061 176052 226081 194749 162422 292167 328522 368467
 109542 114134 235340 266444 206978 267084 289194 367401 267652 333764 363294 215768 253924 292251 338395 467925 315349 287690 429061 337067
 81094.6 74462.2 76898.9 74894.2 72313.7 56621.4 74222.9 108928 82429.6 73633.4 83887.4 118472 194332 275926 270301 253710 241042 145623 184226 192326
 167574 161063 131435 144259 138970 176986 154710 160741 139402 119840 135385 109357 191307 169284 186025 129372 140489 126838 157077 162602
 111854 83348 104347 126605 156353 138083 122922 223908 206570 340508 241581 174795 245057 266711 207754 206438 193474 270186 313546 441636
 101492 133071 185124 195561 160045 180229 217355 161425 150675 200480 192278 171182 204325 176840 195107 221836 308691 254493 240751 194140
 186216 204034 233303 171619 139358 132819 80013.6 111352 106829 74791.6 92144.6 93662.2 134378 221343 137253 157305 167679 121136 154898 224268
 135268 265774 204976 180467 214381 345063 199894 229759 369391 235387 263853 256879 429754 295581 433770 380921 419638 388102 323296 267265
 84210.4 61219.1 68518 51383.7 36043.7 41932.7 48780 48589.2 44282.6 54395.6 96132.3 110494 94053.7 110310 110519 108816 106100 134350 109515 161966
 118091 110366 100273 47243.4 89398.1 92153.3 79279.7 93725.7 75022.9 57589 92791.1 149251 179082 256487 403269 353088 400528 280358 263861 165275
 147852 137293 122694 80491.7 77633.9 65349.6 61556.7 65896.5 72110 88788.9 86898.1 118681 184095 211424 253678 229369 234797 310902 221703 174192
 89691.8 96689 84049.2 101276 118991 84864.4 123984 143924 89438.4 73279.9 86522.3 91680.4 147340 170461 129435 112982 129267 80729.5 80255.9 104059
 110002 148842 167047 227247 266343 257307 435988 361675 320891 321594 359807 491302 375339 322373 235042 256421 187669 121379 135930 141050
 109903 170476 169288 287630 283950 479499 695923 557403 624990 432345 359812 580210 463894 370747 313611 248507 197723 216074 173199 199547
 177786 107384 103850 123730 145444 293058 445202 585651 558289 373011 357233 179856 178297 221090 195014 164123 197267 148934 275136 208144
 85130.8 98747.6 88382 101573 61903.1 50444.6 47754.4 69185.9 60881.9 75739.7 69605.1 84626.4 111355 127196 136569 124650 136688 124557 100514 144141
 108305 162297 110369 113398 129727 129758 99691.4 129843 142371 181131 147211 161136 220485 259254 253057 229019 263661 437991 671241 875655
 79714.5 83650 62838.1 71553.6 100488 117433 119336 109530 117547 105510 113206 171604 92263.6 74129.2 65071.2 42427.5 38873.4 44286 56970 162593
 153961 114469 209572 151378 143263 219569 165552 173944 296727 193173 230277 210900 216129 227599 200736 181795 347946 292159 216146 199251
 111658 50098.9 92105.4 82506.6 88344.5 105114 135326 140717 148719 293953 287914 400402 326471 182632 185231 145719 126498 118133 102071 104133
 82130 76243.5 93311.1 92673.6 140312 83064.7 111441 110596 211209 208302 239406 218895 293911 354948 362185 358669 310007 409233 353171 255599
 145271 118604 126630 190017 131561 117110 105868 76499.4 123252 145688 236812 279094 298105 342773 212639 230715 302665 289534 265198 229391
 125311 125425 122379 131811 125675 144140 116834 103880 98933.5 101483 158060 143849 212096 215676 250244 142055 216507 250894 168157 221169
 111987 80088.2 123490 155854 148770 189020 152416 221644 247056 243616 363944 508611 685891 434681 291703 352327 303163 210177 238338 159454
 102845 92010.9 150499 169212 264318 208293 196847 233958 170684 166231 169718 209972 163425 148660 176595 131247 139569 126404 173529 214340
 108214 119974 141365 162320 250778 207923 224262 297899 306745 313133 208309 138965 158210 66921.7 116684 146173 249177 194669 293127 226340
 96028.9 100983 112959 198271 216902 215877 139937 234534 266116 192238 127612 119198 109210 121325 94446.3 159185 116902 215346 193593 276511
 50534.1 63778.4 40423.6 51666.2 42657.2 96225.1 68984.3 89175.4 153445 181518 206296 272146 353929 295196 309017 306909 391279 390495 352396 209847
 101982 60855 45481.5 83369.9 94488.1 98208.4 185566 143193 197856 207492 148799 213876 189243 197895 128311 114820 83024 62774.8 91036.7 98827.8
 73240.6 72369.1 59597.5 72607.3 88230.4 97779.7 94276.7 114745 141452 143123 214036 191754 174815 123849 127090 157310 192995 191241 223386 216536
 79831.5 54650.3 50133.1 59185.4 78423.8 118778 126940 189621 183576 304337 210429 191097 174139 222974 177139 243803 200992 187928 208814 196743
 110535 81848.1 73263.5 86591.3 67334.2 101131 129566 177609 183711 250426 194077 202121 202662 183843 318743 144650 169886 138604 143931 192508
 131422 108204 135328 228368 248974 188877 172905 315720 378041 404538 283339 298398 347588 206870 179558 325490 259586 343222 446293 527023
 107002 88354.7 78330.1 61533.1 55605.5 49397.8 42217.7 50647.4 63059.6 100193 156283 104958 145738 202143 210903 167229 123645 146494 114915 116919
 80818.3 72371.5 52318.1 72359 122673 168025 149555 120978 167258 207345 186937 201816 129067 131114 131153 167788 144345 197571 125655 176322
 159758 88023.8 152137 140394 127105 151125 163353 360973 390310 521613 402436 352161 314117 411278 325823 309152 249204 230731 288015 322265
 98252.3 108621 78362.7 95005.5 124431 72257.7 84787.4 76367.3 129410 98086.9 96119.5 80133 61838.3 79067.7 82684.5 65883.4 87352.5 107120 123019 233059
 160218 94849.2 86696.9 117489 169818 175622 157579 236857 241996 204314 287086 377727 245467 207547 200450 256424 234691 165447 140995 134468
 149021 92687.9 88123.8 140700 124391 176656 183980 160505 170122 171187 159886 263082 255339 189267 147076 103291 111790 139727 235841 231496
 81266.5 59923.8 87951.3 103047 140630 176149 143404 201792 229366 212456 125222 173375 190395 179160 160334 179281 148716 118722 144332 199110
 59156.4 74282.6 86714.6 104568 160494 144634 167841 254304 134657 170906 180594 121883 133552 122660 99498.3 88610.2 72635.4 89536.8 62563.2 61463.7
 79885.1 83549.4 72202.1 90386.3 123261 141601 178060 191779 299873 351314 297245 272460 278639 203992 200410 283637 205288 268659 297696 325109
 97830.5 90904.1 100888 75994.2 66443.5 95605.1 106227 124420 156034 247986 277580 327224 179775 161494 110638 95668.3 123015 133526 191620 155682
 77569.9 95910.1 119601 123146 159300 176326 164368 221782 177616 172008 143008 141950 126763 160735 145815 123429 164246 167200 123945 141071
 129821 138051 80168.1 105297 173846 202998 198963 160286 131298 124090 118906 163147 179705 170800 163516 114538 110493 116877 126154 115260
 85327.8 79558.6 95664.1 62746.9 54247 89679.5 88976.8 153439 175568 234754 299769 161768 208187 240228 230128 308338 435565 372843 510384 245919
 91099.7 126892 143385 181863 223716 339508 371404 221692 201521 167687 100872 89442 70768.2 68423.7 90213.5 121227 139595 205417 217763 134034
 82511.9 67873.1 76771.2 88754.1 152066 103822 122112 130307 161528 209658 209715 293988 402120 531834 386507 445530 431653 544371 540277 445498
 66362.6 91299 88962.9 96788 90785.1 85114.7 82224.1 106713 93844.7 211673 259278 270274 428570 356049 670503 571418 386322 314333 432117 364053
 98513.2 74361.2 81382.8 76755.2 102946 158856 144005 126578 148652 184022 143638 96749.7 130396 118628 217212 141154 109677 131623 147713 126575
 81920 75627.6 62469.2 80739.1 72909.2 67406.6 99041.1 117692 74275.1 74290.1 70370.7 81269.2 104074 139355 157578 146414 150780 190159 181186 199465
 57011.4 56622.7 103053 92980.2 120744 130479 162792 130735 80394.9 85236.1 95160.2 81732 123856 177024 180479 230595 181220 185999 149592 158008
 59211.1 53204.2 40249.7 47325.1 58973.3 91280.8 119641 169070 324113 207075 399098 383681 428979 336115 347165 315994 228624 318411 379870 260975
 134149 215970 174045 164704 172517 220969 190700 158735 146171 199480 218983 318110 470507 297440 218712 236401 279615 194914 208839 266029
 99206.7 103326 84730.9 84400.4 75502.7 112567 144468 173365 182726 227301 229159 137601 176644 129208 115965 127488 142711 143362 104796 112544
 53390.2 74644.6 96087.1 112183 87479.8 89056.4 104820 88277.2 101286 115244 85947.6 105117 88213.6 62452 57955.2 90702 104957 83447.9 89037.1 114643
 109557 136318 152374 152089 174546 172465 177976 228420 215988 183981 174020 183502 88675.8 126249 180393 169962 147883 91925.6 91773.9 101378
 69987.1 57380.4 49397.4 63632.3 51363.4 53217.6 66321.2 78422.8 100331 119792 112565 108801 91525.2 121123 115357 211764 219618 276681 334610 374499
 116651 77739.6 86542.7 94865.6 130170 84729.2 109880 172480 167256 195115 264555 241507 424797 275765 210000 238902 298291 309570 193428 237411
 77453.3 78126.9 70895.7 86663.4 109315 95268 85391.7 122058 93163.5 172909 121613 122834 124418 111791 133560 85156.1 130730 104460 94807.1 71866.6
 99586.8 78121.3 49617.4 56125.3 50563.1 91529.1 105581 194056 265267 307927 347732 375601 409864 387198 384761 434802 572365 341716 286714 154387
 92466.1 75475.2 106866 143347 384565 458722 482119 558218 290349 343526 286955 330891 356857 297512 168547 302695 328283 429549 540424 495306
 99795.3 86513.4 99779.1 57032 79905.9 72134.7 38499.1 65105.3 91109.1 56632.4 64690.3 51896.7 65879.9 84546.8 72699 64027.4 80526.7 104150 74266.2 100229
 99712.7 100359 123619 129655 184440 261304 280103 289768 244159 223364 241948 325186 278631 352121 378091 325165 482134 360560 272105 286997
 76239 45856.3 51667 32637.3 25609.9 38524.2 29172.3 38497.3 33858 44706.2 57866.6 57576.1 75814.2 124735 192379 140310 120158 90724.8 75233.3 89390.2
 82306.8 89778.9 122744 226067 187385 172779 150361 140335 150587 168794 149398 163487 143997 218547 211643 169410 264048 217335 325374 382035
 67184.7 65988.8 65813 53875.8 49643.4 84803.5 67799.7 77027.7 99297.1 75221.4 147156 103608 131483 121746 166061 131397 154949 97246.6 128958 204125
 144151 141316 216992 256215 226673 273208 202131 100417 121327 85590.3 71950.9 79217.1 72442.3 79712.6 127267 95767.9 138137 154469 165346 122199
 68430.1 45346.9 62659.8 40114.3 71422.5 82149.6 85687.8 144487 197200 235780 210206 150404 175346 192722 165534 218275 181995 265190 196089 246087
 88996.2 108102 95923.1 119218 146860 245371 307678 228490 447746 339559 532032 370617 277178 272668 365012 353967 364769 284667 265908 258533
 76481.2 58867.4 57292.6 47319 68338.9 67251.9 81737.6 74282.3 80460.9 118208 157931 123075 186483 255526 188618 188982 264914 195889 138848 195764
 99120.8 86426.4 141061 120438 149296 147444 170357 323351 372174 308142 400858 269468 210180 214407 274496 321203 353227 187631 229089 214283
 91882.4 87465 144983 116895 99613.9 129533 188194 387823 319425 334731 256192 302306 236682 167645 189661 146908 126602 154069 144250 290801
 69715.2 59841.5 81105.2 64650.6 94052.3 108277 88391 89511.1 103917 128117 156320 148527 134721 110848 178566 184945 314958 236377 415027 366887
 73176.6 78508.9 85193.8 82423.3 95183.3 85235.4 122047 98786.1 160270 195941 297191 288970 413818 273276 306197 513370 253135 261611 256148 229490
 90911.6 112810 93973.6 106329 86592 72053.6 80576 53969.6 56857.7 69556.7 52967.4 47493.1 68603.8 93096.5 77757.1 59655.8 106302 132697 116466 123752
 48336.8 59167.1 57083.2 47096.5 54186.6 89854.5 94884.2 127430 221712 272565 300209 276681 346789 371798 551301 336644 250780 212971 270817 254216
 69542.9 61475.2 66630.2 102059 66148.6 57974 111397 146419 152215 302783 195597 248239 157458 174683 117884 113804 80107.9 69426.1 46618.4 61245.3
 107468 125009 134352 163357 123985 132674 140182 113474 90164.1 106477 107600 109442 98722.7 107355 136117 188227 158234 153559 176488 104854
 35217.6 33382.7 27808.9 16510.2 19507.4 6069.08 7620.25 5308.74 5167.12 4685.18 4934.12 4799.16 6034.59 5309.37 8059.53 12601.3 19103.7 23394.3 49565.8 44704.2
 47929.2 32988.1 17001.4 15467.2 1231.43 0.000957476 1.0179e-18 6.58301e-25 8.6328e-40 8.26847e-46 1.0547e-60 9.73426e-67 1.17282e-81 8.90746e-88 1.27666e-102 9.41112e-109 1.05296e-123 1.07924e-129 8.45213e-145 1.09103e-150
 58728.5 57750 54918.3 62072.2 77371.8 65439.3 92186.7 97173.3 147336 132742 131780 158101 242206 278497 325675 316142 298336 132262 102432 121756
 84522.8 52105.8 53202.1 46977.9 37462.6 24079 29129.1 17701.2 29124.2 25383 28204.5 30625.7 36623 42300.2 56743.2 75277.3 88957.3 150651 112334 163795
 78458.5 46047.2 43535.5 35402.8 40184.6 42689 42898.3 68246.7 75387.4 74120.8 67505.3 90383.3 87730.7 124648 132160 215401 317117 252550 357989 351784
 69810.6 66425.5 45502.9 46224.5 49562.9 37270.5 49368.8 48866.5 66908.7 70235.7 101887 69349.7 75758.8 91279.4 126173 130155 152764 206654 156376 155431
 68912.1 69269.4 44213.4 85773.4 65173 75092.5 87309.4 103507 166382 100526 131648 181983 181347 162194 179638 205982 186681 188168 159669 168157
 90762.2 54998.7 74758.7 88256 88984.8 159945 206120 257770 250748 229360 302858 261431 423766 392513 373074 384589 576931 539739 278682 260585
 78261.7 64885 75559.2 134445 191645 100052 200886 192855 256991 128808 174814 245138 150922 223597 150627 195514 206297 195391 115680 80952
 87034.4 81264.3 55971.7 89575 121498 190217 208877 209922 194931 135545 185066 206508 208193 137841 183778 157819 147665 167950 136991 248224
 60125.8 49392.7 39938.4 32852.4 62138.6 51385.5 86669.8 67921.2 91969.6 88007.1 128805 124121 119279 168668 224999 298285 342107 461348 526714 333288
 90727.4 72090.8 57616.3 63062.1 52390.2 96561.1 91854.3 150437 115449 148201 171467 148683 195778 146992 140837 185095 204512 265329 158899 145987
 57317.3 61488.6 40695 37090.2 40331.6 30538.4 45014.3 46541.1 39645.3 40575.8 23663.2 31911.3 45709 47483.6 75726.7 49548.6 81161.4 91428 151749 186518
 80484.5 55662.4 34812.6 42277.5 41826.3 44233.9 67812.9 101633 84933.9 140809 170406 176298 152682 135751 133889 181538 184588 315878 285714 305953
 76185.1 89418.8 119618 102467 110982 132566 199383 271829 274522 411362 334649 305894 219019 263877 298772 335280 365801 494883 285982 217324
 49203.3 54187.6 40849.8 48470.9 30490.4 34733.1 56683.2 98002.9 94648.6 98211.6 73037.9 57820.9 86790.1 75219 69950.8 57246.1 62521.8 61893.3 134005 107534
 84522.7 54601.8 55734.5 42413.1 45029.2 61035.9 54785.9 50832.2 83358.9 72769.9 113479 82328.5 61916.3 66673.5 84760.3 149529 158074 177675 168725 170444
 72383 62742.7 49695.9 68641.6 55874.1 72496.8 86790.8 126149 116896 88068.5 103932 63866.6 58551.8 53020.8 80706.6 54623.5 110075 115787 143336 87746.6
 92905.3 72166.3 60795.7 37626.9 48519.5 29850.6 22598 23190.7 27950 24106.4 42536.8 47718.9 131815 135719 360207 381685 286426 297854 385081 392138
 57410.9 40708.1 32931.1 29096.1 30019.1 45361.8 93876.6 135733 161675 110673 126447 142010 199192 313950 208424 303434 296782 341273 529756 622587
 55539.2 50655.3 51416.4 77117.8 107711 178509 145305 133907 200941 123667 94394.1 84568.1 81466.9 109364 78376.5 77819.1 108200 120756 95111.1 181716
 69703.6 86695.9 127721 121170 116498 107975 133951 144572 195592 220770 290030 232534 189501 166568 169168 239079 257669 242211 257480 307953
 80835.2 77193.8 55850.5 91759.4 131962 144005 137226 216133 173465 184680 126519 110804 78565.9 60525.8 91607.9 112251 163656 183848 256892 485943
 87200.1 74692.6 100606 115800 177049 115642 102836 124865 134325 123711 178123 186509 218762 262845 179101 118280 168820 175579 158456 149221
 96116.8 62655.1 59315 107347 122952 139876 174412 173840 110328 79847.1 105993 118376 104599 177881 203950 201779 198642 268760 396077 204082
 52381.5 93266.5 94922.6 89414.1 78383.2 78642.2 105630 150863 151256 155370 155234 147692 247554 322893 140754 121734 121969 123179 146320 90867.4
 91792.5 57795.4 55347.3 73967.5 82498 140899 125903 153964 155995 161140 236896 247774 326638 202065 227321 240732 234144 236073 175819 112538
 89648 66636.8 91416.4 81085.2 92031.2 119263 111186 104011 129800 147126 195067 175919 100495 185342 132657 175487 173623 172903 238914 218983
 47507.2 44109.3 41695 30489.1 34925.3 24374.2 36287.8 44724.4 66724.1 110564 105482 119711 109116 153209 147279 187068 180021 208302 148149 115624
 107521 57670.7 75003.3 82014.6 64467.7 134158 139675 214039 253424 204403 247735 296662 506378 502718 462690 410361 429554 415797 296450 269300
 85348.6 60920.4 62132.2 58428.9 98129 102133 97803.8 81524.3 114658 97486.2 135531 201200 136381 115220 160749 156274 166297 177212 181263 203294
 71896 97628.4 69652.9 94046.6 164377 141231 211783 254372 254760 234650 262496 173391 114557 107586 105673 123541 158578 99273.3 105383 123496
 57199.9 50506.7 69811.8 131240 103987 203216 170667 204167 215849 179841 176695 232179 227315 243651 201229 229909 203150 186442 242868 347190
 74581.1 41694.3 39431 39204.6 53727.2 45427.3 27211.5 29454.5 32084.6 20693.1 24422.2 33522.2 39219.4 74010.3 60997.1 54078.7 65852.1 88793.8 82135.1 105954
 112972 73311.9 90472.7 90485.3 104657 133421 133315 121976 150817 190518 157657 107141 176973 215540 258748 223239 154778 112855 146497 119117
 42895.9 26615.5 15759.8 6378.53 0.277201 3.3812e-18 1.64615e-23 2.99188e-40 1.65088e-45 3.84287e-62 2.15739e-67 3.17633e-84 1.71034e-89 2.82479e-106 1.07808e-111 1.46719e-128 8.33716e-134 1.21367e-150 1.04418e-155 1.46541e-172
 72144.9 69921.7 88736.8 120489 113554 216452 238012 163726 140332 130435 105122 109446 73303.1 139618 140522 118760 164209 200265 219807 186232
 91743.4 94310.6 107764 112782 87904.4 126399 146215 99511.1 109385 116381 162244 212057 150598 127446 108198 130192 141606 257342 205059 262804
 106159 110932 112523 104651 204057 204555 242103 183592 242696 208396 203690 153316 156527 127811 121645 140134 182206 237062 180670 181467
 64098.7 38926.4 49125.4 34362.5 31262.4 44804.2 51243.1 37357.7 31382.9 79924.5 87149.4 137670 232363 175486 223450 201339 194073 306144 337469 491555
 95518.3 103591 121894 160690 173062 219328 171091 183166 304765 317910 474851 646787 415825 473745 332979 740810 562351 328302 307142 263144
 78428.7 119025 104492 185217 186441 164743 154001 161806 158512 118587 135582 84014.3 106857 66069.9 86259.9 88344.6 57439.6 91993 136554 187999
 135226 73532.9 59330.9 60293.4 53448.6 66840.9 82699.6 115017 109652 81972 87623 97100.1 102594 161467 154867 179596 384099 312889 327139 384899
 116073 119828 93600.6 61729.8 69336.7 59946.3 84940.5 102261 111372 130917 146092 194684 181344 318050 238946 199026 160803 142715 148694 117861
 65498.8 92921.7 73126.4 49805.2 48994.5 64087.6 93148.8 173068 194950 178790 130206 131973 134764 106072 45080.8 38251.6 43602 18919.6 21945.9 20554.8
 81374.2 66492.4 68016.6 50624.5 91266.4 49864.1 70210.8 133542 145976 150161 187915 261596 207029 277425 248194 215007 197916 139572 200197 234185
 130086 71222.8 50341.7 40815.3 45480.7 38061.6 41152.7 50202.9 61975 185430 155362 201164 199133 181707 110600 122511 102229 151639 139015 296696
 75310.8 73390.6 73197.8 81323.7 79388.1 72497.7 102416 141609 140213 99928 116467 144257 163138 212940 178345 148731 70888.2 103697 108289 134562
 80286.3 65832.9 58240.4 69041.3 74244.3 94806.1 114090 91752.4 132469 117957 140878 227793 190134 284656 322963 412449 425473 182681 171074 237527
 82194 64359.2 79364.2 133098 166716 149780 184116 173234 135131 174249 208166 178283 260162 196747 225745 165556 192859 146771 157555 109312
 42585.8 51321.2 50657.5 52531.2 45607.2 45202.9 37545.1 69222.2 83931.1 118679 143252 126648 122179 160461 181326 194203 182885 181099 246241 237214
 89794.2 42697.1 54778.3 42990.9 62786 80756.9 82826 84957.1 73794.9 82325.4 66215.6 94082.5 82727.4 110726 146649 154289 146121 138435 179735 166558
 66681.8 108709 83308 108204 141704 163171 143970 159252 90960.5 196307 195687 127664 150067 182604 261808 206628 297073 224853 261904 334679
 84059.8 102627 120974 189107 197665 129396 160075 130306 125359 209421 252858 165824 155474 223914 107142 109787 90864 139995 215904 156449
 68750 77612.3 36862.7 48267.9 49320 55645 73947.9 112989 174389 253022 258988 285957 180287 218218 163703 131588 134399 248805 188355 168460
 68519.1 55874 40518.7 46061.3 54206.1 56057.1 91256 155819 281261 297010 275613 243513 227816 213395 173185 199803 195104 225947 199809 330599
 77333.3 75754.7 98256.5 84679.4 144776 201126 249654 421969 301978 391614 241417 266064 332876 335486 336265 247033 145325 171182 182680 161656
 95334.8 69159 55462.5 98983.7 122319 209303 110196 166445 95954.5 178757 98180.4 83409.8 90910 108089 60294 63825.6 48680.2 81367.2 66081.5 133892
 77987.8 75442.8 92508.1 94559.5 117231 125055 97275.7 64952.3 149904 204934 303943 389124 382437 301312 395878 284739 286238 302116 277045 341345
 67309.8 63755.4 56187.1 99256.8 78347.1 116076 127621 198308 221649 222296 185877 211305 193296 201841 184994 168290 138245 142465 184472 177736
 114560 92091.7 121350 70378.2 78802.4 127933 133740 144724 101204 131329 74638.4 71413.7 96972.4 110278 89448.6 72394.2 98287.1 149069 191948 253225
 70927.2 60623.4 57051.6 36934.6 44683.9 28754.3 67765 47471.8 88419.8 116014 159694 160202 271298 274317 223273 173011 186434 136247 125681 179727
 71157.8 49850.7 39261 58763.9 46271.7 77910.5 73356.3 155961 186709 244005 273884 280155 197365 123935 86507.2 80080.9 90563.3 86948.5 107258 118836
 140103 126508 110703 166505 240086 252678 237235 167625 165959 168186 110100 62439.3 85672.1 59004 122445 152577 173221 165301 213831 149257
 76281.5 63026.9 73016.2 58184 47049.3 69026.4 137563 184874 191443 249211 250774 195809 220450 218540 264513 181408 162539 169004 269221 416492
 70023.8 56958.4 26562.2 24949.3 26806.5 24625 46245.7 55707.3 95943.5 80985.4 88137.1 116097 118076 133621 149194 109758 152436 122601 129064 103698
 95662.7 88312.9 129453 201640 190925 169174 257160 279213 178235 100901 165639 138872 171940 163044 170690 190486 161725 112601 125460 125502
 152492 128216 80034.1 50918.3 72082.1 75262.3 109883 133069 120289 118647 113796 116079 116212 96495.2 82127.4 113650 97635.3 81505.9 107444 76023.6
 97106.5 69300.5 61795.6 43505.5 68898.4 51021.9 53622.1 46682.1 68390.3 73739.5 73343.6 58631.5 54927.7 71513.9 95493.3 57311 68865.8 101392 139588 155200
 62233.2 63753.5 49489.7 64992.2 53175.5 95678.3 63991 90251.3 95085.5 83515.1 138806 163225 273460 358110 299599 266552 287236 206861 141971 203621
 74106.8 63961.8 67575.6 104208 158534 202646 330703 224176 223493 236447 258618 239692 244511 231175 309746 452367 428897 496764 409181 385410
 107627 108212 104537 92727.2 125404 135504 154033 182164 156657 169786 197520 318247 256444 150496 138035 93154.2 95660.6 86244.8 70610.7 51180.7
 59526.4 67245.1 68976.5 84350.9 76451.5 87083.9 105270 118359 92519.5 153628 147936 124194 222089 261453 252442 178029 159678 144921 149876 178596
 85874.2 99258.6 102316 153800 188561 288835 195745 248480 324987 412127 305195 309718 367232 283889 413486 298263 149657 121011 149194 85502.3
 89684.3 67868.5 71247.2 66506.2 59601.9 63034.5 76410.3 81616 58590.9 46969.9 58203.2 69191.8 87964.6 114731 89856.5 142035 122886 100232 102525 101053
 59727.7 71385.7 71288.6 100813 83959.2 109322 115821 177387 204010 188689 216354 228174 387678 233615 202533 284442 324970 308561 276257 190488
 61289.9 53319.8 50123.9 42599.7 41126.5 62345.3 91368.7 156747 100041 84573 77186.9 88230.3 163110 266619 382531 220406 202059 238565 204491 179210
 136585 135717 135618 231692 256332 430206 336499 258877 229030 167303 210467 196894 243400 327945 605283 519293 399424 241891 201145 148761
 125094 195010 193751 180526 307971 160703 182292 204237 167163 196765 228386 188396 120184 88884.9 98892.8 97602.1 193463 182059 157980 244112
 95732.6 121094 125773 122259 118879 100411 133015 150328 112857 199500 194100 281829 414705 371122 568703 465195 336481 227653 230127 195574
 52475 45231.5 41151.6 53253.4 61645 111217 201345 347614 460681 267974 345646 410330 421122 517073 301584 260756 240013 195863 129788 184117
 71997.7 75263.9 126770 91308.6 112008 97081.7 89603.2 130342 179330 153191 117056 98727.2 73669.2 127035 124862 113208 137691 124235 122485 113141
 64304 72667.3 62735.8 74827.6 125802 159631 171521 229521 311754 325768 366078 386372 259616 140452 157029 112574 116618 112087 100933 99498.2
 106434 76925.6 120313 119639 188374 317873 340586 263967 303540 361458 252343 209519 209630 278572 300805 304194 247058 173978 225685 297019
 75037.7 108871 89519.6 69271 56987.7 67741.6 57110.7 56898.6 46539.7 38079.4 61303.4 59842 75671 94332.1 99527.4 111565 118146 171670 181908 218194
 91975.3 109031 131675 181988 275853 174316 227843 190739 247796 149646 166312 153587 170933 221370 221972 317950 280405 296246 316794 357827
 103636 86408.6 67357 88581.6 110166 99760.7 90943.6 86936.7 87265.9 107030 84511.8 70380.5 55138.5 73720.9 65073.1 93645.5 132482 222717 323055 317748
 73359.1 70788.7 94014.1 108080 62194.5 58854.9 84517.5 81886.8 101354 237228 328170 447005 504280 378663 262051 499309 428490 255092 209877 187158
 85700.8 74154.6 58010.2 88088.6 123106 134002 297624 307585 413087 616871 498351 431291 331228 429836 386933 406168 270985 337493 416919 441000
 84179.1 68413 83170.2 85259.4 134555 151848 250654 225062 201448 273164 331940 276733 285174 275400 263786 165497 174915 193849 132114 244179
 124028 140136 175475 176665 191578 199745 165999 147742 162083 181777 118820 87837.9 65551.5 93646 54820 68242.9 69662 131308 109219 110969
 107126 64151.4 60923.4 47439.6 61957.7 56921.7 63057.5 64896.7 131062 86272.1 122808 186761 245245 373941 342671 400810 274262 312539 294262 298953
 85586.1 106806 110369 79487.6 77616.4 45496.8 46206.5 56365.5 42091.8 40718.6 38784.9 63464 101563 103977 130353 107909 86264.3 75809.1 89659.5 98412.4
 84997.7 79280.1 148032 200445 211665 211589 180443 211842 338616 308428 142289 157677 150591 178192 211804 213127 159659 125737 129796 115870
 103872 109164 92383.4 133985 139314 166925 300672 250996 195008 182412 222894 234905 230480 222786 162940 134223 210752 201931 193359 156970
 88912.4 151156 115089 158706 162799 233145 187738 288445 281367 212484 174829 283320 283652 255508 237034 182915 137709 102522 106285 56930.8
 90809.2 65376.2 55679.5 59835.3 87125.2 94297.1 148896 351219 317880 433217 380600 453222 260365 186049 216126 244936 130463 173328 222803 235325
 104390 107135 105529 115620 79451.6 72617.3 64195.7 108894 106637 86623.1 93384 72916.5 101371 99164.6 125922 199697 207895 276654 346718 413357
