 97689 84415.5 116652 87921.5 70762.9 78659.5 129830 151621 104185 149198 123660 134096 151724 269546 228467 227344 258498 283593 340959 325002
 87753 123618 98361 72048.3 77155.2 79511 86971.6 92714.3 168499 114786 117765 144569 117574 113514 127304 128145 127140 259942 233539 235674
 72605.8 59300.8 124312 185090 228453 309364 238692 240085 296838 180166 254443 239994 414234 399877 255082 251607 249696 270002 222707 228087
 143638 108039 163520 99908.5 128712 110518 104583 175000 74730.5 91583.5 144753 127083 176846 177613 320161 265822 223844 337093 318154 251244
 192765 125602 116869 172753 112445 105405 111212 138225 116897 99747.4 146198 202088 140236 176883 208402 226483 203816 79188.2 116500 110694
 170801 134145 248200 246699 132622 153202 218342 135287 137860 166328 160267 169515 186462 202652 170531 164529 301870 280428 278501 299679
 81144.3 110584 85111.4 129432 97920.2 56194.1 133059 182431 69020.3 149151 70076.7 113010 77497.7 77113.3 100375 58229 69533.5 77156.3 105269 88584.7
 106755 128056 281195 146406 178129 169821 309772 279475 342927 446361 657395 602591 329761 475888 375353 222458 284460 201258 744600 300558
 200014 276447 176746 170124 164539 158071 131282 240931 272989 148852 111393 89437.6 221483 195103 187833 142888 184512 151656 184549 150534
 147499 185592 253299 171594 270855 206091 231842 298708 182701 140681 130092 136196 103257 83699.6 74514.9 49505 46911.6 65478.9 82963.7 146084
 99755.6 54404.5 77463.8 54332.3 84423 96392.6 87223.3 122362 150547 129937 132106 127039 156355 270800 164774 382472 250521 206489 136929 115673
 81159.7 72310.7 144606 86867.9 134746 125239 154520 154099 168216 170069 93852.7 63773.3 68085.2 35227.1 22642.1 24234.3 20398.3 22769.5 21809.6 31034.8
 93398.2 66869 60459.3 93566.2 64828.7 63344.7 107345 146146 236079 187346 220112 230852 143775 323133 241032 98625.4 212862 141072 122073 159410
 81503.5 96737.6 111172 100384 86959.2 127126 113473 98131.9 121109 163750 317042 216567 313349 286445 278835 208993 231319 152430 95392.7 99454.7
 111948 103746 189599 189170 285138 233789 191763 287292 238560 249814 190876 243686 199800 250856 198935 243678 224706 224559 165005 291695
 165986 282776 205690 201444 120498 80525.2 132730 206983 132280 278277 272023 260083 409900 270268 241565 214181 232072 268876 196566 153923
 110231 172833 140707 134007 339197 286034 325354 397022 281695 178964 277585 330437 176557 229884 187370 193189 160884 196490 223491 216848
 146685 124174 57644.9 85874.5 87989.9 120770 138283 173854 99180.2 133444 97431.6 146334 285870 221566 217394 206380 134787 171183 117138 113075
 162092 92339.1 129454 105159 174793 161779 188599 155308 176976 221929 146378 185801 500305 259842 168625 129581 218248 202049 188116 263568
 113550 97043.7 64392.8 65207 126398 211107 139841 110797 155300 208482 358446 313248 288422 333708 282813 227641 256719 252626 264719 126691
 58231.2 65215 92704.5 120136 221192 141794 181971 135831 167165 129436 135291 103938 96001.7 57581.6 74629.4 148061 210707 254681 389266 309390
 155371 194504 311555 244149 157215 233621 282411 251761 129928 221735 166011 285758 411529 322964 319816 283721 236290 142996 170237 167512
 124375 204960 146957 215280 209710 159864 264265 181870 185236 132373 101897 99306.8 118211 100210 130661 107749 109661 161731 194242 161282
 158253 112073 162045 173131 155984 130958 145098 148142 90626.4 162503 94886.1 173786 122672 157641 139680 191866 165515 244119 248158 290638
 145601 118589 214615 168285 173897 309926 300538 274051 246290 249308 285187 144913 203852 316137 292288 385716 300010 195214 330724 337355
 107865 61977.6 62578.8 90320.1 76374.1 58672 95998.9 111298 94032 73176.2 117820 144673 174978 222155 231672 203197 172429 149626 128262 128604
 126435 171619 80002.3 198114 97965.6 161896 189429 115603 108181 158659 135490 100068 189510 149581 146506 103919 137581 127399 97866.1 144735
 116888 70449.1 94494.8 136859 116920 90772.5 148702 225112 142735 260077 193503 205641 180697 190423 177186 122597 190969 254399 275758 313128
 77703 141326 122486 187739 149190 151298 292723 173005 155373 146878 182348 159848 183623 125228 188734 143691 224419 244415 172093 144125
 198761 179263 177983 158376 140576 181355 89897.8 91875.2 119982 78474.1 131133 73919.4 145870 203217 123096 203165 187452 70103.5 149557 218615
 159303 193950 191070 180603 188973 330143 132819 203642 354471 227553 224838 257011 314642 184082 304375 354553 291186 380190 243795 220906
 96312.3 70753.4 71422.3 51952.8 37511.3 68851.4 53140.1 50293.7 65740 61749.5 75395.1 104279 99226.4 132484 124011 92210.4 87580.4 137433 111806 125170
 103305 114345 118717 54228.1 97214.1 91094.2 78355.8 80678.5 71556.4 103510 88387.5 137704 178770 304699 219043 300673 297330 233165 156830 201682
 138380 122023 106237 91002.6 97260.7 69281.2 48146.9 75683.4 58631.3 66170.1 94928.1 102610 230981 208067 156627 232538 160095 252592 217185 155168
 69914.2 106121 91611.4 110149 127080 114013 109907 136399 108451 86236.4 103406 81446.9 115787 164620 146912 144725 128063 102344 58661 137696
 107987 140089 164523 210692 221638 236625 279798 365974 232277 237073 349681 335127 377540 233062 243172 254775 162837 113541 201433 100098
 111760 215169 192039 228510 270709 392125 413776 367058 274368 329800 344745 456218 356802 298298 236812 228770 128416 201184 146654 241657
 208360 111787 103499 141328 144393 237654 406992 455675 279511 396662 206127 149527 150824 166677 217656 114435 224924 119972 200858 197433
 95588.2 107745 93230 98606.5 70815.2 78180.7 43185.6 88369 47110.2 112560 66206.6 71806 152883 136046 123150 140312 115740 101697 121040 145166
 125747 170157 147393 138453 123790 128008 134366 135223 97525.8 159137 120597 131901 182453 172402 242193 155893 190113 280582 605726 561324
 69654.7 123599 74451.4 76350 136855 103441 101575 129794 127290 103708 116760 171556 94153.4 95370.3 68291.4 50821.6 30806.4 41082.2 68945.2 205667
 137942 132834 186337 106886 157825 158872 141278 130294 223260 183318 212365 182208 133840 280343 174823 183792 327177 229711 213252 180773
 144128 54084.8 88255.4 75230.2 89664.7 121541 94821 151448 117225 364813 253914 342573 234343 193275 158980 108259 130652 96085 96073 80637.2
 92290.9 83442.1 103826 112573 140516 68679.9 123420 103604 189230 158466 218110 182697 248337 316996 268052 236269 260235 242422 245584 207008
 104934 151125 136454 158582 167021 127568 103707 79740 128706 136438 190976 208222 248429 355892 199863 238537 184228 288102 166448 196449
 133234 116620 164948 177056 135553 152120 101059 124121 71703.4 150524 161385 136918 199485 149115 276872 133081 220376 219976 132165 151255
 119408 81665.9 133474 133384 162936 166415 107868 221280 174894 160833 312129 368251 317972 227479 217281 316654 299912 145870 171878 188105
 110356 81431.5 170835 161629 242147 229095 154067 173452 207700 143897 142647 185732 151494 157190 156261 112050 137510 99122.6 144805 206965
 78064.3 127667 174330 166135 162114 171891 158739 327672 250184 237253 153043 147598 122459 73953 129789 135519 220041 165303 204144 155604
 95721.4 118347 100555 174246 206087 209376 156651 269428 195845 143271 162540 96672.3 92226.3 118756 95998.8 136409 117295 174794 180662 177399
 73133.1 56336.7 45296.2 52307.2 51051.6 101600 71112.7 104195 128306 148715 134621 203845 267182 282275 194153 198828 310244 356681 296856 152031
 79849 75236.4 59038.6 87839.7 125596 80591.5 209293 144511 147152 180155 156184 218169 188498 137428 111402 151803 79291.3 70107.9 69984.6 79165.3
 72284.8 75875.9 62360.5 60184.4 103117 118558 84089.6 122145 128545 151105 208989 146081 134842 131065 122693 150433 124452 140180 138818 156635
 79200.5 48988.1 56838.7 82172.2 92000.2 102600 102085 219358 156434 160856 153527 148405 178037 152904 163721 185529 168833 166963 164788 126541
 138994 53754.3 74557.8 76031.5 82127.8 104042 111564 120622 189245 221182 124717 195532 155014 221317 214654 113900 157746 133973 125413 152867
 129352 105253 171088 211115 147851 193290 173799 238163 278410 401657 280425 229802 267951 155616 179423 283656 168521 266196 327035 327368
 123553 77672.3 88534.3 66997.6 50797.2 42235.4 43549 59138.1 58564.2 105956 118642 93025.6 134321 220207 194888 134310 137009 118926 138459 87707.8
 69134.6 63706.7 55048.8 67845.5 107566 182878 140715 161125 127680 144273 131396 248545 104055 97139.3 116910 221417 105581 190238 95680 154030
 107238 119950 107412 201645 115155 126991 163576 230078 227452 417345 276133 250983 278605 320683 185031 244998 209093 162027 323301 215337
 80741.4 101827 94685.5 84152.1 128419 78245.7 97045.8 73915.1 103220 115105 98903.3 93433.1 65994.1 66200.8 69221.7 78572.3 78180.7 140776 131071 242884
 227255 88203.6 91696 136179 112282 120171 149241 183859 208107 158136 226731 283079 211706 214225 159113 210271 159098 119931 95839 97751.7
 173817 88767.1 84224.8 133531 124122 110597 141232 151648 130678 156179 149910 199061 211001 145546 132980 114307 130367 166325 140229 187176
 76365.3 78286.2 76294.6 78002 129264 155296 153979 165315 197712 192670 122857 131375 180084 136882 114189 154911 128516 76986.3 155291 146828
 63769.4 71912.5 61865.3 88482.1 123409 149275 148047 181456 109229 137072 163093 134955 114882 112040 79618.5 71593 75088.4 72791.8 63823.6 67863.4
 77319.7 116781 89674.1 74959.8 107267 207966 148835 151548 214632 248276 216854 190826 202121 187848 220650 181171 173813 160143 204536 263356
 55821.5 60256.6 140617 71236.2 73523.4 58779.3 94949.3 89492.9 192622 226338 177981 221895 174965 123043 114291 72393.9 139531 122256 119516 188815
 93177.8 104762 88270.8 122136 182563 112637 144688 224495 152647 141750 118322 120660 119090 149238 137786 106768 150930 146619 133167 110498
 134750 87261.8 100282 94030.6 200802 153852 159370 151950 140581 143366 90765.8 114684 204588 141191 157195 101597 127783 148277 118275 112013
 121971 57340.5 74783.1 63831.2 66108 113776 78247.4 156925 166504 129906 241471 114546 197050 217401 172697 239658 337409 215513 338026 162537
 146127 93344.3 130044 160954 162066 269080 313753 158636 211033 118143 82419.6 109505 72324.5 73411.6 75209.5 114918 157777 139295 146171 127293
 91477.6 77325.5 95555.4 80001.5 120269 82190.9 146227 147225 139578 175028 195500 186169 241640 359351 256558 312869 324336 282408 368793 368331
 61162.9 59052.4 85879.3 105078 98296.4 78335.6 102201 130383 96150.1 192429 206542 185455 243792 372636 424148 333764 269290 270241 297854 293199
 119384 88516.6 68934 67723 85434.1 164704 161746 111646 133929 142694 123154 112215 118155 119473 159237 139370 84796.3 113045 142645 147927
 56987.7 90833.7 73841.6 92465.4 70976 73927.4 85734.6 87087.8 98231.2 69958.5 50534.1 79756.1 150715 112990 135480 123799 165697 176286 233690 181516
 63440.1 70200.4 126142 97124.4 128644 119904 127158 114036 82732.3 94320 59571 94684.3 102292 160924 191253 143374 152737 144825 101001 142744
 59201.6 61533.9 48001 44490.6 62142.5 66108.3 107348 155586 248264 150449 329108 192092 280640 181336 205605 224937 195643 269124 224036 265814
 151802 177062 119161 173523 179482 194438 202461 159706 112419 146254 139863 363147 356687 200162 189171 181854 246667 164178 237095 207774
 94196.1 146850 62642.4 86456.6 97390.9 83507.5 149436 127582 165797 193686 253584 143441 168518 102634 111739 98317 137980 171102 91634.4 95308.4
 50595.5 71224.1 95657.6 90673.1 78180 80831.2 87442.1 103157 95787.4 103365 118837 133939 123910 60686.8 62253 114385 102611 75676.7 71616.2 118875
 114234 180639 134738 157903 159425 106588 148123 163605 157232 133312 139198 117007 100683 110848 182971 156796 93424.5 80293.1 106084 110764
 65551.4 63053 68769.4 60500.6 47133.2 55868.3 76002.3 65659.8 105465 99968 85951.1 108649 72573.4 114944 96327.1 161381 143254 256392 238918 291084
 123506 88338.1 79116.4 90819.8 100173 76672.7 119714 177537 132656 158466 222702 223610 371037 165091 162246 184150 168114 358162 203482 175954
 76516.3 105415 58360.9 84694.7 107906 116453 87194.5 85456.2 73505.7 136149 131540 102408 111812 118138 134316 92323.1 107892 120537 84551.6 76832
 140994 52987.9 50035.9 49326.9 62789.9 92561.9 141793 140081 182117 275065 229121 236853 338604 238486 377915 319177 266206 260108 167560 150254
 102055 65890.7 119187 131314 211702 376929 284984 302947 227138 229508 275471 228820 298938 207287 147699 214077 304630 250400 314915 377420
 103583 97890.5 89968.6 83715.1 85455.7 90732.6 47656.1 98849.1 97082.6 74033.2 62374.1 61911.6 54044.9 78473.4 76931.4 76553.1 107506 101728 62285.8 119906
 79567.4 90801.2 97423.2 115809 158879 252778 161108 285453 200892 263880 220078 280176 166295 284568 279690 326471 279432 311037 282251 250674
 81745.9 59830.9 62734.1 48343.5 34820.6 28092.2 30353.1 47902.3 55277.5 66128 57840.8 53547.4 73870.5 116443 133101 124715 117481 103270 58755.7 81633
 117641 79417.7 115556 235951 198227 114667 117191 170268 118819 139792 152294 147783 112929 162517 150778 105974 301018 196429 201151 303229
 68350.1 63403.3 84059.2 69960.4 64773.2 89111.4 79260.4 76983 92710.3 68986.5 131076 113941 139922 125351 159955 117036 132723 143611 130129 242359
 96570.5 112897 151785 279885 212598 172622 202336 110471 116092 74002.6 73036.1 66094.6 89601.7 70121.1 80401.3 109771 106644 116084 156284 124556
 75652.7 53473.6 46089.5 35349.4 82049.3 89973.9 92554.3 95896.3 147757 186440 161512 131331 161207 142320 147245 241138 155264 242237 163167 240061
 90753.7 133042 107750 149128 144514 246665 381723 153201 378796 232147 262761 280886 208710 248690 250276 212983 334049 239981 171508 175901
 111112 60876.3 65714.7 57964.1 108420 71197.9 75677.8 75420.5 101383 118720 144196 106054 140574 194525 137010 164978 200219 225597 139291 135329
 85989.4 117759 131774 141627 151428 145403 282213 230566 375829 211612 274055 165437 169229 178447 314794 153741 303509 189096 232209 210093
 71724.3 97086.2 160301 138902 128645 75737.8 205649 360696 245184 284493 187120 269157 184114 170134 118374 188836 94511.7 115489 112900 176325
 68120.5 54476.4 95066.9 86186.7 92041.4 77426 93395.7 114447 122017 106984 161139 107210 164371 133699 216107 152057 279844 180837 241367 253333
 54495 88005.9 80042.8 82847.5 98010.9 99028.7 128734 150148 145714 172266 209769 210944 282357 216378 304358 287029 194039 215587 182965 166993
 139221 132410 110267 132427 82008.7 72607.3 96564.1 60801.9 73734.7 64176.7 64057.4 78644 104403 79940.4 61474.7 95390.2 93408.2 130778 130361 98409.7
 52418.1 62738 74228.9 48965.9 57989.8 114691 99492.9 110614 170551 258123 199009 195364 214879 351004 514476 212854 180225 199876 181724 174436
 71347.6 96183.2 94878.7 115850 69034.3 65526.9 131578 113825 137628 241722 156083 213270 154384 135246 79582.3 115947 106991 82138.4 66902.5 72184.5
 120100 129642 145712 166676 99678.2 116043 146711 118714 108955 112354 76181.8 106067 117507 95354.5 139438 184710 182988 130376 157337 118811
 43361.3 30246.6 28682.2 14670.6 21045.4 6845.98 7502.28 6996.12 4734.34 5879 5049.78 5358.63 8944.42 6816.72 7906.33 20862.5 21285.5 22748.8 44757.2 46374.7
 51302.5 40560.2 16631.3 13653 14976.5 5522.1 1790.87 958.359 366.482 269.15 249.962 244.1 249.825 101.455 56.3234 32.743 24.3919 18.4982 13.9458 9.1085
 59325.6 57196.8 59931.1 73222.6 87492.9 69822.8 83874.1 134905 163641 111315 134458 186752 219311 220092 302196 206714 255457 140713 102038 83390.9
 130454 46943.1 102521 40321.5 48167.6 29088.3 34467.1 30795.8 28574 27680.5 35453.3 42146.7 26118.2 61714.4 55725.7 83289.3 60243.6 100555 115522 165232
 65960.1 46963.5 50700.3 48079.1 31150 57532.6 62123.3 78218.4 67936 104202 86461.6 90992.2 70421.1 127843 105664 192009 264926 234125 242930 247501
 71271 61372.7 46363.6 49161.9 66050.1 54696 57415 64735.1 68874.8 62907.1 186672 83698.6 93985.9 79949.3 104238 116567 114837 198295 140123 167023
 107400 85635.2 66419.2 76739.8 90688.3 99283.1 98290.9 94712.6 164509 109300 145109 148929 116447 184551 126281 169546 174745 177091 149146 158959
 100179 89477.2 70344.2 106189 105727 162792 203600 296816 196885 210442 251504 291870 248357 370474 257616 256047 380502 357963 208979 201381
 94388.8 86819.8 87137.8 142150 199860 121201 132219 207273 220991 136806 143421 325581 164050 162064 138680 167900 151876 171108 106177 82207.5
 111614 89071.4 71074.5 96490.3 121405 152228 216792 198232 136379 149744 133217 238765 180905 113212 186669 150797 142605 177098 112136 287660
 70519.6 57537.1 52777.2 38161.9 79905.5 67232.6 64812.8 83765.9 71527.4 74100.8 104636 133247 176596 141276 141737 215778 328969 333603 282769 211823
 73244.2 80523.2 60990.9 92948.5 49840.1 90291.3 127240 190418 135735 143883 182516 138855 218066 127883 99900.7 158065 251220 227241 140436 204780
 75744.3 70319.8 55959.6 59359.2 37443.5 35619.8 54714.7 51698.7 59812.9 45277 34204.7 31410.8 55623.2 64198.1 68803.7 53263.1 97021.3 87378.3 136324 154122
 96506.5 54064.1 52188.4 50872 62500.6 49262.6 72278.1 132379 65593.1 129897 213769 181004 117832 130066 91405.4 147162 150665 332152 143271 222652
 79836.4 107062 137431 89105.8 119188 117442 202443 280570 235420 299896 325551 224636 186958 202124 311183 270670 295062 297347 210785 227492
 57373.1 64095.1 38397.1 51965.1 41076 48068.2 72963.7 112320 98611.8 118110 60816.7 66705.9 90580.6 105708 64937.5 65533.8 58440.9 77828.2 115570 92758.1
 94927.3 62264.7 54217.3 53366 63266.5 57652.1 55380.8 61484.3 113698 76547.4 111166 99155.7 71439.9 50134.8 117981 130960 231383 175525 174772 153568
 72718.2 69007.6 59099.8 67191.5 65079.8 84279.3 120000 140795 133113 108510 69889.9 75868.6 97049.9 62907.8 109621 55100.9 157347 112537 125562 105281
 79587.3 77805.7 65443.8 54912.4 53041 33846.5 25783.1 41343.2 37343.6 39136.8 55428.2 61261.3 123519 110519 261026 244663 178527 229515 238257 254968
 68409.9 41962.5 29811.1 36825.9 37290.9 46722.5 103251 106979 124202 103956 132205 151529 138394 245083 162890 289949 224609 251133 263975 433652
 51592.8 55418.7 67911.7 75326.7 108875 170167 181037 116731 203004 138536 98029.6 135091 70620.4 70091.7 98714.5 76700.2 86562.7 117325 94973.8 145556
 69789.2 92644.3 190706 102880 145903 92088.1 125117 108605 190042 172173 235909 200764 152047 176320 155737 192190 251985 245168 217475 298138
 122414 88824 63425.5 69239.9 119141 148070 132039 228393 177630 141328 123087 120586 97654.8 40877.3 127538 120908 111940 169566 258021 289716
 100364 90856.3 140987 62196.7 202297 176116 97640.7 180884 125221 123677 109177 179853 197594 224185 184254 146755 142533 150475 154159 141101
 74414.2 79032.2 82563.4 96846.4 154084 137629 223403 161632 126455 80987.2 117660 91538.3 138282 197508 196456 152988 218202 259847 300976 156868
 58025.2 71202.6 110109 104374 83140.4 73790 111315 134336 129924 115832 148667 119369 194231 197921 123282 128891 116307 109089 124392 101871
 104025 78493.9 76444.5 98369.3 93998.3 201868 105813 169795 141179 147547 241789 199863 242193 132680 203283 274697 209592 146516 150273 145961
 103835 71970.1 76448.1 89244.6 82370.5 152835 120724 126686 163514 137761 197269 155705 124985 164505 135792 121882 232113 178039 158920 190718
 71474.8 32979.3 62173.5 27663 47654.1 29118.2 39047.1 53762.3 73037 86613.4 94829.4 98756.6 109969 149482 91755.2 133620 139897 176613 133601 105662
 83318.4 53761.3 108827 114464 87022.6 124488 173628 192637 182047 206472 251150 211707 522701 412553 250284 236978 185965 411953 267556 162997
 89175.8 67249.3 77319.4 54943.4 98651.7 111941 91351.5 103818 118049 115733 128914 189549 129877 128237 170871 150212 179219 221345 152489 191121
 84314.7 66546.9 78484.4 122373 146002 220487 189075 281837 198916 236130 198611 220730 103878 100767 98056.6 127534 171044 133914 83308.4 145420
 57367.5 51322 70552.3 110777 80884.8 240217 151299 173889 176876 221689 180942 169253 179243 261244 167230 200661 120637 153675 148461 267058
 76649.3 44025.2 65924.7 46171.9 65403.9 51794.2 38884.1 44549.3 32801.7 23048.6 38021.9 53511.5 34437.7 108429 65763.9 60099 53842.1 53119.4 64668.9 132742
 94508.1 91595.4 78372.8 99351.1 106873 166015 117156 128795 170404 176454 150666 120999 186380 272563 253355 222888 173823 105939 151552 102146
 62409.8 21429.5 16090.9 16151.1 14074.3 2601.12 1317.68 666.067 534.852 581.96 492.119 152.404 152.217 86.521 55.7782 40.872 29.512 19.4924 9.59123 6.78432
 60553.9 68787.9 125391 79461.8 132471 216990 230918 155648 147628 172689 93680.1 83103.6 81171.7 148577 118542 100306 158007 289481 220146 153862
 120817 97281.8 108968 109727 100987 124499 148704 89171.7 119076 107379 170119 223579 167184 146766 92846.2 136610 133718 202089 203449 236992
 77305.1 155415 146215 100110 205792 141815 189614 185014 234470 169286 186379 138464 263085 108045 111064 163301 164053 172384 171083 152252
 83438.6 49830.3 51818.8 48310.5 28776.3 48279.6 49524 42532 33539.4 53720.4 127126 149545 201115 138320 239238 188086 182316 264503 358422 328648
 99956.2 82667.3 207075 130732 158788 295651 158183 214581 231213 253750 257230 468105 298233 310237 205932 364189 456492 241142 192372 272310
 82314 163750 144114 213299 188735 194616 161405 126534 150146 135823 152518 94769.1 110765 59739.8 77500.1 71366.8 62780.2 69789 126669 199402
 121983 64500.1 73347.8 81469.3 67674.9 111644 136390 96127.9 96616.1 74520.7 80167.2 94730.4 142087 155750 215180 161336 401237 258776 230775 297216
 177233 143441 120251 71583.6 65551.6 60352.2 93815.6 114084 106138 165984 156878 202127 204760 284624 171243 219859 135524 157650 161753 88501.6
 59429 93240.6 85354.3 45854.6 81140.4 73031.6 101772 199518 161079 175753 142181 107947 132229 113497 62986.3 53010.9 41931.6 23985.3 28612.4 20854.7
 85326.8 62997 82868.1 72475 91370.3 74283.2 83113.7 121112 171896 157449 164167 215372 196263 222337 190062 189262 168037 131948 186078 216035
 140264 74935.7 71805.9 55006.3 60977.3 30898.9 48613.1 34201.5 51572 155835 178001 164626 164478 135299 114641 120056 77376.4 171623 152666 313204
 66807.5 124168 84658.5 82370.2 86509 77620.5 97498.9 116368 126275 83481.3 88164.1 139879 146627 205194 132484 149024 82264.1 107428 129089 126477
 96110.8 64313.5 77641 81233.1 95777.6 87733.4 136279 90439.5 165375 120283 159232 169094 199035 363081 273329 260949 313034 194411 159267 156688
 70870.5 66976.7 78100.7 143801 142564 121796 175803 176846 150508 138523 186545 161476 207315 164554 181694 132890 218713 145067 208428 106146
 44546.5 44419.8 71691.2 58645.7 50538.5 62718.4 45482.8 61705.8 118592 107599 125217 104173 140591 147476 157267 172427 171044 189042 204539 138255
 103577 44410.3 76066.1 43820.5 64169.4 95962.4 83713.7 78047.4 95823.6 93540.1 94502.7 115788 86423.7 123875 133235 137056 114100 149931 171211 143302
 82003.3 121617 106047 133104 232007 126410 129764 158747 88337.4 190010 167570 168773 112889 180436 236997 214759 264806 254158 215806 253191
 113344 107643 128621 161668 145768 148340 186582 144856 125912 202664 238689 162180 146313 253855 117145 80160 95836.3 111272 181096 168830
 96418.3 79725.6 26665.7 69859.2 53893.7 70758.3 94506.7 151241 132530 244173 181549 208807 157653 150101 136745 167111 127640 155451 152439 149043
 67751.5 62930.4 39416.8 66880.5 61767 61175.7 59504.7 164597 229541 254320 242218 191348 190245 153203 167356 227227 209518 177897 150561 230356
 82483.5 73450.6 103128 148570 107851 126188 261148 315199 218265 219183 196672 217614 246147 267406 255720 197761 111063 157830 179744 147682
 117280 73459.7 47186.8 100409 121679 226442 99715.1 136195 132229 205906 70500.4 93621.2 77314.7 97914.2 82542.9 66134.9 54161.9 100982 56204.4 151275
 103234 84907.1 81351.6 116068 120355 131566 110483 76773.6 118310 136893 206210 322719 224221 248826 289987 238975 178928 202297 270511 274358
 93432.2 60097.2 66683.8 70177.2 94405.8 132212 156917 216629 161884 195173 252245 263099 202936 182868 169053 185059 110871 135868 124866 178355
 128326 90382.4 104079 65872.4 111385 134186 187699 149299 141438 114143 80569.1 94256.7 114975 125213 117753 95559.1 94366.3 103131 155264 272448
 85616.3 60598.9 77224 39130 34770.1 37103.6 101818 68366.5 85754.3 131852 156094 119009 312486 294300 211616 150181 170334 129072 155541 181617
 94981.3 50931.1 44537.1 53968.5 53742 111291 78792.6 126620 183595 233523 249613 279582 142039 119387 101382 85554.7 73522.1 90586.6 105245 127713
 133358 95285.7 145952 163937 275244 227795 233482 142726 164076 134785 104571 83266.9 99845.6 55533.5 125555 137005 233731 146581 174483 136302
 79921.7 73704.6 66845.6 75363.6 56752.3 75545.4 166745 195486 152621 185634 211202 137230 191577 244799 199088 154450 185930 159710 226667 313789
 63439.3 67985.9 32245.2 29175.5 29720.9 27142 64745.8 55856.1 76717.5 99745.1 127437 97380.3 111333 136625 148245 92722.3 128607 159696 136479 102237
 128459 72525.7 143174 106725 192913 156825 230871 295880 221740 104058 199441 110274 186022 146220 99549 206856 168242 101934 108388 142235
 133238 144385 92203.6 67983.5 79870.4 73934.2 109010 137297 95470.4 109326 118763 112905 93242.3 102159 83368.3 109597 104920 100572 117665 85565.9
 82083.6 81598.5 62962.5 72380.6 75321.1 69043 55889.6 69526.5 104943 80200.6 77394.1 77353.5 66179.1 61154.6 120912 52186.3 76694.6 109852 112082 142941
 83278.1 78428 46555 71513.9 54493.2 136575 94173.4 105327 119376 85746.3 96874.8 146297 351520 223318 212335 229822 233605 163621 157527 163346
 73469 83722.4 61021.3 110041 167406 199729 306037 266010 169312 256970 177211 254530 207212 196201 260857 345881 359537 355488 312848 285761
 133844 107491 108168 105809 182082 200102 121511 218953 194597 146718 191655 196729 197095 109521 135607 94491.6 97131.3 100319 96256.8 44441.2
 67661.4 108288 59234.8 81149.8 114923 114379 87033.4 96546.3 100661 185086 132473 124182 229544 211326 206297 179824 122682 157486 94140.1 172610
 96767.1 128778 114750 135030 245172 241895 180219 165372 256900 275269 220664 224881 245173 257873 322620 273554 165344 139287 167827 94215.5
 90206.2 61674.9 70612.2 81443.3 63863 65939.5 87753.4 108321 66389 62326.8 63122.8 101858 96889.9 104791 92278.1 161492 139069 83714.3 109136 98708.4
 74991.7 70982.7 74843.7 126486 92343.7 60569.3 129506 237935 210367 143477 212782 190816 438323 196107 148073 220508 247512 340857 246680 141508
 65350.6 68460 66143.8 61314.8 40153.6 42798.7 98598.6 177798 108084 86466.4 68880.7 86439.5 158711 239990 281683 165093 162166 229946 145791 191106
 203269 112458 129220 275207 213488 351199 311003 263138 198117 145960 192436 158241 226251 257086 416353 482903 300217 156372 186295 129814
 113177 262268 168506 173399 297111 163680 159255 195378 140627 219024 213164 157859 142741 73339.6 175382 108704 209254 187246 171693 164651
 89746.9 80466.8 116425 152105 111158 97671.2 178775 186454 140569 199150 151120 264007 332438 356857 439035 235005 323565 192282 147019 181015
 51159.2 63919.2 53267.4 63109 72963 137294 175958 263717 379329 273241 241045 391978 240869 242304 325242 199249 150261 181217 100685 162857
 90260.6 76452.6 119930 127968 100662 98578.9 97313.9 148855 209027 169725 129345 80354.2 72820.9 157513 129996 150331 155326 125835 147424 105728
 73728.4 79071.3 63373.8 68929.2 108064 154423 150038 194435 236744 183105 243304 373243 227278 143991 119454 123625 139818 156715 142241 89730
 128958 103914 138440 95388.7 202196 313116 363055 265930 255268 328919 249238 187308 179382 354543 250688 259452 207393 150894 153447 149759
 62347.2 131580 92000.2 87535.9 75842.4 77746.4 65333.4 54870.9 56387.4 68283.6 74214.9 55759.1 81867.1 104514 116722 106838 109556 170048 179748 154379
 90016.3 98146.8 108263 209288 215947 198051 248400 218477 223957 131672 127332 120764 262362 209869 171103 231126 174780 189363 286726 208663
 118260 115774 76861.6 90111.7 148724 90990.1 92468.8 133503 102877 154630 83811.8 102973 66547 87391.9 95170.1 90559 154720 217107 320726 277679
 68630.8 94206.4 106314 95128.1 68918 66029.1 81483.3 80136.1 117414 256272 325575 343001 483554 273159 164709 266321 312205 248194 222052 149294
 110274 65460.5 68368.5 129727 117104 120719 215721 245539 249464 455228 281449 271698 202252 375509 324235 286178 235023 312489 398118 280223
 97679.7 75848.8 93199.6 92134.4 109525 130911 215017 183583 154056 244095 273486 289330 215742 288250 191432 128527 146238 137803 116776 284147
 106697 109862 211206 154236 163957 199498 154443 172514 156358 206366 100638 127951 70318.2 83208.3 59419.9 69804.7 107453 104308 121997 112395
 92411.3 70847.3 65891.1 66387.7 67492.8 75865.3 97012.6 78187.1 137528 102438 138717 188449 289941 259255 297466 350404 173308 408099 246475 273102
 96229.3 141677 82138.5 107527 104796 73530.4 50190.8 52181.2 42947.1 50719.9 46969.2 72558.3 118021 101591 174694 105829 77137.4 70886.5 92061.2 99990.2
 103505 96034.6 181252 213969 163594 217004 244694 131309 310967 197446 141264 188905 123265 160643 240512 184987 165435 108551 141964 103621
 88621.9 158564 106601 118964 129160 179395 236166 237837 172541 170495 178081 196539 138031 181174 166034 87807.4 211864 207804 165967 126970
 70788.7 147343 120669 196697 178174 215486 190164 199440 320926 204568 171714 347344 254634 222287 254488 199033 130378 89812.1 112431 56561.5
 109710 81516.5 65608.4 59142.9 110928 126657 105829 316076 283021 346432 275637 506633 220107 141580 115177 295029 144394 133766 167439 152213
 93570.2 123670 132030 109065 60468.4 91692.2 78118.6 111155 88837.4 67951.6 133503 80343.6 122609 154475 112076 173548 187449 183288 247137 281613
