 0.456301 0.427312 0.3907 0.482444 0.404145 0.313281 0.291355 0.229194 0.20028 0.161389 0.185079 0.200679 0.219585 0.184904 0.219482 0.177434 0.144662 0.152056 0.157703 0.171033
 0.469123 0.391584 0.407029 0.42528 0.322065 0.267925 0.276867 0.270936 0.189693 0.21244 0.204037 0.227188 0.251141 0.226294 0.205127 0.215076 0.207469 0.154404 0.172066 0.179276
 0.523972 0.494048 0.292595 0.249198 0.178143 0.118357 0.129325 0.138149 0.156112 0.219209 0.222527 0.24003 0.190897 0.208744 0.215788 0.179708 0.194414 0.216545 0.24128 0.195466
 0.408716 0.44621 0.354428 0.373191 0.267857 0.298246 0.301812 0.240298 0.302924 0.279421 0.279281 0.308943 0.261957 0.238647 0.153167 0.193514 0.225082 0.190442 0.206879 0.240498
 0.375766 0.357696 0.258321 0.225684 0.274433 0.25763 0.258805 0.281663 0.321518 0.311088 0.247149 0.190832 0.186312 0.153796 0.164141 0.194747 0.239521 0.362585 0.34042 0.422426
 0.365076 0.334511 0.220504 0.220219 0.223093 0.216322 0.273404 0.409071 0.384282 0.294871 0.277246 0.259434 0.223384 0.224155 0.224787 0.19645 0.151637 0.176473 0.183016 0.163273
 0.447751 0.335909 0.345166 0.302074 0.319279 0.307307 0.235322 0.242094 0.297111 0.223632 0.358411 0.242247 0.260962 0.274415 0.271214 0.320973 0.281287 0.249494 0.247164 0.284283
 0.399388 0.252786 0.185582 0.283534 0.189524 0.176333 0.167688 0.197492 0.16934 0.138037 0.113173 0.129929 0.151101 0.14981 0.192692 0.237584 0.201325 0.233534 0.207193 0.338784
 0.310441 0.255921 0.295254 0.252921 0.212253 0.178145 0.19886 0.216644 0.208219 0.218517 0.23674 0.21447 0.166804 0.214896 0.207712 0.222454 0.205531 0.233342 0.224448 0.233394
 0.373411 0.253965 0.181952 0.222341 0.211049 0.270021 0.219577 0.203316 0.246585 0.262692 0.28088 0.341253 0.393392 0.436879 0.514916 0.466604 0.375336 0.369187 0.305812 0.199854
 0.582683 0.753559 0.570108 0.615486 0.394083 0.282901 0.252973 0.191659 0.182922 0.206827 0.227728 0.259346 0.208901 0.160673 0.185577 0.125279 0.214851 0.232084 0.263181 0.274382
 0.480504 0.426788 0.37147 0.435812 0.285681 0.277247 0.253267 0.256558 0.233748 0.275669 0.42151 0.547962 0.594081 0.8238 1.04615 0.907777 0.691836 0.483679 0.43912 0.323243
 0.575189 0.569973 0.440896 0.445347 0.468715 0.314499 0.267151 0.237231 0.185269 0.210972 0.161908 0.170006 0.215284 0.185214 0.241717 0.254703 0.205501 0.317955 0.312454 0.250467
 0.490794 0.444263 0.470126 0.398489 0.301397 0.26947 0.316377 0.309186 0.247738 0.216298 0.172687 0.197717 0.1779 0.237755 0.239695 0.282798 0.271625 0.331752 0.339265 0.311672
 0.437654 0.341037 0.21447 0.257904 0.213435 0.165363 0.143663 0.127615 0.174333 0.209966 0.218231 0.175467 0.187412 0.210324 0.255785 0.213741 0.207237 0.227434 0.261251 0.167782
 0.403202 0.355213 0.384118 0.323558 0.342171 0.293792 0.245762 0.261413 0.307571 0.183937 0.193799 0.184021 0.133926 0.153102 0.199138 0.223882 0.202406 0.208399 0.295895 0.377231
 0.482266 0.378842 0.351728 0.308376 0.181097 0.203241 0.184511 0.191407 0.225116 0.24296 0.204012 0.211808 0.251166 0.224984 0.225294 0.236896 0.306456 0.270871 0.256881 0.219163
 0.422147 0.433415 0.412933 0.296404 0.302017 0.22613 0.238997 0.253903 0.263784 0.215879 0.253832 0.186332 0.167239 0.226626 0.201135 0.194646 0.234056 0.310634 0.39123 0.344578
 0.385848 0.399334 0.309745 0.344823 0.245293 0.201016 0.186582 0.22326 0.210469 0.194099 0.242107 0.212338 0.154474 0.236293 0.232404 0.257073 0.262624 0.310595 0.286017 0.252296
 0.401995 0.422532 0.459747 0.34222 0.203407 0.173594 0.240567 0.238368 0.193487 0.179039 0.145821 0.171503 0.15693 0.167331 0.240787 0.272654 0.234259 0.230778 0.258343 0.344954
 0.493006 0.398784 0.309315 0.274516 0.227845 0.295959 0.222166 0.259484 0.265715 0.286522 0.27566 0.338871 0.384686 0.4598 0.312286 0.195131 0.170235 0.158678 0.134101 0.149048
 0.37636 0.307504 0.19881 0.197613 0.188551 0.141559 0.171769 0.211371 0.273883 0.276151 0.267151 0.169246 0.169515 0.1951 0.191708 0.185318 0.202538 0.31543 0.393386 0.410931
 0.349139 0.248181 0.315107 0.255128 0.209787 0.193503 0.170151 0.217974 0.254003 0.329761 0.359982 0.378948 0.414687 0.389239 0.248044 0.240741 0.236691 0.196532 0.203174 0.204878
 0.380793 0.363397 0.236341 0.246207 0.244263 0.233218 0.269053 0.293823 0.323119 0.247801 0.315205 0.247546 0.319767 0.240012 0.200002 0.168815 0.230862 0.199478 0.183316 0.175462
 0.41849 0.441913 0.234269 0.207922 0.176393 0.168265 0.225905 0.218512 0.211209 0.232501 0.210526 0.250771 0.23422 0.228454 0.24132 0.193303 0.222215 0.239015 0.171384 0.198818
 0.490584 0.577685 0.400306 0.365563 0.37169 0.318329 0.26919 0.270816 0.283205 0.308118 0.260167 0.278475 0.22107 0.1751 0.175001 0.188854 0.191854 0.21914 0.264021 0.238392
 0.330778 0.251445 0.292102 0.211706 0.29682 0.178895 0.218486 0.282541 0.230375 0.224747 0.301238 0.326264 0.221583 0.245105 0.221579 0.245879 0.232152 0.268398 0.263696 0.200802
 0.423123 0.439652 0.323028 0.274517 0.247074 0.188334 0.180045 0.190011 0.216944 0.143772 0.177198 0.204788 0.238034 0.209628 0.212028 0.236681 0.2046 0.211793 0.208663 0.169823
 0.446859 0.290892 0.2366 0.18559 0.223781 0.200347 0.191645 0.296097 0.309273 0.271025 0.220495 0.250964 0.235635 0.25911 0.218954 0.229314 0.162082 0.17948 0.206542 0.210978
 0.314591 0.27672 0.216784 0.224722 0.25717 0.272296 0.42208 0.406463 0.325835 0.384261 0.340355 0.383811 0.220616 0.185688 0.225504 0.218329 0.27864 0.319797 0.198278 0.204491
 0.393103 0.24582 0.20885 0.242119 0.239141 0.167284 0.247705 0.197344 0.186491 0.241359 0.24369 0.238394 0.213769 0.202373 0.163547 0.171202 0.194394 0.188654 0.231097 0.224264
 0.502971 0.586522 0.515063 0.560284 0.523135 0.360466 0.434187 0.349227 0.319703 0.344108 0.220856 0.179013 0.213882 0.229182 0.265152 0.27669 0.251092 0.213943 0.262842 0.235061
 0.424908 0.345931 0.342667 0.497119 0.351652 0.299305 0.300414 0.27579 0.258662 0.292698 0.352207 0.219589 0.191264 0.172419 0.182378 0.134626 0.160988 0.197194 0.219187 0.23896
 0.36529 0.321201 0.289285 0.330015 0.368222 0.383989 0.388883 0.320118 0.323125 0.230641 0.196284 0.211551 0.161015 0.223539 0.201788 0.159833 0.205002 0.161168 0.208902 0.259788
 0.493382 0.366622 0.372989 0.347915 0.282495 0.279493 0.290308 0.228676 0.28209 0.362263 0.36156 0.358635 0.234157 0.196648 0.234121 0.272767 0.310362 0.339112 0.405925 0.274396
 0.44928 0.319918 0.255317 0.229614 0.197177 0.182352 0.161544 0.159782 0.228418 0.210271 0.198338 0.20743 0.200303 0.259551 0.254325 0.310056 0.391421 0.447364 0.432955 0.481373
 0.449498 0.299525 0.311559 0.236616 0.191531 0.16163 0.141341 0.140805 0.149831 0.137692 0.207282 0.219421 0.229258 0.252951 0.271978 0.283714 0.346592 0.28303 0.350253 0.294391
 0.340423 0.408549 0.368655 0.324155 0.29834 0.180808 0.142114 0.158049 0.162726 0.148225 0.218905 0.228677 0.314707 0.335339 0.308658 0.3495 0.2507 0.322401 0.194525 0.200113
 0.528762 0.462724 0.40902 0.364118 0.364239 0.353486 0.458905 0.317138 0.388901 0.249012 0.3421 0.246123 0.198556 0.264762 0.242404 0.234883 0.272798 0.237537 0.262056 0.283899
 0.468705 0.335962 0.350335 0.404615 0.350098 0.263864 0.305548 0.337767 0.304559 0.200376 0.224525 0.217083 0.183616 0.181282 0.1653 0.217808 0.188942 0.145658 0.115743 0.142331
 0.541539 0.438372 0.574413 0.509736 0.322129 0.284488 0.226731 0.226129 0.264597 0.290784 0.27096 0.214957 0.278454 0.32273 0.385111 0.451962 0.504945 0.39986 0.320626 0.160346
 0.375168 0.335909 0.249964 0.267366 0.21481 0.213248 0.218492 0.223035 0.16123 0.194206 0.214829 0.236466 0.235769 0.199313 0.291405 0.274984 0.202224 0.223687 0.219025 0.257182
 0.457445 0.646184 0.428424 0.385812 0.305406 0.232239 0.228332 0.177523 0.218448 0.137355 0.215778 0.164669 0.19416 0.215885 0.290076 0.334022 0.352388 0.419194 0.395847 0.360722
 0.543379 0.528847 0.416822 0.391823 0.28297 0.289533 0.220005 0.271663 0.183226 0.190864 0.172883 0.202086 0.18424 0.185609 0.202858 0.191717 0.180469 0.195344 0.171714 0.206118
 0.401945 0.301599 0.335892 0.268988 0.25168 0.306689 0.319316 0.372603 0.319022 0.279744 0.197712 0.170572 0.159408 0.169155 0.243333 0.246749 0.255572 0.205442 0.263127 0.218707
 0.432443 0.377136 0.308274 0.358489 0.37061 0.28518 0.309931 0.306541 0.351377 0.277039 0.303388 0.292648 0.215982 0.205368 0.173733 0.282041 0.234178 0.246678 0.262884 0.235846
 0.47643 0.495476 0.33483 0.287944 0.232798 0.212831 0.225409 0.174902 0.21342 0.184766 0.153155 0.152427 0.139474 0.134173 0.152488 0.19262 0.243708 0.31587 0.27968 0.304786
 0.488427 0.458334 0.269301 0.276551 0.193729 0.206768 0.256512 0.206734 0.222817 0.320941 0.283404 0.249661 0.262894 0.291279 0.287035 0.297938 0.275037 0.303644 0.242085 0.201672
 0.477315 0.311556 0.279615 0.293627 0.206952 0.161812 0.178505 0.157568 0.217783 0.204586 0.222555 0.258921 0.314492 0.416064 0.420852 0.349077 0.210468 0.221626 0.172742 0.174961
 0.499993 0.413627 0.362247 0.228599 0.195085 0.185686 0.259604 0.245563 0.255654 0.237865 0.257115 0.375263 0.335163 0.301204 0.3556 0.258764 0.251329 0.197219 0.195175 0.179408
 0.686556 0.769695 0.692991 0.627029 0.499158 0.21744 0.266075 0.237992 0.207912 0.175941 0.173375 0.146154 0.144162 0.169117 0.201111 0.175514 0.159571 0.186236 0.233541 0.261648
 0.483517 0.450761 0.568433 0.473291 0.313826 0.284247 0.156005 0.241661 0.20493 0.171972 0.217358 0.235937 0.26896 0.273355 0.250489 0.292834 0.432748 0.449003 0.409148 0.281663
 0.574234 0.523589 0.495156 0.442532 0.279127 0.243126 0.265947 0.216595 0.22123 0.211457 0.204262 0.234992 0.208915 0.232557 0.279626 0.2722 0.248378 0.192291 0.187181 0.174837
 0.552682 0.593434 0.536512 0.519064 0.401636 0.234527 0.196389 0.164966 0.219681 0.156249 0.151356 0.181601 0.207451 0.239921 0.227432 0.221247 0.218161 0.225495 0.229879 0.231496
 0.453244 0.522342 0.355952 0.358965 0.327524 0.253556 0.227876 0.178303 0.145234 0.171662 0.211565 0.172935 0.224174 0.217252 0.235295 0.242436 0.230986 0.283999 0.306804 0.253044
 0.421576 0.384918 0.300927 0.266035 0.210552 0.163129 0.235141 0.20363 0.171141 0.166096 0.234458 0.26066 0.225849 0.26364 0.28964 0.271026 0.274961 0.18645 0.17752 0.161896
 0.465935 0.480459 0.410738 0.465424 0.45018 0.335983 0.327948 0.332719 0.29564 0.196985 0.175065 0.182853 0.177213 0.176632 0.220118 0.235023 0.253713 0.293248 0.280786 0.359147
 0.546532 0.465183 0.448005 0.414504 0.245379 0.167649 0.220916 0.23609 0.27246 0.18979 0.191698 0.189606 0.288232 0.24261 0.241868 0.234331 0.312267 0.208471 0.268363 0.197879
 0.366909 0.315037 0.309137 0.245338 0.323777 0.233984 0.221896 0.162909 0.133754 0.116805 0.161366 0.164153 0.192078 0.208951 0.228097 0.202201 0.247715 0.265556 0.237184 0.256812
 0.485746 0.369535 0.362795 0.381709 0.256764 0.285983 0.288368 0.344794 0.233062 0.231583 0.275052 0.304208 0.345132 0.312457 0.260993 0.275355 0.276819 0.224873 0.266623 0.182455
 0.37876 0.519389 0.419306 0.367229 0.289914 0.179594 0.18146 0.194288 0.181263 0.213747 0.181455 0.166734 0.195215 0.234001 0.303966 0.252985 0.259189 0.265711 0.290988 0.265457
 0.399686 0.464143 0.403692 0.305765 0.283046 0.213499 0.162232 0.197525 0.23507 0.210888 0.239866 0.200397 0.195186 0.227089 0.23097 0.302195 0.372728 0.374162 0.282061 0.181473
 0.556821 0.553519 0.466086 0.339613 0.206722 0.173699 0.212521 0.215098 0.184971 0.202659 0.264687 0.267529 0.227133 0.2458 0.236532 0.215579 0.242449 0.254707 0.219099 0.229724
 0.639125 0.565419 0.399467 0.279809 0.192703 0.171563 0.200315 0.170989 0.193709 0.201219 0.204598 0.259196 0.297841 0.283555 0.306855 0.284913 0.307399 0.307207 0.300069 0.311052
 0.554166 0.47968 0.522971 0.457153 0.25339 0.190397 0.265325 0.208531 0.163608 0.150782 0.164878 0.187294 0.190322 0.217677 0.261521 0.275615 0.236373 0.231996 0.17731 0.179319
 0.492881 0.320389 0.240606 0.377009 0.320164 0.246449 0.174642 0.193148 0.159575 0.187537 0.18203 0.139016 0.183638 0.232642 0.271859 0.377981 0.313317 0.33735 0.250494 0.19611
 0.561828 0.502378 0.373389 0.275268 0.23545 0.241698 0.180013 0.190669 0.255653 0.252734 0.269909 0.254022 0.280794 0.265649 0.269311 0.280187 0.229805 0.231707 0.244268 0.278497
 0.428666 0.362616 0.293792 0.355155 0.225998 0.228026 0.190262 0.214232 0.258328 0.299281 0.352278 0.258983 0.207788 0.268029 0.230733 0.289885 0.290621 0.331841 0.366635 0.320945
 0.526376 0.611774 0.357398 0.378291 0.373655 0.269939 0.309628 0.195317 0.207898 0.186709 0.129039 0.187055 0.179374 0.221056 0.240584 0.194136 0.166792 0.188797 0.13457 0.186628
 0.502147 0.49149 0.284199 0.246417 0.203433 0.143177 0.160515 0.2145 0.207205 0.291412 0.306562 0.377554 0.533929 0.517662 0.380916 0.245079 0.20964 0.203588 0.153816 0.171
 0.544959 0.577492 0.485636 0.456373 0.239453 0.211337 0.193777 0.258177 0.251541 0.201294 0.200643 0.193317 0.136042 0.122615 0.150322 0.159662 0.173512 0.17623 0.147651 0.177471
 0.601662 0.454706 0.310434 0.304636 0.300801 0.268769 0.248338 0.271802 0.312335 0.188504 0.174798 0.165945 0.131619 0.140338 0.161352 0.141741 0.181244 0.21877 0.221742 0.226279
 0.495541 0.568746 0.502446 0.412372 0.280584 0.165335 0.215728 0.269606 0.223605 0.203397 0.210229 0.268984 0.295622 0.277406 0.224117 0.229828 0.276138 0.235881 0.234671 0.276219
 0.543833 0.40602 0.470178 0.42985 0.391367 0.286542 0.246539 0.2142 0.218358 0.309436 0.293944 0.234302 0.235708 0.276405 0.201024 0.209853 0.20051 0.223391 0.232363 0.27456
 0.637196 0.680033 0.425504 0.411482 0.290175 0.237838 0.202171 0.208215 0.267189 0.318042 0.339485 0.258145 0.26583 0.190731 0.191873 0.207629 0.177376 0.200328 0.216998 0.207321
 0.630429 0.647969 0.731561 0.689389 0.408708 0.219513 0.161547 0.156712 0.129804 0.166738 0.130602 0.161341 0.126572 0.17149 0.149455 0.16779 0.206301 0.230105 0.210908 0.194277
 0.400783 0.285686 0.244006 0.212871 0.25044 0.230749 0.240283 0.283155 0.30343 0.230093 0.214768 0.156057 0.183938 0.195108 0.197956 0.244291 0.224088 0.280094 0.29962 0.288644
 0.472322 0.397529 0.478258 0.351627 0.343074 0.284593 0.195121 0.21537 0.180494 0.190368 0.195992 0.288158 0.288128 0.340594 0.318461 0.316037 0.261819 0.271737 0.32182 0.266929
 0.612838 0.511239 0.358037 0.308213 0.258527 0.222426 0.213768 0.232065 0.280173 0.247198 0.26156 0.317588 0.359588 0.44715 0.404827 0.318567 0.31655 0.303616 0.270847 0.206359
 0.447858 0.358213 0.345044 0.292944 0.2595 0.230273 0.177274 0.186919 0.192356 0.190383 0.213449 0.213947 0.256685 0.322001 0.258663 0.269914 0.258006 0.239383 0.274396 0.321597
 0.57519 0.57153 0.582651 0.576925 0.435714 0.285439 0.261688 0.267652 0.197008 0.212508 0.208592 0.195272 0.256861 0.215057 0.23807 0.167204 0.163365 0.141427 0.168779 0.155343
 0.44887 0.48187 0.439371 0.362669 0.259433 0.221839 0.218608 0.219082 0.231685 0.193783 0.16922 0.195537 0.168217 0.208869 0.177992 0.200709 0.196793 0.16618 0.287353 0.286951
 0.553655 0.501345 0.54447 0.379307 0.280304 0.257353 0.302741 0.25644 0.232402 0.173502 0.205532 0.259516 0.235245 0.25479 0.272392 0.32131 0.294688 0.269438 0.306939 0.326921
 0.494454 0.605773 0.467708 0.510112 0.429664 0.25935 0.226387 0.21068 0.146113 0.135673 0.164109 0.14664 0.143044 0.190582 0.176859 0.219062 0.175985 0.16879 0.242713 0.267982
 0.521823 0.539399 0.342074 0.304131 0.14229 0.104386 0.144711 0.126982 0.153427 0.198507 0.21835 0.274037 0.236436 0.268374 0.282687 0.2588 0.211501 0.208166 0.151308 0.151193
 0.509477 0.482922 0.415969 0.438116 0.42654 0.340425 0.466076 0.393546 0.36849 0.362441 0.381343 0.358123 0.342231 0.25393 0.280331 0.314843 0.319446 0.316682 0.315708 0.243578
 0.514217 0.387243 0.297837 0.257543 0.207165 0.154639 0.185564 0.143035 0.219326 0.226643 0.287791 0.246621 0.252705 0.186427 0.200834 0.216317 0.214973 0.179481 0.24601 0.282442
 0.583316 0.69673 0.719223 0.962757 1.12793 0.565233 0.375915 0.32459 0.34875 0.379722 0.335547 0.265162 0.224002 0.179134 0.161397 0.171575 0.215363 0.279045 0.358364 0.31488
 0.537477 0.591114 0.338661 0.21675 0.245419 0.246011 0.198469 0.227038 0.293376 0.242603 0.255457 0.267269 0.258099 0.195725 0.197323 0.197873 0.156003 0.244027 0.197764 0.149644
 0.593419 0.576977 0.47388 0.58654 0.538539 0.31522 0.290285 0.302979 0.25491 0.263907 0.190533 0.23107 0.242409 0.271766 0.241563 0.258953 0.228955 0.270781 0.354883 0.256093
 0.409398 0.279632 0.19468 0.171799 0.238599 0.206913 0.188283 0.295597 0.359835 0.435305 0.444429 0.424797 0.363089 0.371506 0.218028 0.193718 0.205686 0.175435 0.172775 0.218689
 0.623824 0.754488 0.601103 0.554079 0.331 0.259233 0.250185 0.202333 0.146399 0.148571 0.173052 0.215678 0.235664 0.249073 0.231554 0.226923 0.290509 0.222538 0.253046 0.225719
 0.55675 0.428463 0.415391 0.361621 0.311696 0.186248 0.185891 0.288805 0.158023 0.206439 0.159593 0.153756 0.214264 0.233922 0.238316 0.220698 0.188684 0.259801 0.258657 0.226422
 0.608282 0.769646 0.613903 0.643351 0.44491 0.396882 0.279625 0.270369 0.262947 0.268345 0.219923 0.236871 0.199032 0.166972 0.186106 0.192607 0.202622 0.208841 0.294461 0.299497
 0.510938 0.424934 0.34245 0.313398 0.289726 0.244462 0.227983 0.256919 0.175374 0.227603 0.180275 0.200491 0.204431 0.240623 0.243347 0.269004 0.15359 0.24129 0.267442 0.300073
 0.525781 0.400174 0.283826 0.32565 0.333714 0.3026 0.160553 0.155972 0.190697 0.18415 0.214215 0.20148 0.24377 0.284365 0.337097 0.286617 0.397888 0.285929 0.274453 0.167327
 0.629338 0.602594 0.420809 0.465143 0.370312 0.246001 0.200774 0.257378 0.297758 0.27985 0.204243 0.232878 0.200686 0.295136 0.273555 0.285205 0.179376 0.219796 0.16606 0.155273
 0.653409 0.45359 0.396209 0.365176 0.289645 0.256138 0.24299 0.275962 0.287128 0.211384 0.176329 0.162868 0.15599 0.183871 0.205983 0.203704 0.203995 0.233994 0.268343 0.267966
 0.604922 0.549884 0.482739 0.42327 0.41427 0.337232 0.31746 0.431335 0.423489 0.406467 0.373023 0.397295 0.426155 0.362388 0.270762 0.270037 0.315424 0.229499 0.250037 0.266216
 0.846393 0.756879 0.591444 0.656818 0.452401 0.241197 0.270037 0.225084 0.169835 0.147173 0.176102 0.169983 0.161227 0.156258 0.175714 0.260932 0.24211 0.273444 0.290463 0.269252
 0.729074 0.655282 0.658351 0.48651 0.445102 0.365675 0.265746 0.260731 0.212966 0.159701 0.199044 0.183025 0.237733 0.268418 0.290937 0.294118 0.385274 0.501548 0.623592 0.572376
 0.573094 0.436777 0.33877 0.304636 0.308792 0.230314 0.230484 0.30385 0.351293 0.370447 0.35268 0.254196 0.299907 0.322527 0.251354 0.227611 0.235998 0.276465 0.24489 0.282187
 1.04346 1.44921 1.31809 2.28998 1.59235 1.54921 1.36386 1.39208 1.28318 0.847103 0.601372 0.427843 0.278756 0.361202 0.272128 0.189775 0.250797 0.217494 0.140181 0.176965
 0.87052 1.11487 2.03235 11.5625 58.12 58.4327 58.4327 58.4327 58.4327 58.4327 58.4327 58.4327 58.4327 58.4327 58.4327 58.4327 58.4327 58.4327 58.4327 58.4327
 0.805582 0.689495 0.543246 0.476493 0.352553 0.295179 0.243669 0.228299 0.250705 0.262987 0.242865 0.24137 0.224514 0.204861 0.17963 0.219891 0.18956 0.284459 0.418628 0.456538
 0.657233 0.921982 0.628942 0.916217 0.629404 0.612102 0.501892 0.601548 0.555009 0.413403 0.345727 0.321129 0.330034 0.206609 0.257085 0.201467 0.21498 0.138358 0.164514 0.182913
 0.697476 0.663703 0.62926 0.740353 0.620224 0.305243 0.341998 0.302796 0.267079 0.229792 0.316798 0.297252 0.28475 0.204248 0.229967 0.165021 0.156759 0.194456 0.180355 0.160733
 0.748874 0.645218 0.573626 0.594346 0.469751 0.438528 0.415453 0.372437 0.319881 0.268262 0.200728 0.401886 0.352098 0.332804 0.222255 0.21167 0.213366 0.179525 0.228749 0.230244
 0.737588 0.829659 0.85151 0.57743 0.406262 0.344767 0.340658 0.294107 0.20216 0.26111 0.265879 0.253022 0.22609 0.190414 0.250695 0.217974 0.223777 0.250138 0.289507 0.287201
 0.619779 0.669968 0.644847 0.437609 0.369784 0.23885 0.20766 0.195941 0.238437 0.213263 0.216795 0.230762 0.235647 0.170629 0.223512 0.201249 0.159144 0.166478 0.205278 0.261792
 0.667592 0.692308 0.589076 0.35686 0.236991 0.285225 0.238246 0.182064 0.217658 0.25898 0.277798 0.225137 0.350866 0.287421 0.273677 0.257781 0.239448 0.222885 0.282168 0.329861
 0.63045 0.623305 0.61462 0.483497 0.317481 0.208655 0.177658 0.222641 0.230927 0.231263 0.280612 0.232324 0.286171 0.306892 0.257399 0.292435 0.30233 0.293393 0.331256 0.208051
 0.772253 0.835809 0.834798 1.03181 0.486113 0.375636 0.2825 0.230336 0.247908 0.212209 0.182204 0.195356 0.239656 0.281127 0.200978 0.137625 0.155036 0.172582 0.158586 0.157452
 0.611242 0.484563 0.49133 0.467443 0.524686 0.241834 0.237071 0.240905 0.297252 0.277855 0.247128 0.27515 0.226151 0.297225 0.278988 0.212031 0.218313 0.25481 0.262642 0.286995
 0.771081 0.811623 0.80604 0.89653 0.862434 0.470711 0.348365 0.335062 0.336843 0.398668 0.43 0.428115 0.283727 0.309507 0.261065 0.261961 0.220043 0.241267 0.191563 0.181408
 0.628397 0.723442 0.750131 0.855999 0.653707 0.449173 0.281143 0.21709 0.280956 0.161149 0.178327 0.247596 0.255851 0.23439 0.267822 0.208019 0.216435 0.174098 0.220643 0.145234
 0.680658 0.520367 0.365075 0.375715 0.274579 0.248178 0.188829 0.188643 0.216151 0.173448 0.18193 0.241183 0.25521 0.266877 0.249138 0.263005 0.237217 0.187892 0.19794 0.247856
 0.859715 0.834841 0.835216 0.614868 0.577059 0.42488 0.30971 0.225818 0.24759 0.236199 0.30238 0.270871 0.268568 0.300895 0.368032 0.330679 0.328128 0.293866 0.22651 0.219873
 0.637843 0.684199 0.606752 0.594875 0.529447 0.350539 0.289502 0.288965 0.246341 0.316467 0.223722 0.257552 0.334668 0.343423 0.255401 0.243339 0.199633 0.278922 0.248357 0.246608
 0.708024 0.621472 0.610849 0.50649 0.398148 0.281265 0.268538 0.268022 0.263553 0.308351 0.323241 0.276844 0.380903 0.549712 0.414822 0.483373 0.256391 0.305112 0.234443 0.255898
 0.603565 0.497835 0.474675 0.589368 0.569823 0.482723 0.515035 0.539363 0.568929 0.505708 0.363291 0.298316 0.163304 0.175444 0.106872 0.126307 0.136456 0.153448 0.169827 0.169025
 0.764364 0.959202 0.895703 0.945346 0.746162 0.340107 0.178736 0.184161 0.156314 0.172534 0.200195 0.228013 0.231624 0.145306 0.187907 0.168938 0.201221 0.185987 0.151851 0.119206
 0.782232 0.711311 0.578228 0.456982 0.264443 0.16201 0.196414 0.257452 0.191798 0.277294 0.363919 0.408978 0.552912 0.362706 0.292814 0.388055 0.264438 0.216796 0.243556 0.1884
 0.687871 0.489565 0.306391 0.385358 0.265615 0.290623 0.221712 0.227562 0.181931 0.197901 0.165298 0.193762 0.220888 0.241193 0.29491 0.257323 0.220906 0.242698 0.256839 0.212126
 0.637128 0.702731 0.636854 0.445715 0.22795 0.184594 0.226058 0.190525 0.236658 0.256301 0.248468 0.31118 0.403106 0.533124 0.343418 0.338114 0.24135 0.167534 0.175359 0.14812
 0.626455 0.576395 0.41938 0.400914 0.166842 0.244218 0.337442 0.265293 0.339032 0.296645 0.254131 0.184523 0.204544 0.187182 0.219807 0.284869 0.32267 0.277863 0.272982 0.293289
 0.595916 0.496009 0.516785 0.403136 0.258597 0.239364 0.212042 0.267807 0.285576 0.365535 0.342884 0.351416 0.294317 0.282853 0.257618 0.229146 0.200165 0.222606 0.190136 0.224621
 0.882807 0.531977 0.319396 0.355975 0.346619 0.28093 0.235005 0.211293 0.20361 0.192287 0.187185 0.224579 0.174833 0.161375 0.187901 0.245259 0.308604 0.325479 0.286349 0.31499
 0.634967 0.661407 0.666441 0.553367 0.423995 0.23202 0.323875 0.217571 0.248855 0.228428 0.198407 0.223926 0.1749 0.205153 0.190809 0.220154 0.265677 0.26792 0.232043 0.289647
 0.649688 0.649633 0.43838 0.365648 0.320756 0.209095 0.272696 0.277502 0.2846 0.287897 0.218013 0.244035 0.280914 0.255322 0.267698 0.274744 0.222795 0.292581 0.241413 0.20227
 0.941558 1.24322 0.759998 0.986883 0.601547 0.502633 0.341443 0.287539 0.231926 0.197171 0.175205 0.180859 0.185782 0.198247 0.21632 0.162031 0.181154 0.180696 0.230398 0.262037
 0.584114 0.510059 0.396725 0.446752 0.473971 0.256552 0.223637 0.22238 0.191041 0.186844 0.220067 0.225264 0.150196 0.192403 0.207083 0.171932 0.164157 0.150936 0.262386 0.298412
 0.679162 0.632946 0.534332 0.557933 0.293771 0.231023 0.258666 0.269332 0.278268 0.283523 0.270009 0.209736 0.251256 0.267414 0.261668 0.278507 0.254372 0.290702 0.327744 0.249731
 0.748043 0.516363 0.356159 0.347827 0.252142 0.212546 0.251711 0.195004 0.233056 0.210336 0.228706 0.24683 0.387431 0.388848 0.401486 0.347958 0.299057 0.3437 0.39042 0.25065
 0.834941 0.773163 0.488496 0.2805 0.234853 0.137855 0.226563 0.185852 0.201589 0.217106 0.286044 0.251772 0.21121 0.203653 0.269832 0.240312 0.248134 0.211716 0.219664 0.157026
 0.706534 0.780744 0.743834 0.902178 0.527147 0.380444 0.42536 0.468968 0.499008 0.473847 0.413658 0.40677 0.377153 0.17888 0.29317 0.295029 0.272368 0.205292 0.171375 0.172076
 0.540547 0.463273 0.419191 0.345664 0.293363 0.223245 0.272817 0.243013 0.239371 0.240822 0.246242 0.298636 0.287481 0.239998 0.262022 0.255585 0.307269 0.386199 0.337916 0.424876
 0.944366 1.82177 3.84504 55.6989 58.4327 58.4328 58.4328 58.4328 58.4328 58.4328 58.4328 58.4328 58.4328 58.4328 58.4328 58.4328 58.4328 58.4328 58.4328 58.4328
 0.706522 0.528599 0.373985 0.351802 0.216852 0.175016 0.18353 0.229496 0.258551 0.280411 0.410995 0.35649 0.357212 0.286811 0.276264 0.247397 0.198382 0.202963 0.28387 0.259938
 0.59554 0.554988 0.38614 0.341544 0.333352 0.254982 0.238417 0.291701 0.262182 0.291549 0.226613 0.223311 0.267726 0.294258 0.334931 0.283963 0.300817 0.204969 0.203105 0.214855
 0.532603 0.34485 0.370923 0.407938 0.225158 0.209714 0.16477 0.196659 0.207397 0.23963 0.237975 0.282275 0.280008 0.439221 0.33903 0.31217 0.266615 0.214505 0.208542 0.227477
 0.72867 1.01119 0.85812 0.896408 0.865426 0.338617 0.280047 0.292502 0.320678 0.194253 0.154694 0.211076 0.174299 0.204512 0.171535 0.232522 0.246326 0.21073 0.202548 0.195568
 0.590721 0.452855 0.288125 0.36026 0.23108 0.188471 0.292931 0.273923 0.249448 0.200927 0.163884 0.122702 0.169643 0.178918 0.200599 0.150346 0.148501 0.218638 0.246707 0.238764
 0.676162 0.428753 0.439261 0.336173 0.289857 0.263342 0.310251 0.30529 0.261767 0.319812 0.365042 0.440435 0.417855 0.481574 0.382349 0.333131 0.332796 0.294147 0.191306 0.181078
 0.489048 0.457175 0.422441 0.507879 0.531261 0.382134 0.401582 0.384635 0.245923 0.257957 0.260885 0.251102 0.269894 0.275766 0.247798 0.292934 0.166939 0.229841 0.206197 0.185394
 0.540986 0.525935 0.488829 0.614453 0.512376 0.378507 0.319102 0.306554 0.28495 0.243335 0.274217 0.238302 0.257269 0.214542 0.226987 0.223062 0.30496 0.309747 0.358471 0.412537
 0.773074 0.483039 0.409689 0.501404 0.403893 0.393957 0.27636 0.19258 0.222949 0.193581 0.249433 0.286209 0.2688 0.322552 0.470414 0.718206 0.80504 0.920896 1.04909 1.02659
 0.6967 0.632575 0.47123 0.560247 0.399784 0.365694 0.386283 0.252727 0.213647 0.258737 0.234668 0.191792 0.209812 0.210686 0.218697 0.227579 0.266448 0.314259 0.294931 0.264522
 0.518084 0.545089 0.56424 0.78149 0.704607 0.587628 0.388618 0.36709 0.214838 0.111676 0.162257 0.201194 0.18938 0.207707 0.231797 0.291015 0.350227 0.240752 0.303017 0.203944
 0.748115 0.537887 0.590563 0.485052 0.36441 0.308351 0.271588 0.219835 0.202667 0.243835 0.214694 0.189421 0.222471 0.196886 0.241133 0.204406 0.319858 0.356773 0.368316 0.345089
 0.714502 0.706812 0.549044 0.545733 0.410929 0.309073 0.232178 0.303526 0.231222 0.302513 0.265298 0.231781 0.205846 0.217175 0.260656 0.204867 0.170138 0.237065 0.351278 0.331378
 0.70285 0.553442 0.434465 0.285919 0.242023 0.209683 0.186552 0.222103 0.269408 0.292927 0.234759 0.24878 0.214189 0.230071 0.215742 0.236246 0.244309 0.366144 0.293434 0.425122
 0.986322 0.831432 0.559914 0.594198 0.471467 0.329107 0.396356 0.278153 0.217103 0.249984 0.195609 0.210394 0.20652 0.239144 0.226201 0.218531 0.233234 0.236688 0.235246 0.224149
 0.63912 0.788082 0.638845 0.736193 0.424784 0.252451 0.271462 0.248454 0.249316 0.295434 0.341675 0.341272 0.35726 0.269553 0.25319 0.223729 0.224539 0.208055 0.230182 0.246008
 0.762588 0.52334 0.451856 0.400611 0.321898 0.341861 0.241353 0.241148 0.332439 0.251886 0.25219 0.268574 0.33456 0.238505 0.229794 0.242176 0.232848 0.266223 0.272574 0.224743
 0.670796 0.555829 0.37207 0.272865 0.218574 0.200655 0.260217 0.339041 0.348272 0.264103 0.239336 0.264691 0.302411 0.254398 0.361299 0.379422 0.352112 0.337316 0.208152 0.232194
 0.731701 0.694348 0.72802 0.53621 0.533432 0.328769 0.301406 0.261787 0.235107 0.147482 0.192063 0.163358 0.204545 0.229268 0.230227 0.275081 0.382928 0.251552 0.216482 0.235509
 0.721801 0.66975 0.717739 0.638108 0.533769 0.342424 0.24617 0.1399 0.147981 0.157946 0.183246 0.207794 0.229651 0.252628 0.248802 0.28884 0.331163 0.296372 0.262287 0.181354
 0.685184 0.583892 0.388817 0.385778 0.35444 0.17251 0.134425 0.163336 0.182387 0.168227 0.176418 0.221377 0.223535 0.211267 0.217836 0.226551 0.289089 0.290192 0.300929 0.32279
 0.582969 0.639949 0.582844 0.366299 0.269605 0.173585 0.267285 0.215769 0.248177 0.282339 0.367654 0.302292 0.379802 0.287066 0.356371 0.421523 0.449072 0.328062 0.366326 0.200048
 0.66277 0.667287 0.466307 0.3619 0.324733 0.248572 0.293542 0.387681 0.269378 0.201023 0.148204 0.141525 0.16026 0.153496 0.179323 0.20497 0.234568 0.211913 0.224033 0.23474
 0.709752 0.785135 0.59213 0.416229 0.274581 0.230611 0.242255 0.241324 0.229265 0.189882 0.220399 0.295351 0.332153 0.314041 0.304482 0.309321 0.379619 0.325572 0.275724 0.224041
 0.527222 0.502022 0.348695 0.372155 0.318066 0.284373 0.276709 0.324121 0.310472 0.340496 0.333128 0.369249 0.377957 0.354634 0.351111 0.419802 0.383733 0.241367 0.175844 0.158639
 0.676697 0.7042 0.575268 0.78813 0.550514 0.371343 0.266248 0.411135 0.288747 0.208055 0.203162 0.214186 0.147108 0.215139 0.254978 0.296196 0.282676 0.324992 0.361219 0.382034
 0.673451 0.838675 0.79535 0.60777 0.46253 0.26582 0.335119 0.196674 0.168493 0.174906 0.197061 0.21456 0.266986 0.269118 0.375369 0.53692 0.539005 0.416913 0.354141 0.287638
 0.436206 0.355468 0.280903 0.299176 0.221547 0.235933 0.22636 0.284591 0.277638 0.305051 0.332693 0.465337 0.515584 0.576322 0.310332 0.248873 0.204566 0.274525 0.206887 0.218582
 0.637437 0.603455 0.498157 0.462973 0.492826 0.3146 0.199637 0.221913 0.215003 0.170716 0.167691 0.203109 0.187232 0.230535 0.257332 0.237773 0.286213 0.327142 0.251971 0.177027
 0.663928 0.599492 0.849098 1.14417 0.976851 0.562229 0.288669 0.298554 0.180939 0.185565 0.230937 0.266683 0.2093 0.211266 0.221305 0.264089 0.219418 0.24138 0.313744 0.325768
 0.558108 0.569569 0.294456 0.244633 0.153481 0.202426 0.177187 0.180664 0.263353 0.396872 0.332949 0.396694 0.296102 0.321702 0.280615 0.18645 0.264154 0.299063 0.29345 0.281672
 0.41075 0.325444 0.392315 0.507235 0.472409 0.349848 0.25636 0.240239 0.250137 0.207026 0.229373 0.253691 0.259878 0.255634 0.309256 0.27182 0.27666 0.306456 0.308247 0.338238
 0.535807 0.462805 0.493764 0.557624 0.493535 0.37322 0.373023 0.354579 0.336762 0.360289 0.287824 0.306277 0.365676 0.311159 0.225714 0.34477 0.268085 0.243782 0.215265 0.17444
 0.694663 0.723897 0.725381 0.502173 0.431315 0.218075 0.345446 0.336543 0.29815 0.330136 0.224327 0.169916 0.149777 0.202887 0.163166 0.178817 0.208977 0.247361 0.29164 0.323328
 0.634748 0.590314 0.558245 0.336983 0.226519 0.188307 0.160272 0.20252 0.254292 0.214443 0.256682 0.223026 0.272988 0.26759 0.217408 0.186079 0.183125 0.177695 0.182951 0.189293
 0.5169 0.471061 0.36168 0.366626 0.296334 0.314718 0.338801 0.22455 0.282187 0.294566 0.237778 0.197433 0.174441 0.221444 0.240255 0.340679 0.376892 0.416356 0.494958 0.59284
 0.712272 0.636162 0.663633 0.395851 0.322134 0.316627 0.302335 0.233204 0.236678 0.2237 0.281355 0.242288 0.198078 0.213571 0.194809 0.213873 0.279699 0.270441 0.318029 0.237857
 0.584913 0.471117 0.437178 0.312437 0.219029 0.214956 0.227705 0.217679 0.162048 0.164603 0.185593 0.192558 0.185053 0.193142 0.207799 0.229115 0.304014 0.395891 0.440122 0.573745
 0.581121 0.544966 0.430144 0.41661 0.426518 0.309092 0.270487 0.283208 0.362366 0.386793 0.376777 0.294031 0.338388 0.255189 0.241867 0.198441 0.261401 0.310809 0.25876 0.291683
 0.712001 0.663769 0.490107 0.35157 0.349916 0.258322 0.158791 0.182353 0.239062 0.22897 0.191586 0.210092 0.168921 0.27213 0.258717 0.21598 0.196391 0.208514 0.273811 0.304792
 0.704888 0.712791 0.693645 0.759825 0.68298 0.296899 0.170058 0.163155 0.252889 0.275074 0.284742 0.259427 0.203458 0.171246 0.155535 0.187401 0.20371 0.205531 0.266866 0.259852
 0.428205 0.446304 0.294454 0.226408 0.246663 0.153262 0.183175 0.235462 0.285893 0.322385 0.310016 0.324795 0.281802 0.227514 0.148156 0.153925 0.208375 0.23599 0.243846 0.337455
 0.454432 0.263858 0.304846 0.260702 0.196413 0.251944 0.269433 0.255374 0.293169 0.246149 0.266073 0.279494 0.277103 0.383966 0.33328 0.508622 0.269823 0.278835 0.264908 0.226469
 0.539893 0.373258 0.240426 0.262458 0.298833 0.256291 0.233452 0.29115 0.349145 0.27699 0.244569 0.178886 0.16582 0.183008 0.173468 0.191941 0.171578 0.265239 0.310273 0.290129
 0.721644 0.743392 0.816541 0.661167 0.435169 0.217893 0.175353 0.130227 0.126111 0.178737 0.207386 0.17495 0.210441 0.163253 0.165672 0.262727 0.257169 0.259456 0.363568 0.310564
 0.611386 0.608631 0.333106 0.333337 0.335024 0.254627 0.271917 0.249143 0.238351 0.268832 0.309661 0.343229 0.320512 0.277394 0.336674 0.320707 0.329539 0.310893 0.288204 0.347524
 0.661044 0.584684 0.523867 0.425962 0.238635 0.169922 0.1907 0.168584 0.155654 0.1578 0.1321 0.147502 0.22933 0.28231 0.347639 0.362453 0.428699 0.471067 0.480279 0.481007
 0.492809 0.535229 0.411771 0.371625 0.207772 0.166039 0.184961 0.229201 0.23364 0.205813 0.25312 0.31261 0.324874 0.282913 0.314574 0.268524 0.270825 0.299365 0.276497 0.220385
 0.598483 0.378364 0.380431 0.398408 0.448009 0.365681 0.37786 0.365051 0.349447 0.407092 0.410225 0.348958 0.242529 0.23603 0.229484 0.247964 0.232765 0.197475 0.206922 0.209048
 0.535608 0.397694 0.286928 0.214493 0.197137 0.19759 0.222771 0.278905 0.280283 0.314035 0.289263 0.282201 0.249093 0.313483 0.266751 0.184676 0.180717 0.165792 0.16233 0.194215
 0.497495 0.48721 0.557728 0.452903 0.30779 0.317837 0.269558 0.285839 0.374988 0.331833 0.407353 0.362593 0.486147 0.419437 0.410424 0.363366 0.238029 0.196114 0.173079 0.196848
 0.625885 0.531201 0.427433 0.361665 0.336487 0.321792 0.289784 0.277241 0.248547 0.178903 0.175763 0.160725 0.154333 0.212655 0.21538 0.169728 0.166643 0.229809 0.296557 0.360866
 0.584043 0.620803 0.508861 0.409514 0.334126 0.228422 0.140558 0.148035 0.149049 0.113601 0.15317 0.149555 0.18884 0.178617 0.220945 0.227083 0.235553 0.243571 0.220174 0.224229
 0.580498 0.604564 0.447138 0.403351 0.26709 0.177035 0.141384 0.174992 0.189652 0.171858 0.174411 0.204751 0.253365 0.239452 0.283139 0.272489 0.279975 0.284627 0.278068 0.220384
 0.448604 0.313984 0.213596 0.271392 0.211993 0.188042 0.241596 0.274899 0.303991 0.270245 0.351084 0.349831 0.521188 0.404384 0.454837 0.426426 0.371781 0.297497 0.227839 0.249914
 0.497719 0.483861 0.472605 0.542034 0.489213 0.342659 0.338214 0.393605 0.230588 0.273429 0.261247 0.220408 0.198835 0.199684 0.168355 0.175798 0.235894 0.200518 0.293671 0.26571
 0.584538 0.448925 0.413463 0.338379 0.392973 0.46742 0.59098 0.456998 0.41759 0.394934 0.437086 0.293531 0.211949 0.244597 0.201451 0.294135 0.283219 0.292785 0.28608 0.288208
 0.562188 0.546358 0.326389 0.277296 0.245648 0.189445 0.245711 0.307201 0.167668 0.206321 0.229177 0.284446 0.355022 0.281389 0.244234 0.286249 0.256085 0.306894 0.290496 0.338536
 0.493472 0.367161 0.430293 0.344611 0.25939 0.208457 0.175525 0.187477 0.235909 0.242409 0.247668 0.232341 0.230413 0.1993 0.23757 0.307047 0.204933 0.241782 0.258983 0.268708
 0.523379 0.283133 0.291639 0.2603 0.279935 0.212589 0.220969 0.214405 0.179807 0.274425 0.293332 0.248016 0.290939 0.264065 0.260133 0.318024 0.379288 0.432604 0.440793 0.566039
 0.515201 0.597005 0.624434 0.581354 0.33704 0.27399 0.236933 0.113173 0.160477 0.151963 0.168325 0.158997 0.258434 0.306367 0.293708 0.225819 0.377934 0.363426 0.253015 0.196196
 0.480983 0.370216 0.365742 0.367964 0.323924 0.248858 0.350835 0.304721 0.276803 0.253631 0.229546 0.339795 0.284795 0.309075 0.346801 0.204997 0.197273 0.18199 0.150371 0.1457
