 0.46474 0.453063 0.310992 0.404272 0.414464 0.2744 0.214099 0.243927 0.261558 0.205034 0.252542 0.22513 0.288166 0.185307 0.231806 0.252947 0.22228 0.216288 0.214044 0.241936
 0.4857 0.353307 0.349135 0.419526 0.362281 0.260717 0.271552 0.284103 0.198234 0.26196 0.229642 0.231592 0.297229 0.277118 0.276561 0.262423 0.307241 0.191944 0.211715 0.213293
 0.548137 0.66043 0.31664 0.242347 0.211925 0.174606 0.199868 0.208662 0.213252 0.287507 0.272863 0.310606 0.2194 0.237967 0.334616 0.273832 0.292713 0.268547 0.375114 0.302671
 0.36104 0.36006 0.275733 0.408005 0.258167 0.26733 0.290582 0.2298 0.338133 0.29646 0.240917 0.29487 0.214599 0.268646 0.175309 0.214484 0.236207 0.21647 0.222838 0.273186
 0.2981 0.357366 0.328305 0.247647 0.285934 0.297039 0.285142 0.289602 0.312944 0.336949 0.256015 0.221001 0.256244 0.21593 0.203415 0.240016 0.239359 0.445275 0.347645 0.418837
 0.316573 0.354755 0.193506 0.23333 0.27317 0.231336 0.228212 0.331182 0.347941 0.321195 0.261144 0.289122 0.234043 0.233727 0.277065 0.294072 0.180261 0.21774 0.236817 0.247397
 0.525552 0.376828 0.356198 0.28093 0.296917 0.372869 0.198408 0.2228 0.349351 0.196533 0.360557 0.2804 0.305844 0.314563 0.266083 0.349989 0.32752 0.293879 0.226292 0.282647
 0.462118 0.328085 0.174124 0.296192 0.248829 0.218939 0.191548 0.228777 0.205302 0.196833 0.165204 0.21254 0.260977 0.230307 0.249338 0.406264 0.348525 0.428083 0.199037 0.402165
 0.301743 0.208459 0.288255 0.269582 0.27378 0.256861 0.272765 0.219662 0.256643 0.287343 0.393415 0.429415 0.235972 0.260235 0.269804 0.291614 0.272352 0.291015 0.267409 0.302279
 0.358775 0.280991 0.2109 0.250905 0.197725 0.256278 0.249516 0.235872 0.29385 0.337863 0.337645 0.352741 0.428888 0.418238 0.469303 0.711821 0.447017 0.363521 0.311657 0.172217
 0.412258 0.763572 0.443554 0.624495 0.297349 0.244447 0.248242 0.20178 0.200752 0.219714 0.223844 0.270963 0.261834 0.179646 0.30137 0.150439 0.23248 0.248432 0.333559 0.380922
 0.54518 0.465889 0.278522 0.435601 0.248538 0.247628 0.223828 0.245726 0.225169 0.222891 0.311375 0.468433 0.445541 0.745137 1.11381 1.08963 0.77378 0.464002 0.384683 0.28443
 0.446511 0.620751 0.44331 0.353656 0.416408 0.323974 0.214661 0.208427 0.164777 0.239877 0.192176 0.196258 0.275675 0.203675 0.283054 0.444788 0.23894 0.353679 0.387603 0.295779
 0.536006 0.40114 0.333232 0.400176 0.316506 0.21131 0.284567 0.285675 0.272676 0.19426 0.17005 0.228716 0.170437 0.235982 0.234738 0.319306 0.266254 0.349711 0.469643 0.457108
 0.42946 0.411438 0.245845 0.229612 0.215378 0.229668 0.240979 0.195167 0.220372 0.252606 0.316384 0.280981 0.286261 0.287956 0.318403 0.290188 0.274423 0.249251 0.382386 0.240785
 0.323858 0.219645 0.290717 0.254012 0.331461 0.37194 0.285562 0.221272 0.354394 0.195307 0.215089 0.216984 0.205801 0.206722 0.240743 0.32034 0.30819 0.265862 0.315142 0.470602
 0.416405 0.285868 0.28509 0.314567 0.158753 0.214053 0.190432 0.204546 0.25615 0.323039 0.260611 0.256798 0.332522 0.304884 0.317963 0.259087 0.365603 0.318845 0.297943 0.291709
 0.34996 0.356213 0.621315 0.369523 0.336709 0.238354 0.220556 0.237007 0.312715 0.232637 0.304367 0.254144 0.163877 0.247499 0.230784 0.259973 0.249155 0.265217 0.420178 0.399131
 0.340444 0.432444 0.312634 0.338644 0.246797 0.231273 0.205723 0.241818 0.256792 0.218657 0.27782 0.278105 0.15733 0.269136 0.287302 0.355524 0.247704 0.346411 0.293647 0.275678
 0.422864 0.367518 0.503679 0.464156 0.256674 0.179048 0.23964 0.272294 0.231605 0.210372 0.168197 0.221689 0.217857 0.184891 0.255005 0.337743 0.311485 0.271954 0.270231 0.387603
 0.675099 0.514887 0.37363 0.305371 0.18321 0.260298 0.213206 0.229991 0.243143 0.303059 0.283114 0.326921 0.35574 0.519215 0.394502 0.248532 0.18677 0.186011 0.178415 0.200431
 0.345019 0.269261 0.204569 0.231292 0.28605 0.195078 0.207507 0.258766 0.326066 0.328374 0.404364 0.242224 0.192265 0.231217 0.231709 0.261879 0.241406 0.358588 0.401882 0.464065
 0.41238 0.236043 0.282375 0.24305 0.231091 0.247626 0.213731 0.257112 0.265354 0.35501 0.434896 0.391605 0.355956 0.406701 0.292559 0.282838 0.296989 0.199857 0.214735 0.254669
 0.342982 0.400459 0.278412 0.254851 0.262472 0.241143 0.258047 0.265545 0.381879 0.244633 0.391659 0.225771 0.308302 0.253006 0.279567 0.197445 0.234611 0.224839 0.211657 0.202062
 0.341636 0.387325 0.241374 0.277164 0.225889 0.169685 0.214519 0.256479 0.21978 0.262203 0.253867 0.330125 0.310921 0.265823 0.270001 0.227193 0.263412 0.339339 0.24899 0.217552
 0.400682 0.64279 0.487527 0.339224 0.360887 0.332526 0.225202 0.244161 0.258513 0.330653 0.216326 0.226562 0.201729 0.192201 0.197553 0.236309 0.268688 0.255828 0.33266 0.355696
 0.410348 0.2605 0.435266 0.216891 0.383765 0.218524 0.206346 0.331132 0.328857 0.228658 0.276558 0.364552 0.230251 0.264788 0.252663 0.310482 0.270148 0.283464 0.37885 0.267256
 0.412627 0.483636 0.37307 0.269466 0.30356 0.272507 0.214402 0.19884 0.273008 0.195515 0.238546 0.226599 0.278492 0.29137 0.267056 0.375865 0.261455 0.23745 0.252489 0.22264
 0.559646 0.325414 0.327588 0.219792 0.260988 0.23183 0.186653 0.269889 0.295845 0.338019 0.254628 0.287952 0.253577 0.302505 0.247024 0.320818 0.233736 0.236582 0.27458 0.292118
 0.293791 0.288969 0.263262 0.256461 0.271228 0.23827 0.357561 0.440042 0.332158 0.36399 0.259281 0.408828 0.216608 0.200907 0.241257 0.189505 0.242437 0.457105 0.243317 0.21716
 0.334695 0.279347 0.229814 0.245432 0.275685 0.177867 0.342335 0.24193 0.214566 0.252885 0.281519 0.233055 0.276635 0.283596 0.256541 0.220435 0.256966 0.23656 0.331842 0.27322
 0.443427 0.500856 0.440118 0.568105 0.57003 0.250423 0.372463 0.314795 0.240055 0.284374 0.225629 0.187021 0.203442 0.20142 0.230961 0.276866 0.292989 0.225743 0.246433 0.273003
 0.461856 0.340443 0.299444 0.471577 0.305323 0.277696 0.304917 0.328346 0.286434 0.211711 0.29813 0.219643 0.199398 0.153498 0.243931 0.173709 0.201655 0.251761 0.321004 0.251111
 0.368149 0.345873 0.330307 0.320802 0.327841 0.354189 0.479752 0.33202 0.384162 0.306653 0.203986 0.229736 0.137784 0.200962 0.261215 0.189561 0.275206 0.204049 0.240566 0.293078
 0.587358 0.382113 0.358572 0.32959 0.273083 0.225348 0.280625 0.226727 0.244648 0.31228 0.305142 0.336872 0.25909 0.215747 0.228717 0.224783 0.287512 0.281383 0.503926 0.284495
 0.437914 0.333162 0.247195 0.242764 0.221438 0.197602 0.211419 0.168632 0.264011 0.274615 0.218966 0.262045 0.219727 0.325148 0.261478 0.273463 0.381132 0.522401 0.374103 0.617233
 0.426434 0.248829 0.243726 0.242553 0.189047 0.178175 0.197563 0.195676 0.282308 0.196712 0.235226 0.269465 0.274888 0.306871 0.369117 0.33328 0.541069 0.346954 0.425545 0.295709
 0.285263 0.361658 0.359978 0.279203 0.252043 0.193727 0.147511 0.177815 0.247464 0.190681 0.336017 0.310651 0.385053 0.434587 0.336748 0.467698 0.252969 0.37573 0.260857 0.243999
 0.451712 0.403052 0.365101 0.36191 0.360929 0.28571 0.456516 0.238307 0.404617 0.200557 0.321804 0.262322 0.161036 0.228659 0.233659 0.201863 0.300349 0.270276 0.243378 0.248943
 0.395401 0.292012 0.26744 0.313248 0.333589 0.249228 0.245767 0.276254 0.339512 0.237693 0.26208 0.269207 0.213508 0.240924 0.185076 0.266196 0.261254 0.224183 0.15058 0.187295
 0.576362 0.31864 0.428361 0.4351 0.24942 0.278115 0.254513 0.221064 0.236988 0.285235 0.299301 0.234815 0.283547 0.316671 0.370168 0.447999 0.673256 0.492674 0.296446 0.131605
 0.38968 0.296399 0.251357 0.342206 0.217495 0.234233 0.268232 0.307212 0.23385 0.228217 0.237612 0.260373 0.306704 0.204144 0.327728 0.301794 0.224926 0.281319 0.254892 0.284831
 0.360193 0.580022 0.430255 0.395219 0.315745 0.222043 0.285889 0.184618 0.267302 0.131398 0.228032 0.18025 0.243138 0.228039 0.311924 0.415442 0.357429 0.488987 0.439496 0.476715
 0.47553 0.449005 0.355207 0.323085 0.249852 0.321533 0.212715 0.276681 0.202285 0.220891 0.194773 0.220778 0.197511 0.194384 0.240707 0.279535 0.224458 0.300897 0.253249 0.278276
 0.474062 0.270196 0.294089 0.283485 0.221617 0.28203 0.30137 0.335988 0.295949 0.28602 0.220325 0.2117 0.18836 0.184696 0.264935 0.242333 0.326661 0.223341 0.375713 0.283304
 0.374459 0.372987 0.251535 0.260515 0.294903 0.241354 0.297808 0.280645 0.408096 0.224191 0.2382 0.274776 0.232195 0.243933 0.171048 0.297938 0.223541 0.265967 0.304524 0.292056
 0.395241 0.439838 0.298403 0.309156 0.236126 0.227482 0.278799 0.177497 0.26027 0.239289 0.197116 0.186941 0.227486 0.25352 0.235019 0.254362 0.286968 0.404612 0.390183 0.336316
 0.421058 0.475755 0.247322 0.262411 0.195397 0.183985 0.282681 0.260321 0.205821 0.340114 0.317572 0.280544 0.266958 0.287909 0.28686 0.332974 0.29121 0.342272 0.289762 0.225032
 0.567584 0.324048 0.247086 0.273082 0.26127 0.20379 0.240074 0.165163 0.231703 0.248939 0.290368 0.297867 0.350942 0.458852 0.414023 0.375655 0.22589 0.254677 0.229968 0.247974
 0.47007 0.355717 0.345216 0.244646 0.222055 0.176277 0.229599 0.212558 0.27108 0.314232 0.254375 0.429029 0.414563 0.319148 0.376301 0.300117 0.25979 0.227837 0.223025 0.24233
 0.498342 0.708853 0.624339 0.599953 0.468815 0.201053 0.248355 0.204229 0.212374 0.195289 0.217145 0.193793 0.188577 0.19899 0.275905 0.261855 0.210259 0.202433 0.284242 0.359332
 0.560636 0.436458 0.48293 0.461199 0.272324 0.317884 0.148921 0.232312 0.250784 0.209591 0.215198 0.221552 0.253515 0.343638 0.313992 0.278203 0.438609 0.436845 0.519003 0.369592
 0.550517 0.526976 0.482356 0.527695 0.279377 0.228012 0.279485 0.216821 0.234103 0.205654 0.190382 0.270259 0.265447 0.269443 0.299953 0.280312 0.340622 0.246276 0.255221 0.229928
 0.52111 0.667851 0.545715 0.412463 0.334987 0.241387 0.21358 0.16366 0.244911 0.222923 0.215709 0.251595 0.229026 0.305689 0.272572 0.290075 0.282086 0.272961 0.270034 0.343762
 0.357384 0.679048 0.41152 0.402638 0.33323 0.242951 0.26064 0.269105 0.176558 0.181813 0.28297 0.199754 0.284281 0.204988 0.283465 0.337037 0.279845 0.306593 0.35079 0.311162
 0.397205 0.378787 0.240514 0.255976 0.283094 0.178276 0.237785 0.233538 0.215227 0.187536 0.226171 0.28209 0.266111 0.33716 0.305251 0.285504 0.384753 0.236284 0.237001 0.234111
 0.397126 0.43641 0.386987 0.413149 0.495229 0.429459 0.386309 0.319101 0.319134 0.196514 0.211518 0.218199 0.196336 0.169825 0.224946 0.263143 0.252642 0.344294 0.261929 0.401444
 0.605508 0.570909 0.489662 0.437163 0.268624 0.167738 0.227479 0.200588 0.299581 0.239474 0.254168 0.212097 0.375342 0.320151 0.299889 0.220724 0.356121 0.229299 0.349742 0.231784
 0.474363 0.296172 0.362403 0.229538 0.317735 0.244882 0.241307 0.228463 0.203691 0.165834 0.238733 0.229434 0.23519 0.259961 0.342486 0.283967 0.311034 0.324286 0.263887 0.320657
 0.516505 0.402277 0.3343 0.406244 0.259723 0.284544 0.254668 0.362671 0.274874 0.246273 0.27208 0.284279 0.339918 0.366266 0.319533 0.287252 0.294283 0.195117 0.241516 0.174473
 0.257079 0.453001 0.377075 0.296556 0.343091 0.246493 0.209871 0.231941 0.206777 0.264879 0.233785 0.22396 0.239847 0.229884 0.329792 0.280101 0.328455 0.354723 0.434817 0.382083
 0.317556 0.409434 0.389117 0.292934 0.284953 0.302605 0.213217 0.203985 0.282518 0.244363 0.272005 0.240384 0.231271 0.29897 0.274543 0.30104 0.32357 0.30813 0.372658 0.244488
 0.541471 0.446162 0.446098 0.41393 0.241931 0.181307 0.209718 0.244928 0.216362 0.225365 0.281673 0.328549 0.270447 0.311844 0.316905 0.268739 0.305054 0.362769 0.259455 0.278178
 0.582653 0.559385 0.497499 0.336543 0.241901 0.187821 0.221196 0.231585 0.250457 0.26939 0.250262 0.26904 0.335331 0.327776 0.396039 0.386463 0.360093 0.366193 0.357634 0.304217
 0.531878 0.372566 0.383262 0.47748 0.292619 0.152796 0.25501 0.227911 0.205116 0.206734 0.216992 0.253573 0.264203 0.266955 0.260658 0.355935 0.278259 0.347064 0.251381 0.243043
 0.751994 0.60834 0.263726 0.424721 0.339476 0.350329 0.227608 0.277109 0.171133 0.190876 0.244243 0.192999 0.238987 0.309929 0.303365 0.502919 0.320711 0.339391 0.337647 0.204283
 0.452859 0.399693 0.401307 0.283291 0.204968 0.296274 0.210272 0.185817 0.257841 0.27325 0.348199 0.303494 0.322377 0.299957 0.285658 0.327867 0.264912 0.283495 0.247022 0.329557
 0.374428 0.469902 0.293171 0.376138 0.203915 0.25326 0.227299 0.239943 0.266489 0.273367 0.392059 0.346478 0.211147 0.303223 0.236121 0.315499 0.285656 0.278293 0.358778 0.332958
 0.375729 0.651545 0.425021 0.446775 0.37207 0.219124 0.307125 0.187254 0.207534 0.253784 0.184656 0.26208 0.201765 0.234876 0.284396 0.245848 0.209132 0.298625 0.208882 0.283701
 0.342011 0.480015 0.297184 0.264618 0.239316 0.168851 0.186429 0.288595 0.237306 0.402446 0.412368 0.395839 0.565142 0.540531 0.472841 0.302332 0.204171 0.26182 0.233158 0.221534
 0.464117 0.503592 0.37068 0.440036 0.275066 0.262793 0.190456 0.23221 0.256349 0.224232 0.213396 0.268424 0.207176 0.191297 0.206577 0.225246 0.227217 0.291996 0.237364 0.24866
 0.612803 0.620587 0.383574 0.312141 0.297057 0.299848 0.240306 0.238895 0.30277 0.200431 0.20799 0.216817 0.191595 0.157302 0.238168 0.188279 0.239675 0.288685 0.307035 0.280213
 0.384154 0.426163 0.482002 0.444741 0.356543 0.179011 0.19665 0.277422 0.25053 0.255188 0.245586 0.27814 0.320808 0.263108 0.257886 0.259219 0.346325 0.28241 0.247575 0.254694
 0.710599 0.404617 0.427942 0.360622 0.382408 0.278766 0.256959 0.277298 0.209605 0.314088 0.364692 0.261388 0.1944 0.283885 0.215001 0.250954 0.209099 0.230184 0.212992 0.252787
 0.573637 0.544146 0.333289 0.348735 0.260537 0.237179 0.232493 0.233429 0.272253 0.291081 0.476374 0.28231 0.31283 0.222705 0.18325 0.259197 0.224171 0.263104 0.319729 0.266276
 0.6332 0.563727 0.635587 0.678007 0.406151 0.258209 0.193407 0.180121 0.164047 0.21539 0.168414 0.253771 0.177985 0.308523 0.266864 0.268561 0.261217 0.277989 0.315603 0.243884
 0.341365 0.301417 0.334322 0.234075 0.238943 0.231098 0.246951 0.286992 0.367173 0.277146 0.308703 0.170203 0.217161 0.263973 0.233153 0.313085 0.265985 0.305338 0.304902 0.344935
 0.476778 0.304176 0.520788 0.375095 0.290518 0.306136 0.198721 0.255443 0.19642 0.213802 0.19124 0.26731 0.26104 0.382335 0.376882 0.425601 0.296121 0.257123 0.362983 0.317685
 0.677096 0.557908 0.367856 0.367307 0.303616 0.262413 0.251255 0.221639 0.286965 0.275112 0.22578 0.257464 0.274021 0.392306 0.380478 0.264138 0.282035 0.305745 0.329109 0.222929
 0.408965 0.284534 0.304365 0.277436 0.256945 0.31936 0.23363 0.236071 0.273953 0.242779 0.282126 0.289592 0.272539 0.345033 0.260222 0.296852 0.374351 0.318674 0.281285 0.298069
 0.591222 0.555515 0.435169 0.523479 0.479464 0.300022 0.24203 0.294688 0.196378 0.222719 0.256435 0.208579 0.302872 0.244571 0.298459 0.222686 0.228712 0.171914 0.214581 0.200241
 0.392589 0.425997 0.455897 0.392792 0.330441 0.267175 0.214769 0.208435 0.252132 0.23573 0.196181 0.21327 0.196154 0.332349 0.268639 0.285036 0.323182 0.181691 0.284452 0.337848
 0.527623 0.378541 0.561743 0.38563 0.256434 0.229181 0.273812 0.289869 0.296796 0.226443 0.209449 0.289036 0.253752 0.249998 0.27197 0.312936 0.324319 0.283604 0.315154 0.330345
 0.34733 0.706062 0.521047 0.552782 0.417611 0.263028 0.19237 0.223488 0.188939 0.16483 0.22428 0.223293 0.174022 0.259046 0.207936 0.286259 0.289824 0.215379 0.361666 0.389394
 0.434726 0.579194 0.322866 0.30601 0.203234 0.136757 0.209611 0.203468 0.207723 0.270683 0.240005 0.335115 0.2676 0.354435 0.331757 0.363449 0.25126 0.295714 0.235335 0.1946
 0.437143 0.402621 0.411648 0.376882 0.364047 0.263197 0.392822 0.264372 0.297918 0.270523 0.330763 0.299617 0.323482 0.241751 0.254478 0.249748 0.23161 0.262937 0.332369 0.227292
 0.539382 0.42537 0.360435 0.294916 0.25632 0.169789 0.265711 0.161365 0.24877 0.215791 0.27933 0.259855 0.341242 0.238602 0.235725 0.233232 0.31317 0.223362 0.273837 0.308485
 0.513401 0.545804 0.499252 0.615127 0.705451 0.602211 0.409631 0.28586 0.223513 0.238915 0.275774 0.247452 0.232023 0.186073 0.19159 0.193054 0.218607 0.257267 0.385987 0.32961
 0.372469 0.540487 0.345049 0.204414 0.224501 0.308062 0.248707 0.228652 0.340154 0.284521 0.264992 0.298396 0.322328 0.243176 0.276885 0.308855 0.173195 0.262724 0.275786 0.192966
 0.555074 0.594948 0.364692 0.449686 0.389803 0.291699 0.244319 0.267936 0.25528 0.277536 0.205045 0.231748 0.221074 0.250657 0.244401 0.291655 0.270086 0.219159 0.300197 0.204524
 0.476415 0.365047 0.261267 0.170511 0.240922 0.272941 0.225745 0.307835 0.368101 0.511741 0.511397 0.56287 0.349659 0.405343 0.304394 0.235756 0.267433 0.233555 0.218486 0.241179
 0.520602 0.650163 0.686823 0.688048 0.303174 0.240419 0.232739 0.229327 0.183054 0.185213 0.199419 0.236405 0.249022 0.320432 0.287186 0.225285 0.295579 0.231794 0.279588 0.257871
 0.48174 0.352989 0.338049 0.282663 0.28691 0.182084 0.14713 0.304387 0.170535 0.25257 0.257696 0.215785 0.287572 0.274338 0.302775 0.329578 0.221466 0.302242 0.355398 0.343919
 0.413522 0.643194 0.537994 0.542546 0.302493 0.325423 0.253747 0.252206 0.205631 0.231185 0.217025 0.241571 0.22532 0.215556 0.239289 0.214104 0.259565 0.219533 0.265954 0.364265
 0.521101 0.346594 0.312724 0.260799 0.271601 0.245172 0.157967 0.242815 0.169666 0.255415 0.232042 0.312021 0.300036 0.302716 0.242344 0.421443 0.196752 0.262825 0.264251 0.309957
 0.58915 0.414047 0.252593 0.281574 0.251612 0.37319 0.164183 0.164383 0.204608 0.212595 0.258103 0.244926 0.292453 0.296308 0.447186 0.285558 0.496944 0.356997 0.372683 0.23857
 0.589798 0.583842 0.364066 0.331367 0.307969 0.310475 0.207553 0.215279 0.243707 0.289929 0.210168 0.295282 0.19478 0.242916 0.222391 0.293717 0.188558 0.241349 0.223949 0.232625
 0.739137 0.447153 0.389317 0.37123 0.291085 0.232929 0.219662 0.204183 0.261537 0.205612 0.213086 0.18666 0.194402 0.216058 0.205292 0.264606 0.269806 0.276999 0.344074 0.383078
 0.367193 0.355882 0.35364 0.321937 0.357647 0.316677 0.252889 0.348941 0.31298 0.352015 0.319237 0.246658 0.25027 0.307809 0.277406 0.195351 0.26792 0.214419 0.226352 0.278499
 0.695558 0.631783 0.430625 0.547342 0.380155 0.189683 0.227268 0.200692 0.195691 0.163148 0.204539 0.223779 0.225562 0.177031 0.160986 0.29818 0.307766 0.325574 0.374721 0.381864
 0.601449 0.420231 0.390516 0.338793 0.337881 0.292523 0.199684 0.243412 0.217578 0.178418 0.235316 0.211228 0.254898 0.311774 0.376956 0.353591 0.340883 0.408281 0.463876 0.432644
 0.412356 0.351342 0.280877 0.262036 0.332865 0.268093 0.222745 0.278985 0.296596 0.310747 0.42844 0.266786 0.272672 0.313939 0.235457 0.238754 0.219946 0.268484 0.265837 0.279399
 0.782772 1.48538 1.12623 2.45944 1.28494 1.28584 1.17627 1.03326 1.11099 0.669188 0.571734 0.464837 0.22985 0.30385 0.264237 0.140356 0.20024 0.212916 0.148768 0.173587
 0.719732 0.91394 2.08991 4.95303 4.95303 4.95303 4.95303 4.95303 4.95303 4.95303 4.95303 4.95303 4.95303 4.95303 4.95303 4.95303 4.95303 4.95303 4.95303 4.95303
 0.696968 0.694194 0.516712 0.420062 0.310661 0.265012 0.240121 0.180064 0.210746 0.241199 0.229345 0.218511 0.212076 0.231354 0.179147 0.265664 0.209634 0.262231 0.411822 0.575591
 0.377026 0.833498 0.345013 0.773494 0.455286 0.529483 0.425989 0.345068 0.431063 0.332925 0.296643 0.231652 0.356514 0.177075 0.242317 0.184818 0.244173 0.174196 0.186886 0.187617
 0.652798 0.699426 0.599035 0.607782 0.647433 0.26373 0.248379 0.230463 0.252753 0.182403 0.233742 0.237925 0.293123 0.20071 0.25434 0.179958 0.165345 0.207944 0.236787 0.223686
 0.5915 0.623833 0.523287 0.507411 0.348327 0.293245 0.316747 0.286152 0.271535 0.268232 0.140775 0.276587 0.24769 0.318045 0.240948 0.218328 0.24023 0.188265 0.250036 0.230647
 0.420509 0.49987 0.510598 0.471801 0.307625 0.232371 0.255475 0.264862 0.196233 0.237453 0.223675 0.237936 0.297339 0.202634 0.263841 0.24846 0.23122 0.235793 0.289736 0.289757
 0.474608 0.414817 0.50712 0.354356 0.267584 0.19865 0.193743 0.171604 0.246002 0.214609 0.227368 0.205475 0.321506 0.195585 0.271734 0.281889 0.228299 0.238965 0.253804 0.33695
 0.472208 0.4467 0.404584 0.28466 0.200394 0.234147 0.284637 0.176658 0.233723 0.259537 0.295103 0.193781 0.319078 0.315559 0.316657 0.292237 0.303977 0.272523 0.328705 0.403228
 0.419627 0.425336 0.428214 0.350364 0.246675 0.219955 0.173057 0.222405 0.268792 0.220723 0.307895 0.218858 0.27648 0.340846 0.265139 0.288065 0.296547 0.277523 0.36945 0.193569
 0.583225 0.643012 0.557542 0.734161 0.339986 0.254976 0.285773 0.213514 0.265954 0.246807 0.213709 0.192868 0.184175 0.252732 0.28036 0.175663 0.175335 0.205069 0.234094 0.230775
 0.602541 0.469205 0.483271 0.342716 0.472199 0.240681 0.200426 0.192508 0.227209 0.22915 0.220904 0.292507 0.213186 0.30579 0.345246 0.247087 0.192663 0.255197 0.271077 0.23108
 0.5223 0.5917 0.633703 0.458189 0.702337 0.390014 0.288338 0.274184 0.233171 0.298719 0.324129 0.406388 0.234954 0.240496 0.238103 0.250912 0.198892 0.214094 0.186073 0.200674
 0.461552 0.645977 0.563042 0.618398 0.470668 0.367946 0.248292 0.176088 0.310914 0.17156 0.15219 0.216019 0.27459 0.24916 0.327334 0.259655 0.244106 0.178895 0.321943 0.2068
 0.540275 0.424582 0.292468 0.36828 0.238901 0.243003 0.184459 0.174638 0.221972 0.203598 0.176832 0.263681 0.287174 0.305779 0.258868 0.273422 0.273375 0.250437 0.239605 0.249895
 0.654749 0.600723 0.804651 0.574924 0.474789 0.333284 0.244773 0.18309 0.218569 0.196233 0.32346 0.28458 0.264762 0.252597 0.347735 0.308197 0.331205 0.251982 0.237871 0.245646
 0.491501 0.55716 0.623196 0.531353 0.406178 0.329759 0.292455 0.258996 0.184978 0.274639 0.206385 0.220394 0.282466 0.366558 0.225343 0.253353 0.152402 0.235156 0.235784 0.24337
 0.599 0.508264 0.495273 0.476796 0.361211 0.238446 0.203754 0.221202 0.213362 0.243268 0.368652 0.271414 0.272029 0.384801 0.274602 0.423155 0.1944 0.25563 0.235769 0.233132
 0.565109 0.48787 0.476469 0.453053 0.466947 0.446259 0.480956 0.364562 0.390432 0.309783 0.263525 0.225557 0.153993 0.184182 0.130233 0.186515 0.185694 0.19048 0.220095 0.245065
 0.578178 0.972282 0.986946 0.84737 0.593493 0.31638 0.160147 0.18999 0.2066 0.197047 0.209927 0.204913 0.28533 0.189997 0.241384 0.198782 0.236553 0.236149 0.254272 0.190186
 0.747872 0.729362 0.481547 0.417678 0.272276 0.17485 0.181693 0.268058 0.182211 0.224872 0.307746 0.286112 0.493087 0.495458 0.262704 0.398059 0.290177 0.249438 0.263643 0.221888
 0.617376 0.474393 0.221036 0.375174 0.228353 0.305929 0.23663 0.273893 0.204328 0.228211 0.195762 0.227413 0.258665 0.243969 0.293331 0.292021 0.242252 0.225798 0.277695 0.224057
 0.387714 0.506646 0.484676 0.48248 0.266235 0.176874 0.224159 0.187874 0.203263 0.291868 0.263825 0.299135 0.338866 0.7151 0.316327 0.30482 0.298567 0.176823 0.176106 0.202073
 0.478052 0.442234 0.297194 0.526579 0.175849 0.200305 0.325737 0.203634 0.299636 0.266253 0.345895 0.209556 0.240238 0.224247 0.240309 0.245676 0.32038 0.311519 0.288342 0.341849
 0.608289 0.4548 0.385249 0.379014 0.229236 0.2175 0.172503 0.23907 0.250218 0.34833 0.296211 0.380094 0.244252 0.226908 0.244411 0.264352 0.195759 0.221313 0.216984 0.277237
 0.683095 0.606002 0.298373 0.302654 0.325258 0.278156 0.241093 0.239461 0.247532 0.236414 0.210272 0.253789 0.206764 0.229665 0.243219 0.267396 0.318213 0.356486 0.350988 0.331706
 0.474659 0.461664 0.452391 0.372733 0.314842 0.148992 0.30056 0.196799 0.253506 0.23588 0.19425 0.259887 0.212982 0.281525 0.238992 0.2346 0.259919 0.360002 0.319577 0.289137
 0.457574 0.507026 0.438305 0.332298 0.335278 0.186059 0.24646 0.224549 0.232055 0.273188 0.212193 0.255077 0.283238 0.27015 0.241659 0.317639 0.215282 0.264632 0.275474 0.225025
 0.549509 1.30929 0.566164 0.947356 0.478116 0.431849 0.29086 0.256019 0.189576 0.20986 0.194234 0.218427 0.200335 0.214758 0.28198 0.203497 0.232382 0.211759 0.273562 0.304355
 0.566333 0.575328 0.323471 0.307528 0.344139 0.228395 0.188522 0.211919 0.224648 0.189778 0.213406 0.267891 0.172149 0.199239 0.28446 0.280304 0.306977 0.18671 0.297597 0.445339
 0.530523 0.536934 0.426782 0.530768 0.283362 0.207885 0.241973 0.228276 0.253942 0.243141 0.253741 0.201486 0.25236 0.255879 0.244503 0.276531 0.210486 0.217464 0.30339 0.246799
 0.538112 0.623909 0.34751 0.28895 0.242148 0.164923 0.24131 0.17592 0.245501 0.220712 0.268371 0.226243 0.40305 0.426521 0.442564 0.342946 0.284638 0.258863 0.425761 0.245317
 0.701359 0.711362 0.460381 0.322184 0.279103 0.135491 0.250663 0.194902 0.23033 0.212273 0.278599 0.311752 0.265276 0.211155 0.287578 0.267865 0.35312 0.267585 0.328239 0.213119
 0.58 0.7282 0.522606 0.622897 0.393178 0.303024 0.326579 0.28745 0.408474 0.437744 0.295497 0.262656 0.34182 0.133295 0.22161 0.240804 0.272006 0.286936 0.238414 0.162592
 0.506371 0.399088 0.420653 0.344806 0.285888 0.188869 0.271194 0.242919 0.214996 0.241302 0.241346 0.255552 0.284555 0.202901 0.239775 0.228744 0.262249 0.366247 0.255811 0.489339
 0.593185 2.09627 3.48669 4.95303 4.95303 4.95303 4.95303 4.95303 4.95303 4.95303 4.95303 4.95303 4.95303 4.95303 4.95303 4.95303 4.95303 4.95303 4.95303 4.95303
 0.68942 0.547142 0.305967 0.417996 0.219191 0.183752 0.190068 0.23338 0.284541 0.224461 0.395425 0.456702 0.39792 0.275085 0.307457 0.299876 0.214983 0.161592 0.261409 0.295543
 0.402985 0.446312 0.342307 0.301994 0.304178 0.23456 0.224993 0.313665 0.25282 0.307408 0.213453 0.21299 0.257445 0.272469 0.353122 0.266672 0.308143 0.24701 0.202358 0.226463
 0.583678 0.302816 0.278918 0.350566 0.218938 0.24875 0.205228 0.231323 0.222354 0.257467 0.261461 0.325602 0.232436 0.46246 0.358956 0.321739 0.275966 0.254563 0.245608 0.265313
 0.502277 0.705591 0.663096 0.594176 0.823849 0.330054 0.282205 0.288837 0.327626 0.250609 0.13564 0.181784 0.165386 0.228636 0.171427 0.228015 0.248628 0.224515 0.207266 0.247788
 0.476093 0.499074 0.209924 0.343801 0.236679 0.155631 0.246485 0.217399 0.260328 0.234794 0.244641 0.178336 0.218165 0.241069 0.285213 0.257025 0.211788 0.298422 0.38072 0.285671
 0.5414 0.296595 0.279148 0.247089 0.241119 0.209648 0.263647 0.32826 0.258299 0.265972 0.296148 0.348291 0.324005 0.483959 0.410219 0.380663 0.350802 0.345422 0.211394 0.173994
 0.432017 0.504257 0.401864 0.396513 0.398862 0.240495 0.218356 0.334282 0.2549 0.27345 0.28808 0.249663 0.212639 0.2451 0.19276 0.258561 0.147055 0.230717 0.233704 0.22439
 0.321575 0.331724 0.306449 0.453043 0.475017 0.341273 0.274998 0.254824 0.241927 0.196345 0.223843 0.200077 0.217739 0.211482 0.251339 0.221219 0.321314 0.291465 0.308412 0.490084
 0.686945 0.476648 0.369272 0.556572 0.295027 0.310852 0.248525 0.162363 0.226878 0.187801 0.234329 0.290775 0.270078 0.300251 0.365043 0.524094 0.73515 0.844845 0.803514 0.83437
 0.525347 0.595635 0.395869 0.383653 0.295536 0.247817 0.283591 0.234685 0.179191 0.221962 0.220837 0.200096 0.213628 0.231665 0.251959 0.242803 0.279469 0.332637 0.311448 0.271519
 0.379377 0.445253 0.411097 0.516791 0.449513 0.589963 0.372643 0.448797 0.278448 0.134946 0.149259 0.203077 0.201054 0.261383 0.253995 0.296826 0.470149 0.23731 0.272353 0.18176
 0.665273 0.350294 0.411653 0.402647 0.311007 0.248502 0.249594 0.242429 0.217303 0.310951 0.294956 0.196549 0.24405 0.193257 0.318297 0.222898 0.313254 0.324703 0.302879 0.362281
 0.475539 0.620212 0.408711 0.415791 0.29369 0.269733 0.193402 0.290078 0.183485 0.256051 0.219084 0.248049 0.191606 0.174741 0.238592 0.239867 0.204577 0.227259 0.34602 0.407126
 0.643806 0.490076 0.419708 0.241946 0.228774 0.226341 0.201667 0.224743 0.234376 0.299363 0.258069 0.275055 0.250163 0.278432 0.265834 0.270691 0.176664 0.4089 0.252673 0.405068
 0.855502 0.947171 0.42035 0.470578 0.423562 0.253926 0.329755 0.276959 0.175037 0.234417 0.197131 0.233807 0.199361 0.235738 0.237845 0.225194 0.260676 0.23091 0.249738 0.300427
 0.46048 0.669528 0.48935 0.662335 0.386034 0.218601 0.257874 0.243378 0.223233 0.239168 0.255165 0.25787 0.321673 0.226596 0.243893 0.22702 0.27419 0.220839 0.229943 0.243068
 0.513853 0.399721 0.340226 0.276313 0.195544 0.295257 0.237906 0.214036 0.300565 0.240041 0.270783 0.228696 0.364288 0.22471 0.232636 0.234782 0.214095 0.242144 0.276633 0.262777
 0.427718 0.422625 0.302712 0.263627 0.266213 0.191787 0.211268 0.289799 0.317635 0.247951 0.251761 0.238898 0.292586 0.232103 0.341884 0.478429 0.357278 0.378059 0.238729 0.252162
 0.466115 0.517614 1.0152 0.449815 0.445578 0.244124 0.212117 0.187027 0.243715 0.146416 0.225551 0.198593 0.230994 0.311087 0.30923 0.258396 0.375952 0.310407 0.259094 0.279977
 0.622753 0.549102 0.648956 0.432596 0.409521 0.28173 0.303408 0.146089 0.158896 0.171844 0.2023 0.220905 0.254174 0.34504 0.284402 0.270274 0.308592 0.305888 0.343296 0.231128
 0.535717 0.516509 0.350349 0.247137 0.343125 0.237823 0.14023 0.183115 0.221114 0.245287 0.223892 0.269445 0.293964 0.268741 0.293125 0.283183 0.367662 0.35991 0.345218 0.345905
 0.408512 0.543806 0.61179 0.357813 0.263678 0.159634 0.272907 0.247167 0.209747 0.235707 0.448976 0.294458 0.422785 0.304977 0.312321 0.37936 0.396583 0.269301 0.388958 0.194557
 0.436638 0.492039 0.438529 0.291706 0.289574 0.213166 0.231422 0.330391 0.26124 0.244293 0.188428 0.187089 0.236411 0.194873 0.234737 0.247997 0.325312 0.296416 0.274618 0.297262
 0.455996 0.676809 0.465667 0.506219 0.273325 0.208571 0.181758 0.204179 0.244652 0.216308 0.195334 0.242665 0.282687 0.295494 0.304385 0.270978 0.392458 0.368422 0.361971 0.248334
 0.391493 0.412205 0.34255 0.426954 0.264943 0.222912 0.203973 0.285405 0.241605 0.331045 0.348565 0.326725 0.291092 0.296748 0.257419 0.294503 0.344972 0.279725 0.227171 0.169308
 0.507873 0.608941 0.402402 0.706674 0.642432 0.372662 0.186442 0.287072 0.252386 0.186364 0.187525 0.243507 0.144602 0.193416 0.223574 0.296262 0.298857 0.341144 0.301752 0.336187
 0.466923 0.702118 0.69159 0.557098 0.402185 0.189894 0.275057 0.198401 0.175815 0.166784 0.182972 0.204079 0.313213 0.30791 0.352599 0.490472 0.615075 0.405859 0.33128 0.26518
 0.394908 0.413547 0.251887 0.256753 0.186307 0.222739 0.213467 0.297575 0.286775 0.341884 0.34002 0.409979 0.415512 0.556775 0.3108 0.273792 0.171162 0.265012 0.242984 0.253089
 0.549239 0.505303 0.501055 0.404725 0.413551 0.277209 0.155334 0.198226 0.227779 0.208165 0.205045 0.275325 0.215021 0.223951 0.314922 0.256291 0.279181 0.310943 0.29074 0.224456
 0.639463 0.508672 0.804866 0.977195 0.785422 0.537587 0.225946 0.266537 0.186662 0.180221 0.18245 0.268913 0.226556 0.221355 0.223596 0.283368 0.24609 0.211973 0.290561 0.337338
 0.383786 0.58338 0.273565 0.360331 0.176763 0.224445 0.2142 0.176516 0.218122 0.363789 0.276613 0.402059 0.290085 0.323527 0.387282 0.191984 0.281651 0.311909 0.341235 0.284329
 0.404278 0.292993 0.340991 0.401011 0.419191 0.34672 0.25049 0.226201 0.28588 0.225936 0.239934 0.262593 0.304041 0.268261 0.314452 0.287967 0.278116 0.260731 0.271861 0.310069
 0.559475 0.42798 0.482811 0.384865 0.402419 0.302345 0.35073 0.268817 0.22448 0.293414 0.252963 0.238875 0.306554 0.312061 0.194397 0.35461 0.255983 0.219152 0.251365 0.207985
 0.503191 0.513014 0.699984 0.481181 0.435131 0.168375 0.232519 0.255015 0.226934 0.316625 0.285152 0.213028 0.129669 0.228994 0.207294 0.207484 0.243043 0.30155 0.307505 0.377965
 0.56357 0.444848 0.528214 0.322659 0.210802 0.181497 0.175207 0.184229 0.274158 0.209077 0.305689 0.227623 0.288229 0.301278 0.234719 0.227415 0.22455 0.234336 0.2602 0.24496
 0.379259 0.420347 0.342961 0.338757 0.217555 0.20446 0.309603 0.199829 0.236925 0.293606 0.236285 0.255999 0.225762 0.299821 0.273947 0.383264 0.400646 0.368309 0.378685 0.605613
 0.591262 0.374152 0.619192 0.411911 0.258979 0.23084 0.271659 0.254321 0.230981 0.185215 0.306967 0.251962 0.186752 0.235976 0.242438 0.220363 0.325741 0.277853 0.411829 0.280509
 0.477474 0.328173 0.33779 0.299411 0.177577 0.201451 0.232096 0.284137 0.207304 0.207451 0.243646 0.25528 0.268694 0.225478 0.249832 0.261391 0.318934 0.379919 0.385821 0.491695
 0.510378 0.560805 0.459201 0.35095 0.394336 0.298033 0.24836 0.230099 0.292539 0.309484 0.362657 0.202825 0.270489 0.259265 0.254806 0.177326 0.217396 0.328187 0.262193 0.28488
 0.533345 0.560305 0.458585 0.303006 0.289672 0.362877 0.185817 0.156181 0.223994 0.250629 0.212905 0.222532 0.157932 0.281841 0.301381 0.283047 0.239174 0.202198 0.275614 0.348076
 0.608806 0.535492 0.511933 0.488022 0.545765 0.371281 0.190513 0.146945 0.229867 0.268639 0.308591 0.279735 0.212266 0.183078 0.176644 0.222301 0.254603 0.220539 0.326919 0.261979
 0.29186 0.430182 0.282974 0.191865 0.248808 0.174849 0.193071 0.223114 0.292929 0.352775 0.325075 0.344809 0.298307 0.258266 0.197045 0.179737 0.256505 0.348405 0.334945 0.39907
 0.443042 0.209892 0.284691 0.253338 0.201138 0.244073 0.283575 0.268067 0.346876 0.248289 0.262944 0.326004 0.281999 0.48863 0.241937 0.454008 0.221105 0.263008 0.240595 0.260895
 0.501684 0.511638 0.277847 0.244666 0.305455 0.270955 0.201112 0.234024 0.267441 0.262678 0.269868 0.201322 0.188686 0.196135 0.192276 0.28778 0.217301 0.302 0.465759 0.357043
 0.717417 0.598473 0.610615 0.494964 0.347011 0.179497 0.179437 0.153482 0.156099 0.187419 0.251011 0.200046 0.28223 0.295412 0.206818 0.338963 0.38485 0.317724 0.456897 0.379997
 0.467967 0.528185 0.340976 0.272848 0.319611 0.251708 0.265102 0.213148 0.212556 0.223527 0.266444 0.391554 0.346763 0.225672 0.297478 0.238445 0.272341 0.289185 0.231897 0.343452
 0.560813 0.486919 0.480063 0.432522 0.258321 0.180311 0.216519 0.192651 0.193836 0.239962 0.197979 0.174103 0.263681 0.300217 0.450064 0.401178 0.391845 0.399701 0.313872 0.462556
 0.393488 0.376582 0.322272 0.38591 0.203178 0.163642 0.184632 0.217004 0.249475 0.222079 0.248873 0.317612 0.330867 0.235849 0.287296 0.280836 0.289578 0.337813 0.34249 0.348884
 0.641179 0.367545 0.385416 0.341094 0.363388 0.295497 0.342209 0.399816 0.324644 0.263986 0.291287 0.335339 0.221497 0.236299 0.202872 0.229973 0.230369 0.203053 0.203492 0.246692
 0.505836 0.414332 0.342156 0.213285 0.220718 0.199541 0.202843 0.232352 0.264936 0.357527 0.360157 0.375812 0.215415 0.272348 0.300335 0.241698 0.262044 0.257199 0.206822 0.304727
 0.418432 0.342976 0.42876 0.406422 0.248862 0.312228 0.278793 0.220564 0.271531 0.235698 0.354522 0.267892 0.357601 0.322825 0.277783 0.316452 0.202408 0.173537 0.163528 0.205588
 0.595541 0.433885 0.344494 0.353048 0.322924 0.29358 0.286652 0.278066 0.211498 0.16484 0.171611 0.177201 0.163131 0.261311 0.286062 0.275836 0.234587 0.27489 0.318451 0.467814
 0.418453 0.572315 0.469043 0.299711 0.288013 0.232556 0.167451 0.171068 0.210493 0.157843 0.227707 0.213184 0.286816 0.24169 0.278176 0.326988 0.284049 0.297417 0.247319 0.291221
 0.456786 0.523728 0.410841 0.36207 0.302615 0.218722 0.16836 0.205323 0.230502 0.213174 0.196319 0.192916 0.25958 0.224389 0.352736 0.384185 0.35525 0.391288 0.344229 0.229008
 0.455381 0.40162 0.209754 0.304895 0.257669 0.200164 0.240033 0.257931 0.302938 0.245109 0.375055 0.296418 0.475093 0.368812 0.412949 0.40898 0.252062 0.301249 0.221793 0.246948
 0.495658 0.498109 0.473162 0.414144 0.416708 0.286754 0.231888 0.29171 0.197834 0.215693 0.214026 0.193826 0.165107 0.218244 0.200019 0.18256 0.290693 0.20324 0.306959 0.264886
 0.477098 0.32176 0.44732 0.289396 0.290538 0.285993 0.45655 0.455734 0.413864 0.309049 0.376045 0.252399 0.169471 0.235583 0.162194 0.267217 0.282731 0.3139 0.294122 0.282946
 0.451595 0.408242 0.249125 0.230514 0.256699 0.184727 0.193475 0.351062 0.196787 0.268701 0.259453 0.278882 0.395648 0.341618 0.233738 0.326216 0.255827 0.335581 0.287888 0.341152
 0.503071 0.304658 0.329957 0.321646 0.260379 0.202898 0.194323 0.197632 0.259906 0.253302 0.275601 0.281001 0.332117 0.272674 0.254253 0.428214 0.246091 0.255768 0.271907 0.315509
 0.603003 0.311963 0.307635 0.231507 0.250631 0.224053 0.204616 0.262162 0.174682 0.272565 0.293897 0.220957 0.284175 0.289142 0.260796 0.290818 0.358534 0.447108 0.43722 0.6325
 0.41586 0.454074 0.509953 0.536476 0.297824 0.215551 0.251203 0.128367 0.178994 0.181642 0.213907 0.173815 0.259 0.376389 0.495286 0.256448 0.364562 0.44193 0.339554 0.284925
 0.494921 0.321401 0.299449 0.384945 0.420493 0.24563 0.299294 0.275023 0.300362 0.305846 0.208599 0.304821 0.235182 0.208876 0.300732 0.209572 0.206007 0.220077 0.202081 0.205333
