 1.99502e+06 1.33558e+06 640476 355676 387501 465835 643396 344015 310896 195281 120589 250835 269948 219792 133714 170908 623814 541387 1.23864e+06 878170 965517 1.17795e+06 1.11206e+06 876225 1.27343e+06 1.04111e+06 846371 927607 1.33435e+06 865361
 1.99502e+06 1.33558e+06 640476 355676 387501 465835 643396 344015 310896 195281 120589 250835 269948 219792 133714 170908 623814 541387 1.23864e+06 878170 965517 1.17795e+06 1.11206e+06 876225 1.27343e+06 1.04111e+06 846371 927607 1.33435e+06 865361
 1.99502e+06 1.33558e+06 640476 355676 387501 465835 643396 344015 310896 195281 120589 250835 269948 219792 133714 170908 623814 541387 1.23864e+06 878170 965517 1.17795e+06 1.11206e+06 876225 1.27343e+06 1.04111e+06 846371 927607 1.33435e+06 865361
 1.99502e+06 1.33558e+06 640476 355676 387501 465835 643396 344015 310896 195281 120589 250835 269948 219792 133714 170908 623814 541387 1.23864e+06 878170 965517 1.17795e+06 1.11206e+06 876225 1.27343e+06 1.04111e+06 846371 927607 1.33435e+06 865361
 1.99502e+06 1.33558e+06 640476 355676 387501 465835 643396 344015 310896 195281 120589 250835 269948 219792 133714 170908 623814 541387 1.23864e+06 878170 965517 1.17795e+06 1.11206e+06 876225 1.27343e+06 1.04111e+06 846371 927607 1.33435e+06 865361
 2.17075e+06 1.42254e+06 679054 377312 408094 507886 681659 370045 325955 201766 127530 267656 280108 235596 156581 197169 654346 569604 1.22495e+06 838147 1.03475e+06 1.28471e+06 1.16517e+06 898208 1.3025e+06 1.10754e+06 947756 1.00678e+06 1.39865e+06 886715
 2.27698e+06 1.50144e+06 709894 390908 433504 553228 695504 384976 350380 216928 134278 263593 279411 237287 157113 217534 672182 607103 1.29021e+06 906914 1.08577e+06 1.34732e+06 1.24115e+06 940858 1.37061e+06 1.14498e+06 968212 1.00478e+06 1.4129e+06 891207
 2.12022e+06 1.41154e+06 668121 368085 417382 535528 677223 362322 318204 203244 121446 248632 250897 212272 134676 197440 639351 579081 1.26581e+06 849749 984534 1.25464e+06 1.21929e+06 913106 1.31932e+06 1.09751e+06 930698 961067 1.33911e+06 822319
 2.06959e+06 1.36564e+06 643186 355411 410125 489183 610662 311501 279539 181110 111255 240208 235725 205618 134705 194831 650076 613386 1.31602e+06 856059 968482 1.20979e+06 1.20625e+06 903183 1.35214e+06 1.09837e+06 908652 983704 1.34939e+06 824224
 2.14946e+06 1.37023e+06 635647 355759 416863 482979 596364 297826 269057 175652 107871 239896 235009 207368 131296 190896 646080 598537 1.31738e+06 846332 964725 1.17608e+06 1.18615e+06 887531 1.36031e+06 1.10151e+06 919607 978432 1.33844e+06 819114
 2.07124e+06 1.35051e+06 631164 349724 421709 485794 584123 288637 267536 174999 108569 240762 228535 203568 129725 189621 654767 606071 1.32154e+06 834929 950642 1.17632e+06 1.21038e+06 911759 1.3513e+06 1.08147e+06 899260 957975 1.32512e+06 807465
 2.13588e+06 1.36138e+06 637176 350738 422020 490632 603025 298893 273943 173760 110218 235473 226524 207263 134165 190733 657752 618631 1.32028e+06 840090 945771 1.13836e+06 1.20395e+06 915074 1.34349e+06 1.06932e+06 897131 967184 1.31528e+06 804518
 2.06446e+06 1.33062e+06 623179 344052 406934 472603 577249 285281 264289 163003 106278 234950 227251 204058 133602 185517 664443 628015 1.29574e+06 837209 955835 1.15395e+06 1.17953e+06 892670 1.32853e+06 1.05731e+06 889172 960364 1.29345e+06 787963
 2.05811e+06 1.3519e+06 633748 347534 402319 479992 576141 281179 265706 167633 110771 241576 233478 214712 136078 184790 661542 634814 1.31655e+06 857821 1.00069e+06 1.20069e+06 1.21131e+06 912431 1.35407e+06 1.06633e+06 898771 993392 1.33568e+06 822516
 2.00832e+06 1.33258e+06 635512 342862 389092 465515 559798 270643 257413 162182 107425 240698 235106 215636 134447 181028 664657 639377 1.33135e+06 863367 1.01176e+06 1.18611e+06 1.20843e+06 913158 1.33004e+06 1.07874e+06 910413 992461 1.36756e+06 843326
 1.94439e+06 1.29398e+06 619107 336659 385667 470613 542723 257536 247311 158281 105557 225953 221448 203844 127630 171256 665225 639881 1.32121e+06 857841 991535 1.16058e+06 1.15666e+06 869126 1.28598e+06 1.04792e+06 885923 969129 1.33146e+06 821906
 2.0092e+06 1.32998e+06 628699 342820 391763 480055 551366 265705 253381 159400 105367 226441 223381 198619 128693 174288 676968 640675 1.33705e+06 867379 1.03609e+06 1.16378e+06 1.15659e+06 869566 1.29049e+06 1.05505e+06 891134 998708 1.35125e+06 838361
 1.96959e+06 1.32806e+06 626769 341962 387271 475013 542311 255961 248839 155826 104751 218703 222272 198630 129662 178647 685993 633077 1.35795e+06 871914 1.00755e+06 1.15799e+06 1.15984e+06 889787 1.29973e+06 1.04357e+06 881003 989963 1.33729e+06 824602
 1.93767e+06 1.30504e+06 617749 337137 378042 451681 528383 255583 250619 154444 99142.4 219554 227255 205184 126951 170610 674309 619734 1.36187e+06 873733 1.01397e+06 1.17631e+06 1.14725e+06 870064 1.28131e+06 1.01428e+06 866081 975931 1.31994e+06 814581
 1.94652e+06 1.31583e+06 624593 344672 382282 462685 544278 255218 253307 157475 100484 222853 225214 207149 128520 170427 694028 627012 1.34362e+06 872446 1.04175e+06 1.1973e+06 1.17458e+06 896002 1.32477e+06 1.02522e+06 859192 979169 1.32895e+06 823665
 1.99832e+06 1.33803e+06 636009 350000 387884 459510 560756 269556 266037 166740 102787 228519 226535 209622 129970 174808 711036 647550 1.33812e+06 874349 1.04932e+06 1.19798e+06 1.186e+06 907302 1.32388e+06 1.02895e+06 861589 989020 1.34334e+06 835320
 2.03083e+06 1.36859e+06 647616 360998 421525 485940 591257 287136 279598 172824 104046 229277 231037 208369 126593 172135 706311 648002 1.33496e+06 859442 1.05065e+06 1.20826e+06 1.19883e+06 915461 1.31132e+06 1.04239e+06 878101 1.00378e+06 1.34863e+06 837021
 2.0558e+06 1.37587e+06 657337 366033 416812 493300 600697 301349 290094 172277 102518 225486 231061 217361 133671 170480 704340 651497 1.33253e+06 862005 1.05892e+06 1.22507e+06 1.21139e+06 937882 1.30342e+06 1.04209e+06 887049 986671 1.34232e+06 833738
 2.0781e+06 1.38203e+06 655653 366309 420765 495242 607788 304148 292493 176686 105064 224285 229005 213336 131722 168216 704307 655071 1.32124e+06 846607 1.04451e+06 1.20814e+06 1.22255e+06 950355 1.30029e+06 1.02798e+06 872565 966226 1.32617e+06 827517
 2.1567e+06 1.42302e+06 667286 374748 431474 497817 615639 312647 299645 181643 108473 231999 238977 223014 135362 164956 723882 687537 1.33703e+06 863433 1.05694e+06 1.23591e+06 1.23779e+06 968346 1.32911e+06 1.07562e+06 912062 1.00366e+06 1.34484e+06 846789
 2.20119e+06 1.42717e+06 669972 372147 434184 513772 634808 322723 302803 179091 106538 230300 239899 227736 130810 162384 711930 675297 1.29763e+06 840742 1.04344e+06 1.23403e+06 1.21652e+06 954492 1.3483e+06 1.0636e+06 896324 990544 1.33152e+06 836214
 2.24171e+06 1.43201e+06 662995 368878 441114 513499 643981 331570 301273 175619 103004 230361 239290 219851 129919 157674 719867 665557 1.28024e+06 839507 1.04186e+06 1.25017e+06 1.20077e+06 936712 1.29872e+06 1.03662e+06 871633 957070 1.30987e+06 832275
 2.33476e+06 1.44787e+06 663994 369432 450351 520243 655062 338446 306225 175758 101521 224990 234900 217633 126921 151793 716593 658767 1.27307e+06 830746 1.02656e+06 1.2311e+06 1.17266e+06 909067 1.27238e+06 1.02919e+06 866579 951921 1.2855e+06 816041
 2.22664e+06 1.40185e+06 653681 360925 440125 520309 645302 326484 294316 167268 94944.6 219449 230008 211826 120350 151092 705344 648826 1.2569e+06 822034 1.00698e+06 1.2064e+06 1.1558e+06 892460 1.28035e+06 1.04109e+06 880950 946296 1.27644e+06 812907
 2.21915e+06 1.38071e+06 647470 355278 423074 505064 647069 331935 298368 169478 95469 217489 222309 202089 115024 149560 700584 634200 1.21408e+06 807913 997548 1.19959e+06 1.12767e+06 864078 1.25851e+06 1.02616e+06 861497 917817 1.22817e+06 781047
 2.23056e+06 1.39427e+06 648039 356629 434047 520683 660127 337790 304236 171649 98401.7 225110 228185 204683 116347 147314 708258 636345 1.2143e+06 816542 990438 1.20061e+06 1.13027e+06 864822 1.25963e+06 1.04847e+06 873441 922289 1.21832e+06 765926
 2.18598e+06 1.39668e+06 656281 363962 450359 559513 676334 341619 300581 167493 98292.1 226117 232484 210045 122619 160641 711893 647892 1.22128e+06 832869 991183 1.20773e+06 1.13538e+06 878833 1.28122e+06 1.07613e+06 902844 930615 1.22575e+06 775241
 2.17598e+06 1.38266e+06 646247 358818 439115 545310 658271 329244 294198 165327 97964.8 226979 236212 213341 125353 155530 691378 625394 1.19286e+06 814279 967726 1.16174e+06 1.11131e+06 859181 1.25334e+06 1.05882e+06 876970 916065 1.20603e+06 762205
 2.14413e+06 1.37196e+06 649690 357926 419412 526675 658248 325314 290885 165152 97407 220364 233690 211305 126897 154621 692867 623276 1.18187e+06 828840 1.01285e+06 1.20494e+06 1.14062e+06 877463 1.28041e+06 1.08746e+06 903943 943954 1.22397e+06 779113
 2.10096e+06 1.35217e+06 638806 356544 424124 528801 657680 326781 296133 168206 98552.5 215642 226381 204794 121982 145945 672712 608171 1.18035e+06 818998 1.00474e+06 1.16627e+06 1.10648e+06 863892 1.26447e+06 1.06131e+06 886043 918189 1.18989e+06 756537
 2.05636e+06 1.32893e+06 628894 348004 408761 507861 648729 323041 289649 164986 98403.8 212857 224265 205832 126490 146381 676105 614837 1.19681e+06 818246 991966 1.15135e+06 1.07462e+06 839129 1.21905e+06 1.03193e+06 860274 882383 1.16267e+06 743508
 2.07383e+06 1.33399e+06 628476 345365 418517 510357 627814 303762 274035 158464 95276.9 211423 224157 211270 125179 148780 668157 615699 1.21923e+06 828030 1.00676e+06 1.14029e+06 1.05509e+06 818223 1.19686e+06 1.02099e+06 858394 876810 1.16324e+06 742873
 1.98685e+06 1.31242e+06 623526 346628 414290 508425 649404 324780 286475 166217 98214.2 207548 221880 211779 124289 144883 659433 603153 1.22289e+06 835339 1.00683e+06 1.13225e+06 1.04299e+06 807894 1.18631e+06 1.01717e+06 855804 858513 1.14856e+06 724871
 2.01594e+06 1.32672e+06 629027 349441 417534 511675 648050 327138 293080 169202 99455.2 208188 216468 212905 126615 149079 675637 617981 1.24639e+06 858754 1.02333e+06 1.13661e+06 1.05077e+06 823688 1.19808e+06 1.0456e+06 892973 871107 1.16988e+06 739155
 2.0382e+06 1.32655e+06 627816 347134 400587 496362 634506 320668 289665 169952 98490.9 207922 218817 214723 123856 152329 680920 615919 1.22824e+06 843193 1.0075e+06 1.13972e+06 1.04386e+06 809893 1.18115e+06 1.02745e+06 873094 866223 1.16398e+06 735387
 2.04141e+06 1.3615e+06 652823 359028 422366 525159 653894 331048 300887 175011 103790 214758 225873 221565 127850 162613 687820 638843 1.2277e+06 862352 1.05804e+06 1.19897e+06 1.0835e+06 830178 1.18463e+06 1.044e+06 879956 887960 1.20301e+06 761989
 1.96457e+06 1.33809e+06 641763 351572 399516 502450 643900 321272 288992 163682 96272.9 212672 221993 217897 129237 162055 671604 614408 1.22193e+06 874444 1.04261e+06 1.18658e+06 1.06976e+06 827782 1.17874e+06 1.02061e+06 873111 865719 1.18487e+06 750564
 1.93666e+06 1.35916e+06 650862 355759 402476 500812 652340 317797 285373 160956 98990 216658 228205 217837 133194 164222 672512 624927 1.22444e+06 911014 1.07179e+06 1.21109e+06 1.08262e+06 852139 1.20759e+06 1.03491e+06 881280 879618 1.21671e+06 766168
 1.96289e+06 1.36631e+06 653570 359762 413265 511879 666907 329959 297719 169663 103875 218618 234552 221552 135709 162029 674828 632993 1.22194e+06 905013 1.07579e+06 1.1938e+06 1.09664e+06 863992 1.2096e+06 1.03356e+06 878265 879092 1.22086e+06 769817
 1.85665e+06 1.33539e+06 640081 347772 398029 497812 641639 316787 289750 165423 103774 215737 236391 222209 133058 156031 664434 628558 1.19358e+06 870137 1.03541e+06 1.15294e+06 1.08431e+06 849470 1.20418e+06 1.00238e+06 843799 860190 1.21081e+06 758595
 1.96581e+06 1.38208e+06 655613 356208 405469 518584 675329 337270 303943 169940 104847 220496 237761 228655 137447 166711 674348 637969 1.18098e+06 872466 1.06831e+06 1.21677e+06 1.11011e+06 869363 1.23902e+06 1.03805e+06 875414 875052 1.24259e+06 782463
 1.98557e+06 1.3646e+06 640733 354814 416718 528247 671930 327916 296490 164866 103027 214292 234453 230125 135152 162608 655993 612047 1.15515e+06 849412 1.05593e+06 1.20681e+06 1.09227e+06 860010 1.22235e+06 1.03115e+06 889050 887654 1.21429e+06 757594
 2.09968e+06 1.41346e+06 655901 366231 441602 550161 686875 344325 315223 172525 107235 222073 241412 240245 142981 173021 668602 621026 1.17252e+06 843571 1.07743e+06 1.25296e+06 1.09609e+06 863334 1.22159e+06 1.05209e+06 909146 892938 1.22881e+06 775956
 2.01121e+06 1.40031e+06 656406 360833 433939 537404 701212 359058 322871 179368 108813 217127 239233 234249 137981 168468 670948 614628 1.13894e+06 812520 1.08484e+06 1.26973e+06 1.0807e+06 851203 1.21222e+06 1.05592e+06 913706 893767 1.21377e+06 768845
 2.0436e+06 1.41887e+06 665951 365584 436879 546013 695361 352581 324736 180109 111161 228232 247570 236324 137137 172182 686342 631639 1.13185e+06 823981 1.11795e+06 1.29551e+06 1.07701e+06 838560 1.21635e+06 1.04264e+06 893758 887177 1.23139e+06 791905
 2.03569e+06 1.41144e+06 660187 361130 430239 541283 692876 357376 320615 177084 110557 228753 250315 239540 139659 176222 689388 629764 1.10875e+06 826981 1.132e+06 1.30432e+06 1.06577e+06 823860 1.21244e+06 1.02423e+06 886422 882454 1.21551e+06 779426
 2.11888e+06 1.44092e+06 669893 368496 440259 559339 710539 364098 322747 182331 113626 230465 256731 245335 138436 178833 701621 638561 1.11515e+06 826149 1.14581e+06 1.30704e+06 1.08519e+06 837982 1.23405e+06 1.04211e+06 898608 893126 1.24748e+06 803499
 2.16176e+06 1.43736e+06 662504 365751 449652 560776 708976 366821 327384 186953 113302 226144 252517 244724 136134 173789 690595 624017 1.10043e+06 826651 1.13144e+06 1.29416e+06 1.07559e+06 824876 1.2235e+06 1.03615e+06 905070 901755 1.23838e+06 799046
 2.11076e+06 1.43398e+06 663082 371783 452086 572273 700279 361021 322684 185064 119115 227500 258334 252927 142284 177060 695018 624077 1.1094e+06 852537 1.16305e+06 1.31071e+06 1.10038e+06 845681 1.26205e+06 1.07369e+06 924349 905196 1.23972e+06 799346
 2.21644e+06 1.49165e+06 693566 385434 470819 604503 728700 376411 334738 192866 126398 233871 268259 262402 154597 194232 721506 652704 1.12573e+06 874843 1.20921e+06 1.36838e+06 1.13458e+06 876959 1.29102e+06 1.10072e+06 961794 931329 1.29398e+06 836539
 2.1432e+06 1.44032e+06 667794 373146 443248 581440 701351 359553 322842 188117 120676 221127 262248 258543 149175 186144 702857 615506 1.09849e+06 849432 1.18175e+06 1.30995e+06 1.09976e+06 849464 1.23265e+06 1.05343e+06 929653 906637 1.26194e+06 812521
 2.13127e+06 1.44136e+06 665391 375299 426716 576888 708347 367019 322697 177895 115719 219748 257764 255382 145638 183244 713322 623049 1.09417e+06 866344 1.17686e+06 1.31666e+06 1.10866e+06 848527 1.25272e+06 1.07078e+06 931550 905740 1.29324e+06 834416
 2.20574e+06 1.45458e+06 666906 371095 409386 564093 693247 354565 312076 176770 115909 219004 264005 261810 149228 199445 717692 641409 1.09799e+06 867397 1.18891e+06 1.30758e+06 1.08748e+06 834352 1.23743e+06 1.08151e+06 933172 906132 1.28577e+06 822802
 2.20128e+06 1.46691e+06 675906 375087 422383 572461 710016 364867 316279 178591 118410 224862 266561 267257 152166 206512 720902 643673 1.09447e+06 875169 1.20477e+06 1.32728e+06 1.09859e+06 841780 1.24211e+06 1.09467e+06 946186 925668 1.31683e+06 847082
 2.19772e+06 1.47748e+06 689089 379252 440340 604202 749884 386015 334857 187734 119659 227609 271812 268502 149254 202597 729035 644839 1.10021e+06 913229 1.22414e+06 1.35594e+06 1.11685e+06 859286 1.29222e+06 1.11573e+06 947855 926080 1.30985e+06 846298
 2.14698e+06 1.4364e+06 669220 367923 413766 574201 733719 376529 327898 186590 119570 233236 275544 265657 145325 198811 713207 627605 1.10262e+06 909748 1.23287e+06 1.3332e+06 1.08374e+06 824732 1.24709e+06 1.06171e+06 894619 894956 1.27334e+06 818726
 2.14888e+06 1.43414e+06 669126 372290 431178 578337 733908 374744 327608 190961 122200 235876 273209 262754 143648 199385 715886 628085 1.09281e+06 899863 1.20302e+06 1.29778e+06 1.07992e+06 838782 1.22291e+06 1.05364e+06 907348 894724 1.26763e+06 811864
 2.10171e+06 1.43808e+06 680976 373580 438935 584397 767743 402959 345454 206504 129698 234874 268359 266777 146399 199057 720341 642701 1.0876e+06 898201 1.18947e+06 1.27798e+06 1.06054e+06 807636 1.17458e+06 1.02833e+06 889034 882958 1.26138e+06 807975
 2.1212e+06 1.45042e+06 689785 375905 438040 570060 765658 403691 347419 209543 132372 240001 275533 274013 151670 201745 712295 634256 1.07138e+06 896197 1.20185e+06 1.31486e+06 1.08306e+06 822031 1.19057e+06 1.04336e+06 893170 891910 1.27961e+06 817344
 2.07936e+06 1.4302e+06 685872 370275 434844 570231 738419 382216 336843 202629 129397 235179 282063 275404 148567 203625 711919 637994 1.06718e+06 891233 1.1632e+06 1.31062e+06 1.09428e+06 847404 1.19699e+06 1.0396e+06 893179 885800 1.26999e+06 814211
 2.14026e+06 1.45633e+06 700492 371949 424519 562643 733498 384832 343804 206136 131023 230185 272989 271198 148483 208607 722553 642364 1.08766e+06 908883 1.15998e+06 1.32185e+06 1.1206e+06 881936 1.23807e+06 1.05095e+06 899951 907636 1.2993e+06 837277
 2.03695e+06 1.4166e+06 683576 365712 421499 565277 725162 374001 337826 200620 133197 226212 267818 265250 146564 211455 711157 628778 1.07319e+06 893849 1.13131e+06 1.29349e+06 1.09749e+06 872248 1.22722e+06 1.04307e+06 876306 857226 1.26858e+06 816471
 1.99866e+06 1.41961e+06 684734 367575 425453 557001 724238 381537 347529 204781 137138 229334 270061 272526 148919 219891 719045 630490 1.05466e+06 899762 1.14174e+06 1.28673e+06 1.06868e+06 852768 1.20752e+06 1.04571e+06 878136 853046 1.26916e+06 819728
 2.00561e+06 1.43791e+06 696139 373339 447971 577923 739574 386421 353376 207677 138121 227881 266351 273811 156848 227716 718280 632061 1.0533e+06 911450 1.16166e+06 1.3145e+06 1.09676e+06 872145 1.21615e+06 1.05262e+06 885274 869337 1.28576e+06 835552
 1.97954e+06 1.45389e+06 707742 384381 463479 603628 760585 399419 357598 210723 136860 231337 263013 269453 154956 225739 721227 634920 1.04611e+06 894232 1.19648e+06 1.3155e+06 1.11198e+06 878988 1.23059e+06 1.09123e+06 915428 891746 1.33178e+06 861725
 1.93089e+06 1.41973e+06 687467 373530 455258 599141 724790 373055 344111 202897 134628 229059 259099 268119 151128 214666 711883 622737 1.01191e+06 859366 1.16987e+06 1.29501e+06 1.09989e+06 852097 1.20939e+06 1.05395e+06 882731 870477 1.3128e+06 847335
 1.92111e+06 1.42473e+06 691001 377372 462214 599400 737094 378827 348242 206783 136425 229411 258579 262746 151990 212820 699364 609614 1.01098e+06 845719 1.14421e+06 1.28635e+06 1.07947e+06 829100 1.20726e+06 1.06467e+06 886616 891567 1.31882e+06 852578
 1.93638e+06 1.40017e+06 677815 370871 448979 571526 708193 361567 334662 202792 137253 228424 252437 257498 149185 212616 676734 582216 974074 825206 1.1286e+06 1.26461e+06 1.06252e+06 812043 1.17755e+06 1.02962e+06 874350 880104 1.3125e+06 848605
 1.93675e+06 1.40408e+06 680977 373521 451673 572470 705646 356091 327234 198086 137645 233192 254565 260127 157226 216475 681238 586675 986853 838486 1.13584e+06 1.25045e+06 1.07466e+06 821320 1.17328e+06 1.03362e+06 880050 892268 1.32278e+06 850625
 1.97912e+06 1.41922e+06 689094 374855 458247 573400 710903 358077 325537 195486 139301 236971 257046 260836 154712 213634 672436 583853 998618 843882 1.14411e+06 1.2683e+06 1.08003e+06 822405 1.16112e+06 1.03582e+06 890358 897293 1.33405e+06 857689
 1.92429e+06 1.39755e+06 681437 370789 459585 559923 683380 343137 313975 190536 137586 238969 258621 267913 154927 212597 673678 584477 1.01451e+06 850141 1.12834e+06 1.25658e+06 1.08524e+06 828765 1.15243e+06 1.02166e+06 878753 899982 1.33085e+06 853682
 2.00568e+06 1.43529e+06 700047 382788 473480 573431 708869 362510 333508 201819 147633 247103 272487 275737 160437 220669 691218 598765 1.04664e+06 873270 1.16747e+06 1.29257e+06 1.11715e+06 861190 1.20481e+06 1.05468e+06 903053 920283 1.37805e+06 891185
 2.03645e+06 1.43629e+06 694532 379997 479840 576736 701590 360449 325077 199129 140144 243298 272220 265892 156196 213191 689884 607497 1.04807e+06 857141 1.16414e+06 1.27074e+06 1.09902e+06 861868 1.2043e+06 1.04314e+06 902050 927997 1.36289e+06 874673
 2.07822e+06 1.4491e+06 697505 380237 473860 569578 701725 365278 331704 202761 139337 244083 275372 264419 157882 208745 673948 593444 1.04362e+06 848263 1.14387e+06 1.25934e+06 1.10581e+06 866052 1.2093e+06 1.03296e+06 897094 939406 1.36813e+06 881736
 2.05228e+06 1.44018e+06 695688 377000 479297 560611 709253 365557 331853 203042 139173 242492 272238 260294 154768 203752 669000 586734 1.04169e+06 837044 1.12025e+06 1.23566e+06 1.08658e+06 863018 1.21203e+06 1.03617e+06 899739 927335 1.35376e+06 871058
 2.01151e+06 1.40439e+06 667071 362803 449441 536262 704964 362417 325384 193196 127995 227675 258691 249109 144882 184899 630933 550613 1.01139e+06 799865 1.05807e+06 1.18224e+06 1.04518e+06 816076 1.14298e+06 998298 872140 885560 1.30423e+06 841932
 2.04595e+06 1.39649e+06 651393 358684 439887 528162 696833 354112 318711 185106 119823 222281 256376 249769 142875 175878 622953 545237 993322 803211 1.05529e+06 1.16809e+06 1.03411e+06 802994 1.13627e+06 988512 879050 897542 1.30241e+06 843129
 2.04446e+06 1.40085e+06 654991 359194 447953 539114 706399 361013 323818 185271 119259 220374 257588 248684 136658 169578 619838 542556 1.00696e+06 798944 1.05817e+06 1.19021e+06 1.03613e+06 795167 1.14464e+06 981680 877985 887463 1.29328e+06 841921
 2.06014e+06 1.3923e+06 643526 355187 445358 536178 701681 359361 327867 183423 116770 213758 251686 243570 132603 167677 607996 527309 976537 787325 1.0461e+06 1.1744e+06 1.01665e+06 794479 1.16219e+06 997510 889095 889367 1.27459e+06 835730
 1.99064e+06 1.36209e+06 634227 348921 427020 527614 692893 354811 325836 180640 116086 214148 256099 249534 134261 167866 600036 524587 979560 801903 1.03792e+06 1.15566e+06 1.01599e+06 797809 1.15495e+06 976546 880858 888124 1.24234e+06 814391
 2.03975e+06 1.35873e+06 623728 348117 426581 525897 682525 344528 318085 178875 113430 212491 253296 243310 134098 169975 595964 510798 964229 792514 1.03148e+06 1.14131e+06 1.00174e+06 785462 1.1265e+06 967644 863302 870872 1.23289e+06 804489
 2.05584e+06 1.34759e+06 618188 343824 428749 529164 694261 350305 318882 173988 111671 209917 251672 237151 132148 169929 588775 503312 938289 776942 1.02285e+06 1.11227e+06 970419 758567 1.09756e+06 941443 834087 854503 1.22628e+06 806179
 1.99367e+06 1.32607e+06 613101 341273 422819 546034 697930 343256 313092 172725 108079 213609 249178 235326 128358 167507 584199 502608 930577 754904 1.01883e+06 1.0933e+06 935270 737089 1.10124e+06 933296 825067 842329 1.22048e+06 798780
 1.99304e+06 1.33808e+06 625502 347216 407512 538799 704524 350918 320123 176588 112522 216048 255799 239973 133887 169214 593470 519825 944816 776588 1.05576e+06 1.14321e+06 957963 747796 1.10624e+06 938407 836507 851272 1.23862e+06 814594
 2.0674e+06 1.36551e+06 630956 346335 405297 552720 718522 361604 334140 185084 119447 215265 262486 254270 135092 164931 586309 517239 946638 778801 1.04083e+06 1.15133e+06 970138 757696 1.12818e+06 935105 827166 835638 1.2366e+06 807891
 1.92944e+06 1.31118e+06 610971 330751 370303 512444 691511 357065 329838 179019 118234 212056 252410 258262 134787 154944 576979 512537 954662 766958 1.00188e+06 1.12816e+06 961004 741909 1.08302e+06 889326 770132 786762 1.1946e+06 782151
 1.90224e+06 1.30211e+06 613005 331748 359350 500873 708002 373959 344523 184685 121023 211759 258388 256961 134343 150520 578934 504534 938358 768303 1.01457e+06 1.12804e+06 963231 748925 1.09661e+06 897221 779736 794260 1.167e+06 766321
 1.95536e+06 1.32576e+06 617108 338370 370916 524569 736026 388924 354930 194261 128425 214167 259265 259528 137067 145924 578286 502521 947339 761424 1.00144e+06 1.09338e+06 927298 723866 1.0921e+06 884054 760434 783675 1.15968e+06 755692
 2.02348e+06 1.34335e+06 621903 343965 380320 548323 741390 398783 360987 192163 128939 212215 261237 262421 139252 152478 587730 502894 942280 743435 991424 1.08277e+06 942910 741922 1.08332e+06 889594 752705 796897 1.14452e+06 750681
 2.13358e+06 1.38813e+06 637792 354191 377039 533797 729815 384230 349975 196207 133466 223760 273330 272603 146145 157062 599751 509921 976206 786602 1.06483e+06 1.14661e+06 972096 775779 1.10968e+06 907730 773672 821244 1.16212e+06 772587
 2.12942e+06 1.39634e+06 643847 356101 379304 529714 730644 380624 347389 196262 133534 227269 274822 275342 148652 159643 607358 512373 977083 793342 1.0887e+06 1.16718e+06 980088 781921 1.11212e+06 913880 785417 836114 1.18069e+06 784957
 2.07701e+06 1.35758e+06 626952 349853 381478 531403 717358 369393 337039 187999 125593 222058 271546 270733 146837 158793 607184 505557 943246 766988 1.05607e+06 1.14265e+06 960928 758839 1.10443e+06 897157 765822 820027 1.15269e+06 755565
 2.00281e+06 1.30687e+06 600701 334043 358084 512203 706862 361201 330164 181216 115991 212169 270046 267356 143309 151959 590054 483867 913795 735285 1.0232e+06 1.0905e+06 925784 732694 1.05283e+06 859474 736860 786423 1.10606e+06 716775
 2.00467e+06 1.30218e+06 594989 330009 361754 527136 730187 369089 333331 181124 114775 210618 265485 266202 142165 148193 576937 474889 892370 696413 994749 1.05975e+06 919215 721218 1.02106e+06 846018 726790 762141 1.06615e+06 688230
 2.00355e+06 1.29722e+06 594078 328561 356683 527166 734758 371463 338152 184497 118656 214136 265653 269581 142259 147028 568049 466497 893349 698066 994477 1.05859e+06 916317 722731 1.00462e+06 838450 722048 760502 1.05955e+06 686487
 2.00523e+06 1.28324e+06 581014 328123 362941 530441 740828 367332 331289 182286 114085 210502 254383 268231 139467 145008 566381 456231 876766 689779 983696 1.04148e+06 910644 724836 985355 815002 708987 747394 1.04435e+06 675721
 1.95844e+06 1.26623e+06 576229 329872 366805 533993 727446 363545 339326 179777 109313 207277 260318 276745 141619 143620 574073 468061 888761 701426 1.0041e+06 1.0391e+06 888644 710717 980052 816065 698138 737996 1.04218e+06 673198
 1.96917e+06 1.26142e+06 571730 326956 364120 528241 728467 360399 329462 176689 105850 204237 256623 269629 138994 142972 569496 462375 856491 692802 973434 1.00698e+06 878695 705792 959274 810696 687097 726586 1.02369e+06 659839
 1.9768e+06 1.29081e+06 585046 336148 368306 530334 717973 356527 327489 186273 115476 212827 259898 272192 140847 148519 579348 468386 892836 716893 1.01276e+06 1.01438e+06 914642 748729 998207 822695 696921 743030 1.03051e+06 671262
 1.99593e+06 1.28738e+06 583328 333148 362199 517957 703491 354987 325198 189833 117120 212487 255501 263393 135194 145284 565102 450430 876819 702525 995381 1.00321e+06 917168 747182 975344 806139 685848 743994 1.02252e+06 660019
 1.96206e+06 1.27783e+06 579410 332162 365796 516682 698051 350091 322269 185369 114883 210650 253508 265149 137501 143440 562394 443548 878160 699669 987906 1.01725e+06 918414 743171 971934 814367 691403 742196 1.01666e+06 658840
 1.96772e+06 1.26405e+06 574160 330357 368004 531190 692720 343255 315629 181608 110355 205715 252947 259179 134807 142494 551137 431810 885150 709669 972177 1.00184e+06 919381 751179 966800 821706 696048 734188 1.02141e+06 659498
 1.91273e+06 1.2436e+06 571324 326547 361512 512378 666670 330696 313106 179344 111777 206876 257431 261499 135240 147188 550805 427684 911952 694179 974310 982982 937481 761881 955759 810168 691332 732342 1.0072e+06 654604
 1.90294e+06 1.2428e+06 568827 327311 358136 512794 666155 330340 317036 180117 112825 206706 259281 258109 132314 146868 547755 423945 906441 687805 971105 968646 933422 757900 962726 821443 702151 742532 1.02e+06 666255
 1.92307e+06 1.25469e+06 573864 333124 386183 531628 680997 338105 317168 184966 115901 209506 252166 245354 129732 142155 543332 427130 909899 679220 942962 950753 942025 771217 974242 812362 692129 751953 1.03894e+06 679781
 1.89348e+06 1.2492e+06 572196 331156 387473 545727 683516 334218 314488 187261 117140 212340 256204 245298 123301 137887 537192 428273 911082 677039 928048 925330 933311 756307 970879 815700 693617 743801 1.03256e+06 677784
 1.92004e+06 1.2556e+06 575175 329043 378916 535932 687453 335661 313751 184310 116910 216098 256421 244221 122997 136982 547082 438219 923511 682529 943101 936910 935236 758688 980091 828861 699739 749075 1.02607e+06 672217
 1.97351e+06 1.27065e+06 578846 336079 390905 537538 694303 341862 319050 186215 116670 221813 256198 238173 122232 130530 559271 444201 941351 686225 940106 946566 933236 765456 973376 818452 699303 753768 1.01871e+06 667285
 1.98337e+06 1.27501e+06 577954 338661 410814 551061 684522 331620 308336 181045 114823 223775 260780 238919 120530 128682 560089 441744 934056 694247 951463 951002 930044 768573 973744 824716 705859 756137 1.02755e+06 671478
 2.04936e+06 1.29154e+06 583961 342697 398992 549435 671679 322674 300854 178583 115079 227157 267392 239291 124760 134830 567856 453697 938903 700227 967743 974442 941369 775194 995388 836430 710877 765008 1.04375e+06 686847
 2.04919e+06 1.29784e+06 590043 343572 393110 549775 678878 323330 291307 173120 116024 227938 269690 239173 128234 137494 562719 441827 926580 705829 974961 980601 959829 800243 1.02883e+06 845713 720293 762284 1.05499e+06 696328
 1.99937e+06 1.25743e+06 571825 329894 374962 534466 657048 309348 281043 164199 108053 216492 254592 225257 122705 134671 550979 430960 889583 688416 965085 951542 932661 788056 1.00387e+06 818236 689857 722015 1.01063e+06 665255
 2.02679e+06 1.27434e+06 584813 334605 400736 565004 693797 329953 295271 172444 112943 218968 257070 224485 119261 127765 543914 429280 908417 691660 972213 963422 937443 801783 1.02385e+06 809374 671161 712422 1.00442e+06 656900
 2.13622e+06 1.3191e+06 599343 346840 412964 584641 727231 351264 304723 173353 113381 218153 264147 228078 118586 126375 539854 425873 933520 713216 975026 976693 942318 799839 1.03402e+06 818951 678902 724508 1.02013e+06 659926
 2.0611e+06 1.29937e+06 591535 340195 388590 563457 700104 331140 288068 160946 109514 220156 269646 240329 128128 124883 547219 434077 931253 734930 994924 982059 952696 802971 1.02453e+06 808552 685827 738177 1.03288e+06 660051
 2.05985e+06 1.30796e+06 587984 338079 374704 530491 669281 317903 282451 161199 111209 213046 267057 235989 124825 127504 552485 437358 942704 721548 1.00972e+06 987476 966261 813992 1.0398e+06 818515 687135 745934 1.04403e+06 670559
 2.14262e+06 1.36108e+06 615267 353435 394006 563568 695827 332004 289026 170564 122874 231994 283999 245506 127117 127796 570027 463777 1.00675e+06 760243 1.02355e+06 1.03939e+06 1.0169e+06 862350 1.08599e+06 865244 720140 762456 1.09298e+06 702272
 2.0495e+06 1.33085e+06 607201 344686 377392 553729 681871 322336 290257 171981 124545 235567 280588 242545 124890 126261 549899 439084 989873 753565 1.00562e+06 1.01657e+06 999277 827406 1.04142e+06 831692 694700 733139 1.08506e+06 696261
 2.03883e+06 1.33125e+06 607722 346583 376735 558050 678502 317379 282320 167831 123256 232361 281155 248442 128624 122032 553308 434083 1.01718e+06 769829 1.01986e+06 1.03157e+06 995382 826453 1.05112e+06 838918 695264 724076 1.07699e+06 698588
 2.02077e+06 1.30939e+06 599375 338532 367605 533246 663262 313069 274542 157609 118927 229784 282541 248498 124885 117931 550225 428442 1.00901e+06 770433 999633 1.01225e+06 980940 821980 1.01928e+06 810940 674485 715440 1.06784e+06 691835
 1.99826e+06 1.28313e+06 581168 334809 370461 524121 629109 293966 259780 145868 112293 225088 275861 245863 121246 114539 538682 420375 951851 745241 994384 997508 965527 808239 1.0277e+06 815449 684670 710445 1.038e+06 664733
 1.96719e+06 1.28075e+06 582167 338223 374921 525138 631137 299068 270486 152005 116242 224104 275653 246248 121255 119237 537653 417453 959085 751881 1.00052e+06 992098 961843 806445 1.0273e+06 818358 687516 719284 1.04694e+06 670882
 1.93095e+06 1.252e+06 570707 332521 374669 524460 619427 295285 267855 149156 113534 222377 275615 240982 117194 117045 523939 399551 945560 729980 980039 966669 944236 787633 1.0113e+06 797074 682320 711644 1.01962e+06 650404
 1.9377e+06 1.25033e+06 567595 330219 379222 510903 614936 290574 262024 144844 116131 226028 278835 234954 109490 110882 532165 402299 922373 714144 944563 953694 930113 780093 1.01067e+06 794211 675868 695995 998935 636280
 1.91777e+06 1.26158e+06 570841 333023 393570 518584 611176 290322 262520 146238 117431 232736 278739 231707 113520 115332 533980 400006 927729 731526 957141 975628 956878 793680 1.0259e+06 802661 682242 702686 997612 634895
 1.93883e+06 1.26859e+06 570471 334951 396265 513873 613717 297550 267619 144576 116225 230338 275852 233786 118136 118748 535346 407978 923999 734143 949893 986333 962935 795066 1.02936e+06 796551 672633 695918 996808 630950
 1.91483e+06 1.24285e+06 558420 328664 389756 503383 599419 290897 266807 145900 116857 225106 269211 226470 115028 112331 530002 402004 899642 719560 949018 958863 935589 771349 1.00608e+06 790239 660685 675158 976371 621334
 1.98848e+06 1.25855e+06 562962 327609 385634 508857 621991 303307 273775 151527 120614 225856 267463 219833 112631 111610 534461 409794 902202 717848 927410 949414 933786 750664 974061 763373 644696 668836 969718 619050
 1.93957e+06 1.26123e+06 570859 333587 390263 521204 622893 310580 281216 155629 118370 229342 267874 223016 112666 114109 544961 419137 898003 730755 932142 980099 954849 762053 999359 768362 653631 684956 980662 623083
 1.91125e+06 1.24603e+06 561382 329191 396325 518148 606469 301232 275669 157108 116187 227239 267617 223356 110847 108625 526020 399657 868443 706369 921691 970193 949085 759769 990940 750296 640163 682470 987380 633618
 1.90756e+06 1.24224e+06 559652 325951 384478 510968 599330 295573 275204 156373 115656 230281 265567 217254 111829 111299 530137 405652 856671 687104 910557 953111 941955 752949 969543 724789 625111 678810 985294 636415
 1.95912e+06 1.27549e+06 574454 338880 395655 536624 636347 315929 293349 169564 121827 231390 274457 227089 119379 115269 534284 406912 883088 721431 939529 981556 959084 780216 1.00202e+06 745811 637622 669807 994061 642096
 1.98732e+06 1.27832e+06 576360 342131 394485 535859 629615 314447 288246 169144 120501 229224 280823 231760 126208 119890 535572 415942 899593 733482 930271 981424 964047 788970 1.01571e+06 751820 635193 680314 1.01304e+06 652423
 1.88909e+06 1.24351e+06 571706 336156 396218 535347 620061 306453 277653 159630 111579 229281 275360 231481 123819 118307 524987 407061 908990 726258 940653 968614 957542 778958 1.0072e+06 744207 633903 677450 1.00696e+06 653899
 1.94769e+06 1.2733e+06 585294 339769 395932 539611 620400 304629 281266 164070 112616 227647 272800 238339 128792 122960 538797 417953 922657 743563 970416 1.0021e+06 982041 798982 1.05908e+06 781536 653456 691393 1.05358e+06 685106
 1.97431e+06 1.28453e+06 592077 343192 405774 536374 616912 303672 279458 160800 110175 234053 282830 243237 133413 124025 538156 422452 944801 772204 1.01126e+06 1.02086e+06 991566 808869 1.06047e+06 783253 656841 710203 1.06499e+06 698178
 1.99484e+06 1.27341e+06 576867 338716 393336 513647 613816 298701 275057 155669 106712 233856 277751 236772 129481 118837 521968 412733 936309 750372 969280 988339 953141 770434 1.04015e+06 771095 637553 689128 1.04605e+06 680336
 1.93259e+06 1.23762e+06 562629 328934 378062 491084 590936 287692 260730 146829 96858.7 224281 273003 232064 130866 123802 509416 398439 936361 752160 964378 962631 935050 759269 1.04106e+06 779261 640358 701381 1.03015e+06 671037
 1.89495e+06 1.22146e+06 555480 326365 372507 469053 587002 287892 261193 146474 95694.3 222049 270548 231668 125997 120283 510809 401282 945720 762743 975467 967910 952001 764894 1.04006e+06 785962 645815 699913 1.02774e+06 666587
 1.87552e+06 1.20697e+06 550765 321556 352427 453912 586703 297933 270362 147217 92512.3 218835 266776 229714 123203 119052 507455 391848 933892 761132 969029 973320 974038 771226 1.03649e+06 785867 635213 684503 1.01189e+06 646663
 1.85651e+06 1.19532e+06 546693 320386 346379 442984 592077 302682 276942 151426 94049.1 215167 258483 225602 117470 112804 504411 387967 945281 757510 946976 951362 964417 762185 1.02434e+06 772384 629699 673847 1.00953e+06 646070
 1.92647e+06 1.2159e+06 548338 321686 352849 452399 602749 308839 276972 152307 94265.2 211339 258700 227002 120541 114250 499855 383863 952132 758377 937740 958925 962206 753512 1.00886e+06 763240 621622 659796 999086 633827
 1.95573e+06 1.21979e+06 548322 319518 347990 458121 604624 313051 278422 154386 93743 208818 256851 220890 117504 114683 484895 368321 954376 752960 933049 966346 961480 752386 994965 739178 601961 649550 983419 619745
 1.97415e+06 1.2213e+06 543593 318436 330875 448433 594599 307066 274122 152501 90967.9 208835 260622 220243 116450 113846 484099 371145 955181 748683 911365 946501 948055 745798 973987 722439 598261 643751 983861 619668
 1.92852e+06 1.20832e+06 542709 315112 325218 436212 589502 304330 272928 150335 87615.5 209465 261253 224524 119594 114092 482270 373262 937254 743214 913187 938599 949162 751442 973108 715893 596560 642306 975345 608555
 1.97071e+06 1.2163e+06 543015 314868 324702 429784 581330 302063 267830 148049 87946.8 210345 262331 220418 118505 113553 477860 371853 963077 747917 914454 943533 948243 757437 978655 717469 601067 650957 985719 615620
 1.88544e+06 1.18041e+06 529767 311131 312291 413683 591254 311709 276494 147615 85255.6 199159 257336 218061 116686 107985 465062 362082 941419 727279 898722 931371 923856 738797 964905 706797 595863 649612 990431 617808
 1.92209e+06 1.18915e+06 531933 310569 308989 411680 592914 315097 283574 150093 87049.6 200672 251720 215180 114869 106144 472600 368801 948474 737861 919966 926628 913821 720533 954717 699183 591123 647031 993680 620917
 1.85549e+06 1.18312e+06 535890 310797 311011 427315 607220 321648 285562 151734 87418.6 202991 253449 213314 117035 105574 477873 373293 941591 741451 940421 930798 921384 725979 961764 707886 596971 652594 1.01401e+06 641428
 1.86923e+06 1.17241e+06 531851 307566 300919 418854 600531 324497 286813 150906 84398 201528 251102 212446 114022 101151 486146 386456 940071 731652 936501 927220 891120 691813 927290 695596 605034 667289 1.03263e+06 650281
 1.84636e+06 1.16682e+06 530407 305796 299326 418630 609000 331610 284857 147572 84794.5 203186 249410 207367 111511 102558 486457 397487 938368 745481 926756 932370 885448 686249 907007 689840 608431 671163 1.03214e+06 648612
 1.85771e+06 1.17661e+06 532491 311691 301560 425417 627517 339017 286089 149567 85238 207330 252530 215791 112769 106479 484272 394394 918720 738816 927186 936757 891632 693609 902059 699111 604830 683903 1.0417e+06 659972
 1.94382e+06 1.21526e+06 547341 320563 304004 427656 612528 332527 282780 153049 92409.9 219333 258741 220827 117216 115637 492592 403419 967567 756631 989354 969625 915590 720750 925618 712888 617726 701711 1.07233e+06 678053
 1.95286e+06 1.21165e+06 544439 319304 307554 432526 632269 348047 293260 155659 89544 215495 251760 217541 114904 113656 478988 395734 966045 757855 990003 975846 907117 713358 928043 709245 608341 686453 1.06687e+06 671189
 2.03511e+06 1.25801e+06 560033 327608 304311 421885 638592 355177 297416 163452 95873.7 215428 254846 219926 117685 118282 485867 394195 977354 798646 1.03433e+06 1.01066e+06 932230 744204 960247 739850 629776 716732 1.10042e+06 699455
 1.97077e+06 1.24361e+06 561638 323638 303457 430528 647779 368510 313780 174501 100210 217251 256957 225157 114563 111714 480774 394117 956130 789191 1.01747e+06 996257 912812 727028 965211 749641 642424 719011 1.09306e+06 692192
 1.94833e+06 1.23106e+06 550464 318352 289561 403945 615023 347289 302922 169068 98448.5 227137 259327 221084 112525 114707 475383 389976 966702 772111 997454 985355 906145 718275 955904 741013 635099 701221 1.08737e+06 689531
 1.98428e+06 1.24609e+06 556766 319843 293684 419496 618421 349374 309478 169900 98234.4 230055 254677 222103 112372 115891 461508 383526 958071 758258 996514 978387 903311 724039 961174 755070 637546 693979 1.07865e+06 681160
 2.02403e+06 1.26895e+06 568501 327325 306653 435839 637870 364239 315295 174978 100986 228609 251977 225402 113786 118182 463733 387199 966182 769447 1.00355e+06 989351 931161 749886 977119 783515 646358 698375 1.09174e+06 694304
 2.05137e+06 1.2935e+06 580494 334919 315938 450374 656548 380234 331247 184943 106237 231848 248766 228343 114346 115937 481026 396998 973446 766845 1.02083e+06 1.00606e+06 955339 772908 993573 799092 665413 711725 1.10363e+06 698268
 2.13121e+06 1.33884e+06 603152 344357 319549 457543 682994 409955 345653 194571 111914 240162 254772 235032 117608 118542 488952 401400 991627 789101 1.03784e+06 1.03196e+06 977881 793486 1.0289e+06 848218 703861 740208 1.1311e+06 720516
 2.08003e+06 1.32967e+06 598467 345521 321864 459416 689999 409736 345539 187558 108463 245566 249203 235015 118027 116990 478864 388926 984256 786722 1.01068e+06 993856 946786 775246 1.01915e+06 847923 705057 747636 1.11683e+06 711173
 2.07967e+06 1.3314e+06 599042 345745 314739 470845 711503 420151 345661 182057 102637 245719 246681 234686 120348 115714 489156 391195 973647 767071 995540 981297 961949 804312 1.03938e+06 866295 714075 742456 1.12672e+06 714614
 2.14362e+06 1.36435e+06 614698 351213 320904 466849 710253 430221 360797 191520 104349 251550 254382 237968 124270 124603 493479 399375 1.00647e+06 770022 1.01368e+06 982405 955304 796251 1.05161e+06 869271 726249 745893 1.12696e+06 711262
 2.12485e+06 1.34985e+06 607550 348573 329629 454885 691061 411200 346160 179280 101130 250202 243792 231404 119798 116652 504400 403992 1.00366e+06 772678 1.00886e+06 965398 925612 774678 1.03905e+06 866497 717399 738728 1.10555e+06 700314
 2.11832e+06 1.37448e+06 622135 358982 348005 472037 692290 421202 351095 186276 105833 256543 260133 238615 120229 124609 508314 414342 1.03632e+06 779472 1.01754e+06 996331 957918 795507 1.07463e+06 893575 741605 751828 1.12334e+06 719521
 2.06214e+06 1.33508e+06 608621 349998 342538 468789 700273 427136 352002 184454 105849 252157 254839 233728 120665 119159 492232 397780 1.01112e+06 761889 997865 961622 946466 805061 1.0671e+06 897785 744543 742202 1.11335e+06 716313
 2.13446e+06 1.36524e+06 617369 354078 351910 481270 728820 442778 370400 194773 109826 256820 252011 229604 118059 120862 497254 403676 1.00948e+06 749209 1.01857e+06 970543 967007 812673 1.04167e+06 888544 734505 744264 1.10265e+06 707268
 2.11867e+06 1.34348e+06 603641 348052 334938 465366 700050 419901 350199 184119 107299 255463 255276 227889 113423 115487 496905 400882 983131 734187 978793 951244 950922 785914 1.02623e+06 877350 721695 741950 1.09593e+06 700490
 2.05685e+06 1.32463e+06 595076 343567 322070 453284 685292 405983 342072 181819 103537 249522 247270 228148 114529 113755 500311 401673 982348 752288 966754 959650 958229 788396 1.04795e+06 906060 738871 749125 1.09455e+06 706972
 2.11115e+06 1.35108e+06 600567 347587 329268 462606 689913 412157 348503 178832 100180 254124 251522 228841 112585 116515 503174 396916 986617 767916 1.00955e+06 986283 980819 796926 1.05758e+06 921171 743583 765279 1.11217e+06 716776
 2.16855e+06 1.36692e+06 608991 351061 345777 473400 685686 423568 364652 185100 100675 262445 260494 228498 110886 118245 499774 388223 975403 762229 1.01058e+06 983852 979796 796649 1.06237e+06 931282 746113 792229 1.104e+06 709075
 2.16472e+06 1.37009e+06 609232 349551 344172 467111 647296 410104 361004 185124 96052.5 255297 255955 225923 115819 117006 508019 388566 965623 740948 1.01367e+06 989843 970736 791832 1.0674e+06 903882 732955 798102 1.11246e+06 722076
 2.16053e+06 1.35958e+06 605879 351772 345049 466025 653065 414093 356814 182267 97409.3 254622 253543 228300 116219 119599 507677 394857 957001 763725 1.03018e+06 1.00394e+06 979172 802579 1.07159e+06 904108 735596 804321 1.11471e+06 720446
 2.24334e+06 1.40117e+06 625583 365734 355719 473181 658290 411057 361111 186562 100849 262853 261431 237400 121794 127045 533141 418360 1.00007e+06 815761 1.06334e+06 1.03575e+06 1.01638e+06 839756 1.11884e+06 950383 774963 836755 1.15201e+06 746611
 2.17791e+06 1.3766e+06 613774 360042 353636 468770 636957 401560 350612 183296 96968.1 267269 262408 237448 120941 123465 522088 410313 958518 801472 1.02817e+06 1.01203e+06 988514 823810 1.10184e+06 944503 771677 829022 1.14254e+06 739980
 2.13786e+06 1.35473e+06 606862 353019 346953 449845 615525 374901 336409 179773 96739.6 265980 267491 237696 120581 121947 506284 392680 942287 800170 1.01925e+06 1.01019e+06 956362 798510 1.08454e+06 943683 772576 824262 1.11892e+06 724528
 2.05348e+06 1.32607e+06 596324 346374 334057 416928 572805 342913 312575 171593 93075.2 264420 267625 231262 118592 123222 506644 391020 947326 799726 1.00112e+06 984152 956603 811807 1.09731e+06 954600 790721 836229 1.12022e+06 730148
 1.99556e+06 1.32353e+06 598623 343347 320213 406044 564697 345391 322592 182173 102557 264370 273377 240573 126701 123688 500445 376224 936041 788074 993710 985053 957293 830492 1.10017e+06 965097 797832 816018 1.12331e+06 739823
 1.95427e+06 1.31188e+06 591485 339311 312468 405731 552320 341205 323034 181920 103074 257563 269473 241951 127355 125837 496563 375374 921197 778431 990597 976656 951579 827297 1.11315e+06 973164 796566 801436 1.10067e+06 720399
 2.05117e+06 1.34815e+06 603109 346382 315628 393772 551488 340045 326460 189122 108471 260136 271001 241465 131667 128229 514164 389158 954469 803502 1.00768e+06 991655 963427 830643 1.14667e+06 1.00402e+06 830265 823620 1.13273e+06 740175
 2.06341e+06 1.34596e+06 601201 345777 313423 399966 553940 334953 320773 181906 104190 262812 270400 240682 131087 129348 517886 395342 964802 829179 1.01322e+06 981395 953615 826081 1.15971e+06 1.01177e+06 823945 821829 1.12724e+06 738522
 2.11386e+06 1.35788e+06 603235 343193 308845 391217 550287 336806 321675 183583 105523 255785 265090 241609 132277 129198 516372 393644 962261 820997 1.00031e+06 974439 945862 814391 1.16666e+06 1.00883e+06 823519 821805 1.13014e+06 741377
 2.09732e+06 1.3495e+06 599546 348741 320451 397910 547073 330771 314660 181932 104195 254211 263422 243773 131368 130485 519146 394451 973709 830396 985139 977653 943071 819920 1.18343e+06 1.02857e+06 834557 837038 1.13844e+06 749218
 2.14582e+06 1.363e+06 595456 346721 309678 407402 568688 352536 331415 186523 100611 243967 264309 242742 127523 125509 505057 381221 935141 806727 972667 948697 914791 801333 1.16308e+06 1.03274e+06 827810 820428 1.08563e+06 706692
 2.12941e+06 1.34148e+06 584981 338126 312529 395999 565380 355747 326565 183260 98718 238169 261954 245595 129006 124326 490603 365345 929167 791618 943868 919101 882569 780475 1.15449e+06 1.02672e+06 810986 796096 1.08036e+06 701343
 2.23746e+06 1.37554e+06 594246 339806 312622 390251 568544 357856 327247 180887 98110.9 238501 258527 247994 129426 128962 502250 372663 930313 789699 960531 939352 882189 776730 1.17642e+06 1.04193e+06 821666 800935 1.10684e+06 718605
 2.31112e+06 1.40951e+06 613635 346857 316424 403046 581993 369025 331914 187151 102999 242598 263758 248275 132122 138850 519497 394397 973700 825025 995113 954322 901147 801133 1.2299e+06 1.09263e+06 858968 832128 1.14381e+06 743426
 2.24626e+06 1.38149e+06 603261 339808 302947 407234 585974 373011 330605 186377 100489 245687 261906 246467 128898 132905 511932 382519 963338 802505 972311 944024 905646 793852 1.21428e+06 1.07736e+06 844431 826568 1.12836e+06 729862
 2.15513e+06 1.35393e+06 592445 336479 309176 415624 590988 372612 324780 182743 97686 245868 260042 240969 130950 134091 514994 384740 959529 780401 959925 915791 884075 768154 1.1937e+06 1.05612e+06 828880 819909 1.10987e+06 711726
 2.20618e+06 1.37915e+06 603438 345429 306086 403395 582309 372469 322554 181237 99230.8 247631 267871 246258 135356 136517 517647 382959 960084 776972 949742 921374 891266 771791 1.20865e+06 1.06825e+06 845613 830545 1.1277e+06 728762
 2.23619e+06 1.36822e+06 599855 342028 297405 390792 564111 359977 314553 176374 96563.1 251333 266970 237828 133549 136690 505289 374878 946315 781494 921068 911825 895117 766782 1.18572e+06 1.03444e+06 814174 835921 1.1261e+06 721624
 2.33934e+06 1.42118e+06 618763 354270 299557 394493 580221 375946 328240 184305 102452 263285 280255 244892 135974 142726 524974 395823 985468 802755 951025 958327 931898 800555 1.22852e+06 1.06446e+06 842107 854255 1.15486e+06 741444
 2.27646e+06 1.4119e+06 621440 354751 294892 392911 582495 375038 330868 185619 102368 264186 282083 243533 135450 142027 528554 402244 987359 805919 960571 964554 943258 808567 1.23873e+06 1.07099e+06 841434 852840 1.15566e+06 739429
 2.33154e+06 1.4207e+06 622477 360943 293928 383493 576781 371576 332095 184718 100425 270570 286303 250462 137101 151632 544129 415183 994868 818721 976417 982992 949463 818082 1.24499e+06 1.08132e+06 847526 857928 1.16026e+06 740462
