 0.282982 0.22215 0.252174 0.269582 0.218151 0.228656 0.28727 0.347752 0.467756 0.497273 0.54449 0.625831 0.496837 0.600479 0.908331 0.879381 0.949188 1.11721 1.25443 1.32382
 0.281516 0.231403 0.301705 0.281989 0.227113 0.269632 0.298109 0.298934 0.353559 0.503097 0.56052 0.561187 0.503832 0.492344 0.472274 0.539796 0.468456 0.492489 0.888028 1.10739
 0.271076 0.145576 0.136629 0.271979 0.464649 0.676028 1.05149 1.15544 1.11403 1.08882 0.856266 0.758276 0.849278 1.14137 1.02301 0.924327 0.840179 0.860803 0.686879 0.672566
 0.308496 0.325001 0.339499 0.342773 0.364704 0.418034 0.398516 0.386237 0.48049 0.397995 0.372596 0.413597 0.497539 0.508848 0.639828 1.01055 1.0982 0.973801 1.2062 1.20198
 0.323068 0.388835 0.378404 0.431481 0.543467 0.448422 0.408441 0.375807 0.39178 0.353294 0.348457 0.430027 0.60688 0.672174 0.816849 0.833702 0.909024 0.671728 0.443551 0.338157
 0.312764 0.350329 0.464126 0.669557 0.79936 0.7171 0.650041 0.636532 0.466519 0.387076 0.540132 0.504182 0.593524 0.699592 0.695218 0.609303 0.766541 1.09335 1.13059 1.07411
 0.261405 0.209337 0.27166 0.294306 0.356645 0.285647 0.271638 0.340744 0.433713 0.418608 0.403718 0.287323 0.338418 0.322734 0.318215 0.31316 0.242625 0.232335 0.307577 0.341703
 0.268378 0.253336 0.411386 0.678006 0.591296 0.659033 0.674498 0.867122 1.03438 1.18836 1.55483 1.89699 1.95764 1.64037 1.66563 1.18755 0.851699 0.713906 0.694031 0.913354
 0.302145 0.515739 0.694437 0.647423 0.597226 0.58084 0.625268 0.639228 0.670234 0.827391 0.565355 0.369123 0.355736 0.568127 0.630255 0.631653 0.509659 0.539919 0.529075 0.539467
 0.299736 0.347095 0.544825 0.795557 0.806076 0.808229 0.734604 0.724563 0.864714 0.710704 0.546461 0.438758 0.352082 0.313032 0.239188 0.120245 0.121907 0.125193 0.134157 0.253748
 0.321792 0.168492 0.12236 0.115849 0.147214 0.208184 0.2808 0.339453 0.429339 0.572439 0.611373 0.533167 0.47095 0.605412 0.731049 0.882123 1.27796 1.23791 0.896475 0.631754
 0.257526 0.20458 0.215584 0.255899 0.282999 0.363329 0.417747 0.482751 0.562228 0.685224 0.661748 0.370182 0.2207 0.139278 0.0651247 0.0280867 0.0311146 0.0412481 0.0579926 0.0654552
 0.301806 0.177633 0.174822 0.185656 0.197987 0.172123 0.217671 0.32852 0.527632 0.68899 0.829905 1.04206 1.01741 0.84007 0.928505 0.717939 0.642898 0.656503 0.501266 0.46738
 0.262273 0.212674 0.24758 0.238026 0.276017 0.324921 0.345947 0.356425 0.314219 0.448851 0.55952 0.876435 1.12132 1.14772 1.13944 0.938901 0.863234 0.789872 0.545084 0.356984
 0.287881 0.238204 0.282616 0.547405 0.600848 0.748882 0.839821 0.923217 1.18525 1.07963 0.867197 0.724434 0.798455 0.704295 0.68885 0.608617 0.699135 0.814885 0.611906 0.535951
 0.318856 0.416236 0.589595 0.661278 0.60827 0.430133 0.347986 0.477021 0.501467 0.508223 0.802192 1.00468 0.916124 1.46783 1.48206 1.01596 0.818777 0.88413 0.93733 0.594238
 0.303611 0.287367 0.437737 0.439189 0.503186 0.872744 1.10543 1.18181 1.26357 1.01836 0.816604 0.888234 0.954258 0.749058 0.71764 0.816555 0.635004 0.524808 0.531015 0.569017
 0.313948 0.328401 0.226614 0.193173 0.221351 0.26125 0.389639 0.418742 0.455316 0.443021 0.447369 0.389012 0.553516 0.816214 0.854163 0.802157 0.944861 0.808569 0.527235 0.392605
 0.30474 0.310181 0.289499 0.331729 0.330312 0.472599 0.60509 0.698422 0.611005 0.676146 0.757702 0.615509 0.68519 1.20543 1.07405 0.732879 0.653153 0.56043 0.633728 0.605181
 0.287599 0.302364 0.236791 0.180818 0.186193 0.317159 0.584577 0.571335 0.494419 0.548006 0.73718 1.04686 1.20938 1.44849 1.36635 0.968626 0.767772 0.905472 0.961694 0.836927
 0.2352 0.157019 0.164072 0.227177 0.363671 0.54925 0.557118 0.692078 0.641217 0.57658 0.541789 0.498567 0.400174 0.275646 0.200074 0.224207 0.471385 0.773458 0.91776 1.33942
 0.309434 0.36842 0.515615 0.857931 0.841487 0.811969 0.927752 0.981192 0.875027 0.559636 0.444347 0.487153 0.794522 1.17906 1.19992 1.0658 1.17813 0.930103 0.579758 0.38282
 0.281988 0.353278 0.550076 0.523192 0.662037 0.733837 0.668366 0.845631 0.804888 0.615249 0.402802 0.32445 0.294397 0.267728 0.263171 0.348841 0.333545 0.408629 0.536296 0.606027
 0.307784 0.304674 0.316806 0.454043 0.544849 0.610259 0.558113 0.54826 0.437428 0.411666 0.395578 0.409762 0.45943 0.43555 0.453473 0.577308 0.72712 0.676696 0.883272 1.09688
 0.32719 0.306569 0.323069 0.50756 0.652899 0.748649 0.946079 0.930537 1.08049 1.00492 0.926254 0.922668 0.693432 0.601151 0.784795 0.873197 1.02392 0.856504 0.656254 0.996337
 0.319538 0.19755 0.151695 0.196808 0.22363 0.20962 0.232464 0.288846 0.359385 0.304238 0.29625 0.369457 0.496492 0.667303 0.871952 0.926228 0.833193 0.841913 0.685621 0.5045
 0.28049 0.358642 0.370631 0.362472 0.405545 0.382179 0.561292 0.570224 0.409257 0.45187 0.534957 0.425825 0.390048 0.543488 0.61552 0.559284 0.484459 0.492724 0.399221 0.382741
 0.295635 0.251022 0.21497 0.287046 0.348384 0.377253 0.386592 0.489589 0.625526 0.617378 0.838243 0.906578 0.798385 0.659052 0.721489 0.599874 0.561409 0.649863 0.721113 0.880547
 0.255469 0.200365 0.288701 0.436263 0.568739 0.578827 0.569889 0.794362 0.666518 0.487645 0.523611 0.578674 0.620045 0.651255 0.57476 0.539322 0.542882 0.691502 0.798586 0.706967
 0.313858 0.438963 0.539404 0.645891 0.61237 0.545593 0.518017 0.310802 0.256895 0.313914 0.305516 0.280477 0.26967 0.380614 0.632036 0.676244 0.674568 0.479123 0.366531 0.492928
 0.313407 0.35936 0.605175 0.744795 0.623534 0.696025 0.786654 0.690146 0.670312 0.968576 0.842055 0.859649 0.73087 0.865325 0.70277 0.92298 1.08904 0.998902 0.900931 0.913736
 0.299466 0.22657 0.181789 0.148298 0.112666 0.121288 0.137204 0.151444 0.179156 0.188563 0.212184 0.296218 0.431215 0.454691 0.499983 0.488461 0.401962 0.399331 0.551798 0.483573
 0.275234 0.27838 0.348789 0.307124 0.221789 0.258315 0.281478 0.237374 0.268923 0.342632 0.324297 0.314418 0.432508 0.682171 0.89571 1.06072 1.32597 1.30625 1.03294 0.951554
 0.302858 0.324632 0.356753 0.397082 0.32255 0.276117 0.185239 0.16061 0.174432 0.178524 0.255031 0.328927 0.465 0.749834 0.726863 0.734111 0.785664 0.787212 0.949742 0.911775
 0.252614 0.193801 0.240577 0.252129 0.282766 0.417084 0.379277 0.394647 0.514087 0.440458 0.322224 0.309981 0.303424 0.393762 0.572909 0.63715 0.529938 0.513822 0.311248 0.194536
 0.287491 0.258795 0.401291 0.497596 0.623925 0.78802 0.849442 1.17579 1.2491 0.953318 0.947088 1.00613 1.18864 1.08557 0.983068 0.937715 0.753045 0.444152 0.305389 0.25357
 0.291382 0.285222 0.520576 0.589506 0.797673 0.939255 1.16184 1.55834 1.34422 1.41721 1.45248 1.1338 1.23655 1.14902 0.853077 0.752934 0.492055 0.400827 0.401539 0.376782
 0.315652 0.427942 0.369794 0.353661 0.454143 0.494618 0.837447 1.33298 1.45825 1.41217 1.16427 0.98103 0.693725 0.468961 0.441128 0.435952 0.422874 0.45612 0.37892 0.521148
 0.29394 0.220505 0.248667 0.244448 0.256767 0.23746 0.183145 0.186868 0.202318 0.201185 0.265018 0.251314 0.316926 0.455376 0.511808 0.595639 0.516847 0.500342 0.516931 0.529152
 0.298339 0.301326 0.464791 0.468433 0.376332 0.412218 0.474062 0.467439 0.408261 0.372261 0.500714 0.483707 0.53515 0.628964 0.78894 0.881797 0.738904 0.678971 0.981581 1.90049
 0.258212 0.223442 0.263897 0.204292 0.214536 0.311195 0.349079 0.41408 0.498028 0.467201 0.358904 0.366617 0.543367 0.433546 0.331738 0.232485 0.13048 0.0966832 0.122397 0.224763
 0.282648 0.356677 0.413553 0.475393 0.544195 0.602998 0.592383 0.511081 0.457945 0.766844 0.816527 0.805404 0.722271 0.680245 0.72061 0.641482 0.590601 0.797393 0.86796 0.818791
 0.308107 0.258151 0.163466 0.198553 0.218531 0.252617 0.304831 0.399501 0.447759 0.483574 0.884787 1.04581 1.16637 1.21844 0.907979 0.602269 0.501749 0.36724 0.301779 0.237814
 0.283983 0.218778 0.217098 0.255747 0.313387 0.359509 0.338262 0.373329 0.371869 0.59022 0.691556 0.83311 0.897748 1.03224 1.1156 0.966115 1.04201 0.887978 0.921836 0.967012
 0.262284 0.301489 0.397005 0.39386 0.54 0.528301 0.453043 0.402775 0.298221 0.327401 0.427342 0.598781 0.814458 0.986846 1.15168 1.00995 0.801956 0.850185 0.778956 0.720926
 0.296883 0.281544 0.34732 0.456142 0.476851 0.457376 0.46815 0.411103 0.336932 0.334895 0.462069 0.500617 0.448194 0.605754 0.75167 0.846554 0.717497 0.678824 0.754471 0.657726
 0.294542 0.263661 0.241668 0.313848 0.413794 0.506322 0.54189 0.596102 0.657824 0.728504 0.717217 1.051 1.3177 1.30515 1.32094 1.0852 0.996886 0.853403 0.58125 0.559047
 0.288555 0.224141 0.233126 0.413062 0.542587 0.85384 0.793381 0.628512 0.78962 0.681013 0.536758 0.499899 0.625169 0.591188 0.555204 0.50218 0.44219 0.431475 0.374035 0.442916
 0.243425 0.207008 0.316376 0.435864 0.458602 0.578768 0.637371 0.728666 0.998516 0.957477 0.871894 0.732827 0.584777 0.43228 0.276911 0.255076 0.358466 0.576073 0.584857 0.674055
 0.273173 0.233005 0.282309 0.314514 0.441081 0.75552 0.88115 0.715154 0.751924 0.66442 0.677833 0.507425 0.332024 0.315477 0.328947 0.281356 0.40556 0.440132 0.567165 0.608602
 0.297736 0.147076 0.112618 0.0909821 0.0966246 0.131537 0.279961 0.330265 0.375356 0.50426 0.643724 0.67678 0.849402 1.12977 1.10558 0.940496 0.990462 1.34702 1.25366 1.02723
 0.251177 0.212433 0.189018 0.12596 0.174772 0.248249 0.315041 0.577754 0.539204 0.562758 0.783901 0.757897 0.799144 0.643444 0.564303 0.521207 0.433562 0.298261 0.186292 0.191547
 0.26313 0.161889 0.16107 0.137852 0.148301 0.2394 0.314899 0.334976 0.391898 0.503046 0.628524 0.688417 0.626444 0.590791 0.543647 0.492893 0.444861 0.542134 0.605265 0.703419
 0.267911 0.163276 0.118319 0.126773 0.156764 0.218028 0.34978 0.417973 0.597395 0.644484 0.753544 0.742314 0.761067 0.671301 0.636386 0.574153 0.633719 0.670009 0.686974 0.551166
 0.308585 0.21598 0.174464 0.196547 0.214387 0.241561 0.280526 0.292323 0.428859 0.702738 0.755303 0.724349 0.679178 0.784594 0.738951 0.717321 0.609826 0.595802 0.491205 0.429833
 0.289639 0.282736 0.344591 0.413246 0.512992 0.67741 0.732271 0.654614 0.759632 1.00495 1.36556 1.11952 0.884871 0.819938 0.741368 0.612103 0.611937 0.643391 0.770031 0.981687
 0.300085 0.281192 0.239868 0.244414 0.173687 0.127883 0.125455 0.143115 0.151332 0.194346 0.299222 0.45011 0.482771 0.598608 0.784705 0.803341 0.722437 0.543769 0.546978 0.480877
 0.24733 0.152986 0.154151 0.148495 0.18156 0.322086 0.544395 0.64859 0.524115 0.512919 0.594352 0.545519 0.60231 0.49326 0.416496 0.417647 0.541438 0.482017 0.51941 0.493715
 0.258349 0.325225 0.312123 0.348876 0.462249 0.439524 0.442668 0.480748 0.735367 0.911577 1.25251 1.28701 1.14504 1.00452 0.956194 0.840141 0.825268 0.781006 0.583487 0.732109
 0.265504 0.207535 0.264194 0.240553 0.243415 0.350847 0.351693 0.280278 0.244673 0.322926 0.390579 0.366407 0.316632 0.226141 0.216828 0.255684 0.271764 0.321067 0.427179 0.479548
 0.328818 0.388037 0.308955 0.295419 0.316309 0.3654 0.492459 0.550269 0.700361 0.75529 0.665168 0.729658 1.0001 1.11131 0.847667 0.681929 0.675875 0.622354 0.465428 0.375966
 0.313994 0.358539 0.296675 0.285282 0.365857 0.338611 0.425661 0.670381 0.607934 0.557618 0.566279 0.572544 0.714541 0.744345 0.69196 0.620868 0.492193 0.417506 0.381334 0.458938
 0.260795 0.204309 0.178318 0.182677 0.232703 0.437214 0.611318 0.573645 0.611778 0.744946 0.783984 0.554041 0.468121 0.539617 0.53377 0.499594 0.51304 0.461954 0.37712 0.46359
 0.261278 0.146753 0.143165 0.186616 0.269684 0.431027 0.550474 0.525093 0.671804 0.55575 0.543288 0.643705 0.516951 0.430708 0.370945 0.292816 0.27254 0.2586 0.24172 0.258876
 0.269537 0.205332 0.255163 0.201567 0.200276 0.380384 0.576386 0.609014 0.640006 0.787773 1.01845 1.01447 0.880146 0.869278 0.843293 0.682801 0.732188 0.612017 0.650241 0.74908
 0.209896 0.119254 0.160518 0.271643 0.243418 0.19892 0.219933 0.275126 0.356572 0.609326 0.735932 0.833181 0.943457 0.792379 0.649772 0.418103 0.322674 0.396478 0.391304 0.504037
 0.291397 0.228259 0.236446 0.292129 0.428648 0.486964 0.529376 0.660172 0.800511 0.71192 0.520038 0.479891 0.451187 0.409291 0.485255 0.465111 0.407571 0.444075 0.580134 0.485643
 0.301783 0.256615 0.323251 0.302754 0.327015 0.489282 0.573757 0.639605 0.618672 0.557898 0.435425 0.328018 0.424656 0.55839 0.620317 0.586011 0.473123 0.454069 0.413493 0.378603
 0.316136 0.208546 0.161913 0.184277 0.189731 0.206036 0.272936 0.314986 0.484515 0.573093 0.557071 0.801357 0.809982 0.814059 0.817028 0.734822 0.871218 1.00289 1.01048 1.21051
 0.331034 0.263805 0.272328 0.379097 0.523784 0.681221 0.972255 1.03028 0.873473 0.633568 0.477705 0.358912 0.263378 0.17496 0.137174 0.157605 0.319764 0.411131 0.451402 0.580044
 0.28528 0.202498 0.197384 0.197144 0.216132 0.331817 0.394094 0.489975 0.498706 0.517289 0.675958 0.662007 0.734132 0.900589 1.38947 1.33585 1.3561 1.16856 1.13603 1.29154
 0.252011 0.137163 0.145303 0.226219 0.288756 0.281481 0.287984 0.323875 0.351373 0.343797 0.553299 0.768405 0.873806 1.26287 1.19697 1.78716 1.82039 1.34531 1.0199 1.08099
 0.306457 0.275283 0.214109 0.188805 0.169378 0.248266 0.52764 0.564783 0.464926 0.454823 0.558609 0.568566 0.440151 0.477996 0.460545 0.57289 0.533673 0.43059 0.46899 0.56008
 0.220992 0.162815 0.193259 0.198961 0.211937 0.21631 0.242717 0.261812 0.379714 0.363313 0.268017 0.240181 0.307627 0.409717 0.48548 0.526802 0.575038 0.655744 0.72458 0.876784
 0.266239 0.156479 0.144723 0.257361 0.300325 0.370499 0.423457 0.512475 0.539926 0.439341 0.268887 0.251869 0.278515 0.340268 0.626125 0.706822 0.701344 0.653069 0.584304 0.532273
 0.252229 0.151937 0.116095 0.0881685 0.0851738 0.147557 0.223176 0.355486 0.524844 0.865613 0.840107 1.04514 1.25505 1.05767 0.910188 0.889185 1.01938 0.866641 0.794397 0.900372
 0.307329 0.329755 0.413381 0.491172 0.59788 0.62657 0.637749 0.650037 0.509157 0.465642 0.467943 0.528495 0.907071 1.11969 1.08403 0.789798 0.684934 0.790085 0.647295 0.564056
 0.279542 0.26233 0.265974 0.216203 0.265707 0.272885 0.318899 0.432029 0.567188 0.640426 0.802871 0.929354 0.772403 0.571561 0.402865 0.314448 0.344735 0.433189 0.451905 0.369987
 0.243889 0.128459 0.150119 0.211869 0.274311 0.275581 0.298083 0.37899 0.36732 0.338507 0.421333 0.430483 0.436664 0.383392 0.256269 0.228235 0.332944 0.36834 0.302841 0.303493
 0.293242 0.279435 0.417328 0.443729 0.490623 0.447069 0.442339 0.550809 0.567098 0.675766 0.595943 0.558604 0.604727 0.461446 0.381932 0.469902 0.436741 0.413108 0.385095 0.363628
 0.253619 0.161303 0.161254 0.142289 0.125929 0.133357 0.176815 0.211565 0.269144 0.386088 0.408219 0.456393 0.436492 0.362475 0.382822 0.395877 0.592221 0.77131 1.02263 1.16442
 0.293874 0.272126 0.216097 0.199107 0.214575 0.302544 0.351647 0.410102 0.537795 0.519903 0.630119 0.844674 0.828732 0.907036 0.810861 0.691137 0.622846 0.786813 1.08559 0.812056
 0.268533 0.21222 0.187456 0.171011 0.244326 0.337167 0.383024 0.339032 0.317722 0.303137 0.522595 0.532488 0.471785 0.499811 0.466763 0.474107 0.383139 0.370921 0.427069 0.372303
 0.319098 0.213978 0.158457 0.135947 0.122906 0.135623 0.245451 0.408977 0.522043 0.738421 0.95343 0.981359 1.21172 1.30795 1.26558 1.1915 1.11704 1.45473 1.1489 0.751011
 0.291203 0.198137 0.176745 0.266523 0.38247 0.757198 1.20797 1.27305 1.49395 1.19878 1.11596 0.952697 0.892547 0.84586 0.810891 0.524727 0.611991 0.765806 0.864769 1.24377
 0.286378 0.248162 0.228979 0.24656 0.224865 0.25587 0.248143 0.196095 0.219962 0.31204 0.265537 0.238915 0.225759 0.242802 0.312811 0.359914 0.350545 0.370534 0.354859 0.316001
 0.256585 0.198821 0.22255 0.28906 0.318422 0.482597 0.670617 0.838421 1.00457 0.988854 0.923096 0.805407 0.805557 0.773913 1.00933 1.12914 0.937866 1.08376 1.14085 0.96813
 0.276308 0.194964 0.148447 0.125957 0.0803475 0.0495859 0.0626448 0.0902241 0.157485 0.184276 0.190692 0.214945 0.212893 0.282187 0.452528 0.678495 0.7456 0.677325 0.484688 0.34762
 0.323858 0.225623 0.195977 0.309123 0.62808 0.594035 0.541991 0.543523 0.494169 0.457159 0.517652 0.496184 0.466937 0.47659 0.516152 0.531872 0.550418 0.816008 0.726442 0.841259
 0.26782 0.155274 0.16507 0.188717 0.175214 0.141373 0.248061 0.29472 0.282226 0.324688 0.312189 0.455799 0.530525 0.554738 0.506471 0.533214 0.499845 0.664187 0.602459 0.573852
 0.263998 0.242279 0.334898 0.623064 0.886233 0.75945 0.75129 0.78535 0.53729 0.347684 0.236244 0.163177 0.195772 0.211393 0.202676 0.266774 0.321259 0.377427 0.437042 0.574012
 0.274942 0.163338 0.102612 0.0945168 0.104235 0.186643 0.274707 0.334713 0.416483 0.592524 0.855504 0.89213 0.745067 0.581973 0.565365 0.641019 0.787568 0.741934 0.840046 0.692526
 0.2737 0.217043 0.301245 0.32354 0.363776 0.434844 0.87266 1.06171 0.938156 1.16376 1.01035 1.16815 1.1929 0.999568 0.849559 0.770216 0.900076 1.00916 0.802589 0.591756
 0.305137 0.19374 0.126876 0.123489 0.126204 0.195795 0.235123 0.276996 0.341639 0.375402 0.427726 0.561922 0.545587 0.556495 0.765322 0.840389 0.705284 0.813772 0.989398 0.63019
 0.263733 0.222494 0.264211 0.382973 0.419683 0.4486 0.597459 0.772637 0.926388 1.2036 1.03001 0.902295 0.759311 0.67839 0.696609 0.643658 0.706361 1.00777 0.875199 0.7161
 0.24415 0.172096 0.240946 0.394661 0.479038 0.350927 0.343599 0.560417 1.11303 1.15216 1.11307 0.890154 0.874793 0.823182 0.576909 0.509619 0.409266 0.33644 0.317313 0.376451
 0.25685 0.15968 0.140678 0.237375 0.24979 0.220444 0.314269 0.398133 0.409002 0.379572 0.395861 0.461979 0.548404 0.667589 0.577159 0.624662 0.671711 0.983798 0.954923 0.961078
 0.220028 0.140518 0.181103 0.207308 0.226322 0.293552 0.332625 0.455688 0.456011 0.535028 0.611399 0.914419 1.05109 1.31106 1.30429 1.12197 1.19108 1.08222 0.854154 0.636367
 0.308268 0.294719 0.302406 0.288581 0.315942 0.273968 0.288611 0.302127 0.246934 0.213175 0.212285 0.257099 0.260207 0.268402 0.293867 0.367435 0.365479 0.388123 0.495043 0.525076
 0.238537 0.112088 0.120561 0.138302 0.129785 0.158391 0.300347 0.411574 0.423954 0.643366 0.973739 0.999268 0.97697 1.12393 1.65486 1.74238 1.25761 0.867782 0.683951 0.587904
 0.245985 0.174204 0.194483 0.214099 0.28714 0.267112 0.27283 0.40657 0.491359 0.575927 0.837082 0.837887 0.885342 0.72108 0.562645 0.408961 0.42703 0.367529 0.266729 0.187476
 0.286377 0.268625 0.346827 0.440319 0.461451 0.391481 0.468427 0.538127 0.492644 0.415157 0.305226 0.324151 0.391394 0.401036 0.397697 0.419849 0.620943 0.701017 0.5803 0.612613
 0.226946 0.0597508 0.0337527 0.0191188 0.00712475 0.0132102 0.00670374 0.0062092 0.00633562 0.00572598 0.00765866 0.00860696 0.0138004 0.0227107 0.0230068 0.0309552 0.0655469 0.0821577 0.106971 0.208443
 0.232298 0.0964063 0.0359042 0.00434117 4.76487e-06 2.23911e-06 7.57991e-07 2.33917e-07 1.20559e-07 4.42927e-08 3.58985e-08 3.25286e-08 3.13317e-08 2.11136e-08 8.14592e-09 5.4506e-09 3.96707e-09 2.1661e-09 2.12839e-09 1.55225e-09
 0.227623 0.10913 0.107851 0.12918 0.17027 0.245339 0.265495 0.346104 0.455034 0.603303 0.575807 0.567945 0.686874 0.814729 1.11138 1.19572 1.1866 1.29473 0.820809 0.398591
 0.306941 0.179188 0.139104 0.13269 0.105282 0.0882915 0.0736791 0.105497 0.0837452 0.086727 0.0865966 0.124948 0.120825 0.125534 0.187494 0.242198 0.324845 0.380981 0.530922 0.634455
 0.230608 0.132782 0.0989407 0.0923042 0.0819235 0.0799611 0.146406 0.189866 0.230734 0.293936 0.377538 0.374816 0.340443 0.337749 0.438007 0.508037 0.854596 1.13274 1.01907 1.04753
 0.248488 0.1419 0.143823 0.135754 0.133207 0.178857 0.16569 0.171745 0.188012 0.213765 0.265911 0.51064 0.442242 0.316463 0.330281 0.449476 0.551529 0.630246 0.787923 0.77169
 0.30125 0.20661 0.16768 0.13714 0.18977 0.282259 0.325729 0.341271 0.364839 0.568671 0.582766 0.576214 0.517775 0.589169 0.724664 0.671898 0.732835 0.828069 0.774021 0.6438
 0.271078 0.237036 0.185742 0.169503 0.289571 0.354185 0.497691 0.722078 0.930839 0.967517 0.93674 1.09977 0.878891 1.04478 1.25685 1.05499 1.01116 1.26696 1.53188 1.08326
 0.280115 0.217867 0.203533 0.230383 0.398692 0.64388 0.483141 0.606129 0.722475 0.854659 0.69168 0.626229 0.815895 0.66169 0.583051 0.553011 0.543512 0.577487 0.614752 0.426989
 0.29426 0.247258 0.236384 0.222112 0.302846 0.372976 0.580867 0.778142 0.775849 0.809389 0.662202 0.610187 0.755683 0.684089 0.544189 0.631969 0.618571 0.568168 0.518162 0.495096
 0.256459 0.144085 0.120664 0.0931868 0.0791477 0.185031 0.204887 0.256398 0.290776 0.297065 0.329147 0.458253 0.605295 0.657215 0.525026 0.719097 1.02015 1.33421 1.38475 1.48118
 0.239628 0.172893 0.175144 0.178384 0.184881 0.166698 0.273437 0.393349 0.620595 0.615907 0.588504 0.57093 0.581485 0.685468 0.546683 0.487155 0.686896 0.805875 0.897949 0.833507
 0.278554 0.156024 0.109971 0.133084 0.0912467 0.0834484 0.0961212 0.150236 0.200279 0.202864 0.177865 0.114283 0.113528 0.181555 0.230365 0.285146 0.269628 0.399822 0.453989 0.592739
 0.284483 0.182077 0.128021 0.0966571 0.0789468 0.106591 0.129689 0.218816 0.321528 0.342528 0.559529 0.77326 0.709433 0.635609 0.555768 0.47472 0.6119 0.704153 0.911495 0.906233
 0.260528 0.173132 0.225992 0.306096 0.355242 0.388133 0.437005 0.67308 0.939522 0.999178 1.36874 1.36253 1.07534 0.838873 0.740348 0.907483 0.899283 1.00193 1.22516 1.19581
 0.245218 0.129457 0.0924341 0.0767562 0.102428 0.0967623 0.107155 0.20593 0.358295 0.427149 0.396098 0.302342 0.26937 0.323637 0.339663 0.277244 0.249183 0.265481 0.275317 0.419017
 0.267781 0.193307 0.122552 0.116969 0.112194 0.128329 0.155543 0.197275 0.234583 0.311473 0.31916 0.437763 0.429356 0.303241 0.240549 0.324525 0.561975 0.801288 0.773412 0.769574
 0.244497 0.17058 0.151619 0.1321 0.153347 0.188828 0.275082 0.362418 0.484652 0.546487 0.381827 0.356869 0.363705 0.312366 0.254615 0.259182 0.2219 0.432275 0.483074 0.559159
 0.246898 0.177711 0.166576 0.176739 0.138179 0.114486 0.0919122 0.0787047 0.081764 0.098323 0.095364 0.150308 0.208182 0.432758 0.548876 0.893777 1.30001 1.32912 1.2542 1.15029
 0.259923 0.106591 0.0602424 0.0461009 0.0516445 0.0668587 0.142243 0.315138 0.390021 0.54112 0.556827 0.633303 0.542341 0.587133 0.907285 0.901994 1.10473 1.09708 1.00758 1.17382
 0.22234 0.0990516 0.0970848 0.136176 0.175904 0.293347 0.566957 0.629999 0.630336 0.841226 0.689158 0.513709 0.367055 0.211112 0.30634 0.306361 0.282174 0.304391 0.412738 0.42058
 0.240934 0.144188 0.233563 0.366129 0.392486 0.403825 0.371359 0.404477 0.436499 0.606526 0.742739 0.907622 0.883853 0.796156 0.703661 0.580116 0.653847 0.926939 0.894929 0.835209
 0.307812 0.224193 0.195542 0.154382 0.176295 0.378672 0.537684 0.547281 0.837217 0.704544 0.650449 0.581169 0.481366 0.250551 0.160076 0.265549 0.335473 0.516306 0.719849 0.892917
 0.267865 0.214441 0.224754 0.238594 0.237188 0.562751 0.543258 0.476153 0.51773 0.521691 0.403634 0.494968 0.59431 0.696182 0.853305 0.890818 0.634821 0.517638 0.537918 0.477863
 0.234418 0.181376 0.19816 0.191099 0.240723 0.422783 0.542432 0.691915 0.693928 0.523434 0.379994 0.344698 0.41066 0.506442 0.59587 0.661005 0.738765 0.830111 0.946952 1.10134
 0.233072 0.11005 0.173791 0.294203 0.308866 0.293293 0.273476 0.327181 0.409533 0.510128 0.580828 0.610026 0.583693 0.692285 0.917659 0.809739 0.607185 0.458276 0.357719 0.415801
 0.263827 0.223966 0.184496 0.176795 0.231682 0.350701 0.490697 0.509173 0.565361 0.578113 0.649956 0.756613 0.834074 0.933218 0.800602 0.781492 0.986731 0.77249 0.605751 0.662023
 0.274199 0.20552 0.174009 0.226069 0.246188 0.270703 0.412975 0.494659 0.478272 0.49846 0.534835 0.64269 0.632028 0.495411 0.637454 0.575219 0.528103 0.693211 0.702252 0.734477
 0.269947 0.09003 0.0500668 0.0702553 0.0546951 0.0775737 0.0912422 0.112433 0.198615 0.270173 0.358048 0.397309 0.492136 0.506039 0.566949 0.60545 0.679455 0.781969 0.804548 0.677909
 0.239167 0.176033 0.170081 0.265397 0.282793 0.271718 0.417839 0.582882 0.69634 0.89663 0.94594 0.877709 0.802961 1.62623 1.60162 1.19967 1.01104 1.18947 1.33439 0.876424
 0.252188 0.180753 0.15956 0.157009 0.157141 0.288136 0.386608 0.420707 0.386918 0.437576 0.442013 0.500489 0.661461 0.620788 0.544642 0.562027 0.715482 0.82125 0.762442 0.68096
 0.256297 0.144894 0.184732 0.24092 0.323727 0.492096 0.625072 0.743467 0.896606 0.871957 0.856424 0.913982 0.719663 0.444718 0.324901 0.316276 0.365041 0.568604 0.393914 0.321493
 0.227722 0.114938 0.10232 0.142667 0.293744 0.369228 0.606364 0.73628 0.738216 0.79637 0.783912 0.601468 0.624787 0.780541 0.903923 0.753645 0.655251 0.614991 0.545651 0.599105
 0.246908 0.144647 0.0959108 0.105509 0.0944593 0.147417 0.16966 0.160805 0.122715 0.0984542 0.0857586 0.105962 0.130918 0.144696 0.358281 0.363108 0.289682 0.242144 0.274983 0.402564
 0.254918 0.231561 0.226181 0.223282 0.275442 0.371309 0.457126 0.46862 0.494929 0.556571 0.665385 0.720931 0.485334 0.588944 0.788418 0.960687 0.978526 0.701132 0.504973 0.385623
 0.263147 0.064554 0.010333 9.51233e-06 2.58402e-06 1.96541e-06 3.65165e-07 1.81433e-07 9.06747e-08 1.43241e-06 6.64439e-08 6.31447e-08 1.96109e-08 1.50129e-08 1.05449e-08 6.6932e-09 3.58901e-09 3.36718e-09 2.14889e-09 7.35722e-10
 0.226063 0.134174 0.152829 0.233659 0.301511 0.380015 0.652174 0.864053 0.66779 0.702191 0.552958 0.323649 0.289757 0.292927 0.383134 0.412974 0.445523 0.658223 0.829114 0.744014
 0.294765 0.23819 0.244285 0.32693 0.349634 0.361093 0.431189 0.464681 0.42662 0.389175 0.438811 0.555395 0.700216 0.660633 0.518554 0.43745 0.413618 0.433627 0.783008 0.864128
 0.24106 0.198955 0.355819 0.398447 0.34801 0.524833 0.590344 0.692331 0.739453 0.837333 0.752034 0.649455 0.574307 0.525774 0.408743 0.31132 0.423312 0.536961 0.623888 0.627442
 0.278006 0.158944 0.0913822 0.0942087 0.0652938 0.0545545 0.108177 0.158205 0.148744 0.129455 0.217721 0.426223 0.653801 0.803052 0.820055 0.971572 0.927028 0.844367 1.02345 1.20356
 0.270253 0.193592 0.24205 0.393865 0.432934 0.56874 0.890468 0.849554 0.716985 0.765073 0.870633 1.04038 1.63623 1.47641 1.27098 0.99497 1.2234 1.45973 0.996781 0.797347
 0.258341 0.208227 0.376443 0.422767 0.5742 0.706165 0.700906 0.552161 0.550887 0.614428 0.559373 0.518385 0.415058 0.30908 0.219969 0.228318 0.25175 0.222826 0.259303 0.457359
 0.267834 0.235636 0.214215 0.205169 0.198256 0.193548 0.303809 0.31733 0.32539 0.368877 0.327314 0.344902 0.421428 0.465956 0.61113 0.714632 0.768528 1.22901 1.26518 1.16233
 0.307791 0.367345 0.425029 0.332699 0.200602 0.191168 0.215487 0.298793 0.39533 0.449561 0.562417 0.645245 0.754236 0.751315 0.978914 0.969381 0.832922 0.682196 0.609339 0.43666
 0.229268 0.126355 0.196439 0.188789 0.176468 0.190504 0.198409 0.317929 0.541754 0.702016 0.778459 0.636702 0.516288 0.516367 0.493904 0.277513 0.128 0.0840288 0.0447618 0.0423926
 0.259824 0.166102 0.157632 0.214797 0.222369 0.301657 0.263846 0.259824 0.438845 0.619669 0.657641 0.706303 0.878156 0.899137 0.909708 0.97449 0.908104 0.748588 0.562444 0.601692
 0.286484 0.295391 0.250612 0.186514 0.136177 0.102568 0.0872234 0.109182 0.117125 0.184004 0.584903 0.773184 0.822913 0.748377 0.722126 0.603466 0.392293 0.380091 0.542183 0.619113
 0.226125 0.167451 0.227839 0.206944 0.223707 0.291892 0.289811 0.326294 0.454193 0.438412 0.354693 0.428778 0.514501 0.659957 0.633996 0.684358 0.674599 0.478367 0.404286 0.34547
 0.274445 0.171821 0.159733 0.166726 0.212018 0.249464 0.32993 0.397723 0.418701 0.521599 0.552853 0.553722 0.772824 0.928455 1.17974 1.13382 1.22805 1.59463 1.13287 0.653825
 0.227582 0.165819 0.16164 0.235501 0.418306 0.518625 0.559593 0.675529 0.78426 0.650893 0.568904 0.653084 0.6633 0.707964 0.682453 0.779301 0.806959 0.609508 0.57032 0.561428
 0.2068 0.0710022 0.090997 0.133203 0.134089 0.149646 0.171525 0.146858 0.227023 0.358976 0.462924 0.526883 0.580923 0.614477 0.646212 0.73676 0.737174 0.786384 0.817004 0.812967
 0.275898 0.190744 0.112344 0.115109 0.103124 0.161 0.249523 0.303138 0.331118 0.387431 0.383025 0.349278 0.343028 0.373377 0.434658 0.52628 0.533146 0.566703 0.64892 0.763124
 0.272668 0.176386 0.260264 0.320797 0.420601 0.521992 0.519208 0.583465 0.629526 0.465822 0.54941 0.733935 0.573565 0.561938 0.638254 0.835771 0.983268 1.00953 0.949373 0.830123
 0.287553 0.227546 0.272962 0.365706 0.457359 0.665116 0.728169 0.657107 0.535517 0.472466 0.554106 0.877587 0.764346 0.606735 0.690464 0.422844 0.351272 0.309178 0.351915 0.537659
 0.284494 0.185494 0.107423 0.0795485 0.117405 0.15679 0.225891 0.311661 0.40299 0.590653 0.84952 0.94062 1.03876 0.753376 0.625125 0.690279 0.580988 0.486497 0.617305 0.639864
 0.242308 0.158174 0.12613 0.110367 0.127746 0.160796 0.170699 0.239777 0.54424 0.934086 1.1346 1.22471 1.03849 0.727473 0.717734 0.7325 0.721309 0.709923 0.593301 0.634015
 0.26118 0.177729 0.171476 0.288871 0.329676 0.328443 0.571432 0.924393 1.2165 1.05846 1.12887 1.00242 0.811977 0.859778 0.866906 0.925409 0.792673 0.514921 0.439258 0.48553
 0.295425 0.216842 0.155891 0.135828 0.230264 0.375615 0.616301 0.508998 0.619134 0.560692 0.47122 0.413791 0.308981 0.292464 0.358449 0.296334 0.232436 0.187519 0.232369 0.222289
 0.287524 0.209078 0.182092 0.241266 0.300334 0.409078 0.533225 0.440121 0.350482 0.415866 0.598417 0.763789 1.06001 1.23142 1.13628 1.21053 0.985454 0.827863 0.807394 0.760871
 0.288922 0.164081 0.134663 0.122757 0.193581 0.279709 0.484545 0.555 0.667757 0.699028 0.86978 0.910515 0.883558 0.769219 0.68782 0.724287 0.610451 0.420419 0.393639 0.468505
 0.293384 0.279462 0.270602 0.270315 0.271885 0.357079 0.46292 0.502984 0.553387 0.450988 0.378377 0.322952 0.326074 0.33619 0.429073 0.435885 0.311011 0.308355 0.363614 0.570121
 0.273167 0.170228 0.163917 0.135086 0.0789319 0.0852558 0.121795 0.24232 0.232533 0.292106 0.472345 0.570726 0.617787 1.06988 1.35679 1.07063 0.769142 0.67875 0.649481 0.558223
 0.286286 0.170156 0.102778 0.0925054 0.123712 0.168712 0.274345 0.311945 0.445836 0.755659 1.0572 1.13506 1.01184 0.780435 0.615924 0.397763 0.229835 0.228105 0.280742 0.344553
 0.28416 0.277266 0.348649 0.440783 0.586593 0.819551 0.936277 0.857348 0.657371 0.554893 0.533234 0.432173 0.282934 0.217963 0.158492 0.271797 0.459069 0.651528 0.554048 0.613386
 0.257576 0.179195 0.142176 0.163592 0.172005 0.158836 0.268511 0.469584 0.634227 0.658329 0.765743 0.80984 0.811416 0.865472 0.763642 0.8704 0.78909 0.705483 0.549201 0.685512
 0.236495 0.158857 0.117546 0.0623206 0.0407681 0.0365433 0.0571438 0.135038 0.205084 0.2984 0.406327 0.41375 0.409638 0.456035 0.543356 0.590008 0.519278 0.62916 0.610218 0.504449
 0.301997 0.21385 0.209761 0.281917 0.444397 0.617576 0.571458 0.8094 1.15529 0.86753 0.556091 0.500303 0.409339 0.520543 0.450891 0.497629 0.571242 0.579564 0.424637 0.379563
 0.274228 0.342966 0.41956 0.345359 0.20282 0.17913 0.228207 0.350551 0.42739 0.438356 0.441922 0.447425 0.411588 0.408599 0.402022 0.333694 0.364228 0.428319 0.387371 0.399221
 0.24782 0.204923 0.18822 0.189541 0.161872 0.168753 0.174163 0.186629 0.222686 0.253451 0.271901 0.315269 0.273516 0.228197 0.264752 0.324603 0.281693 0.299929 0.347785 0.420371
 0.280391 0.179629 0.125114 0.0976145 0.133522 0.169611 0.386416 0.371848 0.368899 0.347806 0.294831 0.352318 0.611189 1.04666 1.16978 1.20583 1.13337 0.984487 0.851744 0.609371
 0.258309 0.188299 0.159405 0.163023 0.274048 0.499693 0.652246 1.07173 1.00453 0.847419 0.817658 0.844616 0.871626 0.755922 0.762289 0.852396 1.05873 1.16367 1.14567 1.18816
 0.297888 0.262896 0.275247 0.301079 0.351216 0.534268 0.533381 0.488981 0.6351 0.625469 0.580514 0.63219 0.773646 0.795358 0.678197 0.505405 0.357201 0.328711 0.302434 0.207141
 0.257348 0.18901 0.15992 0.137372 0.20948 0.325542 0.369436 0.354086 0.421601 0.489206 0.492656 0.506663 0.575918 0.74273 0.794208 0.967243 0.801242 0.646237 0.522519 0.440316
 0.274841 0.25838 0.308455 0.32724 0.480584 0.751019 0.903614 0.70692 0.705684 0.969079 1.0833 1.00105 0.87893 1.0194 0.974985 1.05279 0.988804 0.685711 0.451292 0.38449
 0.26302 0.183506 0.152733 0.202947 0.202357 0.185397 0.208528 0.282474 0.33852 0.278011 0.184157 0.253102 0.299242 0.308889 0.36468 0.445541 0.640155 0.552812 0.4326 0.451593
 0.272863 0.160528 0.144543 0.163714 0.312098 0.250721 0.247863 0.430058 0.64461 0.7213 0.679077 0.816881 0.902996 1.21715 0.983287 0.680652 0.804656 1.09071 1.19969 0.966841
 0.250545 0.151892 0.128442 0.13167 0.11442 0.0895076 0.126529 0.315038 0.591148 0.523916 0.386998 0.317401 0.327761 0.565795 0.96862 1.30144 1.06544 0.935667 0.858531 0.824623
 0.315715 0.335949 0.355431 0.473871 0.712173 0.792299 1.21833 1.32615 1.05737 0.76724 0.589189 0.592987 0.560593 0.651091 0.795205 1.31573 1.50246 1.08821 0.727229 0.609997
 0.273049 0.307192 0.569265 0.638801 0.619209 0.88898 0.723471 0.598888 0.563067 0.53108 0.651203 0.628852 0.589142 0.402267 0.342642 0.310153 0.348064 0.503357 0.611857 0.595719
 0.266627 0.171624 0.241926 0.39169 0.438168 0.408866 0.419266 0.547388 0.639448 0.493338 0.59196 0.630217 0.926048 1.28366 1.48605 1.44892 1.38266 1.29848 0.748849 0.594895
 0.233 0.121811 0.104318 0.098075 0.130456 0.177693 0.360995 0.629086 0.970036 1.55852 1.31426 1.12812 1.2433 1.01796 1.22557 1.13957 0.767476 0.677261 0.570991 0.395569
 0.290181 0.189428 0.171767 0.321687 0.348817 0.340593 0.35847 0.375523 0.434986 0.662796 0.683932 0.450869 0.35143 0.349964 0.448602 0.549697 0.514447 0.501145 0.556932 0.477385
 0.262149 0.174587 0.169544 0.164708 0.191877 0.334563 0.497254 0.581747 0.733258 0.85363 0.936221 1.18489 1.30282 1.10627 0.597097 0.443323 0.381265 0.310684 0.405874 0.300824
 0.294814 0.286495 0.264395 0.298378 0.333631 0.565574 0.89771 1.21734 1.07214 0.983173 1.14419 0.966798 0.753292 0.701093 0.887821 0.849732 0.855156 0.718487 0.559151 0.488582
 0.241596 0.146427 0.232576 0.283072 0.257235 0.226681 0.209827 0.169257 0.181212 0.206985 0.191949 0.189779 0.22105 0.243241 0.365044 0.453622 0.474036 0.472998 0.657901 0.736205
 0.266657 0.206632 0.237526 0.339013 0.56608 0.793981 0.864509 0.944741 0.818996 0.676457 0.511364 0.420227 0.477233 0.695252 0.650813 0.605547 0.753664 0.753416 0.838063 0.842375
 0.287736 0.285561 0.281376 0.213505 0.23775 0.32269 0.31999 0.368297 0.436128 0.382089 0.389738 0.360021 0.331017 0.254456 0.27273 0.269244 0.328741 0.558222 0.853144 1.18035
 0.250959 0.172766 0.21179 0.252522 0.302201 0.275055 0.226202 0.25796 0.335146 0.412868 0.722255 1.17713 1.53306 1.62194 1.32505 0.927975 1.10551 1.25476 1.02966 0.644303
 0.297583 0.208583 0.165255 0.176576 0.281695 0.351135 0.470357 0.843636 0.986797 1.13056 1.51863 1.59152 1.26618 1.00578 1.07435 0.914942 0.984645 0.800406 0.828002 0.9739
 0.285799 0.200538 0.164859 0.213386 0.221384 0.289133 0.447413 0.744607 0.818855 0.685661 0.893682 1.22286 1.19546 1.08285 0.82532 0.628398 0.536958 0.458507 0.476527 0.403356
 0.271275 0.22658 0.338044 0.487926 0.499004 0.612972 0.758726 0.689865 0.563382 0.549617 0.548044 0.484515 0.342626 0.261959 0.254616 0.195221 0.242642 0.269475 0.340836 0.425385
 0.265922 0.207217 0.169428 0.177596 0.150248 0.160569 0.218031 0.257525 0.26106 0.454246 0.463119 0.514156 0.743241 0.946827 1.07853 1.43065 1.35962 1.06959 1.1333 1.10258
 0.275898 0.233444 0.260328 0.296011 0.330099 0.349957 0.216133 0.133334 0.139343 0.166819 0.148251 0.141677 0.247187 0.367347 0.487987 0.595766 0.504456 0.39172 0.330586 0.346482
 0.283469 0.234759 0.258287 0.456344 0.618368 0.725852 0.917486 0.730804 0.587065 0.865871 0.963035 0.739945 0.552112 0.383689 0.48442 0.579537 0.672821 0.580152 0.453146 0.428218
 0.267132 0.224361 0.35769 0.345112 0.384348 0.46485 0.616389 0.88872 0.919507 0.821012 0.71502 0.640137 0.633608 0.597695 0.73691 0.549042 0.396648 0.57227 0.703297 0.610107
 0.24585 0.18692 0.322499 0.410699 0.527015 0.53842 0.787159 0.717401 0.890019 1.02137 0.849475 0.696919 0.8691 0.842743 0.816468 0.850646 0.703929 0.477708 0.321372 0.238054
 0.301078 0.250005 0.187026 0.141141 0.125256 0.243792 0.344903 0.418193 0.927211 1.1343 1.2648 1.25781 1.58935 1.02859 0.534152 0.483326 0.693287 0.45759 0.371908 0.45939
 0.267501 0.266339 0.328431 0.301232 0.269271 0.269757 0.294217 0.272495 0.309476 0.32329 0.30701 0.381449 0.345852 0.449954 0.47728 0.462703 0.626499 0.787391 0.848477 1.00928
