 0.285724 0.2351 0.226173 0.217707 0.199977 0.202492 0.194621 0.255237 0.482554 0.556449 0.644117 0.648105 0.550285 0.603966 0.721315 0.913719 1.18607 1.43034 1.47467 1.65185
 0.285142 0.226232 0.251718 0.246431 0.224548 0.248289 0.245182 0.271063 0.298638 0.484789 0.554753 0.491113 0.486004 0.485312 0.497052 0.578358 0.544938 0.61798 0.806276 1.08354
 0.282667 0.185563 0.172899 0.27277 0.442314 0.815762 1.43015 1.61378 1.52661 1.4293 1.07182 0.979444 1.01469 1.33846 1.53561 1.53258 1.41427 1.29135 1.12785 1.13173
 0.287893 0.277809 0.255234 0.323451 0.352927 0.369469 0.332562 0.340988 0.450821 0.394525 0.318443 0.338521 0.375982 0.426589 0.641179 1.02535 1.07221 0.92579 1.21262 1.24209
 0.289404 0.319075 0.421511 0.491132 0.539562 0.476895 0.428295 0.400243 0.385182 0.340133 0.350224 0.414142 0.67019 0.80335 0.906346 0.958343 0.917904 0.719566 0.448709 0.331255
 0.288492 0.32144 0.412621 0.59003 0.87709 0.793566 0.607265 0.519232 0.381281 0.376645 0.502227 0.502431 0.577785 0.650935 0.724249 0.766942 0.849691 1.11228 1.35293 1.36953
 0.272064 0.224603 0.266012 0.25557 0.297915 0.288527 0.243909 0.262111 0.4138 0.360643 0.339492 0.270932 0.327168 0.313028 0.268896 0.269748 0.226832 0.221923 0.247306 0.258528
 0.255743 0.2881 0.443242 0.627822 0.6169 0.775279 0.772601 0.945359 1.09602 1.40993 2.14505 3.15283 3.65375 2.96617 2.64241 2.19804 1.76056 1.69298 1.37231 1.3498
 0.266003 0.414877 0.592829 0.641299 0.643528 0.76887 0.824734 0.718286 0.674198 0.984916 0.87421 0.655209 0.598661 0.691861 0.74591 0.807411 0.68691 0.683245 0.604789 0.648289
 0.261556 0.323333 0.546068 0.847161 0.801256 0.763451 0.703355 0.896974 1.00737 0.886589 0.683079 0.520833 0.385096 0.321328 0.229771 0.169739 0.16412 0.135882 0.143129 0.194028
 0.252767 0.151045 0.11196 0.107931 0.114729 0.14641 0.229778 0.280651 0.402659 0.51386 0.514756 0.472904 0.440429 0.584411 0.849613 1.04905 1.25021 1.10272 0.936064 0.757367
 0.25637 0.217207 0.196418 0.211647 0.246019 0.288772 0.337896 0.390895 0.45741 0.51804 0.446437 0.272658 0.160349 0.107286 0.0629706 0.0325166 0.0344776 0.0358254 0.0435777 0.046085
 0.246025 0.162585 0.165192 0.159167 0.158238 0.153722 0.178035 0.210135 0.363309 0.594598 0.743496 0.936161 1.04131 0.880534 0.935933 0.962159 0.802646 0.670103 0.548012 0.474679
 0.256995 0.20865 0.18682 0.179344 0.263298 0.276742 0.262921 0.30049 0.281485 0.375805 0.450593 0.832041 0.987203 0.998936 0.993261 0.961942 0.820751 0.738619 0.631717 0.499048
 0.26714 0.250853 0.329414 0.509142 0.520828 0.782377 1.20279 1.3118 1.47343 1.2635 1.11233 1.08983 1.26641 1.17412 0.970592 0.822292 0.958767 0.999959 0.873835 0.821165
 0.267827 0.289136 0.386299 0.483684 0.519824 0.472782 0.408315 0.41994 0.476728 0.531397 0.761076 1.02615 1.17232 1.89447 1.81247 1.33029 1.2281 1.21658 1.15246 0.786225
 0.268493 0.211327 0.294667 0.37121 0.430643 0.725873 1.04612 1.16698 1.37594 1.26723 1.03014 1.0986 1.23148 1.05997 0.99153 1.00374 0.801958 0.656502 0.685215 0.74103
 0.267194 0.259513 0.268137 0.259834 0.252065 0.262063 0.328814 0.373557 0.422197 0.443331 0.424024 0.425769 0.562472 0.718401 0.820099 0.880663 0.924062 0.658083 0.470855 0.405251
 0.26595 0.302074 0.306113 0.317016 0.318805 0.437447 0.62427 0.696967 0.656995 0.698459 0.789592 0.705161 0.775599 1.17859 1.24421 0.958302 0.709515 0.577997 0.644583 0.638905
 0.269916 0.281148 0.224327 0.201347 0.24368 0.380141 0.509182 0.523803 0.501382 0.569884 0.737799 1.1847 1.42632 1.59453 1.43901 1.14314 0.962575 1.03894 1.07478 0.940426
 0.271404 0.200939 0.189365 0.250627 0.317535 0.410081 0.429904 0.535059 0.494717 0.487379 0.483186 0.440104 0.340445 0.255969 0.195755 0.245479 0.439715 0.649173 0.986736 1.46539
 0.275724 0.302441 0.430128 0.831793 1.08215 1.06501 1.12408 1.1461 1.07132 0.732392 0.641394 0.710083 1.0305 1.30747 1.47079 1.42396 1.52874 1.20836 0.703151 0.468325
 0.273703 0.332638 0.461028 0.433097 0.563752 0.775693 0.831486 0.898779 0.850137 0.635919 0.46643 0.358623 0.267662 0.239076 0.281389 0.392568 0.401308 0.388539 0.480163 0.609395
 0.270931 0.287506 0.335879 0.470447 0.50763 0.548945 0.508455 0.424397 0.420207 0.384001 0.414559 0.389701 0.387381 0.381014 0.475668 0.642805 0.694418 0.61076 0.784976 1.00334
 0.277575 0.241986 0.260656 0.515362 0.75211 0.777164 0.847251 0.901133 1.05453 1.00236 1.01208 1.11351 0.900384 0.813798 0.87153 0.98204 1.29847 1.21518 1.03739 1.24444
 0.269142 0.18573 0.155282 0.175841 0.189502 0.190098 0.17578 0.197851 0.267896 0.265205 0.23326 0.241528 0.301529 0.480751 0.749591 0.890568 0.895583 0.85441 0.652137 0.566307
 0.277614 0.352394 0.444945 0.427992 0.44674 0.430804 0.519499 0.524695 0.495309 0.47396 0.421299 0.39144 0.347106 0.477086 0.533596 0.570426 0.497138 0.45341 0.414495 0.443555
 0.268554 0.24137 0.217808 0.256693 0.33034 0.425307 0.470096 0.453707 0.596938 0.674269 0.953013 0.958269 0.748929 0.732462 0.812851 0.761813 0.698208 0.667996 0.770885 0.934143
 0.266926 0.22843 0.31588 0.475719 0.601809 0.579579 0.589135 0.659428 0.563567 0.47781 0.540203 0.598834 0.572574 0.606702 0.585865 0.607958 0.675786 0.897361 0.934955 0.863619
 0.264381 0.380733 0.532207 0.67604 0.641922 0.518873 0.431558 0.282336 0.263546 0.283935 0.234413 0.235616 0.244946 0.349867 0.572293 0.549994 0.515394 0.503561 0.420341 0.465462
 0.255217 0.285444 0.581137 0.691412 0.636339 0.661735 0.936412 0.836177 0.783666 1.02207 0.923895 0.851952 0.842251 1.1289 1.14426 1.32888 1.3951 1.40688 1.38581 1.20156
 0.256467 0.186043 0.138979 0.138097 0.117339 0.092407 0.100004 0.111104 0.124739 0.12661 0.140083 0.233424 0.326429 0.331902 0.341147 0.341166 0.334443 0.336659 0.389782 0.373333
 0.25809 0.253896 0.284601 0.277186 0.175452 0.20116 0.246846 0.245074 0.266816 0.254497 0.20456 0.226365 0.371406 0.524326 0.739584 1.11803 1.30559 1.38835 1.1963 0.98665
 0.268213 0.312933 0.367175 0.371141 0.291073 0.229373 0.18966 0.168497 0.177429 0.195601 0.248723 0.283734 0.346376 0.510631 0.631182 0.770064 0.828413 0.817595 0.964594 0.877158
 0.256659 0.203374 0.230669 0.231838 0.258749 0.318398 0.296481 0.331416 0.411465 0.343911 0.248731 0.229424 0.2426 0.369806 0.502015 0.477233 0.398638 0.372332 0.287715 0.230145
 0.25763 0.242445 0.349528 0.466631 0.633277 0.814846 0.902577 1.25588 1.36626 1.21014 1.14372 1.18914 1.44948 1.42557 1.19385 0.934346 0.78184 0.597512 0.398239 0.338379
 0.25631 0.242167 0.384626 0.472315 0.727613 0.92246 1.35932 2.0732 2.23937 2.30198 2.01949 1.53951 1.67752 1.64913 1.38872 1.13947 0.895631 0.679406 0.640456 0.553432
 0.251789 0.358851 0.331167 0.297789 0.331484 0.399317 0.739313 1.27019 1.80438 2.03902 1.76615 1.4144 0.952367 0.638746 0.606369 0.588915 0.521208 0.570497 0.51391 0.730133
 0.246278 0.187488 0.210873 0.2255 0.254501 0.212861 0.162486 0.130556 0.163898 0.169887 0.206689 0.208355 0.244443 0.321202 0.373136 0.419054 0.421064 0.422481 0.418714 0.363633
 0.24513 0.230781 0.355534 0.345666 0.309371 0.3402 0.381723 0.339311 0.346441 0.398372 0.523741 0.532919 0.539461 0.668255 0.823925 0.900081 0.84854 0.890795 1.28011 2.01236
 0.244681 0.175278 0.181109 0.14762 0.152784 0.229171 0.309794 0.366495 0.370889 0.364383 0.33921 0.343551 0.459157 0.38389 0.26969 0.199229 0.131818 0.0985533 0.105502 0.141453
 0.24765 0.312437 0.337888 0.507847 0.529562 0.50432 0.623443 0.615342 0.596298 0.837097 0.805593 0.768283 0.734392 0.714891 0.747973 0.672752 0.612016 0.89534 0.996682 0.86336
 0.244925 0.222216 0.141211 0.18178 0.211924 0.242354 0.302189 0.387065 0.459226 0.493646 0.789207 0.941464 1.20636 1.22573 0.898846 0.656458 0.49372 0.387259 0.322856 0.28407
 0.242638 0.175171 0.164975 0.204536 0.233948 0.338362 0.314923 0.333254 0.349014 0.544877 0.681559 0.783687 0.791659 0.909949 1.10451 1.20767 1.25371 1.19147 1.29329 1.31659
 0.247456 0.299377 0.343908 0.359846 0.492013 0.480872 0.400379 0.341525 0.260893 0.306654 0.400549 0.634526 0.876662 1.03296 1.15832 0.940633 0.800926 0.886725 0.964211 0.916136
 0.250167 0.258913 0.308682 0.341953 0.353559 0.350035 0.396918 0.376346 0.332015 0.297113 0.301931 0.389736 0.43437 0.582921 0.697585 0.801378 0.627737 0.634961 0.735012 0.645692
 0.238183 0.224745 0.204978 0.284 0.402909 0.469934 0.565835 0.561425 0.670501 0.78367 0.849169 1.10971 1.54941 2.14676 2.05405 1.53456 1.28999 1.08942 0.807738 0.733254
 0.243819 0.212328 0.220424 0.351379 0.467439 0.706798 0.750907 0.682214 0.735221 0.65284 0.538599 0.520196 0.594819 0.565269 0.492873 0.50451 0.450181 0.427531 0.401568 0.481823
 0.24229 0.225877 0.297968 0.379414 0.453407 0.673608 0.7664 0.792041 0.943503 1.01224 1.05319 0.88017 0.6126 0.484671 0.291883 0.267889 0.354459 0.615074 0.689934 0.872114
 0.247519 0.202494 0.231022 0.282009 0.4822 0.657097 0.726427 0.586799 0.641865 0.764826 0.712061 0.532216 0.383873 0.329353 0.336433 0.299249 0.39786 0.411127 0.571485 0.662897
 0.237273 0.115155 0.097138 0.0803982 0.0903944 0.0998847 0.212722 0.236436 0.263971 0.403388 0.552652 0.674337 0.866495 1.12459 1.14231 1.10031 1.11051 1.26762 1.34867 1.25008
 0.249835 0.212026 0.169472 0.117047 0.159603 0.230116 0.280428 0.477526 0.506922 0.589548 0.68615 0.599577 0.625289 0.613985 0.605815 0.508649 0.390983 0.266693 0.185989 0.206146
 0.248145 0.161799 0.152813 0.143242 0.164572 0.226905 0.281752 0.297879 0.344857 0.417996 0.465391 0.601133 0.642722 0.620783 0.50725 0.422968 0.449159 0.547337 0.630251 0.720667
 0.248776 0.17116 0.127296 0.111586 0.122748 0.172824 0.293736 0.391057 0.545315 0.612686 0.866292 0.885455 0.764156 0.662426 0.67222 0.641889 0.717729 0.718662 0.662851 0.669883
 0.257211 0.22596 0.197731 0.195827 0.216124 0.207223 0.26153 0.355692 0.504098 0.616025 0.754251 0.730408 0.707511 0.682386 0.637947 0.819516 0.681033 0.569221 0.479677 0.428548
 0.25518 0.268511 0.287268 0.351271 0.553287 0.742531 0.745205 0.645753 0.849958 1.14912 1.34025 1.15067 1.00298 1.0614 0.855947 0.653115 0.810659 0.850441 1.03128 1.3508
 0.257434 0.22266 0.210643 0.200386 0.165915 0.144463 0.140727 0.128749 0.13457 0.16636 0.261722 0.422295 0.427922 0.464022 0.595329 0.664934 0.612121 0.484726 0.437939 0.385329
 0.249184 0.175295 0.166638 0.143465 0.165291 0.290291 0.463727 0.505354 0.447712 0.474767 0.608356 0.652981 0.670967 0.525301 0.44764 0.428881 0.477533 0.460271 0.556655 0.493764
 0.263301 0.323787 0.303559 0.369313 0.424733 0.394469 0.443711 0.506284 0.902729 1.27078 1.66879 1.64684 1.43351 1.22795 1.261 1.18749 1.09621 0.926705 0.788691 0.842354
 0.258743 0.211578 0.251994 0.234904 0.241272 0.320263 0.278314 0.251497 0.230879 0.322234 0.338383 0.307984 0.263932 0.205668 0.211599 0.238078 0.221699 0.241841 0.30072 0.352224
 0.257888 0.313965 0.262594 0.231925 0.281401 0.417958 0.550114 0.57503 0.698433 0.802987 0.762402 0.883804 1.14475 1.04281 0.81831 0.671948 0.727896 0.750929 0.630047 0.504454
 0.252424 0.294171 0.261349 0.239493 0.334754 0.379443 0.498394 0.609963 0.593929 0.571543 0.575154 0.550349 0.725099 0.842265 0.745663 0.591977 0.411052 0.323599 0.34863 0.557949
 0.245756 0.17198 0.140305 0.179274 0.252634 0.382523 0.527847 0.53033 0.60385 0.726066 0.740491 0.559917 0.521594 0.581455 0.588741 0.562148 0.578485 0.533523 0.447736 0.455339
 0.243528 0.134483 0.140221 0.19407 0.272958 0.43036 0.505022 0.549363 0.736759 0.643563 0.585729 0.599914 0.482898 0.419233 0.389995 0.334018 0.292951 0.2454 0.247746 0.218262
 0.249564 0.174045 0.178283 0.16786 0.199969 0.311384 0.419967 0.507265 0.604271 0.861577 1.13143 1.15194 1.05467 0.999294 0.830889 0.694717 0.776695 0.750392 0.813316 0.964966
 0.256029 0.211287 0.241627 0.285286 0.244039 0.211918 0.260219 0.329971 0.392337 0.489126 0.688911 0.876724 1.07491 0.889613 0.652605 0.456061 0.313862 0.323074 0.357712 0.497459
 0.251687 0.171147 0.194902 0.275239 0.348141 0.448082 0.535206 0.579631 0.676783 0.637569 0.581396 0.50923 0.467988 0.424838 0.459794 0.467251 0.424393 0.481308 0.530316 0.469783
 0.259128 0.270522 0.340701 0.300805 0.291478 0.443853 0.593864 0.674375 0.619231 0.500209 0.412207 0.361905 0.445129 0.548334 0.558326 0.551087 0.442826 0.367691 0.340042 0.340954
 0.261182 0.185584 0.16645 0.220982 0.200388 0.168097 0.222839 0.257575 0.400696 0.531948 0.705195 0.954187 0.811744 0.736484 0.768327 0.768083 0.933138 1.28572 1.38019 1.65655
 0.265576 0.199972 0.253636 0.365961 0.499311 0.663636 0.987069 1.22155 1.01781 0.801688 0.612935 0.415018 0.283812 0.190419 0.161086 0.207727 0.313403 0.413634 0.57754 0.723316
 0.258093 0.179189 0.150871 0.165971 0.203087 0.364408 0.395466 0.406806 0.416351 0.473893 0.617222 0.702311 0.886935 1.25149 1.71393 1.68228 1.63836 1.61643 1.78649 1.96408
 0.256069 0.153787 0.18917 0.239543 0.272518 0.279704 0.276442 0.271692 0.300933 0.299659 0.523595 0.77931 0.931846 1.30691 1.41641 1.92934 2.18433 1.79501 1.36447 1.34468
 0.259408 0.206085 0.172065 0.178504 0.196326 0.269303 0.4375 0.4904 0.448023 0.473948 0.564576 0.544296 0.410266 0.382793 0.381691 0.557303 0.551024 0.431776 0.422831 0.455216
 0.257735 0.182048 0.183904 0.164018 0.184256 0.196275 0.206461 0.269686 0.349703 0.311185 0.251723 0.228979 0.247915 0.300137 0.381536 0.483538 0.512712 0.522818 0.583567 0.60305
 0.253244 0.131587 0.106722 0.192579 0.234338 0.311936 0.390117 0.489111 0.485279 0.355769 0.277045 0.267661 0.266966 0.33332 0.494114 0.592853 0.708667 0.709577 0.668977 0.588589
 0.254764 0.136963 0.103201 0.0782022 0.0832751 0.128304 0.231208 0.356072 0.514109 0.895171 0.918182 1.19866 1.39662 1.54767 1.43892 1.35016 1.25158 0.999789 0.994076 1.17169
 0.278889 0.28941 0.493096 0.572576 0.57259 0.564166 0.646707 0.64841 0.556367 0.484737 0.568743 0.682677 0.940473 1.34351 1.27177 0.983177 0.831231 0.857498 0.729043 0.650171
 0.273786 0.221855 0.242171 0.221586 0.22829 0.223308 0.289435 0.411232 0.521174 0.607102 0.714097 0.766883 0.585074 0.524531 0.436877 0.369628 0.368507 0.413355 0.434909 0.369124
 0.269252 0.139074 0.147169 0.217685 0.290546 0.298716 0.299212 0.328114 0.31259 0.307823 0.342458 0.309276 0.296315 0.262648 0.192748 0.163289 0.214258 0.272061 0.269041 0.275105
 0.274929 0.242069 0.315317 0.390333 0.442085 0.510372 0.561006 0.611005 0.716618 0.760739 0.710132 0.642281 0.620234 0.441899 0.370886 0.474426 0.522132 0.504839 0.399553 0.317627
 0.261264 0.160799 0.127094 0.108462 0.122585 0.13225 0.152373 0.187049 0.226977 0.298128 0.368509 0.393376 0.390426 0.341947 0.371182 0.390205 0.584576 0.746693 0.920472 1.11133
 0.268365 0.247535 0.212201 0.212214 0.248295 0.346076 0.339644 0.352063 0.477582 0.547047 0.635337 0.820095 0.877925 1.21349 1.16981 0.947436 0.86763 0.957034 1.06169 0.825769
 0.263604 0.176451 0.170549 0.164066 0.207938 0.288052 0.31046 0.28538 0.340956 0.34441 0.481452 0.4828 0.428112 0.420231 0.387777 0.398052 0.324493 0.352382 0.352634 0.311009
 0.266797 0.212929 0.178107 0.14242 0.131271 0.133903 0.220774 0.309661 0.509736 0.801965 1.04501 1.21408 1.36225 1.48932 1.46499 1.4313 1.46829 1.80217 1.61167 1.20559
 0.263099 0.202254 0.183576 0.254856 0.375682 0.940644 1.51443 1.78294 2.04573 1.64541 1.33334 1.13573 1.05889 1.14146 1.05897 0.776988 0.848984 1.03848 1.31603 1.75607
 0.261385 0.216877 0.213332 0.241485 0.19264 0.195649 0.205786 0.141496 0.154513 0.215111 0.194103 0.181299 0.165043 0.179341 0.236387 0.242107 0.215842 0.22727 0.277443 0.262073
 0.262246 0.220291 0.257398 0.336614 0.404829 0.548704 0.801673 0.96939 1.0759 0.978621 0.851706 0.794735 0.948954 0.986312 1.14755 1.29287 1.24393 1.47421 1.46917 1.15728
 0.259436 0.169423 0.108068 0.0899199 0.0542551 0.0360057 0.0671593 0.0817337 0.101264 0.10308 0.115128 0.150802 0.179392 0.229601 0.357918 0.568181 0.589861 0.497353 0.373182 0.269971
 0.270013 0.188433 0.187996 0.292116 0.561675 0.645115 0.622707 0.585956 0.520887 0.488298 0.530504 0.521119 0.524932 0.510482 0.648867 0.740581 0.694906 0.833308 0.814654 0.992998
 0.263586 0.160215 0.141903 0.150069 0.12754 0.119146 0.194485 0.217898 0.230085 0.284975 0.277571 0.399721 0.404014 0.413805 0.412382 0.483774 0.476851 0.497699 0.405389 0.369471
 0.26748 0.314038 0.412644 0.62435 0.835288 0.839746 0.918994 0.850202 0.540014 0.388342 0.280332 0.21386 0.208603 0.210333 0.22479 0.347394 0.377114 0.439303 0.531568 0.59074
 0.250945 0.151493 0.0983576 0.115951 0.106719 0.166201 0.235749 0.276089 0.411722 0.621103 0.807519 0.833536 0.682342 0.616837 0.634805 0.614683 0.681806 0.649794 0.785977 0.759213
 0.247554 0.193874 0.24401 0.261142 0.311018 0.405418 0.676957 0.947975 0.884829 1.28341 1.35877 1.69667 1.67311 1.28436 1.06434 1.13525 1.23253 1.30222 1.13109 0.98346
 0.240124 0.15737 0.114613 0.112729 0.102912 0.144303 0.175887 0.227357 0.245408 0.257343 0.329534 0.457846 0.465922 0.572677 0.795535 0.78996 0.734419 0.840242 0.787398 0.583638
 0.251486 0.211087 0.221 0.325079 0.366874 0.424302 0.475962 0.534893 0.821847 1.15299 1.16003 1.313 1.18011 0.923945 0.786255 0.831384 0.966636 1.18063 0.92785 0.771648
 0.252727 0.19883 0.220532 0.345177 0.364944 0.324271 0.365781 0.548451 1.02182 1.18279 1.20712 1.06464 1.03045 0.906743 0.675559 0.579836 0.504478 0.401042 0.437258 0.465942
 0.240058 0.149904 0.13063 0.175171 0.17383 0.226392 0.312354 0.328632 0.308443 0.313857 0.370202 0.476662 0.513637 0.499572 0.41401 0.483829 0.563621 0.870516 0.919064 1.23416
 0.228328 0.154515 0.179861 0.216723 0.236826 0.278916 0.293527 0.35721 0.352454 0.438225 0.601022 0.890453 1.06891 1.35539 1.25852 1.14834 1.50676 1.29639 1.03305 0.917491
 0.219172 0.178473 0.225324 0.238113 0.266054 0.25629 0.236006 0.237612 0.182998 0.158579 0.176173 0.165997 0.143863 0.164606 0.23058 0.258695 0.229235 0.280702 0.389508 0.410884
 0.209974 0.0976201 0.0977618 0.113463 0.10409 0.129118 0.228554 0.293202 0.387859 0.640483 0.908772 1.07435 1.11038 1.23957 1.38589 1.74079 1.50092 1.12324 0.860212 0.832775
 0.210649 0.134577 0.123695 0.131761 0.206717 0.201409 0.185647 0.285177 0.417436 0.516466 0.859402 0.871703 0.887614 0.732563 0.618251 0.492034 0.400198 0.290738 0.199693 0.12872
 0.213936 0.2095 0.290646 0.371725 0.465815 0.450381 0.462073 0.48347 0.418177 0.327256 0.308535 0.322672 0.355724 0.340388 0.338786 0.413796 0.561101 0.586278 0.549496 0.581583
 0.193124 0.0619519 0.0307493 0.0224591 0.00787724 0.0124274 0.00605374 0.00633107 0.00496433 0.00522747 0.00704433 0.00970367 0.0122718 0.016684 0.0169699 0.0226254 0.0362079 0.054006 0.0741175 0.138997
 0.204121 0.0886252 0.0394942 0.00224913 1.17642e-09 6.74222e-25 4.21387e-31 4.47981e-46 2.89719e-52 3.79931e-67 3.63897e-73 4.64176e-88 4.28407e-94 5.16162e-109 3.92019e-115 5.6186e-130 4.14185e-136 4.63412e-151 4.74976e-157 3.7198e-172
 0.200753 0.110103 0.107253 0.120387 0.14485 0.197339 0.216001 0.272381 0.321284 0.420277 0.456291 0.461811 0.512465 0.703265 0.908716 1.1066 1.16252 1.14203 0.747295 0.413144
 0.207378 0.151699 0.0980981 0.097655 0.0786491 0.0771935 0.0616562 0.064383 0.0484394 0.0580724 0.0678684 0.0785249 0.0895691 0.105335 0.134291 0.17053 0.232377 0.293032 0.459053 0.486428
 0.202861 0.144687 0.108814 0.0914624 0.0726422 0.0817604 0.114262 0.127577 0.178337 0.229274 0.252404 0.232879 0.26171 0.286858 0.378189 0.448286 0.655686 0.989168 1.03302 1.20392
 0.202631 0.13063 0.131741 0.113837 0.104968 0.118554 0.1102 0.123897 0.138877 0.180719 0.221975 0.299582 0.250107 0.23063 0.263684 0.371202 0.447982 0.519509 0.669375 0.642425
 0.208655 0.128489 0.112149 0.0854261 0.151451 0.181978 0.209765 0.247773 0.306457 0.472791 0.436578 0.429753 0.542951 0.625742 0.635332 0.631077 0.698025 0.700312 0.672166 0.593323
 0.217155 0.173661 0.131005 0.14374 0.203299 0.248627 0.421099 0.629122 0.829426 0.896033 0.882839 0.992418 0.991624 1.25824 1.46606 1.42987 1.45345 1.87697 2.09104 1.57898
 0.218096 0.152412 0.132889 0.156744 0.302231 0.519627 0.459033 0.575799 0.696291 0.822379 0.656108 0.584966 0.730081 0.601818 0.655051 0.604331 0.626038 0.699233 0.710937 0.538649
 0.218359 0.170027 0.168124 0.139671 0.191743 0.310966 0.532688 0.709881 0.759192 0.738063 0.605306 0.589989 0.670997 0.687033 0.566733 0.579987 0.555341 0.507911 0.524279 0.483322
 0.210047 0.115006 0.0848702 0.0661267 0.0504222 0.112719 0.14469 0.223477 0.250196 0.286688 0.317926 0.407293 0.454268 0.436671 0.50212 0.69565 0.989427 1.22586 1.54453 1.88301
 0.216191 0.178524 0.179509 0.156975 0.154969 0.141289 0.242599 0.304375 0.418555 0.416 0.451497 0.535459 0.529829 0.609914 0.553845 0.501628 0.58939 0.679399 0.807315 0.693955
 0.214222 0.112525 0.0978441 0.074673 0.0582887 0.0627434 0.0744693 0.10846 0.131449 0.12648 0.116236 0.0849422 0.0822573 0.118748 0.141399 0.203272 0.198362 0.240179 0.292632 0.436814
 0.223164 0.157055 0.114624 0.0737674 0.0656487 0.0780774 0.103038 0.170758 0.277361 0.298206 0.42239 0.553789 0.59267 0.562427 0.511399 0.472812 0.563601 0.637564 0.920196 1.03809
 0.210719 0.14859 0.187486 0.282529 0.307001 0.34492 0.415306 0.59627 0.840441 0.965709 1.29127 1.34692 1.18875 0.947017 0.876031 0.957317 1.0654 1.21182 1.56797 1.38788
 0.200428 0.0929138 0.0811598 0.0706311 0.0882914 0.0784122 0.0865663 0.138974 0.252765 0.309883 0.330343 0.281597 0.227746 0.250755 0.247395 0.219733 0.193891 0.189119 0.197596 0.338896
 0.205349 0.155678 0.119299 0.112512 0.0983625 0.101413 0.146399 0.169334 0.168915 0.224901 0.235848 0.317346 0.308786 0.233508 0.207353 0.2463 0.389924 0.506521 0.554742 0.575146
 0.202928 0.135858 0.12741 0.112702 0.142889 0.157443 0.200808 0.253843 0.345593 0.382633 0.326536 0.314728 0.25936 0.189199 0.141087 0.177286 0.162096 0.265687 0.339628 0.429274
 0.208847 0.1769 0.175549 0.15668 0.106522 0.101306 0.0854678 0.0629029 0.0540319 0.0573279 0.0589633 0.0947283 0.133575 0.320701 0.461174 0.970041 1.37082 1.32639 1.23573 1.33837
 0.206651 0.105597 0.0627721 0.04833 0.0411576 0.0496726 0.0987469 0.229451 0.387302 0.527373 0.496227 0.459496 0.470956 0.585015 0.915242 0.907032 0.998245 1.06281 1.1644 1.62695
 0.205874 0.106497 0.0915348 0.103116 0.160014 0.275586 0.494015 0.547483 0.497141 0.604742 0.508249 0.349855 0.256837 0.201778 0.261997 0.263585 0.23429 0.299272 0.375489 0.36311
 0.210332 0.13598 0.177459 0.296274 0.336297 0.365309 0.359771 0.414389 0.472893 0.606745 0.732441 0.931972 0.926763 0.78084 0.644845 0.563975 0.677229 0.815066 0.834416 0.850325
 0.211937 0.151291 0.139731 0.123279 0.190681 0.344184 0.464645 0.491152 0.640938 0.645349 0.622646 0.522889 0.39745 0.272219 0.179394 0.221066 0.292623 0.445392 0.604022 0.810025
 0.203649 0.161809 0.162177 0.221774 0.291827 0.491957 0.470405 0.36921 0.379664 0.391167 0.397828 0.508264 0.627829 0.728174 0.869072 0.768498 0.535664 0.493163 0.5364 0.532554
 0.204206 0.179351 0.163021 0.146569 0.231774 0.343238 0.432963 0.541391 0.57162 0.456156 0.311369 0.295149 0.325857 0.337147 0.462578 0.604569 0.682657 0.719108 0.842394 1.17494
 0.18832 0.0952766 0.166447 0.247225 0.263924 0.251452 0.256061 0.317476 0.445516 0.52634 0.567075 0.582368 0.558811 0.750567 1.04204 0.838301 0.565239 0.434694 0.387726 0.430569
 0.192558 0.162075 0.128617 0.111531 0.145177 0.197752 0.353958 0.400578 0.482606 0.527183 0.558064 0.722215 0.841234 1.06102 0.952172 0.86784 0.857381 0.811637 0.801266 0.710159
 0.192898 0.159182 0.144906 0.199931 0.23091 0.266899 0.358012 0.37631 0.359382 0.389995 0.446643 0.585462 0.61918 0.470868 0.526734 0.503073 0.535078 0.590741 0.577805 0.713609
 0.183517 0.0769827 0.0495066 0.0608933 0.047834 0.0637872 0.0644625 0.0891353 0.124443 0.187107 0.310761 0.382322 0.427746 0.430789 0.494821 0.534215 0.637315 0.685773 0.73859 0.638976
 0.191139 0.194842 0.168907 0.185446 0.203437 0.185545 0.327775 0.446243 0.626348 0.830797 0.837295 0.858866 0.984512 1.51148 1.80455 1.80194 1.72352 1.70188 1.67379 1.30142
 0.189507 0.151091 0.134599 0.137324 0.138879 0.237594 0.320221 0.336369 0.306249 0.337745 0.338144 0.399614 0.581865 0.554496 0.457231 0.490058 0.51429 0.544803 0.562797 0.567356
 0.188004 0.129243 0.190878 0.210927 0.251806 0.423673 0.500878 0.624884 0.814472 0.887187 0.886104 0.904984 0.741128 0.471547 0.347196 0.305434 0.339096 0.43231 0.369793 0.32065
 0.193194 0.103059 0.0907213 0.143196 0.307233 0.376022 0.596288 0.653026 0.716247 0.778662 0.717577 0.634847 0.718628 0.803567 0.860386 0.776904 0.779388 0.755604 0.718701 0.80524
 0.201553 0.136237 0.0891055 0.0706021 0.062707 0.102919 0.124171 0.0959323 0.0790495 0.0771696 0.0633769 0.0637586 0.0807723 0.104258 0.195948 0.212128 0.193327 0.209098 0.276291 0.314782
 0.204533 0.213979 0.205148 0.225896 0.259128 0.308411 0.402569 0.439685 0.439206 0.484377 0.58556 0.579914 0.450207 0.499927 0.645009 0.784466 0.793594 0.619243 0.427741 0.40878
 0.192799 0.0678036 0.0132499 3.81826e-07 3.26758e-24 1.93377e-29 2.35861e-46 1.1483e-51 2.08703e-68 1.1516e-73 2.68066e-90 1.50493e-95 2.2157e-112 1.19308e-117 1.97048e-134 7.52034e-140 1.02346e-156 5.81572e-162 8.46613e-179 7.28383e-184
 0.205962 0.139344 0.15444 0.214933 0.308215 0.384357 0.617086 0.806066 0.71533 0.57287 0.470504 0.353087 0.325771 0.269233 0.359137 0.438605 0.440063 0.529219 0.647295 0.701704
 0.216565 0.177823 0.20063 0.263827 0.314033 0.298528 0.364761 0.449539 0.393834 0.368939 0.374291 0.478794 0.634867 0.587685 0.476889 0.385009 0.393081 0.433614 0.696345 0.780658
 0.225472 0.215072 0.281673 0.308786 0.305071 0.518984 0.679768 0.826793 0.782662 0.809825 0.779044 0.727647 0.60383 0.521067 0.405024 0.373298 0.408307 0.522222 0.711478 0.718534
 0.213945 0.120233 0.0649933 0.0681037 0.0556312 0.0524792 0.0999528 0.143644 0.136907 0.115781 0.205149 0.292536 0.408588 0.667741 0.709618 0.778131 0.759046 0.708735 0.9119 1.12502
 0.219022 0.190773 0.244012 0.333593 0.429393 0.55075 0.702308 0.647526 0.62082 0.852578 1.07895 1.51441 2.17591 2.03108 1.87262 1.57752 2.18746 2.39389 1.76268 1.31875
 0.214406 0.158345 0.250193 0.28371 0.444839 0.567373 0.578371 0.532349 0.524427 0.534367 0.445697 0.401404 0.29753 0.27841 0.21729 0.228632 0.259173 0.220837 0.260979 0.403088
 0.214021 0.263899 0.235537 0.185392 0.15721 0.138658 0.168314 0.208992 0.287846 0.355649 0.327981 0.309372 0.323682 0.338843 0.449415 0.517961 0.571401 1.03943 1.17859 1.21349
 0.212669 0.224848 0.266855 0.247577 0.17338 0.167459 0.176336 0.227597 0.292476 0.345944 0.414417 0.468901 0.592301 0.638638 0.910735 0.950182 0.821976 0.642876 0.51579 0.458417
 0.200679 0.12837 0.18964 0.205182 0.157452 0.142461 0.16649 0.252396 0.468163 0.632259 0.678935 0.565879 0.479206 0.458174 0.379729 0.205138 0.0986324 0.0736971 0.0391131 0.0286011
 0.196605 0.150503 0.144214 0.159944 0.13693 0.20271 0.184659 0.191023 0.339765 0.465344 0.510207 0.605251 0.818009 0.835229 0.925171 0.944256 0.852515 0.742778 0.569673 0.593219
 0.199827 0.243407 0.203847 0.137548 0.0878591 0.0846809 0.0874733 0.106388 0.135576 0.192577 0.483952 0.611328 0.691801 0.751468 0.717474 0.548952 0.437304 0.363605 0.441281 0.469704
 0.189974 0.138654 0.156749 0.16253 0.192512 0.224982 0.236985 0.299494 0.425909 0.498758 0.436784 0.425886 0.491693 0.558469 0.693399 0.692465 0.615919 0.39014 0.312622 0.315585
 0.193066 0.145113 0.132584 0.133978 0.152814 0.190197 0.260944 0.347254 0.335881 0.401362 0.406036 0.447231 0.649995 0.723164 0.882309 1.04308 1.33049 1.55463 1.10567 0.698658
 0.195512 0.153744 0.153752 0.194467 0.337853 0.498584 0.562282 0.644511 0.653382 0.550521 0.554227 0.664665 0.671651 0.820287 0.805802 0.810459 0.714046 0.665538 0.542283 0.506182
 0.188736 0.0791593 0.0802561 0.103401 0.113878 0.120659 0.133123 0.121934 0.181021 0.25852 0.353284 0.469241 0.491915 0.47638 0.524438 0.607592 0.677395 0.681952 0.667645 0.77985
 0.206732 0.166708 0.103948 0.102869 0.0912277 0.140693 0.224564 0.268222 0.291568 0.2783 0.268503 0.23335 0.257397 0.262827 0.325203 0.437558 0.522983 0.545102 0.536335 0.590973
 0.205111 0.131591 0.208446 0.229985 0.278123 0.380396 0.468841 0.513806 0.54117 0.411827 0.534229 0.646324 0.546103 0.493348 0.580935 0.784571 0.803816 0.93345 0.884054 0.879255
 0.208389 0.163836 0.2138 0.309546 0.506952 0.663146 0.601865 0.554417 0.470143 0.416776 0.57928 0.779557 0.702093 0.586248 0.670068 0.491904 0.370221 0.315058 0.37959 0.616444
 0.212319 0.135495 0.139852 0.0969702 0.103975 0.117524 0.153025 0.207833 0.314011 0.500811 0.797625 0.95549 1.07353 0.900686 0.808003 0.699271 0.53635 0.444375 0.665599 0.73484
 0.214341 0.135948 0.114563 0.0883803 0.091842 0.117771 0.154704 0.250257 0.458852 0.826357 1.07406 1.10186 1.00532 0.892413 0.802333 0.690352 0.651547 0.629054 0.68989 0.715949
 0.213744 0.153428 0.164711 0.234762 0.252104 0.362868 0.606328 0.859427 1.29564 1.33125 1.42397 1.22764 1.03971 1.12094 1.20388 1.23727 1.06772 0.726414 0.594183 0.582999
 0.225165 0.188263 0.157497 0.136994 0.223733 0.34251 0.582985 0.518742 0.537828 0.446495 0.48654 0.395892 0.306158 0.275921 0.311758 0.242718 0.189438 0.152696 0.199785 0.210354
 0.22092 0.155623 0.152309 0.207163 0.258711 0.326898 0.394998 0.357743 0.258036 0.379125 0.607395 0.95126 1.32623 1.49113 1.38471 1.42237 1.26059 1.10214 1.10023 1.05159
 0.222571 0.136598 0.116658 0.124433 0.215754 0.262386 0.345212 0.417162 0.572179 0.724507 0.812048 0.751606 0.698951 0.645 0.639763 0.622992 0.571039 0.473347 0.453581 0.548502
 0.224122 0.228895 0.236511 0.308659 0.267197 0.249907 0.34262 0.411116 0.440862 0.384088 0.381621 0.304963 0.2373 0.256772 0.301327 0.28803 0.234199 0.260869 0.41013 0.608338
 0.223545 0.144478 0.121285 0.118997 0.0823169 0.0940179 0.0939594 0.158648 0.154975 0.225192 0.343834 0.484513 0.566451 0.825135 0.954897 0.86318 0.689139 0.621839 0.506582 0.411994
 0.221966 0.140682 0.0928354 0.0732323 0.105071 0.120847 0.193767 0.225171 0.405948 0.600865 0.790845 0.935098 0.986731 0.823086 0.574883 0.348537 0.223015 0.20719 0.226865 0.281595
 0.233767 0.282475 0.344182 0.358999 0.449816 0.665613 0.805647 0.830596 0.676586 0.57562 0.533351 0.409279 0.239824 0.194482 0.155703 0.272148 0.422991 0.541593 0.559417 0.666276
 0.222748 0.153306 0.136532 0.157811 0.152928 0.130513 0.176153 0.345987 0.530144 0.641096 0.812714 0.916519 0.829025 0.804519 0.778066 0.827256 0.738992 0.597185 0.539109 0.731654
 0.222015 0.142626 0.117279 0.0584638 0.0317365 0.0347162 0.0489889 0.102631 0.151815 0.261444 0.301569 0.302446 0.34675 0.395979 0.443645 0.490058 0.433591 0.474303 0.453704 0.410643
 0.220658 0.185855 0.192275 0.31095 0.527099 0.671377 0.659371 0.802863 0.93876 0.75146 0.450612 0.431088 0.407027 0.470036 0.49562 0.531213 0.622049 0.580654 0.449529 0.401414
 0.224022 0.301138 0.359643 0.277265 0.171539 0.164788 0.198898 0.290148 0.388224 0.412674 0.421704 0.407035 0.392102 0.386638 0.350174 0.291802 0.323529 0.32504 0.2827 0.299704
 0.228088 0.195438 0.179066 0.153271 0.114898 0.139174 0.146377 0.146593 0.140483 0.169434 0.196915 0.218156 0.198424 0.1702 0.194677 0.263927 0.221108 0.214891 0.28182 0.399744
 0.222059 0.126491 0.1092 0.0958867 0.129262 0.143339 0.238536 0.224616 0.241304 0.276104 0.268095 0.380865 0.525642 0.803327 1.10171 1.18261 1.09406 1.03664 0.850349 0.603007
 0.221842 0.149228 0.133991 0.143835 0.238422 0.414736 0.611526 0.95555 0.938885 0.817546 0.814779 0.833551 0.839223 0.808268 0.783654 0.93941 1.33171 1.53597 1.7164 1.66084
 0.223446 0.212241 0.247558 0.2807 0.27756 0.336584 0.385179 0.432798 0.54426 0.535637 0.533235 0.615711 0.902431 0.992496 0.757876 0.563194 0.375993 0.288123 0.242995 0.187921
 0.222067 0.124274 0.121769 0.132072 0.191876 0.223435 0.249018 0.298428 0.364763 0.353838 0.437743 0.476585 0.458217 0.629026 0.817846 0.900918 0.774274 0.610245 0.517332 0.476129
 0.227226 0.175076 0.212077 0.249391 0.377524 0.546202 0.80516 0.791542 0.824014 1.04961 1.33717 1.2901 1.19207 1.26538 1.169 1.29023 1.18404 0.754569 0.454231 0.369955
 0.219872 0.174271 0.159523 0.171561 0.174497 0.164444 0.18067 0.217543 0.24114 0.199926 0.153399 0.153782 0.187037 0.230762 0.315761 0.327035 0.412886 0.420377 0.356212 0.338695
 0.219331 0.120389 0.124697 0.155259 0.231869 0.251343 0.313494 0.39302 0.525496 0.631658 0.660198 0.727366 0.784719 1.1039 0.977489 0.78605 0.877383 1.04353 1.08664 0.975343
 0.218151 0.121369 0.0967279 0.0888443 0.0755287 0.0777804 0.143682 0.254736 0.431763 0.407176 0.323343 0.273277 0.276117 0.432806 0.741686 1.14407 1.0509 0.849302 0.817513 0.729246
 0.236288 0.26701 0.318631 0.383031 0.594736 0.767887 1.20746 1.29404 1.05554 0.832644 0.618609 0.593517 0.590502 0.682173 0.930719 1.64023 1.9348 1.67117 1.19119 0.82938
 0.236916 0.255844 0.456808 0.5603 0.594734 0.845041 0.729017 0.6188 0.637296 0.577079 0.607818 0.679429 0.646325 0.494885 0.330473 0.281741 0.247042 0.438635 0.546131 0.541632
 0.230309 0.1956 0.279044 0.369372 0.394448 0.383046 0.358195 0.398166 0.437352 0.382268 0.50761 0.61579 0.842406 1.23887 1.37618 1.7459 1.81016 1.52043 1.05357 0.794031
 0.228518 0.112886 0.0799764 0.0672378 0.0892181 0.135283 0.272745 0.53598 0.994743 1.48466 1.32503 1.22748 1.37959 1.46388 1.73648 1.49549 1.08663 0.890005 0.723043 0.505443
 0.239026 0.153144 0.151848 0.274691 0.292195 0.312974 0.327175 0.308038 0.37252 0.50378 0.518079 0.428069 0.339592 0.268817 0.328027 0.360641 0.352089 0.381842 0.388459 0.384488
 0.232215 0.138113 0.141231 0.145488 0.178972 0.31843 0.486984 0.588328 0.747391 1.0052 1.18675 1.35981 1.45627 1.17176 0.735075 0.520989 0.387916 0.317732 0.285408 0.25613
 0.243546 0.217944 0.192252 0.259741 0.320162 0.508253 0.881539 1.12444 1.04493 1.02595 1.15541 1.00293 0.771525 0.669438 0.765999 0.864823 0.944668 0.878732 0.687214 0.683706
 0.239172 0.164982 0.235508 0.251661 0.212339 0.168508 0.175423 0.167633 0.161812 0.145493 0.116814 0.138979 0.16454 0.215132 0.278028 0.319465 0.352485 0.387142 0.507345 0.600369
 0.241726 0.195348 0.25232 0.351949 0.514927 0.778987 0.753683 0.743388 0.677388 0.711856 0.589486 0.528954 0.509268 0.530085 0.609108 0.691512 0.942827 1.04594 1.09336 1.15823
 0.246035 0.215095 0.205573 0.167805 0.198241 0.277792 0.302516 0.300726 0.281742 0.255222 0.281167 0.252597 0.214303 0.160442 0.171697 0.175283 0.226606 0.353224 0.598762 0.937946
 0.225894 0.151213 0.152325 0.205082 0.268133 0.23133 0.194672 0.228021 0.252765 0.302412 0.593036 0.960023 1.38311 1.71965 1.56959 1.2208 1.48312 1.61344 1.22371 0.847214
 0.225365 0.16993 0.154103 0.143531 0.194907 0.298578 0.407225 0.792684 1.07561 1.37937 1.99008 2.08482 1.88388 1.52838 1.49008 1.43135 1.40164 1.17029 1.10982 1.29407
 0.227816 0.168175 0.148045 0.18134 0.215549 0.338539 0.478416 0.737355 0.836288 0.79415 0.899482 1.08147 1.055 0.982336 0.943864 0.87506 0.691664 0.587342 0.589844 0.509461
 0.237703 0.251622 0.352582 0.492939 0.55129 0.618639 0.676383 0.612771 0.519435 0.490501 0.5264 0.424139 0.303071 0.195745 0.209583 0.169242 0.164448 0.182291 0.299944 0.358625
 0.234128 0.214635 0.178664 0.151471 0.120469 0.132978 0.153903 0.168982 0.176328 0.311401 0.317342 0.353795 0.51222 0.717643 1.05784 1.23652 1.3596 1.16651 1.08165 0.983279
 0.225439 0.174131 0.226 0.271825 0.256166 0.221872 0.150113 0.108753 0.124596 0.119309 0.111662 0.105248 0.155745 0.265893 0.328221 0.400814 0.376718 0.316605 0.267269 0.268328
 0.233199 0.174136 0.173345 0.317205 0.509039 0.642865 0.722783 0.660499 0.645999 0.95356 1.07484 0.782348 0.568521 0.47006 0.508957 0.617505 0.658335 0.592234 0.46607 0.41292
 0.23822 0.217009 0.26328 0.253168 0.326169 0.411006 0.515003 0.82383 0.923381 0.788088 0.6767 0.691782 0.75406 0.784052 0.794465 0.662225 0.50778 0.606367 0.660715 0.646421
 0.245355 0.19696 0.337142 0.372152 0.440574 0.49379 0.654975 0.681753 0.835061 0.955514 0.805086 0.643206 0.759763 0.8424 0.8397 0.792843 0.638803 0.461703 0.322155 0.26612
 0.245525 0.19099 0.147158 0.117362 0.12132 0.19424 0.261395 0.395782 0.895504 1.14265 1.40428 1.47172 1.55357 1.19084 0.782809 0.678812 0.730724 0.523305 0.472926 0.612287
 0.24468 0.220989 0.260871 0.280599 0.302707 0.2726 0.245746 0.20585 0.263764 0.313387 0.303837 0.301794 0.249825 0.273229 0.28849 0.328852 0.52349 0.665527 0.851872 1.11641
