 224139 194765 174008 211412 187071 116584 96425.2 89719.3 64684.6 73748.3 128685 162077 143392 192192 282596 262089 241352 233001 237670 274956
 224139 182300 277649 195609 146263 106861 91655.4 92868.7 58745.7 253875 246706 206642 241564 161193 158162 178402 184705 182829 281831 278371
 224139 164043 139248 278997 365077 245652 152234 94986.7 76119.5 161059 147394 234206 244923 373438 365319 240141 212929 209303 232234 221053
 224139 259423 220521 355906 182259 153679 111716 76455.2 75508.2 61437.4 95016.9 201307 209225 240847 252057 330511 299827 229735 332748 340345
 224139 324737 250659 244201 217113 145531 101811 79603.8 77140.2 109185 139331 202111 299377 221850 205361 215471 274219 208215 107096 154075
 224139 297021 256328 332298 322375 215026 167450 132814 75150.4 160202 232332 232909 234555 232855 237981 199624 185995 288200 290529 269009
 224139 175969 256299 176860 227778 175038 83839.8 99032.7 83361.5 55961.4 151138 111690 195203 168959 148460 171317 124412 137522 158223 193958
 224139 222591 291357 346694 235866 144098 113271 97406.2 76799.4 222011 330860 416658 388577 279705 310458 278505 182490 219906 186431 471539
 224139 453315 429800 283208 220515 125545 93090.7 75353.5 91507.9 299512 254025 212564 144435 231032 240538 225857 190795 220927 207967 243129
 224139 269398 329267 349642 271595 210635 123901 70832.2 78442.9 100218 108851 126418 146610 136155 127929 129865 112486 112086 166487 222289
 224139 208144 178772 182495 173643 168415 111068 73529 63647.1 128017 137692 147924 162955 217372 307334 205014 295219 248068 210695 151192
 224139 171608 153584 251338 241437 179219 112425 90588.3 66453 130472 162732 122416 101179 132639 105282 87398.2 141426 161533 163293 149933
 224139 197094 203453 144867 194381 136436 111516 83982.3 89118 277249 173581 200637 215846 161889 291248 260874 130650 193319 172267 162972
 224139 180286 197378 230421 243725 201107 165911 95080.3 72229.2 182363 234201 432796 351418 313823 279323 247584 212649 218995 177334 133261
 224139 218067 211587 354328 282242 189167 86708.9 66363.6 69943.6 105589 179673 171695 212879 200707 203937 187365 240250 238437 230166 182368
 224139 286397 541095 298051 250836 121133 72916.6 77527.9 87969.3 159589 259252 283244 258572 355393 330649 259292 218339 213329 241761 224923
 224139 214994 337511 295784 235165 213037 121680 94678.6 77309.5 117486 119078 220169 276302 189816 209570 178257 192181 185591 213534 241995
 224139 256805 244184 125777 140649 114469 98244.6 88071.6 78215.9 117413 129519 129800 199771 308993 266090 232520 208585 182384 217449 177115
 224139 339913 185411 201478 176165 150910 95208.4 83060.2 65853.8 141562 206142 170806 199594 434391 310334 214212 148527 205113 253817 254257
 224139 211018 206750 140979 136684 135268 133804 89406 59244.7 144636 222649 355778 320273 315532 257046 231272 209278 228837 240114 254789
 224139 138159 137684 204187 242502 234896 136214 84032.5 64171.2 153933 157236 165449 148519 142923 104272 151447 282750 328131 318042 347285
 224139 265233 325648 538952 324137 186070 142942 117113 85431.7 72341.4 224101 210893 298349 365531 299500 270232 241348 242782 170159 198583
 224139 233335 319772 311607 300178 205507 120128 110131 72758.4 107021 125470 124282 133526 184127 190712 220796 191965 166614 233772 268115
 224139 272008 217291 244596 245669 156659 107461 90112 68295.2 82462.1 176758 142276 196129 177973 209522 192152 217792 201384 291750 292769
 224139 242057 226562 379741 349005 224852 192664 127848 72744.4 112075 182238 230642 163014 195278 265354 271686 323107 291254 193856 275288
 224139 209002 146340 174597 224833 134058 89287.8 83399.9 69438.8 90971.4 96038.7 167869 255388 294591 302414 270541 223094 178960 169729 161774
 224139 238468 283044 159488 234332 124306 104245 98858.9 57565.5 90735.5 150531 176227 152467 282509 245424 201796 155069 177554 177701 156254
 224139 216218 151934 180111 241212 159103 95691.4 96404.2 86926.9 105470 311167 217503 213216 212409 218209 203811 153051 199904 281113 303747
 224139 165534 252270 234118 263421 194133 126586 150481 51689.2 110872 168053 205438 193603 210024 155576 194685 173149 231832 247445 191584
 224139 343167 322766 259943 215614 148948 124483 69404.1 56777.2 128080 119069 194163 144898 220344 296593 229374 244156 236614 108058 183668
 224139 276875 374706 369124 286108 179720 130746 62202.1 69004.4 272126 287986 206130 230474 289693 213084 263713 289013 251680 281811 217893
 224139 192531 158977 168412 146767 104224 108991 72266.1 55825.4 133525 124184 182001 215506 188638 200689 184410 146766 140005 195728 189731
 224139 239752 200101 208562 134618 101761 76124.2 62541.4 72118.3 71405.4 123487 180209 268447 283962 336731 254703 276665 254061 232234 156576
 224139 243525 221830 181411 156370 123076 78258.5 50887.3 62033.3 96962.3 125541 160242 172984 312374 344650 179451 217174 171265 236697 238555
 224139 155429 198431 190050 202582 158746 118576 70891.2 64810.2 107170 88786.5 149913 151766 210507 246494 222079 192677 177964 165704 111780
 224139 201937 247360 263528 271150 201013 143013 87867.5 90277 113032 158369 244317 273469 298648 212586 202505 274849 165813 138668 224398
 224139 207894 356082 332818 305541 256705 166915 99505.9 83249.5 126919 176851 213084 346258 296761 241279 194432 186705 136326 189242 172912
 224139 342736 255711 192385 266158 148084 109882 102050 84398.5 112421 180712 145765 131029 177584 172018 218477 151975 229911 167598 255774
 224139 198479 273320 192178 229192 135944 111698 57955.7 70543.7 80005 172873 137892 137691 233623 223591 184800 187616 165114 147606 164148
 224139 286583 316850 296871 235462 131896 92591.4 84377.6 63322.5 100425 175894 156882 159438 203321 196761 226534 168395 185746 263504 425635
 224139 195251 233575 192676 225613 156672 82427.2 63623.2 69424.6 126750 136630 163392 249467 191375 165216 124524 108929 89578.3 130291 218305
 224139 269620 269136 371302 190827 174110 107754 85744.1 85007.1 272285 206034 279727 195903 149880 247627 203902 199132 369813 363742 244061
 224139 270747 169061 236207 218316 170059 130210 73064.6 76352.4 108435 396183 327801 323275 248614 201624 174246 133605 160312 153682 155016
 224139 202578 230168 224514 235373 164972 106623 96523.6 54663.5 244453 272392 276850 236621 291649 285088 303976 211147 221129 220335 225494
 224139 225198 273535 240033 242350 225703 140620 82279.3 63761.5 200755 228465 270483 252212 245358 295486 214516 226670 205469 262293 189938
 224139 258692 237969 262586 261366 160003 101342 60890.4 67171.8 78823.9 169461 249255 218277 243440 186292 245748 177607 254621 256088 186466
 224139 240630 232064 256033 252948 216987 137428 74824.8 83804.7 134082 149048 273764 330197 284875 226560 194715 262819 265820 167487 187971
 224139 205707 199640 339218 297956 181609 138757 78736.4 65454.8 117180 128373 148618 199955 182326 176426 187201 148467 167671 140476 191405
 224139 177736 236205 287187 256821 140813 104269 76010 90985.5 155926 192452 148241 147664 144345 122774 245547 269545 348186 283122 253665
 224139 217879 249094 221986 301713 260649 178838 116176 90645.3 150919 147502 164725 130304 135249 179694 166147 231024 221632 277657 278525
 224139 200558 184710 171375 193942 166044 126280 84138.9 73091 203581 231198 197261 241788 280965 294876 212166 202238 282384 333438 292003
 224139 194319 189955 158141 272836 261339 125324 112093 77067.3 139715 188420 188212 265546 253528 186885 153768 185417 133921 125601 168443
 224139 184402 189963 174201 202075 155927 119815 72734.2 68493.7 142476 188921 265685 217910 171443 164152 159185 211331 192619 195898 192306
 224139 180790 130719 146019 220586 169221 127682 79646.8 70826.5 109489 167395 177018 165652 189771 185029 191968 269973 197649 192493 196604
 224139 263350 139060 149795 161615 150854 109268 78029.5 58931.2 126814 199897 146914 187252 172141 215177 261869 208425 203365 186679 176374
 224139 269593 232810 280358 413642 165934 187482 101105 79768.3 183509 276087 294738 191472 231875 173875 179577 333452 239169 274608 308903
 224139 243645 180941 183551 152606 121666 62909.8 59596.6 64675.5 122521 223894 235338 189988 198574 285235 261980 187267 173861 170902 238151
 224139 169581 155421 143670 222606 170909 122484 85752.5 79574.5 151861 192578 180717 255156 157780 134396 161778 280946 177229 249813 172518
 224139 239255 273550 228713 297805 164462 104310 90859.3 69693.2 130131 244497 219050 197439 212048 255009 183148 203996 200328 168298 284065
 224139 187148 213810 209579 174213 148820 101308 82798.5 59781.4 178770 204067 169862 158245 122769 139722 149346 157703 165225 247837 240192
 224139 438059 258623 192225 255938 141163 97083.5 91418 75746 148830 151384 225891 275387 243429 233307 177611 230092 199635 162087 135496
 224139 347985 245613 186801 319600 195674 105532 85855.6 82299.4 121550 168949 182727 258589 265163 197881 164497 147804 183578 261036 254308
 224139 185709 187770 271223 197421 173631 131855 106438 72291.6 159266 185277 149105 177910 225458 191100 153080 187205 174036 122242 202379
 224139 168195 190570 182523 203803 167458 134551 95312.2 68647.1 67596.5 130115 178049 176424 160905 157339 121872 114221 124168 143998 173423
 224139 181761 237901 217040 175939 139250 140883 83827.7 62515.7 189690 231275 209185 185950 190828 188517 218884 210005 209575 248392 211811
 224139 142727 137393 235745 168562 125692 64880.2 68599.3 58853.1 234045 266672 220018 226202 212871 145580 143394 109975 208313 220111 210047
 224139 226137 264909 236401 253547 218172 99315.4 83785 83432.1 108639 140679 144639 160203 169421 210313 208619 169058 218351 219851 204888
 224139 288654 217813 224860 195545 188174 103720 76293 70652.8 103037 188070 114826 162910 248554 203122 195115 148405 166157 214612 193760
 224139 239273 147153 166662 154140 122619 140744 57760.5 67530.7 146389 145669 214334 149905 206802 242738 209011 249252 312721 228300 278970
 224139 297018 251015 275720 280223 198176 149096 112756 62362.5 136217 121148 104408 142051 129757 142685 178303 246916 282456 231088 206176
 224139 205401 186703 222448 203000 148694 96794.4 95528.1 81309.2 144797 208739 232019 224204 246442 297764 257884 261539 271633 245941 284562
 224139 162217 193257 194653 211397 165331 99583 84983.7 75562.9 98308.4 409806 293754 234347 244161 312691 366568 316940 256419 240969 270918
 224139 294737 199171 161106 152972 120881 110678 95470.8 61091.8 124777 168665 161212 151238 174268 180684 247299 249407 151898 168973 203857
 224139 148299 189479 185098 210663 146614 101876 74039.8 58633 83600.7 91959.7 87813.9 143010 253212 214654 205885 178113 202901 226316 268339
 224139 173246 195981 440049 349880 279784 116828 73777.6 65357.4 73898.9 125799 115790 159090 202802 256941 273812 199143 189664 178404 136883
 224139 161286 163541 194501 157529 140767 87876.6 80450.2 75567.9 322344 189926 428247 229697 259544 201814 196553 208802 208608 282754 261420
 224139 368772 345069 245308 235687 177337 113479 90572.2 67733.8 94623 168591 178018 317973 343116 233620 196010 181431 232943 192103 240949
 224139 239616 258230 149717 159745 143644 80251.5 84757.5 62184.9 121542 182223 237492 179221 204256 145944 147599 147591 193296 233103 157952
 224139 143930 248639 270063 237757 172173 119870 83363.4 79986.8 128665 166199 190737 226827 215539 117181 124213 275062 262557 184792 150894
 224139 231161 322824 262150 243583 160244 81149.8 99462.4 61305.8 108330 120655 143368 137042 138776 172979 267662 240478 151640 123999 154117
 224139 166628 157857 187481 203424 167816 95321.4 85347.2 60389.6 145551 168154 149030 166608 126886 186947 173654 268938 239338 295793 290490
 224139 248441 211917 211971 172700 152442 88408.2 109268 74024.4 109584 156239 230692 240878 352265 226197 180505 188926 185448 291317 247645
 224139 181554 224898 160292 188411 156053 124491 78899.1 53969.6 74707.4 196522 211277 163242 163076 166978 196193 160864 185909 204365 152806
 224139 272895 141297 121380 130849 130519 101168 97955 63720.5 149252 224810 211487 214867 268160 220223 287616 280066 236051 251408 182981
 224139 222788 202859 245353 275035 171176 152052 99943.9 74624.6 94661.6 171803 228355 231089 278690 219742 206668 274927 346679 296394 308310
 224139 222011 211534 194502 221133 105748 89005.6 76940.2 62453.5 251472 158516 128926 126840 124693 169497 166188 152888 203292 205652 142536
 224139 225546 189334 197411 245008 148833 129465 93477.5 75620.8 117976 195204 217773 283878 195006 256944 268374 285803 279424 289748 265186
 224139 189248 159446 188627 185456 129307 57313.4 58197.4 63473.7 136005 151792 204471 131082 156342 223458 229682 211660 180383 159125 106834
 224139 226255 185311 239468 387805 323346 142768 99937.4 93329.9 118353 163370 186010 193914 161667 211979 194006 143836 305703 253541 238986
 224139 164070 188797 194491 187490 135601 91041.6 72417.2 59065.4 125807 116786 224731 226447 223487 194220 221146 183860 187086 201137 205386
 224139 266054 215621 244988 339832 240374 118007 102391 72380.6 141219 122032 130464 139760 179516 159242 175991 205517 194178 188127 213997
 224139 182721 151154 194962 130019 129693 107707 83007.3 54225.9 149088 195062 179019 156946 192207 182666 183260 271296 214420 286878 232105
 224139 202410 326086 223670 242774 163467 118412 110545 53045 415849 277797 275873 238055 197047 264852 276128 238977 312072 272515 212808
 224139 239421 173241 179011 172258 161882 90375.5 61092.3 56611 117355 194105 225289 175766 194624 236197 187310 193789 228055 253353 184323
 224139 199629 236779 281218 272789 181644 118048 115444 59451.5 203624 165020 215689 164327 152968 165168 277490 176438 247842 218978 251544
 224139 175522 204274 328759 296363 200047 93756.2 85969 87666 118734 181015 155499 223795 187145 169174 139563 195147 137115 161722 205431
 224139 175273 146715 252440 245574 155960 81680.6 75342.7 74757.1 147742 170384 228861 173678 202941 185473 312568 244308 342876 267735 284886
 224139 145248 192705 196587 184381 142313 106473 81233.6 82159.9 182319 222559 250630 236325 272418 241433 278897 293103 266223 249058 210568
 224139 302011 320994 260786 235603 135031 88433.8 81412.1 62585.6 115068 145655 153143 168917 244000 204779 147819 169544 200480 243433 227948
 224139 169707 201397 263404 197318 139321 117674 77553.2 59351.1 255176 257829 215696 208801 208134 288880 431584 264509 198116 203454 212947
 224139 195755 236120 263913 303206 199932 128294 105327 67088.2 113789 352864 218556 230438 201558 166368 114604 148675 162045 150563 152296
 224139 284962 297497 278533 257079 153874 107479 93772.7 73235.1 99570.1 153347 136756 162053 179147 155696 203303 260871 255485 186761 193293
 224139 169357 138400 187000 192432 145024 100386 71231.8 74085.1 92501 148980 140128 123523 142929 107569 105302 234051 209749 165208 213107
 224139 168592 181386 99925.8 170631 134674 93238.9 86095.8 69066.2 217914 253939 353538 212757 199280 194595 233284 251460 191079 231030 205250
 224139 181320 217460 189476 215287 168755 109244 73083.1 81605.8 208765 173326 185694 247179 300972 287229 315139 236254 247404 199135 151225
 224139 358012 155963 247887 157577 165022 79336.2 67600 68891.1 138840 151709 156139 162620 109913 162598 166700 199365 145582 186720 208681
 224139 226106 145756 189403 188901 81618.4 89262.1 82839.4 68031.6 100910 149194 147993 168050 143267 208657 183823 254612 327071 292056 264459
 224139 201530 181857 153793 152886 140960 105062 69947.7 64942.6 129375 135623 274791 188127 169727 159384 196081 199939 182855 251254 212943
 224139 256623 245626 216513 334755 249642 168150 101876 65608.1 203254 179233 199873 219007 170664 205168 158076 196502 204782 207462 188326
 224139 247383 293688 193792 248529 198169 132080 95536.5 86702.1 118763 157852 230435 265410 254999 308214 238198 229013 296610 303239 233333
 224139 226395 221871 225415 329421 281457 179951 84087.1 86435.7 174681 166654 179847 343860 256635 215738 189012 205827 197660 202306 159651
 224139 253860 230732 194276 240157 189386 119794 101605 80425.4 95041.9 131015 166001 259134 231447 165849 221937 211148 197324 231152 174184
 224139 197195 177582 185828 165879 143593 102048 55003.1 61183.6 95629 115413 162599 197758 228640 213201 193477 243479 306124 300352 259429
 224139 193954 202171 165348 201697 119276 90690.7 93394.6 83760.6 100387 158958 221047 186896 243533 182878 137329 195239 283053 280574 207074
 224139 202911 210211 242008 198404 106556 75643.2 71350.7 60481.5 88347.5 95241.6 92469.4 119218 210012 232713 201272 161158 208276 196849 254033
 224139 229270 166518 155956 191932 176788 98384.7 72444.4 77805.9 65889.8 165222 267754 245448 164671 161723 125448 191880 208224 366597 213075
 224139 205393 253506 306457 253224 154399 101013 90282.9 86107.6 135510 237440 280361 218027 186479 198754 274753 270064 275861 277693 239643
 224139 180968 252560 158926 190173 165573 119723 89906.9 75028.9 97605.5 132458 91958.6 105508 179994 214273 148691 136057 130748 167614 282825
 224139 237334 194590 162298 161102 136478 82552.7 64429.6 60890.3 267386 153449 194943 190371 140215 103455 212550 278642 351796 271807 233089
 224139 199127 190380 177231 244021 152813 112909 99626.4 97779.4 102296 113893 102873 121895 159800 140754 257323 177614 327640 267218 222111
 224139 252441 193223 167266 148782 98548 68617.4 53714.9 69424 150927 178497 243033 237274 322915 270581 342544 303020 221043 234151 240890
 224139 195859 150105 126298 177668 151180 102712 88042.3 63543.7 96111.7 103289 152997 203480 206496 294786 253354 304977 270276 261559 268460
 224139 162322 167257 227763 326280 205774 141530 114883 60823.8 277201 181610 138295 190483 134854 151718 190207 163928 177946 215904 188377
 224139 195402 298171 424519 262915 208590 102626 78245.9 60976.6 170181 188461 236400 226027 168942 177453 176163 227126 272220 270389 240261
 224139 280020 249488 188900 191366 176147 139957 101636 89542.3 119959 138794 141952 152444 148588 80939.5 245015 282556 235749 258973 305891
 224139 249526 285181 295608 147309 172559 156125 81170.9 114188 117374 189498 149194 206901 225079 242151 211992 171610 191007 205321 204427
 224139 208627 217476 208774 253539 246701 150795 160555 57461.9 80008.4 82588.4 167571 161046 202971 296887 274416 197722 220039 272387 303174
 224139 223383 238465 327781 279175 176456 102724 82607.5 68786.9 111022 125514 163857 154528 236377 238671 207257 178346 164003 162770 189503
 224139 273626 250047 221416 333700 167158 137199 65128.1 71066.2 116012 147120 257332 232339 245556 170035 195843 255773 233414 174207 170081
 224139 323030 207259 201541 209753 141713 127578 88144.5 73855.6 232832 173812 240875 208648 177368 246066 228421 192481 267370 233167 216456
 224139 216655 171277 244786 218498 154148 93690.8 68378.6 68812.9 146822 189705 183116 167855 168253 218404 157118 186977 199497 228043 200881
 224139 251008 210134 259829 285289 194787 100125 91363.6 69824.5 131949 173034 233379 217869 421367 396805 246698 203028 161104 277408 254454
 224139 240345 205947 203293 160015 130882 105672 73198.5 70166.9 158608 221621 195153 267930 219080 182318 225666 214956 232370 276970 210227
 224139 229596 200889 212885 240642 164795 143991 78533.4 79023 120375 172438 179465 205169 124919 125187 137373 191064 252739 229369 147099
 224139 173700 160271 294304 384281 228624 261056 115277 81684.3 134887 193907 195333 207635 210773 264996 196262 216056 151627 176334 187030
 224139 204699 153006 199431 201643 155337 95373.8 71387.8 63257.9 101300 95959.3 146252 245303 167298 298195 219521 154570 130946 132455 145416
 224139 250996 250169 237506 194322 145450 123462 99404.6 59554.6 156785 207423 188674 156653 257801 328705 301706 254502 201308 137714 193474
 224139 199473 104992 132906 141073 115084 116724 81574.5 64817.4 171168 218774 226082 156371 159415 145548 173060 158464 209601 218832 189508
 224139 168098 174616 277687 196549 196546 148673 107900 70473.2 104154 160385 127042 124259 130541 272530 233703 178935 224984 333357 282589
 224139 275849 247191 235840 213096 164221 112972 88909.7 79760.8 112074 142014 226794 282699 235736 185280 124789 177554 194169 274691 287355
 224139 236059 280806 281245 190470 152888 81972.8 74504.4 72224.2 177103 171903 186810 160151 246329 145244 143686 206474 233140 238217 229581
 224139 212353 168871 200440 226284 129828 99557.9 73820.2 61644.4 62992.6 205810 383424 296495 326195 225908 257057 281710 256303 296432 360844
 224139 238312 206093 325504 238826 182161 155276 116809 70811.3 225747 253748 250539 338311 284167 254387 193181 341074 414889 286357 211446
 224139 208551 370183 352467 353068 240924 151316 94493.4 60141.8 118479 139594 182351 149179 171977 126620 145778 146825 138203 154638 236992
 224139 365471 204089 179609 188008 133108 119755 92116.6 47168.8 85643.9 88235.8 107854 135855 195354 237305 279915 207749 435979 334572 247827
 224139 371334 335538 258847 159335 94216.1 72413.5 73458.3 72487.8 114012 191380 206558 247525 245201 315122 232038 235287 166130 179862 209239
 224139 171149 302364 236423 144872 140847 116417 61545.8 73736.9 119209 146178 143427 130203 157502 155494 121834 115158 135045 120636 164549
 224139 215468 176738 198171 190424 124847 99049.4 68650 81031.6 145019 162001 182185 234644 224749 234002 203442 192885 182944 161888 225674
 224139 345525 262353 205733 167554 117838 56711.5 64599.3 48706.5 94598.4 364490 397269 271214 228337 165051 154990 167484 134354 256128 255474
 224139 228454 273455 234197 195771 145600 100066 99886 58600.4 107877 99498.6 117854 183320 205031 248460 185327 177391 131194 181140 225270
 224139 236702 189026 196322 208544 170512 96474.2 89523.9 60665.5 176899 169135 208156 235169 257192 352599 298291 249660 265690 236930 199112
 224139 196234 181830 203415 381401 210897 137460 138670 75391.1 106097 163817 230217 217365 254379 219656 211639 173898 232329 204478 248649
 224139 158516 163054 279988 246280 165563 122522 72632.8 56110.5 181101 189589 191441 163583 178250 202262 218217 219356 216535 217659 247102
 224139 244618 163203 221351 175339 157727 99241.7 73524.5 56970.6 99652.6 139836 158889 216291 184139 214997 225467 208443 169551 188136 224442
 224139 209554 399423 289774 264572 236041 85349.8 67467.8 68118.4 67925.2 284105 313532 273548 151096 207755 272501 261323 278633 282610 229641
 224139 251532 310701 253148 261856 187921 151150 118765 80131.4 114211 255490 289127 229400 188871 278931 201728 130690 150183 201461 282414
 224139 227373 264776 98463.5 226627 157708 99687.1 82544.4 79727.4 154608 255536 215342 212035 184131 176200 166612 188685 176781 248279 248679
 224139 181514 210822 126759 243478 164049 79115.5 53247.4 71093.4 280811 232773 228471 190501 192793 169111 180329 255636 256207 229492 201787
 224139 203254 187991 236678 285601 138255 81947.1 91684.8 78466 100342 154870 174130 201926 237320 247765 235081 197939 132715 182778 220667
 224139 256034 197841 128309 247795 216434 166921 94381.6 70041.3 93236.4 289619 161378 152439 144397 176578 172003 140923 127559 253207 182739
 224139 233469 213896 247022 224481 163133 119463 85510.3 61527.1 243862 323870 325282 298448 276249 260937 239734 236528 184147 207257 242512
 224139 216134 167787 177964 208065 219232 166531 125191 119082 113171 162949 211125 262551 221525 199938 183305 200092 146409 174514 181428
 224139 274655 223026 256692 149040 136829 102230 96165.6 66535.1 94415.6 137687 127728 142045 204887 226270 208493 169871 174489 193823 231578
 224139 206051 167359 199140 140805 83879 76923.7 94372.5 74705 155056 239988 251548 188858 338090 341918 262573 188897 198429 178734 208678
 224139 219067 154128 140407 210894 192367 160122 97093.3 66528.9 156989 220013 238188 257997 163069 138810 123684 132865 142948 179145 214421
 224139 294007 232858 248923 256855 234724 141086 98406 60811.6 123396 142393 132979 119986 188288 136734 304588 317679 334091 221118 211667
 224139 196529 187202 221225 180132 129559 96333.3 96324.1 81239 101902 162426 197428 157023 194283 244094 223251 190476 204758 199964 288083
 224139 167677 168959 149533 116773 102625 79610 87829 63008.3 109025 140845 169049 161789 173262 197220 208123 151597 188207 229168 207228
 224139 271459 193647 270355 208529 225129 157871 121074 97325.2 117834 85034 266880 193967 245773 261569 129109 218285 212216 148058 156821
 224139 312265 324697 226277 164418 105742 69072.7 68811.3 70513.7 84663.3 116316 144737 146987 133514 145353 130168 179459 182409 169384 198978
 224139 189563 186400 152183 163098 109583 108615 48714.9 57920.7 244586 158043 144195 140099 127269 130491 221252 170152 143566 214026 212370
 224139 206724 210665 157924 205050 152849 139686 104983 68405.7 143339 134702 167416 219348 370414 276624 234332 224745 227301 187347 184288
 224139 182141 192587 172266 252205 220900 150718 109437 91104.9 108572 196767 182585 239627 215919 204000 251746 313251 327247 289705 258223
 224139 277293 244933 212527 186985 167003 126122 54460.7 69634.1 119992 135074 185143 206599 210903 142154 146099 124324 136474 160828 170351
 224139 179852 263635 240865 239338 185291 133829 65933.1 58794.5 90685.3 318443 188381 167879 297423 277545 232249 203080 146033 178100 135353
 224139 218043 274629 254983 243934 240197 141182 93782.1 60001.8 171919 227186 207892 194517 209915 219436 272491 264683 195688 173358 212147
 224139 214646 165257 166483 185523 130704 92048.2 78818.8 75438.3 73282.7 91942.5 137820 282619 214382 201964 168968 233606 225407 147091 166187
 224139 192005 193701 211848 275145 202158 83788.3 91525.6 97723.9 162581 145710 204062 211397 414753 286930 180225 237603 258557 317705 268356
 224139 177492 185776 210487 210302 115507 65393.6 75914.8 82946.8 81236 88529.3 96977.4 146820 300974 384273 359425 266698 203456 246907 189106
 224139 387125 267095 224617 353801 241257 161109 153262 70725.6 110548 120254 189667 181982 234911 263819 359892 400545 276724 161542 162624
 224139 297920 526938 352775 227949 178523 109705 78162.7 71438.4 97126.5 184290 221043 184960 160491 100543 203941 186467 347028 330214 247567
 224139 204212 183535 213373 237199 156037 100839 97043.2 78959.1 101187 256259 267896 270623 323536 331566 354324 227512 249073 190779 158305
 224139 146188 168740 236071 287343 174422 132111 86179.7 70128.4 180087 236372 191900 293760 222851 206878 264608 199434 161762 180364 138177
 224139 200988 187590 280744 303973 173286 112514 81866 74008.2 203562 199979 163246 116375 109295 256372 248278 241072 231520 189757 197651
 224139 181914 195981 179154 173941 140245 113493 83704.6 71145.1 171164 168572 204154 281014 226884 164437 140946 155382 191976 237132 231576
 224139 256534 232158 279046 204579 214803 130347 106213 76399.6 157429 245192 228423 185814 175388 316770 268736 259333 209550 164420 178422
 224139 152861 328948 217396 182658 134207 87338.1 64464.7 52522 80389.2 118327 194372 167491 173878 189460 197327 166062 163732 218019 229247
 224139 242358 203801 213237 286335 203021 153537 110610 80071.4 182228 154583 150766 152953 258880 267073 215605 244265 201586 192609 254734
 224139 243841 243803 182455 195218 183255 99712.3 75354.5 80663.8 119813 220571 156696 164894 129208 189511 215716 209974 283272 330825 379045
 224139 172215 210521 322846 211044 163898 114960 83772.3 67364.5 146068 423188 438185 370360 383929 250341 159354 263551 306676 276099 245913
 224139 239273 210617 160658 285110 188152 112988 84570.9 77660.5 151668 299886 245703 223666 180589 278101 281371 245590 221914 273846 350969
 224139 212895 185420 260217 237838 125581 98423.5 86069.9 72176.8 98285.7 203393 255141 276665 218990 253147 194121 148716 162548 171825 204539
 224139 232911 225323 297750 236880 197240 117801 81421.5 76924.7 136808 211979 148237 161026 116107 163945 151687 165259 230134 255889 261010
 224139 204165 178739 156754 158109 110223 91062.6 82599.3 59948.4 315686 248447 251093 312733 382996 329117 318595 337586 212173 361063 279053
 224139 218687 303956 198734 202317 186244 92653.6 55382.4 52344.4 77902.9 108042 122972 207894 294286 227777 244560 170819 120712 119508 160906
 224139 221041 216196 384398 398091 240888 178434 135471 53314.9 323497 187609 169407 201807 162671 186256 261228 223855 196468 146421 174983
 224139 197182 341577 213852 215488 170876 131386 93496.5 81989.7 130624 130704 183688 212468 163907 184274 181527 121614 257099 277313 223630
 224139 161921 296412 275646 286383 207053 122331 85925.5 63854.8 169098 159198 151639 336266 283731 229545 230360 198363 152664 120052 166397
 224139 214215 182750 157940 156769 151003 118411 60836.8 76897.1 131332 213022 203592 305910 215087 142463 122425 248891 204926 188208 217140
 224139 197920 235659 243797 198038 109136 103747 81519 70530.9 104406 99603.3 163826 140181 202452 256682 197743 255808 253389 219724 247618
