 843815 761930 848211 794309 541061 401202 311509 203950 198879 361630 490416 593428 688960 1.01522e+06 1.11945e+06 1.02474e+06 1.00565e+06 1.01002e+06 1.08941e+06 1.08251e+06
 808912 954772 879755 650957 463834 373130 267669 187017 634442 812073 892668 833391 695804 618919 660222 731351 721407 968608 1.10544e+06 1.17783e+06
 764849 615662 908285 1.32446e+06 1.22087e+06 823122 438136 260154 424808 498987 763875 885670 1.31856e+06 1.49738e+06 1.2115e+06 935608 851495 880116 840524 810821
 1.02511e+06 982714 1.19412e+06 880414 690251 503966 282474 211673 163284 249438 577342 759804 951173 996258 1.24647e+06 1.37903e+06 1.1555e+06 1.21025e+06 1.35825e+06 1.23095e+06
 1.19816e+06 1.09954e+06 988328 954889 689033 466029 279771 224266 290934 406718 650091 1.01585e+06 973019 946359 914177 1.03441e+06 946002 507555 485591 590746
 1.12177e+06 1.10207e+06 1.31367e+06 1.33821e+06 1.04984e+06 862491 576142 260783 389857 680590 881914 934359 911940 972689 845618 753695 998239 1.13938e+06 1.15101e+06 1.08984e+06
 787971 891363 814970 883892 773662 438414 340117 277722 166602 387816 406841 627470 677229 692951 680978 563553 538130 579525 735192 732941
 906361 1.01409e+06 1.37552e+06 1.17371e+06 751372 511119 351719 232772 565139 1.02753e+06 1.53578e+06 1.7122e+06 1.46469e+06 1.33816e+06 1.18188e+06 843177 774197 723397 1.46815e+06 1.2218e+06
 1.34975e+06 1.74714e+06 1.45465e+06 1.05801e+06 619732 372241 235542 246018 763296 951206 905492 550741 762514 922823 955735 842576 867736 819883 915383 823186
 1.03725e+06 1.25516e+06 1.45006e+06 1.3559e+06 1.12412e+06 636970 243524 192552 252804 313514 401993 505026 525332 522077 535672 446983 443516 594240 785652 1.14398e+06
 924838 744348 708733 674523 682199 529262 287158 196691 342573 462227 565834 618453 772603 1.10808e+06 988230 1.18538e+06 1.15615e+06 965771 644900 533654
 778495 686812 920631 883099 815353 551374 348586 215564 342913 529274 523531 394303 446968 411734 352188 461982 585151 685145 650783 672418
 881125 777245 633123 748792 617531 433857 310812 220974 589990 674154 752101 837366 756139 1.03093e+06 1.07002e+06 681709 722711 687821 620762 740391
 806322 840351 928636 929541 861925 833852 437848 242305 473598 773962 1.44644e+06 1.49593e+06 1.57029e+06 1.25816e+06 1.09079e+06 903729 832432 674060 485224 436048
 914355 879285 1.15435e+06 1.28223e+06 997231 429719 212838 189152 283525 518752 611629 767221 832842 922192 813238 899591 957455 1.02854e+06 787563 962570
 1.10456e+06 1.72471e+06 1.46855e+06 1.0986e+06 616163 286354 220320 242746 341595 759648 1.01506e+06 1.09558e+06 1.31621e+06 1.42154e+06 1.40635e+06 963836 859848 944051 941943 751937
 926612 1.23505e+06 1.23691e+06 1.10131e+06 971258 611162 343814 227001 303469 359071 656636 967515 899061 869258 749695 807940 778413 786238 915459 935023
 1.02788e+06 1.05419e+06 644223 558664 495776 405152 318266 254488 267422 410743 462897 666301 1.11037e+06 1.19222e+06 1.05614e+06 919212 819219 859153 684819 639881
 1.14008e+06 936779 858079 748513 659236 428383 290010 205242 367085 640234 710284 772171 1.41237e+06 1.43856e+06 1.14904e+06 722370 755654 887312 969367 1.16995e+06
 883725 920010 677977 523079 551411 592195 396702 210278 379653 693640 1.21586e+06 1.37254e+06 1.34357e+06 1.20436e+06 1.0667e+06 867794 837175 890583 1.01628e+06 746850
 674594 590137 724187 923367 1.07689e+06 742784 361158 202791 403119 523336 629304 607895 570026 432800 509268 907880 1.28822e+06 1.41875e+06 1.44048e+06 1.30185e+06
 1.04617e+06 1.26949e+06 1.72818e+06 1.56862e+06 1.0266e+06 692502 486885 271259 171145 539798 699896 1.03074e+06 1.38918e+06 1.40535e+06 1.23173e+06 1.04506e+06 1.00663e+06 828493 715147 755011
 937078 1.21929e+06 1.32154e+06 1.2646e+06 926979 614909 414472 241501 276754 358029 402445 473860 639089 704825 842917 850703 760173 850192 1.01093e+06 958078
 1.06567e+06 971113 992295 1.04035e+06 809547 505048 334231 204631 206595 478877 529936 723104 722723 804908 778751 893796 918115 1.0511e+06 1.13996e+06 1.23932e+06
 1.00388e+06 981526 1.30479e+06 1.35154e+06 1.20095e+06 975999 616621 244627 270208 498828 758513 702508 738865 965899 1.10839e+06 1.26244e+06 1.28427e+06 956970 959541 1.1597e+06
 919447 701010 600822 748828 638567 404650 293198 220809 257908 304310 526887 852602 1.09635e+06 1.23392e+06 1.24559e+06 1.07937e+06 809845 712729 613485 592094
 945765 1.13205e+06 846303 922658 627420 444711 355199 190042 223433 436361 609443 611841 951272 1.01372e+06 957620 717989 724291 690516 605520 693451
 916053 725952 704809 882354 757865 476194 371365 302628 305864 716329 902313 964915 845254 851133 885518 684133 745324 995157 1.14993e+06 1.25683e+06
 757554 932247 946934 1.0939e+06 983161 663753 517502 202296 253643 473878 707980 794010 827888 685961 762092 704337 850659 998771 883763 670735
 1.22913e+06 1.34589e+06 1.23379e+06 1.02645e+06 764424 552438 254680 132606 300758 377874 626836 577775 776297 1.07606e+06 1.07192e+06 1.12356e+06 996335 538105 595130 921705
 1.07573e+06 1.36375e+06 1.5661e+06 1.54378e+06 965485 628462 217885 154919 670111 898617 907142 848845 1.0722e+06 936942 1.07238e+06 1.15967e+06 1.13708e+06 1.12434e+06 963687 786784
 860556 744674 669783 598883 473841 438832 280568 171863 288115 409754 583299 803057 881051 883208 797176 638842 551348 689189 751247 777442
 904481 874799 873031 670917 454656 281560 195824 157590 197627 358986 584959 903236 1.15729e+06 1.43118e+06 1.1765e+06 1.19117e+06 1.14737e+06 1.01478e+06 701820 723039
 975710 954515 840869 722440 574106 330403 155189 155600 256290 383766 571843 681352 1.08484e+06 1.29742e+06 928482 867306 756900 851801 966498 829470
 728817 779427 790095 830892 709459 566065 285429 190871 238905 286431 445991 539957 740225 950847 1.05638e+06 927097 751345 683377 472624 674721
 872577 964243 1.06944e+06 1.16134e+06 964610 743794 373410 283174 317562 466530 799799 1.01059e+06 1.23108e+06 1.05981e+06 891577 933202 731056 558209 733180 624015
 889782 1.26539e+06 1.4017e+06 1.34405e+06 1.15696e+06 901533 427095 261982 325190 534639 788070 1.15361e+06 1.23477e+06 1.15476e+06 885249 786141 574748 636535 644076 867977
 1.22939e+06 1.1785e+06 987462 928486 717373 469582 352316 271324 303818 549565 573337 531419 598574 639678 823028 713055 846493 737771 890129 1.03761e+06
 874647 965697 851843 819616 645153 497429 221354 185075 215816 489237 537713 528258 803091 918889 829048 793611 697880 591553 636916 785573
 1.03531e+06 1.22738e+06 1.26586e+06 1.16105e+06 649053 387688 270702 177154 243444 499899 600976 638019 756856 799158 939136 794836 745723 928866 1.49007e+06 1.75559e+06
 808962 929125 835017 810196 686038 373749 203896 196070 343377 447455 583684 845441 847962 801269 552196 440727 336160 407727 702170 1.8417e+06
 1.03171e+06 1.14607e+06 1.34306e+06 959757 853974 515787 318358 194631 541902 761696 951694 843675 630482 870698 879909 831492 1.2209e+06 1.32573e+06 1.2317e+06 861119
 1.07033e+06 857274 878389 863115 821865 617609 312241 228959 296531 1.06221e+06 1.29967e+06 1.40085e+06 1.13023e+06 1.00611e+06 757160 527511 564709 548486 545295 531039
 886379 882511 889640 930607 784134 440521 282517 165306 595475 843348 1.05767e+06 917800 983805 1.10325e+06 1.12254e+06 948863 877087 837021 839969 848969
 905399 1.10025e+06 1.12469e+06 988465 981287 746480 344964 186939 497750 745015 994714 1.03212e+06 1.07923e+06 1.21265e+06 1.03454e+06 940964 782958 948257 812627 749835
 1.02335e+06 1.01804e+06 1.11492e+06 1.12891e+06 789808 456513 202645 171562 200978 469600 812303 889661 992920 822452 996001 846453 957278 975094 840777 710195
 974357 947913 1.01604e+06 990855 997857 714105 322566 249453 360437 471859 876171 1.20521e+06 1.21943e+06 1.06775e+06 977439 1.03658e+06 1.06702e+06 770823 663344 744219
 876646 779823 1.0395e+06 1.10919e+06 916499 661455 338065 189318 301769 391476 490103 677272 731971 764602 749712 644212 661284 567875 673245 884453
 778631 901495 1.12905e+06 1.1236e+06 723462 472288 285419 273743 436340 616724 601610 599358 554261 506521 817926 987018 1.32067e+06 1.26461e+06 1.14866e+06 878545
 916092 1.01828e+06 955837 1.12613e+06 1.14915e+06 971112 544803 312102 396940 479422 618867 510934 480624 618975 674939 835020 894169 1.0904e+06 1.12307e+06 1.03512e+06
 904621 800710 702714 770715 702994 596189 345388 240615 532760 785116 843782 930189 1.10149e+06 1.26147e+06 1.01925e+06 832950 1.02683e+06 1.26652e+06 1.25978e+06 868055
 837634 844100 753117 923039 1.05862e+06 718510 438911 276633 372720 586513 741138 961878 1.0161e+06 840504 664161 737718 565176 473673 534549 655231
 830443 810497 735337 719127 674658 555868 294886 206410 380160 611954 939939 917218 793818 708067 665133 749047 746848 767799 766721 765444
 813115 624808 583681 772959 738867 526788 265115 214047 301180 499547 667514 745051 767433 755960 776122 910452 853453 816913 763723 651998
 1.04581e+06 719662 626513 626575 630872 512425 305184 189445 338857 614013 612660 739747 713223 857677 992539 915732 922633 776054 730069 739496
 1.04085e+06 1.01871e+06 1.15855e+06 1.36019e+06 907731 768773 466181 245424 463619 853882 1.05796e+06 853909 819040 743516 749871 1.08223e+06 1.01233e+06 1.11262e+06 1.16914e+06 1.19893e+06
 989816 839838 790850 673892 482112 264753 172305 179046 327592 672740 884825 874965 880361 1.05867e+06 1.1266e+06 889099 752784 653071 730753 594600
 771498 673533 611960 716079 667666 568649 346163 265227 418109 618542 720241 972610 770549 568596 585959 952323 792592 909652 750682 828640
 933379 1.1339e+06 1.06722e+06 1.16609e+06 915927 492828 330091 209078 329885 715920 867601 866669 860427 979669 811641 837083 827473 706510 952010 936984
 818670 854199 899215 777531 639499 479665 307443 185713 452409 702101 762616 658403 544745 505701 545658 631683 649175 870518 972162 1.25992e+06
 1.48605e+06 1.26775e+06 966647 947490 659214 421375 318983 237237 390900 495000 746964 995221 1.08228e+06 1.0859e+06 804503 839145 797705 697412 544747 496631
 1.24914e+06 1.14854e+06 934902 1.00285e+06 905732 530128 306669 257141 327442 504858 654484 893546 1.03755e+06 959985 764178 641648 661833 877153 934087 1.03312e+06
 823393 817881 892304 820295 763595 635082 454132 257951 419130 605454 623837 642065 794110 820837 674963 718364 709648 538330 673134 802087
 788591 770970 716296 810509 778133 668713 429589 238097 189170 352575 576190 713918 679967 632989 538169 464077 479602 526244 579097 574900
 815855 941028 927838 758373 597268 616792 360268 197598 485463 768609 894404 820096 792677 795439 887219 809672 830749 857801 825363 964978
 671233 569599 851622 785572 609905 296450 216220 181593 492356 877494 886757 934174 956240 729028 590653 451241 647881 797225 808967 975140
 961149 1.0734e+06 974145 1.05109e+06 1.03255e+06 541183 297547 247662 296459 418619 506574 579636 646369 789803 850489 770092 824108 866178 885389 724957
 1.10504e+06 986899 1.02769e+06 903654 801439 515212 270635 207420 275636 454433 451965 532367 878068 927473 872210 706321 668167 780582 766348 715453
 992825 716726 629460 635655 577256 503380 249989 182043 394251 489543 741011 689815 812850 931868 922602 968129 1.1671e+06 1.0314e+06 1.09739e+06 966787
 1.16965e+06 1.09059e+06 1.09731e+06 1.19008e+06 963222 736070 461301 205136 333311 379198 371584 479583 492313 535692 639719 889382 1.15093e+06 1.04611e+06 883478 830092
 888743 832262 879357 825733 670997 459224 362316 279242 398306 647104 877816 912519 952742 1.17257e+06 1.1885e+06 1.15995e+06 1.11452e+06 1.01241e+06 1.07557e+06 1.20084e+06
 761818 686643 759544 879845 789444 511720 324247 241562 273958 888664 1.17399e+06 1.08474e+06 1.00121e+06 1.25695e+06 1.48663e+06 1.35199e+06 1.27988e+06 1.06528e+06 1.01569e+06 1.03567e+06
 1.05103e+06 952300 707670 608717 528032 463696 369742 214170 325742 521749 632721 673980 676130 710007 907168 1.02262e+06 825256 665365 749014 847366
 697026 757577 788299 831729 664476 479668 279460 179920 230726 281232 292854 461920 851947 905279 883665 814158 848622 892050 1.04478e+06 1.02944e+06
 802543 812511 1.394e+06 1.48957e+06 1.35462e+06 670598 259720 166623 178611 327086 368661 526973 712742 941851 1.15649e+06 946382 822939 771525 570229 640329
 762126 706145 704254 641304 564710 405947 291900 256776 695857 799422 1.27663e+06 1.07707e+06 1.10338e+06 914285 845094 816599 856701 1.00736e+06 985829 1.17454e+06
 1.19804e+06 1.37335e+06 1.13613e+06 1.11381e+06 868582 542479 311809 188790 225316 453636 607573 1.08082e+06 1.34506e+06 1.14976e+06 978565 767058 842999 792313 908631 905893
 913650 1.05107e+06 732165 641559 607632 368996 279013 199521 323642 559079 856618 830736 819875 635631 616998 567077 697859 888282 726638 593650
 707368 810031 994017 1.00311e+06 841028 606911 348368 257171 353071 510914 698775 848015 856653 573172 460607 836725 998221 858401 645820 728623
 948020 1.22563e+06 1.15536e+06 1.07262e+06 787023 385342 258519 186646 265807 367363 493523 512370 573275 670572 928239 1.02921e+06 753805 555531 586990 651366
 769631 689015 738017 780962 659306 470287 312064 200247 382576 549316 595562 654883 552668 662736 694215 953607 981121 1.22923e+06 1.21864e+06 1.24215e+06
 989238 954316 850988 711428 589023 415515 315735 248494 293382 470532 770163 958839 1.31404e+06 1.07367e+06 915218 764148 713775 1.03406e+06 1.09944e+06 890449
 814030 902922 720590 720867 672219 583151 331802 166866 188556 529293 779170 776225 672659 694565 766381 697816 705083 771109 685606 575353
 1.0774e+06 728521 536053 501725 511688 441706 359561 229495 399337 722008 860336 880269 1.06181e+06 982993 1.15032e+06 1.16322e+06 970024 1.01983e+06 848503 706416
 932057 821491 919569 1.03318e+06 827082 709382 453291 259465 264633 480853 764749 903812 1.04348e+06 987192 871944 985415 1.25187e+06 1.289e+06 1.22013e+06 1.36281e+06
 923166 910340 827859 851970 567268 336211 204414 173600 503121 630194 543617 483359 475781 593414 682797 681013 766606 787731 622990 727837
 858140 810072 789497 878475 744374 584282 322928 239545 319377 586148 775407 1.00628e+06 865192 994674 1.08131e+06 1.21445e+06 1.14596e+06 1.17033e+06 1.20546e+06 996241
 837599 740673 739412 741496 605046 245682 159378 181243 308809 490914 597479 563706 587874 796029 908123 949854 875808 706813 457137 483303
 958990 828188 883109 1.34502e+06 1.46156e+06 894320 449165 327879 325313 472880 648482 730608 649946 753715 782522 671864 1.0219e+06 1.06346e+06 990912 1.08162e+06
 768785 712194 754740 769653 632397 395559 252047 180319 329888 401641 722115 887871 1.01834e+06 850121 890425 782858 775236 803175 812337 1.14607e+06
 929090 921099 993041 1.30731e+06 1.22928e+06 657945 400871 238414 357086 391677 451164 481441 631483 651522 661152 811900 850534 759310 856088 807902
 825240 703665 643281 550136 560620 467034 335985 181315 383407 635755 745705 696085 749476 731200 756257 1.00052e+06 927819 1.08363e+06 979082 1.06781e+06
 868599 1.09168e+06 1.02579e+06 998991 762527 539578 402225 181071 797182 993373 984008 975756 959932 928085 933911 836470 1.02184e+06 1.00567e+06 758726 643199
 992318 823406 732184 691799 687021 419856 206312 154767 307768 580824 808800 786756 791484 895276 861487 850999 871505 1.01305e+06 875790 700172
 849886 963208 1.09385e+06 1.13629e+06 955244 575789 430843 194706 500605 576914 754596 681501 661737 654512 964780 785279 929991 979446 1.04055e+06 923339
 777771 824939 1.16922e+06 1.26558e+06 1.07768e+06 416769 278902 255106 331900 541876 584513 778896 763825 756253 587375 718407 613761 579323 655208 876736
 795893 656313 872176 1.0002e+06 806278 392256 261376 230900 401769 547521 799340 750391 826093 813262 1.0883e+06 1.01381e+06 1.2636e+06 1.15944e+06 1.15234e+06 1.12324e+06
 688880 748287 792254 790227 675226 501769 316324 263834 499704 738710 950318 984762 1.12638e+06 1.07559e+06 1.21069e+06 1.13127e+06 1.13204e+06 1.13363e+06 856477 740552
 1.15784e+06 1.30813e+06 1.18017e+06 1.05308e+06 657944 384560 262291 177642 285694 428730 552309 677111 876928 828387 665049 735035 761848 890499 982318 754284
 791629 811776 975258 910302 678216 509421 295368 175341 510424 891670 925085 885362 860379 1.09194e+06 1.61179e+06 1.29222e+06 965691 806119 769304 746427
 854261 970957 1.06935e+06 1.16011e+06 937707 663162 415554 220628 291357 785755 932093 977662 868449 745580 494784 550645 612373 599246 568433 655099
 1.08046e+06 1.20842e+06 1.24335e+06 1.15915e+06 789675 506530 340950 225213 256372 425896 468555 588217 710136 665905 759026 970071 1.08604e+06 893704 756439 716097
 801370 634246 670370 702512 670121 465475 278520 225756 262259 444023 523376 509368 556780 471580 413550 732476 839871 743363 791745 808147
 786329 743914 486589 551433 537207 422312 312661 240685 589597 851789 1.21733e+06 1.06023e+06 846236 818137 899306 975921 845323 835877 801478 822564
 813919 812724 782743 839800 769290 538604 283318 246000 562254 631500 734882 899521 1.11418e+06 1.1737e+06 1.32328e+06 1.09674e+06 1.03757e+06 899558 646427 473365
 1.20654e+06 868473 933302 698288 608951 377599 209089 190868 363281 500074 616811 654382 490346 592660 658856 763002 641307 682980 827469 992297
 861079 707296 700271 692337 409622 318359 287131 219114 275943 467396 577779 628102 581989 769640 769151 968396 1.23976e+06 1.32205e+06 1.18041e+06 1.00959e+06
 867481 791117 685046 643427 596179 473643 261267 190307 343942 449913 907758 858033 752339 620197 712707 794353 779137 932210 923137 903008
 1.04512e+06 1.06166e+06 962378 1.05185e+06 1.06531e+06 895144 451712 208856 502950 633651 773962 785683 711094 817626 701236 741449 819076 847403 774019 753590
 989264 1.15834e+06 924239 906025 898543 646208 380889 280738 328546 480373 759097 1.0041e+06 1.03606e+06 1.20181e+06 1.16244e+06 987116 1.10595e+06 1.21268e+06 1.11579e+06 862734
 942945 970102 943251 1.16958e+06 1.23338e+06 1.01316e+06 411325 270095 468018 579971 669873 1.09495e+06 1.15011e+06 928104 788153 834943 761950 811885 691161 544688
 1.02003e+06 1.00457e+06 896817 920351 810154 593862 394326 279835 261495 392678 551453 876153 986931 785355 858061 858598 847103 878428 738599 1.17944e+06
 870755 796840 761790 695984 607245 438488 200540 164338 256069 364232 557672 746207 975471 906349 790367 936161 1.2182e+06 1.27681e+06 1.10958e+06 955099
 826840 854319 777603 806435 573550 381662 321631 279481 295936 468426 736377 786661 931185 819066 631414 686931 1.02139e+06 1.15812e+06 948256 981647
 894667 889576 900965 871323 496036 289315 217769 174745 239375 293267 329155 403166 673797 919724 904965 750160 829845 783345 950115 1.01264e+06
 951883 792952 705171 722916 715947 478565 254048 230581 194616 441616 869797 1.04348e+06 792315 684282 535523 661122 794299 1.28056e+06 1.00363e+06 961904
 878501 1.0023e+06 1.19058e+06 1.08376e+06 818221 470982 321755 265135 370999 694252 1.03582e+06 1.00903e+06 827729 804868 994413 1.10008e+06 1.1212e+06 1.11327e+06 1.0262e+06 1.07185e+06
 827755 903535 716250 718726 707646 582414 352474 240803 276093 406520 361412 373329 578057 797130 721464 585883 527498 610500 943079 1.01963e+06
 967166 895354 730968 654868 607750 363511 214135 176514 550477 617603 704572 767690 688165 444684 680015 975231 1.37201e+06 1.31694e+06 1.04538e+06 834633
 863374 826212 768502 817461 697803 526303 381107 272398 296932 352459 359016 430549 612634 574923 867182 782914 1.15937e+06 1.11912e+06 1.02027e+06 847574
 923014 873722 764287 668995 459091 261798 162299 186381 407417 603852 868167 946249 1.21172e+06 1.1754e+06 1.39747e+06 1.29983e+06 1.14916e+06 1.00689e+06 939803 951523
 869114 714223 534656 632255 641149 472471 322712 217320 270562 342007 521676 713676 804957 1.06691e+06 1.15249e+06 1.31527e+06 1.18542e+06 1.14192e+06 1.0352e+06 1.2872e+06
 758583 714642 847381 1.05998e+06 977933 714812 489190 224010 548823 700302 591786 659253 543311 517761 702948 733871 681067 802050 811366 931088
 850664 1.01053e+06 1.51517e+06 1.265e+06 1.05396e+06 541467 269550 161599 417357 605892 850814 926947 798184 741151 712186 818346 1.02927e+06 1.15741e+06 1.03687e+06 1.06005e+06
 1.10226e+06 1.093e+06 881167 744181 708486 682608 444195 318841 346807 427971 509081 585035 587739 362688 715696 1.01905e+06 1.01764e+06 1.06822e+06 1.25049e+06 1.33726e+06
 997749 1.09263e+06 1.20674e+06 713544 711066 737881 378984 285659 337504 471191 549593 718018 904598 987736 966792 823555 722247 752126 818379 778442
 861086 927410 965322 960307 1.0326e+06 823014 585579 239285 187104 225447 465431 569304 774340 1.08247e+06 1.14306e+06 961129 927576 1.06528e+06 1.1454e+06 1.00137e+06
 890891 920064 1.19715e+06 1.35046e+06 971272 536422 293070 193183 280353 376716 550262 588644 819133 941192 987793 886502 706052 637725 680212 708426
 1.05571e+06 1.1059e+06 1.04183e+06 1.09005e+06 824752 600007 257026 185231 297863 446348 820406 931847 1.01566e+06 803584 829369 970353 998168 750781 670918 700739
 1.10045e+06 990850 837499 841319 704689 564805 361208 233576 486692 612524 813695 856870 818197 901068 923802 863331 996076 1.01816e+06 852593 866223
 944026 725839 862495 824048 725419 435243 238007 194768 388831 599057 725319 725466 696367 828941 682818 730308 790014 909585 855702 707462
 973397 943306 1.13358e+06 1.16908e+06 977506 489952 303287 209987 337518 547888 825852 853627 1.42481e+06 1.6734e+06 1.30988e+06 918239 680610 958699 1.0675e+06 770417
 965422 922858 900481 704136 575946 453395 278216 213345 419962 638187 769978 939147 977152 880526 869427 862828 935948 1.07057e+06 900182 863297
 950293 848725 880222 1.04226e+06 793644 682533 332154 232042 326846 531930 656266 792624 625400 491558 510752 674325 917067 1.00025e+06 710150 741910
 790457 704776 896919 1.22052e+06 1.11533e+06 1.2073e+06 660028 304027 355304 592288 721114 739521 791378 1.02179e+06 900228 874502 652330 673138 692123 934921
 873906 729744 804512 795017 681452 439917 262503 188245 263712 313419 493502 808098 732066 1.0505e+06 1.00864e+06 799791 544906 469618 529423 788809
 973708 1.06723e+06 1.01295e+06 845156 679943 541634 318641 185426 387083 642423 746296 710415 900195 1.20736e+06 1.31138e+06 1.15673e+06 955479 617185 630288 615723
 893293 567424 501163 512475 461301 491640 343237 226481 467615 722769 888449 747069 671629 576786 675611 679298 740038 819654 759419 824369
 761255 727360 1.00532e+06 876244 873467 756329 481914 258421 280855 471609 473349 446523 488428 881942 951116 877876 898667 1.23611e+06 1.24731e+06 903576
 1.07442e+06 1.06647e+06 1.01392e+06 922379 777284 537229 332820 194287 291767 419200 731401 1.03198e+06 1.07368e+06 906301 577948 621871 710036 956895 1.14018e+06 1.2112e+06
 870471 1.09666e+06 1.22531e+06 933376 708246 375022 238840 211651 466909 588329 718839 673591 925099 686640 570356 725795 869287 933742 973395 860599
 915426 811596 774068 864556 659150 425561 269432 190713 170061 526440 1.14647e+06 1.41827e+06 1.33842e+06 1.11591e+06 1.11151e+06 1.0416e+06 963721 1.03344e+06 1.29101e+06 1.42487e+06
 962654 888046 1.23303e+06 1.09948e+06 861102 746609 424229 231099 561095 851864 993557 1.24141e+06 1.32045e+06 1.17906e+06 887055 1.14992e+06 1.56416e+06 1.54746e+06 979925 912398
 888473 1.30311e+06 1.47987e+06 1.53026e+06 1.14886e+06 803725 383525 163598 272938 414874 605363 580813 644878 525387 564433 560153 593561 588314 803478 1.1477e+06
 1.15878e+06 1.01188e+06 897177 795027 608590 491886 325199 136693 194992 262219 354676 473513 713360 907674 1.12627e+06 1.00047e+06 1.46608e+06 1.47518e+06 1.25025e+06 1.0766e+06
 1.32147e+06 1.43346e+06 1.25634e+06 824186 431539 246974 203688 196066 299287 566566 752299 931947 1.02037e+06 1.21422e+06 1.04611e+06 1.09053e+06 771034 700336 749230 569161
 779368 970162 1.0189e+06 754184 638156 439360 214827 187627 320346 470471 562339 511607 580566 637997 578950 491802 473483 468384 594499 660514
 904277 802140 819244 817190 608349 416398 245602 177212 389476 534809 672114 842413 954199 998788 877124 856197 763912 679293 785929 937299
 1.22821e+06 1.20023e+06 1.09691e+06 787625 526158 215123 162629 122754 227408 966341 1.52436e+06 1.50634e+06 1.0941e+06 818611 671056 641472 508513 803905 947582 1.51463e+06
 877711 1.08159e+06 1.01286e+06 849564 663622 458658 294827 184517 267539 318757 395588 599619 785466 981284 866163 807200 627162 651263 792781 889514
 970821 861746 836366 838237 749491 471608 320229 198412 451828 582757 776416 865679 1.03996e+06 1.41305e+06 1.29985e+06 1.10915e+06 1.07392e+06 1.08996e+06 890967 713409
 840102 792407 824539 1.16118e+06 1.04781e+06 724461 506909 289724 276292 458938 744833 876052 983695 934497 934091 756231 891065 832746 948724 731741
 756718 678130 959912 1.06132e+06 833180 596220 296936 156633 456483 632513 739086 689443 731261 784986 859317 911034 915810 904647 932291 759940
 987905 804593 872889 740336 635271 440417 262282 168080 257745 418189 568684 773880 753299 852460 885546 889885 764782 763464 843569 806573
 903820 1.23981e+06 1.28429e+06 1.2141e+06 1.06459e+06 474909 198037 171736 168612 714944 995932 1.18274e+06 760905 752568 999181 1.09849e+06 1.16374e+06 1.16744e+06 1.01053e+06 912928
 1.0151e+06 1.11702e+06 1.0861e+06 1.0637e+06 884286 769164 527967 287955 298036 695733 1.01832e+06 1.04915e+06 874508 1.00404e+06 908110 608820 534192 676862 940291 1.12632e+06
 959525 982077 549739 676717 621022 457012 289684 246156 420033 797011 906127 894648 833886 745551 674793 777082 703396 831290 955730 985935
 812229 810386 607193 739181 666143 373087 167232 189832 594822 873447 982901 842372 807377 702614 716909 931146 1.00108e+06 931637 807400 959808
 876259 814605 901414 1.14949e+06 781823 369371 310903 253489 283066 448626 628542 799539 893680 1.02281e+06 1.02556e+06 902879 643235 654584 772517 801206
 1.02183e+06 914139 629717 811056 888551 854310 456467 249128 258025 776930 688738 675006 565635 638700 720283 637426 512329 814731 749334 1.07681e+06
 972330 933608 887575 927722 771499 564648 343168 191284 605585 950696 1.23533e+06 1.28919e+06 1.16423e+06 1.0873e+06 983899 941154 786331 740673 879322 978448
 932971 774287 715132 765342 882040 884093 586230 398611 341917 485442 755699 977286 914824 811102 744573 796688 632028 637787 651245 810837
 1.0585e+06 999694 979814 728079 636744 435693 335812 211112 246610 390061 461130 560175 708470 871355 918346 795903 682629 691740 854791 1.14101e+06
 893693 764614 779518 639236 390687 286559 307607 254462 429819 760865 991277 866935 1.20756e+06 1.40112e+06 1.29566e+06 891804 759085 680748 758443 930550
 935821 748451 602468 717477 779894 793602 453284 234709 415093 701699 913816 1.03882e+06 786637 611603 519798 488530 494026 622379 780084 890354
 1.09574e+06 1.03053e+06 1.14187e+06 1.08964e+06 1.03492e+06 740631 393655 185628 297729 426039 484236 497535 641810 562019 983303 1.21613e+06 1.51754e+06 1.13564e+06 884467 745167
 854422 817976 795052 767908 615162 418306 332214 267232 293062 477568 696018 691558 751987 939691 942447 828755 872426 795449 990367 1.28457e+06
 769069 733856 628944 503730 390953 309114 286297 215181 301406 465302 652482 634443 678295 787614 843244 701651 714383 867013 889248 698213
 1.06562e+06 897750 1.01771e+06 880596 967983 849190 563405 370045 348857 268979 705795 741701 931545 947658 652724 760173 869919 684486 587982 693100
 1.13055e+06 1.33791e+06 1.22887e+06 864751 512436 242235 183919 188144 224702 336564 485017 569226 551409 595476 565617 653637 725128 749025 766095 724089
 816394 808040 706508 685843 512741 364354 180921 143911 499502 605825 576024 584094 543173 491571 746811 707804 635924 733890 810127 879413
 905838 898314 695524 758455 665776 636799 444989 243212 374909 448697 563936 769303 1.33019e+06 1.23636e+06 1.10535e+06 1.0189e+06 949406 799289 756876 756953
 815982 823526 727045 897523 953252 792354 486971 337930 314299 571250 671788 883186 902502 834346 953741 1.16419e+06 1.35485e+06 1.29015e+06 1.1173e+06 1.01465e+06
 1.07028e+06 1.05807e+06 963938 844828 763465 571005 208318 170634 318716 422624 616571 758186 867836 756685 643676 544251 518559 577528 654750 458955
 820833 1.0126e+06 903641 868763 827096 647747 272299 157029 231730 694227 782249 699304 999943 1.11033e+06 1.07848e+06 941688 682742 661389 521915 675748
 917282 1.0802e+06 1.08584e+06 1.02279e+06 1.03527e+06 759131 391221 185077 422609 710364 842908 830595 827904 905073 1.06765e+06 1.10471e+06 999381 750740 728311 643240
 898076 762410 706767 739962 617986 412608 282168 236715 214992 269863 424134 782493 898187 829761 758047 895265 923503 716058 627189 611274
 857143 815965 827910 1.05617e+06 952986 475719 330289 327668 467733 501800 705650 800267 1.38628e+06 1.31983e+06 954138 869271 978989 1.26242e+06 1.18786e+06 779803
 803911 794952 836426 864532 569226 270425 229444 259521 259664 277807 318125 476163 949374 1.41896e+06 1.59236e+06 1.37302e+06 1.05491e+06 968767 789452 833421
 1.35515e+06 1.22844e+06 1.06084e+06 1.30562e+06 1.13371e+06 840062 547076 259685 257297 341801 573902 666430 870758 1.00698e+06 1.33566e+06 1.67493e+06 1.50166e+06 853291 660034 525257
 1.02164e+06 1.62636e+06 1.57123e+06 1.16712e+06 845112 516952 260552 177566 230984 497244 736883 761272 728702 485845 680254 727382 1.1377e+06 1.32324e+06 1.23182e+06 898248
 863795 768545 857603 1.02832e+06 807564 498909 355698 254637 280102 696826 877673 1.08679e+06 1.22705e+06 1.44196e+06 1.49489e+06 1.07122e+06 1.10424e+06 862541 613545 619920
 710362 712816 798524 945360 801739 618266 350845 223676 474762 725161 793603 1.0003e+06 983215 852015 1.09099e+06 983827 684862 683949 561223 703916
 881943 809221 985075 1.23945e+06 995653 559298 331209 218408 521631 692472 699564 484158 408154 788961 959670 1.08181e+06 983923 816663 786311 659642
 821702 810809 744958 720655 615997 521334 340828 238865 458227 579291 775405 1.05887e+06 1.06054e+06 831870 586046 572883 710183 859488 919319 694538
 1.01794e+06 1.03309e+06 1.114e+06 893005 893862 644098 415337 254513 407668 741068 905758 825084 692177 1.06611e+06 1.11027e+06 1.09474e+06 924426 719933 637435 611653
 720817 1.00267e+06 981302 872181 650875 387349 209725 139024 199570 347853 608554 643983 722594 772831 841221 732004 666510 794897 895350 828103
 914555 868651 846922 1.10498e+06 985032 791253 489531 274344 476200 541676 567030 550416 902710 1.04431e+06 942935 955958 856856 816966 953907 896819
 981356 1.04514e+06 878141 773681 754486 498027 273324 242019 329279 644123 636801 659234 547604 647412 803899 842938 1.02349e+06 1.27373e+06 1.49868e+06 1.43289e+06
 782043 848844 1.05755e+06 946881 762814 563606 332486 208596 380707 1.17113e+06 1.66143e+06 1.72562e+06 1.68058e+06 1.29117e+06 781998 847002 1.10308e+06 1.28546e+06 1.08054e+06 713716
 982386 865882 725693 977158 847684 565136 320460 247741 412121 891885 1.02869e+06 1.01963e+06 828246 1.02513e+06 1.13041e+06 1.06795e+06 944510 1.04762e+06 1.25507e+06 1.14356e+06
 905491 830902 898856 893116 623595 422659 314391 234487 270947 573467 884037 1.13818e+06 1.01341e+06 1.02756e+06 868813 651320 619750 612651 680473 1.11996e+06
 929992 933649 1.19882e+06 1.11578e+06 901721 598715 310065 223373 353809 633035 609403 647915 501268 557081 594172 671479 835740 966732 1.04933e+06 997962
 859206 803259 727721 660348 505296 366463 287829 190938 640221 881164 966048 1.01118e+06 1.30172e+06 1.24494e+06 1.22184e+06 1.27946e+06 877166 1.08166e+06 958708 869958
 918931 1.1538e+06 921591 898579 811859 458991 171491 117188 185829 311076 419438 672279 1.03396e+06 1.05909e+06 1.10411e+06 836363 561199 450772 533886 647021
 928882 929699 1.32556e+06 1.57659e+06 1.28621e+06 934714 629534 181976 586626 711330 710256 763123 638207 685748 934707 955489 869228 651276 623022 580402
 844020 1.14349e+06 1.03942e+06 873091 740630 620665 370471 266152 294649 402749 575981 765209 712678 738763 785040 577506 819206 1.04678e+06 1.00728e+06 758365
 747020 1.01882e+06 1.14832e+06 1.30891e+06 1.00856e+06 646174 326367 184964 423692 534412 568931 1.03032e+06 1.15328e+06 1.07055e+06 988757 882611 671685 469309 539290 468449
 916574 838502 697455 612324 606482 527749 246311 217155 372263 660110 791670 1.15177e+06 1.01881e+06 719274 478984 803741 887812 779000 778945 791776
 849467 946013 1.02856e+06 891526 533068 439494 307343 217180 279052 321200 542736 563751 730000 961456 891729 944453 1.03844e+06 962249 966653 1.02625e+06
