 0.492138 0.475777 0.388039 0.513018 0.618069 0.560538 0.697866 1.11503 0.892919 0.565313 0.370944 0.523244 0.487252 0.358608 0.498916 0.476976 0.443649 0.41649 0.449166 0.464255
 0.506071 0.31144 0.591407 0.575854 0.569012 0.546414 0.619478 1.31651 0.435961 0.366455 0.424319 0.454992 0.696131 0.513823 0.495529 0.42115 0.559278 0.378204 0.50546 0.393647
 0.514051 0.529579 0.376107 0.399111 0.482554 0.533003 0.675199 0.806038 0.602735 0.600635 0.487838 0.502663 0.40688 0.431452 0.555128 0.470399 0.49799 0.447221 0.587346 0.521779
 0.425531 0.463107 0.327466 0.772789 0.443668 0.574075 0.883524 0.916437 1.29021 0.67662 0.485818 0.515295 0.420929 0.533372 0.386975 0.393564 0.468931 0.462113 0.398334 0.517816
 0.388571 0.557184 0.362147 0.491933 0.538724 0.590427 0.788531 0.838819 0.788358 0.682769 0.458804 0.462036 0.51697 0.430857 0.412086 0.315311 0.528422 0.837163 0.537264 0.562718
 0.405532 0.495889 0.371501 0.479056 0.493447 0.428682 0.566024 1.30523 0.756016 0.559503 0.451154 0.525805 0.476812 0.468667 0.533662 0.531494 0.400696 0.467021 0.446963 0.525582
 0.5198 0.318057 0.561838 0.415553 0.479643 0.797119 0.516309 0.84094 1.27251 0.528852 0.70621 0.47108 0.479969 0.445851 0.445098 0.550802 0.481802 0.481172 0.404985 0.510468
 0.488651 0.337211 0.38977 0.508748 0.559118 0.518242 0.716425 1.00954 0.541655 0.491711 0.409317 0.418556 0.442925 0.436881 0.456353 0.662093 0.486171 0.553938 0.348447 0.766067
 0.297921 0.459986 0.512468 0.486514 0.649083 0.662177 0.872786 0.746766 0.499753 0.487381 0.466782 0.724601 0.472235 0.460771 0.486736 0.464267 0.482951 0.474244 0.510096 0.544711
 0.442257 0.425777 0.398631 0.418929 0.407668 0.635271 1.38197 0.946319 0.97108 0.732949 0.617156 0.51741 0.62281 0.472344 0.505361 0.618691 0.46217 0.451987 0.445951 0.42371
 0.404657 0.488017 0.514647 0.573939 0.418476 0.614162 0.832618 0.906463 0.628982 0.551055 0.49571 0.485732 0.493595 0.37999 0.56972 0.321469 0.44521 0.495428 0.639896 0.5593
 0.519908 0.451191 0.358725 0.44187 0.493555 0.620859 0.666769 1.03395 0.659065 0.478694 0.585672 0.696039 0.503203 0.672068 0.585146 0.505581 0.450537 0.436708 0.456465 0.4762
 0.433331 0.44779 0.588134 0.390981 0.540793 0.534434 0.808356 0.743181 0.44329 0.82819 0.470015 0.44884 0.502448 0.372631 0.488034 0.72108 0.35507 0.566938 0.542006 0.494704
 0.501909 0.388869 0.423592 0.547356 0.443948 0.418105 0.798284 0.900623 0.588616 0.42955 0.423219 0.460588 0.395292 0.475953 0.494526 0.509232 0.540518 0.649122 0.746454 0.678855
 0.456273 0.491854 0.285285 0.463294 0.493491 0.951359 0.922438 0.874992 0.710695 0.586038 0.595462 0.488201 0.435907 0.411507 0.489056 0.477307 0.441651 0.418264 0.603159 0.444208
 0.3975 0.260009 0.729085 0.48957 0.767004 0.912105 0.779439 0.778944 0.599066 0.598906 0.502294 0.466178 0.459627 0.386288 0.408663 0.559942 0.476814 0.424933 0.44183 0.683545
 0.424458 0.393705 0.479683 0.480347 0.405281 0.676504 0.76871 1.10809 0.806958 0.760098 0.491228 0.43889 0.53729 0.441635 0.546407 0.377359 0.504018 0.493794 0.450559 0.53266
 0.414416 0.448395 0.737092 0.42521 0.501297 0.550316 0.642708 0.810079 0.649841 0.661128 0.625254 0.444616 0.341985 0.481448 0.461765 0.490813 0.423141 0.474417 0.653834 0.545766
 0.307515 0.65697 0.400139 0.51591 0.45633 0.698221 0.6875 0.951648 0.647352 0.483581 0.515834 0.484768 0.333184 0.505848 0.459605 0.58463 0.404731 0.540229 0.450942 0.488256
 0.482942 0.373541 0.635585 0.551621 0.413622 0.405276 0.666657 1.00313 0.588915 0.480796 0.410694 0.439492 0.375965 0.463575 0.464293 0.527625 0.563007 0.483442 0.435292 0.636721
 0.593539 0.448165 0.429603 0.400521 0.363795 0.581978 0.835534 1.003 0.601877 0.603598 0.49025 0.511894 0.538261 0.687071 0.51612 0.39518 0.380021 0.434751 0.420685 0.474361
 0.412794 0.41153 0.311378 0.586354 0.535509 0.478196 0.567381 1.02097 1.48361 0.60805 0.625933 0.454478 0.379279 0.47745 0.429485 0.536855 0.392682 0.543517 0.529484 0.61845
 0.475678 0.358969 0.324321 0.551084 0.528762 0.620129 0.57826 1.08898 0.781564 0.781722 0.672387 0.530986 0.482041 0.558621 0.446919 0.442559 0.483049 0.435814 0.451016 0.515338
 0.406592 0.520028 0.423044 0.40215 0.524336 0.579393 0.681111 1.15398 1.04578 0.509828 0.643255 0.399516 0.54283 0.468438 0.53272 0.374909 0.426088 0.467821 0.462988 0.437792
 0.400071 0.479365 0.410836 0.360021 0.478722 0.394739 0.60463 1.40634 0.916182 0.644325 0.493833 0.581507 0.476115 0.413349 0.467663 0.434574 0.419773 0.590939 0.473644 0.406641
 0.414548 0.593431 0.392332 0.360477 0.622262 0.641066 0.674611 0.914834 0.73348 0.684312 0.453012 0.445415 0.483417 0.440036 0.415164 0.449807 0.527346 0.441513 0.626395 0.542914
 0.480419 0.369869 0.600496 0.339667 0.667203 0.534 0.601597 1.35736 0.841358 0.502556 0.558339 0.545576 0.409596 0.479722 0.48083 0.502052 0.441112 0.500537 0.640226 0.44322
 0.445037 0.543408 0.447613 0.403618 0.534406 0.622206 0.501226 0.712291 0.794147 0.311319 0.587519 0.399294 0.566141 0.468895 0.430415 0.587954 0.397273 0.450514 0.463607 0.485496
 0.536925 0.380707 0.510725 0.367164 0.441703 0.5314 0.408991 2.75 0.888585 0.638314 0.455268 0.483081 0.484191 0.574168 0.415849 0.557718 0.425111 0.402246 0.532105 0.546085
 0.398643 0.445739 0.461851 0.433272 0.488623 0.50867 1.17699 1.6727 0.769428 0.682545 0.472472 0.686338 0.422872 0.435606 0.447922 0.388012 0.484028 0.899432 0.439742 0.451535
 0.407735 0.457456 0.366597 0.405849 0.515632 0.549328 1.58729 1.18825 0.518201 0.350258 0.69463 0.486605 0.510442 0.525131 0.415615 0.399436 0.493169 0.419697 0.55716 0.544359
 0.449642 0.476819 0.49764 0.513925 0.547591 0.453219 0.863273 1.02585 0.435552 0.859364 0.530817 0.402022 0.415802 0.412685 0.483814 0.566549 0.527911 0.442262 0.462991 0.532603
 0.368968 0.527439 0.415205 0.536624 0.583208 0.776127 0.889334 0.761967 1.19226 0.471068 0.562108 0.441191 0.410934 0.370351 0.565151 0.358684 0.46339 0.43455 0.68697 0.388351
 0.44682 0.45838 0.468717 0.437309 0.487855 0.777393 1.33568 0.865925 0.787778 0.582129 0.424577 0.494987 0.359473 0.334242 0.772074 0.382978 0.573895 0.439734 0.421798 0.549872
 0.550723 0.411652 0.453569 0.453534 0.481349 0.514216 0.960362 0.906665 0.530748 0.992579 0.548776 0.576866 0.461319 0.400228 0.389547 0.443445 0.543408 0.457175 0.771377 0.414392
 0.464765 0.433469 0.40532 0.423161 0.458993 0.476539 0.819881 0.679993 0.854382 0.571942 0.436255 0.507083 0.373914 0.525051 0.437226 0.377968 0.740579 0.570156 0.454078 0.765781
 0.458574 0.370018 0.423075 0.494795 0.415935 0.510502 0.816828 0.835637 0.873939 0.454448 0.452558 0.456002 0.482159 0.467735 0.525299 0.476025 0.651061 0.489742 0.568432 0.444181
 0.39752 0.469358 0.46544 0.348136 0.653564 0.618572 0.653394 0.854886 0.850578 0.410381 0.675009 0.478409 0.394619 0.633086 0.383399 0.575305 0.380767 0.568265 0.467324 0.404728
 0.448123 0.351459 0.604627 0.375495 0.616566 0.508922 1.23827 0.833268 0.954217 0.440449 0.629104 0.549212 0.377661 0.480124 0.511524 0.43511 0.546962 0.542554 0.440739 0.482017
 0.318531 0.519082 0.399903 0.471703 0.669031 0.687826 0.756796 1.35261 0.928471 0.510322 0.533322 0.498625 0.457846 0.490924 0.381088 0.535126 0.464048 0.459497 0.357863 0.442477
 0.393083 0.441198 0.499208 0.399622 0.586921 0.901123 0.931319 0.774791 0.650194 0.594003 0.498565 0.445674 0.479013 0.4351 0.612237 0.545371 0.720581 0.527937 0.419777 0.34727
 0.448809 0.385119 0.352403 0.679881 0.368797 0.656016 0.688487 0.864352 0.53039 0.61855 0.373214 0.653496 0.644056 0.36071 0.52739 0.47102 0.434663 0.345013 0.532292 0.564414
 0.396475 0.533288 0.467928 0.476396 0.439681 0.502796 0.908977 0.72667 0.765722 0.368267 0.516488 0.458563 0.499767 0.424383 0.554226 0.659517 0.488306 0.60887 0.575357 0.619512
 0.444404 0.369015 0.555447 0.439895 0.515196 0.642446 0.735689 1.71668 0.462122 0.350804 0.410848 0.46815 0.430065 0.534983 0.374614 0.629581 0.449014 0.573507 0.478771 0.484206
 0.501709 0.345888 0.441627 0.509637 0.389629 0.549125 0.888554 1.09308 0.554675 0.540861 0.481518 0.477841 0.425242 0.387672 0.498056 0.480049 0.627965 0.410214 0.630008 0.490859
 0.424917 0.464981 0.379639 0.437602 0.576493 0.713302 1.26293 0.922337 1.07272 0.464285 0.517359 0.499797 0.462293 0.551896 0.36426 0.502546 0.437911 0.510521 0.539317 0.580206
 0.439611 0.357436 0.509853 0.487259 0.404392 0.554095 0.911219 0.695689 0.728614 0.588533 0.414236 0.444479 0.512195 0.443475 0.406897 0.396608 0.453516 0.656907 0.56092 0.460489
 0.483937 0.406548 0.360127 0.431264 0.55856 0.493377 0.887625 1.03314 0.688332 0.726994 0.573262 0.490758 0.488815 0.458643 0.490609 0.530487 0.463202 0.578309 0.474103 0.436225
 0.557146 0.38957 0.397809 0.472676 0.630401 0.557147 0.77997 0.646516 0.642274 0.54508 0.591021 0.469451 0.60288 0.482016 0.414836 0.483178 0.426935 0.453309 0.493473 0.508204
 0.448382 0.409359 0.489685 0.412944 0.407536 0.465322 0.632944 0.922605 0.754571 0.592735 0.44867 0.702026 0.560083 0.472548 0.480234 0.472469 0.432594 0.447502 0.419263 0.547899
 0.405395 0.542079 0.458728 0.464744 0.450468 0.525188 0.73246 0.809972 0.515795 0.486916 0.508201 0.421867 0.426905 0.37795 0.561259 0.488111 0.415539 0.411419 0.491206 0.616976
 0.498057 0.385709 0.463561 0.439948 0.396736 0.682334 0.581269 0.89873 0.692296 0.497861 0.452773 0.450027 0.463718 0.597415 0.501538 0.415677 0.636973 0.579129 0.608792 0.50759
 0.468556 0.446215 0.476112 0.400153 0.509178 0.516789 0.884359 0.866643 0.614335 0.473435 0.449622 0.511026 0.513542 0.436327 0.509394 0.466278 0.570624 0.463491 0.500522 0.469751
 0.493478 0.532011 0.451889 0.417478 0.502534 0.541987 0.938651 1.00544 0.719207 0.585581 0.418927 0.441948 0.415233 0.535136 0.423752 0.37078 0.582764 0.462721 0.518302 0.591089
 0.411322 0.675004 0.417943 0.494914 0.42058 0.55938 0.761139 0.976852 0.579101 0.511454 0.591997 0.395588 0.514209 0.380113 0.496159 0.455341 0.4458 0.481293 0.516177 0.529747
 0.439934 0.461646 0.39288 0.345466 0.809268 0.333054 0.851285 1.03551 0.633748 0.446535 0.362154 0.768469 0.503926 0.546471 0.458047 0.443273 0.565087 0.430231 0.465824 0.488118
 0.428629 0.525729 0.421135 0.50392 0.482083 1.04586 0.851292 0.822564 0.650645 0.455088 0.497194 0.442925 0.432416 0.392662 0.458737 0.534379 0.462383 0.588569 0.332641 0.907798
 0.53009 0.486876 0.464577 0.358773 0.448684 0.572883 0.727094 0.738939 0.637231 0.526659 0.484868 0.365019 0.5929 0.583532 0.472722 0.379778 0.664272 0.428282 0.584398 0.461046
 0.511944 0.328471 0.527472 0.337181 0.565673 0.650648 0.666475 1.12931 0.721655 0.458776 0.500165 0.483096 0.448165 0.480133 0.569018 0.427306 0.456309 0.5699 0.410042 0.606775
 0.510772 0.436344 0.406256 0.545265 0.463201 0.576095 0.710505 1.11601 0.551965 0.436007 0.507679 0.494032 0.568509 0.564292 0.513171 0.429729 0.523534 0.398538 0.487573 0.444863
 0.35093 0.574348 0.495651 0.450961 0.68077 0.643087 0.613571 0.91559 0.645348 0.610905 0.48844 0.45921 0.421743 0.409542 0.584135 0.466916 0.535178 0.51977 0.595625 0.575194
 0.390979 0.496869 0.481476 0.341972 0.5811 0.715449 0.712349 0.726895 0.774063 0.543694 0.514418 0.486308 0.435572 0.483947 0.481623 0.483641 0.509158 0.467492 0.617017 0.42361
 0.495212 0.411741 0.385787 0.649031 0.42341 0.492166 0.559681 0.993917 0.606907 0.535231 0.536284 0.558704 0.446649 0.510728 0.540345 0.440661 0.489219 0.626279 0.429401 0.544088
 0.485406 0.469809 0.525906 0.411322 0.429351 0.437803 0.615198 0.950923 0.926106 0.621612 0.476777 0.442526 0.535876 0.496103 0.56664 0.526144 0.469145 0.528097 0.340228 0.645247
 0.490688 0.388823 0.46804 0.58659 0.500017 0.407481 0.834377 1.05087 0.531006 0.485972 0.461361 0.483243 0.462834 0.432158 0.426353 0.613204 0.439223 0.430649 0.6155 0.425462
 0.640998 0.47464 0.330485 0.529554 0.485755 0.933133 0.664508 0.86516 0.334764 0.681635 0.565222 0.454117 0.390108 0.581582 0.458099 0.677586 0.436792 0.52476 0.572466 0.373854
 0.405769 0.43212 0.527876 0.390447 0.403867 0.808472 0.71031 0.828094 0.820047 0.626641 0.562004 0.527602 0.481396 0.46319 0.446232 0.50274 0.43846 0.471209 0.436153 0.595024
 0.397976 0.525388 0.338704 0.493891 0.403661 0.719664 0.84338 0.856703 0.787442 0.395866 0.958808 0.526292 0.349809 0.483083 0.431651 0.498543 0.460234 0.445368 0.564513 0.521079
 0.413956 0.663387 0.498081 0.450345 0.468192 0.409504 1.47746 0.844795 0.591502 0.672854 0.418813 0.530655 0.404434 0.446555 0.489097 0.457145 0.440276 0.538916 0.433332 0.378822
 0.345378 0.56675 0.413867 0.427056 0.480931 0.486408 0.651717 1.46042 0.747685 0.808115 0.641222 0.491236 0.587227 0.521627 0.510616 0.408233 0.383399 0.533135 0.48283 0.425865
 0.453805 0.455008 0.432623 0.5251 0.512888 0.596152 0.529641 0.754457 0.651837 0.497201 0.434149 0.514717 0.459682 0.394612 0.414974 0.4317 0.434588 0.549817 0.42143 0.423929
 0.513668 0.42507 0.473661 0.400581 0.445728 0.608046 0.640117 0.847994 0.81681 0.28643 0.637676 0.478126 0.486406 0.32528 0.461886 0.452819 0.426187 0.448681 0.532136 0.468684
 0.318841 0.559898 0.569602 0.502379 0.500834 0.492118 0.594263 1.06169 0.66879 0.5514 0.474692 0.427046 0.512709 0.457887 0.467042 0.386168 0.552957 0.480776 0.462585 0.440611
 0.598811 0.370348 0.438705 0.463679 0.534513 0.576534 0.795531 0.978363 0.654405 0.767681 0.700082 0.444577 0.368336 0.553284 0.450581 0.459656 0.403313 0.471191 0.399831 0.422565
 0.481022 0.436493 0.379256 0.48296 0.372514 0.847113 1.09167 1.13493 1.06803 0.712991 0.799091 0.438347 0.510915 0.442632 0.38994 0.571973 0.429047 0.484625 0.607568 0.454179
 0.508224 0.448445 0.35043 0.681248 0.468048 0.681248 0.612984 0.680277 0.311249 0.684007 0.300017 0.719273 0.389269 0.503177 0.463781 0.455741 0.437944 0.478066 0.56233 0.373807
 0.303858 0.569884 0.503275 0.386303 0.46222 0.642747 0.803929 1.29269 1.05842 0.609537 0.553142 0.369428 0.468362 0.502219 0.425668 0.53609 0.458669 0.527981 0.44296 0.566086
 0.361143 0.453379 0.65471 0.457737 0.448975 0.816792 0.613128 0.998722 0.642569 0.524108 0.412051 0.500825 0.483904 0.592507 0.464227 0.550338 0.431378 0.412737 0.592911 0.55879
 0.544762 0.339098 0.534885 0.481753 0.466953 0.510913 0.706624 0.712495 0.702983 0.570355 0.430574 0.489174 0.496368 0.748814 0.556865 0.415975 0.514736 0.538969 0.573295 0.456458
 0.451656 0.379111 0.51265 0.43856 0.538024 0.86471 0.5544 1.49299 0.802221 0.639145 0.522669 0.589229 0.404563 0.485498 0.407782 0.465729 0.595055 0.496026 0.449528 0.511369
 0.517534 0.466759 0.423937 0.514621 0.402904 0.704446 0.641457 1.00818 0.565992 0.566531 0.527712 0.444218 0.580112 0.439157 0.503407 0.426642 0.477301 0.367473 0.456679 0.442567
 0.447082 0.440513 0.41692 0.615469 0.403659 0.712064 0.492177 1.13077 0.781638 0.547155 0.448691 0.42695 0.410268 0.546027 0.439189 0.48984 0.544562 0.34274 0.454495 0.598805
 0.494086 0.400421 0.598502 0.456437 0.468611 0.48521 0.789915 1.25111 0.858767 0.498735 0.418438 0.521228 0.480585 0.45496 0.456855 0.496346 0.543732 0.430906 0.583335 0.505211
 0.397849 0.719945 0.478181 0.531684 0.432743 0.585486 0.581255 1.03031 0.57173 0.429041 0.513889 0.464444 0.395737 0.509973 0.371246 0.493929 0.601129 0.385145 0.574013 0.464381
 0.446528 0.413615 0.510464 0.461261 0.565628 0.421568 0.65362 0.872846 0.735721 0.597277 0.436205 0.530543 0.435542 0.516479 0.368601 0.556815 0.3945 0.521971 0.46723 0.401527
 0.458331 0.446934 0.506139 0.303146 0.779361 0.647193 0.806597 1.48073 0.365786 0.706925 0.615038 0.524677 0.603994 0.448067 0.44197 0.449893 0.437968 0.542292 0.59495 0.435699
 0.400406 0.546042 0.472753 0.324921 0.578693 0.465404 0.721428 0.984205 0.724413 0.484806 0.54662 0.472442 0.595521 0.406611 0.441686 0.396509 0.528619 0.403093 0.434728 0.555736
 0.482753 0.454753 0.471008 0.454334 0.557947 1.37965 0.873258 0.768724 0.438629 0.792678 0.418788 0.735069 0.469538 0.440463 0.482817 0.400616 0.439404 0.48265 0.734847 0.541695
 0.416756 0.54375 0.440899 0.381438 0.405261 0.666388 0.602813 0.647659 0.85418 0.586844 0.481552 0.518014 0.567232 0.492783 0.48748 0.523168 0.346005 0.497058 0.541804 0.417804
 0.507533 0.38774 0.51965 0.458317 0.521836 0.721114 0.780747 0.971076 0.644452 0.590011 0.439765 0.411468 0.42695 0.488738 0.465659 0.501311 0.4743 0.403459 0.555257 0.417212
 0.399833 0.527762 0.427793 0.338089 0.453119 0.708821 0.587572 0.999667 0.767233 0.72035 0.583228 0.618787 0.444006 0.563597 0.535201 0.365313 0.487378 0.49578 0.424186 0.477699
 0.478059 0.475068 0.442646 0.63986 0.404607 0.524371 0.651718 1.15995 0.546222 0.481104 0.480885 0.468779 0.455433 0.530475 0.447444 0.401819 0.53008 0.438323 0.512497 0.454286
 0.477768 0.303695 0.579763 0.437669 0.544229 0.586274 0.615968 1.67537 0.265534 0.504401 0.525845 0.482774 0.44334 0.35235 0.509498 0.493013 0.376424 0.467215 0.636731 0.57159
 0.411677 0.541626 0.475331 0.493659 0.436494 0.793743 1.06563 0.994632 0.635103 0.525894 0.491551 0.499105 0.475601 0.435291 0.469377 0.414839 0.483224 0.382741 0.534444 0.618966
 0.503732 0.373923 0.469016 0.41241 0.487501 0.59212 0.585075 1.82656 0.54452 0.680617 0.497251 0.560497 0.471263 0.480611 0.388203 0.707924 0.366548 0.423296 0.440197 0.527677
 0.545036 0.399172 0.394492 0.42401 0.465133 0.955711 0.803688 0.832786 0.752422 0.541833 0.601622 0.455237 0.53636 0.455775 0.623227 0.361647 0.634591 0.528854 0.363632 0.604467
 0.503584 0.514003 0.388818 0.430008 0.532712 0.817252 0.649375 0.752996 0.613298 0.608131 0.435151 0.56034 0.389882 0.465661 0.417975 0.566879 0.421783 0.492675 0.501134 0.430228
 0.602669 0.388102 0.464585 0.440856 0.464779 0.522115 0.723667 0.680921 0.570749 0.492623 0.47382 0.442923 0.416073 0.41937 0.391165 0.538813 0.409873 0.444795 0.573392 0.558744
 0.374446 0.449376 0.469487 0.471412 0.63243 0.697441 0.749721 1.11927 0.771908 0.669964 0.479722 0.436358 0.453021 0.606965 0.548242 0.353499 0.529194 0.432445 0.432533 0.594394
 0.480999 0.443315 0.399596 0.50291 0.506264 0.530372 0.873184 1.13592 0.358431 0.569832 0.520597 0.441418 0.501009 0.361883 0.376346 0.569025 0.508999 0.488881 0.592306 0.551252
 0.472428 0.377345 0.433778 0.47367 0.523043 0.54303 0.644394 1.16515 0.738848 0.32372 0.638161 0.444847 0.453908 0.558993 0.626 0.436598 0.449338 0.55681 0.50731 0.607088
 0.426919 0.431794 0.418612 0.438129 0.552548 0.566547 0.644464 0.974926 0.870564 0.645107 0.671113 0.459025 0.423505 0.540257 0.432689 0.428073 0.408896 0.539535 0.514056 0.470322
 0.460241 0.54869 0.441545 0.372048 0.502465 0.583681 0.763036 0.767629 0.819611 0.511722 0.558513 0.499803 0.450952 0.568102 0.56771 0.358403 0.522415 0.507112 0.469487 0.443697
 0.487027 0.356604 0.753776 0.469064 0.529417 0.617183 0.624659 0.768747 0.42921 0.560525 0.278135 0.640253 0.471027 0.445304 0.447613 0.443677 0.546596 0.510494 0.496114 0.531367
 0.489093 0.362641 0.560083 0.431117 0.468323 0.578926 0.856288 0.679884 0.52052 0.608317 0.45744 0.43384 0.473511 0.465058 0.401356 0.523639 0.424576 0.463538 0.638729 0.793963
 0.279987 0.769456 0.349966 0.714116 0.350709 0.936004 0.911078 0.853878 0.685594 0.537424 0.472067 0.465396 0.675982 0.369342 0.511083 0.432364 0.606184 0.465589 0.37704 0.432119
 0.393615 0.564474 0.344179 0.421504 0.922557 0.507668 0.653459 0.901989 0.780505 0.446032 0.504535 0.526206 0.547343 0.39247 0.499686 0.401833 0.390799 0.413623 0.49616 0.479359
 0.472728 0.481295 0.468633 0.462886 0.438602 0.565823 0.942889 0.909427 0.65175 0.573058 0.34816 0.553107 0.509682 0.60063 0.469767 0.448314 0.493011 0.404748 0.471598 0.459686
 0.387521 0.463014 0.443841 0.411903 0.492122 0.489191 0.768049 1.2641 0.572775 0.54056 0.503338 0.556214 0.575799 0.38066 0.597395 0.428843 0.446946 0.469928 0.50907 0.51359
 0.438152 0.279304 0.69245 0.419545 0.449367 0.579112 0.724084 0.782609 0.781209 0.555563 0.481795 0.411884 0.563134 0.364926 0.484967 0.457042 0.454821 0.424453 0.459484 0.552182
 0.437203 0.41505 0.467874 0.421471 0.4105 0.47412 0.961779 0.67895 0.629429 0.50438 0.579522 0.373319 0.499712 0.605248 0.471784 0.479459 0.523434 0.456213 0.520297 0.572221
 0.413271 0.46203 0.445813 0.474494 0.480872 0.595089 0.601657 0.794497 0.92296 0.505559 0.583852 0.378663 0.488732 0.521689 0.431769 0.463796 0.47464 0.461865 0.586737 0.399004
 0.448853 0.465977 0.450422 0.507677 0.488585 0.642115 1.27616 0.829311 0.786279 0.544454 0.482318 0.395016 0.372777 0.533686 0.551958 0.40451 0.367048 0.476234 0.513809 0.470819
 0.52124 0.39553 0.465794 0.408113 0.618702 0.62954 0.578956 0.767143 0.771919 0.578684 0.45152 0.511724 0.424265 0.520795 0.568254 0.445004 0.364414 0.471884 0.504205 0.403444
 0.43108 0.459037 0.325786 0.560803 0.760277 0.781004 0.826901 0.991851 0.7043 0.744758 0.547906 0.580605 0.417226 0.400329 0.50219 0.450542 0.429633 0.503627 0.438667 0.455348
 0.433808 0.513753 0.422443 0.490095 0.443653 0.738493 0.898985 0.750627 1.07098 0.500545 0.389273 0.466972 0.580675 0.46378 0.619246 0.425904 0.449018 0.375962 0.654014 0.417406
 0.467678 0.405042 0.413204 0.384816 0.541639 0.634387 0.669534 0.768551 0.717566 0.508837 0.390845 0.520671 0.476002 0.496874 0.396867 0.480938 0.456308 0.496421 0.449881 0.404786
 0.460363 0.347608 0.693866 0.453302 0.436645 0.522885 0.741791 0.907099 0.757628 0.55049 0.745845 0.515687 0.484767 0.401272 0.558446 0.477019 0.547741 0.426065 0.456227 0.448994
 0.438129 0.454463 0.530485 0.455015 0.462123 0.782992 0.855943 0.867236 0.33205 0.846057 0.492264 0.431995 0.505066 0.68261 0.374868 0.485311 0.342682 0.489949 0.482879 0.55785
 0.4697 0.447711 0.454579 0.375517 0.595452 0.543584 0.606495 0.676308 1.09778 0.625145 0.764621 0.428828 0.409733 0.554933 0.40745 0.570034 0.374948 0.52056 0.48488 0.448026
 0.373157 0.51837 0.456823 0.436314 0.623612 0.792252 1.02332 0.7469 0.592836 0.477199 0.484984 0.46411 0.451279 0.448175 0.412192 0.440583 0.450264 0.416451 0.520632 0.475228
 0.446787 0.508674 0.574931 0.419915 0.471071 0.628071 0.700471 0.920588 0.69777 0.550331 0.472741 0.451322 0.53591 0.406266 0.41332 0.389846 0.458295 0.45859 0.542166 0.383279
 0.516483 0.438455 0.405878 0.347831 0.548686 0.522006 0.546831 1.31457 0.35477 0.706779 0.61784 0.457958 0.758954 0.608446 0.375867 0.490366 0.523916 0.426332 0.466335 0.490556
 0.477738 0.323951 0.428041 0.573734 0.411392 0.762507 0.871632 1.26489 0.629258 0.583443 0.463403 0.445116 0.534315 0.447173 0.517749 0.481256 0.41132 0.424531 0.506227 0.471686
 0.381522 0.478863 0.505772 0.584481 0.433547 0.453406 0.608602 0.718451 0.721752 0.6784 0.509598 0.49723 0.489991 0.896459 0.363762 0.474947 0.533312 0.394171 0.40835 0.487872
 0.431418 0.3253 0.499084 0.824194 0.337276 0.403175 0.881657 0.527389 1.25019 0.381029 0.864953 0.397314 0.449427 0.438839 0.431967 0.474495 0.574942 0.500564 0.476322 0.511175
 0.51664 0.368624 0.414379 0.487345 0.378501 0.53453 0.425867 2.15477 1.0191 0.922013 0.547297 0.613875 0.382161 0.43516 0.476048 0.524008 0.400943 0.429861 0.497 0.505544
 0.349852 0.589439 0.348907 0.397234 0.49299 0.627045 0.783951 1.09905 0.792232 0.665189 0.481929 0.555067 0.461339 0.470848 0.385795 0.434047 0.512211 0.529097 0.516876 0.469408
 0.424397 0.406536 0.449028 0.352994 0.711226 0.533676 1.31252 0.903208 0.784451 0.592569 0.433013 0.508093 0.447625 0.526375 0.417281 0.394506 0.481162 0.619635 0.481368 0.448165
 0.316902 0.582848 0.51499 0.416931 0.509724 0.459483 0.724716 0.883638 0.408168 0.870974 0.46522 0.502993 0.436674 0.486393 0.438296 0.528969 0.353977 0.496934 0.57262 0.454824
 0.40247 0.514902 0.451408 0.419598 0.524465 0.700649 0.922704 0.852956 0.617211 0.553983 0.456021 0.479848 0.451727 0.445972 0.597252 0.434316 0.434184 0.435657 0.470224 0.545522
 0.474584 0.421953 0.356058 0.410976 0.486699 0.848455 0.724548 1.11824 0.728607 0.468922 0.471212 0.554572 0.356904 0.423532 0.551158 0.506445 0.607458 0.335944 0.466023 0.683423
 0.452343 0.445224 0.430146 0.54335 0.483875 0.543229 0.803033 0.79744 0.604254 0.32726 0.658418 0.439544 0.452966 0.455176 0.462226 0.484816 0.442321 0.417449 0.60463 0.49354
 0.438054 0.553513 0.376729 0.38529 0.518637 0.430948 1.00722 0.834111 0.779097 0.497696 0.56633 0.399648 0.633611 0.549263 0.521592 0.4462 0.435147 0.42379 0.669513 0.42842
 0.502862 0.470017 0.322048 0.389467 0.55097 0.287814 0.779054 0.844964 0.748856 0.468935 0.563113 0.580877 0.491404 0.398037 0.542546 0.459836 0.641367 0.435519 0.541927 0.431124
 0.474288 0.481336 0.385386 0.506269 0.506799 0.694787 0.754593 0.966079 0.819581 0.617729 0.457706 0.429019 0.640596 0.358109 0.492258 0.492559 0.615971 0.618523 0.454575 0.387351
 0.478696 0.377719 0.408705 0.532849 0.487634 0.502751 0.693903 1.52966 0.64176 0.547102 0.502771 0.479302 0.437075 0.407353 0.471079 0.460187 0.480844 0.648791 0.547237 0.595838
 0.42114 0.686092 0.436284 0.5857 0.521012 0.435141 0.678425 0.846166 0.482836 0.527895 0.46132 0.533281 0.467383 0.575813 0.381327 0.489618 0.50558 0.482887 0.612281 0.41145
 0.541246 0.436609 0.363016 0.596799 0.356331 0.462235 0.594673 0.942904 0.772102 0.541026 0.693615 0.627185 0.466428 0.408887 0.501542 0.468248 0.4093 0.356694 0.494276 0.587072
 0.406864 0.478144 0.454194 0.46356 0.458016 0.580413 0.71197 0.858793 1.07788 0.625727 0.454796 0.433382 0.444744 0.484799 0.648843 0.459511 0.503371 0.470457 0.397216 0.456648
 0.406399 0.405742 0.403515 0.553802 0.470572 0.847159 0.757607 0.807841 0.580406 0.571453 0.479985 0.514051 0.364753 0.705154 0.527696 0.430005 0.49325 0.485631 0.417397 0.516431
 0.432067 0.460092 0.491061 0.409629 0.604484 0.600704 0.787039 0.842175 1.03661 0.497582 0.209093 0.507154 0.438211 0.495452 0.402637 0.361512 0.486178 0.620806 0.429142 0.421646
 0.449535 0.503498 0.315212 0.559665 0.45504 0.435201 0.641731 1.46708 0.569424 0.487747 0.523877 0.395983 0.421718 0.472785 0.511277 0.456907 0.341424 0.457177 0.573313 0.45182
 0.463578 0.361608 0.415417 0.461124 0.49705 0.543491 0.845883 1.71733 0.890344 0.60132 0.543681 0.573768 0.542706 0.594191 0.511209 0.510194 0.430116 0.550996 0.418724 0.389211
 0.3309 0.599595 0.393655 0.440647 0.540106 0.526604 0.855337 2.31106 0.948069 0.688522 0.581062 0.502692 0.381685 0.465588 0.368182 0.543532 0.353087 0.486555 0.489351 0.449421
 0.366002 0.456894 0.45768 0.573593 0.728648 0.834756 0.874531 0.926517 0.774673 0.483528 0.518095 0.463291 0.436989 0.450152 0.505408 0.377864 0.583547 0.478175 0.503782 0.737826
 0.514831 0.318157 0.514999 0.549476 0.393957 0.558372 1.56343 0.898371 0.732723 0.519436 0.495605 0.601318 0.470557 0.458983 0.459589 0.519632 0.583976 0.505077 0.472809 0.535539
 0.462926 0.482594 0.409964 0.423353 0.57044 0.570402 0.960582 0.771966 0.798559 0.539273 0.518428 0.455415 0.415998 0.456431 0.480388 0.437143 0.48758 0.495623 0.493358 0.472012
 0.408506 0.455336 0.408341 0.496124 0.599055 1.40496 0.903845 1.42804 0.811675 0.391606 0.366611 0.472726 0.45034 0.532191 0.43702 0.539321 0.662072 0.433775 0.497164 0.425019
 0.377467 0.422216 0.510243 0.522701 0.501609 0.601846 0.610861 1.52092 0.747451 0.675691 0.588577 0.439462 0.452056 0.412895 0.509587 0.418966 0.496741 0.508656 0.445309 0.520228
 0.43043 0.49993 0.418317 0.471146 0.462323 0.71618 0.62191 1.07321 0.53169 0.57896 0.449311 0.53216 0.375824 0.376525 0.500472 0.527023 0.426033 0.39836 0.531028 0.652304
 0.503125 0.44259 0.444005 0.291145 0.60621 0.512987 0.453931 1.18118 0.849762 0.643486 0.46369 0.469002 0.469161 0.465561 0.460453 0.499613 0.411933 0.505859 0.451758 0.638924
 0.501664 0.503671 0.354859 0.466265 0.499612 0.509533 0.915057 1.32731 0.527703 0.607096 0.49933 0.509389 0.437283 0.493038 0.450257 0.454808 0.441601 0.466455 0.509175 0.620805
 0.431274 0.509941 0.405005 0.547487 0.399886 0.737707 0.809457 1.07662 0.706471 0.591991 0.471767 0.478834 0.521022 0.452712 0.481246 0.458096 0.500707 0.421197 0.473334 0.515233
 0.440903 0.316708 0.52047 0.442399 0.40945 1.11625 1.0589 1.03585 1.13417 0.451457 0.3424 0.38233 0.795104 0.4275 0.441593 0.423508 0.467271 0.408147 0.579606 0.535845
 0.413359 0.360612 0.547109 0.459098 0.478804 0.416306 0.547817 0.942956 0.872954 0.506861 0.469531 0.463154 0.50209 0.432619 0.50666 0.700722 0.48087 0.5399 0.448806 0.414197
 0.416201 0.385299 0.920435 0.27402 0.497526 0.686278 0.76447 0.807576 0.629818 0.421808 0.50383 0.459518 0.434561 0.517678 0.463999 0.400482 0.555274 0.5255 0.428751 0.453671
 0.493983 0.346676 0.677612 0.298507 0.508745 0.964637 1.18464 0.70765 0.333783 0.602627 0.432665 0.518388 0.457185 0.542346 0.447926 0.417473 0.494536 0.559494 0.530854 0.494282
 0.463834 0.473046 0.426013 0.345044 0.665421 0.756674 0.543285 0.834689 0.759877 0.615611 0.417664 0.456362 0.461516 0.42834 0.450627 0.463644 0.567921 0.46244 0.489399 0.523381
 0.417765 0.493507 0.592686 0.404456 0.433815 0.441034 0.701326 0.883137 0.716001 0.455367 0.708198 0.448801 0.565794 0.475033 0.409028 0.542442 0.527864 0.421347 0.596539 0.401546
 0.416194 0.477339 0.389917 0.493395 0.493483 0.530177 0.710885 1.10296 0.481886 0.329056 0.397638 0.466738 0.380239 0.385908 0.591735 0.443226 0.616962 0.498041 0.461658 0.520745
 0.417194 0.544486 0.446091 0.528588 0.35962 0.424883 0.530252 0.561051 1.15783 0.508591 0.4197 0.457966 0.556343 0.566893 0.524305 0.446482 0.623346 0.483851 0.583886 0.413614
 0.424203 0.472803 0.374309 0.618198 0.407151 0.630529 0.651446 1.12968 0.824992 0.691153 0.519952 0.471947 0.464563 0.454951 0.428539 0.482992 0.563489 0.550082 0.42564 0.378962
 0.443467 0.512064 0.428299 0.563603 0.688706 0.582695 0.572644 0.807034 0.594564 0.436121 0.459986 0.522651 0.360771 0.416957 0.463161 0.554831 0.537357 0.542897 0.48701 0.536112
 0.423486 0.540405 0.493476 0.477096 0.421119 0.42574 0.698398 1.02468 0.571477 0.480739 0.472061 0.43667 0.605884 0.496489 0.532959 0.553693 0.616861 0.461947 0.485879 0.464081
 0.432593 0.487 0.344119 0.465461 0.396682 0.585284 0.752901 1.43254 0.777318 0.680428 0.553793 0.502484 0.478413 0.62201 0.402759 0.444954 0.354547 0.540889 0.532637 0.510817
 0.476776 0.444817 0.390649 0.522301 0.506812 0.611046 0.643556 0.80205 0.783845 0.543932 0.446863 0.514668 0.43379 0.392517 0.519168 0.465653 0.417168 0.527136 0.472945 0.452766
 0.520203 0.421342 0.38357 0.64577 0.552004 0.683618 0.620114 0.917946 0.662064 0.443192 0.438488 0.578676 0.453445 0.429906 0.452227 0.532629 0.46975 0.382329 0.508776 0.562483
 0.405358 0.560015 0.399267 0.599773 0.332894 0.458326 0.527138 0.691094 0.733499 1.02168 0.465666 0.645542 0.428425 0.37528 0.854262 0.350503 0.455446 0.575872 0.553611 0.456251
 0.439691 0.377582 0.439544 0.460418 0.620685 1.03831 0.964513 0.908825 0.919667 0.61896 0.516139 0.529319 0.532989 0.418174 0.499184 0.461859 0.448145 0.449759 0.486573 0.485084
 0.523421 0.403165 0.49263 0.396552 0.600176 0.495374 1.75394 0.915175 0.340929 0.85742 0.527034 0.454029 0.511194 0.596564 0.380139 0.418069 0.553242 0.457933 0.524229 0.435056
 0.426617 0.458669 0.569109 0.449415 0.50656 0.438018 0.60598 1.08989 0.634254 0.656649 0.589086 0.406983 0.352179 0.554686 0.430644 0.424479 0.467775 0.51539 0.458257 0.59455
 0.489026 0.409021 0.527377 0.410802 0.418108 0.491146 0.606261 0.672344 0.870003 0.466522 0.605325 0.383547 0.520472 0.499439 0.460352 0.436781 0.39713 0.48503 0.462162 0.484662
 0.416747 0.475439 0.453759 0.45241 0.417697 0.562308 1.73473 0.885454 0.702394 0.684206 0.490804 0.536271 0.399378 0.483521 0.436445 0.502159 0.526134 0.471673 0.479357 0.76015
 0.469509 0.377278 0.450836 0.44124 0.479328 0.525138 1.18596 1.08631 0.758336 0.318322 0.795684 0.50404 0.426361 0.483199 0.459194 0.432433 0.590436 0.440918 0.739462 0.450116
 0.44863 0.400562 0.458379 0.492641 0.37212 0.582036 0.729917 1.37814 0.613967 0.521628 0.469563 0.492557 0.478332 0.413403 0.453509 0.418875 0.45942 0.522065 0.59439 0.600485
 0.470052 0.498272 0.449778 0.415688 0.515147 0.612045 0.698425 0.759666 0.926322 0.666958 0.568053 0.281148 0.647933 0.498551 0.46467 0.414101 0.441268 0.588599 0.484971 0.550362
 0.452194 0.480611 0.443548 0.392444 0.465858 0.859146 0.493571 0.611535 0.619733 0.645697 0.442093 0.49283 0.361712 0.508488 0.567555 0.460577 0.459347 0.363852 0.492415 0.65716
 0.491887 0.428666 0.438697 0.448813 0.678433 0.955563 0.641047 0.654536 0.751813 0.725102 0.652366 0.479253 0.395307 0.40233 0.429512 0.424545 0.469606 0.437032 0.591677 0.436522
 0.366703 0.552734 0.441171 0.374018 0.498306 0.514726 0.481983 1.71031 1.02728 0.716403 0.543699 0.545991 0.43878 0.468368 0.426276 0.344804 0.463802 0.596106 0.499528 0.618972
 0.351829 0.300598 0.455773 0.548028 0.463613 0.660086 0.986026 1.18332 1.02009 0.552025 0.528334 0.529684 0.452337 0.661665 0.355228 0.560053 0.422636 0.435459 0.469089 0.601182
 0.491063 0.525087 0.375422 0.359824 0.501851 0.588274 0.60144 0.919499 0.838415 0.485176 0.373819 0.521212 0.436833 0.374175 0.459472 0.583633 0.359758 0.536286 0.677862 0.515631
 0.544556 0.400535 0.33949 0.430009 0.60732 0.523737 0.798005 0.907103 0.533527 0.296386 0.70417 0.394036 0.556825 0.520909 0.305072 0.509379 0.57754 0.456885 0.61414 0.498553
 0.444596 0.491852 0.434527 0.353423 0.526299 0.574288 0.697707 0.922399 0.551472 0.529408 0.534925 0.694588 0.570208 0.405425 0.468279 0.405218 0.491167 0.528606 0.473774 0.591514
 0.476098 0.460479 0.482648 0.483953 0.476042 0.489644 0.669977 0.789778 0.549004 0.567663 0.421365 0.368181 0.45794 0.483722 0.640308 0.459656 0.469367 0.440508 0.505341 0.71056
 0.425818 0.425092 0.444832 0.561156 0.316098 0.646606 0.633521 0.975098 0.67139 0.49019 0.472283 0.528418 0.559737 0.380134 0.535034 0.453744 0.515032 0.54448 0.58976 0.625853
 0.557094 0.281914 0.586768 0.427345 0.490623 0.714029 0.981237 1.23692 0.822702 0.54805 0.534174 0.559546 0.452979 0.433553 0.411 0.530628 0.484883 0.451085 0.448716 0.541754
 0.362209 0.571286 0.455472 0.364597 0.477628 0.444747 0.634339 0.955369 0.625307 0.596275 0.602936 0.542547 0.363952 0.504614 0.525242 0.477947 0.506712 0.474837 0.392716 0.556294
 0.439064 0.41268 0.499959 0.504351 0.424281 0.714375 0.776663 0.728804 0.755777 0.481482 0.646479 0.457929 0.595929 0.482224 0.437345 0.540028 0.41301 0.439903 0.405875 0.458059
 0.513357 0.398705 0.328972 0.651652 0.452624 0.529855 0.726882 0.927375 0.620457 0.40502 0.438007 0.452418 0.394777 0.526478 0.600967 0.507643 0.398207 0.401822 0.480857 0.733164
 0.421118 0.422602 0.547242 0.390651 0.554138 0.626662 0.762476 0.741858 0.625155 0.418124 0.497609 0.436516 0.494914 0.391392 0.439663 0.512747 0.454999 0.462492 0.438333 0.587934
 0.450044 0.465306 0.345583 0.436042 0.692118 0.55312 0.647411 0.792415 0.7835 0.485774 0.460622 0.38753 0.525099 0.405505 0.567447 0.539279 0.511324 0.557126 0.351216 0.512465
 0.484599 0.454506 0.341008 0.465816 0.378623 0.627713 0.806607 0.878834 0.75242 0.501485 0.632202 0.43572 0.651914 0.519285 0.470028 0.467589 0.391145 0.546137 0.399842 0.473994
 0.499567 0.424127 0.460856 0.435299 0.57382 0.594287 0.692264 1.07237 0.302145 0.414975 0.452332 0.431157 0.357669 0.505893 0.374858 0.410374 0.588868 0.364563 0.598658 0.700991
 0.449447 0.392306 0.61139 0.369258 0.375426 0.854599 1.56437 1.48925 0.941377 0.606714 0.56464 0.477189 0.425693 0.475415 0.386222 0.538585 0.596201 0.557306 0.530631 0.521307
 0.441778 0.447615 0.384596 0.424705 0.506209 0.443679 0.533265 2.68296 0.371562 0.89083 0.448618 0.497014 0.643889 0.523117 0.416047 0.514154 0.464917 0.592889 0.526503 0.61478
 0.499911 0.264582 0.601925 0.515798 0.474782 0.50473 0.756277 0.770758 0.601032 0.867792 0.543617 0.468774 0.567207 0.420062 0.419653 0.610587 0.39824 0.438288 0.51381 0.556406
 0.542074 0.381241 0.411611 0.389307 0.468463 0.608628 0.800756 1.24149 0.577963 0.633215 0.58 0.414996 0.522877 0.480587 0.44029 0.482145 0.56809 0.670386 0.509894 0.662296
 0.43661 0.459245 0.50343 0.539899 0.437676 0.539628 1.15785 0.700202 0.59411 0.501891 0.49856 0.366996 0.512962 0.575561 0.689772 0.341112 0.476584 0.584896 0.508606 0.524499
 0.492237 0.399615 0.412923 0.51732 0.663082 0.456113 0.702855 0.931174 0.781189 0.650367 0.419316 0.545256 0.450041 0.395005 0.582131 0.453662 0.437392 0.515432 0.443005 0.459054
