 0.636469 0.574632 0.609885 0.570536 0.438126 0.309932 0.209754 0.130098 0.110952 0.189926 0.374821 0.481019 0.451606 0.777144 0.863288 0.81647 0.798746 0.806256 0.756158 0.821322
 0.618608 0.640659 0.651588 0.487338 0.374075 0.289462 0.185177 0.116878 0.176459 0.666547 0.737562 0.560957 0.51049 0.454368 0.457444 0.59669 0.49663 0.671108 0.796669 0.974246
 0.612999 0.446572 0.491061 0.902351 1.00565 0.644941 0.326595 0.174939 0.167893 0.362795 0.417649 0.627028 0.797952 1.11561 0.890542 0.669572 0.559476 0.5904 0.518085 0.537452
 0.711889 0.769104 0.736826 0.641879 0.552006 0.384543 0.192252 0.12534 0.0929359 0.13064 0.27771 0.557344 0.72729 0.666823 0.898605 1.14265 0.901902 0.669031 1.05368 0.88686
 0.76851 0.786569 0.741069 0.668676 0.547946 0.350519 0.190881 0.138712 0.137073 0.2183 0.413078 0.599234 0.798008 0.727171 0.679623 0.734363 0.708271 0.373053 0.27503 0.371032
 0.740661 0.798221 0.882916 0.878486 0.82604 0.64681 0.389563 0.155519 0.124463 0.355913 0.662755 0.594163 0.63263 0.641486 0.581644 0.493342 0.580186 0.762467 0.818298 0.651843
 0.602613 0.608069 0.634708 0.578111 0.639793 0.348071 0.237534 0.181025 0.108107 0.147106 0.321585 0.355061 0.601051 0.586214 0.50646 0.480592 0.401567 0.433882 0.588811 0.589913
 0.62947 0.691455 0.961238 0.901004 0.580844 0.379523 0.226363 0.143627 0.179619 0.582184 1.04556 1.26662 1.10042 0.788465 0.805105 0.541089 0.448947 0.48606 0.627909 0.753931
 0.765043 1.24628 1.0812 0.74073 0.452421 0.260955 0.152507 0.137786 0.219122 0.76513 0.664031 0.352832 0.392235 0.642912 0.653492 0.635131 0.523073 0.594335 0.536669 0.572928
 0.691304 0.830784 1.04889 1.05653 0.839806 0.445008 0.140922 0.104919 0.111857 0.188518 0.245875 0.340639 0.34377 0.410922 0.375552 0.310053 0.357885 0.371261 0.532929 0.756469
 0.762354 0.5311 0.48316 0.450664 0.574327 0.421403 0.215381 0.131706 0.151189 0.351116 0.438062 0.473626 0.506843 0.837236 0.839818 0.91847 0.964104 0.730913 0.493322 0.397035
 0.605317 0.538117 0.587997 0.611538 0.675656 0.437154 0.253464 0.141713 0.145002 0.393102 0.435666 0.286652 0.306571 0.3191 0.293278 0.275628 0.488893 0.599634 0.583496 0.514008
 0.714801 0.532945 0.491372 0.520259 0.515346 0.335069 0.214524 0.136535 0.196834 0.499615 0.541445 0.651569 0.643678 0.627437 0.842097 0.5621 0.525321 0.499074 0.461959 0.464246
 0.621519 0.634619 0.63584 0.569224 0.724517 0.673136 0.319669 0.163903 0.166713 0.57431 0.778069 1.23822 1.19556 0.866475 0.727311 0.619035 0.510219 0.436769 0.319997 0.264935
 0.674893 0.613807 0.751632 1.00435 0.769745 0.307901 0.143845 0.114569 0.142587 0.253555 0.43381 0.509703 0.69127 0.710062 0.604018 0.557203 0.750537 0.793498 0.553703 0.551604
 0.755909 1.07535 1.00145 0.77691 0.466737 0.203466 0.136906 0.144129 0.152837 0.357234 0.69708 0.831704 0.75969 1.16058 1.05958 0.611599 0.573478 0.62165 0.681713 0.44125
 0.717725 0.72228 0.901365 0.808866 0.741239 0.442562 0.227151 0.129559 0.132506 0.213782 0.33032 0.680055 0.730771 0.601753 0.537647 0.6448 0.537219 0.514991 0.639436 0.62749
 0.74172 0.778088 0.493203 0.416449 0.402348 0.309962 0.229132 0.168889 0.136305 0.262996 0.31853 0.431168 0.846431 0.967111 0.854052 0.700967 0.710257 0.568552 0.48983 0.475834
 0.758441 0.720415 0.620799 0.532706 0.519521 0.321431 0.204842 0.136351 0.141747 0.405749 0.586513 0.523205 0.817119 1.18773 0.949031 0.532903 0.492894 0.513495 0.738986 0.70413
 0.642297 0.759967 0.489187 0.36528 0.464481 0.487291 0.310879 0.149608 0.146886 0.437137 0.786387 1.1641 1.03654 0.948965 0.769155 0.596959 0.510275 0.631685 0.729177 0.551166
 0.544746 0.443592 0.447573 0.695934 0.9206 0.598556 0.258862 0.135732 0.15369 0.371884 0.486251 0.496308 0.431385 0.334362 0.31044 0.562136 1.08628 1.11086 1.07366 1.03012
 0.730276 0.844745 1.01512 1.14583 0.778001 0.496713 0.321174 0.159965 0.0830114 0.138543 0.440722 0.589789 0.961474 0.954245 0.85191 0.625576 0.724564 0.568216 0.394651 0.38981
 0.645801 0.845511 1.01532 0.753814 0.721505 0.463763 0.28439 0.15354 0.129176 0.18627 0.260094 0.330614 0.389876 0.465641 0.587764 0.695232 0.578003 0.526929 0.704852 0.727368
 0.744265 0.718893 0.679383 0.78696 0.63999 0.382637 0.227194 0.121388 0.0951178 0.218595 0.39707 0.51256 0.530684 0.545878 0.567069 0.721491 0.727934 0.607906 0.851274 0.918051
 0.760274 0.69535 0.708516 0.994409 0.952859 0.724582 0.421633 0.141443 0.106372 0.222923 0.477995 0.544695 0.47021 0.613975 0.745263 0.805122 0.968967 0.661385 0.516054 0.819567
 0.740917 0.516833 0.415416 0.516446 0.526035 0.321999 0.204546 0.145998 0.144817 0.203789 0.31917 0.557966 0.791402 0.983506 1.05697 0.871429 0.619666 0.57177 0.404616 0.418203
 0.640045 0.845481 0.669825 0.621234 0.497136 0.333622 0.249091 0.12172 0.0978546 0.255881 0.399486 0.482395 0.536378 0.842747 0.760965 0.594527 0.510369 0.512785 0.417365 0.502927
 0.689366 0.567686 0.47245 0.599212 0.636621 0.38788 0.278646 0.203405 0.160143 0.32167 0.749796 0.789369 0.554718 0.623941 0.708069 0.513579 0.530696 0.61453 0.82177 0.847885
 0.587775 0.588524 0.666204 0.839913 0.809085 0.512476 0.351711 0.105786 0.0785461 0.235763 0.51169 0.611447 0.570824 0.5266 0.5325 0.505389 0.564564 0.796146 0.671763 0.505458
 0.745125 0.991844 0.916901 0.775647 0.585273 0.392461 0.163935 0.0664921 0.0973322 0.261584 0.356574 0.407787 0.481324 0.697741 0.905853 0.823125 0.688719 0.398693 0.339067 0.546138
 0.741002 0.796086 1.2503 1.14399 0.706043 0.420311 0.131807 0.0761225 0.163141 0.66773 0.58687 0.55604 0.591111 0.711255 0.657732 0.816087 0.746954 0.736466 0.636514 0.498099
 0.688737 0.573049 0.447854 0.46064 0.399324 0.340088 0.203865 0.117241 0.140299 0.244688 0.352902 0.677959 0.8068 0.703257 0.634726 0.509893 0.432753 0.480925 0.631331 0.550357
 0.658276 0.635318 0.651287 0.548928 0.341283 0.200335 0.134179 0.0994293 0.0970165 0.224384 0.3361 0.603406 0.966871 1.11531 0.876259 0.966505 0.848396 0.791243 0.498372 0.535034
 0.678462 0.716625 0.647894 0.565215 0.44727 0.240563 0.0986363 0.0902655 0.117605 0.243127 0.441373 0.50462 0.713337 1.02671 0.715485 0.679926 0.576057 0.564515 0.789652 0.650526
 0.579849 0.533577 0.606611 0.589743 0.591964 0.457095 0.203235 0.124439 0.137353 0.171604 0.242707 0.398903 0.498374 0.786594 0.947421 0.76642 0.543102 0.568454 0.351187 0.389409
 0.662082 0.633328 0.795544 0.824725 0.777741 0.572424 0.259298 0.183587 0.151716 0.265234 0.495032 0.670421 0.981559 0.796877 0.653141 0.582621 0.519451 0.401626 0.405451 0.406099
 0.670286 0.738246 1.05509 0.879428 0.907044 0.661908 0.289756 0.167065 0.127964 0.354547 0.533654 0.611463 0.931785 0.848038 0.611807 0.532265 0.386845 0.363327 0.441206 0.511201
 0.750519 0.963426 0.750991 0.594252 0.54774 0.337965 0.23529 0.174453 0.139153 0.366544 0.396327 0.434194 0.407048 0.408941 0.623373 0.56788 0.565244 0.587491 0.513532 0.859974
 0.686909 0.637451 0.624488 0.564142 0.521266 0.383762 0.151108 0.105195 0.112042 0.258569 0.418526 0.38837 0.537539 0.728329 0.666396 0.63383 0.524192 0.460905 0.50187 0.501466
 0.740363 0.742426 1.00459 0.836042 0.49215 0.276431 0.176705 0.100286 0.0960293 0.270052 0.478219 0.470651 0.504615 0.599208 0.736933 0.628226 0.525544 0.567785 0.986158 1.28832
 0.625588 0.607228 0.63118 0.542123 0.531964 0.276163 0.139746 0.125754 0.155206 0.312035 0.411266 0.538199 0.769096 0.672576 0.424337 0.352306 0.245241 0.260307 0.467516 0.904256
 0.677466 0.913058 0.849945 0.737591 0.672156 0.378104 0.220756 0.11943 0.144389 0.589862 0.63776 0.593494 0.43352 0.552162 0.639069 0.591591 0.603677 0.983012 0.915054 0.582533
 0.757167 0.709369 0.502828 0.649724 0.680253 0.485285 0.225705 0.149976 0.143316 0.382368 1.03721 1.00032 0.879303 0.790124 0.501891 0.366803 0.373159 0.362841 0.372033 0.350076
 0.689651 0.62548 0.567908 0.673109 0.629705 0.336412 0.183581 0.0946631 0.148553 0.645738 0.785799 0.682743 0.620191 0.737772 0.799455 0.665803 0.61781 0.522244 0.599819 0.623771
 0.615142 0.852091 0.837282 0.637421 0.799061 0.575256 0.241466 0.117126 0.147502 0.492102 0.651144 0.772947 0.806391 0.831967 0.78931 0.596969 0.474624 0.635464 0.565002 0.508411
 0.709502 0.747582 0.821222 0.786683 0.613625 0.329398 0.130975 0.100096 0.0950395 0.239998 0.476349 0.726303 0.696801 0.646455 0.725722 0.706727 0.572561 0.686342 0.665951 0.465448
 0.696032 0.728444 0.622242 0.685986 0.816326 0.552128 0.232312 0.15409 0.156844 0.309494 0.492014 0.826591 0.883203 0.864588 0.752664 0.633919 0.73599 0.546706 0.391205 0.521865
 0.641991 0.571048 0.590633 0.780373 0.727284 0.511185 0.239651 0.117013 0.132343 0.227387 0.314998 0.429806 0.58665 0.582616 0.515953 0.511617 0.468486 0.428272 0.429203 0.618289
 0.56833 0.617702 0.793692 0.813776 0.572378 0.364247 0.20238 0.169525 0.195912 0.386084 0.471615 0.459989 0.363804 0.431093 0.427884 0.706483 0.881082 1.05224 0.811857 0.681557
 0.686461 0.72344 0.690052 0.698938 0.939291 0.754733 0.397374 0.186735 0.15829 0.337494 0.455578 0.345207 0.323686 0.393454 0.518417 0.498735 0.730989 0.698286 0.882875 0.719932
 0.755328 0.535826 0.548749 0.516881 0.590154 0.464898 0.262664 0.161759 0.189921 0.576439 0.668402 0.669764 0.790335 1.00795 0.755036 0.597903 0.648188 0.895998 0.905354 0.642591
 0.624557 0.685769 0.580972 0.481735 0.885835 0.574049 0.311922 0.190902 0.154474 0.381774 0.594539 0.601032 0.78882 0.623 0.530207 0.522903 0.42569 0.340513 0.298262 0.465049
 0.663758 0.579455 0.550924 0.491528 0.549841 0.441493 0.215289 0.131836 0.159141 0.43046 0.618646 0.756846 0.644382 0.580447 0.483959 0.493027 0.54388 0.603695 0.571482 0.59373
 0.638432 0.493774 0.412986 0.486427 0.62334 0.411342 0.187353 0.128301 0.147359 0.272153 0.590429 0.627704 0.606228 0.545604 0.646882 0.635729 0.696185 0.640012 0.553224 0.499322
 0.741205 0.567417 0.466405 0.427487 0.534986 0.40992 0.226858 0.131332 0.150354 0.362913 0.520962 0.567073 0.560379 0.676454 0.645967 0.828457 0.709549 0.621165 0.534627 0.486898
 0.693911 0.787819 0.790338 0.811994 0.704255 0.577837 0.320272 0.143389 0.15844 0.512157 0.774203 0.549084 0.49693 0.566629 0.513144 0.521034 0.762092 0.724287 0.745178 0.798062
 0.711172 0.645191 0.58808 0.507045 0.37507 0.190373 0.114766 0.112281 0.143585 0.384019 0.660889 0.793421 0.667063 0.720074 0.883767 0.719844 0.585571 0.430493 0.529928 0.408395
 0.6028 0.501667 0.477741 0.456656 0.532241 0.4456 0.260044 0.179797 0.178283 0.406979 0.585571 0.717802 0.649461 0.419412 0.414433 0.60277 0.643416 0.606169 0.63353 0.547638
 0.609737 0.953363 0.736946 0.863293 0.726949 0.368256 0.224764 0.125282 0.131406 0.382285 0.679682 0.647636 0.616552 0.611872 0.618419 0.592909 0.605008 0.490843 0.545623 0.63778
 0.61383 0.597297 0.714399 0.555345 0.520035 0.381475 0.216749 0.120452 0.14719 0.57532 0.615628 0.517648 0.424968 0.328833 0.400744 0.525356 0.469816 0.611691 0.751365 0.783751
 0.831769 1.01632 0.718685 0.555581 0.510369 0.318523 0.224979 0.150732 0.159488 0.334879 0.432342 0.668393 0.893068 0.8159 0.562424 0.509809 0.579725 0.532187 0.387175 0.328049
 0.760649 0.925792 0.69971 0.572884 0.708318 0.39632 0.212821 0.167923 0.146046 0.294376 0.451122 0.51294 0.787339 0.762019 0.572598 0.467964 0.399346 0.516885 0.571781 0.780097
 0.632899 0.623319 0.54251 0.573917 0.635179 0.506507 0.340172 0.169844 0.163501 0.412604 0.50844 0.398255 0.560892 0.640435 0.527995 0.503741 0.554594 0.422045 0.411144 0.535088
 0.646724 0.509894 0.502265 0.609022 0.659411 0.548277 0.325523 0.159683 0.115459 0.157409 0.394905 0.605763 0.510225 0.487595 0.43545 0.364279 0.378721 0.366223 0.47956 0.444238
 0.638914 0.647627 0.695351 0.529048 0.491824 0.486656 0.265418 0.13023 0.162299 0.553924 0.744927 0.651742 0.587954 0.634718 0.631182 0.525662 0.673951 0.590146 0.582776 0.689852
 0.506738 0.429222 0.578342 0.641025 0.509447 0.225697 0.151969 0.12766 0.181848 0.506562 0.710856 0.729804 0.839844 0.573894 0.467205 0.333923 0.368494 0.585254 0.582478 0.807704
 0.750521 0.710077 0.671752 0.784918 0.824225 0.407532 0.204798 0.149957 0.145132 0.242111 0.359499 0.401462 0.483366 0.531817 0.670131 0.61477 0.550396 0.651769 0.717597 0.514229
 0.749599 0.746628 0.843254 0.627072 0.627122 0.388668 0.188292 0.1348 0.131875 0.2574 0.307969 0.320001 0.657377 0.769686 0.696653 0.580734 0.479588 0.531636 0.557938 0.546788
 0.743055 0.529216 0.417418 0.515701 0.486049 0.374469 0.170916 0.108026 0.168735 0.329166 0.522051 0.630835 0.575534 0.688291 0.737285 0.677543 0.807981 0.843703 0.751369 0.7906
 0.862984 0.726814 0.782113 0.83977 0.75954 0.545976 0.316281 0.126171 0.113471 0.236624 0.27275 0.308089 0.352533 0.366521 0.406131 0.618775 0.911308 0.778024 0.682014 0.687423
 0.683255 0.63252 0.590348 0.577751 0.549653 0.371469 0.265894 0.190411 0.173965 0.394497 0.673974 0.652406 0.681246 0.849164 0.970342 0.821718 0.792479 0.666582 0.74775 0.855092
 0.609694 0.452893 0.553082 0.670331 0.659808 0.405885 0.232271 0.154564 0.137588 0.316867 0.908876 0.886305 0.687728 0.986631 0.917623 1.0352 0.97079 0.735595 0.566624 0.691316
 0.740308 0.729276 0.497211 0.442797 0.431649 0.360413 0.277797 0.14934 0.132826 0.326258 0.531446 0.582272 0.458713 0.56714 0.582852 0.916349 0.707866 0.476281 0.53077 0.673166
 0.540911 0.553511 0.59907 0.559814 0.554105 0.385443 0.201656 0.122273 0.135096 0.169042 0.205321 0.302982 0.589412 0.723119 0.737784 0.697997 0.668285 0.644446 0.816601 0.763944
 0.650185 0.560445 0.667217 1.14145 1.03263 0.47909 0.163124 0.0973553 0.0897386 0.141597 0.224109 0.369614 0.445268 0.637745 0.904325 0.697152 0.642037 0.550136 0.422083 0.417319
 0.621689 0.515554 0.510571 0.419253 0.469263 0.325581 0.221336 0.185083 0.244297 0.694205 0.75663 0.86506 0.831429 0.73113 0.609082 0.592795 0.648521 0.597182 0.674617 0.902728
 0.762531 0.85761 0.88832 0.820227 0.655307 0.380581 0.199694 0.10733 0.0891097 0.203133 0.412812 0.650035 0.901767 0.918936 0.732558 0.494249 0.510431 0.580712 0.56876 0.548867
 0.67076 0.717448 0.557515 0.456207 0.495304 0.2804 0.194509 0.136701 0.142691 0.337443 0.652183 0.728279 0.56487 0.527445 0.483022 0.414236 0.506004 0.690196 0.61516 0.442743
 0.592755 0.500345 0.630541 0.758024 0.705578 0.481935 0.253409 0.171814 0.159466 0.308083 0.535518 0.563764 0.644798 0.443186 0.309639 0.413402 0.74829 0.716443 0.486593 0.467143
 0.683169 0.802917 0.832967 0.779431 0.615059 0.283903 0.171893 0.108869 0.106048 0.23747 0.33421 0.360939 0.492349 0.432135 0.599658 0.828009 0.611803 0.457405 0.403655 0.432872
 0.612498 0.518623 0.525057 0.511271 0.543518 0.375398 0.227376 0.138653 0.15303 0.373398 0.479999 0.510819 0.450758 0.437268 0.559345 0.607007 0.823497 0.946297 0.918097 0.918199
 0.689286 0.76608 0.60387 0.483212 0.464744 0.324938 0.217251 0.152468 0.135156 0.279819 0.493753 0.769721 0.832399 0.905257 0.733186 0.520705 0.481506 0.718782 0.877094 0.59004
 0.634347 0.626088 0.534614 0.488456 0.559758 0.471208 0.248099 0.107122 0.0953129 0.214037 0.686603 0.647308 0.524406 0.546116 0.549255 0.594692 0.460978 0.63526 0.553599 0.461278
 0.761758 0.564397 0.427756 0.336894 0.427928 0.348297 0.268617 0.161432 0.164272 0.504894 0.678317 0.694376 0.803741 0.787528 0.849093 0.83373 0.673618 0.83694 0.64289 0.549274
 0.686836 0.613117 0.550207 0.697068 0.672934 0.563245 0.338835 0.174735 0.146869 0.217313 0.539535 0.621299 0.733535 0.760687 0.682985 0.51368 0.884462 0.893846 0.825918 0.971116
 0.671018 0.681144 0.580648 0.66677 0.436657 0.24232 0.139505 0.0872241 0.158824 0.529182 0.407437 0.375519 0.330864 0.41838 0.586649 0.580088 0.537176 0.572282 0.540356 0.503073
 0.615105 0.577845 0.550772 0.641011 0.603661 0.449315 0.230062 0.146367 0.14755 0.336836 0.51172 0.646501 0.68645 0.674716 0.78859 0.917824 0.740864 0.89139 0.888112 0.640486
 0.649618 0.590128 0.476446 0.56589 0.485798 0.16741 0.104342 0.122002 0.164789 0.275476 0.406509 0.459089 0.447516 0.555359 0.72067 0.882533 0.756597 0.580965 0.355973 0.305731
 0.735895 0.586685 0.562302 0.805183 1.20168 0.696888 0.331001 0.21428 0.149094 0.259271 0.449634 0.492636 0.471256 0.4454 0.578519 0.519765 0.546624 0.807639 0.639458 0.729344
 0.621063 0.502919 0.506621 0.588243 0.522765 0.296044 0.182389 0.121645 0.135368 0.323017 0.406957 0.812693 0.818287 0.695765 0.628503 0.655754 0.579984 0.673437 0.551215 0.6803
 0.61 0.68908 0.682226 0.924806 0.983123 0.494013 0.280432 0.154299 0.127418 0.269277 0.300044 0.301764 0.438029 0.463681 0.423004 0.666474 0.613312 0.557781 0.624399 0.637418
 0.652002 0.547946 0.397777 0.436121 0.466909 0.373535 0.256045 0.122602 0.141528 0.451789 0.625944 0.596753 0.532543 0.552167 0.617619 0.680503 0.76418 0.719898 0.808893 0.732601
 0.649122 0.711872 0.763608 0.682813 0.605745 0.401664 0.275828 0.115585 0.172549 0.778195 0.650531 0.780205 0.744069 0.624955 0.557594 0.568377 0.660823 0.694653 0.486777 0.388497
 0.746571 0.630654 0.506219 0.501746 0.549838 0.319393 0.139751 0.0996885 0.133332 0.324603 0.593489 0.696376 0.575165 0.659082 0.752973 0.672904 0.591125 0.830041 0.711018 0.447329
 0.617595 0.713246 0.682508 0.877727 0.760396 0.432439 0.282312 0.109399 0.142879 0.413661 0.468983 0.549828 0.509875 0.453685 0.586865 0.574418 0.662795 0.812908 0.691069 0.651754
 0.579595 0.600905 0.68942 1.00144 0.864142 0.299931 0.171743 0.151196 0.165929 0.302751 0.434921 0.489517 0.599648 0.597427 0.409419 0.540083 0.469312 0.382647 0.482902 0.50206
 0.623607 0.49187 0.512042 0.792988 0.661851 0.301611 0.189125 0.152831 0.173145 0.345774 0.560083 0.610498 0.649773 0.639031 0.625827 0.777445 0.802805 0.945853 0.746089 0.860787
 0.538369 0.51913 0.572155 0.615673 0.562976 0.400876 0.22701 0.180055 0.201671 0.515664 0.673746 0.805827 0.800469 0.890888 0.848423 0.698357 0.924911 0.803799 0.583682 0.503292
 0.800645 0.882421 0.892213 0.732909 0.510176 0.284044 0.172091 0.11246 0.112311 0.237711 0.429507 0.515359 0.537477 0.58323 0.548323 0.605558 0.473911 0.64525 0.801222 0.57473
 0.64939 0.535493 0.66462 0.716984 0.550687 0.37754 0.208127 0.111103 0.157512 0.633457 0.731599 0.702534 0.607 0.786431 1.02331 1.03524 0.722683 0.54581 0.458198 0.509403
 0.655879 0.707397 0.724643 0.728605 0.767392 0.522786 0.286581 0.142414 0.127297 0.319103 0.774641 0.70307 0.699448 0.520672 0.381526 0.371184 0.463049 0.425086 0.416169 0.365078
 0.709355 0.869784 0.929047 0.821011 0.613798 0.376122 0.231202 0.142032 0.117681 0.204947 0.312497 0.410692 0.529971 0.479786 0.501144 0.646914 0.863785 0.671878 0.509245 0.566043
 0.676571 0.458123 0.430699 0.536028 0.554607 0.376845 0.207806 0.14457 0.138461 0.264146 0.407143 0.439051 0.432982 0.405302 0.307839 0.441881 0.702251 0.662054 0.555084 0.735829
 0.643525 0.561691 0.364146 0.297832 0.455734 0.342287 0.230692 0.178266 0.229042 0.560168 0.976203 0.850479 0.659456 0.644497 0.620032 0.731691 0.666122 0.531194 0.643993 0.557682
 0.642955 0.576725 0.544127 0.599576 0.638771 0.429908 0.200914 0.159636 0.214668 0.485837 0.555809 0.6126 0.732995 0.893407 0.97696 0.832942 0.746368 0.716247 0.44685 0.270279
 0.819062 0.676997 0.59462 0.488345 0.478584 0.281406 0.13531 0.120704 0.142815 0.369945 0.489554 0.513076 0.382658 0.444473 0.493741 0.586042 0.52286 0.481008 0.739213 0.745734
 0.623767 0.573776 0.499509 0.491791 0.317594 0.234909 0.205253 0.144992 0.130508 0.329534 0.456684 0.43823 0.476186 0.552605 0.64385 0.695708 0.936609 1.14902 0.869958 0.783124
 0.655277 0.585285 0.540549 0.469701 0.486446 0.372758 0.182037 0.122476 0.145753 0.331267 0.582631 0.763448 0.582762 0.441323 0.504098 0.659536 0.629211 0.672574 0.792643 0.697952
 0.778361 0.75136 0.732642 0.575934 0.863128 0.698168 0.319993 0.128287 0.147564 0.507082 0.513275 0.501137 0.537324 0.621564 0.500091 0.507122 0.608808 0.608905 0.57137 0.513038
 0.695744 0.907893 0.611858 0.594782 0.729657 0.494955 0.270711 0.182368 0.157293 0.297306 0.456027 0.777349 0.687401 0.936661 0.890383 0.704114 0.66689 0.883813 0.860459 0.57196
 0.702195 0.737048 0.643618 0.684797 1.00511 0.799758 0.288957 0.174652 0.182249 0.45819 0.412411 0.627815 0.923536 0.601364 0.60504 0.539238 0.525684 0.579558 0.532007 0.392793
 0.730106 0.743449 0.699721 0.555091 0.65685 0.461957 0.288649 0.19112 0.128521 0.261863 0.325327 0.611888 0.764876 0.655002 0.553209 0.661557 0.633074 0.598945 0.56303 0.591443
 0.685664 0.596161 0.544037 0.507351 0.474803 0.334439 0.136792 0.104639 0.119288 0.26242 0.374121 0.633012 0.820002 0.673144 0.600937 0.712341 0.964969 0.953051 0.842642 0.79535
 0.603797 0.669344 0.611926 0.560038 0.467556 0.28764 0.230533 0.187475 0.164652 0.250478 0.503654 0.650576 0.656682 0.695824 0.499339 0.456579 0.76548 0.871632 0.814513 0.741799
 0.711915 0.615668 0.670085 0.608166 0.384353 0.2109 0.141302 0.114852 0.129315 0.182105 0.268222 0.252835 0.429448 0.799727 0.740656 0.693509 0.587256 0.626543 0.668802 0.813318
 0.705639 0.627661 0.552469 0.445959 0.586123 0.372859 0.174825 0.148547 0.118144 0.186999 0.612012 0.864242 0.663155 0.540896 0.412085 0.439602 0.63588 0.813571 0.841563 0.752707
 0.66115 0.68776 0.802078 0.83167 0.647963 0.352808 0.217611 0.169133 0.166788 0.352704 0.81396 0.771484 0.638475 0.518742 0.660084 0.769655 0.786969 0.729565 0.79907 0.766589
 0.673244 0.602543 0.52109 0.485805 0.598771 0.468019 0.249324 0.156602 0.149877 0.259391 0.283535 0.28051 0.334557 0.676319 0.618821 0.49488 0.400495 0.475029 0.564598 0.940896
 0.69866 0.716764 0.527164 0.493635 0.491817 0.273325 0.151619 0.118215 0.18211 0.482132 0.472354 0.664155 0.588579 0.331893 0.405789 0.64532 1.16137 1.06953 0.817226 0.61198
 0.657437 0.618979 0.58265 0.526216 0.578491 0.419548 0.278612 0.18071 0.138495 0.240616 0.235132 0.360677 0.465069 0.451979 0.516689 0.696298 0.71702 0.931 0.828552 0.735147
 0.649043 0.676332 0.58763 0.529056 0.356149 0.193774 0.109745 0.111326 0.1708 0.460886 0.561931 0.775243 0.781446 1.01629 0.934658 1.0529 0.935387 0.719418 0.601074 0.658846
 0.691358 0.554823 0.384031 0.423469 0.544459 0.375863 0.23287 0.159155 0.143335 0.269378 0.346429 0.525482 0.60847 0.779739 1.06945 0.983966 0.955043 0.851528 0.694186 0.948126
 0.607482 0.520402 0.558006 0.673465 0.803923 0.564271 0.36593 0.146864 0.15874 0.553374 0.446901 0.434149 0.381102 0.322604 0.571834 0.586323 0.466645 0.59161 0.673488 0.563524
 0.65071 0.662193 0.897027 0.975493 0.830038 0.398689 0.175093 0.0966357 0.128405 0.398937 0.570362 0.733235 0.612589 0.529376 0.4827 0.503607 0.739595 0.860773 0.726311 0.677663
 0.788081 0.798275 0.676113 0.455763 0.590152 0.557433 0.34102 0.213343 0.179483 0.251647 0.391417 0.425022 0.454353 0.274321 0.319129 0.744084 0.787544 0.853014 0.904754 0.867132
 0.706173 0.809455 0.770215 0.515632 0.58054 0.586993 0.277004 0.175232 0.138572 0.29012 0.33449 0.528897 0.670959 0.723459 0.786571 0.649304 0.43562 0.531767 0.613005 0.56667
 0.603893 0.754515 0.724991 0.573807 0.848732 0.651794 0.416224 0.138018 0.0824768 0.128032 0.209817 0.395055 0.607672 0.676954 0.877968 0.761061 0.690852 0.690374 0.735178 0.814264
 0.690661 0.536027 0.876827 1.08549 0.770978 0.398587 0.191203 0.114438 0.119736 0.230952 0.368944 0.431563 0.47754 0.694215 0.855897 0.689583 0.496591 0.437645 0.442131 0.563491
 0.713005 0.893102 0.762095 0.657111 0.642057 0.442844 0.173876 0.108279 0.127909 0.277905 0.476603 0.726547 0.740654 0.675807 0.586013 0.680043 0.730699 0.542897 0.50529 0.532233
 0.737911 0.764092 0.558516 0.636577 0.574496 0.431141 0.260387 0.151206 0.17533 0.381046 0.515994 0.67219 0.681779 0.514385 0.752402 0.622729 0.724278 0.743813 0.561215 0.633119
 0.761366 0.522918 0.512972 0.610426 0.588578 0.336703 0.162046 0.122909 0.159135 0.375982 0.611898 0.580806 0.556456 0.559133 0.549902 0.537862 0.630233 0.674328 0.708409 0.557825
 0.642645 0.79344 0.798933 0.814196 0.769262 0.347857 0.199875 0.127964 0.133107 0.388737 0.530884 0.605189 0.824838 1.29514 0.989126 0.659863 0.461383 0.613499 0.782367 0.512714
 0.678391 0.731755 0.652705 0.515161 0.457316 0.349344 0.20242 0.140944 0.162441 0.466697 0.512772 0.623419 0.839211 0.711564 0.563579 0.648426 0.684351 0.759843 0.649088 0.583739
 0.699952 0.579245 0.708463 0.751949 0.635295 0.527059 0.228401 0.142328 0.147318 0.341196 0.450679 0.647797 0.507426 0.347705 0.358848 0.455017 0.643915 0.87278 0.546587 0.494048
 0.629502 0.526928 0.532618 0.747415 0.93227 0.930189 0.483001 0.199861 0.146562 0.372782 0.475079 0.457916 0.566826 0.699393 0.668476 0.575725 0.46709 0.463209 0.439238 0.56851
 0.653167 0.596778 0.551513 0.537507 0.551661 0.343755 0.1959 0.11812 0.114137 0.24492 0.324733 0.512312 0.603623 0.699142 0.899827 0.693972 0.398184 0.326027 0.439796 0.573664
 0.640273 0.873278 0.729745 0.601672 0.539438 0.406111 0.220172 0.107992 0.124273 0.38728 0.587879 0.577074 0.505416 0.852275 0.962452 0.89188 0.726258 0.445056 0.343703 0.440711
 0.736905 0.449109 0.345114 0.329894 0.395735 0.407125 0.27688 0.16197 0.200476 0.487682 0.725474 0.672617 0.528205 0.43614 0.578337 0.556704 0.48097 0.653856 0.566182 0.686648
 0.58121 0.53407 0.644747 0.645152 0.737377 0.598738 0.358297 0.179468 0.132777 0.268528 0.34235 0.30681 0.393916 0.461816 0.781867 0.74807 0.63142 0.86031 0.942553 0.696433
 0.744525 0.780895 0.725442 0.675604 0.629546 0.406304 0.231346 0.126657 0.107525 0.247304 0.437112 0.729345 0.894977 0.703982 0.425555 0.382497 0.495442 0.577136 0.934469 0.887548
 0.603352 0.777804 0.915088 0.702192 0.54606 0.27775 0.161697 0.139736 0.172971 0.431996 0.525707 0.53552 0.621067 0.529029 0.408061 0.478183 0.601505 0.680675 0.797741 0.646022
 0.716253 0.645676 0.476355 0.641658 0.54072 0.322257 0.193451 0.13561 0.0948824 0.170299 0.926604 1.13204 0.949477 0.917588 0.776362 0.745796 0.645826 0.549873 0.870529 0.886014
 0.679112 0.649302 0.843302 0.78335 0.688989 0.565033 0.296241 0.12852 0.157712 0.603051 0.668681 0.831056 1.04134 0.802156 0.643077 0.535731 1.17192 1.13398 0.634775 0.556127
 0.664785 0.755338 1.12036 0.984336 0.88158 0.591072 0.254906 0.08937 0.0898 0.264782 0.358862 0.447423 0.395437 0.412926 0.360339 0.405171 0.486707 0.374452 0.515421 0.838901
 0.706706 0.829103 0.705761 0.543351 0.472935 0.353204 0.20902 0.0730817 0.0712702 0.183207 0.233033 0.324612 0.535781 0.634687 0.933026 0.795136 0.81175 1.23741 0.970725 0.745507
 0.81243 1.04077 0.954186 0.615045 0.314123 0.166491 0.121582 0.117514 0.132335 0.32316 0.52721 0.633273 0.791502 0.760234 0.848196 0.832528 0.570268 0.47423 0.477277 0.403582
 0.612703 0.594779 0.785556 0.612996 0.504114 0.312466 0.126285 0.10159 0.145726 0.3322 0.448124 0.372308 0.417393 0.52348 0.525691 0.375516 0.307073 0.414017 0.407418 0.477692
 0.670546 0.619356 0.587253 0.634065 0.480851 0.320325 0.16582 0.104877 0.148048 0.385675 0.469133 0.583271 0.816459 0.730685 0.70719 0.680035 0.579306 0.538136 0.474413 0.664003
 0.733945 0.991338 0.864897 0.556699 0.38516 0.141325 0.0947133 0.0747527 0.0872864 0.326163 1.35461 1.20076 0.819906 0.595799 0.507261 0.401129 0.353905 0.410438 0.686826 0.783932
 0.645833 0.735657 0.728906 0.611324 0.534735 0.353131 0.201431 0.109422 0.109413 0.231211 0.252229 0.387766 0.597262 0.729942 0.726627 0.652484 0.537461 0.387855 0.57624 0.637115
 0.711838 0.660605 0.618981 0.569974 0.614635 0.366754 0.229079 0.135854 0.155926 0.437923 0.551171 0.574505 0.87242 0.970138 0.975848 0.791681 0.784277 0.887455 0.614223 0.412061
 0.6221 0.616868 0.569033 0.704058 0.865018 0.582518 0.366383 0.184905 0.124485 0.220778 0.474228 0.682148 0.650088 0.743002 0.659517 0.582068 0.573985 0.620778 0.613879 0.540529
 0.63627 0.457624 0.613933 0.823662 0.697297 0.468501 0.212293 0.0918145 0.148917 0.431307 0.563728 0.566437 0.564248 0.541051 0.643059 0.703942 0.717048 0.675204 0.615344 0.579626
 0.702861 0.665832 0.556218 0.547633 0.496329 0.325671 0.18688 0.11005 0.117949 0.243292 0.437737 0.499618 0.61957 0.613802 0.658601 0.724111 0.626544 0.590269 0.577935 0.62922
 0.697023 0.708899 0.981272 0.851994 0.805987 0.331291 0.123062 0.0978469 0.0910553 0.193097 0.760629 0.956693 0.523264 0.476815 0.630588 0.85324 0.757751 0.862777 0.660644 0.555338
 0.733016 0.750419 0.758843 0.718529 0.711193 0.603434 0.375555 0.186381 0.126608 0.284807 0.706799 0.842725 0.632258 0.567688 0.714218 0.414978 0.357578 0.369133 0.570932 0.885047
 0.736908 0.667107 0.440807 0.413864 0.48824 0.34845 0.200194 0.15718 0.178124 0.51044 0.741213 0.69425 0.7059 0.527937 0.538083 0.597136 0.503347 0.474241 0.801122 0.801172
 0.633978 0.598139 0.457779 0.459507 0.520444 0.278292 0.111274 0.115323 0.213346 0.689513 0.800565 0.668593 0.610057 0.530575 0.552224 0.617419 0.740261 0.662953 0.615204 0.578174
 0.664938 0.595094 0.595171 0.892374 0.623998 0.278636 0.215966 0.166641 0.151075 0.229175 0.522577 0.571889 0.630468 0.784686 0.789118 0.72449 0.517505 0.407891 0.517282 0.600309
 0.724415 0.7175 0.484678 0.424024 0.751589 0.694731 0.357362 0.16769 0.143338 0.273595 0.58291 0.534379 0.400351 0.433402 0.613566 0.483354 0.395913 0.431556 0.615865 0.65445
 0.731222 0.678456 0.598389 0.671953 0.63065 0.439376 0.249146 0.124089 0.163624 0.676093 0.914246 0.954261 0.860954 0.77912 0.591819 0.683361 0.51998 0.466383 0.573191 0.593487
 0.730359 0.566499 0.515252 0.465892 0.765727 0.730921 0.451704 0.270794 0.155707 0.298172 0.551972 0.653951 0.680226 0.570216 0.546806 0.583469 0.47615 0.429157 0.424546 0.600943
 0.7086 0.778525 0.674514 0.577775 0.504673 0.316497 0.227367 0.134291 0.11794 0.192729 0.381542 0.411473 0.447546 0.65141 0.773432 0.649049 0.454383 0.460464 0.650071 0.872633
 0.69523 0.573568 0.54519 0.51285 0.316298 0.221915 0.203433 0.186321 0.185763 0.507855 0.781054 0.736779 0.758471 1.12506 1.04772 0.684019 0.4973 0.508508 0.514541 0.533777
 0.72509 0.583271 0.441928 0.40211 0.670903 0.653626 0.351827 0.156256 0.165987 0.459082 0.685734 0.795271 0.646711 0.493881 0.394145 0.332223 0.323177 0.452958 0.549182 0.679285
 0.694289 0.804313 0.884816 0.706778 0.807786 0.5527 0.268935 0.111714 0.105624 0.250372 0.368189 0.390928 0.356714 0.442265 0.481229 0.925851 1.20951 0.874875 0.579238 0.563906
 0.6559 0.619747 0.540852 0.585215 0.506262 0.316344 0.220587 0.181644 0.153679 0.263026 0.52091 0.579774 0.540338 0.707482 0.694768 0.693864 0.667693 0.567054 0.593275 0.864413
 0.604247 0.552596 0.502218 0.34452 0.302446 0.231544 0.194494 0.155113 0.143077 0.367595 0.507491 0.468196 0.553828 0.63143 0.679103 0.621738 0.508128 0.735032 0.708139 0.576267
 0.747118 0.676219 0.648079 0.613568 0.813349 0.683326 0.413116 0.249321 0.185363 0.168799 0.234737 0.559353 0.623188 0.690157 0.462578 0.492915 0.654467 0.529143 0.38089 0.4665
 0.681137 1.05673 0.986862 0.652431 0.3658 0.156413 0.106979 0.113074 0.113445 0.196047 0.329753 0.409642 0.41782 0.47484 0.449715 0.427009 0.595294 0.621752 0.531803 0.602696
 0.60033 0.643168 0.54258 0.531566 0.40395 0.271215 0.11432 0.0838809 0.167903 0.442135 0.464715 0.49198 0.43281 0.341251 0.517921 0.640975 0.505131 0.481621 0.627009 0.738989
 0.715564 0.625282 0.518537 0.483342 0.55887 0.503042 0.339867 0.158398 0.150663 0.314567 0.341506 0.583503 0.894854 0.970546 0.910663 0.779201 0.666368 0.609803 0.561656 0.432833
 0.632706 0.609624 0.511071 0.557169 0.799077 0.640119 0.361113 0.237595 0.153328 0.312752 0.464217 0.652868 0.6645 0.61598 0.617619 0.77809 1.03219 0.917682 0.824612 0.697674
 0.727687 0.788354 0.732202 0.636858 0.596506 0.420301 0.130506 0.0932266 0.144941 0.258498 0.404383 0.513003 0.743918 0.662997 0.491215 0.4354 0.358554 0.420627 0.498849 0.361252
 0.6585 0.646857 0.621744 0.587821 0.673606 0.500462 0.187027 0.0962554 0.113453 0.271484 0.59492 0.554948 0.562217 0.852495 0.863685 0.758926 0.507179 0.457211 0.357524 0.41772
 0.683724 0.730944 0.791385 0.689465 0.834607 0.578397 0.280599 0.112194 0.129756 0.440649 0.674287 0.611936 0.566691 0.697771 0.672472 0.864757 0.793966 0.513268 0.397944 0.479244
 0.654986 0.598132 0.509778 0.541813 0.508085 0.320213 0.199125 0.157715 0.126951 0.164307 0.240844 0.510173 0.675932 0.647485 0.65756 0.613635 0.76893 0.595365 0.454051 0.451452
 0.686062 0.560417 0.590051 0.721033 0.796777 0.374286 0.243226 0.217922 0.219599 0.353055 0.464471 0.585918 0.78828 1.10575 0.734678 0.528768 0.680916 0.926247 0.861915 0.56847
 0.641512 0.586001 0.579653 0.63697 0.462068 0.199135 0.155815 0.179521 0.175245 0.176669 0.212854 0.312355 0.553599 1.09388 1.31564 1.21065 0.830431 0.643905 0.587169 0.596675
 0.807024 0.929476 0.799114 0.753393 0.879294 0.619996 0.374435 0.14622 0.0911761 0.20318 0.294788 0.465483 0.560411 0.668105 0.80289 1.28577 1.11029 0.614316 0.415254 0.336924
 0.675716 0.961818 1.14506 0.841604 0.620213 0.370261 0.162085 0.0962184 0.0957994 0.226674 0.463466 0.571559 0.563874 0.355869 0.374934 0.494417 0.584259 1.01789 0.952027 0.568405
 0.631546 0.544824 0.654138 0.796721 0.657466 0.387019 0.242262 0.161553 0.13931 0.27689 0.668204 0.743206 0.84431 1.12603 0.966211 0.806442 0.813587 0.616848 0.383757 0.394999
 0.589394 0.521473 0.538257 0.58307 0.661972 0.487937 0.255566 0.149342 0.182434 0.587458 0.52827 0.683998 0.767527 0.625663 0.914197 0.755861 0.494415 0.493494 0.427208 0.387928
 0.688057 0.574563 0.575777 1.0135 0.807051 0.430804 0.234892 0.132443 0.174487 0.513816 0.541068 0.354636 0.298906 0.372848 0.749281 0.861813 0.698444 0.613828 0.56077 0.474101
 0.659665 0.559392 0.560013 0.520692 0.511227 0.41958 0.259571 0.165576 0.180887 0.42517 0.580462 0.795174 0.890943 0.694467 0.393021 0.438373 0.486756 0.610665 0.676226 0.491527
 0.716918 0.810174 0.697499 0.657748 0.695139 0.474989 0.289778 0.164891 0.151912 0.421772 0.711583 0.613098 0.470945 0.611147 0.79991 0.789033 0.684884 0.531898 0.381715 0.384907
 0.567506 0.587988 0.755941 0.693152 0.518075 0.281838 0.13973 0.0851095 0.0945716 0.216555 0.331457 0.517927 0.568193 0.606367 0.679594 0.575683 0.516326 0.542424 0.714078 0.645394
 0.666931 0.595066 0.60292 0.770109 0.803305 0.625503 0.346689 0.175742 0.170424 0.416548 0.375502 0.393155 0.583207 0.714641 0.709819 0.628366 0.663301 0.594374 0.649825 0.621403
 0.70043 0.795604 0.673305 0.495657 0.606609 0.386674 0.195025 0.153156 0.152853 0.340327 0.500164 0.503216 0.419718 0.390391 0.615994 0.596474 0.716483 0.901707 1.10552 1.12385
 0.611509 0.600741 0.669872 0.688134 0.637502 0.445816 0.236269 0.138078 0.150245 0.470667 1.27182 1.29109 1.18525 0.93565 0.54945 0.392673 0.785332 0.951394 0.713967 0.438115
 0.723847 0.641918 0.541824 0.548652 0.69189 0.44677 0.226102 0.170889 0.1746 0.489884 0.850033 0.807251 0.64553 0.628225 0.830592 0.753455 0.718839 0.639978 0.780766 0.78101
 0.680042 0.634018 0.59134 0.626159 0.495085 0.328346 0.222837 0.162661 0.13455 0.275406 0.616812 0.926614 0.771912 0.74664 0.63801 0.515184 0.417261 0.412301 0.522095 0.562897
 0.636792 0.69364 0.866322 0.846889 0.695494 0.439769 0.212422 0.134931 0.137753 0.358593 0.475033 0.481963 0.365352 0.31029 0.48533 0.473772 0.589998 0.60405 0.872302 0.789629
 0.620449 0.662939 0.552197 0.497897 0.404921 0.280375 0.202496 0.127238 0.189076 0.750683 0.716051 0.656637 0.910046 0.860586 0.92597 0.875501 0.640874 0.619959 0.615397 0.533875
 0.685185 0.746761 0.689979 0.715233 0.625247 0.332434 0.100575 0.0600637 0.0828756 0.189436 0.29272 0.388214 0.715921 0.922242 0.868002 0.676896 0.438715 0.324694 0.334284 0.454941
 0.700751 0.683102 0.724258 1.11453 1.00863 0.696209 0.430176 0.0935518 0.113535 0.487526 0.562581 0.471926 0.427638 0.422034 0.588896 0.684669 0.648076 0.459656 0.378603 0.386385
 0.619565 0.772526 0.782735 0.564893 0.597205 0.479473 0.258984 0.17921 0.150448 0.21771 0.33599 0.55126 0.553147 0.560115 0.628612 0.448454 0.42754 0.807125 0.783169 0.586876
 0.579788 0.567968 0.932909 0.941591 0.796061 0.477814 0.22442 0.109418 0.146027 0.371384 0.39961 0.500521 0.875629 0.825191 0.712595 0.65122 0.485731 0.327184 0.318517 0.357311
 0.699842 0.647489 0.511128 0.410158 0.493057 0.418426 0.176327 0.133437 0.192044 0.387343 0.646142 0.828441 0.893905 0.587811 0.328024 0.518994 0.783892 0.551011 0.546067 0.617447
 0.633558 0.675716 0.764086 0.646803 0.433592 0.342658 0.22197 0.136561 0.131429 0.23547 0.353771 0.454064 0.471314 0.746865 0.680767 0.639159 0.84279 0.732743 0.70835 0.764631
