 0.66715 0.634612 0.582476 0.528671 0.450119 0.281534 0.161404 0.117578 0.126605 0.245098 0.491877 0.562565 0.535221 0.807886 0.953097 1.07272 1.15711 1.11356 1.00556 1.08191
 0.664009 0.625825 0.660172 0.54113 0.435846 0.292689 0.173027 0.115149 0.173974 0.792 0.819258 0.581861 0.595644 0.569102 0.629987 0.769258 0.703372 0.857733 1.05395 1.15745
 0.653568 0.532587 0.576242 0.983077 1.16859 0.772986 0.402934 0.201983 0.160482 0.379717 0.430214 0.700634 0.86915 1.16523 1.09248 0.865125 0.739459 0.700126 0.673421 0.799247
 0.68207 0.738484 0.634511 0.731561 0.597092 0.377037 0.194892 0.117801 0.113181 0.159704 0.284297 0.573765 0.70173 0.749804 1.10065 1.33681 1.03389 0.789585 1.22269 1.09808
 0.696477 0.877957 0.946325 0.82696 0.673041 0.401965 0.205393 0.128673 0.114229 0.228182 0.455358 0.699922 1.16735 1.11326 0.972871 0.880275 0.705112 0.47577 0.320732 0.385005
 0.689589 0.851599 0.917148 1.00668 1.0901 0.713746 0.337171 0.138809 0.106357 0.410093 0.743505 0.699463 0.763466 0.761508 0.756962 0.742157 0.817917 1.07654 1.11292 0.969488
 0.658923 0.646746 0.71283 0.591398 0.637904 0.420725 0.206614 0.142951 0.115081 0.141483 0.33633 0.391185 0.72713 0.6899 0.553629 0.573059 0.470767 0.526331 0.620545 0.607081
 0.704111 0.894772 1.13082 1.09547 0.754762 0.420341 0.213056 0.132844 0.171619 0.714247 1.37978 1.73376 1.54768 1.05866 1.05312 0.88687 0.780604 0.886647 0.767232 0.91626
 0.751202 1.23127 1.20247 0.855592 0.615561 0.354276 0.202982 0.1324 0.219726 0.973806 0.891131 0.622245 0.639494 0.831801 0.865254 0.821887 0.647509 0.713572 0.650815 0.788282
 0.714422 0.966658 1.32635 1.34517 0.895537 0.430216 0.167135 0.109152 0.119878 0.235278 0.311537 0.383245 0.410466 0.476158 0.425284 0.419928 0.495552 0.458245 0.610642 0.839619
 0.65895 0.48546 0.427575 0.441773 0.523161 0.384304 0.208364 0.132743 0.147364 0.36386 0.446096 0.473535 0.568433 0.950916 1.2217 1.16393 1.08938 0.779122 0.620554 0.526488
 0.681369 0.621699 0.547384 0.605216 0.631222 0.404205 0.20661 0.12408 0.126117 0.327667 0.353865 0.249243 0.2455 0.290381 0.291142 0.303033 0.588002 0.70081 0.63865 0.53771
 0.670587 0.546493 0.598101 0.542577 0.516815 0.332888 0.173589 0.108297 0.157092 0.514931 0.599624 0.763206 0.80676 0.674169 0.898266 0.863293 0.650764 0.590042 0.542157 0.553198
 0.681569 0.622884 0.534039 0.543338 0.810278 0.614528 0.301895 0.150126 0.15964 0.619621 0.860661 1.57666 1.41045 0.981672 0.823306 0.678503 0.572883 0.566134 0.526881 0.460872
 0.690781 0.720749 0.874785 1.0508 0.741189 0.384373 0.202565 0.143395 0.146856 0.254791 0.546912 0.742538 0.998051 0.894275 0.716792 0.685108 0.95283 0.928479 0.731332 0.757007
 0.705132 0.819366 0.876494 0.696623 0.54404 0.296478 0.172177 0.132815 0.145674 0.402279 0.804258 1.00984 1.05192 1.6847 1.41435 0.917628 0.942056 0.890436 0.813117 0.554788
 0.679701 0.636074 0.904605 0.887656 0.700606 0.424094 0.1942 0.110112 0.10749 0.230284 0.391754 0.785308 0.961626 0.781752 0.791233 0.805628 0.651261 0.643305 0.762249 0.823618
 0.695214 0.712912 0.643438 0.530004 0.465342 0.306725 0.186757 0.12286 0.117087 0.263742 0.362664 0.547681 0.89189 1.01092 0.922987 0.814704 0.74537 0.523537 0.516717 0.551813
 0.712877 0.826687 0.672251 0.595848 0.528944 0.347216 0.202894 0.136096 0.144413 0.452094 0.692161 0.658657 0.912946 1.37093 1.11551 0.705582 0.531621 0.549872 0.842373 0.82966
 0.702212 0.756039 0.580493 0.538737 0.645727 0.50189 0.301447 0.159663 0.151713 0.487843 0.899159 1.4055 1.32512 1.10958 0.810145 0.617699 0.616891 0.821055 0.847528 0.679605
 0.676131 0.564855 0.562605 0.806734 0.832695 0.515365 0.22524 0.120091 0.125416 0.381377 0.506275 0.504923 0.423472 0.375409 0.399484 0.763731 1.34476 1.39944 1.3789 1.39338
 0.70519 0.813295 1.0387 1.47923 1.19042 0.686827 0.352987 0.155144 0.0898416 0.147626 0.578629 0.830715 1.20403 1.23746 1.05412 0.875201 0.921324 0.70424 0.422865 0.454539
 0.716661 0.90974 1.00373 0.746063 0.819615 0.571507 0.288337 0.170542 0.110549 0.168404 0.283142 0.348997 0.368234 0.49799 0.702581 0.85598 0.712132 0.610051 0.787957 0.898368
 0.704514 0.777583 0.78753 0.885541 0.730419 0.407954 0.204491 0.109669 0.102885 0.244347 0.492719 0.532361 0.568746 0.603808 0.790531 0.959498 0.858033 0.709324 1.07107 1.16771
 0.686399 0.637464 0.724754 1.35181 1.33127 0.798203 0.390511 0.143165 0.105656 0.253799 0.594507 0.791257 0.663445 0.7371 0.859694 0.946648 1.12841 0.882631 0.718447 1.01495
 0.67404 0.533958 0.485909 0.566767 0.546865 0.328413 0.177447 0.122264 0.116945 0.188895 0.274163 0.454619 0.740346 1.07346 1.20804 1.01184 0.780532 0.649134 0.502703 0.616953
 0.72477 0.957553 0.960472 0.718888 0.625671 0.365622 0.213251 0.129632 0.110743 0.254561 0.378516 0.497083 0.545871 0.928896 0.900201 0.760713 0.602447 0.556184 0.558178 0.67643
 0.690632 0.655284 0.565107 0.673373 0.75971 0.508374 0.283939 0.167075 0.147922 0.372817 0.872155 0.772961 0.59197 0.755367 0.850629 0.738834 0.680738 0.689188 0.886565 0.998495
 0.686531 0.669438 0.899183 1.09633 0.982021 0.579764 0.274561 0.102288 0.0676806 0.262494 0.607648 0.727843 0.672134 0.718287 0.671223 0.723861 0.837058 1.05299 0.943703 0.75138
 0.747011 1.13205 1.19192 1.00871 0.706095 0.357521 0.161767 0.0778903 0.107306 0.298989 0.349163 0.482463 0.57923 0.853128 1.17303 0.916331 0.716447 0.63218 0.506508 0.714025
 0.70873 0.908047 1.61537 1.41566 0.853003 0.433687 0.178568 0.0993298 0.179949 0.741434 0.713046 0.659491 0.76363 1.15695 1.10188 1.20408 1.11111 0.958439 0.877569 0.687987
 0.678964 0.55158 0.441033 0.501594 0.450358 0.2883 0.173882 0.111318 0.110825 0.214513 0.398223 0.845206 0.955946 0.731629 0.622263 0.550422 0.532446 0.572811 0.695148 0.647211
 0.696137 0.706672 0.669406 0.564632 0.327775 0.192276 0.132217 0.104979 0.111978 0.194763 0.29558 0.653885 1.1009 1.15711 1.14682 1.26344 1.126 0.983259 0.757267 0.61239
 0.711298 0.839858 0.817753 0.657618 0.442847 0.234261 0.125654 0.101237 0.136353 0.351296 0.582196 0.651962 0.776579 1.00177 0.933417 0.837324 0.78119 0.741412 0.912196 0.757162
 0.680741 0.604884 0.662523 0.61891 0.595271 0.396589 0.193321 0.121971 0.117503 0.151307 0.211892 0.420696 0.611468 0.975402 1.04625 0.755617 0.538115 0.519577 0.421477 0.433928
 0.692368 0.713609 0.947053 1.00028 0.95722 0.625177 0.301228 0.176623 0.150129 0.324101 0.569483 0.822683 1.10086 0.971265 0.731303 0.587283 0.584437 0.4716 0.391178 0.495451
 0.692299 0.733214 1.07491 1.01811 1.06466 0.735237 0.34663 0.196433 0.180543 0.530862 0.657404 0.70477 1.16178 1.0665 0.816354 0.681118 0.56055 0.522188 0.634904 0.621159
 0.745221 1.07595 0.858041 0.617404 0.600209 0.353732 0.222577 0.1616 0.15962 0.399421 0.50443 0.566783 0.501595 0.533603 0.725167 0.742857 0.656233 0.731382 0.680027 1.1009
 0.68228 0.601232 0.659625 0.599037 0.569475 0.344077 0.168808 0.103531 0.127888 0.279396 0.465314 0.487205 0.586437 0.749547 0.740575 0.676314 0.59948 0.588734 0.569715 0.528289
 0.696838 0.737943 0.985997 0.785964 0.512305 0.283753 0.150346 0.0956556 0.114486 0.38213 0.69188 0.691964 0.719233 0.916274 1.01045 0.944211 0.804336 0.889523 1.38373 1.81604
 0.681144 0.58599 0.58298 0.481335 0.444895 0.270188 0.147945 0.114626 0.125592 0.294328 0.397465 0.537607 0.818422 0.636559 0.425428 0.354113 0.293542 0.349303 0.555311 0.917229
 0.735313 1.00586 0.946148 1.08443 0.829136 0.469146 0.253894 0.136439 0.184643 0.730021 0.721382 0.709095 0.649174 0.663341 0.742255 0.643621 0.659654 1.20251 1.08537 0.698229
 0.701205 0.708942 0.51432 0.793837 0.811018 0.50847 0.275286 0.149446 0.144878 0.39514 1.06568 1.06588 1.06398 0.864558 0.542261 0.490996 0.460915 0.472065 0.495538 0.494796
 0.684109 0.597126 0.565471 0.655503 0.618217 0.375412 0.183141 0.101965 0.163562 0.809177 0.944514 0.839806 0.729314 0.827677 0.939438 0.900355 0.812425 0.765089 0.929934 0.904855
 0.72973 0.969656 0.918939 0.756724 0.848554 0.569054 0.257568 0.130564 0.149217 0.587453 0.864057 1.15005 1.18153 1.03043 0.936082 0.648243 0.631911 0.842039 0.878995 0.766799
 0.712029 0.827529 0.829947 0.71206 0.568406 0.306099 0.153666 0.10196 0.11328 0.268229 0.487377 0.812433 0.824096 0.923698 0.913948 0.860434 0.651081 0.804331 0.895762 0.714308
 0.705931 0.757458 0.655065 0.809421 0.906378 0.59714 0.297915 0.155605 0.162086 0.427679 0.654363 1.05752 1.37851 1.5021 1.19153 0.81539 0.806289 0.690735 0.536653 0.624103
 0.726314 0.708971 0.708383 0.959352 0.89235 0.544554 0.279759 0.139476 0.126659 0.228781 0.370512 0.536234 0.73715 0.677684 0.590322 0.647289 0.574199 0.58214 0.596107 0.78937
 0.713915 0.773945 0.885264 0.879022 0.74434 0.462979 0.25899 0.16168 0.163873 0.395863 0.570335 0.506802 0.427319 0.4962 0.440044 0.762458 1.01433 1.3048 1.10098 1.0112
 0.68514 0.695833 0.728832 0.786023 1.06163 0.759837 0.348268 0.142737 0.133922 0.411599 0.46763 0.389397 0.396227 0.464091 0.585838 0.585936 0.862113 0.834175 1.05306 1.00349
 0.660283 0.497057 0.563301 0.541459 0.598747 0.429615 0.233221 0.132429 0.161787 0.642456 0.856585 0.862799 0.98963 1.06811 0.889883 0.77002 0.796624 0.962546 0.936436 0.732987
 0.689398 0.708856 0.54483 0.431405 0.779332 0.581006 0.26793 0.162558 0.137024 0.426361 0.61201 0.565651 0.73135 0.682094 0.621105 0.510329 0.426893 0.338336 0.337367 0.633481
 0.67059 0.572028 0.556102 0.525065 0.559457 0.384678 0.201084 0.117084 0.138382 0.406644 0.576901 0.811819 0.761843 0.625759 0.501721 0.502763 0.684452 0.840581 0.860154 0.867425
 0.691639 0.586106 0.463118 0.46483 0.553187 0.373431 0.200118 0.117143 0.124113 0.33892 0.823616 0.847428 0.709956 0.653533 0.733566 0.732037 0.8436 0.742903 0.645259 0.68498
 0.711375 0.734406 0.600592 0.549079 0.592844 0.415407 0.233557 0.156553 0.156756 0.368168 0.653522 0.649141 0.667009 0.672531 0.682337 1.04366 0.86977 0.721251 0.616572 0.584247
 0.729268 0.886861 0.808576 0.809772 1.00193 0.645204 0.339087 0.149093 0.163588 0.53818 0.736386 0.585851 0.57593 0.736692 0.605502 0.592451 1.06589 1.01662 1.0696 1.20903
 0.710224 0.730308 0.635108 0.533567 0.400729 0.234247 0.136113 0.1134 0.14167 0.413072 0.802937 1.01336 0.81483 0.76755 0.890861 0.80072 0.610327 0.466843 0.520866 0.486711
 0.693656 0.612485 0.569119 0.50099 0.584553 0.413549 0.224511 0.127654 0.130532 0.457302 0.743334 0.758798 0.716303 0.502938 0.484423 0.578431 0.713926 0.647651 0.755941 0.62624
 0.752289 1.08112 0.949288 0.962091 0.845727 0.431751 0.235388 0.141132 0.171479 0.507358 0.88767 0.844169 0.740855 0.709259 0.875272 0.829816 0.768603 0.664628 0.618861 0.797503
 0.702091 0.700708 0.756136 0.614199 0.54083 0.3726 0.186015 0.114164 0.153171 0.617183 0.662683 0.52931 0.43699 0.357965 0.516537 0.620172 0.560043 0.62468 0.717581 0.746416
 0.753131 1.05158 0.751899 0.536956 0.627587 0.425639 0.257695 0.165468 0.152877 0.362387 0.485926 0.800959 1.04548 0.826211 0.604927 0.559316 0.741921 0.746557 0.593953 0.5105
 0.748077 1.02268 0.798668 0.61247 0.798798 0.517233 0.279447 0.181022 0.143532 0.324683 0.488012 0.583673 0.950032 0.954844 0.693471 0.509886 0.377672 0.451459 0.675742 1.08963
 0.694222 0.615769 0.536369 0.739493 0.806889 0.579108 0.320874 0.156639 0.142021 0.405823 0.508058 0.428239 0.626747 0.758894 0.705451 0.646345 0.670381 0.592833 0.51084 0.651452
 0.68204 0.546646 0.672088 0.873342 0.903204 0.628614 0.325031 0.164777 0.126826 0.182862 0.45292 0.622373 0.539194 0.54142 0.5406 0.487063 0.476925 0.463441 0.562509 0.502215
 0.693101 0.619394 0.626825 0.554676 0.568886 0.424439 0.236138 0.131098 0.171119 0.67406 0.941997 0.850814 0.755453 0.714405 0.602465 0.60118 0.826435 0.792686 0.8659 0.925872
 0.7047 0.716482 0.751103 0.751997 0.531219 0.297875 0.181207 0.147908 0.165857 0.440035 0.780024 0.895107 0.923974 0.678299 0.490104 0.400718 0.396957 0.617567 0.73551 0.904898
 0.66848 0.608093 0.717916 0.862591 0.780151 0.451177 0.204723 0.126062 0.119453 0.234507 0.38072 0.441042 0.50897 0.542017 0.675753 0.651835 0.561274 0.699976 0.707442 0.557379
 0.706881 0.915796 0.933753 0.68906 0.588759 0.388791 0.194332 0.129918 0.114244 0.220391 0.341322 0.434408 0.756099 0.890636 0.764247 0.645167 0.481716 0.460924 0.52117 0.564783
 0.703869 0.616061 0.57201 0.698029 0.576386 0.342709 0.186154 0.103831 0.148692 0.405489 0.688202 0.897817 0.733529 0.75591 0.815581 0.773746 0.962433 1.18297 1.06733 1.13396
 0.674189 0.663995 0.832034 0.938033 0.875802 0.548835 0.268934 0.132468 0.0980746 0.254053 0.335854 0.323464 0.355393 0.355689 0.441344 0.717411 0.95528 0.920079 0.922707 0.854704
 0.693638 0.624292 0.543634 0.596974 0.638603 0.455936 0.257355 0.152844 0.140162 0.419982 0.716935 0.786606 0.963474 1.21104 1.33937 1.0907 0.974589 0.925331 1.03744 1.07126
 0.685509 0.597041 0.790012 0.854663 0.732494 0.448066 0.213268 0.126449 0.115215 0.320948 1.09302 1.21213 1.07976 1.25569 1.16027 1.53667 1.4164 0.942775 0.733902 0.861605
 0.707607 0.716334 0.560926 0.561321 0.560528 0.394333 0.248487 0.143221 0.127956 0.383126 0.65497 0.631114 0.502259 0.606598 0.682197 1.08496 0.950708 0.625474 0.653172 0.685347
 0.694599 0.65205 0.637195 0.553081 0.570295 0.380717 0.204484 0.1414 0.126075 0.163617 0.265891 0.39215 0.583419 0.755081 0.829577 0.821394 0.703566 0.647165 0.713459 0.676651
 0.680128 0.528209 0.580776 1.14204 0.979407 0.50163 0.199547 0.113987 0.0970604 0.140462 0.302075 0.477728 0.568934 0.812876 1.02753 0.929589 0.860422 0.718975 0.627577 0.564782
 0.681273 0.532729 0.471603 0.431349 0.487667 0.384113 0.239329 0.173456 0.216954 0.779305 0.772123 1.16445 1.11303 1.03666 0.881073 0.79444 0.753046 0.630144 0.829657 0.953848
 0.726466 0.943117 1.25429 1.06602 0.749515 0.405597 0.178343 0.101998 0.0930985 0.273805 0.647272 0.873244 1.145 1.31199 0.978967 0.677122 0.658881 0.762043 0.659201 0.658472
 0.6985 0.67773 0.654697 0.538676 0.490064 0.317782 0.182915 0.143667 0.143891 0.351591 0.61538 0.675803 0.510366 0.579381 0.523364 0.500598 0.59861 0.695057 0.665927 0.501487
 0.674968 0.522397 0.707973 0.942453 0.899853 0.577433 0.289499 0.153894 0.131074 0.315389 0.488609 0.460551 0.484514 0.400506 0.287627 0.365566 0.711449 0.776359 0.586903 0.528398
 0.704913 0.756505 0.877052 0.825562 0.669038 0.386555 0.203753 0.136273 0.129927 0.320613 0.445189 0.536216 0.618892 0.513167 0.667358 0.93633 0.855451 0.670682 0.486296 0.447987
 0.683279 0.561653 0.483002 0.469931 0.569251 0.402036 0.211138 0.140761 0.140136 0.380479 0.550155 0.55355 0.525713 0.478256 0.621987 0.699794 1.08559 1.11898 1.04861 1.02029
 0.71329 0.794798 0.643671 0.576695 0.580928 0.405919 0.222965 0.138126 0.125515 0.320516 0.575465 0.848173 0.891016 1.21479 0.996983 0.713089 0.753848 0.897785 0.941469 0.673715
 0.685998 0.603459 0.594964 0.566362 0.625213 0.445977 0.23124 0.12497 0.120027 0.284761 0.798625 0.79304 0.643908 0.616385 0.553835 0.613717 0.522437 0.693267 0.665795 0.521913
 0.701261 0.690372 0.551458 0.441791 0.471277 0.351239 0.217346 0.149618 0.167345 0.536378 0.77605 0.860125 0.93386 0.955888 0.883448 0.852253 0.905683 1.1003 0.924552 0.676548
 0.695831 0.661717 0.59355 0.776798 0.913953 0.655239 0.382352 0.199633 0.141391 0.213286 0.51181 0.624442 0.749141 0.84278 0.707014 0.559408 0.965393 1.11645 1.16827 1.27215
 0.700699 0.708908 0.653137 0.648171 0.449095 0.216782 0.130215 0.0719187 0.127281 0.508715 0.437221 0.411735 0.421366 0.553965 0.745563 0.664907 0.529401 0.575432 0.676718 0.588313
 0.700856 0.731443 0.756992 0.844676 0.771764 0.470578 0.26383 0.147363 0.128492 0.276047 0.426079 0.58683 0.846019 0.833335 0.956683 0.976795 0.854591 1.05707 0.929024 0.657556
 0.683711 0.578082 0.427702 0.459941 0.360235 0.182187 0.123779 0.122826 0.122883 0.18988 0.324999 0.493095 0.512336 0.637598 0.925579 1.10836 0.882753 0.60111 0.414906 0.360109
 0.685266 0.604224 0.654493 0.959071 1.37091 0.954299 0.439414 0.221034 0.142371 0.337626 0.562706 0.608422 0.635482 0.630761 0.887267 0.912724 0.783829 0.992972 0.867754 1.02924
 0.676595 0.543717 0.533202 0.559867 0.460726 0.267438 0.159708 0.111784 0.129787 0.373872 0.485728 0.898778 0.84463 0.716318 0.653081 0.728385 0.66868 0.651711 0.52809 0.615141
 0.733284 1.00234 1.05893 1.1876 1.1109 0.611636 0.286088 0.143245 0.109637 0.317762 0.358436 0.387017 0.507398 0.549381 0.607333 0.879785 0.818709 0.797265 0.815524 0.742931
 0.680934 0.549563 0.440746 0.639506 0.581766 0.398057 0.240586 0.134315 0.165614 0.539905 0.763426 0.710543 0.581992 0.623709 0.703374 0.692021 0.801547 0.724018 0.869413 0.757481
 0.695234 0.702068 0.798862 0.671274 0.623278 0.394233 0.217489 0.131895 0.192363 0.955242 0.962628 1.19543 1.06961 0.750254 0.717678 0.862784 0.905974 0.866839 0.665556 0.566573
 0.689564 0.610375 0.485865 0.488269 0.444946 0.279052 0.143818 0.105957 0.120268 0.301553 0.629114 0.836766 0.745956 0.89079 1.0732 0.883684 0.78006 0.909198 0.754725 0.544277
 0.703511 0.74531 0.742113 0.960958 0.816699 0.442663 0.219661 0.108076 0.133932 0.469645 0.578516 0.814368 0.750878 0.618876 0.671236 0.855395 0.978559 1.03584 0.754214 0.690509
 0.698288 0.710041 0.76405 1.04551 0.825671 0.406677 0.195461 0.136803 0.15116 0.298937 0.491066 0.53598 0.697214 0.644347 0.523353 0.594771 0.572935 0.517503 0.665815 0.77132
 0.683965 0.585495 0.563309 0.773825 0.640942 0.353219 0.196342 0.126871 0.127401 0.337839 0.578369 0.743241 0.694815 0.590738 0.503635 0.760258 0.834212 1.13328 1.01605 1.23255
 0.687271 0.64193 0.726867 0.778803 0.66505 0.41581 0.218255 0.134741 0.157844 0.566515 0.864093 1.1257 1.11501 1.16615 0.94026 0.869866 1.2597 1.02972 0.810231 0.733421
 0.693854 0.77264 0.854967 0.699496 0.56229 0.328217 0.172292 0.117052 0.10447 0.266308 0.49423 0.500108 0.449276 0.616378 0.777308 0.692972 0.55818 0.80128 0.947587 0.781649
 0.662841 0.534458 0.647979 0.744747 0.561037 0.329383 0.183265 0.110622 0.170394 0.710348 0.930401 0.917938 0.863486 0.946231 1.0509 1.24062 0.909881 0.622694 0.560557 0.722623
 0.678109 0.637669 0.596932 0.648162 0.820382 0.546028 0.264605 0.156495 0.137621 0.378546 1.00269 0.892818 0.8414 0.664304 0.58768 0.533115 0.516819 0.442167 0.365525 0.323061
 0.716283 0.97102 1.08354 0.96663 0.816756 0.48477 0.251825 0.148782 0.109036 0.207216 0.428738 0.567941 0.637986 0.599675 0.602364 0.765333 0.939301 0.790923 0.634134 0.657532
 0.655567 0.467147 0.447317 0.609258 0.560956 0.355175 0.187689 0.110692 0.115193 0.246263 0.435533 0.502536 0.448275 0.407172 0.332677 0.42162 0.670324 0.692528 0.611174 0.790404
 0.6619 0.507032 0.3585 0.271568 0.439745 0.339861 0.208445 0.162281 0.168195 0.491043 0.867221 0.89868 0.757446 0.725591 0.654236 0.748599 0.737111 0.631431 0.823197 0.747375
 0.670345 0.592726 0.598638 0.633485 0.634158 0.407456 0.202031 0.12713 0.155891 0.486 0.544473 0.552451 0.682063 0.95062 1.01991 0.983751 0.856202 0.72862 0.445584 0.323411
 0.691567 0.705635 0.474949 0.470527 0.434324 0.280567 0.131212 0.0985224 0.122713 0.421935 0.544778 0.528327 0.500951 0.507863 0.575938 0.652751 0.718061 0.741624 0.970651 0.860806
 0.689432 0.714957 0.555922 0.491402 0.393386 0.236428 0.171918 0.117339 0.124492 0.308584 0.401453 0.404289 0.553338 0.628514 0.802428 0.853489 1.09639 1.29187 1.03973 1.04956
 0.680614 0.669309 0.655848 0.547649 0.472449 0.307919 0.151536 0.0988384 0.12578 0.38669 0.545774 0.683142 0.498642 0.44004 0.593827 0.833393 0.853482 0.830245 0.913763 0.726287
 0.678314 0.639796 0.592049 0.509953 0.889052 0.650256 0.293342 0.139688 0.155091 0.571581 0.556645 0.616642 0.842775 0.846545 0.763722 0.739857 0.807913 0.75561 0.694248 0.60421
 0.698823 0.784043 0.607725 0.635354 0.768615 0.504331 0.266953 0.154927 0.138039 0.317405 0.501132 0.782737 0.841871 1.16129 1.17857 0.969002 0.981422 1.28612 1.24185 0.831343
 0.685301 0.686605 0.616343 0.723032 1.121 0.823886 0.374664 0.191387 0.179687 0.493345 0.484109 0.664695 0.943144 0.714578 0.802849 0.728224 0.781747 0.843632 0.747085 0.534665
 0.692754 0.743093 0.685968 0.545729 0.699299 0.517007 0.282461 0.172004 0.130888 0.277519 0.379773 0.65765 0.838768 0.771353 0.610166 0.704737 0.665432 0.595996 0.642157 0.622312
 0.671612 0.570562 0.484586 0.448917 0.391282 0.264912 0.146982 0.104088 0.129229 0.347543 0.515243 0.765441 0.79101 0.672866 0.799232 1.01918 1.20958 1.2142 1.2463 1.22704
 0.696801 0.781272 0.715528 0.559003 0.499402 0.304342 0.19677 0.139333 0.116215 0.209748 0.463105 0.651243 0.635376 0.740389 0.62849 0.590467 0.802895 0.890003 0.916682 0.678175
 0.669729 0.56548 0.570329 0.467077 0.337749 0.196647 0.123952 0.107456 0.103516 0.160122 0.240276 0.24962 0.451578 0.784705 0.798979 0.783418 0.614101 0.661853 0.742277 0.968422
 0.686988 0.671463 0.519478 0.386972 0.459696 0.314825 0.157515 0.118867 0.117869 0.214167 0.589129 0.797824 0.717716 0.584516 0.527109 0.574122 0.820274 0.92714 1.22979 1.10034
 0.687887 0.712809 0.853998 1.00999 0.775226 0.422328 0.223872 0.145548 0.149625 0.399842 0.872149 0.889637 0.736744 0.612991 0.722866 0.888912 0.942152 0.995287 1.14511 0.899564
 0.667939 0.540418 0.562937 0.539534 0.609459 0.417685 0.205064 0.130248 0.126396 0.225554 0.309645 0.303564 0.351804 0.624711 0.635197 0.512173 0.449578 0.484381 0.615232 1.18548
 0.695495 0.729071 0.577012 0.521417 0.445968 0.26706 0.158941 0.117772 0.150898 0.478872 0.493192 0.679461 0.596027 0.41039 0.457814 0.71019 1.12633 1.07797 0.81141 0.645621
 0.685136 0.656586 0.603972 0.540957 0.626733 0.417917 0.228082 0.138133 0.11033 0.206891 0.273261 0.425137 0.430756 0.394733 0.421415 0.69276 0.659276 0.948294 0.925631 0.771899
 0.702724 0.795316 0.6903 0.542973 0.355989 0.195502 0.120332 0.0939647 0.130169 0.374621 0.47298 0.729726 0.847059 1.32976 1.32588 1.67114 1.56986 1.05637 0.916625 0.980644
 0.672626 0.552755 0.426794 0.433294 0.491619 0.336286 0.19909 0.15162 0.142997 0.279364 0.325777 0.459806 0.626442 0.90384 1.2608 1.05425 1.03158 0.940232 0.953066 1.34306
 0.672562 0.567954 0.557727 0.682399 0.863065 0.578097 0.301282 0.145065 0.140605 0.52 0.433301 0.339325 0.350953 0.409408 0.677926 0.664931 0.56577 0.713071 0.775506 0.676886
 0.682773 0.674503 0.85596 1.09606 0.830108 0.450221 0.200437 0.123122 0.155276 0.51512 0.7571 0.942465 0.830646 0.629124 0.562016 0.610292 0.896847 0.980076 0.841005 0.776477
 0.690525 0.709573 0.637803 0.533831 0.777828 0.646455 0.355901 0.192754 0.138693 0.254913 0.42221 0.429518 0.413672 0.349773 0.352771 0.718007 0.924598 1.0218 0.997797 1.0634
 0.697475 0.775718 0.720459 0.78111 0.778416 0.577203 0.29186 0.129937 0.119516 0.300809 0.461643 0.734844 0.894269 0.914665 0.933803 0.690846 0.487475 0.676539 0.784226 0.722324
 0.710604 0.881556 0.762714 0.638577 0.935646 0.707992 0.349844 0.157284 0.0794369 0.13737 0.227902 0.518777 0.705389 0.733015 0.99393 1.00805 0.852294 0.788469 0.924657 1.16685
 0.671009 0.637632 1.13589 1.32404 0.915063 0.472273 0.199512 0.125107 0.137161 0.321881 0.486922 0.585966 0.661223 1.07505 1.28011 0.931107 0.6365 0.545898 0.585203 0.71694
 0.710608 0.867115 0.68645 0.540478 0.61725 0.355201 0.186831 0.104951 0.124242 0.32173 0.537002 0.876081 0.959256 1.03648 0.841656 0.781122 0.802669 0.729327 0.716625 0.61459
 0.706224 0.82076 0.690772 0.797661 0.732425 0.440418 0.24503 0.12519 0.126328 0.375159 0.534679 0.764746 0.711536 0.545279 0.881588 0.836502 0.842345 0.835138 0.708265 0.862586
 0.666716 0.524228 0.49204 0.631204 0.545255 0.31369 0.155976 0.108181 0.137967 0.41562 0.728579 0.714697 0.642625 0.591631 0.72325 0.752368 0.854945 0.844786 0.803666 0.621946
 0.720031 1.04794 0.898889 0.781723 0.6752 0.340782 0.175502 0.12174 0.142402 0.431836 0.553028 0.712798 0.949856 1.45493 1.35497 1.04879 0.92039 0.926299 0.951384 0.724211
 0.701647 0.804146 0.69225 0.609467 0.534604 0.362118 0.214689 0.129455 0.142331 0.442379 0.533712 0.700194 0.984281 0.784662 0.590529 0.721148 0.729749 0.717236 0.694432 0.642645
 0.685705 0.730858 0.963296 0.89356 0.744652 0.469683 0.219155 0.124829 0.139493 0.355817 0.528832 0.671166 0.584645 0.412115 0.439614 0.539197 0.721244 0.863217 0.646728 0.537596
 0.672251 0.58393 0.600043 0.997836 1.46743 1.07906 0.566333 0.222875 0.148935 0.366715 0.465961 0.527341 0.755951 0.829001 0.814639 0.684434 0.709125 0.688023 0.694227 0.904635
 0.68594 0.671109 0.509596 0.465881 0.478214 0.316299 0.168477 0.0940305 0.101261 0.280691 0.327525 0.441212 0.6546 0.712967 0.946837 0.733978 0.475012 0.520281 0.718018 0.753556
 0.729887 1.02941 0.908187 0.762281 0.649576 0.393923 0.219979 0.116043 0.117893 0.41718 0.686202 0.650258 0.540325 0.841273 0.99651 0.958388 0.765193 0.50349 0.393006 0.577137
 0.66444 0.482066 0.320446 0.335702 0.464669 0.384572 0.244418 0.145788 0.149682 0.395658 0.642026 0.684751 0.526113 0.493443 0.554791 0.481777 0.41215 0.605001 0.685394 0.893261
 0.683877 0.679985 0.737597 0.904911 0.933542 0.657467 0.348297 0.177102 0.118046 0.236317 0.362085 0.394186 0.492963 0.531842 0.968685 1.00166 0.791139 0.86192 0.882639 0.774516
 0.701542 0.799217 0.81215 0.816092 0.717414 0.43296 0.224884 0.13518 0.113839 0.287522 0.507437 0.8131 0.97034 0.733224 0.517159 0.455214 0.609633 0.785037 1.2296 1.13481
 0.713739 0.900115 0.949971 0.789025 0.568546 0.347256 0.196558 0.146536 0.163999 0.495522 0.605957 0.628551 0.56424 0.540886 0.463928 0.512633 0.67796 0.866058 0.991687 0.818366
 0.678313 0.574361 0.429067 0.589402 0.565576 0.328613 0.202305 0.135597 0.103453 0.249323 1.1147 1.32336 1.1267 1.20213 0.89609 0.816985 0.691978 0.607191 0.932333 1.05783
 0.703495 0.817117 0.904649 0.937081 0.850688 0.557816 0.279552 0.118335 0.156288 0.766622 1.03638 1.33513 1.57956 1.20059 1.03402 0.960046 1.88331 1.83246 1.11155 0.829422
 0.689437 0.73497 1.04618 0.930021 0.914922 0.57237 0.239435 0.112993 0.110731 0.305299 0.388572 0.499292 0.447641 0.545955 0.506271 0.620875 0.703833 0.584138 0.784848 1.09649
 0.747833 1.12312 0.87753 0.586109 0.470272 0.260891 0.140298 0.0773626 0.0875912 0.249708 0.325086 0.443394 0.594273 0.693343 0.929904 0.888837 0.880731 1.53884 1.34325 1.05579
 0.727309 0.969182 0.914706 0.620435 0.350008 0.190178 0.12713 0.114344 0.131103 0.317143 0.518032 0.628339 0.780291 0.7868 1.10544 0.972741 0.708374 0.54472 0.486822 0.534559
 0.681476 0.649646 0.90214 0.781188 0.48593 0.270465 0.124597 0.090302 0.14042 0.355815 0.453139 0.422317 0.485697 0.575772 0.518329 0.335325 0.288738 0.418893 0.378643 0.473394
 0.696545 0.715118 0.659645 0.634955 0.476304 0.27299 0.144793 0.0989045 0.142855 0.374822 0.497774 0.685257 0.952705 0.875345 0.926436 0.859201 0.715057 0.643877 0.545485 0.784845
 0.754347 1.16066 0.917733 0.528657 0.336092 0.174204 0.111585 0.110527 0.138914 0.499344 1.67781 1.60051 1.11756 0.878583 0.627428 0.495718 0.50826 0.538622 0.805714 0.871679
 0.692952 0.694029 0.684874 0.633659 0.575814 0.371653 0.198307 0.12567 0.123297 0.293552 0.353914 0.523909 0.761292 0.862635 0.953415 0.803635 0.613423 0.420534 0.58209 0.704668
 0.696353 0.710785 0.633428 0.574553 0.587867 0.387315 0.206806 0.13803 0.140577 0.447144 0.544801 0.68128 1.0287 0.992386 1.05355 1.04001 1.09913 1.08284 0.702371 0.550276
 0.697945 0.732806 0.690379 0.80342 1.05593 0.69244 0.357006 0.175341 0.101395 0.223465 0.537526 0.780422 0.765878 0.928156 0.819088 0.762823 0.662771 0.669838 0.580433 0.549037
 0.66905 0.518228 0.648507 0.846448 0.714708 0.415273 0.193302 0.100309 0.139927 0.440419 0.645821 0.722098 0.647987 0.59409 0.725814 0.819053 0.816091 0.734917 0.688004 0.852326
 0.702464 0.746034 0.551612 0.5751 0.511238 0.321572 0.18208 0.117487 0.111017 0.224156 0.377364 0.421724 0.600587 0.60969 0.716697 0.863771 0.81986 0.708135 0.646343 0.740488
 0.682014 0.674268 1.03695 0.87935 0.682777 0.38111 0.155388 0.11481 0.108587 0.235527 0.987668 1.09394 0.737952 0.662061 0.82395 1.07267 0.960542 0.990582 0.829702 0.783188
 0.695773 0.744935 0.878693 0.945921 1.06114 0.74927 0.376389 0.17834 0.117209 0.327585 0.880938 1.07818 0.810164 0.657105 0.809995 0.595106 0.504228 0.541961 0.870132 1.24599
 0.68286 0.624462 0.646801 0.475621 0.512465 0.322279 0.163818 0.115512 0.154698 0.561946 0.911172 0.905682 0.870771 0.674504 0.692492 0.637591 0.527503 0.607714 1.14605 1.1124
 0.682457 0.610742 0.525804 0.430419 0.473115 0.276736 0.144604 0.130505 0.216269 0.730017 0.814147 0.723207 0.646132 0.612969 0.616387 0.593167 0.667282 0.661527 0.71032 0.739841
 0.689441 0.671314 0.709376 0.868561 0.708951 0.382397 0.233435 0.165005 0.154151 0.301451 0.672111 0.704215 0.770124 0.965098 0.974729 0.916258 0.714529 0.50389 0.602217 0.695564
 0.701503 0.745887 0.603076 0.533754 0.920107 0.731342 0.389793 0.191677 0.124209 0.226701 0.738742 0.644105 0.517223 0.573672 0.664566 0.533723 0.448657 0.447421 0.764231 0.785988
 0.689188 0.655734 0.650629 0.768607 0.711338 0.445835 0.231281 0.117843 0.190426 1.04186 1.48569 1.51449 1.42115 1.11271 0.843127 0.903785 0.79952 0.743451 0.823576 0.799241
 0.679982 0.584099 0.550943 0.624387 1.01488 0.836348 0.436496 0.218881 0.146576 0.362366 0.553909 0.568813 0.618484 0.583301 0.614711 0.624407 0.588361 0.52493 0.594768 0.79756
 0.721302 0.904493 0.83405 0.813523 0.567916 0.314621 0.183037 0.112796 0.0919761 0.1844 0.435847 0.432743 0.448218 0.662466 0.750377 0.611093 0.467003 0.631215 1.00793 1.1929
 0.684425 0.600858 0.536173 0.529589 0.384753 0.244328 0.164647 0.132609 0.139788 0.479988 0.777996 0.862351 0.815636 1.0615 0.959426 0.662435 0.495354 0.525162 0.47346 0.482556
 0.684331 0.589059 0.445804 0.445866 0.774231 0.622646 0.330199 0.169496 0.163835 0.465418 0.706065 0.790156 0.764963 0.573281 0.412922 0.328687 0.374828 0.540701 0.656753 0.758822
 0.74437 1.09546 1.06436 0.835433 0.836979 0.544668 0.250372 0.129125 0.109255 0.307808 0.481511 0.44804 0.359647 0.51524 0.565612 1.17001 1.35345 1.05697 0.769961 0.744837
 0.688774 0.64245 0.58683 0.645748 0.530244 0.312241 0.185466 0.142166 0.134706 0.301805 0.61397 0.74039 0.670213 0.723884 0.741936 0.798739 0.676139 0.565612 0.624953 1.04343
 0.683981 0.606143 0.522968 0.345575 0.285771 0.220672 0.157426 0.137517 0.142772 0.366037 0.426087 0.437479 0.583691 0.656328 0.69861 0.700497 0.580373 0.707817 0.655717 0.562302
 0.705242 0.769024 0.757866 0.998815 1.22381 0.919163 0.474836 0.233203 0.132039 0.153881 0.204337 0.63103 0.6795 0.76208 0.71595 0.657447 0.755058 0.634683 0.472784 0.526858
 0.766523 1.28217 1.20236 0.717126 0.379384 0.176561 0.120953 0.119458 0.130888 0.247759 0.392471 0.487056 0.554725 0.594044 0.553976 0.512823 0.684681 0.661965 0.549093 0.622873
 0.701987 0.761522 0.663953 0.530198 0.385565 0.222638 0.124445 0.0798359 0.130937 0.429445 0.503977 0.51237 0.443446 0.415472 0.595585 0.808049 0.628551 0.576351 0.820598 0.991755
 0.677574 0.570396 0.553814 0.53269 0.651933 0.473322 0.259017 0.123265 0.106759 0.289115 0.401384 0.768776 1.00972 1.24074 1.24139 0.992062 0.792273 0.734025 0.586741 0.477708
 0.68512 0.628504 0.587406 0.658622 0.906873 0.671674 0.345777 0.188697 0.131009 0.310408 0.552299 0.708518 0.744872 0.714522 0.717915 0.950643 1.2738 1.19717 1.09397 0.912226
 0.71366 0.86658 0.867952 0.744464 0.570014 0.327583 0.150443 0.0942085 0.124094 0.269996 0.469461 0.73613 1.16611 1.10773 0.755713 0.591639 0.433603 0.472342 0.508435 0.447327
 0.674589 0.565219 0.619351 0.673234 0.691736 0.44491 0.209259 0.119529 0.122481 0.256419 0.640204 0.630887 0.614554 1.01646 1.10779 0.936092 0.688384 0.534009 0.53 0.600052
 0.692146 0.707723 0.794163 0.7841 0.85984 0.59702 0.283036 0.145311 0.163296 0.607886 0.973899 0.904264 0.861114 0.943372 0.868584 1.06702 0.900857 0.523937 0.405153 0.513304
 0.698768 0.738939 0.655166 0.63715 0.569699 0.345187 0.19578 0.133132 0.111006 0.150041 0.231379 0.450594 0.641691 0.69293 0.756321 0.653106 0.771107 0.678293 0.504123 0.511508
 0.677422 0.585864 0.68727 0.808472 0.883402 0.576979 0.293302 0.190581 0.165227 0.382726 0.50411 0.661145 0.799758 1.17253 0.885614 0.660883 0.899359 1.00849 0.914777 0.701959
 0.677615 0.576061 0.524205 0.53414 0.446644 0.259451 0.17844 0.160468 0.140403 0.147737 0.210369 0.328301 0.578376 1.15595 1.52706 1.47938 1.00598 0.686436 0.701647 0.632596
 0.739603 1.06383 1.00935 0.887885 1.06674 0.70182 0.350459 0.153739 0.0902434 0.248118 0.365381 0.627047 0.737425 0.895279 1.17826 1.72278 1.5326 0.99217 0.628029 0.472654
 0.727033 1.02559 1.36902 1.06417 0.713945 0.406423 0.174781 0.105974 0.112808 0.270008 0.549445 0.73489 0.66984 0.487928 0.386285 0.482077 0.599407 1.1732 1.12446 0.803902
 0.701533 0.795444 1.00026 1.01364 0.782527 0.43232 0.205603 0.126461 0.103515 0.239412 0.755287 0.880858 1.04211 1.28303 1.13703 1.26435 1.09498 0.798066 0.566172 0.546766
 0.671867 0.520155 0.467876 0.5186 0.642977 0.428556 0.236353 0.153412 0.183214 0.532652 0.543344 0.709176 0.965896 0.999603 1.14405 0.915045 0.664058 0.617322 0.557224 0.4862
 0.68147 0.609518 0.69053 1.1469 0.965123 0.505063 0.250572 0.123273 0.158873 0.519647 0.557581 0.439539 0.394614 0.422751 0.829362 0.860601 0.680992 0.651925 0.573559 0.537328
 0.677666 0.581363 0.639241 0.6485 0.652651 0.480306 0.277249 0.168128 0.185024 0.593361 0.832034 0.971465 0.991093 0.697892 0.441351 0.481168 0.479653 0.520915 0.531088 0.459014
 0.704113 0.773713 0.667483 0.825132 0.789691 0.509368 0.263835 0.140972 0.130522 0.440523 0.740332 0.657181 0.549422 0.609836 0.851135 0.890971 0.836098 0.677066 0.535759 0.730619
 0.68218 0.657407 0.912054 0.775186 0.516079 0.2768 0.139879 0.100359 0.106586 0.199453 0.301395 0.612402 0.707395 0.742962 0.775777 0.687239 0.639679 0.665772 0.860129 0.890278
 0.695191 0.717206 0.829862 0.96816 1.00164 0.651115 0.307649 0.144419 0.137703 0.460445 0.478158 0.558202 0.636764 0.713896 0.827166 0.837001 1.03292 0.981622 0.912087 0.92718
 0.702937 0.764033 0.661206 0.502596 0.568199 0.401849 0.201319 0.127035 0.115858 0.27102 0.477046 0.43824 0.376735 0.344492 0.523595 0.568477 0.71003 0.942775 1.17653 1.22969
 0.682116 0.621301 0.648457 0.814795 0.76373 0.496634 0.253324 0.147285 0.143839 0.472825 1.36177 1.54611 1.38619 1.19122 0.802867 0.669768 1.31725 1.34374 0.886642 0.603711
 0.692805 0.685085 0.599625 0.523476 0.703395 0.48208 0.255603 0.18292 0.193876 0.619971 1.18052 1.13383 0.94911 0.792551 0.930293 0.912424 0.859444 0.719184 0.814355 0.986659
 0.690348 0.67343 0.611037 0.687061 0.630531 0.402526 0.250475 0.17109 0.14743 0.320669 0.716852 0.957958 0.860332 0.763661 0.727655 0.663301 0.547968 0.591869 0.701101 0.665516
 0.722414 0.963545 1.1105 1.09846 0.857607 0.48382 0.223328 0.122179 0.123927 0.358215 0.566397 0.479142 0.37803 0.341811 0.590275 0.568979 0.586165 0.673921 1.02785 0.949261
 0.707354 0.799566 0.655588 0.520168 0.409607 0.246791 0.153914 0.103736 0.169336 0.754952 0.67729 0.650293 0.887256 0.993555 1.10981 0.990664 0.877435 0.66278 0.664501 0.589771
 0.691647 0.710587 0.848147 0.802856 0.585752 0.289464 0.101308 0.070431 0.100875 0.218398 0.319618 0.420983 0.780199 1.09861 0.942843 0.770023 0.556581 0.418611 0.426881 0.560771
 0.689123 0.663095 0.700306 1.20882 1.27798 0.777725 0.373983 0.133552 0.157544 0.739593 0.793103 0.590808 0.568867 0.573809 0.735994 0.890278 0.816358 0.626629 0.48367 0.508133
 0.699317 0.766677 0.794103 0.608466 0.682688 0.490319 0.261085 0.165966 0.12946 0.218889 0.368764 0.646827 0.792224 0.797867 0.774265 0.612536 0.545897 0.882832 0.890096 0.729872
 0.684907 0.708274 1.16948 1.05987 0.84407 0.498779 0.220421 0.12936 0.143519 0.364575 0.4087 0.474439 0.903224 0.921603 0.777211 0.675951 0.516086 0.407012 0.373767 0.449711
 0.685627 0.623952 0.490682 0.425585 0.47696 0.357418 0.198643 0.137642 0.176855 0.37995 0.716181 0.812194 0.916141 0.671688 0.494397 0.655965 0.820459 0.627992 0.707465 0.932231
 0.693612 0.724533 0.763155 0.68839 0.590966 0.378565 0.216237 0.129398 0.138602 0.324255 0.403962 0.476655 0.457607 0.612035 0.645466 0.708741 1.01668 1.01862 1.03203 1.12712
