 0.937685 0.941566 0.943085 0.922085 0.917679 0.909699 0.871081 0.846026 0.916726 0.956268 0.957347 0.944659 0.952166 0.96092 0.945275 0.956633 0.961409 0.960346 0.95518 0.954551
 0.937083 0.94558 0.919689 0.92886 0.933435 0.921725 0.886946 0.827107 0.967729 0.951598 0.937916 0.92829 0.925671 0.948589 0.955488 0.958229 0.949616 0.964344 0.951676 0.955769
 0.935019 0.939229 0.9605 0.953526 0.940142 0.929073 0.916506 0.899373 0.926083 0.93121 0.939369 0.944803 0.950499 0.943296 0.933179 0.946102 0.944475 0.944812 0.935547 0.952172
 0.940432 0.933874 0.933479 0.909605 0.939428 0.90879 0.872262 0.870834 0.877193 0.939052 0.949202 0.942695 0.945325 0.942734 0.96258 0.953614 0.93883 0.947506 0.954979 0.935549
 0.942916 0.934012 0.951191 0.941003 0.935537 0.919401 0.89286 0.872301 0.880903 0.928715 0.951795 0.952915 0.95653 0.960416 0.959773 0.952749 0.921739 0.907354 0.937037 0.930064
 0.941897 0.937238 0.948883 0.939411 0.944139 0.93168 0.884431 0.766496 0.905328 0.945275 0.945618 0.933957 0.944982 0.94171 0.94155 0.949675 0.960531 0.952559 0.94998 0.946791
 0.936106 0.949505 0.931333 0.941886 0.932627 0.904624 0.913095 0.851196 0.857814 0.941745 0.924074 0.951744 0.955231 0.949431 0.948199 0.943529 0.948899 0.953773 0.953316 0.93789
 0.94255 0.957139 0.953186 0.936597 0.932958 0.924108 0.881723 0.84606 0.945284 0.95692 0.960214 0.95521 0.948685 0.945781 0.946632 0.936201 0.957381 0.953682 0.953575 0.901736
 0.949541 0.935913 0.927913 0.931157 0.92557 0.922914 0.901562 0.881823 0.956675 0.952658 0.93802 0.931162 0.960939 0.951238 0.946361 0.946805 0.941208 0.944571 0.9378 0.945901
 0.943997 0.952727 0.956174 0.948478 0.932531 0.884748 0.828709 0.875858 0.884648 0.931499 0.937291 0.94031 0.933115 0.948391 0.939583 0.9442 0.958959 0.953246 0.95414 0.954501
 0.934464 0.908677 0.922252 0.92366 0.939348 0.901021 0.883978 0.886362 0.93457 0.944081 0.942108 0.942065 0.951302 0.962919 0.953189 0.966386 0.945997 0.934083 0.934354 0.944225
 0.938088 0.94614 0.946255 0.923336 0.926405 0.898731 0.879632 0.842202 0.920872 0.936098 0.905602 0.898364 0.926115 0.914915 0.931532 0.951061 0.961623 0.956042 0.949476 0.945479
 0.935916 0.927459 0.938181 0.947813 0.925507 0.907946 0.855336 0.83596 0.924604 0.910704 0.948096 0.952955 0.947781 0.95438 0.942791 0.93957 0.959931 0.935576 0.940438 0.946871
 0.937949 0.943108 0.926137 0.92448 0.947558 0.925668 0.870526 0.861685 0.943647 0.955768 0.953294 0.953616 0.947025 0.934262 0.933501 0.928616 0.926551 0.926892 0.934572 0.944161
 0.939517 0.943864 0.957813 0.935129 0.915657 0.887366 0.910912 0.907888 0.914462 0.936518 0.94679 0.959563 0.961585 0.953769 0.943785 0.950842 0.956522 0.947855 0.936646 0.958644
 0.941866 0.935888 0.873086 0.916967 0.901748 0.908769 0.911551 0.881307 0.901476 0.942542 0.946352 0.947701 0.956244 0.964073 0.948879 0.942472 0.958394 0.954274 0.939814 0.913053
 0.937411 0.936761 0.934459 0.933799 0.930777 0.883526 0.859555 0.808225 0.877358 0.917679 0.952983 0.954052 0.944677 0.951232 0.951366 0.958091 0.939471 0.948029 0.949392 0.945569
 0.940166 0.930427 0.92456 0.954257 0.938798 0.918591 0.886969 0.845506 0.886531 0.928583 0.936974 0.961765 0.961662 0.940698 0.94381 0.944382 0.945461 0.925914 0.923459 0.94033
 0.943024 0.920829 0.945291 0.933689 0.93406 0.903366 0.900439 0.870073 0.934139 0.953695 0.94538 0.950539 0.964486 0.942229 0.941195 0.934452 0.946865 0.934376 0.948062 0.940005
 0.941309 0.946923 0.924331 0.954003 0.961034 0.941597 0.900136 0.878143 0.944604 0.957061 0.959644 0.955224 0.951071 0.9432 0.933759 0.927112 0.938745 0.951357 0.944106 0.921486
 0.936684 0.951455 0.956417 0.956457 0.941516 0.893274 0.859331 0.851968 0.925451 0.937055 0.942648 0.935604 0.929339 0.926834 0.956085 0.970079 0.963819 0.953931 0.956889 0.952225
 0.94175 0.940729 0.946078 0.933386 0.942503 0.938843 0.908415 0.826989 0.792382 0.943103 0.940739 0.956143 0.956464 0.94123 0.94411 0.939237 0.952222 0.923742 0.91712 0.923449
 0.943617 0.954859 0.937506 0.913288 0.933475 0.918667 0.907472 0.855423 0.874479 0.891322 0.925088 0.934084 0.932693 0.936373 0.953478 0.951605 0.944173 0.949417 0.948433 0.943882
 0.941592 0.934059 0.94906 0.948507 0.928472 0.913201 0.881583 0.816841 0.888428 0.951882 0.938172 0.949471 0.934564 0.946904 0.954103 0.96322 0.947814 0.947276 0.954542 0.951672
 0.938582 0.925078 0.948758 0.953103 0.945847 0.935837 0.883831 0.787415 0.883188 0.936889 0.951445 0.944961 0.950927 0.953064 0.943174 0.948142 0.946529 0.929713 0.95138 0.952627
 0.936356 0.918357 0.945553 0.943582 0.916117 0.908207 0.890407 0.857945 0.894153 0.918445 0.941309 0.938623 0.942109 0.952196 0.952208 0.945131 0.942822 0.946094 0.932964 0.955658
 0.944865 0.956116 0.940668 0.955505 0.923751 0.925334 0.89422 0.828213 0.916871 0.944359 0.928908 0.936015 0.951299 0.948198 0.944991 0.947732 0.948044 0.940728 0.940513 0.959859
 0.939256 0.934941 0.948913 0.953099 0.938418 0.930403 0.92662 0.874376 0.901009 0.962291 0.938703 0.941228 0.928868 0.95233 0.951419 0.94445 0.957855 0.946651 0.944116 0.943641
 0.938456 0.954533 0.951362 0.960991 0.944171 0.923258 0.89641 0.605304 0.894436 0.942278 0.9553 0.945461 0.944308 0.945672 0.955957 0.950666 0.963519 0.960002 0.946138 0.94964
 0.947999 0.9473 0.947259 0.947993 0.933741 0.904718 0.816676 0.806407 0.926255 0.92997 0.937314 0.928291 0.956557 0.956552 0.953595 0.946447 0.932711 0.926266 0.960712 0.956764
 0.942252 0.949388 0.960888 0.94342 0.92597 0.904678 0.832915 0.872888 0.958301 0.942005 0.914804 0.943015 0.946876 0.957067 0.961679 0.960227 0.947593 0.950295 0.935561 0.937286
 0.93711 0.927682 0.930546 0.939236 0.933427 0.920534 0.860111 0.868057 0.914428 0.893781 0.954393 0.965064 0.95528 0.94641 0.937561 0.935958 0.94863 0.955693 0.948328 0.943394
 0.940226 0.934816 0.94259 0.923308 0.907942 0.887443 0.881607 0.881258 0.883024 0.941107 0.930732 0.958649 0.957495 0.952377 0.944604 0.963487 0.950303 0.949707 0.93649 0.951506
 0.942805 0.946946 0.946765 0.943566 0.923385 0.880662 0.867122 0.905933 0.929108 0.959175 0.962541 0.953613 0.961171 0.942711 0.92614 0.960019 0.944993 0.958358 0.952529 0.933707
 0.937569 0.950583 0.94453 0.940247 0.93389 0.909672 0.859146 0.884672 0.898098 0.864841 0.934477 0.941582 0.958547 0.963218 0.953219 0.937102 0.928518 0.936549 0.918948 0.956578
 0.939553 0.948335 0.954182 0.949442 0.944365 0.927218 0.892483 0.898059 0.89212 0.947746 0.95352 0.948346 0.955222 0.935805 0.941809 0.931817 0.909628 0.929344 0.932141 0.918242
 0.939603 0.949496 0.941321 0.935561 0.946376 0.919951 0.891301 0.893036 0.930846 0.964048 0.9477 0.947178 0.948751 0.942867 0.940111 0.943994 0.934641 0.952203 0.945714 0.946942
 0.947788 0.942568 0.936103 0.938537 0.911793 0.907318 0.896363 0.866907 0.915898 0.956654 0.93137 0.953142 0.947276 0.941408 0.958732 0.941728 0.956229 0.940963 0.955776 0.960904
 0.937704 0.935424 0.922192 0.938297 0.919402 0.910303 0.846873 0.891518 0.908335 0.957299 0.932838 0.947314 0.958998 0.942754 0.941656 0.946994 0.938766 0.948079 0.949999 0.94166
 0.940309 0.928207 0.942756 0.917661 0.902464 0.895865 0.866338 0.802742 0.923486 0.963155 0.955481 0.95557 0.960048 0.961062 0.963656 0.952268 0.959874 0.964416 0.968648 0.957016
 0.937581 0.933847 0.923227 0.91995 0.898556 0.867538 0.883593 0.889088 0.909159 0.931063 0.938524 0.948886 0.945333 0.934639 0.919692 0.932314 0.928145 0.957189 0.961224 0.963516
 0.946283 0.952249 0.944146 0.93671 0.951136 0.915612 0.907823 0.864757 0.945637 0.941133 0.942245 0.924093 0.942228 0.959537 0.935545 0.937713 0.948678 0.94814 0.928557 0.926351
 0.941029 0.923783 0.936075 0.950726 0.945407 0.924672 0.893214 0.90115 0.910433 0.965375 0.937699 0.939171 0.942323 0.939974 0.921371 0.934201 0.945134 0.935928 0.942044 0.940926
 0.937974 0.932173 0.923224 0.938236 0.922178 0.900242 0.867309 0.783627 0.969841 0.954648 0.942781 0.934657 0.937372 0.937444 0.943561 0.933633 0.950308 0.945615 0.958311 0.950061
 0.945379 0.958988 0.938992 0.9392 0.947198 0.908059 0.873076 0.863093 0.947523 0.948954 0.953451 0.958107 0.958374 0.953439 0.937213 0.931418 0.936166 0.957707 0.941171 0.951709
 0.94268 0.942419 0.944689 0.925216 0.904483 0.879223 0.853942 0.880565 0.900675 0.956719 0.942451 0.946935 0.948765 0.952102 0.961016 0.943705 0.945564 0.945774 0.944951 0.94793
 0.941667 0.93938 0.930498 0.94546 0.946121 0.916806 0.895476 0.900105 0.919369 0.952361 0.961641 0.956285 0.956778 0.96422 0.959676 0.951961 0.93989 0.92168 0.939838 0.945275
 0.943519 0.946664 0.950629 0.939182 0.934297 0.927977 0.890107 0.88641 0.913694 0.918354 0.944482 0.954379 0.952787 0.947673 0.945121 0.948725 0.95125 0.948186 0.958804 0.959853
 0.942434 0.959159 0.951242 0.937388 0.930944 0.934349 0.913265 0.905524 0.909787 0.939996 0.938927 0.941745 0.934007 0.948471 0.948374 0.948612 0.95367 0.952065 0.94772 0.953835
 0.938828 0.940007 0.935046 0.949522 0.947852 0.920554 0.877486 0.803317 0.900965 0.94227 0.936956 0.913038 0.940373 0.947777 0.943196 0.947378 0.953272 0.947777 0.953294 0.943871
 0.934182 0.915254 0.941771 0.937772 0.939227 0.91195 0.879658 0.859273 0.944454 0.952209 0.948784 0.95676 0.955143 0.94985 0.931076 0.947763 0.953381 0.946232 0.927944 0.916813
 0.939556 0.946846 0.924489 0.934491 0.939798 0.894105 0.894239 0.845192 0.914631 0.950701 0.941896 0.935157 0.934281 0.924976 0.942026 0.937776 0.912336 0.920309 0.935654 0.95696
 0.936101 0.934861 0.93483 0.936193 0.93041 0.908102 0.863354 0.869292 0.927358 0.94546 0.94138 0.940858 0.941984 0.945035 0.933442 0.943839 0.945618 0.95818 0.955825 0.957952
 0.938874 0.938327 0.945074 0.943916 0.925153 0.899079 0.857733 0.858835 0.908962 0.957219 0.967646 0.957773 0.95457 0.945688 0.955922 0.9502 0.941874 0.947383 0.943724 0.947544
 0.942227 0.931216 0.955005 0.949001 0.94959 0.919625 0.899936 0.899975 0.94073 0.948821 0.947447 0.956558 0.947891 0.952379 0.944219 0.957304 0.949553 0.946397 0.940421 0.947407
 0.945015 0.94498 0.943691 0.937804 0.922723 0.943926 0.869764 0.851314 0.935361 0.9492 0.928933 0.895074 0.943219 0.942828 0.941559 0.94896 0.947863 0.954082 0.95391 0.953332
 0.942055 0.936772 0.944582 0.931761 0.92185 0.884259 0.907512 0.897773 0.932055 0.95834 0.954087 0.957112 0.951995 0.953957 0.941576 0.935497 0.937609 0.927635 0.942436 0.900376
 0.939286 0.946487 0.948138 0.946083 0.929908 0.909207 0.880288 0.854354 0.913767 0.952682 0.954665 0.954433 0.929229 0.936934 0.95115 0.950876 0.927042 0.949018 0.939362 0.946011
 0.948426 0.961834 0.940854 0.958028 0.92563 0.914857 0.904681 0.86728 0.943001 0.963634 0.951866 0.948578 0.948905 0.945568 0.94881 0.957312 0.949241 0.940981 0.951769 0.936572
 0.940796 0.950863 0.947244 0.930696 0.939044 0.911865 0.879249 0.845879 0.956182 0.956484 0.937398 0.936693 0.927528 0.93816 0.955269 0.955418 0.945318 0.953889 0.935886 0.943283
 0.948575 0.923239 0.926459 0.931764 0.924724 0.928671 0.919962 0.882512 0.922616 0.934645 0.946934 0.954006 0.951486 0.938213 0.922626 0.944394 0.946025 0.948059 0.945185 0.950204
 0.947812 0.93866 0.935231 0.94378 0.926937 0.915382 0.919703 0.900694 0.902027 0.943288 0.938628 0.946467 0.954376 0.94459 0.941257 0.934879 0.924924 0.930753 0.936436 0.961094
 0.939499 0.940838 0.93474 0.93754 0.953977 0.934232 0.90907 0.847844 0.92665 0.939328 0.930346 0.933957 0.953598 0.944757 0.947895 0.955488 0.948495 0.942132 0.956014 0.946828
 0.937317 0.93986 0.952531 0.963429 0.95622 0.941639 0.907487 0.877259 0.900245 0.945624 0.956121 0.9471 0.934632 0.946313 0.944945 0.952615 0.955201 0.950912 0.954707 0.929546
 0.939263 0.943799 0.928229 0.924794 0.943195 0.929207 0.864983 0.867068 0.956917 0.959211 0.954716 0.951411 0.953171 0.95001 0.938366 0.935308 0.95653 0.948452 0.948824 0.958031
 0.941208 0.963797 0.966383 0.93892 0.933144 0.906826 0.92988 0.909123 0.946382 0.917137 0.943283 0.95476 0.95329 0.933157 0.943156 0.929234 0.953433 0.942304 0.946673 0.958643
 0.936155 0.925957 0.933776 0.949279 0.931517 0.884582 0.892454 0.856646 0.872201 0.925799 0.934548 0.938326 0.941196 0.941449 0.943111 0.935134 0.942182 0.943648 0.93801 0.923743
 0.942914 0.942261 0.954058 0.929009 0.93546 0.887636 0.88226 0.875165 0.88652 0.924161 0.896556 0.956729 0.963515 0.945006 0.946229 0.938389 0.937227 0.932185 0.922306 0.935395
 0.940639 0.923623 0.954981 0.957634 0.944541 0.922452 0.827793 0.897183 0.934013 0.94678 0.96577 0.956298 0.959372 0.951976 0.945335 0.950908 0.955972 0.952441 0.959503 0.954907
 0.937345 0.911663 0.947456 0.943213 0.934932 0.916658 0.871812 0.797696 0.896375 0.910871 0.933143 0.936613 0.923608 0.930686 0.944379 0.958355 0.951782 0.938583 0.952989 0.951224
 0.939437 0.935337 0.93459 0.932895 0.940079 0.929122 0.918412 0.864598 0.91155 0.950339 0.949611 0.945061 0.960025 0.964141 0.958153 0.95206 0.949995 0.945156 0.95832 0.948469
 0.93795 0.948978 0.958485 0.956746 0.941457 0.916828 0.898341 0.857343 0.886217 0.965202 0.940577 0.953454 0.958753 0.965327 0.948891 0.959339 0.954024 0.943129 0.937442 0.945896
 0.941777 0.919329 0.930098 0.948369 0.94716 0.934472 0.904599 0.853549 0.929431 0.953047 0.955378 0.948611 0.941361 0.95058 0.953967 0.961518 0.943898 0.951869 0.953987 0.944927
 0.939569 0.957299 0.942704 0.935735 0.930273 0.914542 0.891857 0.896074 0.91507 0.911343 0.943991 0.96284 0.958302 0.939005 0.953 0.95183 0.950528 0.941376 0.942608 0.921952
 0.936996 0.93344 0.945957 0.934724 0.924097 0.866186 0.868635 0.869222 0.870263 0.917398 0.934517 0.959146 0.949427 0.958446 0.954207 0.941696 0.956657 0.94736 0.946258 0.954177
 0.937177 0.938726 0.934007 0.91347 0.942461 0.920643 0.924386 0.904939 0.957341 0.933499 0.954345 0.935967 0.960359 0.952122 0.954839 0.95434 0.946164 0.937168 0.941885 0.948986
 0.944782 0.931528 0.951456 0.95244 0.933671 0.900299 0.860115 0.801077 0.882218 0.953957 0.958778 0.964189 0.950833 0.951098 0.949599 0.941945 0.951668 0.944014 0.94206 0.933234
 0.94029 0.932348 0.923929 0.946448 0.93601 0.899022 0.911352 0.879486 0.931895 0.948636 0.949754 0.930838 0.929903 0.937271 0.945605 0.945887 0.956908 0.949123 0.930388 0.937548
 0.936123 0.946447 0.941367 0.94917 0.947423 0.933275 0.90821 0.886814 0.896739 0.938385 0.939365 0.917877 0.912151 0.88795 0.92209 0.946177 0.935425 0.934365 0.935508 0.948271
 0.941443 0.944505 0.931912 0.938848 0.924942 0.907138 0.917155 0.841189 0.928483 0.947789 0.951889 0.952226 0.959107 0.946448 0.958042 0.948739 0.943977 0.95463 0.948644 0.937826
 0.937716 0.940695 0.937187 0.926475 0.935148 0.905975 0.903128 0.873061 0.936102 0.941272 0.945307 0.948547 0.938589 0.951793 0.947494 0.956679 0.958192 0.958574 0.946345 0.946352
 0.942839 0.941575 0.932803 0.931389 0.943969 0.917267 0.914719 0.823235 0.907677 0.949723 0.955729 0.951924 0.950389 0.948941 0.952551 0.950164 0.955921 0.964101 0.938501 0.923955
 0.938301 0.941689 0.928321 0.948276 0.943545 0.922896 0.878148 0.867172 0.926787 0.966528 0.96101 0.944987 0.95124 0.949905 0.943894 0.940539 0.940943 0.954433 0.937809 0.942585
 0.940902 0.922528 0.949865 0.946401 0.949486 0.919116 0.903022 0.860457 0.949088 0.958922 0.947512 0.955184 0.957675 0.947111 0.952699 0.935975 0.945102 0.96171 0.94292 0.946023
 0.940004 0.934673 0.936185 0.946444 0.943187 0.94381 0.9116 0.893168 0.901222 0.933896 0.946849 0.931522 0.945957 0.937311 0.937613 0.931118 0.954806 0.940781 0.954285 0.954555
 0.940837 0.940742 0.937927 0.943492 0.888012 0.894615 0.850274 0.753505 0.948775 0.918574 0.925588 0.942524 0.944557 0.963113 0.958847 0.94951 0.943726 0.937584 0.944634 0.952721
 0.94098 0.942677 0.954495 0.957424 0.935305 0.930957 0.892221 0.865194 0.900194 0.93348 0.919149 0.937536 0.94056 0.956118 0.951641 0.947399 0.936429 0.953894 0.935265 0.918116
 0.938093 0.9339 0.925802 0.925129 0.888584 0.836174 0.915198 0.908997 0.905705 0.873024 0.925337 0.926188 0.953392 0.958111 0.959087 0.961691 0.949383 0.938207 0.922479 0.948597
 0.93832 0.926497 0.951703 0.959085 0.948644 0.922374 0.92739 0.901115 0.885854 0.948727 0.949714 0.942055 0.943191 0.954114 0.95941 0.958543 0.965835 0.94453 0.943629 0.960324
 0.936815 0.939926 0.934903 0.935 0.915543 0.886415 0.882204 0.866407 0.935351 0.947629 0.95959 0.958563 0.944829 0.940449 0.943927 0.945708 0.946135 0.946192 0.922693 0.945923
 0.946163 0.953964 0.962192 0.962788 0.937488 0.909811 0.909758 0.837787 0.897755 0.929807 0.935447 0.939673 0.952088 0.938334 0.954962 0.965617 0.949507 0.955843 0.956765 0.943952
 0.937499 0.932032 0.936562 0.948303 0.954674 0.929746 0.902867 0.870814 0.957414 0.959128 0.953156 0.950098 0.947302 0.945752 0.95266 0.950452 0.937616 0.944104 0.940621 0.939087
 0.940044 0.947151 0.922727 0.935169 0.923643 0.907966 0.88309 0.810786 0.97616 0.93118 0.944765 0.959679 0.953971 0.947844 0.931753 0.944516 0.950234 0.929119 0.916453 0.930225
 0.939042 0.921106 0.931106 0.932095 0.922844 0.867812 0.865434 0.888107 0.924936 0.943669 0.950507 0.950582 0.954303 0.962865 0.959512 0.957064 0.953899 0.955331 0.929664 0.934995
 0.941446 0.95063 0.940897 0.948792 0.929122 0.90723 0.880321 0.748594 0.947898 0.931332 0.949699 0.953695 0.95607 0.952761 0.956964 0.942792 0.968035 0.953559 0.939623 0.933003
 0.940567 0.954471 0.952509 0.944119 0.922074 0.885348 0.89902 0.875619 0.90153 0.938914 0.935602 0.947574 0.942634 0.9424 0.937648 0.959047 0.932211 0.952294 0.957722 0.954184
 0.938073 0.941098 0.95403 0.942105 0.918502 0.901352 0.913415 0.87627 0.90625 0.934248 0.951168 0.943306 0.951551 0.931078 0.933263 0.929477 0.94776 0.94623 0.948767 0.960199
 0.938803 0.958087 0.95234 0.953079 0.943741 0.92455 0.893457 0.876812 0.92947 0.95322 0.955442 0.960412 0.959483 0.956983 0.947458 0.944002 0.960021 0.945195 0.940583 0.945566
 0.940606 0.926705 0.929025 0.923208 0.914343 0.906922 0.88852 0.850861 0.900198 0.93553 0.94976 0.938189 0.928683 0.931772 0.952342 0.956317 0.941116 0.95901 0.950877 0.939741
 0.934988 0.936775 0.946171 0.931614 0.925152 0.904946 0.857499 0.852781 0.961311 0.945257 0.948094 0.954693 0.953567 0.960805 0.949235 0.934276 0.93752 0.935383 0.932564 0.949294
 0.937895 0.940131 0.923014 0.92686 0.931167 0.915707 0.889514 0.855076 0.921019 0.961256 0.940584 0.94968 0.947442 0.937059 0.947818 0.957851 0.945273 0.924804 0.918957 0.910762
 0.944361 0.94833 0.947708 0.942581 0.936128 0.928437 0.906134 0.862219 0.874052 0.927121 0.941353 0.956857 0.951797 0.941326 0.953486 0.953446 0.948339 0.93254 0.943529 0.944489
 0.93369 0.922403 0.946104 0.94504 0.929194 0.908465 0.880006 0.865825 0.88852 0.94331 0.940864 0.947159 0.944996 0.930743 0.937477 0.95933 0.937834 0.941053 0.948683 0.952048
 0.934913 0.929889 0.891487 0.934716 0.931745 0.911937 0.905823 0.891551 0.93803 0.932558 0.95 0.919641 0.946188 0.947046 0.943209 0.94335 0.93238 0.943008 0.950144 0.945225
 0.936507 0.939773 0.931634 0.944945 0.932571 0.90554 0.878139 0.883215 0.925174 0.930972 0.938564 0.937057 0.936126 0.944466 0.94606 0.937339 0.945968 0.930903 0.899237 0.913644
 0.940355 0.895545 0.934193 0.896697 0.930329 0.860341 0.868277 0.859425 0.921872 0.950168 0.947134 0.942437 0.937154 0.961202 0.947452 0.95376 0.947627 0.964812 0.96552 0.950393
 0.939866 0.938622 0.946393 0.924142 0.898965 0.927754 0.889299 0.848425 0.914213 0.94907 0.928574 0.932346 0.947091 0.958671 0.953087 0.960243 0.959629 0.951772 0.942575 0.954073
 0.938344 0.942279 0.946685 0.943439 0.935785 0.896109 0.840977 0.855664 0.926276 0.948829 0.955936 0.922033 0.919928 0.929464 0.95512 0.958236 0.954191 0.959018 0.947958 0.939397
 0.937974 0.920248 0.918439 0.922097 0.935131 0.911069 0.863864 0.834777 0.949245 0.943346 0.934026 0.943435 0.953843 0.961109 0.946423 0.961086 0.954659 0.946727 0.941798 0.939163
 0.94149 0.939974 0.896366 0.948427 0.937633 0.910147 0.889841 0.868009 0.892545 0.942225 0.946762 0.948534 0.94078 0.962554 0.947076 0.952038 0.957912 0.959647 0.950074 0.939573
 0.939133 0.936008 0.92975 0.947571 0.947635 0.92144 0.886004 0.909302 0.926816 0.942717 0.93107 0.95615 0.930766 0.926167 0.952234 0.948162 0.952965 0.955345 0.945742 0.936056
 0.940335 0.934939 0.933026 0.930541 0.938448 0.917717 0.907187 0.869497 0.892517 0.945938 0.93952 0.958964 0.941175 0.940317 0.94632 0.94353 0.93676 0.936883 0.931677 0.950711
 0.936558 0.929602 0.928327 0.919189 0.914891 0.879286 0.84476 0.898543 0.926611 0.958347 0.961225 0.96306 0.95002 0.93368 0.954072 0.966688 0.962661 0.951322 0.955479 0.959013
 0.940988 0.954134 0.942607 0.940942 0.918782 0.91359 0.904343 0.854586 0.863571 0.927946 0.945239 0.93713 0.944055 0.938806 0.941126 0.958371 0.957431 0.939523 0.941126 0.934875
 0.936157 0.927725 0.930614 0.889292 0.876809 0.880528 0.87227 0.866813 0.892582 0.905561 0.929758 0.931946 0.959878 0.953319 0.942604 0.950785 0.946544 0.943987 0.952021 0.953694
 0.939176 0.932541 0.933624 0.919969 0.923342 0.869083 0.863371 0.878758 0.875123 0.958622 0.956327 0.93614 0.931094 0.94433 0.941356 0.962245 0.959068 0.959075 0.945861 0.96147
 0.939261 0.946459 0.946965 0.942866 0.929115 0.917111 0.902381 0.871629 0.9047 0.952822 0.954493 0.935526 0.941166 0.940769 0.952804 0.942635 0.946333 0.948692 0.955154 0.942719
 0.935607 0.932281 0.914836 0.945731 0.940679 0.908963 0.867348 0.856259 0.895699 0.928836 0.920229 0.942613 0.948899 0.951532 0.931191 0.942501 0.941294 0.951898 0.954948 0.960332
 0.940498 0.936906 0.930525 0.941169 0.92513 0.884082 0.891623 0.888884 0.945537 0.904179 0.943247 0.94884 0.932072 0.93111 0.962083 0.950445 0.957023 0.931968 0.931929 0.927708
 0.938581 0.940966 0.938157 0.937653 0.926248 0.917587 0.890209 0.84 0.827951 0.919131 0.926153 0.959026 0.942628 0.920777 0.942661 0.934555 0.949019 0.939144 0.942554 0.94215
 0.941642 0.940059 0.943426 0.936747 0.90769 0.889881 0.879021 0.887428 0.920867 0.935593 0.931535 0.942562 0.949961 0.958386 0.960428 0.964049 0.960122 0.956386 0.951482 0.956264
 0.936391 0.926283 0.930269 0.947582 0.930118 0.898591 0.890616 0.881403 0.924621 0.94301 0.941147 0.942842 0.942842 0.96197 0.957028 0.950316 0.944655 0.943681 0.951262 0.965562
 0.936326 0.942801 0.944649 0.940994 0.928307 0.919244 0.893588 0.810434 0.948794 0.909138 0.910986 0.920132 0.89418 0.945779 0.961757 0.940827 0.945208 0.956526 0.946013 0.947228
 0.938232 0.945706 0.938669 0.926989 0.932052 0.890304 0.885918 0.869066 0.947084 0.949758 0.955927 0.953441 0.943644 0.946424 0.93932 0.949816 0.95622 0.945681 0.935299 0.941835
 0.939718 0.922756 0.922029 0.933475 0.957805 0.939629 0.910876 0.882792 0.881493 0.925025 0.942775 0.93442 0.928293 0.913232 0.963207 0.943431 0.943893 0.957097 0.949276 0.949035
 0.940965 0.939195 0.921668 0.930451 0.964021 0.933047 0.87256 0.864738 0.820179 0.941234 0.927533 0.966647 0.955877 0.953643 0.949706 0.934289 0.931394 0.95291 0.950174 0.943745
 0.943125 0.956995 0.94 0.939787 0.952797 0.920195 0.901376 0.73645 0.870472 0.900197 0.94512 0.948112 0.958387 0.947874 0.947377 0.946504 0.954149 0.946656 0.948693 0.951889
 0.936295 0.936037 0.966545 0.950594 0.93215 0.912931 0.885799 0.863824 0.919659 0.946259 0.954749 0.947738 0.95926 0.963463 0.964171 0.950912 0.942985 0.944135 0.950271 0.950739
 0.943116 0.94097 0.921871 0.921551 0.893184 0.892727 0.828812 0.873622 0.909038 0.944891 0.954729 0.948708 0.95421 0.955188 0.958543 0.953505 0.938472 0.938303 0.953839 0.943257
 0.942376 0.924203 0.941589 0.954664 0.940391 0.928135 0.881831 0.844835 0.912836 0.895733 0.945599 0.942792 0.939924 0.937824 0.953361 0.944446 0.95833 0.935453 0.937945 0.955287
 0.935427 0.912792 0.937788 0.928207 0.916088 0.886171 0.866206 0.873449 0.92593 0.947969 0.954535 0.948333 0.949081 0.946353 0.946188 0.960874 0.959806 0.95402 0.944943 0.931859
 0.945319 0.95695 0.950168 0.934532 0.910755 0.861625 0.877359 0.83515 0.929986 0.952077 0.940592 0.941291 0.960829 0.947735 0.938963 0.952469 0.956961 0.968087 0.94117 0.925897
 0.941717 0.944043 0.939592 0.935308 0.940574 0.921098 0.891536 0.880772 0.929007 0.943983 0.919949 0.953779 0.949968 0.940359 0.940124 0.944856 0.943334 0.93782 0.921654 0.938919
 0.939067 0.942666 0.963411 0.951207 0.934673 0.92147 0.845463 0.871899 0.909623 0.948214 0.941863 0.951313 0.925358 0.940232 0.949221 0.955467 0.953392 0.944291 0.923518 0.950268
 0.936571 0.940937 0.953504 0.952191 0.952382 0.95254 0.890198 0.882307 0.911097 0.942061 0.92027 0.934489 0.952465 0.951601 0.93602 0.944024 0.943689 0.958066 0.95306 0.964987
 0.939059 0.940144 0.938062 0.918384 0.918523 0.889025 0.874033 0.830398 0.905917 0.942923 0.944912 0.943667 0.932648 0.958252 0.941631 0.935532 0.933645 0.957439 0.968013 0.962598
 0.946085 0.956911 0.942459 0.939493 0.939533 0.917729 0.873591 0.8031 0.932589 0.944478 0.946168 0.940915 0.945688 0.949122 0.937337 0.938568 0.930495 0.915049 0.93613 0.942261
 0.934952 0.909166 0.935551 0.92911 0.946441 0.93549 0.894525 0.880693 0.934385 0.932618 0.940399 0.93483 0.939075 0.940287 0.952038 0.92516 0.928905 0.940634 0.941138 0.963048
 0.93865 0.953594 0.957099 0.944089 0.959777 0.932496 0.904375 0.863811 0.892352 0.930393 0.919334 0.941429 0.954597 0.95699 0.953316 0.953237 0.955159 0.952671 0.926721 0.927607
 0.941574 0.935552 0.942476 0.944985 0.939566 0.913497 0.889615 0.858359 0.877894 0.941754 0.954174 0.952117 0.944079 0.93114 0.927165 0.950703 0.949561 0.957681 0.961336 0.94758
 0.943425 0.953292 0.942299 0.926767 0.930529 0.902083 0.912984 0.896303 0.935677 0.944168 0.946386 0.943084 0.944278 0.910264 0.940683 0.950162 0.946344 0.952226 0.954724 0.941623
 0.937354 0.923293 0.923469 0.941671 0.916206 0.91188 0.894953 0.887764 0.882533 0.975202 0.972901 0.940708 0.949562 0.948408 0.948231 0.939709 0.916543 0.923455 0.94625 0.935239
 0.941748 0.946859 0.958131 0.93216 0.945119 0.926344 0.871062 0.756985 0.956597 0.956552 0.955048 0.96745 0.958962 0.950574 0.952741 0.965566 0.971048 0.951313 0.944181 0.949541
 0.939295 0.949323 0.936137 0.923267 0.925795 0.901779 0.8499 0.809682 0.920608 0.938315 0.933984 0.932889 0.934806 0.943735 0.951446 0.959497 0.960008 0.953733 0.967697 0.961698
 0.948398 0.941416 0.950065 0.935992 0.918886 0.884626 0.80079 0.718361 0.926545 0.94612 0.95086 0.958345 0.959253 0.949078 0.954822 0.936207 0.960277 0.951239 0.947834 0.954168
 0.945333 0.929762 0.926099 0.908597 0.89954 0.892864 0.883651 0.872305 0.90964 0.945434 0.934501 0.940722 0.941751 0.942335 0.950028 0.950377 0.930919 0.939749 0.930682 0.926106
 0.937691 0.951611 0.939913 0.936827 0.934832 0.879517 0.780923 0.873876 0.92043 0.947431 0.938348 0.934141 0.952858 0.949262 0.938528 0.920772 0.929196 0.943592 0.936342 0.94016
 0.940307 0.942415 0.948274 0.939273 0.913944 0.899006 0.843334 0.863778 0.914244 0.938752 0.94121 0.95503 0.955463 0.949025 0.953695 0.953085 0.9469 0.944261 0.944456 0.951674
 0.949146 0.94714 0.937239 0.914141 0.893893 0.846713 0.901486 0.885187 0.948089 0.978832 0.965747 0.946335 0.950344 0.947545 0.948385 0.936606 0.940007 0.955948 0.944198 0.947035
 0.939756 0.936886 0.922449 0.928837 0.932561 0.911771 0.889059 0.824953 0.927848 0.940205 0.949016 0.963012 0.957326 0.956146 0.950688 0.953305 0.940176 0.938297 0.948613 0.940413
 0.940338 0.935716 0.941546 0.934194 0.931853 0.899616 0.899944 0.859951 0.940265 0.937414 0.942114 0.947527 0.960283 0.94848 0.937757 0.945727 0.958652 0.950856 0.925317 0.934353
 0.940622 0.949536 0.949442 0.956359 0.931516 0.931286 0.912864 0.810481 0.863998 0.931815 0.952585 0.94588 0.945877 0.950428 0.945917 0.94738 0.94833 0.934789 0.929558 0.911353
 0.935371 0.938569 0.958195 0.938017 0.928271 0.908326 0.852405 0.848112 0.947109 0.935818 0.948018 0.949609 0.949827 0.943766 0.951167 0.950228 0.948223 0.941922 0.941407 0.948402
 0.94149 0.936413 0.939206 0.928972 0.930707 0.889236 0.882399 0.869176 0.912515 0.929865 0.935412 0.930618 0.93664 0.942435 0.946944 0.952106 0.950086 0.95294 0.945064 0.94521
 0.938004 0.943923 0.931585 0.931754 0.920389 0.849882 0.883627 0.881299 0.880549 0.969803 0.956203 0.941121 0.919948 0.959799 0.956456 0.953685 0.945382 0.947993 0.929835 0.947894
 0.940413 0.937334 0.935378 0.951186 0.953384 0.943861 0.907578 0.847466 0.881026 0.954956 0.95401 0.947956 0.939618 0.946571 0.937142 0.927001 0.952087 0.950616 0.963252 0.958439
 0.93809 0.928724 0.921024 0.959203 0.913695 0.888282 0.866921 0.851037 0.931707 0.960655 0.949312 0.953947 0.952537 0.944924 0.954275 0.947535 0.929432 0.952794 0.964383 0.953402
 0.938065 0.941299 0.918774 0.944927 0.897438 0.86238 0.886272 0.925544 0.957782 0.938903 0.944291 0.937283 0.943076 0.940843 0.94839 0.942155 0.928874 0.926105 0.940621 0.950994
 0.939284 0.94208 0.952358 0.950102 0.91215 0.92049 0.927618 0.884742 0.910426 0.952286 0.962397 0.950857 0.95347 0.955748 0.951331 0.949785 0.942548 0.948495 0.94741 0.940514
 0.941314 0.933871 0.93272 0.958559 0.95401 0.933834 0.902334 0.889901 0.894242 0.947845 0.935778 0.947229 0.942542 0.955484 0.950875 0.931567 0.940204 0.950414 0.943608 0.956586
 0.939104 0.930247 0.939609 0.941204 0.936073 0.917575 0.883323 0.83772 0.971959 0.966736 0.959374 0.958845 0.958723 0.949621 0.938561 0.952418 0.939924 0.954628 0.953126 0.942382
 0.93751 0.925111 0.943722 0.950957 0.96516 0.941051 0.913109 0.869663 0.853999 0.954246 0.946476 0.927984 0.919814 0.927327 0.940051 0.943976 0.933338 0.947155 0.948241 0.960236
 0.944416 0.944492 0.94751 0.938879 0.943211 0.902367 0.880511 0.809748 0.867934 0.925603 0.948381 0.940158 0.944031 0.946793 0.942507 0.928547 0.929708 0.955703 0.96762 0.963524
 0.938202 0.931122 0.940864 0.926375 0.922616 0.927369 0.902636 0.851079 0.923477 0.953085 0.945141 0.944385 0.957008 0.94287 0.926566 0.916505 0.925498 0.930556 0.924867 0.922132
 0.938181 0.923569 0.930813 0.946504 0.953682 0.930633 0.888788 0.874596 0.941678 0.948625 0.944261 0.943256 0.933058 0.941609 0.930589 0.927399 0.938811 0.954848 0.949899 0.947962
 0.947778 0.953179 0.956188 0.939802 0.942317 0.900736 0.870771 0.827467 0.915014 0.93916 0.947334 0.939174 0.936382 0.936506 0.959445 0.958221 0.954144 0.933366 0.942996 0.947643
 0.939028 0.940045 0.939284 0.936143 0.928959 0.906749 0.890663 0.860911 0.895114 0.951367 0.956409 0.949013 0.954655 0.950827 0.937791 0.948223 0.942131 0.929646 0.945459 0.955158
 0.938182 0.945435 0.934829 0.906395 0.922796 0.901092 0.897984 0.86898 0.932409 0.953307 0.935188 0.928988 0.952169 0.950649 0.947173 0.942353 0.949814 0.952857 0.928686 0.928393
 0.941846 0.932947 0.953493 0.953169 0.968759 0.944908 0.924504 0.885154 0.850005 0.851254 0.943882 0.931182 0.945685 0.94008 0.927021 0.96488 0.945041 0.931449 0.938305 0.947519
 0.950807 0.958633 0.943049 0.929302 0.902379 0.869437 0.887557 0.888935 0.905702 0.946696 0.948663 0.945753 0.95146 0.958015 0.948208 0.953598 0.954115 0.944724 0.940136 0.941392
 0.941423 0.95352 0.942713 0.942848 0.908976 0.893299 0.793373 0.885942 0.941957 0.904595 0.942842 0.945441 0.936476 0.94481 0.964179 0.948877 0.942798 0.955956 0.955621 0.960832
 0.937171 0.926764 0.92828 0.945451 0.941946 0.928101 0.877641 0.797741 0.903088 0.919304 0.944591 0.965176 0.960568 0.945235 0.957071 0.951581 0.944063 0.941067 0.934595 0.926964
 0.938508 0.943344 0.937288 0.954985 0.949489 0.925874 0.901481 0.872959 0.874274 0.948993 0.938496 0.95383 0.937254 0.942794 0.947926 0.955122 0.955587 0.945421 0.949069 0.943131
 0.943398 0.9415 0.945479 0.94279 0.931692 0.882826 0.801721 0.892609 0.906547 0.930298 0.953024 0.95846 0.969556 0.960446 0.960564 0.951227 0.944323 0.948318 0.9393 0.923341
 0.936678 0.936899 0.921418 0.934209 0.932423 0.904195 0.8512 0.890695 0.916943 0.951245 0.913789 0.942185 0.95117 0.950817 0.951616 0.949632 0.93826 0.948366 0.936875 0.96092
 0.93984 0.942311 0.935596 0.938676 0.946918 0.907272 0.887321 0.856736 0.95426 0.959125 0.958075 0.953681 0.958077 0.959045 0.951764 0.954289 0.937264 0.918133 0.919877 0.925748
 0.94095 0.944855 0.950554 0.950817 0.933574 0.915332 0.898789 0.877806 0.867213 0.91731 0.935541 0.951124 0.917476 0.943819 0.949314 0.949575 0.945339 0.931314 0.942623 0.939401
 0.937147 0.935714 0.950833 0.952256 0.93971 0.919753 0.939314 0.897789 0.900781 0.931979 0.948746 0.944657 0.954171 0.935579 0.929611 0.949375 0.954734 0.951785 0.92915 0.921278
 0.937271 0.938136 0.932275 0.924831 0.901309 0.902047 0.92857 0.906211 0.881919 0.900025 0.929164 0.951666 0.960774 0.957681 0.953688 0.951589 0.941953 0.942468 0.934773 0.941932
 0.947314 0.93447 0.947961 0.95213 0.93802 0.92172 0.896023 0.744323 0.873889 0.930422 0.944723 0.948891 0.954503 0.953481 0.962002 0.963318 0.944496 0.940501 0.946692 0.933888
 0.945404 0.950732 0.927276 0.930347 0.932437 0.899611 0.855629 0.846656 0.894202 0.947945 0.944546 0.944657 0.944034 0.930757 0.952134 0.922985 0.9497 0.950436 0.938747 0.938262
 0.941352 0.954106 0.967458 0.958441 0.935557 0.917937 0.892041 0.832753 0.857032 0.947326 0.946296 0.941946 0.95446 0.953222 0.942545 0.948957 0.957887 0.934274 0.93203 0.948408
 0.936022 0.942235 0.931481 0.916916 0.915948 0.908383 0.875766 0.88571 0.946654 0.945656 0.911911 0.955876 0.943986 0.959069 0.966452 0.937884 0.941202 0.950763 0.93589 0.947571
 0.937847 0.935016 0.954711 0.957869 0.930336 0.921704 0.898651 0.859408 0.938249 0.937627 0.927506 0.924653 0.944028 0.957223 0.948588 0.942055 0.928144 0.932714 0.935493 0.928755
 0.937095 0.938334 0.944443 0.947564 0.94897 0.936276 0.910457 0.895136 0.946992 0.956584 0.963519 0.961267 0.943721 0.930323 0.923624 0.948914 0.937058 0.931936 0.911826 0.899554
 0.941886 0.936723 0.932108 0.94016 0.948214 0.903416 0.890713 0.830147 0.91502 0.948229 0.940317 0.928084 0.934773 0.950231 0.933175 0.942656 0.93894 0.937005 0.941669 0.960036
 0.938066 0.957807 0.934454 0.94238 0.922731 0.888653 0.866424 0.870377 0.917036 0.933573 0.936088 0.94802 0.955284 0.956443 0.953503 0.943541 0.951113 0.955652 0.955139 0.950383
 0.940277 0.93635 0.956687 0.959778 0.943641 0.929627 0.883482 0.825976 0.920697 0.937008 0.936485 0.952451 0.955594 0.933003 0.940787 0.952494 0.957564 0.959544 0.960232 0.947903
 0.941661 0.939543 0.924286 0.92911 0.936892 0.895853 0.890918 0.874729 0.877628 0.933929 0.916294 0.929102 0.911379 0.932878 0.937678 0.927814 0.949329 0.946627 0.949442 0.939695
 0.938091 0.946224 0.94087 0.927238 0.945614 0.924812 0.898159 0.881909 0.927199 0.961634 0.950147 0.944505 0.947628 0.934406 0.93496 0.959538 0.96801 0.952614 0.931983 0.915623
 0.939938 0.93186 0.930197 0.943492 0.925209 0.911913 0.903582 0.907253 0.940842 0.96613 0.955769 0.956291 0.952788 0.95691 0.946684 0.939549 0.945166 0.938628 0.94122 0.933891
 0.93955 0.938525 0.942228 0.929644 0.923796 0.932281 0.915974 0.89657 0.914016 0.956724 0.954314 0.950561 0.934493 0.94566 0.932543 0.943627 0.946164 0.951482 0.954777 0.942773
 0.944793 0.957964 0.962329 0.946634 0.942479 0.905969 0.881515 0.857059 0.903 0.94319 0.931118 0.936533 0.912021 0.941701 0.953425 0.946201 0.948618 0.939227 0.957814 0.94196
 0.942363 0.952439 0.943118 0.94065 0.91967 0.903025 0.872032 0.827883 0.965194 0.932653 0.922689 0.930502 0.93788 0.927823 0.945346 0.935093 0.924027 0.936169 0.893782 0.9085
 0.939748 0.942909 0.933956 0.951855 0.924209 0.843022 0.781714 0.849847 0.918798 0.943538 0.939675 0.951454 0.957296 0.950819 0.950519 0.935778 0.937188 0.94404 0.949672 0.950011
 0.939299 0.935162 0.946992 0.94659 0.937289 0.929223 0.887854 0.744718 0.96903 0.930645 0.953502 0.939538 0.933871 0.949105 0.956014 0.944924 0.945708 0.934847 0.941669 0.936579
 0.941068 0.953003 0.913315 0.931682 0.941944 0.921885 0.887775 0.882856 0.880738 0.899511 0.944119 0.952341 0.94992 0.961281 0.953516 0.939318 0.961432 0.950329 0.937632 0.93867
 0.938542 0.96037 0.956574 0.945989 0.930948 0.903904 0.876646 0.857929 0.934845 0.922764 0.925379 0.947287 0.936561 0.939292 0.941318 0.932021 0.921784 0.925764 0.940906 0.931033
 0.938631 0.931143 0.924279 0.930074 0.939164 0.906235 0.86648 0.917178 0.928831 0.947974 0.94959 0.953214 0.935973 0.931408 0.945863 0.969173 0.94188 0.932488 0.954956 0.958482
 0.940118 0.949178 0.941149 0.929735 0.933309 0.93666 0.893577 0.866678 0.920619 0.948894 0.95471 0.935193 0.942929 0.942105 0.922278 0.952183 0.955656 0.951534 0.960953 0.959319
