 0.675942 0.59009 0.590583 0.575305 0.496281 0.418179 0.367203 0.30079 0.303282 0.463748 0.632782 0.626124 0.565433 0.678964 0.659489 0.598632 0.574275 0.581238 0.573231 0.59922
 0.670143 0.626322 0.603446 0.489919 0.436989 0.409178 0.357902 0.292976 0.422367 0.743757 0.643534 0.536963 0.498616 0.468744 0.497789 0.580027 0.530688 0.608961 0.636043 0.646305
 0.667671 0.530397 0.558717 0.705537 0.66921 0.510215 0.360321 0.276905 0.339775 0.575981 0.568226 0.643432 0.643318 0.68706 0.57611 0.494033 0.477976 0.530663 0.515323 0.529839
 0.702842 0.654079 0.610969 0.555181 0.48106 0.422749 0.302775 0.266399 0.258363 0.368161 0.575357 0.698633 0.665155 0.59768 0.640039 0.67333 0.585289 0.514819 0.650039 0.58363
 0.719555 0.656166 0.584672 0.54613 0.501813 0.412618 0.317705 0.302895 0.354704 0.495473 0.623064 0.660364 0.66258 0.576193 0.564169 0.602368 0.592276 0.413887 0.367261 0.495092
 0.711583 0.662873 0.634201 0.617991 0.577066 0.512995 0.423485 0.257206 0.268665 0.567042 0.667858 0.583031 0.574834 0.566817 0.542042 0.49874 0.558461 0.633385 0.614999 0.54183
 0.664469 0.614215 0.601142 0.548765 0.586147 0.413322 0.356589 0.351309 0.279339 0.384154 0.595869 0.550477 0.658313 0.592545 0.551795 0.542931 0.501699 0.544604 0.619292 0.603823
 0.675458 0.64178 0.678593 0.621976 0.48311 0.407091 0.340068 0.296338 0.398972 0.699224 0.730652 0.694912 0.613071 0.525762 0.561742 0.470246 0.451428 0.504569 0.586221 0.626836
 0.724856 0.749704 0.62155 0.500081 0.39901 0.318462 0.268965 0.310436 0.481995 0.75471 0.605601 0.420345 0.452296 0.6114 0.5902 0.56882 0.5199 0.573084 0.542128 0.563549
 0.695497 0.674414 0.678786 0.641291 0.570827 0.430166 0.217314 0.2224 0.293065 0.446747 0.505735 0.570491 0.543171 0.566375 0.533629 0.494872 0.532321 0.553013 0.645248 0.681424
 0.71491 0.573132 0.527393 0.511251 0.57508 0.491526 0.341984 0.276657 0.363388 0.602122 0.604213 0.592094 0.583853 0.681813 0.631502 0.613871 0.629447 0.549658 0.461852 0.434511
 0.664899 0.575673 0.593389 0.61215 0.592199 0.46095 0.355467 0.274352 0.33424 0.614868 0.591451 0.449987 0.476966 0.503462 0.475043 0.472869 0.630013 0.638632 0.602947 0.55697
 0.701508 0.575658 0.532161 0.538567 0.557598 0.44693 0.367123 0.30491 0.435832 0.641874 0.546654 0.579678 0.560901 0.55731 0.643893 0.499811 0.486077 0.515432 0.509967 0.52825
 0.671712 0.61771 0.606593 0.56984 0.610142 0.569907 0.394243 0.276761 0.345682 0.684311 0.68328 0.727473 0.635419 0.551792 0.519087 0.509579 0.481785 0.469708 0.406677 0.386912
 0.690228 0.604993 0.635189 0.676377 0.56569 0.335507 0.221288 0.243237 0.352857 0.532307 0.632375 0.599332 0.639599 0.610128 0.56762 0.548593 0.628861 0.617884 0.517657 0.525944
 0.715828 0.73504 0.646122 0.50837 0.387368 0.239511 0.226762 0.306486 0.379567 0.599771 0.685023 0.642931 0.579373 0.671496 0.618522 0.485158 0.496297 0.555476 0.592196 0.477802
 0.70432 0.647701 0.668484 0.587351 0.559204 0.440189 0.315574 0.250725 0.307377 0.459147 0.550318 0.693118 0.635088 0.543433 0.523659 0.576437 0.547672 0.543065 0.599526 0.579785
 0.709504 0.658218 0.497034 0.451037 0.488552 0.453742 0.418984 0.379115 0.365487 0.533859 0.539081 0.584892 0.712997 0.68664 0.600783 0.539314 0.5563 0.518705 0.50575 0.497475
 0.721502 0.632667 0.534697 0.514545 0.524391 0.423738 0.348889 0.305749 0.363577 0.646549 0.66219 0.571197 0.665882 0.7137 0.585017 0.438614 0.462756 0.529519 0.62393 0.583102
 0.678829 0.657505 0.515961 0.446735 0.537268 0.570427 0.472202 0.314097 0.359591 0.660194 0.7215 0.725684 0.63104 0.586941 0.534261 0.500321 0.482479 0.557908 0.593023 0.518499
 0.638861 0.530101 0.545467 0.658662 0.687909 0.551792 0.341443 0.250705 0.337093 0.596286 0.602678 0.57531 0.520638 0.463321 0.459543 0.631276 0.742528 0.677801 0.629146 0.602135
 0.708592 0.679267 0.681913 0.655847 0.496826 0.409989 0.367128 0.277578 0.208548 0.36045 0.656558 0.625143 0.695636 0.641199 0.583312 0.508617 0.566676 0.518871 0.451951 0.483697
 0.680966 0.682157 0.689163 0.570874 0.548253 0.430949 0.355941 0.271895 0.293081 0.429663 0.5059 0.539401 0.565072 0.59147 0.612345 0.624265 0.552311 0.540471 0.623196 0.604626
 0.71195 0.638139 0.582256 0.615321 0.553536 0.429977 0.347926 0.266311 0.265626 0.497424 0.626906 0.613047 0.598213 0.573342 0.574175 0.614042 0.61164 0.560594 0.643376 0.62383
 0.715781 0.632929 0.606966 0.673308 0.600955 0.52825 0.427299 0.230448 0.2332 0.452847 0.633566 0.603981 0.524049 0.600541 0.635513 0.624222 0.644865 0.524475 0.472989 0.619359
 0.709736 0.559468 0.497112 0.568414 0.56063 0.416223 0.343097 0.317768 0.36137 0.473947 0.574321 0.681893 0.6884 0.665339 0.635723 0.571402 0.493864 0.50563 0.452154 0.4928
 0.67882 0.680862 0.579695 0.54425 0.513347 0.419257 0.398969 0.276118 0.27563 0.542268 0.626494 0.610908 0.593094 0.679776 0.591549 0.521237 0.499555 0.538026 0.494351 0.549259
 0.6951 0.584217 0.518093 0.595744 0.601126 0.452001 0.401898 0.3826 0.373957 0.578026 0.721844 0.61963 0.517018 0.551169 0.587217 0.503637 0.526788 0.588489 0.649528 0.615578
 0.658365 0.601494 0.620776 0.639826 0.615057 0.4938 0.441388 0.209517 0.196718 0.486007 0.650441 0.634458 0.577648 0.543522 0.539365 0.543685 0.569225 0.651024 0.582461 0.500107
 0.713755 0.709359 0.62028 0.559509 0.500691 0.438394 0.282175 0.168001 0.287171 0.555492 0.579965 0.584337 0.569242 0.651578 0.669134 0.602548 0.564578 0.425334 0.408516 0.579473
 0.711229 0.663991 0.715772 0.644847 0.514598 0.411074 0.212478 0.173389 0.388808 0.738165 0.583767 0.527922 0.541477 0.589971 0.550666 0.619139 0.586455 0.581927 0.548251 0.492148
 0.694004 0.589414 0.517125 0.534793 0.50034 0.479501 0.385369 0.290368 0.381392 0.53706 0.566586 0.679778 0.661282 0.598985 0.571682 0.518052 0.488061 0.535816 0.616547 0.558888
 0.690311 0.610731 0.584601 0.538461 0.424937 0.338998 0.298577 0.288066 0.316296 0.529066 0.610805 0.689027 0.716249 0.683642 0.591649 0.597422 0.573267 0.567758 0.458721 0.509239
 0.692942 0.641767 0.579003 0.541696 0.502016 0.377497 0.226675 0.259061 0.369258 0.565569 0.65998 0.636612 0.674104 0.719728 0.55229 0.511668 0.498699 0.51663 0.623864 0.558303
 0.653948 0.573931 0.605278 0.581264 0.578476 0.50493 0.329671 0.266547 0.348402 0.433366 0.498916 0.604717 0.605039 0.677206 0.673211 0.593076 0.507951 0.543055 0.43297 0.485348
 0.686429 0.615254 0.648244 0.626761 0.596548 0.513927 0.346999 0.319008 0.338254 0.511226 0.643668 0.663335 0.687228 0.595775 0.533533 0.53103 0.514844 0.440488 0.476911 0.503399
 0.68912 0.653176 0.705222 0.600267 0.593474 0.511328 0.336446 0.267916 0.277977 0.569925 0.641018 0.639079 0.68708 0.599288 0.508671 0.491807 0.449368 0.461995 0.54119 0.570644
 0.714716 0.701049 0.573648 0.527444 0.520959 0.40191 0.359458 0.336087 0.329894 0.592867 0.581631 0.55876 0.536319 0.541823 0.624127 0.580007 0.55939 0.579014 0.528666 0.662698
 0.694208 0.623146 0.587805 0.535306 0.518719 0.44075 0.266024 0.241243 0.314923 0.546754 0.64024 0.546588 0.609823 0.663061 0.591893 0.561532 0.520521 0.500268 0.53772 0.557796
 0.716378 0.646741 0.666364 0.584509 0.444932 0.332004 0.295404 0.234223 0.273213 0.552168 0.652718 0.581803 0.580036 0.609118 0.633903 0.579074 0.525317 0.565778 0.694929 0.709265
 0.679715 0.606588 0.597871 0.544326 0.53768 0.36055 0.248913 0.279583 0.386107 0.582641 0.598636 0.627705 0.666861 0.580622 0.467325 0.443223 0.39608 0.44625 0.615602 0.738391
 0.691841 0.695852 0.636989 0.57081 0.51933 0.412075 0.329792 0.26316 0.36248 0.695506 0.606483 0.559022 0.445468 0.533508 0.592834 0.55491 0.566615 0.682819 0.598669 0.467428
 0.716373 0.634008 0.506815 0.590972 0.582412 0.499691 0.336022 0.296835 0.351953 0.628375 0.781984 0.638984 0.573706 0.537457 0.455476 0.414571 0.457665 0.490745 0.501739 0.494582
 0.695543 0.618225 0.567125 0.591438 0.561941 0.40272 0.298248 0.213718 0.351439 0.728468 0.661704 0.573752 0.524405 0.570283 0.578035 0.519171 0.500156 0.484337 0.540225 0.554973
 0.669991 0.683633 0.643055 0.550696 0.607943 0.524295 0.326371 0.224391 0.339561 0.669778 0.648025 0.63358 0.602866 0.607454 0.593401 0.517977 0.486344 0.567896 0.541404 0.505431
 0.702737 0.650593 0.63189 0.609203 0.535368 0.380052 0.223396 0.224873 0.272784 0.527182 0.674947 0.688135 0.602322 0.563798 0.579452 0.587747 0.531388 0.597115 0.567281 0.467512
 0.697148 0.650844 0.570473 0.584247 0.609523 0.505416 0.313333 0.280804 0.356038 0.554899 0.630678 0.708297 0.64534 0.593643 0.552999 0.541579 0.606454 0.523269 0.439674 0.539044
 0.67903 0.595306 0.583717 0.636169 0.556465 0.458883 0.31313 0.223683 0.312758 0.491268 0.5504 0.593413 0.631418 0.587221 0.551632 0.547794 0.525736 0.519419 0.523129 0.62489
 0.650479 0.611933 0.655994 0.632667 0.514034 0.403083 0.316102 0.3366 0.432731 0.614306 0.598365 0.545481 0.486484 0.539336 0.545116 0.672414 0.659075 0.659974 0.553214 0.518939
 0.693706 0.644364 0.604358 0.588543 0.654856 0.573133 0.420193 0.284928 0.313581 0.538286 0.582331 0.497465 0.475194 0.539453 0.606219 0.568082 0.649972 0.600697 0.646497 0.562264
 0.713994 0.569527 0.562995 0.544704 0.587734 0.516774 0.394465 0.315727 0.412787 0.697525 0.640159 0.593221 0.620749 0.661818 0.566268 0.502933 0.548173 0.642815 0.619112 0.511269
 0.672743 0.634439 0.574524 0.533906 0.688827 0.52957 0.376518 0.308227 0.319243 0.583855 0.650089 0.608184 0.648182 0.545081 0.497531 0.513267 0.493698 0.446958 0.44666 0.575116
 0.685867 0.593226 0.570073 0.543498 0.570062 0.502427 0.348109 0.278014 0.378584 0.648318 0.669526 0.657299 0.555131 0.528836 0.503812 0.536347 0.568472 0.573428 0.553551 0.559734
 0.676141 0.552195 0.502748 0.568988 0.629416 0.494902 0.312168 0.261617 0.342726 0.526156 0.679591 0.632147 0.600311 0.566574 0.603387 0.593541 0.598386 0.543493 0.520235 0.504216
 0.710343 0.578211 0.493324 0.502835 0.579153 0.513899 0.382573 0.293854 0.376606 0.626888 0.647874 0.597516 0.583926 0.61295 0.600674 0.637994 0.565286 0.543963 0.516776 0.515606
 0.696677 0.660952 0.616469 0.624316 0.550532 0.474482 0.369298 0.237664 0.324281 0.653099 0.688887 0.528931 0.478827 0.528628 0.507602 0.538615 0.634381 0.572113 0.58145 0.586832
 0.702109 0.614861 0.559167 0.531648 0.47168 0.326171 0.258952 0.310042 0.417052 0.66349 0.709119 0.658561 0.57374 0.600708 0.646302 0.565393 0.508247 0.459959 0.547514 0.480226
 0.662149 0.5569 0.541317 0.54855 0.593929 0.508111 0.38617 0.33404 0.386892 0.615422 0.641974 0.641814 0.592382 0.454062 0.484737 0.605078 0.6063 0.542596 0.56037 0.510108
 0.666392 0.706045 0.600589 0.626155 0.575966 0.400173 0.329852 0.263925 0.329632 0.621957 0.699529 0.606539 0.570554 0.569273 0.570887 0.541237 0.565635 0.516756 0.55593 0.599288
 0.668328 0.600078 0.62853 0.546262 0.533348 0.468743 0.363736 0.276776 0.371981 0.719132 0.642595 0.557429 0.501123 0.456498 0.532475 0.594289 0.557451 0.616104 0.648797 0.617529
 0.73752 0.705119 0.530072 0.480993 0.486904 0.379178 0.348335 0.310354 0.377986 0.58767 0.595692 0.662644 0.669157 0.609902 0.511417 0.500854 0.559179 0.527087 0.456079 0.44307
 0.71793 0.692679 0.555568 0.521894 0.587366 0.414424 0.303061 0.308237 0.342208 0.55063 0.621651 0.604557 0.667853 0.6072 0.519528 0.489526 0.486207 0.580048 0.587342 0.620563
 0.674978 0.612368 0.572938 0.571026 0.560294 0.509452 0.435525 0.312878 0.357636 0.619843 0.609534 0.509113 0.592718 0.60549 0.529866 0.521021 0.565827 0.495883 0.500722 0.589425
 0.6795 0.562332 0.555091 0.591504 0.607359 0.552639 0.443464 0.3117 0.292483 0.409821 0.648045 0.680851 0.58359 0.550562 0.517959 0.481734 0.514899 0.529302 0.605335 0.554219
 0.676874 0.619989 0.623355 0.527006 0.508912 0.521399 0.400291 0.268513 0.373087 0.696389 0.673795 0.586918 0.549297 0.579766 0.585686 0.538819 0.589669 0.55429 0.542584 0.571074
 0.622055 0.522034 0.602817 0.629837 0.538588 0.346621 0.300935 0.327176 0.464098 0.704261 0.646435 0.580484 0.604179 0.504462 0.47894 0.430724 0.492951 0.62734 0.580073 0.631101
 0.713135 0.64017 0.595674 0.60743 0.61378 0.426176 0.295063 0.290994 0.342766 0.496581 0.574995 0.563998 0.586094 0.588676 0.629359 0.576638 0.544241 0.595081 0.602972 0.509903
 0.714549 0.646118 0.62635 0.552046 0.564348 0.452521 0.306613 0.285019 0.334697 0.537972 0.540425 0.486291 0.658946 0.658797 0.592489 0.544792 0.508211 0.566973 0.578201 0.550654
 0.710156 0.563007 0.475388 0.552004 0.541662 0.502254 0.323988 0.256243 0.410601 0.591665 0.636272 0.635687 0.567248 0.621059 0.616128 0.572923 0.612761 0.602759 0.551039 0.580966
 0.74235 0.637026 0.606933 0.608582 0.575391 0.49193 0.392261 0.232683 0.263477 0.483337 0.488956 0.508552 0.546432 0.537623 0.560184 0.645392 0.697047 0.611788 0.551964 0.557884
 0.692076 0.612181 0.577286 0.570889 0.544152 0.445487 0.399552 0.373251 0.398885 0.622726 0.685816 0.613696 0.587946 0.626988 0.643794 0.58191 0.581884 0.541464 0.576005 0.610892
 0.667451 0.541543 0.583559 0.612386 0.601458 0.470757 0.365771 0.325848 0.349249 0.591877 0.759941 0.604865 0.517133 0.621071 0.61167 0.631258 0.588602 0.53149 0.495066 0.574805
 0.716344 0.639617 0.491485 0.476176 0.495861 0.475437 0.446451 0.328419 0.342276 0.595853 0.655968 0.619766 0.542357 0.596778 0.590087 0.682342 0.573508 0.472288 0.534759 0.610705
 0.636861 0.586237 0.607182 0.577602 0.570612 0.463316 0.338009 0.273629 0.351415 0.445577 0.488383 0.565558 0.701774 0.683982 0.613285 0.576571 0.568477 0.575218 0.632447 0.602449
 0.681144 0.58603 0.626734 0.722468 0.622868 0.406063 0.203142 0.178782 0.224154 0.37362 0.503832 0.586418 0.605921 0.652598 0.686293 0.579082 0.542318 0.522445 0.478075 0.498034
 0.670397 0.56522 0.572627 0.513682 0.536584 0.442935 0.375202 0.379647 0.505958 0.726672 0.622275 0.622564 0.54008 0.531606 0.499055 0.528027 0.572666 0.559145 0.588432 0.631424
 0.723566 0.674265 0.605237 0.559268 0.525664 0.413783 0.312902 0.237388 0.249757 0.47724 0.630968 0.670284 0.69886 0.63154 0.545359 0.467162 0.512736 0.569838 0.555722 0.555627
 0.694847 0.64213 0.540506 0.472699 0.527081 0.400141 0.351333 0.321161 0.370886 0.610099 0.704267 0.657325 0.546595 0.529771 0.504685 0.493573 0.560396 0.639873 0.581882 0.476773
 0.657471 0.567537 0.620179 0.618923 0.569747 0.475048 0.354886 0.324833 0.37067 0.564692 0.655751 0.616383 0.613227 0.482508 0.397276 0.511257 0.666871 0.588246 0.466875 0.481838
 0.692469 0.670354 0.640637 0.5829 0.518831 0.338602 0.283485 0.248406 0.287385 0.516759 0.571673 0.561057 0.606552 0.562684 0.640964 0.679546 0.551768 0.467321 0.475152 0.538117
 0.666713 0.563872 0.566952 0.567058 0.576906 0.455559 0.356024 0.292369 0.367819 0.621054 0.615824 0.583715 0.537679 0.526976 0.601789 0.596577 0.654303 0.639763 0.623848 0.601438
 0.694245 0.655604 0.563986 0.501166 0.502059 0.424637 0.365852 0.330059 0.33577 0.541135 0.647608 0.693308 0.65085 0.635953 0.538836 0.476688 0.491254 0.615094 0.657492 0.524853
 0.675478 0.613117 0.558557 0.519602 0.569544 0.5229 0.383985 0.237136 0.268234 0.505954 0.753047 0.637331 0.547019 0.558133 0.573595 0.591159 0.511175 0.60182 0.549978 0.503364
 0.716618 0.572883 0.463952 0.437642 0.539373 0.499899 0.453072 0.352502 0.389677 0.685393 0.675873 0.6145 0.622251 0.604094 0.605573 0.603581 0.533185 0.584376 0.522417 0.49808
 0.694503 0.609327 0.549116 0.604613 0.568687 0.509667 0.415165 0.302317 0.323499 0.468267 0.682325 0.643208 0.628995 0.60249 0.560537 0.494442 0.643832 0.614794 0.567795 0.602675
 0.689259 0.630323 0.561764 0.597864 0.479036 0.347651 0.277787 0.230991 0.405187 0.687131 0.500651 0.474609 0.455537 0.541323 0.624726 0.597288 0.57189 0.588871 0.550095 0.519417
 0.675712 0.589991 0.548772 0.593492 0.565026 0.484981 0.35952 0.29593 0.347109 0.580399 0.643588 0.633829 0.596936 0.552837 0.603728 0.62546 0.565798 0.605529 0.596415 0.517187
 0.680367 0.596346 0.533059 0.587644 0.537429 0.278542 0.221569 0.30952 0.435514 0.567898 0.599561 0.559399 0.504317 0.569918 0.626686 0.641626 0.584986 0.525906 0.425496 0.424225
 0.70849 0.592777 0.557827 0.645616 0.709645 0.515259 0.343696 0.308461 0.305724 0.48788 0.613084 0.594389 0.552022 0.523295 0.594398 0.54379 0.562955 0.665883 0.557531 0.585079
 0.67048 0.567086 0.559773 0.585646 0.544735 0.401683 0.324275 0.285262 0.357328 0.597756 0.599539 0.724212 0.64993 0.584957 0.547795 0.571952 0.535495 0.586133 0.538167 0.600061
 0.674551 0.629498 0.580452 0.653029 0.650391 0.449758 0.343581 0.276114 0.29544 0.518273 0.508385 0.502717 0.583307 0.580714 0.534279 0.636147 0.599138 0.562005 0.584651 0.591485
 0.682033 0.579445 0.498464 0.525227 0.528916 0.497043 0.42564 0.291129 0.369231 0.678822 0.670804 0.599531 0.553672 0.570546 0.585856 0.604518 0.622449 0.5745 0.602973 0.556908
 0.681397 0.649765 0.630203 0.554617 0.530801 0.430043 0.381066 0.234088 0.370113 0.738535 0.539516 0.559433 0.537323 0.526722 0.522945 0.52548 0.549568 0.562119 0.453735 0.410703
 0.711055 0.606977 0.524227 0.534126 0.564081 0.430928 0.262406 0.242321 0.358505 0.611576 0.688559 0.642522 0.548234 0.58662 0.611098 0.570869 0.549367 0.640693 0.583933 0.458854
 0.670461 0.645212 0.610625 0.649691 0.583293 0.440572 0.373869 0.222832 0.32184 0.61823 0.568211 0.581439 0.528901 0.519121 0.598226 0.585418 0.57755 0.630605 0.577721 0.56913
 0.65506 0.604999 0.627663 0.69342 0.60482 0.331651 0.251525 0.291821 0.367979 0.542305 0.601888 0.578757 0.608271 0.569502 0.475741 0.561206 0.540385 0.483525 0.563832 0.561473
 0.671703 0.552251 0.560716 0.66951 0.582095 0.371424 0.303957 0.323797 0.410044 0.600493 0.651184 0.616343 0.586193 0.583869 0.577584 0.62718 0.587283 0.619422 0.528977 0.58039
 0.635635 0.570661 0.597793 0.599565 0.56701 0.48622 0.376496 0.369413 0.446238 0.679739 0.65865 0.643168 0.605605 0.624767 0.600313 0.561559 0.620968 0.575942 0.502258 0.479039
 0.72733 0.685924 0.630932 0.551663 0.466536 0.343246 0.290085 0.260155 0.312851 0.528496 0.628455 0.620392 0.605497 0.600098 0.541273 0.558602 0.520452 0.609957 0.642829 0.53371
 0.680957 0.576112 0.625293 0.620245 0.526197 0.444382 0.33992 0.249396 0.383119 0.723614 0.634899 0.577849 0.53257 0.61088 0.674325 0.642175 0.504423 0.461397 0.459987 0.516305
 0.683656 0.64091 0.629359 0.607857 0.595055 0.473829 0.358574 0.255244 0.288809 0.567322 0.71893 0.574949 0.568939 0.491576 0.442619 0.464059 0.563983 0.544599 0.543003 0.505657
 0.701784 0.683067 0.645359 0.592266 0.51658 0.409193 0.348597 0.295959 0.308121 0.479291 0.567328 0.578881 0.61828 0.568753 0.568407 0.630491 0.669958 0.571383 0.49208 0.540606
 0.689908 0.532424 0.52198 0.593779 0.578469 0.47027 0.350502 0.317348 0.359412 0.542525 0.620947 0.580887 0.554436 0.53911 0.469221 0.583931 0.681897 0.596611 0.530481 0.606904
 0.678628 0.594372 0.471618 0.429899 0.575189 0.478595 0.39898 0.37137 0.475988 0.698374 0.722385 0.612575 0.503374 0.519312 0.537728 0.595861 0.561161 0.499723 0.5633 0.520529
 0.677759 0.598616 0.564491 0.571984 0.586223 0.479351 0.320232 0.320592 0.453055 0.65935 0.600652 0.601065 0.623451 0.638659 0.62362 0.57048 0.538383 0.551112 0.446069 0.35884
 0.737556 0.611609 0.518996 0.495875 0.493873 0.380273 0.250834 0.281641 0.373707 0.625467 0.623663 0.59788 0.503025 0.540373 0.584411 0.610282 0.562154 0.523971 0.639212 0.623764
 0.678306 0.585208 0.532466 0.551986 0.42789 0.367647 0.389847 0.348414 0.357629 0.603736 0.640516 0.578777 0.57051 0.586283 0.617432 0.604777 0.669984 0.677516 0.57608 0.547518
 0.683446 0.594362 0.555837 0.523977 0.553332 0.496612 0.340529 0.290173 0.378185 0.602959 0.674229 0.687464 0.542577 0.476367 0.525294 0.600512 0.572199 0.584564 0.623672 0.570978
 0.721343 0.651162 0.606795 0.5388 0.634049 0.538878 0.359868 0.209103 0.300481 0.646714 0.579698 0.555968 0.547617 0.573206 0.526306 0.534093 0.596203 0.588099 0.563314 0.533252
 0.697374 0.700378 0.553327 0.528719 0.591125 0.485278 0.359792 0.317247 0.343256 0.53019 0.61535 0.692268 0.600475 0.643968 0.608499 0.542164 0.542468 0.628824 0.601845 0.491106
 0.698603 0.649276 0.586535 0.595138 0.67425 0.577719 0.326255 0.265861 0.353 0.622151 0.546134 0.635629 0.686911 0.518186 0.520502 0.504823 0.527953 0.556056 0.542514 0.470871
 0.708467 0.648997 0.594441 0.529492 0.584176 0.481376 0.38922 0.338568 0.30222 0.511097 0.560388 0.676682 0.67311 0.577179 0.522645 0.59191 0.570194 0.557325 0.541802 0.551767
 0.693826 0.598661 0.561915 0.547835 0.533151 0.452077 0.266366 0.252545 0.335674 0.559371 0.609078 0.691257 0.693636 0.60868 0.550438 0.588011 0.659609 0.633037 0.579976 0.553484
 0.66387 0.627902 0.585206 0.55999 0.527402 0.405074 0.396017 0.3895 0.390582 0.512253 0.660153 0.652234 0.59816 0.596677 0.490134 0.488459 0.642009 0.655523 0.596463 0.556216
 0.701809 0.606868 0.615412 0.567698 0.439156 0.309343 0.275304 0.283668 0.3561 0.468404 0.546542 0.509414 0.629039 0.723652 0.634584 0.581535 0.536834 0.577039 0.584041 0.627433
 0.700028 0.60819 0.548841 0.511783 0.598474 0.467466 0.300269 0.307234 0.308384 0.449699 0.730783 0.716818 0.57339 0.500625 0.457571 0.502889 0.619187 0.654417 0.630701 0.543044
 0.685435 0.634019 0.647578 0.630158 0.531277 0.389002 0.326857 0.336262 0.382678 0.590701 0.730042 0.637523 0.550813 0.504611 0.589712 0.623589 0.60199 0.569458 0.584389 0.57371
 0.689355 0.610699 0.550736 0.505618 0.578141 0.512334 0.377492 0.309368 0.348242 0.51638 0.519812 0.487484 0.541938 0.696905 0.615152 0.524272 0.482352 0.551651 0.604023 0.696791
 0.69788 0.640434 0.528484 0.520831 0.539412 0.406971 0.301206 0.296265 0.455872 0.677914 0.537175 0.609189 0.552498 0.416723 0.500442 0.646158 0.728514 0.652768 0.552406 0.487237
 0.684579 0.608083 0.574505 0.55511 0.572794 0.466959 0.398015 0.342785 0.321752 0.47298 0.455749 0.55313 0.606086 0.589731 0.596287 0.648714 0.595793 0.65229 0.570403 0.540563
 0.687707 0.624616 0.551602 0.534144 0.45196 0.338841 0.262873 0.318028 0.467898 0.696712 0.651869 0.669026 0.611839 0.653696 0.594372 0.625437 0.575342 0.5258 0.513439 0.561383
 0.695084 0.579367 0.472812 0.518797 0.60083 0.491079 0.383154 0.329773 0.347425 0.538958 0.581145 0.658431 0.634009 0.644128 0.682822 0.621603 0.614098 0.571021 0.529142 0.611815
 0.666344 0.569738 0.587685 0.63578 0.636999 0.498482 0.415914 0.250475 0.329371 0.663413 0.502753 0.492968 0.471996 0.436514 0.595612 0.593086 0.525887 0.591292 0.614459 0.550651
 0.681596 0.631723 0.675772 0.640129 0.551104 0.381218 0.243827 0.199882 0.315586 0.629515 0.640878 0.65316 0.563922 0.525162 0.524068 0.550555 0.643756 0.650882 0.581497 0.554472
 0.72399 0.661523 0.57305 0.462166 0.550004 0.541838 0.441093 0.362343 0.377799 0.493429 0.582385 0.570019 0.572765 0.427463 0.479042 0.70332 0.637311 0.609692 0.611808 0.599219
 0.700534 0.674344 0.614625 0.479665 0.501248 0.548207 0.38276 0.325944 0.324959 0.522016 0.518831 0.586951 0.624554 0.620665 0.61959 0.55801 0.469825 0.546485 0.581223 0.556356
 0.664776 0.656491 0.618812 0.555904 0.650809 0.560957 0.462297 0.231201 0.185864 0.322934 0.470094 0.619219 0.651785 0.644006 0.667817 0.580507 0.547711 0.571638 0.595392 0.599516
 0.700324 0.569488 0.662083 0.679543 0.565903 0.407097 0.289751 0.249022 0.315333 0.508591 0.593788 0.597267 0.5845 0.655206 0.655072 0.579078 0.507903 0.503503 0.530563 0.59312
 0.703067 0.689228 0.603116 0.566925 0.551934 0.431586 0.253005 0.209809 0.306696 0.531622 0.637063 0.682645 0.615353 0.568562 0.524396 0.593769 0.614557 0.519697 0.5013 0.536814
 0.716382 0.64801 0.509201 0.555218 0.536772 0.481743 0.394316 0.312362 0.405815 0.604077 0.578715 0.611268 0.575985 0.510372 0.620674 0.550425 0.592299 0.600255 0.521273 0.553233
 0.715402 0.567769 0.540278 0.590274 0.548482 0.404286 0.272449 0.272619 0.387366 0.622903 0.66606 0.595495 0.565372 0.568906 0.567017 0.540031 0.592169 0.600873 0.606156 0.52991
 0.680244 0.664267 0.624721 0.631915 0.600376 0.387525 0.294353 0.256585 0.317422 0.612048 0.641729 0.625152 0.649553 0.723502 0.589446 0.472086 0.415283 0.53686 0.627941 0.503995
 0.691385 0.646084 0.583852 0.524694 0.50164 0.460038 0.361287 0.320336 0.40635 0.682521 0.614774 0.603161 0.641478 0.566765 0.517735 0.574074 0.58337 0.608454 0.555934 0.518603
 0.698161 0.589398 0.609318 0.616222 0.573921 0.522215 0.344173 0.279345 0.344139 0.580142 0.610586 0.647388 0.549465 0.444662 0.48587 0.568742 0.647565 0.677581 0.516685 0.496266
 0.672466 0.569487 0.576107 0.654383 0.639713 0.600029 0.445289 0.269022 0.277411 0.559246 0.600823 0.552494 0.577773 0.612672 0.586716 0.531353 0.494185 0.502656 0.518455 0.587736
 0.682717 0.598739 0.561577 0.572351 0.56712 0.437108 0.328374 0.268226 0.314437 0.530366 0.568393 0.661458 0.638542 0.608085 0.656117 0.544186 0.41869 0.409037 0.525034 0.603881
 0.679034 0.686683 0.605062 0.540836 0.514541 0.467751 0.360444 0.242075 0.315168 0.627067 0.65182 0.586794 0.542034 0.674323 0.657682 0.598962 0.535296 0.430229 0.406787 0.515642
 0.707457 0.520619 0.450728 0.480846 0.540996 0.539857 0.459865 0.345967 0.44372 0.676564 0.680527 0.595176 0.508426 0.483336 0.573599 0.575905 0.537234 0.61124 0.545158 0.57869
 0.656229 0.57619 0.617231 0.605837 0.600888 0.554507 0.443492 0.314787 0.302941 0.520115 0.564672 0.488139 0.543643 0.584688 0.692691 0.605391 0.553099 0.642166 0.650749 0.535733
 0.711815 0.657844 0.593694 0.564544 0.546852 0.451808 0.354094 0.275135 0.287369 0.512239 0.619816 0.692363 0.671138 0.567749 0.442276 0.448675 0.558866 0.590437 0.683805 0.624012
 0.671906 0.660766 0.660855 0.562917 0.495603 0.354394 0.282601 0.311225 0.415975 0.656328 0.61698 0.58527 0.601113 0.557997 0.466656 0.53427 0.602125 0.609387 0.620578 0.551915
 0.701896 0.617168 0.522775 0.608095 0.548392 0.411053 0.329212 0.302425 0.277416 0.458377 0.818146 0.74213 0.617633 0.586351 0.541624 0.566637 0.536154 0.495689 0.610577 0.599519
 0.692313 0.617579 0.648546 0.617365 0.55313 0.51293 0.390753 0.242387 0.334512 0.690047 0.627403 0.634284 0.659497 0.568252 0.52175 0.495098 0.710925 0.656372 0.489305 0.482397
 0.68707 0.658579 0.716019 0.622654 0.576851 0.464032 0.303136 0.160716 0.216094 0.513053 0.567647 0.5914 0.519366 0.531886 0.486495 0.53978 0.582171 0.517241 0.603869 0.698701
 0.707358 0.664253 0.55298 0.510637 0.50217 0.456953 0.36386 0.181607 0.213992 0.462475 0.509499 0.580762 0.667612 0.667563 0.702264 0.613032 0.59908 0.69038 0.573425 0.512684
 0.730886 0.718305 0.622003 0.489324 0.344172 0.260666 0.26075 0.310523 0.377339 0.608874 0.668581 0.638407 0.645961 0.601257 0.612981 0.581718 0.500953 0.473212 0.519203 0.486696
 0.667273 0.609426 0.653581 0.536399 0.49614 0.421564 0.251193 0.250246 0.375298 0.592359 0.617333 0.533915 0.547679 0.600784 0.585429 0.497532 0.473038 0.564639 0.550078 0.589518
 0.687785 0.607581 0.571756 0.596009 0.522481 0.431359 0.311734 0.266001 0.383974 0.623658 0.602879 0.615874 0.658494 0.596896 0.578576 0.561587 0.536229 0.530594 0.516522 0.614502
 0.709547 0.707807 0.607055 0.500695 0.433051 0.244918 0.217994 0.227443 0.30084 0.652634 0.847877 0.692085 0.553865 0.482 0.487484 0.470043 0.473001 0.527232 0.658743 0.63808
 0.686263 0.64776 0.610833 0.538738 0.506944 0.421905 0.336653 0.250699 0.292809 0.50789 0.504109 0.600077 0.668211 0.661876 0.620428 0.564859 0.528553 0.467299 0.603158 0.607407
 0.701602 0.619894 0.573158 0.557569 0.578891 0.440817 0.356757 0.287395 0.371719 0.652108 0.62627 0.59828 0.660889 0.655263 0.636804 0.548896 0.552218 0.594818 0.514814 0.438855
 0.67108 0.607071 0.569724 0.630147 0.648242 0.492007 0.412311 0.295358 0.264771 0.448257 0.632268 0.661924 0.596057 0.609337 0.560278 0.536729 0.541751 0.583647 0.567276 0.53669
 0.673894 0.534451 0.61258 0.66934 0.582132 0.474727 0.316729 0.200438 0.356641 0.650628 0.626552 0.579757 0.557103 0.556691 0.60272 0.606563 0.597421 0.573628 0.552758 0.536408
 0.700264 0.622395 0.54505 0.559156 0.528498 0.428511 0.322836 0.257139 0.322736 0.538073 0.645705 0.621416 0.630223 0.579287 0.58987 0.593868 0.547589 0.539199 0.555797 0.58216
 0.697271 0.649342 0.685364 0.581626 0.570835 0.346762 0.188483 0.206061 0.250817 0.470328 0.771733 0.689904 0.477365 0.454803 0.571223 0.645778 0.589339 0.618956 0.537783 0.501437
 0.708816 0.657556 0.610349 0.561829 0.559229 0.521083 0.44161 0.317901 0.289662 0.531152 0.714665 0.661681 0.544416 0.52567 0.602705 0.44502 0.435333 0.483206 0.613311 0.680694
 0.708671 0.630519 0.479511 0.456485 0.548865 0.437971 0.33247 0.320574 0.40086 0.671958 0.686842 0.597895 0.584938 0.513335 0.540288 0.575989 0.543511 0.529234 0.652277 0.609966
 0.675351 0.607477 0.518975 0.52179 0.575025 0.374136 0.210169 0.263249 0.475944 0.736007 0.643071 0.561901 0.531811 0.515176 0.538804 0.58357 0.624369 0.565148 0.531913 0.5163
 0.687058 0.599514 0.58048 0.672528 0.556453 0.342972 0.335536 0.343506 0.366646 0.497466 0.674066 0.634332 0.625033 0.643507 0.615788 0.577423 0.492148 0.461069 0.562639 0.591882
 0.706561 0.638317 0.499367 0.480686 0.651943 0.595911 0.429426 0.282595 0.314408 0.52806 0.685275 0.545265 0.478054 0.513576 0.618177 0.543934 0.497701 0.539258 0.633691 0.589531
 0.707967 0.62693 0.572487 0.585551 0.552331 0.467682 0.363551 0.259163 0.379241 0.7413 0.695023 0.629344 0.581048 0.559598 0.496619 0.551593 0.491847 0.486636 0.556487 0.57271
 0.707753 0.58382 0.540694 0.52413 0.648507 0.615619 0.494939 0.401411 0.315557 0.500681 0.63699 0.643701 0.607736 0.526054 0.515152 0.53974 0.501516 0.487047 0.511222 0.599048
 0.702605 0.658693 0.581972 0.530908 0.493518 0.420023 0.381374 0.309004 0.314858 0.465016 0.613244 0.578155 0.585654 0.652163 0.647713 0.572987 0.481499 0.507382 0.599311 0.654056
 0.696354 0.587367 0.555977 0.544637 0.420413 0.365663 0.402011 0.424692 0.43967 0.687737 0.70172 0.613467 0.5886 0.685451 0.623937 0.501122 0.440123 0.489292 0.513477 0.541298
 0.705332 0.58941 0.500414 0.49911 0.641846 0.601312 0.44483 0.277429 0.350734 0.643323 0.673252 0.646769 0.55612 0.475967 0.453905 0.453893 0.479647 0.572541 0.606267 0.628669
 0.698181 0.664652 0.634609 0.576807 0.611926 0.512576 0.352261 0.212082 0.25795 0.507679 0.572501 0.553662 0.528457 0.581434 0.568677 0.714156 0.697521 0.584596 0.469956 0.500358
 0.682505 0.607492 0.564663 0.574 0.524119 0.420906 0.373508 0.37627 0.369513 0.523969 0.66274 0.625878 0.568237 0.633305 0.608784 0.582825 0.563589 0.537308 0.555164 0.645847
 0.664844 0.585063 0.562785 0.465165 0.455555 0.413802 0.404449 0.379223 0.381664 0.630745 0.656046 0.591843 0.593482 0.607555 0.610219 0.568221 0.511134 0.622951 0.600242 0.533218
 0.712612 0.622649 0.570311 0.558134 0.609542 0.572023 0.463872 0.381329 0.367392 0.381986 0.470447 0.673921 0.59606 0.609798 0.467078 0.486398 0.593781 0.531944 0.454071 0.536107
 0.694272 0.724656 0.644774 0.525709 0.405956 0.263148 0.245367 0.30999 0.349737 0.497947 0.603927 0.610761 0.572014 0.583522 0.565056 0.550946 0.634054 0.612648 0.560618 0.591595
 0.662939 0.6193 0.558271 0.557827 0.503646 0.427403 0.255333 0.230414 0.441846 0.66595 0.544945 0.540053 0.511005 0.469076 0.593072 0.640095 0.52803 0.523885 0.599631 0.614774
 0.703526 0.610907 0.542328 0.517774 0.571281 0.532945 0.459497 0.301725 0.34094 0.557093 0.529311 0.638042 0.69383 0.667601 0.590052 0.551865 0.533898 0.533472 0.528169 0.483323
 0.676523 0.608452 0.551585 0.571114 0.656891 0.567821 0.429626 0.366773 0.322203 0.536114 0.615936 0.64023 0.608863 0.560334 0.557352 0.616218 0.663417 0.601226 0.562699 0.529464
 0.706978 0.659795 0.592725 0.549722 0.548581 0.481259 0.235371 0.21599 0.366677 0.53527 0.603723 0.617681 0.656903 0.591908 0.511871 0.51426 0.49396 0.56186 0.597054 0.494958
 0.685125 0.623062 0.604076 0.552453 0.567801 0.487901 0.277297 0.198144 0.291019 0.555932 0.69183 0.541354 0.536951 0.641588 0.602233 0.560405 0.469618 0.481286 0.456665 0.511848
 0.693369 0.648212 0.637511 0.571431 0.612731 0.516113 0.354321 0.20918 0.296956 0.640293 0.669089 0.585079 0.553061 0.605576 0.592632 0.646041 0.597355 0.492891 0.453948 0.5301
 0.683956 0.599708 0.537174 0.566672 0.557073 0.442792 0.36166 0.355061 0.346781 0.432724 0.53246 0.690489 0.673809 0.572779 0.55564 0.541808 0.61647 0.533943 0.472439 0.50095
 0.692947 0.584662 0.58379 0.623488 0.632871 0.408472 0.339935 0.382817 0.443576 0.574208 0.590042 0.622176 0.654163 0.696144 0.521987 0.453123 0.554533 0.637706 0.608899 0.484244
 0.676898 0.594869 0.586623 0.603509 0.503911 0.300482 0.293402 0.387873 0.42226 0.438014 0.486556 0.569692 0.681554 0.761893 0.707181 0.631936 0.523142 0.493728 0.511002 0.52949
 0.729934 0.689727 0.57596 0.565168 0.616439 0.506175 0.41564 0.23857 0.202574 0.423361 0.517952 0.614448 0.60655 0.626663 0.636457 0.714928 0.636298 0.470622 0.40594 0.422034
 0.697619 0.71175 0.682961 0.524362 0.458655 0.371563 0.249681 0.211493 0.265086 0.505094 0.655442 0.628748 0.574991 0.454388 0.496343 0.602834 0.609614 0.710288 0.620458 0.473031
 0.675379 0.576248 0.601854 0.64524 0.588559 0.449583 0.376888 0.335353 0.342898 0.543405 0.718189 0.629113 0.615985 0.660552 0.60131 0.546172 0.544722 0.509723 0.412981 0.463565
 0.656931 0.568882 0.59296 0.605035 0.589694 0.472747 0.342541 0.267868 0.373879 0.693859 0.587569 0.605377 0.608286 0.524063 0.626095 0.583957 0.47989 0.502382 0.496497 0.486318
 0.69526 0.589745 0.574392 0.699746 0.602007 0.4311 0.329377 0.272163 0.396456 0.679411 0.600566 0.460276 0.424363 0.51969 0.697277 0.656617 0.576704 0.536031 0.521141 0.499209
 0.683332 0.583395 0.574234 0.545754 0.548115 0.50278 0.411217 0.343292 0.416995 0.647067 0.641918 0.675511 0.66174 0.564624 0.427648 0.492856 0.547747 0.614918 0.612593 0.503395
 0.703339 0.668538 0.59311 0.568227 0.570516 0.482402 0.38054 0.3004 0.334197 0.619771 0.682833 0.5804 0.492554 0.572558 0.640227 0.590433 0.542088 0.48158 0.429339 0.466878
 0.650708 0.60965 0.651205 0.566607 0.502272 0.374435 0.26815 0.225007 0.296439 0.529896 0.612614 0.660376 0.6013 0.597679 0.615264 0.562524 0.533297 0.55585 0.627164 0.574746
 0.69362 0.594753 0.56413 0.619876 0.622788 0.540116 0.416794 0.300273 0.350433 0.604932 0.519241 0.52088 0.609176 0.650888 0.598372 0.541577 0.559476 0.527724 0.572596 0.570436
 0.697775 0.664897 0.586361 0.499536 0.570713 0.457834 0.317073 0.314079 0.372343 0.593755 0.635669 0.560019 0.505257 0.491312 0.622887 0.584396 0.607168 0.642222 0.658948 0.629436
 0.66749 0.602861 0.629306 0.600642 0.536359 0.458955 0.343571 0.280918 0.358461 0.673532 0.797386 0.678287 0.613265 0.547967 0.426942 0.391054 0.617667 0.646724 0.565741 0.443925
 0.705673 0.619476 0.53665 0.541502 0.61262 0.461813 0.323164 0.310123 0.377176 0.661322 0.717373 0.617935 0.544555 0.54884 0.641739 0.586694 0.563369 0.538063 0.606923 0.585989
 0.692581 0.613448 0.580891 0.592866 0.495917 0.396091 0.352543 0.335613 0.342821 0.553824 0.709207 0.711485 0.607889 0.575874 0.541801 0.489633 0.459462 0.49246 0.571375 0.580672
 0.677243 0.633665 0.652454 0.631939 0.567212 0.458451 0.31734 0.2761 0.34019 0.604581 0.616795 0.55785 0.486552 0.457916 0.593451 0.56627 0.618346 0.605274 0.660632 0.598656
 0.671583 0.624238 0.556998 0.541837 0.503154 0.429683 0.387007 0.316385 0.454172 0.76066 0.605795 0.554543 0.612746 0.571385 0.561997 0.545197 0.473889 0.477265 0.509474 0.44938
 0.693333 0.653036 0.597676 0.571247 0.559798 0.406663 0.189731 0.158142 0.260317 0.490201 0.581419 0.610845 0.707862 0.688589 0.615981 0.549865 0.445452 0.414304 0.467489 0.571461
 0.697276 0.629537 0.621235 0.702759 0.617675 0.504964 0.421453 0.155773 0.242204 0.626663 0.549551 0.502 0.492256 0.496865 0.597281 0.618754 0.574408 0.487613 0.458729 0.499688
 0.671604 0.669262 0.634395 0.503124 0.53344 0.485659 0.367669 0.325765 0.345932 0.462429 0.543363 0.632899 0.582773 0.557936 0.59218 0.508656 0.509894 0.683103 0.619077 0.517436
 0.656019 0.593943 0.698062 0.646035 0.593026 0.454688 0.312413 0.219556 0.339235 0.604392 0.557126 0.589022 0.692384 0.599204 0.547541 0.536171 0.481917 0.408298 0.443166 0.50298
 0.698736 0.618335 0.536541 0.489001 0.553683 0.515852 0.315368 0.291788 0.435691 0.622154 0.682318 0.666248 0.648934 0.499068 0.374968 0.534162 0.658454 0.530752 0.529852 0.562204
 0.675447 0.629873 0.638641 0.574801 0.461211 0.423968 0.374299 0.30949 0.35011 0.517671 0.588818 0.628966 0.585947 0.679664 0.607714 0.558713 0.62178 0.566644 0.555691 0.58165
