 0.944792 0.861684 1.47238 0.310176 0.0541499 0.514747 0.326516 0.65191 0.733218 0.541913 1.00794 0.881211 1.38831 2.7437 3.18482 1.36385 1.00505 0.685897 0.559516 0.574231 0.273918 0.326136 0.386558 0.385378
 0.944792 0.861684 1.47238 0.310176 0.0541499 0.514747 0.326516 0.65191 0.733218 0.541913 1.00794 0.881211 1.38831 2.7437 3.18482 1.36385 1.00505 0.685897 0.559516 0.574231 0.273918 0.326136 0.386558 0.385378
 0.944792 0.861684 1.47238 0.310176 0.0541499 0.514747 0.326516 0.65191 0.733218 0.541913 1.00794 0.881211 1.38831 2.7437 3.18482 1.36385 1.00505 0.685897 0.559516 0.574231 0.273918 0.326136 0.386558 0.385378
 0.944792 0.861684 1.47238 0.310176 0.0541499 0.514747 0.326516 0.65191 0.733218 0.541913 1.00794 0.881211 1.38831 2.7437 3.18482 1.36385 1.00505 0.685897 0.559516 0.574231 0.273918 0.326136 0.386558 0.385378
 0.944792 0.861684 1.47238 0.310176 0.0541499 0.514747 0.326516 0.65191 0.733218 0.541913 1.00794 0.881211 1.38831 2.7437 3.18482 1.36385 1.00505 0.685897 0.559516 0.574231 0.273918 0.326136 0.386558 0.385378
 0.990768 0.892012 1.53033 0.325138 0.0555385 0.507464 0.325752 0.668121 0.757617 0.55003 1.01485 0.894014 1.39712 2.75369 3.22867 1.34934 1.00971 0.684912 0.562232 0.58605 0.280881 0.333204 0.395672 0.393986
 1.03288 0.932186 1.56499 0.342179 0.0587992 0.527609 0.333489 0.682174 0.772139 0.564299 1.03061 0.899185 1.39021 2.70575 3.30074 1.38784 1.06065 0.724659 0.598459 0.609498 0.291726 0.34051 0.400612 0.399891
 1.0791 0.96743 1.57504 0.334789 0.0582789 0.527094 0.334488 0.692515 0.77312 0.55405 1.01756 0.886453 1.36727 2.6819 3.2066 1.38243 1.04666 0.71902 0.598834 0.6063 0.291219 0.339423 0.395535 0.390458
 1.0791 0.96743 1.57504 0.334789 0.0582789 0.527094 0.334488 0.692515 0.77312 0.55405 1.01756 0.886453 1.36727 2.6819 3.2066 1.38243 1.04666 0.71902 0.598834 0.6063 0.291219 0.339423 0.395535 0.390458
 1.07932 0.971815 1.57223 0.332128 0.057916 0.526971 0.33335 0.689435 0.770337 0.554825 1.01745 0.885212 1.36829 2.68807 3.20761 1.38307 1.05085 0.721835 0.600435 0.607476 0.291148 0.338187 0.396601 0.390073
 1.08131 0.97178 1.57008 0.332573 0.0582953 0.529894 0.335141 0.690861 0.767788 0.553429 1.02067 0.888705 1.37744 2.70283 3.20003 1.3769 1.0514 0.720863 0.599489 0.605148 0.290316 0.337012 0.396519 0.391954
 1.07147 0.963858 1.56982 0.336512 0.0587943 0.53271 0.336694 0.689897 0.768733 0.555314 1.02062 0.883732 1.37039 2.69027 3.16328 1.37818 1.05431 0.723889 0.602959 0.60753 0.290193 0.336731 0.395948 0.388634
 1.07844 0.967859 1.58569 0.34405 0.0598987 0.538531 0.338542 0.692824 0.774897 0.560722 1.0345 0.89437 1.38479 2.71467 3.15926 1.3771 1.06161 0.727466 0.60417 0.613275 0.294163 0.340808 0.400425 0.393325
 1.08266 0.971447 1.59302 0.346049 0.0600779 0.539533 0.338813 0.694022 0.777761 0.562668 1.03592 0.894987 1.3856 2.71553 3.15751 1.37885 1.06289 0.728112 0.605406 0.614077 0.294546 0.340945 0.400446 0.393826
 1.0873 0.974133 1.59815 0.347635 0.060255 0.539603 0.338651 0.695164 0.779438 0.56404 1.03894 0.897884 1.38954 2.71992 3.16435 1.38179 1.06521 0.729503 0.605929 0.614859 0.295166 0.341429 0.401333 0.394384
 1.08399 0.972261 1.6002 0.348103 0.0602673 0.538926 0.338125 0.694234 0.777366 0.563284 1.03827 0.898019 1.39024 2.71806 3.167 1.38359 1.06432 0.72793 0.604837 0.61394 0.294933 0.341459 0.401253 0.3941
 1.07979 0.968303 1.59175 0.346614 0.060139 0.5375 0.337669 0.694475 0.777812 0.564183 1.03767 0.895686 1.3843 2.70534 3.15342 1.38119 1.06104 0.725998 0.603815 0.613742 0.294126 0.340717 0.400008 0.392871
 1.07879 0.96665 1.59054 0.346417 0.0601043 0.537531 0.337814 0.694521 0.77804 0.564293 1.03842 0.897061 1.38546 2.70415 3.15208 1.3798 1.06114 0.726338 0.603986 0.613689 0.293938 0.340655 0.400202 0.393099
 1.07747 0.965887 1.58853 0.346093 0.0600891 0.53733 0.337607 0.69408 0.77798 0.564468 1.03857 0.897394 1.38647 2.70502 3.15103 1.37895 1.06051 0.726175 0.604282 0.613963 0.294038 0.340707 0.400411 0.392918
 1.07811 0.967442 1.58976 0.345999 0.0600879 0.537304 0.337577 0.694036 0.777634 0.564138 1.03814 0.896832 1.38538 2.70365 3.15023 1.37874 1.05895 0.725245 0.603665 0.613231 0.293853 0.340567 0.400263 0.392982
 1.08092 0.96925 1.59194 0.34631 0.0600873 0.537393 0.337354 0.693775 0.777541 0.564025 1.03783 0.896488 1.38442 2.70227 3.15201 1.37996 1.0597 0.724876 0.602865 0.612163 0.293428 0.340273 0.399867 0.392668
 1.08133 0.968665 1.59141 0.34632 0.060049 0.536909 0.337347 0.694252 0.777835 0.564128 1.03678 0.89525 1.38271 2.69991 3.14953 1.38059 1.0593 0.724574 0.60269 0.611764 0.293352 0.340242 0.399551 0.392331
 1.08197 0.969839 1.59353 0.3466 0.0600289 0.536726 0.337394 0.694043 0.776851 0.563733 1.03646 0.895103 1.38235 2.69857 3.14663 1.37912 1.05947 0.724215 0.601956 0.611399 0.293111 0.340064 0.399574 0.392344
 1.08043 0.970132 1.59506 0.346699 0.060046 0.536972 0.337699 0.694502 0.777105 0.5643 1.03734 0.895238 1.38212 2.70265 3.1539 1.38163 1.06117 0.72532 0.602732 0.611835 0.293454 0.340612 0.400061 0.392452
 1.08116 0.969198 1.59056 0.345429 0.0598378 0.53578 0.337002 0.693476 0.776027 0.563446 1.03592 0.89388 1.37999 2.69998 3.15076 1.37949 1.05979 0.724722 0.601718 0.610572 0.292763 0.339871 0.399778 0.392435
 1.0797 0.968451 1.59242 0.345771 0.0598484 0.536321 0.337127 0.693228 0.775947 0.563423 1.03668 0.894193 1.38071 2.70097 3.15291 1.38024 1.05968 0.724664 0.601585 0.610747 0.293044 0.340126 0.400125 0.392769
 1.07928 0.968414 1.59103 0.345634 0.0598046 0.535846 0.3368 0.692693 0.77586 0.563231 1.03621 0.893847 1.38003 2.69825 3.14922 1.3779 1.05837 0.723907 0.600581 0.609537 0.29263 0.339617 0.399631 0.392236
 1.07907 0.967923 1.58984 0.345482 0.0598145 0.536111 0.337148 0.693589 0.776954 0.563878 1.03672 0.894145 1.38044 2.69832 3.14962 1.37891 1.05888 0.724424 0.601159 0.6105 0.293058 0.340026 0.399821 0.39235
 1.08268 0.97135 1.59342 0.346121 0.0599709 0.537788 0.338241 0.695476 0.779229 0.565492 1.0394 0.896168 1.38234 2.70142 3.15635 1.38243 1.06159 0.726459 0.602224 0.611425 0.29355 0.340643 0.400494 0.393184
 1.07957 0.969156 1.5907 0.34546 0.0598514 0.536942 0.337831 0.695132 0.77912 0.565235 1.03877 0.896018 1.3822 2.69989 3.15488 1.38164 1.06016 0.725323 0.601902 0.610946 0.293383 0.340545 0.400629 0.393244
 1.07725 0.966019 1.58224 0.343904 0.0597097 0.536238 0.337541 0.693413 0.77668 0.563814 1.03601 0.89353 1.37897 2.69501 3.1496 1.37807 1.05656 0.722766 0.600001 0.609544 0.292761 0.339681 0.399384 0.39221
 1.07546 0.964753 1.58061 0.343639 0.0596404 0.535339 0.336973 0.692485 0.775693 0.562999 1.03504 0.893479 1.37804 2.69094 3.14933 1.37742 1.0553 0.721368 0.599377 0.608956 0.292362 0.339512 0.399168 0.39184
 1.07698 0.966669 1.58228 0.34422 0.0597063 0.535079 0.336678 0.692229 0.776079 0.563384 1.0362 0.894487 1.37889 2.69239 3.15295 1.37932 1.05614 0.722449 0.599612 0.608897 0.292517 0.339783 0.399506 0.392447
 1.07648 0.966783 1.58435 0.344662 0.0597458 0.535133 0.336515 0.691835 0.775886 0.563427 1.03612 0.89434 1.37949 2.69314 3.15327 1.38045 1.05673 0.723028 0.599726 0.608627 0.292344 0.339722 0.399472 0.392933
 1.07972 0.969643 1.58729 0.34481 0.0597308 0.534717 0.33623 0.691017 0.775169 0.56289 1.03488 0.892876 1.37706 2.69 3.15563 1.37997 1.05543 0.722172 0.599128 0.608146 0.292373 0.339548 0.399389 0.392967
 1.08206 0.972289 1.5915 0.346296 0.0600104 0.536962 0.33772 0.693331 0.776945 0.563805 1.03725 0.894616 1.3793 2.69552 3.1642 1.38405 1.05936 0.724578 0.599991 0.610025 0.293334 0.340424 0.400729 0.393773
 1.08251 0.971596 1.5889 0.345684 0.0599125 0.536101 0.337047 0.691579 0.774766 0.562614 1.0366 0.894802 1.37964 2.697 3.16543 1.38372 1.05871 0.723645 0.599238 0.609357 0.29349 0.340595 0.40086 0.393772
 1.08481 0.97216 1.58707 0.344822 0.059822 0.535808 0.337361 0.692456 0.775443 0.562812 1.03699 0.895427 1.38037 2.69663 3.1644 1.3827 1.05857 0.7239 0.598602 0.608379 0.293013 0.340239 0.400555 0.393378
 1.08556 0.972073 1.58691 0.344613 0.0597144 0.534445 0.33672 0.691794 0.775802 0.563221 1.03618 0.894228 1.3768 2.69021 3.16161 1.38219 1.0582 0.724161 0.598627 0.607855 0.292856 0.340183 0.400093 0.392778
 1.08541 0.970775 1.58452 0.344109 0.0595841 0.532991 0.335883 0.689915 0.773787 0.562342 1.03445 0.892265 1.37382 2.68361 3.15587 1.38075 1.0564 0.723244 0.598007 0.607116 0.29269 0.339838 0.399338 0.392114
 1.0855 0.969947 1.58189 0.343006 0.0594463 0.5323 0.335561 0.688956 0.772765 0.561646 1.03331 0.891032 1.37163 2.68032 3.153 1.37959 1.05468 0.721912 0.597029 0.606458 0.29237 0.339379 0.39894 0.391688
 1.08799 0.972335 1.58648 0.344295 0.0596678 0.534324 0.336793 0.691465 0.775649 0.563299 1.03614 0.893097 1.37346 2.68374 3.15587 1.38095 1.05751 0.723559 0.597878 0.607462 0.292894 0.339932 0.39984 0.391767
 1.08734 0.970818 1.58466 0.344115 0.0596411 0.534554 0.337063 0.69133 0.775639 0.563616 1.0362 0.892866 1.3734 2.68274 3.15564 1.38121 1.05715 0.723298 0.597284 0.606757 0.292458 0.339432 0.399423 0.392029
 1.08499 0.96989 1.58361 0.343821 0.0595908 0.534284 0.33691 0.691011 0.775921 0.563674 1.03506 0.891932 1.37154 2.67872 3.15196 1.38014 1.05633 0.722096 0.596743 0.606339 0.292112 0.339021 0.398953 0.391165
 1.08894 0.973019 1.58968 0.345389 0.0597336 0.535151 0.337499 0.692164 0.777172 0.564564 1.036 0.892392 1.37295 2.68165 3.15363 1.3817 1.05673 0.722545 0.597372 0.607295 0.292449 0.339205 0.399086 0.391002
 1.08886 0.973026 1.58984 0.34549 0.0596944 0.535043 0.337399 0.691664 0.776787 0.564553 1.03647 0.892783 1.3733 2.68256 3.15519 1.38248 1.05682 0.722471 0.597631 0.608161 0.292566 0.339245 0.399034 0.391353
 1.08689 0.971497 1.58635 0.344583 0.0595852 0.533828 0.337006 0.690758 0.775756 0.564078 1.03641 0.892897 1.37329 2.68092 3.14832 1.37901 1.05446 0.720563 0.596447 0.607679 0.29241 0.339034 0.398394 0.390595
 1.07701 0.946801 1.49808 0.31505 0.0547937 0.48987 0.306549 0.627327 0.69613 0.502666 0.925179 0.837337 1.34295 2.57481 3.0602 1.25317 0.87702 0.617305 0.55137 0.529206 0.244538 0.284746 0.330495 0.332586
 1.08527 0.962624 1.55066 0.331851 0.0574474 0.513685 0.32293 0.661234 0.7396 0.536479 0.986948 0.868264 1.36058 2.63747 3.10816 1.32391 0.974477 0.674781 0.576846 0.573189 0.270958 0.314742 0.367659 0.364729
 1.09413 0.982655 1.61807 0.354239 0.0610445 0.546923 0.346535 0.71055 0.801755 0.584894 1.07523 0.910686 1.38217 2.72004 3.17496 1.42517 1.12136 0.758949 0.612326 0.637115 0.310345 0.359315 0.423711 0.412739
 1.09888 0.985614 1.6204 0.354679 0.0609939 0.546659 0.346231 0.710066 0.800542 0.583882 1.07364 0.909759 1.38102 2.71623 3.16937 1.4253 1.12102 0.758449 0.611301 0.63576 0.309798 0.358813 0.422887 0.412215
 1.09915 0.985684 1.61884 0.354824 0.0611077 0.548045 0.346882 0.711035 0.80115 0.584183 1.07411 0.910206 1.38139 2.71795 3.17151 1.42842 1.12206 0.758708 0.611729 0.636553 0.310288 0.359293 0.423238 0.412297
 1.10136 0.987339 1.62076 0.355147 0.0611304 0.548441 0.34695 0.711035 0.801306 0.584675 1.07405 0.90978 1.38222 2.71977 3.16894 1.42764 1.12247 0.758646 0.611647 0.636112 0.310116 0.359093 0.422859 0.412019
 1.09412 0.971439 1.56385 0.335431 0.0579154 0.518901 0.32627 0.667634 0.745856 0.541944 0.996659 0.872605 1.36304 2.64851 3.1148 1.34089 0.994671 0.685388 0.580974 0.580293 0.275608 0.320026 0.373892 0.370286
 1.09056 0.967601 1.56054 0.334709 0.0577728 0.518061 0.325756 0.666343 0.744425 0.541261 0.995599 0.871418 1.36125 2.64418 3.10995 1.33968 0.99306 0.684543 0.580395 0.579877 0.275336 0.319892 0.37384 0.369988
 1.09041 0.967067 1.56202 0.334557 0.057716 0.517321 0.324984 0.664482 0.743084 0.540414 0.994795 0.871168 1.36091 2.64398 3.11109 1.33829 0.991937 0.68365 0.579935 0.57919 0.274915 0.319541 0.373136 0.369378
 1.09172 0.967833 1.56276 0.33478 0.0576835 0.516609 0.324429 0.663193 0.741695 0.539568 0.994145 0.871037 1.36066 2.64238 3.10974 1.33732 0.991625 0.683736 0.580016 0.57931 0.274868 0.319329 0.372587 0.368931
 1.09425 0.96867 1.56244 0.3348 0.0577089 0.516919 0.324428 0.663498 0.74164 0.538928 0.993828 0.871343 1.36063 2.64315 3.10846 1.33749 0.991548 0.68422 0.580289 0.579429 0.274951 0.319404 0.372702 0.369096
 1.09322 0.968876 1.56442 0.335158 0.0577149 0.516944 0.324353 0.663544 0.741406 0.538813 0.993725 0.871021 1.36039 2.64218 3.10964 1.33788 0.992627 0.684506 0.580584 0.57936 0.274933 0.319289 0.37271 0.369515
 1.09363 0.969104 1.56297 0.33464 0.0577491 0.517268 0.324273 0.663766 0.742218 0.539121 0.993404 0.87015 1.35884 2.64204 3.11099 1.33869 0.994002 0.685267 0.581126 0.57968 0.274847 0.319249 0.372741 0.369576
 1.09332 0.969611 1.56304 0.334579 0.0577485 0.517774 0.324556 0.664253 0.742937 0.539783 0.99407 0.870444 1.35895 2.64562 3.1195 1.33972 0.995662 0.685953 0.581446 0.579818 0.27499 0.31931 0.373158 0.370057
 1.09016 0.968904 1.56167 0.334214 0.0576873 0.517497 0.324373 0.66313 0.741687 0.539644 0.994483 0.870507 1.3587 2.64279 3.1187 1.33957 0.994658 0.685234 0.580568 0.579009 0.274607 0.319079 0.372715 0.369279
 1.08966 0.968373 1.55915 0.333812 0.0576934 0.518019 0.324729 0.6635 0.742241 0.540167 0.995453 0.871098 1.36013 2.64802 3.12414 1.34049 0.996349 0.687128 0.581886 0.580305 0.274917 0.319369 0.373302 0.370219
 1.09212 0.970778 1.559 0.333734 0.0577465 0.518815 0.325157 0.664168 0.742701 0.539858 0.994361 0.869968 1.3589 2.64787 3.12783 1.34078 0.996065 0.687309 0.581998 0.580215 0.274871 0.319344 0.373262 0.370091
 1.09215 0.971498 1.5579 0.333229 0.0576714 0.51825 0.324763 0.662628 0.741247 0.538805 0.992554 0.86821 1.35695 2.64575 3.12523 1.33989 0.994795 0.685845 0.581122 0.579021 0.274299 0.318882 0.372775 0.369299
 1.09217 0.971963 1.55847 0.332845 0.0575781 0.517491 0.324564 0.662462 0.741767 0.539078 0.993373 0.86893 1.35706 2.64332 3.12407 1.33975 0.995553 0.686626 0.581941 0.57924 0.274382 0.318907 0.372608 0.369121
 1.09945 0.990751 1.63092 0.358468 0.0618757 0.558095 0.353126 0.721717 0.816934 0.596902 1.09905 0.920523 1.38451 2.74462 3.19813 1.45561 1.17102 0.787507 0.624455 0.655497 0.321545 0.372254 0.439394 0.425649
 1.10076 0.990933 1.63116 0.358832 0.0619374 0.558577 0.353474 0.72181 0.817123 0.597138 1.09978 0.920969 1.38512 2.7459 3.20237 1.45713 1.17173 0.787647 0.624041 0.655321 0.321337 0.372046 0.439184 0.4261
 1.08562 0.959905 1.52448 0.32314 0.0561543 0.504182 0.315378 0.643581 0.718563 0.520274 0.959618 0.852572 1.34744 2.61224 3.0973 1.29891 0.941458 0.655723 0.568288 0.555742 0.25982 0.302308 0.351893 0.35136
 1.09949 0.989536 1.6308 0.359214 0.0619775 0.558201 0.35314 0.722176 0.817242 0.596467 1.09822 0.919681 1.38314 2.74144 3.19853 1.45672 1.17348 0.788969 0.624555 0.656535 0.321833 0.372741 0.440029 0.426303
 1.09156 0.97105 1.5588 0.334265 0.0579566 0.521378 0.327716 0.668969 0.749445 0.544244 1.00251 0.873838 1.35897 2.65068 3.12847 1.34966 1.01239 0.696944 0.586403 0.58724 0.27876 0.323685 0.378152 0.373642
 1.092 0.971459 1.56237 0.334715 0.057981 0.521418 0.327581 0.669269 0.749807 0.54434 1.00278 0.874734 1.36055 2.65276 3.12995 1.35016 1.01217 0.696688 0.586323 0.587326 0.278812 0.323798 0.378346 0.37362
 1.09019 0.969734 1.56245 0.334759 0.057971 0.52114 0.32732 0.669365 0.750359 0.544605 1.00309 0.875021 1.3604 2.652 3.12845 1.35067 1.01213 0.696118 0.585921 0.587249 0.279009 0.323978 0.378291 0.373668
 1.08844 0.967735 1.56259 0.33487 0.0578981 0.520486 0.327071 0.669148 0.750848 0.545259 1.00373 0.875371 1.35946 2.64928 3.12732 1.35181 1.01181 0.695416 0.58525 0.586809 0.278695 0.323367 0.3774 0.372926
 1.08739 0.966416 1.56003 0.334366 0.0578911 0.520914 0.327466 0.669871 0.750864 0.545008 1.00394 0.876298 1.36042 2.6497 3.12989 1.35405 1.01303 0.696419 0.586151 0.58767 0.279138 0.323702 0.377635 0.373118
 1.08719 0.966076 1.55709 0.333909 0.0578651 0.520907 0.327346 0.669309 0.751051 0.545209 1.00344 0.875668 1.36008 2.64893 3.12935 1.3546 1.01284 0.696077 0.586015 0.587726 0.27908 0.323437 0.377253 0.372745
 1.08988 0.966951 1.55789 0.334117 0.0578888 0.520831 0.327333 0.669549 0.751588 0.545597 1.0041 0.876118 1.36057 2.65168 3.13135 1.35448 1.01402 0.697403 0.586662 0.588464 0.279329 0.323581 0.377745 0.373318
 1.09026 0.966448 1.55523 0.333636 0.0578144 0.520192 0.327206 0.669387 0.751115 0.54514 1.00391 0.87645 1.36116 2.65125 3.1306 1.3556 1.01475 0.697427 0.586485 0.587882 0.279158 0.323488 0.377705 0.373259
 1.08779 0.963359 1.5487 0.332171 0.0577009 0.520402 0.327286 0.669003 0.751003 0.545051 1.00365 0.876811 1.36189 2.65197 3.1292 1.35419 1.01379 0.696423 0.585407 0.587209 0.278752 0.32297 0.377547 0.373528
 1.0883 0.963833 1.54781 0.33158 0.0575871 0.519774 0.327134 0.669051 0.750788 0.545252 1.00522 0.878116 1.36274 2.65201 3.13121 1.35458 1.01387 0.696037 0.584751 0.586611 0.278661 0.322775 0.377434 0.373942
 1.09164 0.966217 1.54718 0.331695 0.0576076 0.5201 0.327418 0.669612 0.75151 0.545475 1.005 0.877772 1.36359 2.65452 3.13354 1.35569 1.01354 0.695523 0.584726 0.586731 0.279077 0.323183 0.377838 0.374209
 1.09216 0.96696 1.55104 0.332712 0.0577405 0.521123 0.328089 0.670551 0.752591 0.546008 1.00575 0.878172 1.36453 2.65614 3.13111 1.35484 1.01338 0.695428 0.584792 0.587178 0.27946 0.323659 0.378148 0.374577
 1.08781 0.965203 1.55115 0.332919 0.0577234 0.520948 0.328091 0.669969 0.750566 0.544664 1.00404 0.87747 1.36342 2.65166 3.12447 1.35404 1.01196 0.694328 0.58338 0.585763 0.278974 0.323285 0.377749 0.374429
 1.08851 0.964744 1.55104 0.333123 0.0577894 0.521328 0.328031 0.669608 0.748996 0.543641 1.00314 0.876744 1.36182 2.64847 3.12461 1.35351 1.01161 0.694352 0.582908 0.58603 0.279266 0.323639 0.377837 0.3742
 1.08798 0.96508 1.55178 0.332983 0.0577959 0.521488 0.327872 0.669382 0.749298 0.543841 1.00378 0.877714 1.36373 2.6503 3.12608 1.3555 1.01233 0.694506 0.582843 0.585875 0.279335 0.323873 0.378061 0.374399
 1.0869 0.963511 1.54909 0.332669 0.0577888 0.522095 0.328402 0.670349 0.749092 0.543826 1.00486 0.878419 1.36427 2.64866 3.12363 1.35659 1.01357 0.695409 0.582823 0.584713 0.279204 0.323822 0.378288 0.374592
 1.08995 0.964179 1.55013 0.332725 0.0577622 0.522191 0.328267 0.669713 0.748638 0.543993 1.00615 0.880366 1.36642 2.65016 3.12631 1.35644 1.0144 0.696328 0.583572 0.584968 0.279188 0.323683 0.377826 0.374918
 1.08757 0.962159 1.54945 0.332063 0.0576405 0.521317 0.327902 0.668638 0.747887 0.543693 1.00509 0.879567 1.36486 2.6462 3.12511 1.35733 1.01452 0.696001 0.582924 0.584576 0.279002 0.32349 0.377553 0.374871
 1.08606 0.962913 1.55304 0.333115 0.0577177 0.521249 0.327689 0.667992 0.747075 0.543281 1.00467 0.879052 1.36418 2.64535 3.12764 1.35837 1.01408 0.695823 0.582372 0.583915 0.278538 0.322931 0.377102 0.374219
 1.09052 0.963402 1.55078 0.33331 0.0577362 0.521334 0.327707 0.668479 0.746876 0.542615 1.00281 0.877706 1.36408 2.64348 3.12714 1.36083 1.01528 0.695915 0.581849 0.583464 0.278531 0.323054 0.377381 0.374744
 1.08798 0.961418 1.54911 0.332778 0.057657 0.521263 0.327656 0.668624 0.746782 0.542552 1.00222 0.87731 1.36392 2.64035 3.12361 1.3604 1.01661 0.697243 0.582888 0.583697 0.278373 0.322619 0.376882 0.374571
 1.08708 0.960018 1.54907 0.332684 0.0577247 0.5222 0.328231 0.669794 0.747784 0.543249 1.00351 0.878641 1.36613 2.64123 3.12559 1.36038 1.01667 0.696861 0.582554 0.583529 0.278454 0.322755 0.377003 0.374647
 1.08361 0.957964 1.54651 0.331958 0.057719 0.522208 0.328029 0.668854 0.746845 0.542759 1.00317 0.87872 1.36677 2.6398 3.12348 1.35819 1.01598 0.696473 0.582826 0.583352 0.278436 0.322847 0.376891 0.374538
 1.08255 0.957764 1.54161 0.330737 0.0576452 0.521841 0.327876 0.668543 0.746024 0.542292 1.00251 0.878911 1.3672 2.63928 3.11908 1.35648 1.01571 0.696819 0.582873 0.583106 0.278211 0.322413 0.37639 0.374209
 1.08596 0.958819 1.54305 0.330581 0.057571 0.521344 0.327558 0.667839 0.744647 0.541063 1.00068 0.877408 1.36604 2.63599 3.11566 1.35526 1.0156 0.696567 0.582198 0.582338 0.27818 0.32246 0.376103 0.373745
 1.08591 0.957561 1.53982 0.329727 0.0574948 0.521119 0.327425 0.667476 0.74519 0.541066 0.999896 0.876458 1.36533 2.63579 3.11195 1.35263 1.01458 0.696284 0.582292 0.582467 0.278114 0.322413 0.375848 0.373569
 1.08454 0.954745 1.53256 0.328151 0.0574065 0.521574 0.3278 0.667866 0.745323 0.540875 1.00005 0.877354 1.36656 2.63824 3.11307 1.35163 1.01329 0.695535 0.582128 0.582217 0.27792 0.322363 0.375816 0.373465
 1.08221 0.953483 1.53152 0.327483 0.0572735 0.520483 0.32716 0.666001 0.74324 0.539545 0.998771 0.876459 1.36499 2.63571 3.10933 1.35217 1.01301 0.69542 0.582276 0.581715 0.277417 0.322076 0.375928 0.37371
 1.08662 0.963474 1.56823 0.339824 0.0593279 0.540089 0.340881 0.694308 0.778832 0.567026 1.04862 0.901485 1.37974 2.68431 3.1483 1.40865 1.09419 0.742206 0.602181 0.618129 0.299594 0.347101 0.407436 0.400754
 1.08727 0.964413 1.56781 0.339666 0.0592917 0.539774 0.340776 0.694066 0.777962 0.566294 1.0482 0.901992 1.38102 2.68409 3.14874 1.40997 1.0951 0.742078 0.601636 0.617165 0.29923 0.346872 0.407708 0.401223
 1.08763 0.965195 1.57012 0.340193 0.0593493 0.539671 0.340592 0.694022 0.778252 0.566676 1.0484 0.901344 1.3793 2.68205 3.14598 1.4095 1.09493 0.742294 0.601698 0.61671 0.29907 0.346629 0.407804 0.401692
 1.08743 0.966009 1.57016 0.340458 0.0594028 0.540357 0.34099 0.694803 0.779403 0.5673 1.04918 0.901782 1.37967 2.6855 3.15012 1.41108 1.09614 0.743284 0.602778 0.617919 0.299567 0.347233 0.408501 0.402389
 1.08909 0.967892 1.57152 0.340645 0.0594997 0.541482 0.341402 0.695104 0.779541 0.56765 1.04953 0.902072 1.38133 2.68873 3.14873 1.41235 1.09824 0.744276 0.603101 0.618339 0.299981 0.347609 0.409102 0.403059
 1.08841 0.966364 1.56802 0.340184 0.0594972 0.541751 0.341412 0.6952 0.778953 0.566921 1.04868 0.901523 1.3808 2.68483 3.14633 1.41323 1.09754 0.743287 0.602423 0.6174 0.29954 0.347227 0.408496 0.40236
 1.08768 0.965986 1.56787 0.340458 0.0595576 0.542249 0.341684 0.695333 0.779473 0.567453 1.04966 0.902524 1.3816 2.681 3.14485 1.41237 1.09784 0.74355 0.602831 0.617138 0.299361 0.346999 0.408569 0.402387
 1.08679 0.965263 1.56691 0.340251 0.0595271 0.542448 0.341665 0.695546 0.779412 0.567302 1.04943 0.90235 1.38177 2.68169 3.14933 1.41439 1.09881 0.74391 0.603126 0.617128 0.299425 0.346949 0.408471 0.402499
 1.08777 0.964407 1.56655 0.340515 0.059607 0.543415 0.342333 0.696444 0.780945 0.568568 1.05129 0.904169 1.38379 2.6867 3.1536 1.41552 1.0996 0.743959 0.603091 0.617174 0.29929 0.347058 0.408823 0.402444
 1.08902 0.964627 1.56768 0.340858 0.0596242 0.54373 0.342478 0.696523 0.780316 0.567136 1.04833 0.902659 1.38267 2.68438 3.15001 1.415 1.0981 0.742554 0.60242 0.617023 0.299179 0.346594 0.408455 0.402263
 1.08824 0.963451 1.56694 0.341262 0.0597346 0.544246 0.342672 0.696159 0.778754 0.566606 1.04868 0.902998 1.38274 2.6845 3.15304 1.41627 1.09845 0.742855 0.602714 0.617609 0.299773 0.347472 0.409082 0.402962
 1.08664 0.96045 1.56142 0.34017 0.0596374 0.543334 0.342153 0.695491 0.778269 0.566222 1.04845 0.902281 1.38124 2.6806 3.1521 1.41629 1.09697 0.742244 0.602326 0.617073 0.299333 0.34694 0.408668 0.402442
 1.08656 0.962951 1.56543 0.340978 0.0597591 0.543607 0.342178 0.696073 0.779815 0.566889 1.04892 0.902754 1.38358 2.68274 3.15532 1.4181 1.09924 0.742952 0.602924 0.618113 0.299684 0.347429 0.409245 0.402652
 1.08801 0.965063 1.56929 0.342106 0.0598834 0.543683 0.342356 0.696394 0.779358 0.566684 1.04919 0.903224 1.38499 2.68459 3.1562 1.41904 1.09875 0.741528 0.602018 0.617925 0.299593 0.347365 0.408898 0.402016
 1.09253 0.967698 1.57186 0.342811 0.059936 0.543566 0.34192 0.695245 0.778444 0.566504 1.04932 0.903263 1.3848 2.68303 3.15171 1.41703 1.09869 0.741631 0.60173 0.617264 0.299188 0.34697 0.40835 0.401727
 1.09318 0.967067 1.57064 0.342381 0.0599096 0.544164 0.34237 0.696086 0.778852 0.566497 1.04928 0.902786 1.38443 2.68362 3.15133 1.41733 1.09851 0.74094 0.60109 0.616691 0.299278 0.347003 0.408008 0.401375
 1.0913 0.966785 1.57104 0.342401 0.0599507 0.544235 0.342265 0.696165 0.779454 0.566655 1.04938 0.902186 1.38381 2.68373 3.15527 1.41905 1.09913 0.740698 0.600681 0.617119 0.299438 0.346789 0.407874 0.401708
 1.09132 0.967479 1.57102 0.342282 0.0599628 0.544257 0.342393 0.696963 0.780598 0.567293 1.04989 0.901466 1.38254 2.68517 3.15945 1.41947 1.09985 0.741021 0.600405 0.616945 0.299287 0.34699 0.407259 0.40116
 1.08804 0.964021 1.56789 0.341917 0.0599306 0.543929 0.342671 0.697879 0.78149 0.567506 1.04983 0.900771 1.38133 2.68192 3.15542 1.41848 1.09759 0.739824 0.600086 0.616452 0.299066 0.346791 0.406824 0.400533
 1.08889 0.964121 1.56792 0.341732 0.0599278 0.544002 0.342816 0.698538 0.782209 0.56733 1.04976 0.901046 1.38208 2.68211 3.15369 1.41785 1.09773 0.740151 0.600532 0.617293 0.299471 0.3472 0.407327 0.401064
 1.0882 0.965475 1.57064 0.342357 0.0600213 0.54534 0.343737 0.699655 0.782633 0.567881 1.0503 0.900942 1.38118 2.67883 3.1511 1.41835 1.09837 0.740484 0.600858 0.617287 0.299786 0.347656 0.407517 0.401087
 1.08767 0.964803 1.57146 0.343147 0.0601436 0.546377 0.34473 0.702005 0.785121 0.56883 1.05132 0.90157 1.38214 2.68339 3.15595 1.42136 1.10004 0.741615 0.601749 0.617951 0.300166 0.347953 0.407515 0.40105
 1.08985 0.968992 1.57499 0.344139 0.0603019 0.54727 0.34528 0.702611 0.785223 0.569071 1.05088 0.900937 1.38238 2.68762 3.15813 1.42211 1.101 0.741758 0.601385 0.618131 0.300484 0.34821 0.407989 0.401573
 1.09225 0.97101 1.57462 0.344226 0.0603 0.547098 0.345121 0.702817 0.785041 0.568816 1.05096 0.900881 1.38194 2.68654 3.15624 1.42062 1.09975 0.741057 0.600983 0.618303 0.300322 0.348037 0.40789 0.401848
 1.0901 0.969912 1.57272 0.344257 0.0603085 0.547121 0.345253 0.703456 0.785326 0.568417 1.05028 0.9005 1.38176 2.6841 3.1518 1.42002 1.09747 0.739884 0.600929 0.618356 0.299942 0.347762 0.407518 0.401405
 1.08834 0.970081 1.57396 0.344307 0.0602877 0.547301 0.345665 0.703746 0.785375 0.568495 1.05111 0.90131 1.38295 2.68353 3.15081 1.41927 1.09702 0.740106 0.601152 0.618926 0.300091 0.347921 0.407888 0.401892
 1.09024 0.970993 1.57218 0.344121 0.060299 0.547662 0.346112 0.704224 0.78619 0.568682 1.05116 0.901243 1.38207 2.67991 3.14973 1.41964 1.09625 0.740144 0.601453 0.618795 0.30002 0.347926 0.40846 0.402887
 1.08947 0.969853 1.56974 0.343508 0.0603124 0.548258 0.346461 0.704433 0.786334 0.568593 1.05058 0.900677 1.38088 2.68135 3.14944 1.41888 1.09574 0.739479 0.600596 0.61776 0.299767 0.34766 0.408078 0.403171
 1.08947 0.969548 1.57173 0.344165 0.060333 0.548271 0.346303 0.70362 0.785157 0.568033 1.05 0.900395 1.38082 2.681 3.14937 1.41875 1.09527 0.74009 0.600706 0.616962 0.299364 0.347195 0.40785 0.402933
 1.0914 0.970566 1.57391 0.344513 0.0603443 0.548604 0.346691 0.704006 0.785498 0.568181 1.05074 0.902012 1.38372 2.68577 3.14533 1.4184 1.09509 0.740443 0.601306 0.616952 0.299464 0.347526 0.408535 0.403689
 1.09336 0.972711 1.57648 0.344597 0.0603472 0.548957 0.34661 0.703147 0.785553 0.568381 1.05138 0.902649 1.38435 2.6836 3.14168 1.41799 1.09445 0.740337 0.60192 0.617195 0.299469 0.347334 0.408149 0.403263
 1.09115 0.971517 1.57344 0.344072 0.0602815 0.548547 0.346537 0.703183 0.785245 0.568055 1.05088 0.902236 1.38428 2.6817 3.14012 1.41794 1.095 0.74071 0.602075 0.617755 0.299635 0.347162 0.407664 0.402499
 1.0929 0.972223 1.57561 0.344072 0.0602753 0.548645 0.34646 0.703009 0.785513 0.56853 1.05163 0.902346 1.38505 2.68198 3.14184 1.4177 1.09461 0.740575 0.602389 0.618327 0.299591 0.346897 0.407151 0.402889
 1.09498 0.979565 1.60812 0.355828 0.0622722 0.568161 0.360446 0.732752 0.823546 0.596531 1.10236 0.926396 1.3975 2.72831 3.17755 1.47605 1.1831 0.790964 0.623938 0.655966 0.322864 0.37317 0.439852 0.431604
 1.09061 0.970026 1.56761 0.341118 0.0597903 0.544522 0.343827 0.697758 0.779721 0.564124 1.04353 0.898461 1.38443 2.6774 3.13715 1.40777 1.08034 0.73308 0.600014 0.612764 0.296091 0.342729 0.401215 0.398811
 1.09012 0.969288 1.5683 0.341597 0.0598108 0.543867 0.343186 0.696726 0.780045 0.564771 1.04404 0.898161 1.38328 2.67857 3.13918 1.40801 1.08002 0.732093 0.599176 0.612034 0.295961 0.34263 0.401089 0.398698
 1.08652 0.966088 1.56667 0.341474 0.0597937 0.543836 0.343106 0.695874 0.778577 0.564607 1.04434 0.898482 1.38417 2.68011 3.14029 1.40926 1.07955 0.731808 0.598284 0.610914 0.295755 0.342749 0.401127 0.398418
 1.08893 0.96748 1.56668 0.341244 0.0597177 0.542924 0.342522 0.695624 0.778388 0.563778 1.04292 0.897503 1.3828 2.67776 3.13896 1.41043 1.07832 0.73056 0.597575 0.610966 0.295971 0.342863 0.401118 0.398324
 1.08723 0.964645 1.56287 0.340709 0.0596825 0.54294 0.342486 0.695598 0.77806 0.563142 1.04194 0.897361 1.38268 2.6773 3.13827 1.40875 1.07795 0.72964 0.596753 0.609933 0.295659 0.342892 0.400766 0.397404
 1.09005 0.967243 1.56646 0.341123 0.0596724 0.542745 0.342076 0.695382 0.777901 0.563406 1.04261 0.898661 1.38464 2.67902 3.14021 1.40853 1.07837 0.729506 0.596571 0.609981 0.295796 0.343052 0.400634 0.397392
 1.08792 0.965544 1.56285 0.340572 0.0595761 0.541914 0.341712 0.694788 0.776643 0.562584 1.04181 0.898824 1.38465 2.67415 3.13791 1.40773 1.07688 0.728217 0.595606 0.609262 0.295449 0.34297 0.400923 0.397676
 1.08815 0.964262 1.56122 0.340307 0.0595823 0.542004 0.341681 0.69491 0.776677 0.562549 1.04178 0.898927 1.38545 2.67593 3.13814 1.40841 1.07743 0.728529 0.595551 0.609002 0.29535 0.342861 0.400947 0.397088
 1.08936 0.965124 1.56213 0.340379 0.0596063 0.54178 0.341577 0.695406 0.777287 0.562546 1.04165 0.89849 1.38509 2.67602 3.13893 1.40913 1.07789 0.728122 0.594885 0.609095 0.295682 0.343168 0.401426 0.396882
 1.09261 0.965014 1.55939 0.339644 0.0595218 0.541917 0.341918 0.695908 0.776682 0.562359 1.04146 0.898372 1.38478 2.6767 3.13554 1.40753 1.07713 0.727561 0.595007 0.609258 0.295905 0.343107 0.401112 0.39655
 1.09264 0.965431 1.56113 0.340532 0.0595889 0.541957 0.341882 0.696352 0.777444 0.562973 1.04089 0.897457 1.38361 2.67316 3.134 1.40724 1.07595 0.726752 0.594616 0.608889 0.295751 0.342761 0.400827 0.396367
 1.09173 0.965119 1.55764 0.339781 0.0595374 0.541848 0.341939 0.696328 0.777136 0.56238 1.03917 0.897034 1.38427 2.67245 3.1298 1.40505 1.07318 0.725283 0.593875 0.608546 0.295523 0.342572 0.400479 0.395837
 1.08969 0.963636 1.55435 0.339417 0.0595237 0.542192 0.34182 0.695979 0.776248 0.561786 1.03877 0.896392 1.38359 2.67282 3.13064 1.40268 1.07129 0.724856 0.593605 0.608073 0.295032 0.342091 0.400529 0.396009
 1.0892 0.964488 1.55893 0.340623 0.0595496 0.542072 0.341951 0.69676 0.777312 0.562599 1.03936 0.896315 1.38352 2.67436 3.13172 1.40376 1.07192 0.725948 0.594181 0.607401 0.294629 0.34188 0.400328 0.395416
 1.08881 0.964318 1.55924 0.340854 0.0595823 0.542223 0.341897 0.696673 0.777267 0.562589 1.0399 0.89712 1.38449 2.67374 3.13023 1.4037 1.07139 0.726109 0.594513 0.607963 0.294698 0.341806 0.400197 0.394962
 1.09029 0.964908 1.55967 0.34086 0.059579 0.542124 0.341831 0.696688 0.777621 0.562506 1.03841 0.895011 1.38193 2.67013 3.1295 1.40401 1.07126 0.726343 0.594383 0.607153 0.294342 0.341609 0.399926 0.394824
 1.08452 0.960467 1.55556 0.340376 0.0594927 0.541066 0.341071 0.695258 0.776181 0.561336 1.03655 0.893635 1.37932 2.66491 3.12291 1.40053 1.06833 0.725366 0.594446 0.60685 0.293901 0.341159 0.399877 0.394769
 1.08613 0.961078 1.55455 0.339997 0.0595548 0.541894 0.341498 0.695733 0.776923 0.561405 1.03652 0.894012 1.38107 2.66814 3.12699 1.40148 1.06859 0.725819 0.594657 0.607105 0.294246 0.341465 0.400111 0.395038
 1.08487 0.960343 1.55415 0.340025 0.0596029 0.542731 0.341968 0.696123 0.776853 0.56094 1.03554 0.892863 1.37969 2.66578 3.12356 1.39936 1.06735 0.725365 0.594219 0.606184 0.293702 0.341016 0.400095 0.394905
 1.08157 0.957783 1.5532 0.339919 0.0596192 0.542562 0.341705 0.695798 0.776799 0.560708 1.03447 0.891766 1.37804 2.66027 3.11999 1.39647 1.06533 0.723707 0.593256 0.605437 0.293402 0.340689 0.400054 0.394675
 1.08332 0.959406 1.55886 0.341124 0.0596729 0.542531 0.341544 0.695008 0.775863 0.560366 1.03387 0.891204 1.377 2.6607 3.11684 1.39475 1.06526 0.724423 0.593533 0.60597 0.293427 0.340521 0.399864 0.394296
 1.07656 0.954163 1.55312 0.33961 0.059478 0.54086 0.340343 0.69279 0.773782 0.558795 1.03131 0.889906 1.37516 2.65475 3.10778 1.39156 1.06389 0.723983 0.593231 0.605184 0.2927 0.339552 0.399124 0.394019
 1.0764 0.954216 1.55424 0.339764 0.0594691 0.54128 0.340676 0.693292 0.774363 0.559217 1.03218 0.89094 1.37601 2.65557 3.11209 1.39216 1.06553 0.725072 0.593989 0.606287 0.292945 0.339664 0.399253 0.394453
 1.0759 0.954249 1.55267 0.339436 0.0594443 0.541651 0.340886 0.693177 0.774294 0.558731 1.03176 0.890697 1.37631 2.65623 3.1118 1.39097 1.06465 0.724945 0.594049 0.606245 0.29271 0.339163 0.398998 0.39409
 1.07152 0.951429 1.54939 0.339444 0.0594661 0.542023 0.341194 0.692953 0.773849 0.55863 1.03178 0.890644 1.37548 2.65513 3.11065 1.39134 1.06391 0.72422 0.593854 0.606154 0.292782 0.339078 0.398703 0.393719
 1.07299 0.951321 1.54905 0.33931 0.0593981 0.541375 0.340686 0.692244 0.772881 0.557733 1.02954 0.888474 1.37321 2.65341 3.1065 1.38908 1.06166 0.723005 0.593087 0.60538 0.292362 0.338319 0.397862 0.393593
 1.07613 0.953147 1.55041 0.339115 0.059365 0.541171 0.340578 0.691808 0.772273 0.557334 1.02885 0.888141 1.37263 2.65292 3.10305 1.38967 1.06129 0.72235 0.592907 0.605578 0.292283 0.338183 0.397795 0.393535
 1.0793 0.956832 1.55858 0.341134 0.0596018 0.542415 0.341046 0.693186 0.774054 0.558279 1.02964 0.889149 1.37495 2.6574 3.10652 1.39094 1.06321 0.723731 0.594216 0.606962 0.292894 0.338899 0.398851 0.394036
 1.08337 0.960953 1.56517 0.34226 0.0596947 0.542931 0.341379 0.693855 0.774714 0.558988 1.03045 0.889926 1.37589 2.65798 3.10482 1.39326 1.06408 0.724723 0.594315 0.606906 0.293102 0.339408 0.399276 0.39394
 1.08176 0.95887 1.56308 0.341598 0.0596452 0.543273 0.341405 0.694053 0.77516 0.55946 1.03059 0.889943 1.37531 2.65744 3.10437 1.39437 1.06421 0.72436 0.594256 0.606805 0.292982 0.339371 0.399329 0.394468
 1.07783 0.95672 1.5582 0.340684 0.0595009 0.541807 0.340533 0.693393 0.77421 0.558218 1.02762 0.887253 1.37266 2.65185 3.09608 1.39255 1.06235 0.722463 0.593309 0.605743 0.292437 0.338598 0.39836 0.393639
 1.07638 0.95526 1.5566 0.340296 0.0594395 0.541503 0.340332 0.692962 0.773539 0.557969 1.02711 0.88667 1.37164 2.65032 3.0929 1.39137 1.06068 0.721032 0.592525 0.605196 0.292146 0.33828 0.398135 0.39321
 1.08 0.956129 1.55616 0.340342 0.0594308 0.54198 0.340747 0.69399 0.774472 0.558642 1.02761 0.886654 1.37212 2.65352 3.09476 1.39111 1.05982 0.72092 0.592391 0.604678 0.291688 0.337754 0.398226 0.393569
 1.07964 0.955355 1.55421 0.339742 0.0593264 0.540549 0.339916 0.692538 0.773374 0.558147 1.02634 0.885255 1.37096 2.65309 3.09508 1.39071 1.06064 0.721571 0.593196 0.604842 0.291757 0.338015 0.398486 0.393465
 1.08219 0.956074 1.55452 0.339664 0.0593577 0.541029 0.340146 0.693364 0.774406 0.558911 1.02836 0.887069 1.373 2.65444 3.09537 1.39296 1.0623 0.722402 0.594067 0.605667 0.291822 0.338109 0.398773 0.394085
 1.08189 0.955223 1.55394 0.340092 0.059387 0.540076 0.339456 0.692046 0.773148 0.558109 1.02789 0.886755 1.37321 2.65562 3.09461 1.39378 1.06138 0.720852 0.592798 0.604706 0.291471 0.337991 0.39852 0.393635
 1.07797 0.953564 1.54891 0.339001 0.0593467 0.540671 0.339528 0.691615 0.77276 0.557634 1.02713 0.886157 1.37261 2.65685 3.09602 1.39194 1.06003 0.719974 0.592664 0.604584 0.291541 0.338191 0.398787 0.393566
 1.07735 0.953283 1.54799 0.339047 0.0593385 0.540929 0.339806 0.692486 0.773407 0.557807 1.0278 0.886994 1.37426 2.65829 3.09488 1.39076 1.06012 0.720023 0.593117 0.60476 0.291685 0.338281 0.39869 0.393972
 1.07691 0.9532 1.55083 0.339464 0.0594231 0.541606 0.340166 0.692647 0.77408 0.558499 1.02873 0.888898 1.3778 2.66445 3.09868 1.39223 1.0618 0.721504 0.594945 0.606273 0.292535 0.339039 0.399488 0.394911
 1.07743 0.95253 1.54865 0.338699 0.0593119 0.541091 0.33979 0.692123 0.773496 0.558412 1.02885 0.889041 1.37772 2.66286 3.09435 1.39054 1.06223 0.722553 0.59574 0.607051 0.2926 0.338881 0.399187 0.394934
 1.07923 0.954274 1.55122 0.339103 0.0593148 0.541112 0.339887 0.692427 0.773783 0.558455 1.0284 0.888316 1.37696 2.66389 3.09449 1.38994 1.06042 0.721597 0.595443 0.606937 0.292563 0.338732 0.399048 0.394804
 1.07663 0.951778 1.55036 0.338874 0.0592371 0.54013 0.339478 0.69247 0.773901 0.55813 1.02815 0.888178 1.37729 2.66344 3.09283 1.38958 1.05976 0.721504 0.595116 0.606765 0.292627 0.338619 0.398783 0.394917
 1.07233 0.95086 1.55288 0.339985 0.059365 0.540927 0.340177 0.693592 0.775031 0.558622 1.02808 0.887656 1.37695 2.66107 3.09354 1.38874 1.05999 0.722073 0.595617 0.607343 0.292319 0.338387 0.399123 0.395336
 1.07004 0.948156 1.54908 0.339175 0.0592152 0.539722 0.339809 0.694143 0.77551 0.558851 1.0282 0.887728 1.37628 2.65934 3.09262 1.38846 1.05959 0.721923 0.595786 0.607867 0.292102 0.338116 0.399339 0.395336
 1.07403 0.949589 1.55167 0.339729 0.0593124 0.540955 0.340678 0.69611 0.777569 0.559921 1.02866 0.888358 1.3771 2.6587 3.09674 1.3905 1.06122 0.722268 0.595938 0.608178 0.292077 0.338108 0.399506 0.395666
 1.07342 0.949936 1.54955 0.338778 0.0591772 0.540071 0.340164 0.695559 0.776494 0.558948 1.02768 0.887808 1.37517 2.65512 3.09636 1.38861 1.05941 0.721516 0.59511 0.607466 0.291513 0.337489 0.398778 0.395026
 1.0754 0.950853 1.55078 0.338781 0.0591864 0.540112 0.340066 0.695005 0.776254 0.55932 1.02805 0.887676 1.37458 2.65378 3.09921 1.39094 1.05999 0.722102 0.596075 0.607682 0.291655 0.337769 0.399827 0.39596
 1.07616 0.951164 1.55276 0.339054 0.0592424 0.540797 0.340218 0.695079 0.776325 0.559462 1.0289 0.887914 1.37399 2.65324 3.10405 1.39179 1.05986 0.722214 0.596238 0.608035 0.291871 0.338146 0.400289 0.395905
 1.07738 0.951852 1.55415 0.339258 0.0592462 0.540777 0.340593 0.696092 0.777077 0.559837 1.0292 0.888233 1.37494 2.65415 3.10417 1.39265 1.06124 0.723267 0.597301 0.608805 0.291979 0.338218 0.400265 0.395646
 1.07968 0.952604 1.55504 0.339673 0.0592683 0.540751 0.340437 0.695786 0.777393 0.560148 1.02873 0.887502 1.37426 2.65219 3.10051 1.3935 1.06139 0.722743 0.596852 0.608507 0.291785 0.337791 0.399899 0.395318
 1.07949 0.952514 1.55584 0.340048 0.059334 0.541001 0.340539 0.69559 0.77763 0.560585 1.0297 0.888318 1.37573 2.65515 3.1049 1.39574 1.06312 0.723768 0.597452 0.609391 0.292129 0.338189 0.400236 0.395517
 1.08081 0.954736 1.55836 0.341035 0.0595047 0.542399 0.34143 0.697214 0.779931 0.561981 1.03152 0.89009 1.37782 2.6589 3.11123 1.39851 1.06596 0.725493 0.598553 0.610943 0.293161 0.339217 0.400745 0.396327
 1.08209 0.95461 1.55501 0.340022 0.0593925 0.541531 0.340845 0.696502 0.779383 0.561727 1.03128 0.889688 1.37641 2.65315 3.10847 1.39709 1.06487 0.725351 0.598507 0.611043 0.293086 0.338826 0.399825 0.395595
 1.08026 0.954051 1.55438 0.339664 0.0593251 0.540463 0.340264 0.695875 0.778102 0.560748 1.02968 0.887874 1.37427 2.65143 3.10963 1.3955 1.06187 0.724208 0.598022 0.610466 0.293036 0.338886 0.399974 0.396318
 1.07974 0.953602 1.55285 0.339233 0.0592785 0.539921 0.339789 0.694641 0.777516 0.560385 1.029 0.887315 1.37406 2.64988 3.10787 1.39483 1.0616 0.723636 0.596791 0.609086 0.292637 0.338676 0.399674 0.396015
 1.07629 0.951088 1.55021 0.339006 0.0592329 0.539423 0.339453 0.693928 0.777083 0.560145 1.02886 0.886867 1.37232 2.6462 3.10427 1.39323 1.06096 0.722839 0.596093 0.608646 0.292559 0.338389 0.399399 0.395253
 1.07653 0.950985 1.55013 0.339127 0.0592875 0.540158 0.339787 0.6941 0.776541 0.559624 1.02846 0.886243 1.37106 2.64778 3.10262 1.39424 1.06133 0.723334 0.596163 0.608728 0.292633 0.338245 0.399601 0.395682
 1.07673 0.951817 1.54991 0.339465 0.0593638 0.540988 0.340094 0.695031 0.7777 0.560748 1.02982 0.887058 1.37254 2.65166 3.10618 1.39622 1.06261 0.724388 0.596948 0.610153 0.293024 0.338738 0.40081 0.396404
 1.07788 0.950859 1.54789 0.339055 0.0593023 0.5401 0.339695 0.695207 0.777694 0.560458 1.02975 0.886442 1.37184 2.65174 3.10501 1.39472 1.06142 0.723105 0.595508 0.609016 0.292598 0.338832 0.40119 0.396084
 1.07813 0.950644 1.54948 0.339377 0.0593089 0.540567 0.339833 0.695552 0.777012 0.560492 1.02991 0.886511 1.37064 2.65032 3.10351 1.39495 1.06234 0.724191 0.596284 0.610063 0.292639 0.338938 0.401125 0.395909
 1.07993 0.950133 1.54878 0.339139 0.0592385 0.5401 0.339273 0.694217 0.77735 0.561186 1.03059 0.88712 1.37238 2.65173 3.10475 1.39425 1.06263 0.724481 0.596391 0.610077 0.292905 0.338858 0.401219 0.396039
 1.07967 0.949253 1.54679 0.33836 0.0591176 0.539207 0.338725 0.693418 0.776767 0.560905 1.02979 0.886125 1.37141 2.65145 3.10374 1.3919 1.0611 0.722945 0.594759 0.608964 0.292719 0.338602 0.400426 0.395329
 1.07908 0.947868 1.54658 0.338678 0.0590921 0.53867 0.338441 0.692608 0.775773 0.560701 1.02893 0.88584 1.37214 2.65233 3.10276 1.39017 1.06005 0.722851 0.594961 0.608755 0.292831 0.338597 0.399978 0.394802
 1.07777 0.947134 1.54615 0.338958 0.0591184 0.538514 0.338359 0.692909 0.776203 0.560823 1.02871 0.885452 1.37084 2.64976 3.09999 1.38786 1.05864 0.722252 0.59443 0.608384 0.29256 0.338467 0.400187 0.394872
 1.08118 0.949198 1.549 0.339307 0.0591645 0.539031 0.338522 0.692957 0.776138 0.560766 1.02803 0.884726 1.37074 2.65101 3.09869 1.38868 1.05821 0.72253 0.595013 0.609467 0.292987 0.338603 0.400592 0.395121
 1.08149 0.949599 1.5502 0.339629 0.0591956 0.539112 0.338495 0.693142 0.776858 0.561451 1.02904 0.885435 1.37064 2.65048 3.09934 1.38868 1.05764 0.722231 0.595223 0.610008 0.293153 0.338861 0.400529 0.395005
 1.08112 0.949457 1.54968 0.339914 0.0593012 0.539918 0.338739 0.693471 0.777979 0.562248 1.03064 0.886979 1.37308 2.65354 3.10233 1.39047 1.05959 0.723098 0.596123 0.611174 0.293731 0.339404 0.400935 0.395011
 1.08118 0.948047 1.54698 0.339644 0.0592857 0.539414 0.338379 0.693945 0.778714 0.562624 1.03001 0.886283 1.37243 2.65081 3.0968 1.38946 1.06001 0.723245 0.59625 0.611112 0.293739 0.339488 0.400904 0.395303
