 0.911723 0.642365 0.565659 0.387309 0.550815 0.725348 0.671467 0.686534 0.621188 0.591982 0.57202 0.415131 0.313582 0.211821 0.114264 0.112672 0.16808 0.275505 0.374942 0.46497 0.596935 0.704194 0.716541 0.722112
 0.911723 0.642365 0.565659 0.387309 0.550815 0.725348 0.671467 0.686534 0.621188 0.591982 0.57202 0.415131 0.313582 0.211821 0.114264 0.112672 0.16808 0.275505 0.374942 0.46497 0.596935 0.704194 0.716541 0.722112
 0.911723 0.642365 0.565659 0.387309 0.550815 0.725348 0.671467 0.686534 0.621188 0.591982 0.57202 0.415131 0.313582 0.211821 0.114264 0.112672 0.16808 0.275505 0.374942 0.46497 0.596935 0.704194 0.716541 0.722112
 0.911723 0.642365 0.565659 0.387309 0.550815 0.725348 0.671467 0.686534 0.621188 0.591982 0.57202 0.415131 0.313582 0.211821 0.114264 0.112672 0.16808 0.275505 0.374942 0.46497 0.596935 0.704194 0.716541 0.722112
 0.911723 0.642365 0.565659 0.387309 0.550815 0.725348 0.671467 0.686534 0.621188 0.591982 0.57202 0.415131 0.313582 0.211821 0.114264 0.112672 0.16808 0.275505 0.374942 0.46497 0.596935 0.704194 0.716541 0.722112
 0.908979 0.63544 0.557315 0.376577 0.544863 0.728698 0.671087 0.681801 0.615275 0.590217 0.570726 0.412267 0.312967 0.211387 0.113128 0.113975 0.167741 0.276345 0.373828 0.461326 0.591782 0.700642 0.712712 0.718071
 0.906086 0.626486 0.55377 0.366285 0.531988 0.722768 0.667421 0.678706 0.612967 0.586164 0.569441 0.412329 0.315249 0.215157 0.111875 0.113037 0.163241 0.269154 0.362977 0.454438 0.585291 0.698243 0.711229 0.716788
 0.902424 0.618268 0.554333 0.37209 0.533414 0.722644 0.66641 0.676846 0.614089 0.591165 0.572145 0.416183 0.318644 0.216525 0.115173 0.113791 0.16585 0.271906 0.364348 0.456959 0.587423 0.6999 0.714432 0.722238
 0.902424 0.618268 0.554333 0.37209 0.533414 0.722644 0.66641 0.676846 0.614089 0.591165 0.572145 0.416183 0.318644 0.216525 0.115173 0.113791 0.16585 0.271906 0.364348 0.456959 0.587423 0.6999 0.714432 0.722238
 0.902397 0.617338 0.555553 0.374346 0.53546 0.722716 0.667557 0.678215 0.615228 0.591244 0.572966 0.416822 0.318932 0.216516 0.115525 0.114137 0.165941 0.271724 0.364455 0.4571 0.588011 0.701253 0.714331 0.722779
 0.902379 0.617409 0.555873 0.374212 0.533916 0.721951 0.66671 0.678016 0.616141 0.591922 0.572301 0.416377 0.317836 0.216043 0.115807 0.114625 0.166001 0.272023 0.364859 0.458202 0.588832 0.70221 0.714598 0.722109
 0.902931 0.618686 0.555019 0.371214 0.531936 0.721143 0.66593 0.678284 0.615495 0.590689 0.572045 0.417748 0.318324 0.216401 0.116754 0.114465 0.165641 0.271247 0.3636 0.457281 0.588717 0.702068 0.714601 0.723425
 0.902751 0.618994 0.553389 0.366912 0.528627 0.719928 0.665512 0.678105 0.614462 0.589597 0.569723 0.416419 0.317263 0.215645 0.117154 0.114832 0.165287 0.270994 0.364024 0.456047 0.586589 0.700623 0.713124 0.721787
 0.902385 0.618082 0.552348 0.365611 0.52778 0.719492 0.66523 0.677641 0.613584 0.588772 0.569442 0.416184 0.317078 0.215484 0.117161 0.114657 0.165068 0.270806 0.363496 0.455659 0.586201 0.700457 0.713056 0.721457
 0.902207 0.617888 0.5519 0.364848 0.527393 0.719693 0.665526 0.677513 0.613414 0.588595 0.569149 0.415753 0.316865 0.215486 0.117127 0.114602 0.164994 0.270688 0.363619 0.455698 0.586034 0.700488 0.712902 0.721441
 0.902402 0.618481 0.551651 0.364659 0.527464 0.720063 0.66579 0.677727 0.613997 0.588846 0.569229 0.415715 0.316806 0.215636 0.117031 0.114504 0.165039 0.271045 0.363932 0.456036 0.58617 0.700433 0.712937 0.721583
 0.902615 0.618915 0.552366 0.365266 0.527671 0.720406 0.665886 0.677434 0.613641 0.588239 0.569221 0.415971 0.317359 0.215975 0.117237 0.114483 0.165222 0.271358 0.364059 0.455797 0.58649 0.700681 0.713327 0.721971
 0.902718 0.619253 0.552404 0.365342 0.527829 0.720401 0.665839 0.677468 0.613575 0.588202 0.56908 0.415661 0.317292 0.216006 0.117256 0.114549 0.165199 0.271244 0.363984 0.455817 0.586644 0.700698 0.713227 0.721868
 0.902809 0.619426 0.552679 0.365534 0.52788 0.720494 0.665968 0.677573 0.613569 0.588104 0.569061 0.415568 0.317147 0.215974 0.117282 0.114587 0.165253 0.271265 0.363839 0.4557 0.586551 0.700654 0.71313 0.721926
 0.90272 0.619065 0.55261 0.365617 0.527818 0.720453 0.665939 0.677546 0.613639 0.5882 0.569101 0.415699 0.317251 0.216 0.117295 0.114581 0.165417 0.271452 0.364035 0.455949 0.586675 0.700718 0.713189 0.721877
 0.902517 0.618553 0.552315 0.365388 0.527747 0.72033 0.665981 0.677546 0.613615 0.588195 0.569132 0.415719 0.317357 0.216029 0.117221 0.114498 0.165292 0.271551 0.364261 0.456294 0.586914 0.700837 0.713352 0.722002
 0.902482 0.618576 0.552274 0.365278 0.527847 0.720456 0.66593 0.67737 0.613506 0.588118 0.569318 0.415928 0.317501 0.216086 0.117279 0.114431 0.165319 0.271606 0.364273 0.456386 0.586916 0.700832 0.713468 0.722111
 0.902399 0.618301 0.552036 0.365124 0.527913 0.720487 0.66587 0.677405 0.613762 0.588187 0.569354 0.415952 0.317564 0.216126 0.117334 0.114524 0.165299 0.271678 0.364534 0.456505 0.587063 0.700941 0.713448 0.722091
 0.902503 0.618359 0.552011 0.365284 0.528019 0.720517 0.665803 0.6774 0.613844 0.588047 0.569305 0.416048 0.317685 0.21597 0.117201 0.114458 0.16521 0.271537 0.364385 0.45649 0.586941 0.700724 0.713314 0.722133
 0.902419 0.61832 0.552402 0.365843 0.528601 0.720711 0.666064 0.677532 0.614003 0.588198 0.56946 0.416207 0.317845 0.215975 0.1172 0.114515 0.165264 0.271526 0.364575 0.456781 0.587269 0.70103 0.713318 0.722019
 0.902518 0.618578 0.55217 0.365688 0.528666 0.720542 0.666039 0.677618 0.614034 0.588202 0.569313 0.416222 0.317743 0.215961 0.117152 0.114477 0.165285 0.271547 0.364641 0.456722 0.587067 0.700932 0.713173 0.721868
 0.902522 0.618489 0.552299 0.365663 0.528779 0.720631 0.666184 0.677704 0.613974 0.588229 0.569372 0.416257 0.317778 0.216053 0.11721 0.114586 0.16539 0.271661 0.364948 0.457097 0.587341 0.701196 0.713366 0.722073
 0.902531 0.618621 0.552468 0.365791 0.5288 0.720572 0.666034 0.67752 0.613748 0.588052 0.569337 0.416224 0.317774 0.216074 0.117222 0.114549 0.165363 0.271597 0.364809 0.456811 0.587083 0.70103 0.713312 0.722049
 0.902297 0.618121 0.552347 0.365661 0.528336 0.720115 0.665557 0.677192 0.613317 0.587654 0.569 0.415946 0.317713 0.216025 0.117134 0.114432 0.165184 0.27127 0.364642 0.45671 0.586908 0.700839 0.713179 0.72182
 0.902546 0.618599 0.552655 0.366083 0.528882 0.720427 0.665836 0.677325 0.613348 0.587814 0.56915 0.415943 0.317756 0.216123 0.117172 0.114482 0.165349 0.271566 0.364754 0.456902 0.587063 0.700908 0.713135 0.721798
 0.902737 0.619065 0.553544 0.366785 0.529253 0.720552 0.66595 0.677711 0.613841 0.588144 0.569591 0.416404 0.318024 0.21627 0.117246 0.11465 0.165695 0.272076 0.365317 0.457294 0.587414 0.701324 0.713608 0.722175
 0.902837 0.61921 0.553621 0.366806 0.529423 0.720807 0.666199 0.677871 0.613957 0.588346 0.569679 0.416289 0.3181 0.216423 0.117182 0.114623 0.165747 0.272333 0.365429 0.457375 0.587578 0.701298 0.713619 0.722259
 0.902703 0.618864 0.553515 0.366503 0.529202 0.720965 0.666375 0.677949 0.613848 0.588278 0.569528 0.416109 0.318077 0.216355 0.117098 0.114514 0.16567 0.272108 0.365374 0.45743 0.587489 0.701166 0.713493 0.722027
 0.902722 0.618768 0.553215 0.366197 0.529053 0.720935 0.66647 0.678016 0.613878 0.588235 0.569565 0.416143 0.31794 0.216344 0.117098 0.114438 0.165579 0.271931 0.365313 0.457504 0.587589 0.701166 0.713502 0.721798
 0.902412 0.618059 0.552898 0.3662 0.529114 0.721061 0.666666 0.67829 0.614116 0.58853 0.56987 0.416519 0.318271 0.216559 0.117062 0.114542 0.165832 0.27224 0.365629 0.457787 0.587651 0.701404 0.71359 0.721842
 0.902276 0.617573 0.552448 0.365392 0.5281 0.72044 0.665907 0.677764 0.613816 0.588347 0.569467 0.416279 0.318052 0.216385 0.116921 0.114378 0.165489 0.271784 0.365483 0.457236 0.587081 0.701091 0.713071 0.721572
 0.90228 0.617759 0.552757 0.365729 0.528481 0.720728 0.666324 0.678263 0.614408 0.588761 0.569579 0.416251 0.318117 0.216337 0.116898 0.114405 0.165572 0.272025 0.365735 0.457472 0.586952 0.701046 0.71302 0.721567
 0.902138 0.617583 0.553016 0.366276 0.528747 0.720796 0.666154 0.67805 0.614311 0.588737 0.569486 0.416095 0.318067 0.216375 0.116919 0.11447 0.165601 0.271945 0.365975 0.45785 0.587332 0.701268 0.713198 0.721777
 0.902104 0.617648 0.553 0.366324 0.529153 0.72123 0.666482 0.678188 0.614161 0.58854 0.569702 0.416316 0.31849 0.216611 0.116953 0.114482 0.165647 0.271895 0.365946 0.458019 0.587423 0.701253 0.713366 0.722004
 0.902125 0.617805 0.553152 0.366504 0.529547 0.721661 0.66689 0.678629 0.614598 0.588718 0.56999 0.416687 0.318792 0.216881 0.117065 0.114521 0.165815 0.272047 0.366091 0.458217 0.587471 0.701372 0.713636 0.722229
 0.902123 0.617958 0.553444 0.367131 0.529974 0.721812 0.667044 0.678882 0.614765 0.588886 0.570141 0.416913 0.319004 0.216999 0.117088 0.114553 0.165962 0.272323 0.366373 0.458406 0.58764 0.701593 0.713771 0.72236
 0.901958 0.617469 0.55293 0.366439 0.529135 0.721144 0.666358 0.678219 0.614075 0.588344 0.569612 0.416511 0.318805 0.21684 0.117029 0.114498 0.165663 0.271963 0.366137 0.458116 0.587276 0.701337 0.713405 0.722357
 0.902016 0.617805 0.553087 0.366481 0.529253 0.721047 0.666236 0.678278 0.614045 0.588174 0.569621 0.416568 0.318734 0.216909 0.117026 0.114478 0.165686 0.272007 0.366358 0.458342 0.587598 0.701624 0.713595 0.722257
 0.902131 0.617831 0.553085 0.366537 0.529309 0.721033 0.666208 0.678232 0.613823 0.588003 0.569755 0.416624 0.318867 0.216991 0.117041 0.114471 0.165686 0.272185 0.366387 0.458335 0.587718 0.701724 0.713703 0.722519
 0.90187 0.617318 0.552406 0.365721 0.528927 0.720844 0.665962 0.678037 0.613667 0.587798 0.569727 0.416612 0.318812 0.216946 0.117102 0.114449 0.165748 0.272231 0.366335 0.458178 0.587661 0.701784 0.713787 0.72272
 0.901878 0.617358 0.55237 0.365679 0.529139 0.720857 0.666044 0.678205 0.613738 0.587805 0.569662 0.416542 0.3188 0.216904 0.117059 0.114407 0.165736 0.272255 0.366254 0.457844 0.587569 0.701773 0.713818 0.722567
 0.901967 0.617494 0.552686 0.366103 0.529394 0.721214 0.66617 0.678354 0.613866 0.587833 0.569555 0.416453 0.318684 0.216901 0.117152 0.114521 0.165886 0.27257 0.366508 0.457864 0.587514 0.701781 0.714011 0.722796
 0.903206 0.622928 0.564878 0.38514 0.5494 0.736414 0.685215 0.697442 0.636179 0.613044 0.593896 0.427797 0.32453 0.225578 0.120643 0.123452 0.190243 0.30044 0.384311 0.490974 0.628687 0.734544 0.74876 0.753533
 0.902394 0.619604 0.557734 0.374224 0.538335 0.728187 0.674933 0.687191 0.623861 0.599069 0.580172 0.421129 0.321163 0.220664 0.118831 0.118389 0.176248 0.284301 0.374028 0.472033 0.605574 0.716197 0.729486 0.736259
 0.90137 0.615362 0.548779 0.360515 0.523955 0.717039 0.66067 0.672898 0.607207 0.580166 0.562028 0.414054 0.317341 0.214008 0.116253 0.111664 0.158392 0.264023 0.36142 0.446928 0.57366 0.690516 0.7021 0.712216
 0.901003 0.614606 0.548406 0.360056 0.524018 0.716905 0.660704 0.672907 0.607416 0.580382 0.56222 0.414136 0.317425 0.21414 0.116355 0.111597 0.158334 0.264055 0.361682 0.44725 0.573946 0.690684 0.702397 0.712352
 0.900972 0.614475 0.548542 0.359877 0.523487 0.716364 0.660293 0.672598 0.607256 0.580197 0.562055 0.41399 0.317367 0.214013 0.11629 0.111372 0.15818 0.263954 0.361454 0.4469 0.573525 0.690393 0.702199 0.712279
 0.900855 0.614187 0.548384 0.359715 0.523481 0.716227 0.660273 0.672655 0.607289 0.580057 0.562152 0.414122 0.317271 0.213982 0.116423 0.11146 0.158189 0.264043 0.361559 0.447127 0.573737 0.690551 0.702443 0.712496
 0.90168 0.617579 0.556081 0.371828 0.536376 0.726145 0.672804 0.685312 0.622225 0.596724 0.578046 0.420344 0.320746 0.219853 0.118631 0.117264 0.173612 0.281576 0.37248 0.469046 0.601683 0.713073 0.726368 0.733407
 0.901931 0.618275 0.556245 0.372163 0.536895 0.726373 0.673062 0.68559 0.62252 0.596823 0.578144 0.420547 0.320886 0.220005 0.118697 0.117269 0.173723 0.281679 0.372572 0.469093 0.601742 0.713041 0.72629 0.73343
 0.902003 0.618498 0.556058 0.372351 0.537158 0.726678 0.673558 0.686144 0.622812 0.597192 0.578354 0.420631 0.320973 0.22004 0.118673 0.117375 0.173873 0.281943 0.372755 0.469358 0.602114 0.713253 0.726647 0.733729
 0.901927 0.618307 0.555943 0.372158 0.537296 0.726919 0.67387 0.686523 0.623153 0.597513 0.578479 0.420684 0.321034 0.220157 0.118706 0.11744 0.173916 0.281912 0.372726 0.469314 0.602162 0.713355 0.726908 0.733948
 0.90176 0.618012 0.555972 0.372082 0.537067 0.72674 0.673811 0.686383 0.623164 0.597793 0.578472 0.420583 0.321049 0.220083 0.118739 0.117408 0.173901 0.281758 0.372599 0.469234 0.60207 0.713271 0.726837 0.733852
 0.901781 0.618065 0.555801 0.371952 0.53715 0.726751 0.673889 0.686376 0.623269 0.597865 0.578509 0.42069 0.321081 0.220177 0.118726 0.117416 0.173792 0.281743 0.372528 0.469293 0.602126 0.713356 0.726835 0.73368
 0.901798 0.618178 0.556197 0.37248 0.537127 0.726767 0.674055 0.686412 0.623162 0.59793 0.578737 0.420987 0.321366 0.220249 0.11877 0.11748 0.173771 0.281766 0.37253 0.469344 0.6024 0.713484 0.72693 0.733784
 0.901761 0.617965 0.556193 0.372488 0.537078 0.726528 0.673839 0.686248 0.622926 0.597612 0.57858 0.420918 0.321338 0.220012 0.118502 0.117418 0.173526 0.281562 0.372335 0.469235 0.602238 0.713432 0.726673 0.733508
 0.901878 0.617972 0.556368 0.372678 0.537274 0.726573 0.673923 0.686523 0.623163 0.597537 0.578443 0.420898 0.321319 0.220112 0.118463 0.117389 0.173576 0.281663 0.37256 0.469462 0.602441 0.713498 0.726816 0.73382
 0.901921 0.618199 0.556785 0.372999 0.537301 0.726446 0.673784 0.686485 0.623079 0.597358 0.578286 0.420865 0.321151 0.219882 0.118342 0.117375 0.173404 0.281214 0.37216 0.468975 0.602234 0.713356 0.726552 0.733437
 0.901713 0.617601 0.556896 0.37301 0.536929 0.726082 0.6735 0.68623 0.62293 0.597497 0.578455 0.42106 0.321261 0.219875 0.118243 0.117372 0.173457 0.281163 0.372121 0.468993 0.602243 0.713348 0.726543 0.733473
 0.901676 0.617288 0.55705 0.373246 0.537106 0.726175 0.673707 0.686615 0.623207 0.597829 0.578759 0.421423 0.321435 0.219947 0.1183 0.117411 0.173585 0.281519 0.372393 0.46938 0.602605 0.713571 0.726733 0.733796
 0.901698 0.617358 0.55713 0.373656 0.537651 0.726533 0.673923 0.686799 0.623125 0.59787 0.578694 0.421365 0.32153 0.220119 0.118373 0.117464 0.173552 0.281443 0.372226 0.469421 0.602655 0.713636 0.726877 0.733958
 0.900854 0.613493 0.547357 0.357946 0.52045 0.712945 0.656836 0.669675 0.603073 0.575503 0.557263 0.413045 0.316781 0.211962 0.115385 0.109798 0.153053 0.257965 0.357457 0.439955 0.564917 0.683203 0.694589 0.705973
 0.9008 0.613463 0.547322 0.357699 0.520185 0.71278 0.656667 0.669669 0.603006 0.575373 0.557139 0.412994 0.316701 0.211894 0.115263 0.109709 0.15297 0.257933 0.35759 0.439996 0.565075 0.683289 0.694695 0.705793
 0.902448 0.620125 0.561747 0.379928 0.543652 0.731259 0.679776 0.692595 0.62969 0.605721 0.586138 0.424723 0.32343 0.222678 0.119442 0.120361 0.180971 0.289744 0.37763 0.479408 0.615295 0.723673 0.737539 0.743423
 0.900966 0.613931 0.547365 0.357542 0.520233 0.713063 0.656891 0.66963 0.603101 0.575792 0.55749 0.413325 0.317029 0.212165 0.115431 0.109793 0.152889 0.257821 0.357622 0.439741 0.564881 0.682964 0.694402 0.705782
 0.901891 0.617802 0.557145 0.372798 0.536183 0.725321 0.672144 0.685021 0.621142 0.595929 0.576863 0.42048 0.321256 0.219496 0.118212 0.116821 0.171474 0.278953 0.370709 0.466347 0.599177 0.710853 0.724166 0.731697
 0.901908 0.617864 0.556773 0.372688 0.536188 0.725401 0.672268 0.684985 0.621156 0.595985 0.57686 0.42032 0.321144 0.219461 0.118216 0.116835 0.171542 0.279085 0.370818 0.466416 0.599227 0.710876 0.724131 0.731774
 0.902051 0.618127 0.556593 0.372571 0.536178 0.725474 0.67235 0.684875 0.620959 0.595821 0.576753 0.420186 0.321104 0.219426 0.118211 0.116748 0.171482 0.279167 0.370868 0.466343 0.598984 0.710726 0.724091 0.731686
 0.902218 0.618597 0.556423 0.372415 0.5365 0.725682 0.672447 0.684868 0.620779 0.595499 0.576569 0.420083 0.321187 0.219471 0.118193 0.116612 0.171432 0.279269 0.371047 0.466432 0.599144 0.711046 0.724449 0.731998
 0.902342 0.619012 0.556828 0.372848 0.536624 0.725606 0.672316 0.684742 0.620889 0.595708 0.576564 0.419883 0.321159 0.219514 0.118169 0.116502 0.171331 0.279094 0.37079 0.466197 0.598883 0.710917 0.724374 0.731982
 0.902342 0.619023 0.55718 0.373077 0.536743 0.725593 0.67244 0.684941 0.620812 0.595645 0.576717 0.420004 0.321227 0.219565 0.118198 0.116473 0.171374 0.279216 0.370861 0.466223 0.598942 0.711107 0.72457 0.732174
 0.902204 0.618959 0.557128 0.373011 0.536693 0.725658 0.672506 0.684915 0.620714 0.595548 0.576633 0.419966 0.321207 0.219445 0.118169 0.116525 0.171302 0.278911 0.370703 0.466001 0.598823 0.711086 0.724387 0.731929
 0.902208 0.619101 0.557458 0.37328 0.537006 0.725864 0.672604 0.684969 0.62088 0.595746 0.576657 0.419894 0.321144 0.219483 0.118196 0.116448 0.171209 0.278914 0.37076 0.466217 0.598931 0.71114 0.724403 0.731964
 0.902393 0.619725 0.558223 0.374151 0.537375 0.725696 0.672546 0.685073 0.620821 0.595652 0.576649 0.419712 0.32103 0.2194 0.118182 0.116461 0.171235 0.279065 0.371042 0.466362 0.599183 0.711396 0.724412 0.731794
 0.902353 0.619635 0.558377 0.374512 0.537834 0.725852 0.672593 0.685054 0.620937 0.595567 0.576277 0.419473 0.320964 0.219386 0.118103 0.116408 0.171182 0.279124 0.371213 0.466544 0.599216 0.711497 0.72448 0.731595
 0.902118 0.619176 0.558572 0.374411 0.537827 0.725731 0.672496 0.684974 0.620848 0.595603 0.576406 0.419618 0.320903 0.219343 0.118132 0.116391 0.171302 0.279359 0.371326 0.466646 0.598972 0.711392 0.724391 0.731535
 0.90207 0.618991 0.557996 0.373743 0.53723 0.725364 0.672072 0.684651 0.620498 0.59534 0.576204 0.419488 0.320704 0.219212 0.118169 0.116414 0.171262 0.27932 0.371239 0.466421 0.598619 0.711056 0.724217 0.731323
 0.902302 0.619333 0.557845 0.373545 0.537269 0.725423 0.672002 0.68471 0.620984 0.595714 0.57637 0.419549 0.320781 0.2194 0.118292 0.116393 0.171346 0.279491 0.371663 0.466849 0.598878 0.711181 0.72432 0.731317
 0.902293 0.61947 0.557793 0.373422 0.536994 0.72534 0.672041 0.684785 0.621432 0.596076 0.576521 0.41974 0.321051 0.21957 0.118301 0.116441 0.171435 0.279517 0.371863 0.466787 0.598692 0.710978 0.724283 0.731429
 0.902273 0.619384 0.557731 0.373537 0.536962 0.725249 0.672109 0.684802 0.621319 0.595969 0.576328 0.419491 0.32078 0.219481 0.118249 0.116283 0.171287 0.279426 0.371826 0.466767 0.598586 0.710766 0.724158 0.731312
 0.902376 0.619687 0.557985 0.373634 0.536884 0.724956 0.671743 0.684465 0.621354 0.595845 0.575971 0.419295 0.320637 0.219513 0.118255 0.116143 0.171047 0.279086 0.371723 0.467117 0.598534 0.710699 0.723994 0.731142
 0.90224 0.619542 0.557765 0.373573 0.536943 0.724877 0.671802 0.684622 0.621457 0.595747 0.57569 0.418879 0.320439 0.21945 0.118146 0.116128 0.170898 0.278792 0.371374 0.466973 0.598533 0.710718 0.724191 0.730999
 0.902422 0.619976 0.557779 0.373978 0.537405 0.725157 0.67198 0.684896 0.621607 0.595762 0.575878 0.419001 0.320602 0.219596 0.118137 0.116037 0.170832 0.27885 0.371555 0.467038 0.59858 0.710762 0.72427 0.730962
 0.902486 0.619768 0.557311 0.373279 0.537114 0.725208 0.672088 0.68504 0.621761 0.595905 0.575968 0.41911 0.320644 0.219664 0.118063 0.11597 0.170877 0.278868 0.371738 0.467289 0.598919 0.711068 0.724472 0.731269
 0.90228 0.619712 0.557532 0.373018 0.53707 0.725144 0.672108 0.684919 0.621923 0.596221 0.576407 0.4194 0.320644 0.219881 0.118148 0.115868 0.17078 0.278968 0.372025 0.467513 0.59897 0.711048 0.724395 0.731084
 0.902473 0.620258 0.557771 0.373467 0.537552 0.725237 0.672189 0.684927 0.62207 0.596275 0.5766 0.41952 0.320676 0.220113 0.118278 0.115931 0.17067 0.278746 0.371748 0.467515 0.59917 0.711325 0.724658 0.731229
 0.902584 0.620672 0.557797 0.37365 0.537328 0.724988 0.671879 0.684627 0.621863 0.596001 0.576384 0.419245 0.320394 0.220115 0.118226 0.115946 0.170641 0.278842 0.371888 0.467625 0.599158 0.711289 0.724631 0.731226
 0.902842 0.621218 0.558208 0.374215 0.537349 0.725074 0.672044 0.684933 0.622105 0.596208 0.576494 0.419258 0.320348 0.22023 0.118285 0.116084 0.170736 0.278968 0.371815 0.467738 0.599196 0.711226 0.724696 0.731289
 0.902877 0.621158 0.558932 0.374978 0.537557 0.725164 0.672126 0.685028 0.622332 0.596356 0.576627 0.419168 0.320283 0.220289 0.11841 0.116177 0.170752 0.278827 0.371779 0.467833 0.599371 0.711478 0.724918 0.731441
 0.902714 0.620919 0.558718 0.375046 0.537789 0.725258 0.672269 0.685202 0.622721 0.596849 0.576934 0.419508 0.320399 0.220498 0.118507 0.11628 0.170789 0.278929 0.372052 0.468113 0.599411 0.711466 0.725054 0.731643
 0.902694 0.621114 0.559051 0.375534 0.537946 0.725264 0.672292 0.685245 0.62244 0.596799 0.577017 0.41967 0.320385 0.220441 0.118556 0.116396 0.170856 0.278896 0.371914 0.467977 0.599359 0.711412 0.72508 0.731666
 0.902821 0.621567 0.559815 0.376402 0.538121 0.724988 0.672002 0.685077 0.622299 0.596761 0.576852 0.419351 0.320185 0.220227 0.118451 0.116379 0.17089 0.278921 0.371812 0.467901 0.599352 0.7113 0.725008 0.731619
 0.902951 0.621747 0.559891 0.376808 0.538613 0.725338 0.672363 0.685592 0.622768 0.597168 0.577027 0.419568 0.320339 0.220309 0.118527 0.116302 0.170868 0.278901 0.371679 0.468034 0.599645 0.711372 0.724886 0.731448
 0.902429 0.619571 0.554812 0.368915 0.530163 0.718663 0.663987 0.677253 0.61306 0.58624 0.566573 0.415135 0.317758 0.216381 0.116969 0.1125 0.160975 0.267576 0.364466 0.45346 0.581444 0.6968 0.70932 0.717732
 0.902405 0.619345 0.554937 0.368961 0.530267 0.718724 0.664028 0.677309 0.613291 0.586539 0.566591 0.415021 0.317639 0.216419 0.11696 0.112414 0.160849 0.267581 0.364626 0.453762 0.581681 0.69694 0.709202 0.717511
 0.902334 0.619153 0.554643 0.368639 0.529997 0.718766 0.664087 0.677293 0.61317 0.586377 0.566545 0.41518 0.317783 0.216473 0.117019 0.112427 0.160861 0.267523 0.364596 0.453929 0.581774 0.697077 0.70914 0.717281
 0.902332 0.619 0.554713 0.368501 0.529851 0.718528 0.663911 0.677116 0.612914 0.58621 0.56642 0.415153 0.317777 0.216302 0.116945 0.112357 0.160753 0.267329 0.364237 0.453541 0.581458 0.696778 0.708838 0.716981
 0.902206 0.618515 0.554628 0.368402 0.529421 0.718101 0.663687 0.677057 0.612866 0.586023 0.566364 0.415107 0.317601 0.216131 0.117016 0.11229 0.160529 0.267135 0.364164 0.453389 0.581154 0.696597 0.70857 0.716685
 0.902296 0.619022 0.555092 0.368688 0.529477 0.718068 0.663716 0.677056 0.61308 0.586327 0.566517 0.41522 0.317665 0.216381 0.11711 0.112251 0.160613 0.267409 0.364436 0.45376 0.581534 0.696861 0.708889 0.717046
 0.902372 0.619094 0.555069 0.368472 0.529229 0.717905 0.66356 0.677019 0.6129 0.586076 0.566319 0.414994 0.317557 0.216564 0.117098 0.112294 0.160531 0.26733 0.364246 0.453851 0.581626 0.696962 0.70884 0.717018
 0.902461 0.619231 0.555144 0.368551 0.52933 0.717805 0.663534 0.676915 0.612918 0.586095 0.566313 0.415008 0.317481 0.216525 0.116968 0.112171 0.160397 0.267244 0.364092 0.453804 0.581525 0.696973 0.708837 0.716939
 0.902489 0.619643 0.555195 0.368463 0.529106 0.717533 0.663223 0.676752 0.612551 0.585685 0.565999 0.41465 0.317316 0.216272 0.116864 0.112107 0.160319 0.267233 0.364131 0.45383 0.581654 0.696931 0.708736 0.71703
 0.902418 0.619531 0.554908 0.368171 0.528983 0.71739 0.663084 0.67667 0.612687 0.586213 0.566483 0.414838 0.317459 0.216391 0.116961 0.112127 0.160484 0.267529 0.364332 0.453859 0.581726 0.697183 0.708895 0.71706
 0.902488 0.619727 0.55485 0.36786 0.528446 0.717238 0.662938 0.67669 0.613057 0.586232 0.566345 0.414737 0.317435 0.216348 0.11685 0.112014 0.160384 0.267392 0.364113 0.453552 0.581194 0.696593 0.708524 0.71668
 0.9027 0.620413 0.555498 0.368489 0.528882 0.717638 0.6633 0.676937 0.613194 0.586461 0.566458 0.41496 0.317651 0.216586 0.116903 0.112036 0.160576 0.267571 0.364286 0.453835 0.581599 0.696949 0.708757 0.716962
 0.902638 0.619952 0.555221 0.368216 0.528616 0.717704 0.663425 0.676907 0.61292 0.586475 0.566535 0.414968 0.317442 0.216651 0.116913 0.112029 0.160448 0.267595 0.364255 0.453654 0.58155 0.696846 0.708628 0.717019
 0.902496 0.619504 0.554795 0.367536 0.528133 0.717733 0.663326 0.676813 0.613119 0.586543 0.566489 0.414874 0.317303 0.216607 0.11692 0.111989 0.160494 0.267973 0.364587 0.453734 0.58165 0.696951 0.70883 0.717335
 0.902197 0.618828 0.554426 0.366997 0.527833 0.717714 0.663526 0.677073 0.613297 0.586582 0.566457 0.414901 0.317344 0.216675 0.117031 0.112098 0.160503 0.267934 0.36471 0.453982 0.581933 0.69714 0.70908 0.717467
 0.902218 0.619061 0.55459 0.367326 0.528015 0.717521 0.663331 0.676897 0.613318 0.586638 0.566504 0.415076 0.317393 0.216692 0.117085 0.11212 0.160585 0.268175 0.365012 0.454307 0.581992 0.697175 0.709305 0.717705
 0.902358 0.619304 0.554719 0.367485 0.528024 0.717661 0.663512 0.676981 0.61328 0.586732 0.566615 0.415337 0.317539 0.216772 0.117062 0.112102 0.160629 0.268393 0.365326 0.454332 0.582031 0.697456 0.709486 0.717684
 0.902365 0.61926 0.554853 0.367634 0.528069 0.717736 0.66347 0.67685 0.613057 0.586617 0.566598 0.41558 0.3177 0.216717 0.116989 0.112151 0.160634 0.268443 0.36555 0.454511 0.582238 0.697354 0.709862 0.718015
 0.902631 0.619934 0.55507 0.367777 0.528178 0.717876 0.66331 0.676587 0.612808 0.586475 0.56656 0.415711 0.317752 0.216825 0.117056 0.112177 0.160847 0.268663 0.3656 0.454668 0.582361 0.697423 0.710007 0.718262
 0.902614 0.620071 0.555167 0.368051 0.528241 0.717934 0.663284 0.676472 0.612749 0.586674 0.566618 0.415711 0.317709 0.21689 0.117161 0.112266 0.160905 0.268645 0.365544 0.454497 0.582174 0.697286 0.70984 0.718109
 0.902547 0.619733 0.554872 0.367721 0.527868 0.717433 0.662736 0.676124 0.612648 0.586358 0.566481 0.415739 0.317774 0.217035 0.117198 0.112218 0.160817 0.268553 0.365401 0.454466 0.581886 0.697006 0.709719 0.718077
 0.902636 0.620017 0.554779 0.367289 0.527538 0.717218 0.662255 0.675553 0.612148 0.586154 0.566343 0.415665 0.317713 0.216833 0.117128 0.112091 0.160706 0.26837 0.365215 0.454339 0.581697 0.696918 0.709803 0.718179
 0.902359 0.619107 0.554577 0.366724 0.526984 0.716917 0.66199 0.675432 0.612234 0.586104 0.566515 0.415847 0.317722 0.216679 0.117134 0.112122 0.160687 0.268448 0.365461 0.454374 0.581586 0.696907 0.709659 0.71803
 0.902108 0.618537 0.554645 0.366526 0.52685 0.716837 0.661989 0.675267 0.612266 0.586142 0.566396 0.415822 0.317732 0.216694 0.11714 0.112166 0.160763 0.268516 0.36553 0.454221 0.581656 0.696961 0.709638 0.717858
 0.902224 0.618633 0.554734 0.366322 0.526768 0.716775 0.661819 0.674982 0.612145 0.586224 0.566412 0.415799 0.317679 0.216762 0.117218 0.112135 0.160929 0.268664 0.365435 0.454072 0.581828 0.697018 0.709754 0.717992
 0.90223 0.618549 0.554604 0.366296 0.526823 0.716667 0.661555 0.674852 0.612111 0.586108 0.566166 0.415612 0.317475 0.216773 0.117187 0.112125 0.160902 0.26848 0.365287 0.453765 0.581625 0.696867 0.709532 0.717719
 0.90207 0.618144 0.554744 0.366235 0.526549 0.716409 0.661208 0.674625 0.611779 0.585957 0.566055 0.415546 0.317501 0.216854 0.117139 0.112038 0.160897 0.268351 0.365057 0.453676 0.581565 0.696776 0.709163 0.717196
 0.902095 0.618322 0.555005 0.366634 0.526379 0.716208 0.661008 0.674568 0.611682 0.58595 0.566109 0.415603 0.317605 0.216722 0.117122 0.112074 0.160929 0.268467 0.365332 0.454043 0.581712 0.696903 0.709312 0.717047
 0.902092 0.61828 0.554548 0.366068 0.526169 0.71611 0.661011 0.674683 0.61184 0.58599 0.566106 0.415615 0.317534 0.216663 0.117067 0.112017 0.160896 0.26818 0.365143 0.454176 0.581865 0.697035 0.709309 0.717061
 0.901947 0.618093 0.554267 0.365864 0.52609 0.715929 0.660778 0.674578 0.611722 0.585915 0.565896 0.415209 0.317163 0.216402 0.117168 0.111977 0.160847 0.267999 0.364835 0.454099 0.581732 0.696795 0.708972 0.716662
 0.90183 0.617657 0.554051 0.365886 0.526112 0.71578 0.660862 0.674891 0.61165 0.585884 0.565804 0.415167 0.317121 0.216543 0.117276 0.112002 0.160932 0.268027 0.364656 0.454071 0.581772 0.696949 0.70915 0.716918
 0.901957 0.617726 0.554352 0.366088 0.526308 0.715852 0.660847 0.674825 0.611701 0.585945 0.565816 0.415204 0.317044 0.21662 0.117282 0.111972 0.160804 0.267872 0.364538 0.4538 0.581565 0.697029 0.709297 0.717183
 0.901907 0.617695 0.554132 0.366148 0.526317 0.715794 0.660885 0.674878 0.611607 0.58577 0.565714 0.415224 0.316907 0.216615 0.117233 0.111999 0.160836 0.267887 0.364424 0.453595 0.581639 0.697157 0.70953 0.717022
 0.901574 0.616136 0.549625 0.359024 0.518483 0.70935 0.652708 0.666481 0.601734 0.575236 0.555674 0.411792 0.314709 0.212758 0.11577 0.108323 0.151235 0.256901 0.357234 0.43949 0.56351 0.682425 0.693986 0.703234
 0.902042 0.618186 0.555262 0.368045 0.528306 0.717146 0.662475 0.676458 0.613151 0.587517 0.567368 0.41585 0.317056 0.217109 0.117456 0.112643 0.162473 0.269586 0.365237 0.455745 0.584431 0.699525 0.712371 0.719055
 0.902054 0.618314 0.555073 0.367733 0.528273 0.717413 0.662886 0.676772 0.612973 0.587327 0.56734 0.415997 0.317172 0.217033 0.117413 0.112648 0.162525 0.269872 0.365558 0.456034 0.584537 0.699618 0.712436 0.719148
 0.90233 0.619053 0.555132 0.367738 0.528318 0.717444 0.6629 0.676988 0.613271 0.587192 0.567214 0.415891 0.317011 0.21691 0.117333 0.112528 0.162496 0.269797 0.365744 0.456337 0.584555 0.699441 0.712356 0.71922
 0.902185 0.618702 0.555161 0.367826 0.528553 0.717685 0.663176 0.677026 0.613363 0.587554 0.567468 0.416071 0.317218 0.217043 0.117389 0.112461 0.162625 0.270098 0.365995 0.456321 0.584394 0.699415 0.712375 0.719259
 0.902354 0.619358 0.555536 0.368114 0.528722 0.717707 0.663221 0.677038 0.613464 0.587806 0.567619 0.416028 0.317281 0.217064 0.117412 0.112574 0.162674 0.27034 0.366261 0.456696 0.584593 0.69938 0.712539 0.719678
 0.902193 0.618905 0.555247 0.367954 0.528839 0.717774 0.663483 0.677139 0.613625 0.587779 0.567594 0.41577 0.317171 0.217052 0.117391 0.112624 0.162673 0.270467 0.366388 0.456772 0.58459 0.699376 0.712671 0.719779
 0.902278 0.619091 0.555562 0.368132 0.529101 0.717974 0.663599 0.677199 0.613839 0.587959 0.567615 0.415626 0.317126 0.217223 0.117377 0.112584 0.162732 0.270657 0.366568 0.456873 0.584668 0.699313 0.712443 0.719541
 0.902365 0.619712 0.555933 0.368502 0.529295 0.71811 0.663768 0.677316 0.614037 0.588186 0.567787 0.415716 0.317145 0.217268 0.117492 0.11264 0.162802 0.270754 0.366783 0.457201 0.584986 0.699513 0.712596 0.719971
 0.902281 0.619532 0.555889 0.36853 0.529223 0.71823 0.663844 0.677216 0.613946 0.588309 0.567873 0.415818 0.317215 0.217319 0.117502 0.112639 0.162811 0.27094 0.367103 0.457264 0.584812 0.699422 0.712429 0.720114
 0.902154 0.619512 0.556163 0.36887 0.529453 0.718067 0.663623 0.677053 0.614185 0.588272 0.567863 0.415823 0.317237 0.217263 0.117586 0.112717 0.162888 0.271046 0.367045 0.45719 0.584632 0.699475 0.712556 0.72024
 0.902138 0.619361 0.555863 0.368252 0.529172 0.718054 0.663597 0.676878 0.613933 0.587993 0.568048 0.415942 0.317314 0.217418 0.117597 0.112723 0.163019 0.271227 0.367174 0.457321 0.58475 0.699653 0.71269 0.720301
 0.902164 0.61926 0.556257 0.368574 0.529215 0.717981 0.663484 0.676803 0.613955 0.588099 0.568295 0.415847 0.317166 0.21743 0.117663 0.112787 0.163248 0.271424 0.367313 0.457342 0.584825 0.699682 0.712765 0.720465
 0.902311 0.619621 0.556704 0.368801 0.529371 0.717889 0.663626 0.676953 0.614246 0.588385 0.568402 0.416077 0.317214 0.217498 0.117673 0.112975 0.163516 0.271576 0.367458 0.457599 0.5853 0.700004 0.712815 0.720442
 0.902275 0.619483 0.55611 0.368084 0.529387 0.717956 0.663549 0.676729 0.613985 0.588085 0.56831 0.416087 0.317182 0.21743 0.117659 0.112908 0.16346 0.271284 0.367265 0.457862 0.585578 0.700098 0.712913 0.720698
 0.902323 0.619618 0.556103 0.367996 0.529306 0.717948 0.663594 0.676766 0.614008 0.588127 0.568206 0.415941 0.317099 0.2175 0.1177 0.112906 0.163516 0.271237 0.367157 0.457692 0.585557 0.700164 0.712991 0.720905
 0.902211 0.619467 0.556035 0.367989 0.52926 0.717969 0.663604 0.676736 0.613916 0.588168 0.568551 0.416398 0.317313 0.2177 0.11773 0.112917 0.163567 0.271213 0.367253 0.458021 0.58583 0.700261 0.713118 0.720975
 0.902571 0.620161 0.556233 0.368067 0.529427 0.71828 0.663912 0.676937 0.614065 0.588417 0.568727 0.416577 0.317475 0.217828 0.117791 0.113009 0.163766 0.271232 0.367021 0.457907 0.585944 0.700324 0.712965 0.720822
 0.902476 0.620113 0.556451 0.368391 0.529116 0.718022 0.663697 0.676843 0.613865 0.588457 0.56874 0.416458 0.317296 0.217726 0.117691 0.112961 0.163738 0.271115 0.366945 0.457823 0.585731 0.700179 0.712869 0.720723
 0.902549 0.620251 0.556477 0.368349 0.528866 0.717705 0.663404 0.676696 0.613848 0.588585 0.568864 0.416648 0.317374 0.217823 0.117757 0.113075 0.163872 0.27117 0.367071 0.458105 0.586106 0.700394 0.712862 0.720769
 0.902768 0.620879 0.556524 0.368451 0.528718 0.71781 0.663512 0.676698 0.613789 0.588577 0.569025 0.416796 0.317516 0.21808 0.117806 0.113209 0.164053 0.271512 0.367382 0.458308 0.586275 0.700556 0.71282 0.720824
 0.902637 0.620592 0.555764 0.367738 0.528568 0.717837 0.663593 0.676916 0.614013 0.588678 0.569168 0.416952 0.317688 0.218037 0.117908 0.113323 0.164094 0.27135 0.367381 0.458139 0.586273 0.700667 0.71292 0.720987
 0.903114 0.621739 0.556398 0.368695 0.529323 0.718462 0.664273 0.677498 0.614447 0.589213 0.569601 0.417148 0.317863 0.218334 0.118126 0.113472 0.164215 0.271396 0.367441 0.458365 0.58675 0.701162 0.713182 0.721039
 0.903131 0.621754 0.556261 0.368654 0.529415 0.718317 0.664109 0.677399 0.614316 0.589061 0.569429 0.416918 0.317814 0.218297 0.11799 0.113443 0.164033 0.27114 0.367205 0.457948 0.586576 0.701111 0.713128 0.720837
 0.903148 0.621682 0.556478 0.368808 0.529497 0.718103 0.66401 0.677453 0.614287 0.58925 0.569489 0.416965 0.317705 0.21828 0.118 0.113507 0.16412 0.271127 0.36716 0.457943 0.586755 0.701404 0.713237 0.720989
 0.903432 0.62227 0.556782 0.368649 0.529361 0.717944 0.663814 0.677408 0.614291 0.589122 0.569367 0.41691 0.31774 0.218213 0.117963 0.11341 0.164109 0.271195 0.367093 0.457854 0.586563 0.701358 0.713267 0.721045
 0.903383 0.622162 0.556689 0.368612 0.529521 0.718063 0.664044 0.677559 0.614502 0.589403 0.569804 0.417337 0.317926 0.218289 0.118072 0.113547 0.164362 0.271466 0.367369 0.458115 0.586852 0.701818 0.713636 0.721061
 0.903162 0.621835 0.556632 0.368775 0.529594 0.718084 0.6641 0.677678 0.614658 0.58953 0.569966 0.417388 0.318033 0.218287 0.11818 0.113504 0.164404 0.271654 0.367459 0.458056 0.586927 0.701905 0.713668 0.721092
 0.902958 0.621212 0.555725 0.367689 0.528841 0.717788 0.663916 0.677374 0.614338 0.589338 0.569981 0.41723 0.317853 0.218181 0.118182 0.113512 0.164301 0.271457 0.367169 0.457728 0.586645 0.701615 0.713313 0.720985
 0.902651 0.620464 0.555072 0.367125 0.528604 0.717628 0.663775 0.67728 0.614274 0.589168 0.569934 0.417103 0.317865 0.218234 0.118297 0.11341 0.164263 0.271336 0.367238 0.457881 0.586602 0.701415 0.713205 0.721135
 0.90281 0.620881 0.555229 0.367526 0.528729 0.717485 0.663702 0.677161 0.614076 0.588899 0.569858 0.417053 0.31791 0.218181 0.118266 0.113288 0.164182 0.271393 0.367141 0.457824 0.586595 0.701348 0.713104 0.720845
 0.903001 0.621135 0.555784 0.36791 0.529194 0.717912 0.66406 0.67721 0.614245 0.589274 0.570349 0.417511 0.318091 0.218411 0.118455 0.113341 0.164335 0.271787 0.367363 0.458093 0.586869 0.701699 0.713472 0.721134
 0.903125 0.621494 0.555974 0.368139 0.529455 0.718018 0.664167 0.677357 0.614408 0.589341 0.57046 0.417653 0.318219 0.218466 0.118548 0.113405 0.164528 0.272146 0.367638 0.458298 0.58712 0.701912 0.713579 0.72134
 0.902907 0.621188 0.555923 0.367958 0.529346 0.717702 0.663836 0.676978 0.614154 0.589002 0.570339 0.417583 0.318101 0.218224 0.118466 0.113373 0.164573 0.27207 0.36761 0.458411 0.587396 0.702173 0.713494 0.721134
 0.902979 0.621423 0.556175 0.368346 0.529763 0.718249 0.664325 0.6774 0.614406 0.589215 0.570669 0.417865 0.31822 0.218279 0.11848 0.113418 0.164508 0.271986 0.367333 0.458366 0.587333 0.702005 0.713343 0.721172
 0.902888 0.621376 0.556209 0.368473 0.529619 0.7181 0.664213 0.677204 0.614176 0.589031 0.570316 0.41751 0.318018 0.218216 0.118483 0.11329 0.164324 0.271832 0.367048 0.458098 0.58733 0.701962 0.713242 0.720934
 0.902922 0.621402 0.556093 0.367955 0.52935 0.718405 0.664498 0.67747 0.614332 0.589233 0.570303 0.417559 0.317885 0.218096 0.118449 0.113183 0.164327 0.272113 0.367343 0.458302 0.587454 0.701945 0.713276 0.721049
 0.903146 0.621747 0.556831 0.368674 0.52958 0.718216 0.664535 0.677657 0.614448 0.589442 0.570487 0.417706 0.317989 0.218063 0.118439 0.113314 0.164535 0.272339 0.367429 0.45842 0.587449 0.701867 0.713184 0.7211
 0.903188 0.62178 0.556918 0.368607 0.529611 0.718112 0.664354 0.677408 0.614283 0.589374 0.570313 0.417491 0.317749 0.218005 0.118463 0.11336 0.164487 0.272291 0.367229 0.458359 0.587303 0.701778 0.713204 0.720903
 0.903257 0.622025 0.556666 0.368489 0.529329 0.717931 0.664215 0.677405 0.614087 0.589146 0.570175 0.417018 0.317358 0.217735 0.118365 0.113271 0.16427 0.271923 0.36655 0.457788 0.58664 0.701342 0.712825 0.72046
 0.903254 0.622131 0.556923 0.368923 0.529767 0.718054 0.66442 0.67754 0.614222 0.589129 0.570153 0.417003 0.317362 0.217801 0.11848 0.113353 0.164212 0.271628 0.366276 0.457464 0.58656 0.70142 0.712939 0.720442
 0.903134 0.621838 0.556679 0.368714 0.529804 0.718023 0.664363 0.677489 0.614174 0.589166 0.570288 0.417177 0.317431 0.217764 0.118502 0.113408 0.164454 0.271892 0.366406 0.457545 0.586658 0.701559 0.713036 0.720537
 0.903385 0.622392 0.556676 0.368832 0.530137 0.718416 0.664562 0.677415 0.614141 0.589307 0.570295 0.41719 0.317326 0.217774 0.118532 0.113396 0.164478 0.271833 0.366476 0.457546 0.586577 0.701633 0.713115 0.720438
 0.90356 0.62244 0.556202 0.368065 0.529594 0.718145 0.664089 0.676969 0.613724 0.588974 0.570179 0.417223 0.317206 0.217804 0.118429 0.113399 0.164359 0.271588 0.366183 0.457183 0.586647 0.701668 0.712843 0.720127
 0.903697 0.622853 0.556489 0.368381 0.530074 0.718439 0.664179 0.676693 0.613525 0.588758 0.570037 0.417086 0.317199 0.217768 0.11836 0.113332 0.164286 0.271495 0.365952 0.456802 0.58663 0.7017 0.712624 0.719982
 0.903494 0.62264 0.556148 0.368079 0.529665 0.718019 0.663657 0.676165 0.613048 0.588353 0.56998 0.416883 0.317129 0.217804 0.118247 0.113238 0.164113 0.271493 0.365948 0.456719 0.586691 0.701729 0.712583 0.719846
 0.903506 0.622485 0.556485 0.368667 0.530152 0.718251 0.663905 0.676287 0.613318 0.588721 0.570107 0.417 0.317381 0.217956 0.118229 0.113342 0.164319 0.271627 0.366233 0.456957 0.587108 0.70205 0.712912 0.72012
 0.903465 0.622368 0.556369 0.368721 0.530162 0.718257 0.664036 0.676507 0.61341 0.588617 0.570106 0.417124 0.317507 0.218089 0.118184 0.113235 0.164311 0.271556 0.365943 0.456977 0.587063 0.701954 0.712481 0.71972
 0.903462 0.622373 0.55614 0.368681 0.530057 0.718109 0.664006 0.676528 0.613474 0.588649 0.569981 0.417197 0.317664 0.218148 0.118089 0.113242 0.164401 0.271629 0.365967 0.456968 0.586987 0.701827 0.712343 0.7198
 0.903418 0.622316 0.555992 0.368631 0.530131 0.71817 0.663833 0.676318 0.61341 0.588575 0.569975 0.417194 0.317581 0.218161 0.11813 0.113242 0.164294 0.271448 0.365679 0.456753 0.58698 0.701825 0.71242 0.719974
 0.903253 0.622021 0.555733 0.368233 0.529923 0.718077 0.663852 0.676332 0.613193 0.588375 0.570064 0.417275 0.317573 0.218211 0.118214 0.113143 0.164205 0.271558 0.365753 0.456782 0.587051 0.70203 0.712526 0.720058
 0.903247 0.621989 0.555575 0.36798 0.529671 0.718022 0.663786 0.676371 0.613059 0.588201 0.569869 0.41712 0.317385 0.218048 0.118066 0.112999 0.163977 0.271276 0.36549 0.456392 0.58676 0.701767 0.712336 0.719932
 0.9031 0.62155 0.5554 0.367421 0.529088 0.717618 0.663352 0.675988 0.612506 0.5878 0.569567 0.416805 0.317202 0.217893 0.117919 0.11287 0.163689 0.27093 0.36517 0.455905 0.58607 0.701235 0.712147 0.719619
 0.903041 0.621641 0.555903 0.368083 0.529545 0.717914 0.663721 0.676214 0.612702 0.587942 0.569682 0.41695 0.317406 0.218226 0.118001 0.112976 0.163882 0.271013 0.36526 0.455938 0.586208 0.701535 0.712612 0.720008
 0.903086 0.621538 0.555901 0.368266 0.529664 0.718265 0.663891 0.676265 0.612956 0.588174 0.569884 0.417294 0.317527 0.218241 0.117915 0.113013 0.164159 0.271138 0.365287 0.456022 0.586115 0.70139 0.712495 0.719552
 0.903094 0.621456 0.555976 0.368416 0.529682 0.718361 0.664078 0.676515 0.612931 0.588184 0.569918 0.417333 0.317459 0.21826 0.117889 0.112992 0.164084 0.271161 0.365599 0.456358 0.586275 0.701378 0.712533 0.7196
 0.903283 0.621967 0.556212 0.368482 0.529873 0.718539 0.664248 0.676652 0.612955 0.588206 0.569902 0.417393 0.317635 0.218367 0.117928 0.113045 0.164118 0.271292 0.365799 0.456439 0.586279 0.701527 0.712581 0.719885
 0.903246 0.621969 0.556171 0.368439 0.529649 0.718273 0.664069 0.676603 0.613078 0.588379 0.569937 0.417536 0.317801 0.218225 0.117993 0.11298 0.164092 0.271169 0.365776 0.456421 0.586205 0.701612 0.712475 0.719674
 0.90321 0.621886 0.556328 0.368304 0.529475 0.718047 0.663982 0.67642 0.61291 0.588082 0.56984 0.417404 0.317669 0.218091 0.117959 0.112914 0.164019 0.271018 0.365617 0.456036 0.586051 0.701447 0.712026 0.719415
 0.903225 0.622077 0.55651 0.368514 0.529657 0.718346 0.664145 0.676324 0.612936 0.588194 0.569787 0.417602 0.317676 0.218062 0.117982 0.112997 0.164136 0.271307 0.366079 0.456432 0.586346 0.701364 0.711854 0.719538
 0.903205 0.622135 0.556241 0.368269 0.529616 0.71815 0.664028 0.676186 0.613152 0.588064 0.569731 0.417549 0.317857 0.218072 0.118008 0.112963 0.164047 0.271024 0.365787 0.456016 0.586285 0.701274 0.711854 0.719595
 0.90317 0.622387 0.556299 0.3685 0.530045 0.718353 0.664474 0.6767 0.613066 0.587945 0.569753 0.417506 0.317706 0.218116 0.118031 0.113061 0.164077 0.271018 0.365811 0.456144 0.586215 0.701441 0.711894 0.71961
 0.9032 0.622646 0.556576 0.369028 0.530617 0.718678 0.664836 0.676971 0.613245 0.588132 0.569977 0.417773 0.317826 0.218171 0.118082 0.11324 0.164307 0.271406 0.366456 0.456626 0.586419 0.701656 0.712313 0.719994
 0.903256 0.622885 0.556423 0.368708 0.530723 0.718831 0.664955 0.677142 0.613424 0.588107 0.570107 0.417749 0.317683 0.218112 0.118079 0.113301 0.164371 0.27131 0.366281 0.456625 0.586238 0.701579 0.712439 0.720173
 0.903291 0.622974 0.556372 0.368425 0.530546 0.718832 0.664918 0.676942 0.613217 0.587989 0.570078 0.417774 0.317737 0.218161 0.118081 0.113392 0.164477 0.271368 0.366368 0.45664 0.586348 0.701576 0.712278 0.720056
 0.903103 0.622676 0.556156 0.368392 0.53049 0.718721 0.664948 0.677076 0.613382 0.588151 0.570359 0.418014 0.317845 0.218196 0.118229 0.113436 0.164674 0.271439 0.366346 0.456451 0.586242 0.701662 0.712235 0.720046
 0.903037 0.622545 0.555987 0.368148 0.530282 0.718662 0.664922 0.676951 0.613125 0.587837 0.570123 0.417839 0.317823 0.218154 0.118157 0.113395 0.164678 0.271453 0.366204 0.456163 0.586033 0.701435 0.71223 0.720053
 0.903093 0.622658 0.556141 0.368034 0.529935 0.718457 0.664863 0.676936 0.612821 0.587661 0.569881 0.417569 0.31759 0.218053 0.118104 0.113316 0.164474 0.271322 0.365945 0.455795 0.585647 0.701182 0.712087 0.720087
 0.903122 0.622934 0.556385 0.368119 0.529917 0.71862 0.665005 0.676715 0.61263 0.587473 0.570007 0.417666 0.31761 0.218154 0.118236 0.113345 0.164408 0.271281 0.365866 0.455768 0.585557 0.701074 0.712076 0.719923
