 71507 87038.2 109869 74280.4 70241.4 49227.3 56620.8 78881.7 67949.9 63080.2 63149.3 55784.4 75365 78197.2 77229.7 78300.7 73165.4 61517.3 52683.4 45605.1
 71507 139733 107717 84317.8 77048.3 80078.7 105025 104462 103873 109063 111786 109426 89204.1 66823.2 75006.4 68732.5 86181 72321.7 53198.6 51048.5
 71507 120704 126402 97220.5 112529 91385.5 78156.8 69882.6 65323.2 45829.9 39194.6 32962.5 28536.7 31305.6 23542.5 26909.3 28247.8 29537.6 31214.3 29465.7
 71507 123056 99097.4 148418 100623 80019.8 54820.5 48862.4 38577.3 47147.4 43172.9 58832.4 84603.7 70178.3 61123.2 50019.9 56623.2 57188.9 49427.5 37686.2
 71507 105371 89768.6 60901.7 43851.1 66704.5 44132 29138.7 31663.1 31934.5 37127.1 26781.6 29020.2 27784.3 28589.8 42960.1 41271.6 36368.9 32732.8 38064.6
 71507 116251 61656.3 49230 38490.2 29553 33763.5 33341.1 26654.3 22825.5 27426.4 26482.5 23378.2 25124.7 28169.1 30379 32742.8 41203.1 29024.3 29214.8
 71507 78220.2 90736.6 75530.4 71477.5 66694.5 44576.7 48900.7 44030.2 36399.8 38815.4 35580.6 35366.8 26601.1 21901.1 23733.9 20400.4 19705.9 19110.3 15814.9
 71507 114303 108765 138170 102063 71454.1 39332 36908.5 41106.2 52285.9 57457.5 56844.2 52382.3 43235.6 37038.6 44114.2 52270.7 44160 39120.3 38942
 71507 181596 160315 141167 92970.3 86469.3 47461.3 44870.7 55461.1 50289.7 57173.7 54974.6 47214.1 47126.2 47367.5 44527.8 56841 41929.6 54279.4 54310.2
 71507 72172.8 66080.7 79923 87164.7 70986.1 53811.9 59385.9 52320.9 44546 51653.3 52107.9 44402.6 39518.4 36005.9 41500.8 43922.9 55157.9 62550 63803.2
 71507 122068 60751.2 41291.6 32665.1 30028.7 40182.6 47342.3 45916.1 44552.9 40226.6 44817.3 61487.1 60301.2 66233.1 50316.2 50006.3 48619 28012.3 34169.8
 71507 136719 64820 42897.6 43392 47959.2 42911.1 37608.9 44065.9 53679.1 63727.7 54356 58378 48770.3 46222.3 44045.4 50913.2 57894 57196.2 36548.4
 71507 110312 78485.5 51667.1 35129.4 26635.7 34618.8 41612.7 40614.1 47602.2 41918.7 29209.8 39148.6 40796.5 40364.7 47264.5 40700.3 47558.1 54967.5 53352.4
 71507 152979 149409 179968 208026 182244 121592 105668 122281 92895.9 92565.5 67129.2 65750.7 76542 63030.4 53205.8 48216.9 33399 35127.3 44329.9
 71507 150889 94308.7 70548 40492.7 42613.4 46193.5 48701.2 50084.3 33184.9 26922.8 20910.6 21847.3 31579.6 32467.7 31260.6 41578.9 43851.5 36707.2 33497
 71507 207964 131807 87280.7 52485.9 44152.1 37264.6 29679.1 21257.2 20524.7 22439 18822.1 19432.2 18767.1 19755.1 23642.8 23046.9 29037.6 27868.9 27802.6
 71507 39768.7 99077.9 66411.6 51589.3 54445.3 66379.9 72108.5 81341.3 71503.5 66835 53418.3 50300.7 71112.3 53101.4 64223.9 50308.8 42299.9 41022.1 37522.1
 71507 103983 129985 100263 101945 110619 153630 80699.9 99834.3 70296 57177.8 46586 43927.7 43148.7 46266.4 45665.5 46747.5 60908.8 58149.4 51954
 71507 97466.9 94174.6 124992 114986 66751.7 66924.1 50686 56380.1 51687.3 45471.3 43766.8 46772.5 48070 41846.9 40889.5 35882.9 37094.4 34392.9 39314.5
 71507 126971 104659 60756.9 58274.2 37994.4 31203.4 36399.9 40500.3 34611 32466.1 31684.6 26805.7 25246.9 37549.9 37179.6 40933.2 35465.7 41687.5 62161.1
 71507 168510 140184 129695 115170 79683.1 58534.3 33061.4 33267 25400.8 24190.8 20830.1 30669.5 29723.1 33296.7 42481 39054.7 34972 35084.6 30398.4
 71507 96024.1 120200 102800 80602.9 59204.9 45599.2 36864.5 34199.5 42599.4 50022.1 67636.3 81988.8 74076.3 83631 75616.4 78175.7 125807 135212 197296
 71507 101518 108978 99069.1 79004.8 52405.5 44362.3 35862.8 35487.5 35511.5 33520 22934.4 26159.4 21494.3 22045.7 21118.9 21479.1 18778.1 21412.9 20945.6
 71507 76346.7 83031.2 96015.9 30025 99191.9 74360.4 74750 52255.3 58711.7 49303.8 62642.4 48478.7 40575 46627.7 47005.1 53420.9 53662.6 54675.6 61024.2
 71507 85248.7 88224.2 142607 79999.7 71908.3 32268.7 41077.1 49048.3 59670 44872.9 43297.7 35359.2 35677.7 35792.5 50024 46381.8 49821.2 51591 48088.8
 71507 53275.3 50916.8 34428.4 34726.5 19563 29009.5 29046.8 40809.4 29033.6 44924.9 39750.9 45044.7 40154.9 50806.1 61578.1 62234.5 52069.8 47329.6 49598.3
 71507 123380 84937.7 96758 69290.4 78375.2 53700.9 42731.5 33409.2 38372.1 38348.7 34336.7 31655.8 33954.3 27934.9 28953.1 23845.3 27366.7 28629.7 28923.2
 71507 121458 81291.8 143433 140845 130775 64404.9 56818 67937.7 63830.5 51751.1 53022.7 58024 46672.2 46487.4 45572.5 37159.2 36024.3 33715.6 32110.7
 71507 108424 68430.9 67122.9 63408.3 53368.4 46133.8 41674 32167.2 28544.2 24445.8 29399.6 37255.7 35165.3 32082.9 34221.2 43209.7 56872.3 43147 36748.9
 71507 127970 115331 75124.7 49676 56521.8 64434.3 67266.5 104608 117966 97006.7 85948.8 84609 78459 85255.6 70071.4 60655 45332.3 42547.3 31225.6
 71507 99353 82449 40937.4 23626.3 26689.4 40096.3 41019.6 36406.3 41561 31229.5 29977.7 27532.7 28310.2 39501.7 42476.2 39825.9 35727.4 28734.5 28071.9
 71507 118833 121822 135583 63106.2 82223.7 102372 82058.4 73695.3 80987.9 69448.3 49151.9 52207.5 64368.1 49728.2 59328.5 59439.6 95184.1 99085.6 134093
 71507 87459.5 72044.3 58036.3 51273.3 48776.8 34453 27669.5 23019.9 22395.1 26134.2 28638.1 25810.7 24133.6 22124.4 22690.8 23741.1 26058.1 38603.1 35481.2
 71507 95796.5 84950.6 62716.7 75420.1 54908.6 39247.9 52162.1 55682.6 36503.1 31890.3 23978.4 26969.4 34666.4 59064.6 49932.7 47119.8 46533.7 60148.2 60361.8
 71507 106136 89125.3 79307.1 43071.2 27029 25652 29656.9 23919.9 29459.8 30877.8 29185.9 31115.2 43924.5 52583.5 60983.4 45449.3 54455.7 40831.1 42002.2
 71507 88728 60359.7 58201.8 48830.2 54396.4 40763.9 33889.2 34934.4 37776.9 37704.3 33703.8 34327 30440.1 32386.2 28559.8 31278.3 26661.2 26674.2 22344.9
 71507 76646.6 79701.8 96893.3 71110 48792.6 54345.7 42925 45337.2 48952 43208.8 39745.3 30654.2 28070.2 25467.9 29705.3 31450.7 27065.7 26309.8 28858.7
 71507 81425.7 93882.2 95036.4 72261.5 51072.1 43835.6 35085.2 53345.9 41917.5 40579.9 45987.2 46286.3 51534.1 47571.8 56964.8 49056.1 34228.7 26107.7 22133.1
 71507 100006 84476.5 84376.2 61056.4 48803.7 63997.4 71302.5 58084.3 66378.7 64971.9 99803.9 105719 99545.8 56075.6 44283.8 51812.3 43485.8 38804.3 31555.3
 71507 103949 110400 58969.2 32177 39680.7 43841 37831.3 43128.6 58992.7 75214.9 61258.6 36869.3 41608.1 38382.4 47971.2 44967.2 48637.9 29837.5 23442.8
 71507 109491 112409 66021.9 60765.8 76087 76931.4 89773.6 102479 84605.9 95924.9 72923.4 66957.2 57196.3 51072.5 41200.7 40824.9 40522.1 42901.3 38892.3
 71507 104443 138813 121204 109848 109066 125094 132153 101398 82033.3 62857.4 52965.5 64678.7 51441.8 37627.3 28620.5 23464.4 22639.9 18453.4 18594.7
 71507 112055 113397 94728.3 85838 82299.8 81851.2 80924.6 77579.7 82577.7 83006.2 80437.6 61460.9 37935.3 37527.2 27427.4 31885 30637.3 22500.8 20813.9
 71507 113287 114256 68385.8 100929 99633.1 85893.8 74830.4 60777.3 40449.1 38310.3 42880.9 44421.2 30014.7 24364.4 27306 26060 30193.4 24086.1 26771.7
 71507 124807 90632.8 76673.1 79587.8 74059.8 56727 46356.8 45276.2 47028.8 61985.1 72420.3 62355.4 48458.6 57733 55349.1 53655.5 58707.1 50391 46233.1
 71507 96856.9 114710 96932.8 86937 108163 66713.7 98625.3 50542.9 58879 57777.1 55181.9 39512.5 40452.6 44816.9 49966.5 53289.8 62883.9 50631.3 37721.3
 71507 170441 150259 86627.5 64441.8 58033.7 38869.1 38508 36891.8 42971.9 52436.3 54168.3 41997.4 42843.2 44215.9 33931.1 34380.7 28241.7 32562.8 30317.2
 71507 93320.4 111772 111064 102098 93392.4 55915.4 45270.4 62828.9 69523.9 75443.4 63648 64847.6 62026 46938.9 49335.2 55066.7 52986.2 55652.6 52690.6
 71507 86344.9 108728 77941.7 65118.3 62114.7 44062.1 37490.1 40766.4 34649.1 25358.5 26350.1 25618.6 31395.7 31307.2 37319.2 35515.2 32651.7 35701.2 33582.9
 71507 144021 145100 93947.7 62698.3 66533.1 79928.6 55844.2 46827.9 43395.9 46984.1 53752.8 56175.7 54841.8 38669.7 42754.6 37049.8 23916.8 24258.4 24766.9
 71507 129634 197428 82298.7 75018.2 63365 70404.3 59163.9 56575.1 42601.2 51417.5 62183.8 49071.5 64932.5 76294.3 75446 101818 101494 67390.2 44034.3
 71507 45112.3 184537 138912 69745.2 46577.8 48704.4 53218.5 26281.7 65148.4 82780.6 117256 104875 77713.2 102645 138607 116152 132198 115235 87728.4
 71507 105306 109264 131074 158270 138075 125110 75253.9 62923 46012.5 42535 46829.3 52279.3 44649.6 36866 53307 49369.2 53326 47197 44081.6
 71507 104645 91113.8 59719.1 56224.6 42334.8 38180.8 28436 27618.6 37134.2 47165 47863.1 45531.9 49862.1 45361 40287.9 37294 51561.8 68985.1 73689.9
 71507 121290 123447 95226.3 81603.7 74575 57196 47545.9 35152.4 39128.5 48029.2 61348.9 79148 92387.1 73632.1 75238.4 74552.4 46823.7 35838.8 37216.5
 71507 120404 99828 97493.1 52161 35301.8 37675.6 40288.4 36810.2 38567.6 39958.2 28014.9 29570.6 30015.4 29546.4 28762.5 31145.8 30578 44678.3 41580.7
 71507 108556 86437.7 72383.3 60722.8 53220 44022.7 37747 37554.8 34105.8 34436.9 31327.7 29878.4 30857.6 35798.2 28965.8 37718.4 41164.8 45853.3 54513.4
 71507 97598.1 93999.4 79909 80245.9 64623.6 56875.4 43425.5 46166.1 42511 53363.5 43336.9 50409.3 34673.9 35093.8 44365.1 36742.3 45657.1 45925.1 39324.8
 71507 116827 116592 76140.7 34901.5 52479.9 39654 32405.7 32870.3 30710.8 35253.7 38423.1 37139.9 38718 39884.4 37873 35387.2 30695.3 34451.8 37404.5
 71507 101010 126810 85294.4 69704.6 51360.4 49217.9 44973.5 45342.3 40688.7 31647.6 35785.4 36624.9 35206.1 48099 43056.9 36189.6 56449.8 56517.5 63858.3
 71507 133091 92665.9 68628 78376 81143.2 86514.6 177956 160704 179990 129816 87301.5 76565 71508.9 65734.5 47909.6 41149 37024.8 30606.2 29073
 71507 141522 152191 111897 72644.6 57816.5 53067.5 55995.9 48503.2 41402.8 40534.3 36993.2 40455.4 51577.6 47200.1 40963.7 33653.5 49869 47203.5 46627.6
 71507 32452.6 129666 100984 104403 95930.4 109766 92780.5 67111.7 70477.8 68237 48995.7 43063.4 56363.3 39826.6 40232.5 44895.4 40798.6 36553.6 37018.2
 71507 78211.3 51637.8 48935.4 62332.7 54696.1 55591.6 78431 54499.1 77308.3 70239.4 71592.5 73444 53730.4 53691 47641.5 52394.5 50287.1 52812.3 54983
 71507 32998.7 118986 65333.4 55321.4 40081.4 41706.6 34175.4 34230.5 21526.1 24940.8 28852 40017.7 37122.3 25137.1 25879 30414.5 31322.2 27261.1 30303.3
 71507 107101 93417.2 60602 51195.4 38049.3 25959 40709 45720.6 53484.7 51127.1 33790.6 36539.5 29791.2 31108.9 30829.7 28907.2 27371.1 26784.1 34793.1
 71507 129902 83652.5 52486.6 46266.8 34359.9 30389.1 26432.2 25508.6 36880.6 52119.7 61623.7 72406.4 75358.6 62044.6 62791 63779 73176.8 50708.6 49942
 71507 132855 116657 124232 80571.3 56974.7 49662.3 81042.5 81749.4 56228.3 48946.2 37255.6 31371.2 39075.7 45714.7 56624.5 79901.8 70918.6 74499.1 75924.4
 71507 38162.4 166338 86559.7 47509 62752.3 66904.4 30674.5 58106.7 38775.3 33271.7 35423.5 38366.9 39425.9 46749.7 42061.5 24702.5 21984.4 25441.9 30413.2
 71507 40922.5 187098 118943 56395.7 45253.2 40507 69087.3 31875.7 34822.7 37364.9 44393.4 47096 45620.9 64673.6 90528.3 91139.3 125179 129664 85132.6
 71507 121197 124144 102393 77887.6 55016.6 34089.8 24397.6 23876.4 22689 25706.8 27085.3 28433.1 42677.5 67105.4 75178.2 58380.9 82094.5 58484.9 60442.7
 71507 116334 120163 106072 86437.7 83808.8 49232.6 79055.6 93779.1 66611.8 73044.4 52447.9 52925.3 60971 44234.5 39485.7 37514.6 42117.5 40883.7 40125
 71507 87169 111738 80210.3 71238.8 85376.8 79091.4 60499.4 82113.7 64807.4 79600.4 59130.6 61243.7 65260.8 63556.1 58760.4 46288.9 54011.3 48531.5 43657.3
 71507 88868.7 82248 103535 99123.6 81377.6 68740.2 73604.7 48582.2 30615 28765 25515.7 29456.1 29930 39786.1 52357.9 59274.6 69591.3 74608.7 99158.9
 71507 93937.1 68289 59879.8 46679.7 50863 43234.8 33307 34772.4 36358.6 35386.6 27158.3 30084.8 26570.4 23701.1 22616.7 19674.8 16687.5 17311.7 16768.8
 71507 147616 79498.4 83400.5 95491.2 82160.5 102812 110196 124545 71338.8 47369.2 56970.8 53742.9 47261.2 52777.8 60656.2 48623.6 46562.7 40930.1 37126.3
 71507 127013 92162.5 65809.4 71157.4 41345.9 29046.1 40791.8 52505.9 59081 42119.5 29679.3 32987 45679.7 61081.9 64226.2 52142.8 43857.9 41604.4 42465
 71507 97232.3 79175.9 98690.4 77370.8 64589.6 49616.8 60402.5 58273.6 56703.2 45966.7 47507.1 44135.2 50547.4 47429.7 48586 31959.7 34378.2 34987.5 31338.4
 71507 90247.9 65973.3 62708.2 66069.4 71966.4 45990.1 62125.4 41272.9 44320.3 43070.7 36635.2 33583.5 31260.2 39865.2 35240.4 44124.7 60283.8 43736.9 41610.1
 71507 74132.5 82238.9 62418.1 40930.1 43144.2 30441.1 34400.7 41284.9 41066.7 37302.6 37001 36457.4 32194.9 31244.4 47903.4 60593.9 55239.4 58850.7 36892.5
 71507 92388.5 78108.2 45417.3 27752.5 23734.4 20695.3 22075.2 23216.2 26601.7 30009.2 29949.3 26163.6 19983 22648.3 25631.9 23200.2 24583 28688.4 35662.9
 71507 131123 143786 160314 101853 60381 34677.7 29227.4 24756.4 21869.7 25531.5 29025.9 27085 30111.8 24370.6 24870.2 26333.1 26839.7 22369 21011.9
 71507 117034 80938.5 65282.4 58115.9 33146.5 40851.3 18858.1 28919.3 24096.4 27184.4 26738.7 30902.3 36782.2 40862.8 38354.9 34332.5 33108.9 32437.2 29384.3
 71507 149352 162430 181312 114669 65592 57617.9 56016.1 43364.8 67314.4 75843.9 47070.5 55944 56093.9 40849 41061.2 39988.5 41007.9 49415.9 60403.1
 71507 107897 97166.7 121329 125373 155404 119967 111736 94227.8 62968.4 65348.8 48592.2 42812.4 49378.1 46713.5 35335.4 38046.3 40542.6 37983.2 39436.6
 71507 92855.9 83237.5 88728.6 121511 120335 103472 59201.7 56015.2 48745.7 36922.9 33609.1 27834.8 26137.5 26810.2 30411.3 29346.1 33864.3 33834.9 27770.7
 71507 99459.9 117889 112859 90156.8 110465 85266.9 101167 74650.8 73689.5 63897.8 61915.2 50242.8 48036.1 46167.1 45211.7 52691 51846 45468.5 45397.3
 71507 128066 97273.8 91618 49926.4 65045.8 86356.2 81209.7 75723 80159.3 80791.5 43804.8 41236.5 43199.7 44903.8 42166.1 46286.3 53599.3 52737.2 31734.3
 71507 122708 105761 101008 114660 116112 99057.3 78317.3 65244.9 57003 55076.3 50748.6 43390.6 42610.6 27975.3 30382.9 32539.9 30547.1 33336.8 32090.3
 71507 64221.8 92307.9 52208.5 46009.3 49527.8 32737.4 32437.1 26730.4 22603.9 22437.4 22947.2 31230.1 33163.8 40911.1 59796 63045.3 46130.5 31451.2 25041.3
 71507 120078 132889 113045 116197 103239 91359.4 79822.6 82454.7 69223.2 67494.7 59453.6 48884.7 67006.3 57732.5 60006.2 44701.3 38639.3 34102.2 28626.5
 71507 141572 175921 95945 93297.5 96519.5 75541 54266.2 30460.9 25247.5 34724 39378.8 38050.6 37072.3 34668.9 42266 54212.2 54187.1 45802.6 52086.1
 71507 164024 158715 130834 66832.1 33088.4 31544 45250.2 42068 40777.1 30552.1 28511.8 25813.1 23005.3 24446.1 22834.8 26647.8 28864.3 26124.9 30675.4
 71507 74208.9 108049 71201.9 84349.9 80249.4 58689.2 51969.6 39133.3 42993.1 40995.9 36718.1 54917.2 58790.9 53612.3 56787.3 57229.6 53085.6 54322.6 44576
 71507 88193.1 67722.6 77459.2 81863.3 106921 76428.1 41754.7 64588.4 42491.5 39062.8 41705.8 30698.3 32541.7 29267.9 25243.2 20848.8 23798 28647.9 31006.7
 71507 54713.7 39953.2 45297.1 47309.3 60670.2 44376.4 72895.4 37412.8 30611.8 25899.5 20031 21470.6 17736 15456.9 19772.3 20434.8 25171.8 31444 31830
 71507 59781.7 48759.6 55216.8 31675.7 35504.8 41058.4 39670.9 33044.8 32436.8 30646.2 37023.9 33162.4 44068.5 58130.5 58876.8 65896.4 68042.3 51354 33101
 71507 64119.6 61637.3 48746.4 45066.9 42319.6 50240.3 41471.3 31979.8 30632.5 24522.9 22544.2 22748.3 19532.7 18761.8 20565.4 18610 19721.8 21423.2 28452.3
 71507 62686.9 64349.7 82418.5 90627.6 64027.2 66479.5 54780 55768.2 51908.6 46417.4 53794.1 48318.6 45001.8 51565.4 42582.9 31069.5 27699.3 30449.2 27691.2
 71507 72851.3 89634.4 41453.8 37942.3 39874.8 27605.9 23227.3 23145.7 23730.1 34035.2 43917.1 49833 60961.9 86431.3 63025 79914.9 102335 94947.1 71494.8
 71507 84413.7 92253.7 106340 141646 172550 131268 84703 73508.6 63344.7 57989 42552.1 39567.8 48069.9 40703.3 33914.9 33596.7 32972.8 24178.8 25992.1
 71507 126611 83715.9 72385.8 75898.6 64266.3 56860.4 43778.4 32467 30728.5 25696.4 30293.7 29229.3 28290.4 26711.7 33430.5 38181.6 40280.6 43863.8 34894.8
 71507 106940 96898 105560 59099.6 55935.1 50382.9 56136 62649.8 54837.8 42400.4 53094.3 57466.5 53569.7 29032.1 32883.4 35902.2 56627.4 71231.4 67503.2
 71507 80496 69711.2 53727.4 23786.9 52256 42125.7 46457.7 46561.7 43854.5 55947.4 67708.6 68151.6 50383.5 61549.1 52725.5 45134.6 33436.4 38899.2 27318.6
 71507 104070 84601.8 63342.1 61937 53014.5 47935.2 41292.1 44767.1 46089.3 42328.5 41939.7 40807.9 55942.3 52775.1 27555.9 25567.1 22524.8 18152.6 18191.8
 71507 84675.4 67595 64592.2 47533.5 42852.6 28087.4 28249.6 33713 32084.6 22218.2 25020.6 22982.5 16768.3 15319 13892.8 35946.5 459029 2.61678e+07 1.48701e+10
 71507 93100.7 109503 93299.9 68900.1 64055.6 55444 46306 46197.2 50895.5 52442.8 43786.3 62401.9 52855.5 44414.4 31608.3 27744 24487.7 21192.6 19795.1
 71507 79288.6 50001.7 50512.5 51512.5 53713.2 68993.6 54271.3 55559.6 35466.4 36455.5 26116.5 22398.3 28284 27977.6 28725.3 33549.5 34928.1 32389.4 62435.5
 71507 123281 164147 156620 154605 74432.3 88957.1 63317.5 79853.3 62577.8 53939.4 54455.7 50781.3 51203.8 68273.5 64458.1 64292.7 51154.2 45137.1 44146
 71507 40077.4 193001 174051 93743.8 95618.1 73779.2 62498.1 59267.7 80242.1 72917.9 91047.1 69752.9 40927.4 37082 47876.9 50365.8 65587.7 54625 49954.1
 71507 118144 160777 124602 91018.3 56252.5 40678.9 41858.8 37502.7 32587.3 38533.5 35747.1 38743.2 42342.6 33386.9 32895.2 27989.3 24158.1 22688.3 21854.4
 71507 123868 115096 116342 84161.3 63190.1 64080.5 55051.1 43484.3 49507.9 43694.6 49339.4 42690.9 48587.2 68846.8 54547.1 54159 47398.3 40199.6 28756
 71507 65495.7 79435.1 54435.8 57738.8 36457.7 36188.4 43550.3 46704.7 39894.2 39071.5 41379.5 52153.6 64218.6 73926.2 95981 80306.2 80305 61541.1 69124.5
 71507 78431.8 81036.7 101050 86152 81638.2 73910 62827 56315.2 39152.5 28517.8 29581.2 27562.1 32074.5 29028.7 34938.7 39687.2 44107 40124.6 50474.1
 71507 102815 80260.8 54508.7 50061.8 41239.7 37378.3 40057 26026.1 28284.5 29818 32150.4 49683.3 59632.5 53203 58618.5 37657.9 41925.2 47543.9 52339.7
 71507 95067.5 64575.4 37263.1 57057.3 34851.8 42521.9 38639.2 50972.6 77212.5 93375.1 109387 98065.7 72796.9 65412.4 63787.9 58792.7 58471 65598.2 86778.3
 71507 86916.4 116880 69687.3 79305.7 63586.2 53921.4 75014.8 68367.8 59829 78758.4 70125.5 49328.1 48791.5 48989.4 61987.3 52080.1 52416.5 53518.8 54819.7
 71507 91819.9 62999.2 51393 61132.4 61885.5 65352 74999.9 91620.6 82658 65327.9 70903.6 78741.8 61099.3 49849.2 40761.2 32905.4 27322.4 24458.7 22379.5
 71507 40237.9 128273 137440 130357 111446 112429 70391 60626 73638 91864.4 56453.8 38572.7 27070.5 25809.5 21213.4 24021.1 24991.8 26316.9 26461.3
 71507 137090 95221.2 74502.7 49742.3 40994 58607.5 58010.3 41423.6 40839.9 32770.7 40521.9 46991.5 68207.6 45783.5 54574.9 47923.9 48233.3 44086.4 39546.2
 71507 159453 195726 84361.7 95378.7 127486 92411.4 77421.7 57543.6 65564.2 54427.5 52788.4 37560.6 39645.2 30779 40676.4 38085.8 34887.4 28573.3 25901.7
 71507 110177 98802.6 82243.6 70018.6 54662.5 38016.5 40480.2 29012.2 33783.2 52995.3 65222.6 62066.7 62352.4 59892.1 50112.7 39211 36908.3 33633.4 33056.9
 71507 146704 179422 95178.5 87858.3 83555.8 109171 76560.8 49358.8 47362.2 41791.7 26709.1 26656.2 30784.5 28249.4 25117.3 23440.3 20791 20019 16739.1
 71507 85666.9 67820.6 89340.1 96949.4 83933.6 55435.9 58123.7 55510.8 51296.4 38940.7 53359.6 48634.4 54949.4 44667.6 50869.8 52336.3 72338.5 86315.5 77621.1
 71507 97851.7 104633 138592 97443.9 69977.2 43875.1 39133.6 39597 28931.9 33887.3 30895.8 31719.6 22889.4 21240.8 25132 24027.2 29115.1 34279.1 33471.8
 71507 92483.5 110898 76909.3 72997.2 91070.1 91170.7 66997.8 81690 75290.4 59646.8 65828.9 44728.2 44161.2 47918.6 48739.8 38112.1 39688.6 44642.4 38326.5
 71507 117498 109347 110055 125366 150410 94526.7 68028.2 55006.6 42306.1 72091.4 70237.1 68529 68757.8 54077.2 70902.7 58530.5 74790.3 66521.2 61368.8
 71507 136629 107175 94767.8 129092 103602 62550.3 77270.9 68019.4 70916.1 59524.5 41974.7 40254.2 31894.7 25621 25116.6 22585.4 29061.2 32706.9 31837.3
 71507 68812.7 85530.2 80673.9 54091.6 54401 68418.1 84215 97374.7 79593.3 60695.4 63842.9 60929.1 56451.9 52205.3 48312.6 62228.4 54436.8 50821.8 55299.1
 71507 121404 103743 89242.2 100119 107687 159161 193923 125116 80991.4 83872.3 79455.6 103460 61918.5 67450 44821.5 43666.3 39148.6 39562.4 36167.9
 71507 161248 111591 68062 60832.6 37772.7 39049.7 32661.5 35699.5 37112 21998.3 24104.6 25977.4 21984.6 20290.3 22549.7 24404.3 29262.8 32075.8 32001.5
 71507 122748 81973 46987.4 46938.3 43935.9 48769.6 72543.1 82494.7 58811.6 53152.2 62287.4 55101.8 51015.7 60793.6 52220.6 57873.8 46516.6 37698.5 40193.6
 71507 107939 131117 85967.9 56060.1 48028.8 62966.9 64349.3 76274.5 63835.1 64521.9 40982.7 37161.3 28238.8 31761.4 28716.6 27816.1 24531.8 26813.6 31713.7
 71507 99654.3 88849.3 60721.6 48713.8 60131.7 58298 52335.4 51883.5 52573.3 41079.5 37260.6 56322.6 66768.6 64098.4 57237.5 52995.1 49183.6 61113.5 69661.5
 71507 79682.4 104623 77349.5 66873.1 39579.3 49865.4 53040.5 64685.1 67159.3 70691.9 49261.3 41575.9 35442.1 33722.6 34244.5 36391.9 35014 50560.9 55503
 71507 106754 93106.4 86025.2 30704 104263 57382.6 63898.7 57350.1 37112.2 49597.4 38711.1 29193.7 23285 26985.3 35985.5 32125.9 30118 31804.3 23975.4
 71507 122894 65066.8 72840.9 58287 68211.9 58769.2 42482 58216.7 67362.9 49872.5 59934.6 61699.5 60658.6 65533.7 44630.6 40071.4 38655.7 37434.3 34789.8
 71507 106542 103207 103833 84116.9 75645.9 66364.2 74936.1 55510.7 52471.7 38450.5 48726.8 55776.1 49718 57662.9 46462.4 48644.7 40840.4 48505.6 58269.6
 71507 85591.4 69624.2 44733.7 53309 42971.3 53436.1 49351.1 57187.2 46495.7 50639.2 45909.8 49152.8 48755.8 53972.7 45425.2 44126.2 35520.2 38273.8 36670.1
 71507 103693 97155.5 52006.2 47770.7 49579 61293.5 69007.9 59101.5 42698.6 34426.4 26712.4 31079.2 30785 36373.8 38379.4 50022.2 55288.8 51645.3 42807.5
 71507 98628.6 99335.4 53772.6 21427.2 46671.8 65965.1 65747.9 87039 64861.8 59713.3 58752.5 60228.7 69081.7 59359.6 42520.7 36292 34866.1 23984.4 22987.9
 71507 120250 57342.5 59154.5 52288.9 54085.1 49183.4 46134.4 53704.3 43884.9 54252.6 47960.5 41534.7 37434.8 34794.4 36534.6 41430.1 36526.7 29361.6 29066
 71507 106927 81788.3 52740.6 60099.1 46592.9 45910.9 47623.9 39787.2 39104.1 44529 41721 39873 33619.2 39091 39964.2 45468.3 46737.2 40070.7 51790
 71507 114770 70993.3 76910.8 25069.7 62824.8 38684.5 28478.3 30432.9 30021.9 29532.8 31109.7 37996.3 41062.2 35318 33301.1 33322.2 38170.7 42014.8 53847.1
 71507 114224 80553.2 67429.9 34727.1 30522.9 23302.4 24212.1 21691.4 18845.3 16888.5 15387.8 15884.6 20068.2 26786.5 31331.7 38033.5 30161.8 24167 19863.7
 71507 116995 126113 101470 57220.9 70841.5 66703.2 42350.4 37967 48056 57631.2 52239.3 43106.9 44949.4 39283.3 50256.1 40450 34552.2 44741.1 44166
 71507 72679.3 49383.6 32400.3 37121.5 28731 22308.1 27046 24427.5 18123.3 22675.5 20713.8 19523 19955.5 18980.3 24308.1 32203.5 35103.2 43671.2 56392.8
 71507 107683 90509 63772.5 70535.2 54431.1 73792.6 77434.4 55667.9 44104.3 38423.2 34036.4 29084.8 27773.3 27645.8 27872 31773.9 43084.2 42761.7 31728
 71507 82752.5 69486.7 77696.7 74023.6 74071.5 50756 33875.8 48735.3 33118.2 30062 34047 46205.4 41425.9 29393 27502.3 23135.1 22513.4 23124.8 31707.8
 71507 116717 109619 51634.6 60476.4 32864.7 42151.3 40333 44080.2 43294.2 62679.8 75591.5 87509.2 87324.7 85090.6 65789.9 61100.8 53962.6 51484.3 60360.9
 71507 133106 130231 82370.5 126261 99659.2 93497.8 93321.1 78899.4 66341.1 53158 56933.4 65006.6 51726.1 44239.8 40297.6 59091.6 64686.2 101671 93987.9
 71507 75241.2 73299 67890.6 91419.8 66181.7 73851.7 60677.8 65310.9 57059 42951.9 37719.3 40442 32049.5 34870.4 33234 50219 65727.8 92875.8 98592.1
 71507 90762.4 75860.6 65333.8 47758 51528.9 50447.2 41625.3 38453.7 42441.1 47192.5 50935.6 37231.5 45607.6 41681.4 51797.3 61502.7 51726.2 52647.4 55981.9
 71507 76462.2 70881 74908.3 45236 44924.3 39422 43458.7 51635.8 54831.3 42570.5 33919.7 35930.3 31472.9 31836.3 29420.6 35062.8 36583 32136.4 25046.9
 71507 77846.4 41524.1 41055.4 41961.5 44762.5 39590.6 37785.7 37948 35644.7 37464.1 28008.5 21563.7 21002.4 18301 16827.3 17680.7 17739.1 19663.7 20678.1
 71507 69329.1 77357.8 35531.3 34929.1 30411.8 36789.3 34313 37066.7 43860.3 39712.1 45945.4 41665.1 41027.8 32396.8 31875.8 32661.7 38960.6 39709.6 44227
 71507 80673.5 97311.4 88393.1 65427.9 47178.7 40168.5 36622.5 33271.3 34791.2 37292.1 37547.3 45771.8 37296.1 40830.8 36879.3 31258.4 37097.1 35654.1 43143.1
 71507 87772.1 56953.3 56335.7 22263 55551.2 44668.2 35765.3 38991.7 39635.1 45217.1 44119.3 38866.1 39236.6 50712.7 55767.3 53759.9 49899.4 56671.7 53523.6
 71507 118553 132907 74542.1 61361.6 58957 63109.1 51060.2 66247.4 55283.6 42466.5 36109.2 43088.7 42261.3 46735.8 57625.1 68455.3 45038.9 36243.9 33448.1
 71507 102869 67883.2 80943.9 70536.8 57120 75663.5 129354 166193 197941 217746 127996 116007 93053.4 90950.7 71883.5 79719.3 66170 94889.4 94176.4
 71507 41810.3 156187 123474 77431.6 57246.1 37159 25776.5 30488 33854.3 40120.2 49701.3 37322 32753.4 22471.7 16824.3 16471 49663.5 1.0642e+06 9.80941e+07
 71507 123319 114452 111437 124928 106318 107178 85187.7 89828.2 95143.4 76459.1 76798.1 51528.1 40664.3 43379.4 37307.9 31059.8 27147.6 23132.5 26080.4
 71507 73539 74857.4 47876.2 45234.6 57692.1 28788.1 28559.1 38264 48917 57536.8 42438.4 65982.7 60880.6 70975.6 57795 67861.6 62144.3 61480.8 64305.4
 71507 103325 91401.9 105775 62675.4 50159.2 58997.9 48516.1 36502.4 52804.3 59574.6 59389.9 51023.6 46297.1 41569.5 36018.7 29759.2 26476.6 28156.9 26142.3
 71507 109722 84525.3 56993.1 66420.2 61916.1 54426.8 61624.8 82500.7 54478.5 39839.9 32147.7 27987.7 28374.2 31395 40657.6 40945.2 38178.4 35960.3 28671.2
 71507 68943.8 62172.3 100768 143358 90430.5 88139.7 94438 91635.4 116652 97878.9 77682.9 94292.4 80273.9 118709 124562 72564.2 80281.8 81829 64133.7
 71507 79005.4 88723.5 74768.5 59650.2 65486.9 55174.4 63554 71780 46392.8 42022.4 52416.1 53050.1 51227.3 38472.3 44386.3 56923.6 49845.2 56850.4 60406.9
 71507 65900.3 72032.6 51686.6 47279.5 44999.4 34399.7 38605.2 43250.5 48631.8 58876.9 93751.7 83273 69778 66528.4 63677.1 78421.4 65963.2 57256.1 44020.1
 71507 69497.6 61261.9 32769.3 27094.6 34377 34215.3 38770.6 58453.5 53605.3 47597.2 44892.5 27238.9 35350.6 33654.1 47056.5 53876.9 54134 65154.1 49051.2
 71507 56371.6 44272.2 43735.4 31423.4 23583.6 25422 23338.3 29344.2 26778.3 31232.1 30125.6 30444 44307.3 51421.6 55976.1 60379.6 44322.5 42817.5 38001.5
 71507 73571.1 122732 112833 145500 109188 99235.7 79503.3 66221.2 58368.8 46808.4 48917.8 71834 105312 83219.8 110529 74581.8 69111.7 77386.9 60511.6
 71507 102208 112946 97363.7 83837.9 71845.3 63460.2 72203.6 85222.6 65390.4 85896.3 118360 97219.9 131928 78910.6 56397.1 41055.2 43203.1 47869.6 54502.8
 71507 83059.3 131406 112398 113121 66655.6 78599.8 78893.5 66536.2 71818.3 49552 35387.3 43524 51581.9 46323.1 37170.1 39279.5 37687.2 40796.1 44055
 71507 96800.8 115793 133863 130888 113031 87039.2 56096.2 61912.6 55616.6 36473.5 27217.9 23502.6 26425.4 30572.3 34001 33339.2 30711.5 30726 35313.5
 71507 63742.5 68579.8 49311.5 34332.7 41848.1 42919.6 53105.7 44911.6 34895.4 33536 40195 33552.6 48128.3 52853.3 44172.8 30020.5 30442.8 37879.1 34300.4
 71507 100913 93765.8 78240.9 38866.7 36185.2 57778.9 44768.3 53139.9 44310.2 61175.7 60278.3 47903.9 53980.4 47509.8 32219.5 29713.5 28852.7 26985.4 39118.4
 71507 95779.1 93487.8 71809 52961.5 50780.1 49066.2 38541.4 38447.3 43547.3 33408.3 32305.5 29990.6 30748 29739.9 37417 43944.8 37532.3 48667.8 49984.3
 71507 113186 116269 117853 94895.3 65959.1 57190.7 57401.5 67919.1 55904.2 40180.6 35649.3 36198.9 38017.9 28142 22571.9 23661.6 21321.1 19195.8 16918.2
 71507 120919 105927 85915.5 54313.9 69171.2 65581.9 66836.4 63780.7 71102.7 57621.8 74884 59359.2 65859.8 65902.2 77597.9 76742.7 63865 58614.6 36333.9
 71507 116047 124604 124435 139122 150611 91793.4 115640 97313.3 62144.3 75637.5 75206.2 75427 70388.9 71376 56759 49139.2 49276.1 38407.5 44153.8
 71507 99491.4 95858.7 112797 39104.8 30023.5 24388.1 20650.2 19161.5 21804.9 24885.8 23975 33851.7 34654.6 35883.6 39005.1 48346.9 44161.8 51169.1 35182.5
 71507 129936 128459 113890 74495.7 53428.6 50373.8 58148.5 62846.5 55328.8 58238.4 50239.4 72738.8 68972.1 66221.7 39765.1 39334.7 31865.9 30065.7 29796.5
 71507 114722 79836.1 66218 67951.9 82347.2 86117 100872 72404.1 76054.1 66189.9 43132.4 42402.3 39934.6 50319.1 63382.8 71624.1 77396.2 112192 97693.7
 71507 134378 112039 82691.5 58905.3 47819 49411.9 47898.3 31748 31464.9 25616.7 27866.6 28910.4 36560.6 44712.1 64817.9 65522 72332.9 53209.8 41467.7
 71507 138410 144487 108872 102548 87945.9 104659 146510 109584 76427.6 74771.1 60532.8 58249.1 53908.5 38217.3 36196.4 41018.7 39128.7 34210.8 37703.4
 71507 137155 138339 124612 106297 106984 77165.2 41039.6 32456.9 24219.4 19884.5 19031.6 19828.9 20721.1 19317.9 19112.7 23005.1 27585.5 29021 26098.1
 71507 161854 95200.8 108308 113623 84645.1 65000.8 72247.3 56319.9 58526.7 57771.7 47806.5 39058 55628.3 56749.8 59754.2 59928.3 72555.2 84581.3 87987.1
 71507 213016 240485 182960 128501 84099.2 60409.4 51492.9 55640.2 51637.9 32698.1 30398 28691 25488.8 21705 21614.7 25783.4 24888.4 31192.1 31161.9
 71507 135559 102430 101089 94265.8 104823 78518.5 63078.7 78353.5 56195.9 47335.4 49285.3 47935.3 42556.1 40145 31893.3 32130.9 24429.7 27589 29267.4
 71507 94694 85726.8 97570.6 59926 61205.8 76703 63165.1 56211.3 70325.6 74872.8 45031.3 49758.1 45141.2 37804.1 37794.9 35782.1 35380.4 30116.8 28032.9
 71507 83642 75786.3 67891.2 168740 148006 123896 124006 102255 122877 81222.6 65830 65852.9 75632.2 65603.9 75407.6 67457.5 52403.2 49906 37950.8
 71507 100878 109186 62725.4 57204.1 60388.5 59102.3 61540.5 89738.8 93288.7 97283.2 66977.1 64548.1 45727.5 52275.1 61240.1 63226.1 63305.5 57759.1 46650.1
 71507 98369.3 121510 80159.4 26937.3 67122.1 80446.5 84058.5 92739.7 149347 144845 111993 82027 46085.4 57068.1 44981.8 39799.8 41799.2 39066.5 40967.2
 71507 138818 143079 79380.4 83017.6 74859.7 61977.2 58655.6 52503.2 58624.9 47592.5 36902.6 34033.6 28855.6 30643.8 29695 34459.6 47875.7 46178.4 41735.7
 71507 96414.6 120085 101589 86314.9 51487.8 86462.9 58298.2 61111.7 49204.3 68047.6 64848.2 42099.2 31635.5 28721.4 29923.6 27545.6 30295.1 44285.7 44100.7
 71507 84260.9 93188.6 82400.9 100013 69138.7 58602.7 73774.8 63346.2 58045.8 44736.1 43360.1 49669.6 47299.5 54335.6 64815.5 66373.3 50205.3 42338.5 43801.9
 71507 121191 105444 73903.1 44648.4 44961.4 34481.2 28250.7 31304 27223.7 25069.7 29108.8 32139.7 37209 29624.1 29142.2 25093.6 21496.2 20766.4 17463.2
 71507 119379 91878.4 51679.1 49330.8 41501.6 46948.3 47270.2 28521.5 22878.6 20238.4 17321.3 20240.9 17848 16779.7 21711.6 21908.2 22980.1 21213.3 21986.9
 71507 89641 74791.2 58606.5 34265.5 44264.9 36792.2 34472 35062.7 39392.4 40284.6 36890.5 49217.2 50929.6 58525.3 44666.7 44804.9 36500 31948.1 30709.5
 71507 164595 186601 100864 71294.5 82917.9 143175 138208 78699.4 79868.3 56038.2 51906.6 54269.8 50702.2 62817.8 63227.7 54410.2 43393.2 45349.6 55416.6
