 110882 151259 106964 96206.2 62760.6 77836.3 107444 100022 97352.1 87134.8 75289.9 103333 116509 115808 119024 113881 90489.3 70385 56493 54214.3
 172313 166278 120048 110058 111540 146707 158812 158094 188731 174998 175715 139149 97122 105120 97524.8 122639 110424 71722.2 61924.3 48336.4
 181671 197672 144408 164413 138605 113552 100222 89582.1 63838.4 42991.2 31944.1 23511 27417.2 15684.1 18911.2 23481.5 25253.7 29542.9 27408 25969.7
 148823 169050 213531 159103 117809 75232.8 66054.2 43152.1 57709.2 51653.6 72685.9 116953 107968 90122.4 66553.7 73765.4 77624.8 64964.9 41278.5 52622.2
 127557 132382 85285 53054.9 84052.9 60022 30782.9 30722.8 31842.7 40648.4 25016.4 26231.4 25874.8 26480.7 47593.2 54214 44351.3 36821.1 43983.3 32492.5
 142011 90459.3 61671.4 44516.4 29907.4 34535.7 36119.1 25081.7 17342.1 23509 24928 19661.8 21009.3 27160.5 30958 35891.8 49462.9 33085.9 29200.4 50058.5
 115082 128046 119208 102625 91681.6 56605.7 58250.9 52159.5 42587.7 40553.9 37560.8 37163.1 23793.6 12912.1 15692.1 11420.5 9794.62 9324.85 4544.98 2287.31
 141676 178862 200216 159905 101190 45774.8 41285.1 44955.1 67731 76561.3 73821.7 68621 52355.9 40213.6 48455.5 64796.2 55495.1 44582.8 41974 31263
 215559 243848 213715 157591 132968 61887.4 52758.6 68076.8 68638.6 74872.7 72380.5 59273.9 57520.6 57430.7 52970.5 72417.2 51499.5 65571.3 72165.4 78757.1
 106726 93423.9 105294 121131 102905 71167.9 75987.9 69446.2 58709.2 62495.8 67692.9 54761.8 45558.5 38608.6 45969.7 52286.5 69672.9 88286.5 93101.7 88467
 155677 87904.7 48474.8 34882.1 30000.5 44691.4 63496.9 60451 61270.8 52837.4 54608.6 80533.1 88069.8 96429.6 72921.9 67868.5 66568.5 27254.2 33188.8 27654.1
 170601 95523.7 57088.7 57725.7 66009.5 54735.5 46477.3 52367.4 69026.4 86899.3 77252.6 80071 67329.4 59663.4 54412.3 64649 80021.9 83165 44598.1 27842.4
 164613 124803 76351.5 40392.5 24291 34503.2 47975.6 48525.7 58971.1 52317.5 29801.7 41386.8 49080.5 48902.1 58987 51275.3 59029.3 74417.1 74879.9 61045.1
 229906 240713 264745 316123 289186 218303 160627 202796 147608 149066 97374.5 86516.7 103489 88049.5 66723.3 57152 27656.1 27251.8 43054.7 70211.8
 189099 170294 103748 50785.5 53309.5 57408.7 62434.1 65307.3 39714.8 23342.4 12266.1 13061.2 27658.3 34746.7 32881.5 47807.2 57804.1 46565.2 37893.3 32755.4
 250245 221384 133397 70458.5 54944.6 42364.2 29187.6 13916.3 11298.6 15103.7 9975.42 10512.7 10028.5 11648 18512.1 19229.2 28076.8 29061.9 28594 30976
 80978.5 189632 118049 66950.3 68087.2 87520.9 100881 131574 108005 105175 73425.9 63339.6 96072.6 75116.5 85807.6 71601.1 51379.9 46131.4 40101.6 38763.5
 130540 184182 152389 146860 158319 224058 144589 144205 103997 84161.5 58263 50099.4 49052.3 54119.4 53979.2 55874.9 79062.3 81557.6 68856.1 53936.5
 144366 139923 174780 174855 99605.8 90695.2 73171.1 70986.6 71724.2 58158.7 50682.6 56250 58984.7 49300.6 46597.3 38148.7 37873.2 34371.3 41276.4 48370.8
 154461 157318 96365 78842.6 45383.9 30942.8 37245.6 45384.4 41159.1 33019.6 31910.1 23758.9 19814.8 37322.2 43276.6 49600.2 41551.7 49128.3 81896.4 111805
 198402 210645 187204 167990 116396 81734.9 33635.4 30329.7 19152.7 15734.3 10177.7 22472.9 26577.3 30844.7 45561.2 44946.4 36602.3 36235.4 28778.4 25820.7
 141750 176380 167718 118613 80652.2 54877.6 39273.9 32635.4 44136.2 56719.8 83242.4 110936 105025 119130 109590 108561 173628 215942 339398 377526
 120978 151464 141391 112800 68344.4 53025.6 40607.4 36917.4 38571.8 34627.9 16328.6 19010.7 14006.4 13727.2 12910.3 13259.5 9793.54 13421.9 14113.2 21080
 92880.4 110810 131021 47103 151020 112075 103655 68051.4 73754.2 61230 78034.3 62563.4 46109.6 52450.7 55463.4 65998.9 69141.9 70829.9 83183.5 45464.9
 105228 118511 192010 122854 102106 33776.8 43098.1 58694.2 84586.7 58372.4 49415.6 38534.2 37014.4 37265.7 57789.9 59899.4 62449.5 68009.5 62260.1 59696
 74425.4 75343.1 43493.8 36961.8 12498.2 30378.7 28598.1 44045.4 31808.2 48717.6 50107.4 55505.2 49568.9 63556.2 85562.3 92040.2 76708.6 65028.9 66472 55401.1
 146634 120423 135091 97227.6 107185 74950.5 55344.4 34636.7 42181.2 41435.7 36376.9 31217.3 33607.5 24648.6 25128.8 17490.4 21795.2 25254.6 26783.7 21886.2
 145254 135672 224558 227622 196722 95777.2 74132.2 87110.3 95959.7 66951.3 64823.3 73170.7 58429.4 53818.1 52477.2 38965.8 34918.9 30505.1 27756 35304
 133904 109189 103638 89138.6 70696.2 58683.3 48536.9 35645.5 26314.4 18876.8 25209.5 38694.8 39690.8 34197.5 36078.4 50728.4 74854.2 61462.6 43945.7 39685.5
 191878 183837 109523 63397.1 71151.3 86004.3 92997.2 143778 183972 159446 131476 126974 118437 126599 104758 86666.8 55785.7 45798.4 26083.9 26655.3
 149759 130177 50044.4 19365.9 23053.6 43126.9 51425.6 45105 53729.5 36325.8 30772.8 26642.9 27879.6 44146.8 55536.6 52144.6 45664.2 31099 27679.9 20408.6
 145842 173797 195384 91019.3 107425 147773 125019 105117 113123 109612 65395 64211.5 84533.4 65963.6 74959 80726.2 133688 160830 217613 186294
 107851 99073.4 77635.2 66385.2 61675.3 38912.7 26204.9 18100.7 16021.1 21623.2 27197 23638.6 20585.1 17444.5 17521.6 19802.8 23723.1 43374.9 44992.6 51961.5
 121306 120985 94226.5 105357 74886.1 45920.5 61888.4 79972.5 43950.9 32743.6 18187 21832.3 33860.3 71758.4 70627 62277.4 61351.9 82494.7 94520.6 91889.1
 127295 149837 117363 60276.9 25513.7 21322.5 27388.9 19446.4 27463.8 31081.9 28941 31451.2 49676.2 68055.6 87051.1 63361.8 72994.8 54318.1 51086.8 46274.1
 112617 82649.1 74675.6 63707.1 70110.2 50772.7 37294.9 39356.5 43157.3 43477.8 38044.1 37868.5 30978.9 33623.3 28436.9 31883.9 25252.8 23966.2 17083.9 17788.4
 97691.9 122167 140279 108826 64080.1 68806.8 58867.9 54936.6 61147 57151.7 46997.4 31828.6 24931 20150.5 26281.3 31146.6 25334.3 23138.2 26626.4 27685.5
 100114 130853 137908 104117 68304.4 55265.9 41605.3 63966.2 55120.6 48605.6 57562.1 59864.5 68132.6 64570.1 78705.2 70236.7 41084 22163.3 13412.5 16276.5
 125548 139644 124935 90615.9 65193.3 83090.8 99875.5 91303.1 102075 96223.7 145727 176052 169870 89905 57798.9 66723 56730 45801.2 30682.7 36259.5
 132291 158803 89965.5 37941.7 43597.6 54891.3 45167.8 55713.1 83450.3 110422 100713 47947.6 49174.4 46480.6 60631.5 60544.8 66941.1 34426.3 17493.8 10666.2
 137882 163055 105914 93261 107445 111847 132752 157470 136430 147180 117156 102053 82879.4 68652.8 49171.4 46347.4 45914.3 50793.7 45269.4 47178.5
 157566 206723 186905 163812 161156 190022 206130 161810 126241 97670.1 69368.6 85755 70718 41537 22047.5 11804.3 9920.9 3687.24 3653.44 7062.72
 169948 176946 138209 120243 116816 121929 117002 116354 131445 124259 122986 91131.2 44658.1 39179.6 21816.9 26402.2 27123.1 12827.1 8588.63 5895.65
 142528 166373 111117 138401 150197 131777 122904 85638.5 50433.9 41688 48171.7 54542.3 29334.6 16740.3 20362 19750.8 26584.7 18246.2 21004.1 24037.1
 159060 141925 125525 114783 105847 79808.6 58311.8 54989.2 61618.5 89801.9 103142 92446.4 66408.5 75264.1 76246.9 73131.6 81072.9 69945.6 58296.1 68999.5
 120308 164718 144290 124557 156167 97824.1 139664 71583.3 80448.8 80744.1 75579.2 47962 45557.5 52582.2 63600.1 71446.4 88202.9 72949.2 46564.4 26174.1
 254640 252025 157701 104714 79336.9 47120.9 43857.2 41869.6 49542.3 67348.8 74640 55133 51978.9 55717.2 38538.3 36225.4 26315.5 31561.7 30408.5 22409.7
 140774 189723 170821 152168 140727 80164.1 59290.3 79179.6 107212 111187 92521.3 89975.2 89854.9 62379.7 60913.8 71983.1 70454.7 75618.5 71034.8 93733.3
 129090 160764 113479 92132.2 85398 57921.8 45725.4 47251.2 38946.2 21730.5 21537.1 21324.1 29870.1 32499.1 41784.4 42373 36363.4 41033.1 38355.9 36110
 178626 223162 142278 87596.8 90019.9 112572 82610.3 61680.8 52156.9 57951.4 68777.3 77190.9 75046.4 46905.8 49965.3 42971.8 16525.5 14624.8 16424.2 13732.1
 195747 299662 132836 115545 93194.8 97816 84642.3 77941.1 53867.8 67539 84645.4 67425.5 88107.4 113685 118788 161697 176328 119937 56694.1 72433.9
 100049 299718 230559 110217 61548.4 59485.6 68874 32124.8 101634 123038 182018 181414 129450 161045 230790 217017 240019 214307 164028 146181
 136352 180774 195612 237007 216930 198706 116013 96601.2 59933.5 51239.3 54676.6 65795 55974.2 39931.6 62649.6 65845.4 70836 62492.9 55198.7 65242.7
 157993 143715 85106 74120.1 54561 45443.2 28629.1 25165.7 39168.9 59206.6 65147.9 62299 67454.8 62895.1 52746.8 45945.2 67257 102539 126366 144202
 183325 200691 142085 117321 107937 81055.7 62449 37943.6 42426.1 58117.4 80910.2 113970 143308 120703 114806 114984 68135.4 38608.3 38642.1 44570
 185897 178956 151837 73306.3 39385.7 42251.6 46769.8 42518.4 44476.1 51237.2 28499.1 28096.7 29489 29249.3 28247.1 32167.9 31382 56472.7 55478.7 64750.8
 163923 131760 103539 83484.9 71600.3 56219.4 46708.5 42771.5 37994.6 37091.2 32383.3 29615.6 30581.3 39687.6 30495.9 41519.4 52907.1 61618.7 79657.6 77405
 122806 135336 116488 114769 93150.2 78954.5 56781.2 57110.6 56413.1 68502.3 56857 65200.5 41733.9 38144.8 53947.7 45489.3 56480.2 62773.9 51620.3 44054
 175457 183434 116515 39500.7 61847.2 49722.6 34553.5 34445.6 33000.5 38325.6 44909.8 44638 47031.2 49024.5 48130 42206.7 32162.1 37614.2 44994.9 45295.4
 124637 174642 129216 98630.8 68470.1 62857.2 58698.6 56283.5 51230.3 33972.5 37468.7 39957.8 38688.5 59253.8 56722 42606.4 71511.5 83803.7 95975.3 102818
 165613 144994 98231.9 107099 118933 125596 250805 281279 334027 239758 145455 119286 108440 96998.9 63247.1 46008.9 37033 24874 20324.7 15825.4
 175058 235552 176563 104929 80920.8 71132.2 73933 65135.6 53353.9 48535.3 41871.2 46613.6 65705.2 65520.2 51399.9 37002.9 61990.3 64051.4 62971.4 71516.3
 56158.9 202176 161705 154722 150256 168862 152982 101422 101964 104012 67640.1 53451.3 74214.2 52546.5 46792.5 55542 50600 41744.3 41316.8 43202.8
 118625 83050.1 69575.4 84438.8 75158.1 74291.2 109689 86741.8 109187 114719 110177 114403 81467.8 75845.7 65751.9 70932.5 69765.3 75046.3 79092.6 94877.5
 56938.4 185676 98062.8 72764.1 49590.4 48384.2 38928.8 37034.2 15636.3 18712.8 26599.6 45005.8 47366.6 24398.4 22580.1 30178.4 34251.9 27964.6 31774.1 28488
 162268 147548 81461.6 66693.7 46141.8 22749 44647.5 56497.9 73998.1 69687.9 38157.8 39929.7 29657.1 30336.5 30943.2 27521.4 24964.1 23055.5 34830.1 62482.1
 158152 128438 72360.7 57462.9 38208.2 30408.7 23527.8 20940.3 39257 65139.7 85401.5 105746 115758 96375.5 91718.3 94881 109553 75886.3 67185.4 49476.6
 162063 170806 181978 137121 78231.4 66524.9 104200 119339 85570 59740.4 40768 27901.2 38209.6 51455.2 70839.4 110438 108760 110233 119466 167910
 75371.5 262062 140221 59426.6 78248.5 90769.6 48352.2 91086.6 49806 33183.5 35501.5 41730.4 45188.5 57145.3 53878.9 20029.2 12436.4 17412.8 27026 33907.3
 84952.8 294939 198247 79756.2 55700.2 47009.2 101798 28930.2 36697.9 40859 53137.4 61014.3 59097.2 86836.9 138130 152420 208538 237399 160745 140288
 152268 181333 152669 115598 82777.3 38154 19236 17045.7 15532.8 19968.8 23615.7 26128.1 47218.7 88683.1 114425 92354.9 120580 96253 87833.8 65345.8
 143266 171480 155247 129306 121138 65782.4 99523.5 134222 97854.7 110842 70400.8 65619.6 79815 56328.5 42806.2 38249.9 45232.7 44808.9 43870.1 49038
 103633 155472 112745 110310 122344 113875 84091.4 108394 101848 109702 85831.3 81281.1 90173.6 88616.9 81481 58153.3 67215.3 62739.1 50431.3 50555.1
 132360 137558 167950 174967 123066 95097 100629 66197.3 31588.1 23939.5 19870.2 24736.8 27311.2 42393 65589.3 82354.1 103262 113969 168295 123433
 121589 97099.7 77237.7 61573.5 63062.4 53912.3 36570.8 37006.5 43020.9 39230.2 25757.6 28736.5 24354.7 19445.8 16584.4 11773.4 6616.92 7526.34 7367.63 9908.47
 179209 120736 114967 136293 124226 146243 161810 193905 113872 61561.9 70174.2 69808.1 57806.6 64000.7 80930.4 64412 56085.9 46790.8 37164.5 57341.5
 189713 164780 95205.6 99976.5 54005.2 28248.6 47065.2 67288.3 88551.3 59808.3 31414.9 32622.8 53692.9 84378.7 96818.4 77823.1 59850.5 53506 52440.7 87274.2
 119553 126282 161404 119707 90876.6 70659.9 79629.2 79205 82850.2 62401.3 59122.3 55756.1 63866.4 62408.8 63971.5 34308.2 34500 37816 31283.4 36529.2
 114249 103207 85679.6 90017.3 100395 63002.4 79822.3 53585.6 57056.5 54809.2 43207.4 36039 31035.6 44136.2 40698.7 52715.8 82698.7 65356.2 52658.1 58349.8
 95273.5 109806 88666.1 49700.8 50659.1 32810.2 38431.3 49219.7 50549.8 44620.4 42958.3 42963.4 36023.3 32283.3 56782.9 86122.2 83776.5 88940.2 50546 50335
 115478 114034 62540.9 27029.9 19428.9 14313.5 16386.4 18890.5 24726.9 31344.7 32827.4 26609.6 15144.4 18236.6 24309.5 21876.6 23536.4 30819.6 43871.5 44077.5
 158415 210930 238862 164732 89854 37532.3 26198.3 19521.9 13822.5 18829.6 26111.1 24771.2 29067.6 20990.1 20491.3 22791.3 24736.9 17683 14236.2 16936.2
 148249 137880 92756.6 78330.5 36220.4 44793.3 11271.3 28155.4 19992.9 23326.4 23763.1 30343.2 40810.1 50240 48303.3 40146 36537.8 35416.3 30436.7 35637.3
 177101 244355 263276 178821 96219.3 74922.5 71487.6 51818.4 91055.5 106462 61671 67332.8 73491.4 48172.5 42440.9 42184.1 44437.3 57142.7 78322.2 56023.8
 136747 138797 170108 185459 226952 187591 168963 147840 89658.6 94157.8 60949.7 47270.2 55752.3 56245.2 35626.2 36486 42019.8 39117.4 40388.3 50073
 120834 118779 137273 177260 181908 162225 87449.1 73071 67249.3 43569.1 33641.3 24012.2 19257.6 20820.5 27046.9 26587.8 34142.1 35826.2 26144.1 24283.4
 148099 197524 171864 133466 157068 142829 148069 122845 103784 95303.3 82996.5 65208.7 57870.1 54858.8 51907.9 63894.9 67314.6 55201.9 52298.3 49133.3
 159119 165724 154730 70211 83435.9 119679 121239 111868 117899 132052 59050.5 47454.5 50845.7 53755.6 49807.1 56066.7 70515 75762.9 32968.5 18413.3
 151955 156714 163146 172400 172938 153389 115825 100382 76740.3 73265.1 64564.1 52542.9 49467.2 23570.3 24468.9 29663 27387.9 31319.4 30985.2 34422.6
 94406.1 125453 78414.1 58717.1 62027.5 35797.1 35124.9 25728.9 16800.8 16033.2 17427.5 29693.1 36484.8 48592.7 80239 95031.9 70506.2 37983 22667.8 20135.2
 144055 222717 177532 170673 155378 149550 127791 122407 99156.9 101078 80408.5 62634 86814.6 79669.2 80610.5 56707.6 41453.2 31370.1 21326.6 12931
 214700 275628 150501 151464 147383 115707 76972 32173.6 18076.6 31611.4 43335.7 43849.1 41107.3 37611.3 48093.8 70914.7 76816.5 62924.6 69526.6 50958.9
 196484 275808 221946 113233 36352.7 30685.8 50500.2 52949.8 49365.4 32282 25685.2 21220.1 16413.1 18446.6 16480.4 22015 27708.6 24415.7 30812.1 32950.8
 91102.5 141693 103576 113832 113701 91676.6 68825.3 46200.1 51445.2 48498.5 41147.4 64852.7 81475.3 73929.5 77492.8 80027.3 73998.5 74471.9 58800.1 35224.8
 130058 110792 108695 126848 152767 116226 51266.3 77657.9 55136.3 44089.2 47350.1 30707.6 30419.2 26569.4 18752.6 11228.2 15121.4 23794 29518.9 42969.1
 76556.4 53471.9 54013 64885.2 79443.6 55599.8 91461.1 49477.5 30521.3 22470.4 12215.4 13546.8 8628.36 4539.89 10556.8 13844.9 21114.8 32476.9 36448.2 33042.1
 85695.9 72167.8 70694.4 38856.1 37053 45496.5 47260.9 36268.9 33110.6 30214 38926.5 35692.7 49469.5 75550.6 83006.7 96654.2 101824 77240 38625.9 28116.4
 77876.6 80538.6 60885.1 54215.5 50887.7 60844 49970.5 35032.9 30350.2 20021.5 16212.8 16566.9 11887.4 10128.2 13243.7 11139.1 12447.8 15516.6 26195.4 25493.1
 75035.5 81841.8 107324 125549 90181 90124.5 79782.4 73118.5 74267.8 56877.6 67056.5 61815 52762 64739.3 53502.4 29800.1 22586.3 25901.4 22883.7 11461.8
 105617 131745 49938.5 42473.8 45355 26452.6 17917 16941.8 18329.2 32038.4 50985.4 63166.3 79958.4 122067 98223.1 114695 155746 158146 118420 96306.3
 103617 145292 152305 201217 251116 203596 145277 102291 93454 79961.7 48817.2 40750 52529.3 44504.1 31262 28989.3 29026.5 14522 15699.2 18177.3
 156597 144073 102240 102227 88200.5 73927.3 52832.8 33793.5 29009.9 19758.6 25703.9 26450.8 24752.9 21642.5 30924.5 41129.9 46137.9 52822.6 40290.3 42923.6
 130643 138751 147118 81188.8 69823 63273.5 77865 83591.9 74388.3 49616.7 63005.4 73668.5 71541.8 26544.1 27755.6 34735.1 64785.9 98566.1 100026 91197
 96981 95370.1 69473.8 24898.3 70267.7 53151 59505.7 57184.2 53374.1 67662.5 91668.1 96383.5 67713.2 79136.8 72671.6 57440.6 33722.8 40031.1 22615.1 25298.9
 128195 122122 87365.9 81381.1 71271.1 59439 52149 53158.7 59463.5 49807.2 48563.9 46813.8 69078.6 72338.5 25363 19073.3 13771.2 6549.13 6340.71 7508.46
 108536 90979.3 87116.5 61938.6 51166.1 27424.9 25533.1 34210 33599 17207.3 19644.9 18378.2 7323.25 4761.44 2367.22 1623.05 3361.87 7919.16 171724 12782.9
 116077 151240 140835 93229 85499.8 74462.3 58250.9 56701 68373.9 70248.5 54229.2 78468.8 74747.5 56041.1 32952.3 22981.7 17089 11406.3 8464.33 6718.29
 98034.5 75215.9 65041.5 66471.7 69419.1 92496.6 75102.7 75320.9 45338.7 40014.9 24026.5 15587.7 23798.3 26302.3 27565.4 35739.9 40905.7 36756.5 79457.6 97167.4
 147232 231528 233596 236482 114696 122483 88557.1 107587 88622.3 69799 68140.3 64015.5 62606 88313.4 91841.4 91394.5 68183.4 51736.2 49690.4 33528.3
 83183.6 302637 287675 166512 159465 126591 83977.7 77797.6 107808 105808 130349 109305 48050.4 36075 51064.1 60653 85026.2 74524.1 63493.3 88111.4
 144387 220412 198671 131107 75587.9 47729.7 46723.4 40696.8 32415.5 38991.5 38365.5 40796.2 47532.7 34809.6 31998.6 23947.9 16195.5 12992.6 12053.4 6834.48
 148721 169944 168597 125286 97321.6 88791.5 71812.3 52982.6 57846.7 53520.3 58063.9 50586.4 57564.7 88892.4 79111.7 71066.3 59980.6 46450.5 23778.5 28970.5
 95397.7 109432 84730.6 76341.9 43829.6 37727.7 49464.2 57152.6 47146 45051.9 47821.9 64221.5 86352 106011 143533 133961 123407 94099.7 99604.6 92615.7
 96266.9 108763 140627 124521 112831 102957 97720.2 77215.4 46548.2 24616.2 25059.1 22755.6 28904.4 26097.1 33779.5 43441.4 51979.9 47695.5 62231.8 73197.4
 154731 122380 70988.1 64475 50848.9 42157.1 46451.2 23905.1 24134.1 27678.1 31849.3 57363.3 82268.5 75114.5 83261.7 49050.8 49211.8 60413.7 70276 76764.9
 117778 94741.1 48446.2 68655.4 41234.3 47155.3 44822.7 61198.1 115559 140527 171288 162491 116250 97254.9 92850.3 82831.1 80750.3 92354.1 129174 134505
 128940 169443 103173 105491 89263.4 68874 98923.3 98780.4 89225.4 107135 104110 67090 60752.9 60431.3 80885.6 70373 68470.9 68778.3 73248.4 51759.1
 119551 88383.1 62846.8 78015.3 82639.7 88962.9 103433 129752 139073 105318 97334.5 113208 89231.4 65287.1 47074.2 31154.6 19929.7 14464.7 10957.2 8163.79
 82379.6 243005 212995 195889 188423 182008 115101 79129.4 98940 156331 73559 43501.9 19970.6 15778.9 8694.31 12417.9 15740.3 18791.7 19662.5 29102
 166997 151561 119578 69612.3 48027.7 71515.5 85722.4 53171.4 49643.2 34685.5 43418.8 57237 91647 64531.4 71381.3 65309.6 61800.6 57381.7 46919.8 27124.9
 194806 294039 142931 136246 183647 145745 117973 80247.9 88802.7 73265.8 69514.2 43737.2 42386.7 28166.5 41792.5 43153.6 37141.2 24751.1 18655.8 14679.9
 167590 153547 119037 101520 72773.8 44642.8 47511.4 29149.7 34929.4 63621.2 92219.3 92258.7 92039.1 89267.7 71278.1 49625 42802.8 36020.6 33824 32474.1
 216828 322740 174971 128251 123399 158055 121849 66149.9 61514.4 51250.4 22338.4 18932.7 26629.2 24539.8 18617.8 15092 11099 9807.16 4534.84 2710.88
 130291 110539 141724 145526 122368 78590.6 77133.2 79858.6 71790.8 45913.1 64671 63888.8 71991 58359.1 65694.3 70909.4 101373 140821 129692 152159
 148844 155053 199292 151750 102630 55678.6 44020.2 44312.8 27705.8 32235.2 29651.9 31288.1 16270.8 12145.1 17755.1 18044.3 25552.8 36317.7 37584.4 40348.4
 139152 165224 109780 98434.1 125453 134505 105479 114359 121576 83021.2 86166.8 56176.5 50938.4 55062.7 59197.5 43033 40697 50688.3 42584.9 39432.7
 142852 159317 154085 177665 223860 152852 104172 74045.7 52476.7 85770.9 99831.4 95076.3 96539.5 73649.2 92706.6 80543.6 102237 97053.7 89760.9 61090.7
 162462 157462 132324 182084 163631 89548.4 102239 97360.1 106910 83963.3 50999.9 44019.4 30091.9 17811.9 15436.8 11896.1 21225.1 30974.6 30460.5 26689.8
 84146.5 114962 115492 72936.5 68887.8 98683.4 135933 149652 136223 86421.4 87108.6 85342.3 78100.4 68782.4 62208.5 82828.2 78265.7 66997.8 76347.9 59857.5
 181712 184745 134979 143725 157744 232637 310223 215872 126623 119831 117215 155413 94959.3 91759.9 55778.8 47952.3 39669.6 39720 33651.7 34885.7
 190578 175645 94697 81988.1 45850.5 42329.7 35805.7 37230.2 40964 15849.1 16927.5 21339.4 15694 11941.3 15241.3 19351.2 27430.9 34222.6 35823.9 46476.6
 160236 120220 67553.4 58559.7 53886.6 60551.4 95252.1 121465 95756 72957.4 85438.9 79015.3 69610.6 81907 73151.1 79320.1 63848.6 43485.7 45230.1 41292.6
 161258 200179 132756 75260.5 59389.1 81160.9 88282.6 103850 99869.4 90785.6 52440.7 40370.4 24519.9 27759 25129.9 23047.9 17166.2 20066.2 29076.8 57067.5
 124793 128812 82763.2 60917.9 77160.5 77849.1 69949.3 65361.3 73440.5 51334 41492.9 67252.6 94291.8 95882.9 82817 72355.6 65143.7 81848.5 108529 71622.7
 118212 173681 117646 89833.2 46372.8 59317.8 68067.9 95148.7 104749 102683 69288.3 50296.2 38405.8 34170.1 34709.6 38106.2 37038.4 59900.6 80313.6 96162.9
 129826 153961 126486 48539.3 165831 85981 84617.5 83952 43600.3 57577 47046.4 28287.2 15087.7 19977.6 35256.9 34435.3 29270.1 32401.6 19279.1 14535
 151691 92536.9 95082.7 81753.7 91619 82708.7 57350.3 73708.3 102857 70341.2 78814.8 86868.8 89176.7 95276.4 61210.6 47224.6 43345.3 41737.8 36470.7 31074.3
 133224 170369 174008 128343 104801 92105.9 103165 83209.8 72496 43394.3 54983.8 71086 64865.1 74897.2 60672.4 60183.4 48871.1 56514.4 76476.6 107713
 105688 96717.9 54445.2 64910.8 54553.7 72531.4 66877.6 80908.1 66393.4 65153.9 58820.5 63242.5 64117.4 71788.1 61251.3 55475.1 40289.3 42354.7 40673.2 47349.4
 128836 140261 69236 59183.2 62707.5 87725.2 100401 85411.5 59584.8 39470 23979.7 28811.8 30184.1 38791.3 45299 64744.9 79490.5 75445.3 58636.4 61614.8
 121961 141911 74143.1 15264.7 57624.8 86166 91114.9 124606 106800 81877.1 78876.5 83168.9 97908 87110.8 55376.5 39225.2 34756.4 16173 12216.4 13696.8
 149535 80093.4 76355.8 68264 71316.3 63570.2 62712.1 70328 59690.5 70423.1 64053.1 51874 42891.4 38106.6 40143.9 48582.4 43670.1 28841 25965.1 26967.3
 133145 121001 68243.9 80215 61939.5 57387.5 58827.9 48835.4 48693.2 58001.4 51644.9 47872.1 37526.9 43981.6 48145.8 57818.9 62947.8 51039.9 67205.7 68842.7
 144836 118649 124837 28971.9 92967 50257.2 27371.9 28879.5 29154.3 28987 31183.6 41613.8 50633.8 42681.4 37164.7 36797.9 44881.1 52608.9 73494.1 97234.8
 175755 128684 96191.4 41579.4 30648.7 18559.2 18741.2 15780.6 10633.2 7382.97 5347.63 6201.6 13051.3 25087.4 35423.5 48237.4 37840.7 24900.3 15934.7 12029.6
 149023 183075 173777 87776.1 94296 95551.3 52740.1 41717.7 57288.4 82809.4 71342.2 54619.9 55918.5 46524.7 62769.7 50815 36393.4 51894.8 56647.2 51342.5
 92231.8 66130.3 34932 40377.8 29779.3 17042 23059.1 21636 10496 16525.7 15715.2 13266.4 13973.5 12890.4 20581.4 35112 42913.4 57049.2 80358.1 87483.1
 133917 135909 87728.1 94092.7 74982.6 97925.8 113508 81017.7 55698.3 45668.6 34060.6 26432.9 23361.3 22863.8 23492.9 29824.5 48366.6 55152.6 35684.2 40200.8
 104937 109642 111537 102626 103172 68362.1 36720.5 55282.4 36848.3 28349.6 33801.2 53870.8 53799.7 29127.4 24248.2 16709.3 14696.9 15591.2 28880.6 36876.3
 192551 160252 69463.1 75252.8 36897.4 45810.4 46869.4 55140.8 51308 77493.8 105626 128022 133167 132074 99642.4 86628.9 73121.6 65844.2 78087.9 73882.8
 200278 231635 144902 178557 155504 137360 136951 117325 101885 72402.9 70598.6 84933.5 67832.6 50250.8 41492.9 67716.9 87129.2 144571 164746 138665
 93235.8 112967 108145 126924 94107.4 97711.7 91477.1 95890.2 78662.7 52150.1 39979.2 42542.2 31425.6 33220.8 31361.2 54591.4 87033.3 135207 165577 109285
 114759 107379 87763.1 67244.2 65323.4 65236.7 54417.8 44637 51610.5 57336.3 65943.3 43744.2 53315 50976.9 64952 84407.2 73651.6 70592.1 78111.1 55057.2
 96033.4 93873.4 99498.9 57399.9 53245.9 46041.5 49500.6 68890.9 71073.1 52842.7 35338.9 37385.2 31361.7 30248.5 26291 33864.2 39115 33196.5 19465.2 15925
 100940 52210.4 45985 49518 53308.6 45936.2 46393.8 45355.8 38581.4 41701.9 27624 14863.7 13164.7 8893.06 6411.67 7831.73 8843.54 11819.3 14523.9 24798.3
 101911 109552 41587.7 37336.8 30310.5 39463.1 40742.9 41336.4 55495.1 47996.2 55284.7 53099.2 48869.3 35400 32683.7 34130.5 43661.1 48263.5 55599.5 59561.3
 118734 137640 126580 88483.4 60297.3 46536.4 39778.9 33408.3 35394.9 39591.7 40269.7 54172.2 42955.6 44485.5 41989.3 30735.5 37845.8 39352.1 49088 86492
 130745 94592.2 75111.3 19594.5 73359.3 61271.2 40969 43071.5 48717.9 54944.9 56515.3 46571.8 45734.5 64367.9 78908 77341.5 70507.2 79791.8 77110.7 63498
 179926 205690 117377 83074.6 78880.7 86793.2 68840.2 87920.4 78194 54095.8 39643.5 48537.8 50516.1 57564.9 77459.7 100432 66088.6 41233.6 33766.7 26986.7
 131163 108421 117495 101186 76305.5 101269 206593 298420 374564 426043 236473 188823 153073 140392 112484 115679 97824.3 138049 162345 90699.5
 88235.3 260567 225156 124700 78094.3 44205.1 20922.3 26893.4 35593.4 45464.8 62302.3 47420 35028.3 16284.3 4213.26 2514.46 1810.83 3957.2 12343.7 168343
 153285 168347 160491 182948 166314 162325 129028 145732 157847 117410 111997 73447.2 46041.4 47639 39816.8 27422.9 18717.9 11462.4 15772.1 14577.9
 107633 106757 62784.9 53718.6 72512.2 30729.1 27548.6 43432.1 65144.2 78460.5 55828 84717.1 90726 102323 85646.6 97486.6 94143.8 90569.5 93116.6 127199
 127111 127928 147666 90713.5 62875.4 73447.3 61366.9 40153.8 66508 77207.6 79736.2 67586.8 55391 48583 38358.2 26226.2 19347 21243 19200.3 18239.7
 137123 142207 89200 88194.1 84146.4 70299.1 88340.7 115916 78837.8 47560.3 31626 23217.3 23442.8 28366.8 42889.6 47876 43702.5 39199.6 26471.9 18222.7
 85392.6 79462.4 148198 206429 140550 122322 130377 148842 194491 151860 111630 132059 117181 165051 199977 112728 112327 116416 87848.5 94059.9
 115054 126357 105587 78952.2 84966.1 72556.1 90669 97547.5 60976.7 47611.2 61527.5 67199.2 63465.7 42384.7 48697.1 69252.1 64828.2 71748.5 82511 81747.9
 75777.8 94768.4 74460.2 58975.7 52980.8 38019.7 45343.8 50468.8 63109.1 72392.7 123071 128767 100201 93002.1 86229.7 109359 98005.4 77790 53111.4 38402.7
 82701 78979.3 39055.4 24874.4 33592.4 36013.2 41906.1 68097.8 70865.1 59450.8 53983.6 24738.5 32877.6 33809.6 51268.2 67627.2 71647.3 87931.1 66590.1 74512.7
 65478.2 58582.5 54156.4 33910 19981.2 21076.1 18673.3 27175.5 24883.2 31041 30709.4 30462.6 49541.8 66411.7 75827.4 85462.8 61538.4 53037.1 45697.7 46461.3
 107309 166589 187617 216824 163052 144962 129816 103437 76978.5 59754.3 54072.8 88911 145837 129502 162282 119001 96854.4 108587 85076 73496.9
 151082 171878 141680 134046 105610 87400.5 97649.2 120817 103035 118194 175525 157518 203412 137770 80433.9 45787.4 44497.6 53604.4 67365.2 42059.2
 123034 181890 167584 167530 97683.7 117460 115249 94707.2 109881 68074.3 37060.7 45995.8 63788.9 59215.5 42489.7 41402.1 40926.1 44129.9 52702.4 54398.2
 119587 185723 228833 204620 173097 131769 78045.7 80991.6 75168.3 42903.4 20988.6 14039.7 17947.3 25882.4 32819.5 34245 29144.1 28274 36542.6 33987.7
 91581.3 94258.4 63207.3 38157.1 47393.2 51660 72108.3 59624.3 40685 35697.4 44807.4 37333.9 55565.4 71123.7 59242 31170.2 28599.6 40466.3 38172.8 35807.9
 122743 133603 113717 46721.7 38634.3 68370.6 59082.9 66060.9 60622.7 78108.9 84499.4 63743 70692.5 63366 33806.4 26572.5 24155.5 21367.4 38817.5 44027.9
 118966 133276 113147 71731.9 64195.8 62053.4 45780.9 43103.1 51741.5 37043 32919.8 28595.3 29597.8 28408.9 39919.7 53929.6 46611.1 60945.5 70554.8 85796.6
 138592 189403 203332 164007 97302 75047.9 80604.4 92834.7 83424.6 50860.2 37123.2 36894.2 42034.7 25623.3 13653.4 14270.6 11520.5 8053.08 4619.97 3765.5
 149710 160074 140266 89590.8 88887.6 94378 95149.1 91838 101991 84479.2 106521 90577.4 94889 99154.3 117228 123274 103227 87574.3 41933.2 31010.7
 144418 178785 182015 209521 231606 151282 173340 156450 96400.3 104514 110831 110964 104615 104323 81952.5 62438.8 60555.1 41099.5 48392.6 37559.7
 122815 157186 169357 48834 28999.3 20401.7 13408.5 10634.1 14804.8 20538.2 20738.3 34798.8 41630.8 42739.1 48092.9 63990.7 60677.3 72017.6 47675.3 18738.3
 161604 187085 171682 109695 68216.7 64132.3 76473 85989.7 80987 77900.6 65279.8 96703.9 102087 97352.7 50130.1 42051.8 30909.7 25386.7 25354.7 16848.6
 175497 123256 89162.9 101780 117657 125483 149380 119553 119985 96722.9 54674.9 48395.9 45197.8 59557.7 84450.7 106515 121810 179933 176620 128628
 168360 171813 117774 88270.9 63580.9 61773 61037.2 34788.6 31575.3 21380 23801.6 26586.9 38323.2 54821 87337.1 99191.6 112946 80978.2 55023.2 83323.3
 207384 234760 162908 170957 134423 169502 223444 201868 126940 107091 86008.1 77158.5 71505.9 42325.5 34257.2 42708.6 42268.5 32471.6 37295 33941
 168875 204130 210338 169266 161363 118047 55342 33615.1 17337.3 9387.35 8032 9767.2 11938.8 9681.08 9254.45 15871.8 25245.9 29553.2 25915.8 24241.3
 200733 149642 170650 181796 131176 94158.7 102375 83867 83459.9 79728.3 63490.6 45228.9 67949.3 78100.2 85131.7 84979.1 109228 136973 147787 108354
 255396 365755 337679 218520 129827 93742.5 67052.6 76844.9 73114 34336.6 26679.9 24133.2 19018.9 11846.1 11345.5 18309.7 19198.6 28831.8 32483.6 34887
 201592 189127 150644 141257 155840 121189 90926.4 110655 85638.5 62291.5 62079 61025.9 52350.1 47139.2 32335.4 30320.8 16935 20581.7 25093.7 42519.5
 118118 122515 153116 87709.5 80741.7 105521 92243.3 76746.4 96377 110606 60453.9 60539.2 57122 43783 41946 38987.7 37885.6 29312.1 24061 23372.9
 123905 124083 107168 220807 238525 195393 212823 161680 185209 130653 91764.6 90998 106161 93552 106120 100174 69322.3 62967.2 37809.4 21493.5
 128105 153219 101358 77589.6 79210.1 79774.9 84182.6 122506 152301 152395 103880 93839.8 58968.6 63578.8 82369 89826.4 91146.3 84567.9 60889.4 44830.6
 147865 177011 133447 35068.8 97936.5 114008 123602 135778 218718 246633 192392 132442 58842.3 70041.3 55231 42977.4 44075.1 41433.7 43690.5 56837.1
 164060 207844 131787 115460 106179 87056 78632.3 72833.1 83961.3 61278 40896.2 33469.7 25270.5 26484.9 26169.3 32927.9 55728.5 60928.5 53096.8 39982.4
 144973 197891 174260 132169 67649 111155 81087.4 78336.2 67400.9 86632.4 92378.3 53882 30119.7 23101.2 24454.9 21423 25167.2 47598.2 55162.7 40445.8
 106204 127513 128855 149872 97930.3 84913.6 99695.4 96394 84533.7 54782.9 50725.8 59464.8 58464.1 68319.9 87718.6 96118.5 69327.2 51168.8 52337.4 42056.5
 147739 175837 113872 57589.2 52500.8 39265 27196.5 29989.5 24493.3 20486.2 25581.5 31953.6 41258.1 30966.5 28107.7 21401.6 14368.7 12698.2 7687.7 8310.85
 177482 149310 69932.3 60956.5 49347.5 56435.5 60922.6 28515.7 16496.7 11788.2 6681.75 10783.4 8750.2 6814.08 13887.8 16947.4 18689.5 16635 17325.4 17371.5
 134181 114386 78323.4 37937.8 49647.1 43610 39541.2 38288 46686.7 47355.4 42348.4 59748.5 69150.8 80893.7 60704.5 57052.3 43524.7 32244.6 29225.5 23522.2
 239793 301321 155808 100930 114885 196735 222305 124350 122771 79533.5 64585.4 66658.2 62574.3 79921.4 85425.9 72914.9 50207.5 50011.6 67880.3 94322.7
