 16376.3 16777.3 16118.5 15800.2 15078.8 14106.8 15425.3 15274.2 14644.2 15087.2 14823.6 15180.8 15339.5 15358.7 15420 15430.3 15267.6 14940.7 14623.5 14505.7
 17109.1 16860 16309.7 16019.1 16049.5 16338.8 16488.3 16552.8 16385 17151.2 17388.5 17263.8 16733.3 16828.6 16752.5 16931.5 16799.1 16262.4 15999.3 15683.3
 15010.8 17016.4 16568.3 16752.7 16585.2 16309.7 16128.2 15956.5 14916.4 14893.9 14361.8 13796.5 13599.2 12922 12699.8 12550.8 12430.4 12260.6 12069.2 11858.2
 16927.4 15062.4 17321.9 16880.8 16476.9 15820 14670.2 14862.6 14312.5 14543.8 14756.9 15228.7 15202.9 15005.4 14724.8 14718.2 14712.4 14520.4 13968.5 13945
 16743.5 16444.8 15748.8 14863.9 15197 14605.6 12994.4 13461 13243.6 13229.9 12631.2 12375.8 12126.1 11945.6 12071.4 12025.4 11840.6 11625.4 11631.6 11378.1
 16915.2 15840.6 15176.5 14439.9 13599.7 13458.3 13270.6 12746.6 12155.8 12030.5 11839.1 11508.8 11319.5 11239.1 11211.8 11146.2 11326.3 10986.8 10757.9 10834.5
 14624.5 16599.6 14783.6 15998.9 15854.4 15091 14989.4 14736.3 13723.8 14065.4 13824.3 13586.1 13074.6 12399.2 12092.8 11690.7 11287.1 10971.7 10440.6 9947.75
 16869.9 15265.6 17299.5 16928.3 16388.3 15128.1 13946.3 14630.6 14151.5 14911.3 14875.3 14745.9 14390.1 14024.1 14063.4 14092 13932.2 13636.7 13492.2 13115
 17446.3 17509.4 17355.6 15617 16682.4 15640 15208.9 15338 14623.5 15144.1 15123.3 14825.7 14676.2 14579.6 14401.6 14516.6 14200.4 14218.4 14224.6 14297.6
 14484.4 15944.8 16019.6 16085.1 15777.5 15180.3 15152.9 14877.3 14037.4 14486.2 14491.6 14183.8 13849.5 13502.7 13497.6 13466.6 13633.1 13672.8 13756.1 13700.7
 16883.1 15809.3 14712.9 13899.8 13359.7 13448.7 12837.9 13464 12739.1 12620.2 13069.3 13262.1 13262 13364.6 13161.8 13075.8 13063.2 12280.9 12192.1 11965
 17067.3 15911.1 13744.3 13570.7 13567.3 14119.5 13062.6 13690.4 13832.3 14006 13878.4 13923.1 13712.3 13541.4 13425 13433.5 13501.6 13521.2 12971.9 12454.9
 14958.7 16281.6 14181.2 14348.7 13388.7 13395.1 13522.7 13407 13479.4 13339.9 12667.2 12699.7 12698.5 12678.7 12700.4 12600.6 12574.1 12723 12703.1 12540.7
 15280.2 17445.2 17835.7 18392.8 18430 17098.3 17829.6 17474.9 17903.6 17601.5 17468.3 17285.7 17465.1 17191.1 16824.7 16496.2 15614.9 15213.6 15220.9 15513.8
 17025.7 15069.9 16006.4 14759.1 13656.5 14444.7 14370.5 14309.8 13138.3 13040.7 12244.7 11880.7 12054.6 11966.5 11820.2 11848 11893.9 11733.3 11536.8 11350.5
 17414.8 17095.8 16491.6 15489.9 14928.8 14438.3 13770 12779.4 12290 12037.9 11558.1 11229 10916.7 10702.9 10666.6 10548 10582.5 10479.5 10352.1 10313.1
 6218.72 15175.5 14942.3 15462.2 15156.1 15282.6 15289.4 14962.3 15452.7 15065.6 15035.9 14779.9 14980.8 14734.9 14761.2 14475.8 14110 13907.7 13640.7 13429.2
 16667.7 17141.6 16801.6 16711.2 16882.4 17449 15871.4 16890.5 16490 15613.3 15593.5 15319.3 15102.9 15001.8 14856.5 14716.6 14819.9 14838.1 14660.8 14322.6
 14926.4 16679.8 16995.2 17053.8 16186.2 16085.5 14803.4 15581.9 14912.3 14610.6 14681.3 14696.4 14672.9 14324.1 14096.6 13749.5 13607.3 13261.6 13235.9 13203.3
 17114.8 16876.4 14647.1 15614.3 14705.8 14002.8 13898.6 13868.8 12984 13245.6 12967.5 12543.4 12167 12269.3 12231.7 12176.5 12041 11992.6 12219.8 12377.9
 17529.1 17526.6 17401.1 17352.3 16806.2 16395.7 15264.1 14931.5 14195.7 13785.8 13161.3 13263.5 13169.7 13139.5 13280 13158.3 12964.2 12766.7 12518.9 12306.1
 14851.8 17235.8 15495.4 16685.6 16113.8 15609.1 15083.5 14693.5 14806.9 15032.9 15403.4 15741.5 15708 15838.9 15871.1 15918.8 16379 16704.4 17543.7 18040.5
 16818.5 16919.3 16706.2 16329.6 15566.5 15101.1 13793.3 14238.8 13403.9 13796 12935 12729.8 12190.2 11919.5 11615.2 11370.2 10924.5 10752.2 10594.2 10539.1
 16303.1 16342.8 16431.5 6107.38 16434.8 16215.8 16189.4 15591.5 15552.9 15283.7 15436.8 15104.9 14628.4 14623.8 14540.7 14545.7 14511.2 14434.5 14483 13918.7
 16464.3 16471 17051.9 16325.1 16076.6 14582.3 14461.5 14600.5 14141.6 14473.2 14226.5 13756.7 13557.5 13369.8 13502.8 13535.5 13458.2 13466 13372.1 13280.7
 14091.6 13985.5 13303.2 13948.8 5547.93 12978 12766.1 12963.4 11880.4 12609.2 12480 12543.6 12384.5 12524.4 12646.2 12781.1 12593.2 12446 12448.3 12270
 17138.4 16394.1 16388.1 15893.9 15915.1 15432.3 14195 14305 13714.3 14072.7 13711.1 13375.3 13238.2 12798.8 12572.9 12071.6 11928.8 11849.2 11736.9 11455.7
 16935.3 14889.9 15616.5 17422.4 17460.2 16348.9 15999.2 16169.6 15677.6 15744.1 15668.4 15721.6 15340.9 15161.6 15003.6 14511.4 14221.2 13940.8 13604.3 13505.5
 16811.3 14624.1 14489.1 15507 15073.2 14707.9 14357.5 13165.4 13262.1 12715.6 12630.4 12697.9 12545.9 12285.3 12157.7 12293.2 12441.3 12298.7 12045.2 11886
 15120.8 16976 16159.5 15207.8 15136.2 15239.5 15253.7 15757.2 16063.4 16070.8 16024.1 16055.2 16083.9 16239.4 16080.5 15806.4 15358.1 15042.1 14315.7 14114.1
 14835.7 16339.9 14791.4 13192.9 12879.3 13141.8 13042.5 12375.8 12369 12332.2 12061.3 11727.3 11544.9 11689.2 11695.7 11587.2 11386.4 11122.3 10942 10656
 16924.9 17082.9 17253.3 15893.2 15996.8 16365.1 16216.5 16056.3 16101.8 15519.1 15390.4 15261.2 15424.6 15158.9 15111.3 15084 15412.5 15684.1 16065.5 16116.4
 16413.8 15994.3 15423.4 14965 14760.5 13925.3 13230.5 12062.6 12145.1 12049.7 11981 11647.9 11343.2 10997.1 10792.4 10607.4 10554.6 10678 10645.8 10646.6
 16581.8 16475.2 14500 15878.8 15355.1 14479.6 14591.3 13960.4 13972.7 13470.4 12763.5 12495.3 12618 12943.4 12864.5 12721.4 12617.8 12724.6 12913.6 12971.3
 16781.2 14944.1 16343 14133.2 13862.6 13326.2 13252.4 12684.7 12091.3 12483.8 12246.9 12092.5 12253.7 12425.4 12578.8 12400.8 12502.9 12288.7 12183.5 12062.3
 16454.7 15762.4 15304 14769.8 14718.3 14133.8 13555.3 12769.5 13230.2 13061.5 12748 12558.8 12279 12088.6 11772.9 11637.3 11344.1 11138.8 10780.3 10587.1
 16228.4 14660.5 16444.5 15956.8 15212.6 15060.5 13768.1 14498.4 14392.3 13611.2 13768.7 13253.1 12839.8 12407.2 12259.1 12116.9 11751.4 11505.6 11411 11227
 16238.3 16407.3 16417.7 15949.9 15125.8 14646.4 13291.4 14308 13932.6 13658.3 13632.4 13562.3 13497.4 13345.3 13417.7 13281.8 12715.4 12017 11680.6 11483.8
 16526 14731.4 16095.7 15466 14931 15096.4 15104.4 14040.9 14120.4 14695.2 15004.9 15212.4 15279.5 14701.4 14201.2 14152.8 13830.6 13534.3 13106.6 12869.7
 16526.5 16734.1 15621.6 13360.8 14111.1 14022.5 13688.4 12897.4 13162.3 14018.2 13880.7 13267.9 13145 12915.4 12946.8 12800.9 12706.2 12182.1 11674.6 11236.5
 16634 16772.7 14531.6 14256.6 15482.6 15429.2 15577.8 15769.7 15677 15779.4 15500.1 15335.5 15111.7 14844.3 14384.3 14069.7 13869.6 13695.3 13491.8 13335.5
 14837.5 17199.5 17000.7 16867.7 16802.9 17030.3 17249.8 17034.8 16677.1 15902.4 15815 15914 15650.7 14961.9 14158.9 13388.8 12907.6 12112.1 11695.7 11454.9
 14939.6 16849.8 16580 16283.2 16031 15992 16005.5 15909.2 15549 16012 16062.7 15776.3 14827.8 14501.3 13748.3 13554.2 13318 12630.5 12144.8 11639.2
 16772.1 16961.7 14706 16371.2 16412.3 16251.1 15273.5 15791 14974.3 14634.2 14526.6 14436.6 13773.2 13017 12784.3 12494.2 12396.1 11989.3 11822.6 11719.6
 16833.8 16549.8 14737.4 16217.6 16028.1 15553.2 15076.7 14792.3 13938.7 14133.1 14962.5 14881.4 14498.1 14551.2 14565.7 14389.1 14392.5 14158.9 13951.2 13952.4
 16505.4 16801.4 16568.1 16278.9 16561.9 15876.3 16191.3 15416.4 14581.3 15159.1 15049.4 14450.4 14230.3 14163.6 14125.6 14135 14189.7 13992.7 13519.5 13063.9
 15334.4 17365.8 15175.6 14861.8 15656.7 14718.9 14354.3 14082.8 14075.4 14132.3 14114.1 13730 13573.4 13472.1 13038.3 12816 12333.6 12241.7 12041 11723.7
 14722 15172.6 16960.6 16740.8 16639.4 15824 14337.5 15430.7 14931.2 15631.7 15514.1 15367.5 15306.4 14913.5 14746.7 14784.3 14633.3 14613.8 14516.1 14734.3
 14619.1 16708.6 16184.2 15652.3 15485 14812.6 13494.1 14168.4 13741.3 12955.6 12602.6 12306.6 12271.5 12114.6 12115.2 11940.6 11737.5 11656 11571.9 11377.5
 17011.2 17256 16636.2 15775.2 15644.4 15773.5 15306.7 14964.4 14645.1 14531.2 14532.6 14520.4 14474.8 13929.8 13836.8 13543.6 12711.3 12349.4 12113.6 11801.4
 15010.7 17668.5 16393 14866.6 15668.9 15698 15408.1 15212.4 14673.1 14188.2 14793.5 14464 14557.2 14811.4 14843.3 15081.3 15347.4 15087.5 14372.5 14485.7
 6280.56 17478.9 17402.5 16209.2 15402.4 15153.3 15029.1 6153.96 14423.6 15186.1 15617.4 15744.9 15465.6 15657 16188.4 16201.7 16482.3 16499.4 16441.9 16482.3
 16556.9 15124 17075.7 17452.1 17436.5 17388 16682.2 15516.5 15690.1 14793 15131.5 15145.4 14815.7 14320.4 14363.6 14262.9 14219.1 14047.6 13905.1 13873.4
 14849.1 16439.8 15565.5 15212 14546 14097 13361 12908.9 13007.5 13063.9 12993.8 12848 12858 12699.7 12471.7 12198.9 12284.1 12492.6 12671 12918.7
 15025.8 17049.6 16659.4 16292.9 16013.8 15533.8 15154.9 14414.4 14173.9 14217.3 14446.3 14604.4 14855 14791.7 14868.3 14902.8 14321.9 13735.1 13564.7 13537.9
 14959.8 15161.5 16623.7 15463.2 14388.6 14087.9 14015.7 13670 13461 12771.8 12705.5 12436 12245 11996.1 11743.2 11451.9 11441.2 11498.4 11530.8 11506
 14886.9 16406.1 15852.7 15455 14961.5 14527 13375.2 13786.3 13443.4 13207.2 12838.5 12517.8 12295.1 12241.3 11895.7 11904 11896.6 11901 11989.6 11998.8
 16509.3 16422.9 16031.7 15934.7 15494.8 15100.9 14559.4 14421 13486.4 14160.3 13816.9 13813 13202.8 12943.8 12960.6 12659.4 12656.9 12605 12429.7 12192.5
 14995.6 16904.5 16169.3 14520.7 14685.7 14186.9 13526.5 13223 12393.9 12806 12745.9 12552.6 12429.6 12355.9 12059 11895.1 11663.9 11570.8 11513.6 11456.7
 16658.7 17028.7 16288.5 15812.3 15146.3 14834.3 14536.2 14392.7 13581.2 13461.4 13313.7 13195.9 12894.6 12975.4 12896.6 12519.5 12669.5 12845 13016.3 13089
 16909.1 16430.7 15847.1 15737.1 15706.1 15795.9 16483.6 16718.6 16584.7 17018.7 16613.5 16419.3 16305.3 16222.7 15661.9 15148.5 14772.6 14250.5 13856.6 13395.8
 16895.2 17139.7 16885 15988.5 15368.5 15090.1 15007.8 14653.9 13759.1 13983.1 13654.4 13504.3 13598.1 13468 13169.1 12756 12923.4 12874.5 12794.2 12850.6
 5989.12 16787 16536.5 16377.6 16236.5 16371.4 16243.7 15701.6 15516.8 15376.1 14842 14346.2 14372.1 13871.8 13622.3 13544.8 13328.2 13029.4 12819 12705.8
 14527.4 14104.5 13807.3 14908 14631.8 14404.3 14620.5 13645.2 14435.8 14039.6 14287 14299.3 13938.3 13809.1 13566.5 13579.7 13433.3 13426.7 13399.8 13409.6
 6132.3 16828.6 15896.5 15208.5 14426.9 14218.1 13622 13374.3 12297.9 12051.4 11986.8 12155.7 12025.6 11438.2 11205.7 11136.5 11044.5 10815.4 10754.9 10592.7
 14908.3 16593.7 15597.5 15027.3 14364.9 13377.4 12950.3 13686.6 13238.6 13722.7 13076.5 12863.3 12510.4 12263.9 12090.3 11865.4 11617.5 11441.8 11447.7 11626.1
 17038.4 16334.7 15356.9 14919.5 14138.1 13559.8 13042.1 12631.7 12326.3 13044.4 13242.8 13446.4 13601.2 13538.8 13528.7 13591.5 13745.6 13463.6 13337.4 13083.1
 17086.6 16975.6 17097 15337.5 15871.2 14549.4 15889.1 16073.2 15218.5 15262.1 14717.9 14137.3 14147.4 14262.2 14343.5 14680.5 14689.6 14751.9 14940.2 15279
 6185.3 17514.7 16730.1 15284.4 15341.2 15370.2 6195.22 15170.9 14511.5 13970.6 13702.4 13584 13431.6 13512.1 13396.8 12440 11863.5 11737.2 11728 11755.5
 6232.15 17697.3 17289.9 15807.6 15166.8 14686.5 22576.1 13217.9 13622.9 13544.9 13533 13487 13385.4 13665.8 13991.7 14193.5 14506.5 14795.6 14664.1 14639.6
 16871.1 17101 16785.1 16284.4 14652.4 14574.7 13525.7 13080.7 12621 12495.4 12337 12163.8 12330.9 12731.2 12919.1 12813.5 13108.9 13019.7 12987.4 12807.3
 16870.2 17012.1 16816.6 16451 16445.2 15548.9 16047.1 16329.6 15958.1 15654.9 15576.3 15362.2 15441.8 15034 14641.2 14328.2 14289.4 14099.8 13919.2 13863.9
 16526.4 16805.1 16312.3 14632.2 16187.4 16113.5 15655.9 15949.4 15173.4 15723.4 15509 15364.8 15472.6 15432.4 15286.2 14838.1 14804.5 14692.6 14424 14334.8
 14708.8 14822.4 15186.1 15393.8 16479.7 16061.4 16005.8 15344.7 13675.3 13783.3 13244 13141.2 12945.8 12993.6 13131.4 13292.1 13475.5 13595 13920.7 13838.6
 16521.9 16101.1 15541.2 14884 14783.9 14372.5 13721.2 13446.5 12681.6 13143.4 12520.4 12347.8 12032.6 11613.9 11308.9 10856.6 10316.8 10021.6 9793.57 9648.35
 17190.3 16278.1 16084.7 16268.2 16104.4 16407.3 16658.6 16864.9 16363.1 15622 15675.4 15616.5 15274.4 15254 15268.9 15056.9 14824.9 14511.2 14187.6 14237.7
 15049.5 15020.1 15657.9 15524.3 14590.5 13580.2 12951.4 13873.3 13326.3 13544.2 12918.4 12745.8 12848.5 13013 13164.4 12961.3 12701.9 12556 12486.2 12714.4
 16556.6 14628.2 14968.6 16038.3 15623.2 14164 15097.8 14948.2 14138 14359.7 14230.6 14013.2 14003 13844.4 13775 13091.3 12828.2 12678.6 12437.5 12326.8
 16427.3 14478.9 15453.1 15305.6 15295.4 14564.5 14725.3 14133.6 13274.5 13741.2 13403.3 13078.1 12751.6 12742.4 12530.9 12544.1 12707.1 12488.6 12340.2 12341.1
 16148.6 16271.5 15637.4 14686 14365.8 13526.8 12626 13360.5 13288.9 12968.9 12801 12618 12322.3 12068.3 12267.2 12432 12383.1 12456.2 12032.3 11942.1
 16431.4 16157.3 15108.4 13867.5 13067.2 12319 11985.2 11735.5 11642.9 11594 11435.3 11128.8 10542.5 10373.4 10275.2 10055.5 9906.97 9892.73 9958.61 9906.73
 17030.6 17217.8 17507.3 16980.8 16182.7 15039.3 14246.6 13548.9 12943.7 12774 12654.7 12378 12281.2 11824.2 11567 11411.6 11267.1 10916.5 10623.6 10475.7
 16905.1 14911.5 15913.7 15537.4 14304.1 14189.4 5804.12 13065.2 12559.6 12389.5 12140.3 12064.6 12076.4 12113.9 11965.2 11768.8 11607.8 11450.5 11234 11190.6
 17266.5 17632.4 18090.4 17479.8 16520.6 16245 16113 15562.2 15394.9 16197.9 15584.7 15552.4 15600.6 15116 14819.9 14524.5 14381.5 14435 14552.4 14281.5
 16768.5 16667.7 16922.6 17118.2 17685.5 17490.1 17451 17386.1 16844.8 16394.5 16232.9 15745.8 15678.4 15507.7 14881.4 14665.8 14577.6 14348.6 14144.9 14114.3
 16494.8 16353.1 14985.6 16772.5 16840.2 16682.6 15848.4 15500.7 14640.7 14119.1 14134 13549.8 13113.9 12745.3 12683.4 12463.5 12391.2 12333.6 11955.5 11725.7
 14889.7 15395.8 16990.2 16538 16889.4 15749.8 16818.6 16059.4 16345.7 15938.3 15999.6 15672.2 15382.8 15210.3 14977.9 14962 14864.4 14670.4 14445.4 14209
 16880.8 15114.3 15120.1 15215.2 15267.1 15665.7 15641.4 15515.1 15524.2 15353.8 14744.6 14388.7 14233.6 14167.3 13914.4 13815.1 13891.3 13911.7 13165.8 12649.9
 16895 16760.9 15299.5 16788.9 16876.5 16715 16343.5 15394.7 15704.5 15526.3 15307.5 14912.8 14689 13837.2 13470.5 13345.5 13071.4 12948 12735.8 12639.4
 14339.9 16465.4 14174.1 14727.2 14673.9 13817.4 12763.4 12331.1 11793.7 11852.3 11582.6 11689 11659.6 11709.1 11932.7 12046.8 11870.4 11466.5 11094.7 10866.9
 16919.6 15420.3 16998.5 17021.4 16903.5 15825.8 15833.3 16495.3 16360.9 15946.9 15954.6 15540.3 15772.4 15712.5 15597.2 15140.9 14743.9 14326.5 13788.4 13182.5
 15104.1 17579.2 16652 15277.1 16576.7 16274.5 15726.9 13883.1 13766.3 13775.3 13794.1 13597.5 13426 13154.8 13087.7 13208.5 13228.5 13069.1 13091.5 12876.3
 17225.7 15621.8 17244.7 15053.8 14681 14099.9 14294.4 14102.8 13922.7 13360.3 12974.7 12515.3 12041.2 11802.2 11492.4 11391.4 11313.3 11084.7 11035.9 10969.9
 16153.8 16708 15966.5 16042 15959.1 14496.1 15182.1 14560.3 13899.6 14151.2 13826.2 14017.3 14112 14029.1 13991.8 13974.8 13848.2 13824.5 13585.5 13122.5
 14733.7 14571.9 16044.5 14873.8 16505.1 16131.6 14979.6 15255.7 14711.7 14358.1 14322.1 13731.1 13521.6 13186.7 12666.6 11996.6 11821.2 11869.1 11836.7 11921.8
 14111.5 13619.6 14732.8 13403.8 14786.7 14270.3 14683.9 13861.4 13294.4 12783.8 12031.4 11765.3 11193.1 10562.7 10440.2 10425.8 10473.5 10543.6 10542.9 10448.6
 14232.9 13946.1 15320.5 13054.7 13968.2 13938.1 13719.7 13380.6 13108.1 12868 12931.9 12691.3 12792.5 13054.6 13115.3 13208.2 13353.4 13102.8 12537 12228.6
 16026.3 15802.1 15184.6 14724.1 14420.2 14485.7 14133 13486.1 13227.1 12637.5 12127.8 11839.1 11370.5 10947.5 10777.6 10469 10291.3 10208.1 10266.5 10143.1
 15952.5 15826.7 16023.8 16211.4 15566.1 15513.2 14443.6 15103.1 14393.9 14679.1 14852.2 14716.1 14433.5 14369.2 14132.2 13458.8 12930.8 12840.3 12559.9 11924
 14537.5 16629.3 15103.2 14527.6 14422.1 13621.5 12908.1 12580.1 12292.5 12471.2 12658 12786 13070.7 13495.6 13351.4 13556 13901.7 14066.5 13919.2 13849.3
 16492.2 14958.2 16880.2 17346.3 18029.5 17884.7 16432.1 17041.9 16278 16166.2 15966 15577.2 15625.9 15358.1 14809.4 14384.5 14147.7 13381.2 13118.6 12961.5
 17044.8 14955.5 16207.9 16149 15830.7 15594 15016.6 14318.5 13384.6 13367.6 13301 13088.3 12872.1 12573.5 12621.4 12651 12670.7 12685.5 12410.4 12347.9
 16833.9 16752.4 16895.2 15816.4 15426.1 15199.9 14410.3 15343 15285.8 14817.3 14865.1 15058.3 15021.3 13872.2 13681.7 13588.2 13856.5 14057.5 14124.5 14081.9
 16398.4 16004.2 15406.6 5899.93 14910 14554.6 13759.2 14362.3 14242.5 14492.2 14778.8 14889 14468.3 14470.9 14319.9 14051.1 13429.3 13332.5 12731.3 12524.4
 16708.4 16370.8 15757.9 15558.3 15180.6 14893.2 13757.2 14381.5 13935.6 14123.5 13957.5 13766.1 14027.7 14031.2 12908.6 12446.5 12030 11361.1 10972.1 10746.1
 16391 15959.3 15612.5 14962.4 14541.8 13528.2 13128.3 13095.8 12906.9 12098.9 11918.4 11604.1 10836.8 10242.5 9793.98 15689.3 248159 2.44431e+06 1.0454e+08 115023
 16479.2 16676.4 16434.2 15881.9 15469.8 15199.6 14724.6 14499.4 13954.4 14398.8 14169.1 14392.8 14285.7 13965.3 13314.5 12806.8 12344.6 11865.4 11454.7 11033.7
 16205.3 13967.6 14891.6 14690.9 14536.2 14766.9 14384.1 14243.6 13011.1 13277.3 12579.3 12011.1 11948.5 11773.8 11590.1 11549.9 11431.8 11290.5 11521.9 11700.8
 16916.1 17489.4 17592.3 17706.3 16641.9 16751.9 16294.5 16472.1 16258.9 15943.1 15837.8 15650.2 15539.9 15745.5 15781.5 15727.5 15466.4 15055.2 14796.6 14310
 6072.81 17782.9 18038.5 15919.2 16059.4 16293 16392 16140.5 16500.7 16540.4 16743.2 16569.5 15585.4 15071.4 15156.1 15182.4 15348 15140.5 14902.4 15009.8
 16982.2 17611.9 17348.6 16971.1 16018.6 15234.3 15062.9 14707.6 14269 14257.2 14014.9 13983.6 14011.1 13545.4 13284.6 12894.9 12427.9 12000.2 11656.1 11135.8
 16977.7 16928.6 16997.4 16538.9 14901.5 15946 15692.3 15122.7 15127.7 14898.7 15020 14668.8 14590.6 14929.1 14758.5 14658.8 14412.8 14053.3 13369.3 13222.9
 14338 16223.5 14159.9 15405.1 14453.8 14089.9 14156.1 14139.1 13790.3 13599.9 13537.7 13759.9 13993.9 14263.4 14536.6 14503.4 14592.2 14308 14366.6 14301.2
 16281.7 16229.2 16510.7 16360.2 16156.5 15963.9 14884.8 15530.1 14915.9 14049.5 13697.6 13365.8 13277.6 12994.6 12992.9 13045.1 13095.4 12888.1 12923.6 13001.3
 14919.9 16401.4 15403.8 14923.6 14507.2 14098.1 13991.1 13150.7 12876.3 12722.7 12583.8 12837.8 13019.3 13009.4 13030.1 12620.9 12491.2 12597.1 12674.3 12710.5
 16629.9 15955.3 13609.7 15086.1 14116.9 14101.5 13779.1 13914.2 13672.4 14596.8 14917 15079.4 14854.8 14730.5 14744.9 14603.4 14542.4 14585.6 14864.9 14993.9
 14727 17031.7 16114.7 16173 15776.2 15337.2 15546.5 15565.8 14874.1 15639.8 15634.5 15114.8 14878.4 14839.3 14968.1 14825.2 14615.6 14603 14513.3 14176.5
 16571.5 16037.6 15286.4 15241.7 15218.7 15206.7 15377 15689.3 15168.3 15050 15567.3 15769.4 15504.1 15139.3 14689.7 14120.7 13484.5 12970.3 12491.2 12011.5
 6239.13 15904 17540.4 17544.3 16149.6 17605.7 16293.7 16296.7 16477.7 18357.9 16205.1 15363.9 14412.5 13871.8 13072.4 12826.1 12665.2 12518.1 12341.1 12325.8
 17126.4 16669.8 14927 15358.4 14726 15025.3 14276 14425.3 13677.3 13609.7 13574.1 13624.3 13939.4 13641 13606.7 13516.3 13419.1 13258.4 13061.1 12540.3
 17138 17660.9 15156.1 16323.6 16778.1 16439.8 16099.3 15683.8 15717.7 15448.5 15230.4 14644.6 14389.6 13829.8 13777 13605.5 13361.4 12941.6 12540.3 12067.7
 14877.9 16568.2 16088.3 15704.6 15201 14253.1 13995.1 13328.9 12772.8 13425.8 13633.9 13603.5 13594.2 13547.6 13324.7 12942.6 12718.7 12447 12284.9 12104.8
 15312.8 15939.3 15497.4 16371.8 16203.6 16551.2 16206.7 15406.3 14580.5 14772.3 13819.1 13364.6 13182.3 12898.7 12475.6 12076.7 11612 11287.7 10771 10235.9
 14676.3 14599.7 14845 16383 16122.5 15315.8 15178.9 14483.4 14409.1 14229 14283.9 14135.8 14145.9 13810.5 13769.9 13745.3 14003.5 14348.8 14365.5 14470.6
 14804.6 16703.5 17072 16705.6 16123.2 15200.2 14737.4 14471.7 13233.5 13585.1 13283.2 13039.2 12379.4 11842 11768.9 11531 11496.5 11536 11438.4 11397.2
 14791.1 16935.6 16274.4 15879.9 16124 16228.7 15070 15979.3 15555 15709.8 15784.9 15140.7 14857.8 14928.9 14780.1 14347.8 14173 14051.3 13849.1 13631.9
 16885.7 16855.5 16828.3 16957.9 17452.5 17041.8 15681.8 16014.6 14858.4 15801.7 15932 15903.5 15918.6 15634.9 15807.3 15672.9 15809.4 15776.5 15690.8 15289.7
 17106.5 16758.5 16400.7 16738.9 16668.9 15905.2 16011.6 15881.8 15540.3 15768.9 15109.3 14855.3 14290.7 13593.4 13200.2 12641.2 12602.2 12627.1 12515.8 12269.2
 16006.6 16233.6 16051.6 15224 14914.9 14147.7 14380.1 15510.9 14935.8 15017.6 14886.6 14809.5 14679.9 14507.8 14252.9 14411 14277.1 14144.6 14167.2 13917.6
 15036.7 15226.3 16348.4 16402.2 16517.8 17108.3 17705.5 17512.4 16844 16856.2 16724.5 17137.6 16605.1 16511.9 15871.1 15511 15158.6 14906.9 14645.9 14425.2
 17399 16966.5 15995.1 15530.5 14640.5 14376.7 13857.9 13775.7 13646.4 12600.1 12304.8 12167.4 11761.4 11346.4 11155.8 11050.6 11042.7 11006 10938.5 10997.2
 16830.7 16379.1 14001.3 14764.7 14387.6 14304.6 14628.3 14848.7 14033.9 14224.2 14300.4 14263.3 14060.1 14225.4 14064.3 14006.3 13740 13328.2 13159.8 13063.8
 14911.6 17123 16460.9 15604.3 15055.6 15231 15310.2 15473.9 14816.8 15276.9 14584.9 14250.4 13564.5 13358.1 13021.8 12722 12284.9 12070.5 12073.6 12311.9
 16613.4 16502 15710 14996.6 15128 15035 14791.6 14641.1 14015.4 14036.3 13680.9 13923.1 14051.7 14105 14095.9 13895.6 13764.5 13871.5 14164.3 13771.3
 14569.2 14989.1 16282.2 15811.7 14565.4 14555.9 14555.4 13921.4 14194.6 14858.3 14419.4 14077.1 13657.1 13376.5 13125.5 13014.6 12858.3 12969.9 13225.7 13353.1
 16724.3 14956.4 16314.9 6160.75 16376.5 15650.2 15469.8 14738.1 14417.4 14463.3 14122 13500.7 12779.4 12572.4 12647.7 12427.2 12163.8 12023.7 11606.4 11248.3
 16959.8 15849.8 15646 15149.1 15201.2 14913.2 13612.1 14429.6 14031.5 14232.8 14266.2 14309.7 14277.4 14406.1 13959 13557.7 13343.3 13117 12929 12639.7
 16777.5 15209.2 15403.1 16515.9 16170.9 15862.9 16002.8 14999.8 14903.1 14680.5 14691 14818.7 14689.9 14662 14460.6 14364.4 14033.2 14045.1 14137.1 14543.8
 16440.4 15984 14911.2 14750.3 14238.6 13558.6 14206.5 13690.4 13524.2 13861.1 13710.5 13605.9 13538 13578.5 13371.8 13212.1 12802.1 12718.7 12574.4 12555.7
 16675.8 16581 15228.6 14659.6 14493.5 13815.4 14701.6 14509.1 13480.1 13483.1 12860 12719.4 12516.9 12461 12369.4 12419.9 12505.7 12459.2 12302.1 12283
 16669.9 16735.5 15489.3 5944.98 14358.8 14793 14849.6 15102.8 14436.7 14749.1 14608.6 14568.6 14696 14558.7 14114.3 13694.7 13430.7 12646.5 12220.1 11943.6
 16886.4 15573.9 15259.5 14878.9 14696.2 14439.1 13465.1 14242.1 13384.8 13918.6 13813.5 13483.7 13171.4 12896.3 12749.9 12724.6 12538.7 12136.9 11855 11648.1
 16731.3 16321.3 15278.4 15173.4 14729.5 14521.7 14388.6 13871.1 13024.7 13172.9 13443.7 13200.8 12816.2 12742 12609.1 12605.2 12619.9 12399.6 12490.5 12464.4
 16804.2 14623.9 14726.1 6061.8 15450 14613 12883.5 13285.1 12989.5 12693.9 12530 12573 12487.3 12256.8 11947.4 11795.4 11812 11838.3 11926.8 12138.7
 14927.5 16345.7 15844.1 14489.8 13865.3 13011.2 12631.9 12128.1 11539.2 10907.5 10338 10031.5 10045.3 10221.7 10264.1 10332.5 10187.4 9911.65 9581.62 9325.02
 16806.6 17035.2 15279.4 15670.9 15821.9 15769.5 14913.2 14343.4 14325.2 13992.4 14354.5 13988.7 13842.2 13558.7 13584.1 13364.5 12974.1 13012.7 12975.3 12841.3
 16212.9 15420.6 14316.2 14120.2 13470 12638.7 12482.7 12132.6 11297 11186.4 10912.4 10572.8 10304.1 10030.1 9992 10111.6 10162.6 10230.6 10402.2 10479.7
 16833.8 16582.9 15903.5 15782.7 15280.2 15501.1 15625.1 15195.4 14737.6 13889.7 13851.8 13355.6 12978.9 12674.5 12420.6 12345.3 12477.8 12461.3 12094.9 12026.1
 16410.6 14565.3 16113.1 15954 15878.3 15201.2 14211.7 14394.9 13746.3 13260.6 13135.3 13276.8 13197.3 12594.1 12203.3 11765 11470.9 11253.1 11342.9 11382.6
 16586.1 17069.3 15584.2 15576.5 14359.9 14404.3 14275.5 13615.3 14106.6 14387.8 14713.8 14984.3 15183 15273.3 15070.6 14932.2 14749.5 14645 14687 14638.3
 15203.6 15662 15271.1 17069.8 16914 16851 16948.3 16922.9 16312.4 15934.9 16198.1 16341.8 16027.4 15611 15221.1 15341.9 15456.9 15716 16114.4 16062
 16292.5 14611.3 14616.5 16390.8 15914.1 15953.6 14921 15105.7 15538.2 15050.4 14631.5 14477.3 13935.5 13829 13595.6 13820.6 14087.7 14371.6 14670.9 14504.4
 16547 16263.6 15789.6 13978.1 14948.8 14744.9 13668.5 14021.6 13615.8 14011.8 14123.9 13588.6 13604.6 13486.1 13541.9 13752.7 13549.2 13411.9 13429 13138.4
 16351.3 16135.4 16041.4 14997.2 14682.7 14363.4 14322.9 13819 14559.9 14197.8 13607.8 13486.2 13171.6 13024.1 12718.6 12689.9 12599.9 12350.3 11834.9 11453.2
 16320.6 15133.6 14672.1 14388.3 14347.8 13959.7 12983.9 13093.3 13255 13134.2 12627.5 11890 11518.5 11025.6 10549.4 10301.5 10125.3 10046.7 9957.96 10029.3
 14456.4 16211.9 14508 14071.1 13525.2 13464.4 12585.2 13168.7 12806.7 13011 13038.3 12931.9 12819.6 12373.7 12089.9 11984.1 11953.4 11961.6 11936.3 12017
 14654.2 16702.8 16452.4 15881.4 15099.8 14671.8 14290.7 13908.3 13705.5 13693.4 13570.3 13592.3 13385.9 13302.5 13064.9 12665 12613.9 12495.3 12534.1 12862.6
 14706.9 14321.8 15347.6 5863.79 14659.8 14311.9 13780.1 13554.2 13016.2 13352.3 13294 13043.3 12853.9 12955.8 12998.9 12983.9 12871.3 12952.2 12904.1 12709.8
 14964.7 17077.4 16109.1 15591 15354.6 15265 14929.2 15036.3 14808.8 14340.1 13899.5 13834.3 13719.9 13625.4 13709.8 13859 13493.1 13066.2 12788 12479.9
 16731.8 14537.7 16017.3 15779 15254.9 15379.5 15109.2 15881.4 16727.1 17376 17488.2 17400.7 17291.9 17233.1 16962.3 16956.1 16712.6 16926 17339.3 16709.6
 6228.24 17419.2 15870.8 16440.6 15717.1 14766.3 13673.6 13418.5 12859.9 13368.1 13477.3 13083.7 12720.4 11951 11038.1 10599 21721.9 419829 5.72387e+06 4.81402e+06
 16901.3 16892.5 16745.2 16870.8 16728.2 16822.3 16563.6 16058.8 16411.5 16504.5 16417.5 15845.7 15257.7 15012.5 14627.1 14110.1 13567.1 12951 12737.9 12466.7
 14483.8 16115.8 15139.2 14672.1 14795.4 13530 12395.9 12559.6 12869.1 13584.5 13223.2 13551.8 13659.3 13798.8 13677.6 13801.9 13747.7 13732.9 13791.5 14023.3
 16844.1 16652.2 16775.7 15952.1 15362.8 15445.5 15078.6 14381.6 14045.4 14864 14857.6 14730.8 14460.7 14227.3 13875.4 13403.4 12916.8 12700.5 12390.7 12121.4
 16783.6 14877.9 14431.1 15639.2 15476 15177 14327.5 15600 15203.1 14567.1 14027.4 13489.2 13180.1 13058.9 13264.5 13232.2 13018.8 12827.7 12394.9 11985.9
 16208 15950.5 14721.9 17135.5 16576 16577.1 16771.8 16109.9 16707.9 17561.5 17252.9 17424.4 17382.3 17887.3 18301.3 17640.1 17613.8 17730.1 17394.9 17300
 14658.3 16580.2 16233.8 15697.5 15684.2 15362.4 14660.3 15712.1 15077.6 14730.5 14965.4 15020.3 15000.1 14381.5 14254.8 14477.3 14360.1 14393.1 14397.3 14367.1
 16109.5 16046.2 14088 14985.8 14692.1 14026 13100.5 14069 13713.7 14436.6 14997.8 15177.3 15064.9 15039 14974 15174.1 15127.4 14931.7 14468.8 14027.6
 16255 15907.6 13344.9 13651 13723.6 13573.5 13522.5 13971 13995.7 13916.3 13849 12961.8 12948.3 12862.9 12991.4 13200.5 13236.6 13383.9 13239.5 13196.6
 15839.6 13785.6 14811.7 13942.4 13035.3 12803.4 12365.4 12388.9 12157.5 12109.3 12010.7 11854.5 12088.4 12351.6 12486 12631.2 12395.4 12205.9 12031.8 11964
 14482 17062.5 15449.7 17502.3 17280.8 17091.9 16071.5 16048.4 16522.7 15615.4 15842 16204.3 16714.8 16665.2 17012.2 16775.2 16576.3 16592.7 16357.4 16226.3
 14889.1 16924.2 16659.1 15156.2 16022.5 15737.5 15783.8 15999.6 15403 15977.6 16675 16678.2 17028.5 16702.8 16180.5 15520.8 15256.6 15267.9 15386.7 14778.1
 14630.4 17074 16819.2 16835.7 16004.5 15151.1 16131.1 15865.3 15480.7 15406.4 14663.2 14549.3 14575.2 14424 14027.6 13866.1 13619.2 13588.8 13497.3 13454.8
 16578.3 15191.6 15576.1 17195.1 17026.7 16708 15944.2 15853.6 15736.6 14584.9 14089.2 13410.6 13128.1 13106.2 13036.2 12834.5 12620.3 12372.7 12358.1 12238.1
 14315.8 15915.8 15121.7 14068.2 13997.2 13935.9 13333.1 13829.2 13314.6 13066.1 13074.4 12801.7 12988.3 13156.8 12985.6 12324.7 12080.3 12141.7 11999.2 11805.5
 16660.4 16499.2 16083 14729.9 14143.9 14540.9 14197.7 14201.2 13499.4 14159.2 14228.5 13969.1 13957.1 13898.7 13212.7 12822.1 12557.5 12237 12306.8 12295.2
 16503.3 16458.6 14720.7 15164.1 14826.8 14677.8 14082.8 13808.2 13802.6 13361 13048.6 12725.7 12489.8 12259.8 12234.1 12328.5 12150.5 12322.6 12412.7 12423.6
 16881.6 15326.8 15567.1 15522.7 16008.5 15564.6 14669.9 15535.8 14859 14285.4 14193.9 13930.3 13749.1 13214.9 12506.8 12211 11793.9 11331.4 10799.4 10369.3
 16771.7 16639 14953.3 15206.8 15146.9 15060.4 14981.2 14848.2 14903 14600.7 14766.9 14542.9 14549.3 14555.2 14741.8 14734.8 14612.6 14542.2 13802.1 13373.6
 16766.7 16982.7 16865.6 16991.7 17187 16621.9 16876.4 16860.6 15674.9 16198.9 16222.5 16262.5 16177.1 16148.1 15806.3 15470.3 15312.1 14733.5 14725.3 14356.7
 16534.7 14917.7 16822.1 14840.7 13958.6 13132.5 11997 11868.7 11716.4 11658.4 11411.5 11461.8 11420.6 11386.1 11357.9 11487.4 11428 11459.8 11255.1 10687.6
 16950.3 17106.3 16916.6 16246.3 15424.3 14990.3 15045.8 15135.3 14323.4 14946.2 14654.4 14855.2 14933.5 14867.5 14228.5 13924.8 13467.4 13098.7 12859.3 12437.7
 14971.2 16300.9 15630.8 14442.1 15639.8 15699.5 15976.2 15052.1 15177.6 15516.3 14723.9 14499.3 14224.3 14408.4 14560.8 14751.6 14898.8 15254 15369.2 15140.7
 16999.4 16910.7 16295.9 14483 14933 14816.6 14594.9 13782.2 12946.7 12832.7 12607.4 12421.5 12456.6 12567.4 12857.2 12984 13121.4 12956.2 12588.5 12870.6
 15102.4 17267.3 16798 15435.7 16422.4 15571.5 17222.7 16537.1 16131.5 16391.5 16080.9 15949 15781.2 15110.4 14626.7 14488.7 14299.3 13921 13799.9 13619.1
 16934.1 17103.1 15553.2 16765.9 16692.8 16355.2 14468.2 14438.3 13061.4 12639.8 12069.1 11755.2 11565.9 10938.2 10615.9 10568.1 10646.1 10787.4 10605.1 10434.4
 17052.8 16446.5 15186.7 16541.1 16194.5 15653.1 15685 14684.3 14602.4 15079 14711.9 14216.2 14301.6 14342.5 14295.5 14306.1 14440 14643.4 14858.9 14652.5
 17348.5 17916.6 16283.3 17354.2 16661.2 15260.5 15643.8 14874.5 14769.4 14430.2 13869.9 13476.4 12992.9 12381.3 11973.2 11917 11715.6 11723.3 11631.4 11441.9
 15072.9 15128.7 16433.8 16192 16345 15977.3 15529.2 15686.8 14727.6 14746 14567.2 14421.5 14073 13792.4 13318.9 13048 12416.2 12221.1 12036.3 12163.6
 16478.7 16256.7 14957.3 15485.5 15170.3 15333.4 15100.6 14837 14981.7 15146.1 14446.4 14270.2 14046.2 13634.6 13425.3 13133.2 12916.6 12575.9 12288.2 12067.7
 14638.1 14686.7 14556.5 16954.8 17129.7 16982.2 16352.8 16929.1 17327.2 16938.7 16451 16287.2 16578 16351 16395.3 16279.4 15886.2 15674.4 15073.2 14369.9
 16623.2 16768.5 14555.6 15351.3 15204 15032.6 14964.5 15353.9 15065.7 15649.2 15305.2 15224.2 14748.7 14639 14778.7 14791.4 14814.8 14726.2 14406 14045.8
 14835.3 17047.5 14994 6138.31 15559.9 15762 15812.7 15958.8 16752.6 17019.9 16976.7 16641.7 15533.5 15516.1 15217.6 14781.3 14584.6 14338.2 14220.2 14228.9
 17168 17292.8 15085.5 16142 15907.4 15521.6 15355 14592.1 14847.9 14915.6 14338.6 13940.2 13448.9 13220.3 12974.1 12896.3 13020.9 13024.5 12951.5 12655.1
 14783.4 15392.5 15705.2 16420.4 15469.3 15962.9 15557.7 15394 14608.5 15208.8 15299.6 14647.2 13933 13478.5 13266.6 12878.6 12707 12870.7 12931.3 12649
 16356 16522.2 14886 16461.4 15961.8 14579.3 15726.3 15028.2 15019.9 14815.3 14532.5 14644.6 14500.4 14490.8 14631 14653.9 14327.2 13995.8 13984.7 13724.4
 16967.1 15250.3 16128.7 15044.6 14802.8 14156.3 12950.9 13376.9 12953.9 12529.4 12433.3 12407.9 12431.6 12090.1 11828.5 11526.9 11098.5 10796.6 10340.8 10079.6
 15097.3 16579 15412.9 15027.8 14514.3 14443.1 14359.5 13469.3 12695.1 12149.2 11494.5 11294 10929.9 10528.6 10478.5 10412.5 10319 10093.7 9944.08 9815.52
 14732.1 16178.3 15570.4 14231.8 14236.2 13831.9 12903.8 13337.1 12891.6 13183.5 12926.3 13132.1 13184.7 13326.4 13063.3 12892.7 12611.6 12314.9 12032.9 11742.2
 15433.4 17809.6 16897.3 16135.3 16263.7 17040.9 17392.2 16717.5 16413.7 16299.4 16075.8 16034 15843.2 16007.8 16057.3 15770.6 15338 15124.3 15293.9 15379.2
