 0.369768 0.467816 0.73423 0.603672 0.611742 0.363567 0.320007 0.413926 0.424244 0.435634 0.37667 0.272067 0.356042 0.327194 0.295574 0.348684 0.455725 0.467884 0.468596 0.400675
 0.32847 0.667769 0.590258 0.464171 0.471423 0.386759 0.369827 0.305881 0.304126 0.353331 0.406071 0.493797 0.44321 0.375927 0.443272 0.341623 0.413998 0.442185 0.445011 0.529212
 0.317717 0.487599 0.5113 0.370264 0.513562 0.459272 0.438411 0.450016 0.506889 0.545264 0.545654 0.490063 0.487531 0.733113 0.552245 0.577021 0.554691 0.437381 0.41737 0.379088
 0.301403 0.459477 0.372573 0.585403 0.538577 0.623146 0.624947 0.629527 0.419876 0.443353 0.317709 0.322813 0.408921 0.409444 0.459908 0.393251 0.455049 0.48981 0.457612 0.343232
 0.345083 0.553678 0.784979 0.61993 0.347941 0.629733 0.66068 0.518023 0.498595 0.488842 0.724491 0.500956 0.489767 0.407109 0.283367 0.368706 0.414135 0.382053 0.379035 0.474818
 0.41101 0.93443 0.864837 0.786963 0.670371 0.554406 0.663795 0.87012 0.794458 0.518791 0.544635 0.674947 0.515555 0.431611 0.434791 0.385462 0.394308 0.555698 0.382839 0.256883
 0.408003 0.452079 0.529915 0.460596 0.563672 0.681915 0.515841 0.573553 0.569857 0.500781 0.466844 0.470139 0.709007 0.81166 0.635809 0.826148 0.800433 0.827301 1.12041 1.6974
 0.399637 0.545699 0.439278 0.63376 0.809537 0.839136 0.502425 0.420556 0.37923 0.505409 0.577677 0.502672 0.512669 0.439668 0.36359 0.386519 0.466703 0.461415 0.504644 0.559808
 0.298491 0.638488 0.674466 0.663726 0.525157 0.738213 0.470638 0.429076 0.457967 0.400868 0.496304 0.472215 0.438956 0.456357 0.396781 0.370047 0.549331 0.352477 0.350464 0.317222
 0.483628 0.560646 0.531692 0.601408 0.725604 0.780868 0.553972 0.602041 0.648854 0.51998 0.561839 0.635493 0.577721 0.564845 0.465151 0.462318 0.367466 0.371572 0.398823 0.423688
 0.425527 1.03046 0.939044 0.815845 0.646791 0.52033 0.524577 0.519373 0.567375 0.635339 0.49701 0.370087 0.394187 0.383109 0.444018 0.375952 0.511008 0.713969 0.447005 0.68072
 0.425238 1.20498 0.882617 0.617531 0.65085 0.739515 0.683478 0.492884 0.464979 0.493501 0.565944 0.497501 0.579763 0.579502 0.561132 0.438825 0.436088 0.549803 0.784602 0.759514
 0.381018 0.707718 1.02655 1.00101 0.822353 0.520888 0.518871 0.543474 0.490352 0.6646 0.684096 0.407456 0.450308 0.480716 0.493942 0.588498 0.467939 0.467217 0.475285 0.44918
 0.328795 0.648238 0.570736 0.610395 0.724313 0.767463 0.621696 0.520316 0.670724 0.582855 0.70507 0.576232 0.494084 0.582119 0.5799 0.726723 1.16135 0.676243 0.428087 0.348511
 0.251774 0.627516 0.627104 0.703881 0.474029 0.4007 0.405447 0.467094 0.652073 0.75663 0.860002 0.636743 0.391346 0.406894 0.418239 0.319624 0.373108 0.506319 0.503171 0.475592
 0.218489 0.641721 0.751156 0.85487 0.702963 0.766862 0.833647 1.07089 0.829686 0.732307 0.997626 0.926722 0.991373 0.657913 0.521576 0.575425 0.474321 0.545707 0.481465 0.371243
 0.334203 0.19443 0.760574 0.717599 0.504695 0.427416 0.394118 0.37666 0.474996 0.506742 0.610164 0.483949 0.394799 0.589317 0.345749 0.423151 0.476076 0.480063 0.554933 0.551722
 0.346865 0.465034 0.669612 0.606296 0.518437 0.483919 0.759492 0.44666 0.617348 0.490945 0.537483 0.525971 0.479813 0.503499 0.506836 0.425194 0.405589 0.53811 0.517366 0.474882
 0.378714 0.484015 0.390914 0.49808 0.609463 0.489957 0.611073 0.481637 0.538255 0.537593 0.451941 0.45176 0.53708 0.555726 0.495909 0.580767 0.536032 0.495002 0.352564 0.318726
 0.324063 0.575066 0.770335 0.62888 0.807475 0.712988 0.605791 0.525392 0.562138 0.591387 0.654543 0.77039 0.578908 0.395429 0.458796 0.408434 0.459971 0.349262 0.26413 0.260962
 0.260738 0.588118 0.58837 0.555589 0.595844 0.609849 0.866591 0.598913 0.671755 0.672625 0.809528 0.452309 0.471125 0.392858 0.358558 0.443045 0.412462 0.396095 0.480753 0.490267
 0.298847 0.372363 0.559119 0.527991 0.573955 0.619587 0.628999 0.565762 0.439268 0.428212 0.353957 0.389428 0.405129 0.351499 0.450408 0.358724 0.251573 0.292392 0.242166 0.313098
 0.506699 0.594616 0.643046 0.722999 0.788774 0.694746 0.709548 0.579204 0.585483 0.653614 0.959868 0.721888 0.864949 0.851912 0.975876 1.02845 0.958655 0.701788 0.62835 0.43563
 0.503244 0.534517 0.520262 0.559523 0.158014 0.538189 0.503141 0.659649 0.50961 0.590939 0.44867 0.618637 0.573514 0.503761 0.481375 0.408454 0.423024 0.369323 0.388493 0.58352
 0.455542 0.495682 0.409818 0.767495 0.627397 0.935474 0.400489 0.400341 0.454656 0.690657 0.59579 0.515259 0.447668 0.438429 0.343818 0.430879 0.391434 0.374688 0.38322 0.386365
 0.62102 0.650627 0.974152 0.698144 0.670626 0.396275 0.610677 0.557603 0.701835 0.414545 0.557443 0.537839 0.543752 0.356191 0.348066 0.382155 0.415403 0.41534 0.430445 0.449947
 0.452557 0.683522 0.449253 0.529567 0.36264 0.537949 0.541396 0.57486 0.49501 0.522785 0.504677 0.602143 0.645627 0.657415 0.525509 0.62212 0.482482 0.486552 0.50146 0.610942
 0.387378 0.58225 0.322005 0.518325 0.642044 0.734145 0.496206 0.451417 0.51542 0.593585 0.485918 0.448673 0.519819 0.494127 0.509735 0.538805 0.518141 0.572726 0.522878 0.447282
 0.424853 0.780212 0.584099 0.588739 0.581893 0.61836 0.66151 0.693851 0.80056 0.753711 0.533068 0.445323 0.461802 0.485598 0.426117 0.38119 0.37048 0.480143 0.54974 0.511587
 0.335152 0.636418 0.949918 0.822735 0.456385 0.428817 0.408257 0.295404 0.345477 0.445217 0.454887 0.406515 0.416677 0.421661 0.484595 0.470567 0.627599 0.664698 0.774556 0.596523
 0.426006 0.754566 1.32944 1.02365 0.622499 0.480606 0.581907 0.547199 0.445553 0.632376 0.569772 0.53949 0.47591 0.356068 0.366721 0.414171 0.451616 0.53617 0.536574 0.641316
 0.382504 0.562461 0.553416 0.808139 0.371861 0.367814 0.519021 0.526041 0.434431 0.437394 0.456406 0.350166 0.37475 0.52905 0.38571 0.335037 0.242143 0.297793 0.265271 0.367062
 0.436903 0.576426 0.56984 0.581178 0.658979 0.773088 0.679814 0.775658 0.725516 0.536021 0.528719 0.546918 0.49351 0.570876 0.566237 0.50661 0.435196 0.368719 0.462622 0.338278
 0.400183 0.680905 0.636347 0.445279 0.647825 0.530885 0.361397 0.499084 0.717664 0.628145 0.725055 0.539234 0.376624 0.282378 0.411078 0.310334 0.264608 0.251046 0.333026 0.287873
 0.359058 0.476827 0.58685 0.825065 0.729944 0.579224 0.609231 0.729677 0.494406 0.528598 0.491727 0.439383 0.334792 0.302617 0.337993 0.468625 0.360564 0.535402 0.414073 0.411088
 0.456948 0.714332 0.583523 0.549081 0.514186 0.676572 0.551587 0.440634 0.442204 0.484444 0.518764 0.567228 0.574873 0.464047 0.537687 0.500907 0.56151 0.448522 0.48373 0.458827
 0.401631 0.415533 0.368289 0.519655 0.566672 0.429268 0.537434 0.444206 0.40688 0.4255 0.432036 0.532716 0.575469 0.588972 0.505298 0.481963 0.442145 0.413223 0.379837 0.369888
 0.372488 0.386292 0.48597 0.618014 0.582657 0.480017 0.451164 0.306676 0.445522 0.350992 0.321787 0.386923 0.360563 0.333959 0.287918 0.40765 0.465809 0.488016 0.625313 0.556153
 0.448573 0.560633 0.454871 0.526298 0.573471 0.473858 0.46761 0.452604 0.386929 0.389941 0.267071 0.341378 0.419516 0.542768 0.4432 0.386482 0.446226 0.447593 0.522041 0.448346
 0.401802 0.54554 0.813757 0.886202 0.460382 0.444199 0.523802 0.449828 0.35006 0.28643 0.388036 0.577386 0.434331 0.451632 0.343594 0.353782 0.32064 0.512882 0.637202 0.921448
 0.438443 0.685241 0.842179 0.547188 0.492635 0.494903 0.38366 0.370721 0.442123 0.386224 0.455617 0.438226 0.56761 0.603943 0.55648 0.461515 0.462384 0.427024 0.462953 0.438557
 0.36427 0.455899 0.655299 0.612013 0.494993 0.452893 0.558828 0.640761 0.555472 0.564027 0.474333 0.377329 0.568031 0.751266 0.866197 0.994734 1.14885 1.52236 1.54282 1.07129
 0.315347 0.502354 0.659972 0.589425 0.453197 0.404288 0.391345 0.38221 0.395034 0.363943 0.391132 0.505782 0.586605 0.532415 0.695283 0.501821 0.57999 0.767574 0.83734 1.00239
 0.322575 0.554214 0.684529 0.337842 0.369835 0.388619 0.435065 0.4755 0.463562 0.409975 0.360924 0.404243 0.637956 0.591861 0.531233 0.510473 0.435442 0.557375 0.425321 0.428307
 0.261179 0.553999 0.553097 0.470079 0.46887 0.545808 0.521906 0.454211 0.358294 0.257761 0.300015 0.361013 0.376551 0.310638 0.32963 0.323565 0.330521 0.404067 0.377212 0.313273
 0.328838 0.403277 0.529955 0.46935 0.41963 0.545375 0.327099 0.655004 0.333757 0.337626 0.394178 0.463516 0.350976 0.318079 0.289735 0.309611 0.316366 0.390858 0.451781 0.586254
 0.234707 0.523557 0.673064 0.637785 0.554305 0.567453 0.464324 0.501112 0.382842 0.338432 0.397123 0.457879 0.386655 0.404735 0.471484 0.392041 0.440039 0.368634 0.446225 0.502014
 0.322328 0.375444 0.471685 0.465211 0.497064 0.715081 0.524641 0.303558 0.329804 0.385959 0.492303 0.36458 0.338605 0.398862 0.331192 0.334142 0.32566 0.292239 0.346827 0.339972
 0.345816 0.39733 0.562946 0.46301 0.477976 0.609838 0.537537 0.471277 0.595429 0.6524 0.521194 0.515675 0.447111 0.441123 0.347817 0.38231 0.374684 0.349984 0.406616 0.378018
 0.220725 0.419236 0.588138 0.47952 0.330515 0.307783 0.384095 0.369646 0.377809 0.33267 0.313383 0.320759 0.374955 0.384239 0.299177 0.477102 0.667407 0.505118 0.494829 0.520467
 0.210991 0.326271 0.725467 0.427666 0.40172 0.323206 0.366998 0.375278 0.415747 0.289457 0.307481 0.371374 0.271827 0.272191 0.245928 0.212005 0.284799 0.378959 0.381432 0.233006
 0.223798 0.116112 0.503294 0.578847 0.517105 0.407514 0.348069 0.319415 0.125012 0.228251 0.224254 0.31337 0.30445 0.213257 0.223382 0.26744 0.214803 0.240954 0.286098 0.326661
 0.309029 0.423397 0.338467 0.347765 0.431848 0.418202 0.502571 0.389461 0.450282 0.422269 0.353016 0.346942 0.442948 0.444757 0.288705 0.317976 0.280353 0.315078 0.285339 0.262191
 0.320721 0.508388 0.60604 0.463214 0.501441 0.518627 0.61131 0.502354 0.382987 0.378582 0.397872 0.373948 0.3347 0.351175 0.365858 0.356598 0.267719 0.223027 0.226302 0.232815
 0.243319 0.407628 0.524039 0.450486 0.448986 0.507231 0.528904 0.569648 0.372247 0.339159 0.294017 0.259727 0.268772 0.332174 0.322707 0.345967 0.431804 0.417506 0.372698 0.403478
 0.284187 0.501517 0.515725 0.834112 0.609472 0.415097 0.435237 0.451985 0.395401 0.412131 0.524286 0.433897 0.468182 0.44084 0.435544 0.422562 0.3849 0.309085 0.377792 0.310909
 0.346347 0.568971 0.514109 0.49308 0.460189 0.476988 0.463096 0.426996 0.460924 0.498621 0.502205 0.464592 0.410203 0.36015 0.457755 0.363112 0.357086 0.274112 0.240282 0.319549
 0.324486 0.46103 0.49016 0.434375 0.439452 0.391449 0.431027 0.383385 0.460257 0.398324 0.416639 0.330135 0.436973 0.324126 0.326292 0.451019 0.314732 0.328624 0.406069 0.41418
 0.268466 0.410082 0.663678 0.832467 0.405228 0.617353 0.509159 0.409376 0.452657 0.426005 0.420398 0.418731 0.406078 0.388206 0.395807 0.440773 0.427611 0.302516 0.281048 0.326232
 0.34579 0.43216 0.584473 0.501085 0.473521 0.376062 0.424492 0.499436 0.518472 0.531208 0.465493 0.434843 0.339185 0.296672 0.456438 0.396265 0.236515 0.294902 0.254212 0.245071
 0.311525 0.616707 0.580768 0.4409 0.456265 0.397902 0.20992 0.30538 0.291259 0.417351 0.396041 0.293386 0.326225 0.395558 0.479535 0.454325 0.487722 0.608985 0.637599 0.653486
 0.250085 0.430523 0.69361 0.690357 0.483965 0.461276 0.423488 0.460588 0.491651 0.510971 0.527021 0.387861 0.312203 0.392326 0.425325 0.367693 0.268067 0.340122 0.320811 0.322559
 0.37522 0.142102 0.596805 0.437862 0.39713 0.374347 0.52342 0.569704 0.38515 0.432851 0.508387 0.394271 0.330752 0.478713 0.428805 0.412298 0.433417 0.395602 0.366607 0.377888
 0.427681 0.6745 0.549821 0.449312 0.548695 0.439207 0.368283 0.5256 0.330499 0.381434 0.328812 0.354172 0.408841 0.365534 0.456086 0.416967 0.409394 0.369974 0.372467 0.315262
 0.382028 0.173764 0.84726 0.582389 0.603769 0.486973 0.573978 0.607229 0.915106 0.587731 0.415427 0.30371 0.386471 0.516859 0.463745 0.407531 0.348372 0.347709 0.360205 0.503053
 0.354905 0.636555 0.764817 0.521261 0.655421 0.729843 0.417187 0.45417 0.419165 0.538852 0.64306 0.486572 0.577621 0.427002 0.46448 0.501992 0.517667 0.547534 0.360987 0.287197
 0.314776 0.626228 0.695174 0.655657 0.716849 0.671074 0.761625 0.634546 0.320655 0.272616 0.302127 0.317946 0.369513 0.423064 0.384392 0.388004 0.389995 0.465701 0.404246 0.472804
 0.289343 0.495824 0.448451 0.666213 0.638916 0.446116 0.299987 0.430598 0.576042 0.531203 0.587779 0.570288 0.426756 0.398068 0.330388 0.316547 0.405106 0.342469 0.307493 0.247103
 0.266464 0.131726 0.901145 0.847601 0.434305 0.374956 0.366484 0.215248 0.601107 0.545794 0.41903 0.369654 0.360387 0.365223 0.552738 0.856104 0.653636 0.507427 0.402129 0.366731
 0.276731 0.128479 0.776736 0.984073 0.778395 0.672968 0.560093 1.09973 0.537904 0.50541 0.409502 0.434439 0.434098 0.285743 0.270468 0.299604 0.246279 0.331535 0.401491 0.321147
 0.288549 0.457932 0.515772 0.559387 0.665644 0.717798 0.682018 0.664436 0.684611 0.545516 0.524835 0.426434 0.276211 0.25334 0.300639 0.350896 0.281162 0.445586 0.38778 0.393172
 0.331624 0.484703 0.482278 0.468704 0.496642 0.619107 0.358374 0.501855 0.610284 0.469717 0.581008 0.42163 0.393193 0.535305 0.535382 0.528939 0.500579 0.525181 0.473124 0.426053
 0.38133 0.43684 0.665687 0.443045 0.368521 0.478695 0.521262 0.420929 0.529375 0.383025 0.495752 0.403615 0.403347 0.43103 0.429351 0.417843 0.309265 0.407243 0.410211 0.374669
 0.381598 0.458567 0.353666 0.435548 0.574552 0.56371 0.480088 0.652169 0.781866 0.67386 0.59461 0.469347 0.416585 0.336228 0.316287 0.286662 0.291797 0.324896 0.296538 0.422936
 0.418313 0.806083 0.662359 0.570775 0.497565 0.533925 0.5549 0.462361 0.479629 0.551398 0.567415 0.464544 0.569553 0.614662 0.751562 0.799671 0.840766 0.830208 0.774606 0.666329
 0.354639 0.736203 0.447206 0.407242 0.457622 0.432334 0.388899 0.352073 0.568049 0.506102 0.400776 0.49356 0.464122 0.316347 0.306893 0.423776 0.415702 0.490728 0.461182 0.315416
 0.418578 0.738199 0.665968 0.552867 0.959456 0.817663 0.412419 0.352169 0.369837 0.53961 0.683979 0.488458 0.310851 0.298038 0.376997 0.448352 0.438486 0.462775 0.38432 0.286675
 0.42896 0.530144 0.449555 0.614572 0.568144 0.603678 0.480448 0.498877 0.413817 0.459183 0.436795 0.453406 0.413002 0.442086 0.472395 0.59648 0.390974 0.446821 0.513277 0.459502
 0.509176 0.643554 0.458664 0.423087 0.482371 0.611089 0.412817 0.579975 0.403083 0.462634 0.572698 0.585367 0.504901 0.357949 0.379322 0.269622 0.261911 0.403025 0.403196 0.371144
 0.51938 0.563198 0.666299 0.732089 0.519368 0.611171 0.408144 0.396797 0.467078 0.463033 0.413452 0.453764 0.592391 0.471822 0.266953 0.296695 0.35262 0.355993 0.5469 0.372917
 0.43208 0.620232 0.910807 1.04475 0.906045 0.914481 0.66597 0.573976 0.500343 0.483521 0.520193 0.598972 0.627819 0.5156 0.499943 0.463449 0.383387 0.35715 0.368716 0.472409
 0.321628 0.428631 0.408324 0.580049 0.727776 0.910769 0.704404 0.716692 0.77228 0.613974 0.527718 0.489838 0.457709 0.55582 0.493581 0.497279 0.475051 0.584774 0.560256 0.515782
 0.305487 0.579236 0.544962 0.619495 0.765069 0.441084 0.622378 0.339564 0.567682 0.516822 0.483574 0.344451 0.309107 0.317783 0.402296 0.439567 0.394245 0.368999 0.367266 0.34237
 0.234991 0.412835 0.497568 0.58867 0.527373 0.428488 0.434203 0.431828 0.282377 0.405986 0.507148 0.313985 0.380353 0.532633 0.477743 0.374874 0.326042 0.324858 0.349739 0.396544
 0.298086 0.447436 0.351182 0.394598 0.372072 0.459541 0.376245 0.406838 0.504132 0.410627 0.513159 0.455058 0.343272 0.372039 0.46627 0.40038 0.419893 0.471249 0.42535 0.372148
 0.363982 0.527321 0.430074 0.392629 0.497638 0.496833 0.592435 0.423966 0.435805 0.505585 0.466654 0.570462 0.544338 0.455977 0.478322 0.46566 0.371462 0.443196 0.504106 0.4514
 0.320441 0.394901 0.472072 0.465889 0.398224 0.510975 0.37008 0.469162 0.413765 0.429752 0.380058 0.425436 0.409925 0.433936 0.415179 0.338616 0.398449 0.468783 0.408712 0.377114
 0.315792 0.523924 0.469149 0.637037 0.372063 0.36081 0.419894 0.401018 0.358308 0.382602 0.503092 0.357075 0.404372 0.442778 0.405756 0.314046 0.305029 0.393714 0.562845 0.51984
 0.309836 0.567472 0.547636 0.481626 0.496628 0.524909 0.53063 0.464632 0.423569 0.396276 0.442256 0.431882 0.461656 0.64777 0.498883 0.501901 0.526882 0.427185 0.406954 0.33853
 0.376949 0.407969 0.702736 0.484217 0.528906 0.719463 0.572262 0.709281 0.635232 0.523481 0.472091 0.349484 0.342193 0.26213 0.24535 0.31418 0.383233 0.456819 0.500604 0.481678
 0.292082 0.4076 0.502581 0.41844 0.452578 0.477262 0.419593 0.349857 0.438436 0.400772 0.400436 0.336217 0.27216 0.386548 0.345256 0.425507 0.444272 0.561805 0.638948 0.675639
 0.25293 0.434972 0.626498 0.409034 0.417267 0.509807 0.625001 0.83016 0.658098 0.419704 0.43024 0.448312 0.446923 0.445911 0.348188 0.301057 0.351518 0.381142 0.370462 0.453766
 0.275894 0.483182 0.546468 0.866422 0.846895 0.499974 0.357998 0.449829 0.524071 0.706238 0.724952 0.684839 0.585891 0.533359 0.64317 0.521387 0.457173 0.434971 0.363854 0.38177
 0.385868 0.4112 0.621828 0.436293 0.489631 0.495037 0.496954 0.585907 0.440982 0.407266 0.431903 0.321895 0.365637 0.374026 0.328492 0.357413 0.383487 0.407155 0.526241 0.5521
 0.411064 0.481187 0.357011 0.408207 0.359605 0.487393 0.524799 0.291842 0.436783 0.355431 0.364846 0.471059 0.440666 0.545564 0.587954 0.521696 0.449498 0.427504 0.355375 0.278293
 0.549219 0.527186 0.404287 0.475831 0.447229 0.492435 0.305929 0.639113 0.529397 0.528415 0.589444 0.597462 0.835406 0.842015 0.562561 0.449812 0.290182 0.264174 0.286051 0.314954
 0.516428 0.501347 0.463164 0.685072 0.528479 0.421545 0.401385 0.528871 0.569122 0.55911 0.477133 0.540508 0.366469 0.322698 0.320655 0.285919 0.370604 0.459254 0.565992 0.550388
 0.539069 0.529565 0.632981 0.507118 0.471125 0.466819 0.580198 0.555895 0.612743 0.710298 0.604243 0.605164 0.710255 0.636309 0.527016 0.632732 0.54022 0.483091 0.372664 0.363968
 0.535802 0.493626 0.430579 0.49329 0.571958 0.472676 0.543447 0.415344 0.486706 0.481165 0.401582 0.539776 0.482731 0.37851 0.57305 0.584458 0.435533 0.452239 0.588614 0.768179
 0.346889 0.377781 0.763024 0.419015 0.48608 0.699736 0.57994 0.505245 0.495602 0.350696 0.300269 0.324125 0.285518 0.265373 0.365071 0.245831 0.264409 0.312928 0.356872 0.322444
 0.344519 0.416951 0.381517 0.357103 0.46291 0.587934 0.564483 0.488653 0.479002 0.457434 0.495362 0.465855 0.437837 0.551643 0.575796 0.568553 0.562195 0.687169 0.553159 0.525655
 0.307845 0.644944 0.581827 0.488718 0.518253 0.535054 0.604516 0.689012 0.734593 0.671638 0.455123 0.487271 0.49605 0.486771 0.377611 0.388706 0.374959 0.374376 0.490457 0.446705
 0.353618 0.550637 0.557351 0.778955 0.507461 0.459257 0.39882 0.408432 0.524998 0.54894 0.389916 0.448084 0.53556 0.815315 0.44182 0.381134 0.291897 0.329762 0.362082 0.348223
 0.435703 0.497946 0.559364 0.53202 0.242024 0.594038 0.472554 0.43435 0.471856 0.387446 0.396111 0.510073 0.561492 0.413991 0.504403 0.569386 0.638578 0.520059 0.810624 0.497728
 0.360697 0.541444 0.564802 0.493265 0.554523 0.582899 0.500741 0.43234 0.449226 0.453781 0.444243 0.413798 0.366396 0.585222 0.792326 0.574527 0.884686 1.09294 0.91535 0.740236
 0.468494 0.624102 0.505979 0.652538 0.620505 0.709573 0.506335 0.4652 0.579258 0.645868 0.504104 0.695755 1.04663 1.11372 2.11386 15.2873 68.9175 69.3577 69.3578 69.3578
 0.446674 0.53219 0.702348 0.831435 0.563796 0.555531 0.538477 0.455547 0.405718 0.448764 0.541731 0.378213 0.548273 0.595492 0.656005 0.71004 0.725543 0.858415 1.03072 0.951769
 0.592126 0.849524 0.577024 0.546772 0.540174 0.495144 0.634566 0.512814 0.714288 0.599042 0.770578 0.679006 0.556941 0.586238 0.508774 0.454277 0.504323 0.505024 0.260901 0.31167
 0.36283 0.44837 0.589693 0.641906 0.870051 0.517572 0.609735 0.411883 0.588025 0.536718 0.47409 0.476069 0.446038 0.358956 0.416578 0.45471 0.653615 0.619712 0.533211 0.620894
 0.33283 0.110561 0.55516 0.772843 0.469451 0.609076 0.591498 0.486675 0.383184 0.45111 0.376004 0.585687 0.739438 0.528717 0.420785 0.422642 0.383438 0.427659 0.344616 0.286441
 0.36946 0.442326 0.661532 0.784166 0.716402 0.618081 0.511107 0.570302 0.583319 0.473793 0.521498 0.48107 0.489021 0.586136 0.543912 0.714948 0.861063 0.920302 0.862288 1.0247
 0.325137 0.471707 0.494852 0.596516 0.543109 0.525152 0.612636 0.541835 0.409972 0.454339 0.443725 0.468075 0.378297 0.328603 0.449163 0.465978 0.498504 0.51532 0.576567 0.428333
 0.478348 0.435367 0.60676 0.541524 0.774856 0.528101 0.413728 0.510656 0.521465 0.426582 0.427606 0.390717 0.397919 0.379225 0.334897 0.431597 0.395362 0.38513 0.323577 0.357327
 0.439848 0.422293 0.412216 0.605389 0.488245 0.390508 0.381155 0.458004 0.684815 0.664399 0.473578 0.502843 0.462374 0.507132 0.415501 0.424539 0.394719 0.364799 0.271824 0.349933
 0.363583 0.601181 0.664209 0.48216 0.530266 0.495401 0.491581 0.848229 0.64465 0.52608 0.407902 0.298304 0.373735 0.417901 0.363898 0.515703 0.353803 0.348208 0.345026 0.352764
 0.379966 0.603998 0.692018 0.457472 0.738273 0.449068 0.467329 0.311351 0.271766 0.315424 0.334219 0.407763 0.423469 0.357812 0.39059 0.416614 0.337363 0.286027 0.261225 0.307565
 0.331851 0.383755 0.682772 0.49193 0.552165 0.446488 0.325138 0.469132 0.425716 0.322905 0.433678 0.458185 0.383271 0.378066 0.352485 0.451809 0.412327 0.40341 0.367434 0.445849
 0.403248 0.821472 0.637901 0.372965 0.399626 0.365872 0.353886 0.365449 0.405623 0.390119 0.333532 0.375331 0.482271 0.485999 0.548648 0.630665 0.678365 0.718177 0.787971 0.785705
 0.324031 0.158369 0.488433 0.478545 0.438241 0.430207 0.68296 0.455465 0.328202 0.431111 0.757457 0.643602 0.77148 0.780847 0.855539 0.677322 0.571316 0.501031 0.456985 0.357094
 0.284273 0.586673 0.649307 0.625023 0.492258 0.339121 0.457382 0.613025 0.569581 0.618158 0.386651 0.305768 0.296635 0.451944 0.332083 0.433908 0.369708 0.371118 0.456352 0.514871
 0.308256 0.63917 1.15583 0.513617 0.472504 0.590616 0.541677 0.572073 0.424387 0.516755 0.45833 0.649058 0.614603 0.585437 0.358281 0.461165 0.525791 0.690268 0.721426 0.740581
 0.371331 0.623845 0.665107 0.665392 0.787101 0.688322 0.554084 0.771917 0.516656 0.379572 0.398452 0.425041 0.397575 0.465082 0.516589 0.446116 0.40827 0.43223 0.413684 0.528936
 0.265332 0.467339 0.738342 0.442356 0.431997 0.387325 0.551649 0.576547 0.435952 0.534662 0.774596 0.571128 0.470074 0.564951 0.664651 0.733823 0.719493 0.777656 1.15507 1.65263
 0.405992 0.556419 0.406485 0.5076 0.57877 0.560222 0.45207 0.526323 0.530579 0.525109 0.381697 0.48208 0.385891 0.399978 0.324347 0.384434 0.293931 0.297427 0.319933 0.269284
 0.333335 0.411218 0.401931 0.600864 0.619923 0.698516 0.548381 0.557622 0.664817 0.468487 0.48496 0.481715 0.719552 0.663593 0.586673 0.563642 0.386248 0.342304 0.368168 0.341918
 0.386444 0.497391 0.735329 0.494607 0.378437 0.457173 0.508269 0.370878 0.491621 0.547395 0.487724 0.572346 0.483157 0.449855 0.403327 0.486762 0.421496 0.412801 0.57024 0.599721
 0.414454 0.665712 0.617122 0.415515 0.415189 0.714874 0.680623 0.628789 0.626548 0.345961 0.481807 0.437861 0.405645 0.487167 0.419081 0.474635 0.357636 0.496335 0.532754 0.580765
 0.455787 0.809874 0.611467 0.430823 0.619348 0.68193 0.405772 0.467488 0.450599 0.580626 0.69096 0.602317 0.779993 0.874922 0.881746 0.751371 0.419117 0.434323 0.478606 0.459239
 0.552241 0.53241 0.725044 0.931438 0.607656 0.378443 0.358189 0.467213 0.68248 0.675795 0.488872 0.486118 0.504596 0.485324 0.419091 0.360009 0.495446 0.469622 0.414041 0.486283
 0.369318 0.548813 0.510364 0.461833 0.446039 0.330663 0.428681 0.662843 0.604259 0.435309 0.386499 0.348609 0.573591 0.414007 0.54932 0.475741 0.524924 0.493456 0.567161 0.486137
 0.296751 0.728192 0.837558 0.647367 0.749179 0.489927 0.549399 0.550218 0.591682 0.825917 0.546006 0.630058 0.86303 0.807067 0.643535 0.555775 0.421415 0.352737 0.340906 0.292209
 0.385659 0.903315 0.75699 0.505572 0.523378 0.478342 0.370792 0.43217 0.563092 0.465085 0.391955 0.480425 0.539569 0.468445 0.493961 0.428813 0.52139 0.505293 0.442843 0.57188
 0.317583 0.434607 0.732928 0.754752 0.467996 0.341468 0.452413 0.39645 0.419011 0.398118 0.572108 0.521653 0.66085 0.513227 0.521427 0.55452 0.676418 0.506265 0.366362 0.296141
 0.350307 0.553549 0.700459 0.526702 0.397521 0.486339 0.51469 0.49323 0.449307 0.536766 0.441282 0.25942 0.279221 0.340161 0.407385 0.406969 0.352751 0.27625 0.32023 0.428976
 0.329105 0.356521 0.65763 0.68209 0.71268 0.398607 0.371525 0.308664 0.322021 0.330209 0.468837 0.450375 0.456845 0.44711 0.463311 0.391349 0.342381 0.256151 0.293526 0.340196
 0.376066 0.537897 0.508932 0.450904 0.154767 0.668877 0.444696 0.543659 0.520539 0.343052 0.515747 0.689356 0.780652 0.471932 0.363612 0.416504 0.387663 0.408204 0.647482 0.638624
 0.372084 0.826221 0.537006 0.607523 0.495891 0.582246 0.546492 0.336539 0.410525 0.534048 0.365926 0.340238 0.339427 0.411819 0.554831 0.498037 0.462953 0.427367 0.433831 0.432447
 0.356012 0.543651 0.522572 0.547344 0.505491 0.476502 0.453413 0.591015 0.518122 0.586524 0.364146 0.347928 0.371021 0.325825 0.380118 0.348373 0.450229 0.353069 0.305929 0.311336
 0.440097 0.730352 0.801802 0.454566 0.465501 0.340696 0.41967 0.420346 0.52313 0.439573 0.448259 0.39788 0.443153 0.409215 0.46953 0.478771 0.476884 0.367062 0.385835 0.393087
 0.436827 0.679885 0.892514 0.545571 0.430745 0.343384 0.386052 0.484852 0.51305 0.529896 0.595751 0.513959 0.539531 0.380509 0.332275 0.289578 0.339412 0.374918 0.385117 0.356643
 0.412854 0.605693 0.959458 0.701363 0.204954 0.344003 0.386206 0.34493 0.571177 0.490813 0.405846 0.348576 0.35284 0.431558 0.480057 0.520571 0.58713 0.798775 0.749511 0.658254
 0.393039 0.843192 0.541631 0.611536 0.541323 0.560823 0.46304 0.437287 0.488549 0.365474 0.477909 0.475306 0.452389 0.431504 0.452025 0.438528 0.515272 0.656629 0.576812 0.447832
 0.354498 0.617779 0.596787 0.392519 0.569765 0.518079 0.486215 0.444023 0.386837 0.404519 0.490075 0.446893 0.435969 0.364487 0.355915 0.314409 0.38091 0.432552 0.309307 0.359579
 0.339981 0.615894 0.441044 0.586286 0.212232 0.818456 0.683037 0.444752 0.452828 0.431623 0.461925 0.379728 0.340513 0.389062 0.395885 0.367363 0.353859 0.352379 0.278806 0.263505
 0.34666 0.622058 0.645006 0.853354 0.679464 0.764381 0.631741 0.71533 0.901379 0.938386 0.995121 0.95532 0.52515 0.356134 0.315008 0.330188 0.481084 0.514451 0.585035 0.621596
 0.354516 0.505862 0.515055 0.55543 0.422641 0.591947 0.744312 0.444794 0.31128 0.348123 0.420409 0.384912 0.34213 0.406923 0.360295 0.550631 0.412965 0.288567 0.398202 0.416831
 0.413731 0.582668 0.612618 0.520097 0.765988 0.750036 0.517341 0.649549 0.777876 0.522232 0.656887 0.671701 0.631939 0.561398 0.353848 0.308579 0.327063 0.265564 0.238426 0.311697
 0.307347 0.525615 0.651077 0.474993 0.493757 0.328859 0.403104 0.537881 0.554521 0.592589 0.566415 0.49302 0.49416 0.526673 0.494806 0.440029 0.330183 0.344443 0.41895 0.363397
 0.369387 0.499533 0.461835 0.554962 0.54901 0.726725 0.636505 0.455704 0.726674 0.492468 0.348151 0.310908 0.489688 0.583652 0.454012 0.598594 0.619185 0.540807 0.376126 0.408597
 0.301777 0.57732 0.90176 0.581492 0.743182 0.426511 0.517385 0.470383 0.428335 0.311893 0.349993 0.352137 0.358263 0.368883 0.419669 0.380879 0.43877 0.446007 0.425248 0.394191
 0.267768 0.465799 0.513651 0.302706 0.439869 0.391515 0.37005 0.402275 0.433977 0.415619 0.339505 0.39545 0.504176 0.503645 0.478672 0.318794 0.278322 0.206133 0.291343 0.320229
 0.415736 0.465078 0.469431 0.426031 0.595258 0.446281 0.499473 0.39156 0.462323 0.555864 0.514735 0.456754 0.486501 0.438362 0.48955 0.294446 0.243535 0.201388 0.282052 0.48935
 0.455072 0.611104 0.634542 0.579113 0.377924 0.430914 0.491864 0.451947 0.38842 0.368062 0.450354 0.517184 0.336313 0.406123 0.36492 0.403489 0.458605 0.355011 0.336057 0.420504
 0.556348 0.618671 0.566148 0.72924 0.464794 0.486378 0.426366 0.416256 0.470149 0.569743 0.47768 0.383589 0.471586 0.480822 0.555366 0.484321 0.49991 0.548295 0.585293 0.563069
 0.43477 0.770261 0.522214 0.475089 0.48018 0.500188 0.473486 0.530406 0.536158 0.494066 0.618644 0.648143 0.718213 0.972439 0.861249 0.660503 0.659506 0.560578 0.492221 0.288298
 0.433366 0.525078 0.920431 0.608942 0.581334 0.417459 0.514264 0.471922 0.454037 0.525443 0.397451 0.453769 0.455718 0.441191 0.379938 0.409183 0.361296 0.35768 0.348103 0.399451
 0.390799 0.435233 0.643185 0.71032 0.568052 0.522797 0.548253 0.529826 0.460046 0.45933 0.413063 0.404244 0.591609 0.389388 0.417892 0.486811 0.354843 0.394533 0.330224 0.240273
 0.384733 0.612586 0.574438 0.642759 0.201546 0.534979 0.659882 0.534765 0.472302 0.415024 0.476714 0.478583 0.366623 0.302468 0.347971 0.360557 0.34657 0.34309 0.374015 0.366693
 0.332996 0.491728 0.710183 0.595695 0.480375 0.461388 0.537289 0.419685 0.566465 0.618418 0.65689 0.5531 0.533478 0.397583 0.340486 0.362672 0.523566 0.538748 0.533837 0.502675
 0.491424 0.700057 0.436794 0.695623 0.555384 0.319271 0.273312 0.29618 0.31469 0.41193 0.597456 0.430441 0.447671 0.389409 0.423925 0.373953 0.38098 0.284606 0.427062 0.677079
 0.355902 0.172084 0.733564 0.787725 0.812871 0.91715 0.933086 0.597211 0.522816 0.483212 0.484016 0.660061 0.712864 1.01017 1.65914 2.34431 34.1078 69.1603 69.3578 69.3578
 0.369072 0.676437 0.615279 0.462447 0.502905 0.507322 0.57719 0.463134 0.486953 0.537308 0.455036 0.548014 0.554464 0.468133 0.532937 0.671886 0.833979 0.774244 0.622381 0.634603
 0.441437 0.499436 0.776036 0.635582 0.552873 0.968857 0.620486 0.399271 0.334079 0.388547 0.482069 0.283685 0.421123 0.40753 0.431161 0.331886 0.408605 0.404096 0.33334 0.31282
 0.393592 0.548271 0.46962 0.695955 0.580544 0.441551 0.506227 0.425158 0.312109 0.439713 0.464053 0.523232 0.512444 0.476004 0.58092 0.656687 0.621658 0.543174 0.543276 0.544178
 0.314367 0.561402 0.633215 0.434832 0.497326 0.436208 0.296262 0.312708 0.562682 0.578626 0.595885 0.525836 0.433189 0.384034 0.332192 0.383353 0.414045 0.449093 0.538005 0.521665
 0.436345 0.449854 0.290845 0.3447 0.52268 0.412565 0.36488 0.327246 0.298268 0.431499 0.405659 0.328138 0.374414 0.239922 0.326537 0.428954 0.301453 0.376819 0.361022 0.255784
 0.450964 0.474636 0.602873 0.573766 0.445175 0.504921 0.412089 0.438797 0.553174 0.432099 0.39607 0.5209 0.594462 0.59728 0.413537 0.380264 0.417789 0.326882 0.341062 0.41004
 0.466846 0.47505 0.671042 0.519986 0.511625 0.504648 0.384402 0.424495 0.455532 0.350875 0.27326 0.410459 0.427168 0.374645 0.354989 0.304544 0.437291 0.465557 0.500461 0.468766
 0.55022 0.644982 0.949086 0.713688 0.496847 0.573717 0.514092 0.406915 0.553711 0.596171 0.651493 0.85317 0.544984 0.575946 0.374291 0.375461 0.375821 0.392084 0.50932 0.388563
 0.592894 0.600825 0.556793 0.812082 0.813026 0.678285 0.584007 0.481633 0.546235 0.418382 0.495917 0.426463 0.310108 0.342139 0.342115 0.374649 0.510339 0.43266 0.417276 0.364723
 0.362461 0.326851 0.489854 0.422964 0.580208 0.460271 0.448912 0.427669 0.493692 0.56161 0.409332 0.33304 0.35875 0.422585 0.315956 0.48535 0.410477 0.403135 0.487206 0.489381
 0.32629 0.437993 0.63353 0.566074 0.487122 0.465413 0.390406 0.395993 0.443835 0.297542 0.310103 0.37131 0.280757 0.471056 0.477277 0.546717 0.476352 0.478213 0.483845 0.569933
 0.404255 0.375801 0.522729 0.465383 0.592751 0.415464 0.45763 0.410712 0.368015 0.546731 0.55169 0.342097 0.336442 0.426427 0.496089 0.438722 0.442346 0.360429 0.361242 0.474191
 0.429378 0.428964 0.415217 0.433689 0.434696 0.485328 0.493373 0.343559 0.439437 0.66833 0.72148 0.687561 0.563312 0.470212 0.415463 0.441949 0.492364 0.384699 0.348091 0.46106
 0.434314 0.435318 0.579492 0.518497 0.349023 0.384798 0.339908 0.40871 0.4349 0.417189 0.389339 0.442822 0.290389 0.344472 0.447247 0.480029 0.370861 0.3853 0.465755 0.358059
 0.379592 0.506065 0.637613 0.91513 0.519871 0.317378 0.419263 0.321462 0.368241 0.307467 0.39514 0.390082 0.333364 0.487972 0.610736 0.549455 0.591801 0.497232 0.304049 0.317264
 0.413932 0.546316 0.646037 0.620702 0.46487 0.46684 0.537841 0.43262 0.415171 0.536851 0.517101 0.559316 0.4544 0.439703 0.359134 0.350211 0.369397 0.300237 0.347265 0.32987
 0.461547 0.57297 0.521822 0.648614 0.696943 0.601446 0.523376 0.45987 0.576999 0.661121 0.652824 0.519562 0.478096 0.710996 0.812173 0.794997 0.862712 0.968651 1.22796 1.45613
 0.354718 0.592652 0.676993 0.700062 0.447524 0.49237 0.434783 0.425077 0.382377 0.404675 0.310526 0.402167 0.334577 0.371103 0.349609 0.358322 0.389211 0.455647 0.67023 0.566209
 0.354766 0.55581 0.493304 0.403121 0.394771 0.428015 0.322049 0.536207 0.545597 0.314601 0.364192 0.359996 0.37802 0.376321 0.432829 0.433868 0.393594 0.436598 0.424382 0.578278
 0.365442 0.496332 0.608406 1.37365 0.850109 0.770613 0.906558 0.947159 0.725515 0.584304 0.535902 0.383442 0.424468 0.387509 0.322865 0.325248 0.381904 0.344729 0.584792 0.704801
 0.344985 0.596268 0.672666 0.878532 0.69239 0.448358 0.401805 0.436016 0.490513 0.479419 0.451916 0.302722 0.432553 0.493899 0.667267 0.496146 0.54958 0.473504 0.453533 0.578316
 0.366338 0.766943 0.610563 0.447504 0.395019 0.405939 0.404113 0.508178 0.399211 0.52733 0.5931 0.437884 0.472691 0.39512 0.332745 0.365885 0.405667 0.31655 0.421171 0.442952
 0.306697 0.709538 0.808202 0.632739 0.531529 0.517787 0.61342 0.781709 0.665387 0.706558 0.553153 0.534862 0.378948 0.354859 0.347801 0.378459 0.368611 0.468914 0.378196 0.283023
 0.277694 0.534636 0.683929 0.54126 0.514291 0.362924 0.386116 0.617197 0.56241 0.433978 0.51535 0.452066 0.48929 0.68514 0.571735 0.461574 0.531265 0.500988 0.411583 0.484774
 0.319743 0.576569 0.57768 0.528254 0.53791 0.690018 0.754356 0.672715 0.943442 1.11995 1.10779 0.962758 0.882278 0.861289 0.791994 0.654588 0.545166 0.516061 0.549005 0.465272
 0.377252 0.99727 0.546805 0.558894 0.762404 0.683166 0.623466 0.823134 0.536832 0.525821 0.671011 0.692824 0.456124 0.471815 0.449919 0.451922 0.323641 0.330194 0.402948 0.477724
 0.285536 0.584378 0.670514 0.760047 0.758384 0.733076 0.651233 0.499176 0.647377 0.896701 0.714685 0.684879 0.816874 1.00645 0.86072 0.68314 0.675057 0.479277 0.51049 0.448392
 0.363908 0.670793 0.627806 0.597248 0.565627 0.706832 0.63069 0.547357 0.768663 0.645322 0.575063 0.559712 0.570844 0.544599 0.619685 0.673228 0.859831 0.618081 0.636606 0.470656
 0.503181 0.639764 0.579293 0.728929 0.470535 0.41735 0.530075 0.470442 0.390294 0.564515 0.889606 0.535124 0.535575 0.515967 0.470386 0.499707 0.451611 0.496608 0.56456 0.61026
 0.491703 0.55039 0.437407 0.254152 0.51715 0.558852 0.549761 0.562659 0.448245 0.64593 0.534131 0.428687 0.44723 0.510962 0.39967 0.479406 0.506825 0.505983 0.774145 0.85869
 0.440705 0.660924 0.758136 0.579959 0.538627 0.480213 0.438841 0.389677 0.41321 0.388643 0.497324 0.460171 0.629992 0.393275 0.359379 0.391021 0.386094 0.443877 0.557239 0.580819
 0.386522 0.515921 0.781559 0.674298 0.217971 0.434634 0.460375 0.407449 0.304401 0.432975 0.535327 0.623683 0.64965 0.37428 0.50737 0.514314 0.494563 0.461173 0.429457 0.380809
 0.332026 0.668417 0.966925 0.569422 0.515095 0.492388 0.451021 0.417951 0.410098 0.658614 0.684061 0.575843 0.58016 0.564693 0.564464 0.410431 0.32247 0.422889 0.504944 0.544369
 0.373357 0.483121 0.574931 0.54908 0.650483 0.414866 0.787911 0.508382 0.509233 0.36523 0.499037 0.671594 0.671861 0.609955 0.604907 0.656352 0.425859 0.319615 0.445527 0.487292
 0.370772 0.434086 0.426083 0.373397 0.614307 0.449019 0.357283 0.439182 0.43948 0.503472 0.425279 0.408632 0.436177 0.366958 0.34257 0.371637 0.402426 0.350942 0.385234 0.509897
 0.280181 0.430971 0.470051 0.565751 0.431432 0.475077 0.495959 0.441775 0.533179 0.499948 0.364408 0.310274 0.327917 0.421435 0.396358 0.497543 0.570262 0.607443 0.728471 0.646491
 0.284377 0.525455 0.708054 0.511724 0.506628 0.401103 0.495804 0.708114 0.582711 0.707189 0.936038 0.73361 0.768453 0.70132 0.504503 0.485378 0.449321 0.497173 0.458872 0.434451
 0.292924 0.44559 0.589065 0.652042 0.370922 0.463209 0.44876 0.437475 0.394276 0.376635 0.346131 0.259845 0.327055 0.355663 0.428632 0.368137 0.46467 0.444603 0.395419 0.427392
 0.203118 0.407927 0.72806 0.512175 0.356775 0.265466 0.383926 0.517289 0.366831 0.468213 0.421009 0.37137 0.371111 0.349102 0.389245 0.394021 0.438222 0.397946 0.334944 0.326012
