 0.42867 0.381698 0.634301 0.483961 0.667636 0.405655 0.326337 0.470692 0.421201 0.422516 0.477425 0.313026 0.371035 0.383099 0.366922 0.387252 0.446385 0.471726 0.497188 0.444487
 0.286011 0.538004 0.562677 0.483112 0.433022 0.341568 0.404528 0.399227 0.338684 0.36918 0.373455 0.45013 0.512785 0.35973 0.428582 0.31258 0.432797 0.541571 0.45822 0.551429
 0.289454 0.404059 0.549617 0.379834 0.500304 0.488484 0.469837 0.462747 0.595291 0.594064 0.663851 0.735208 0.556727 0.970169 0.63068 0.597165 0.578614 0.522065 0.586741 0.582517
 0.328778 0.493858 0.308172 0.57499 0.523071 0.627619 0.508404 0.64573 0.401596 0.519474 0.344384 0.292351 0.447462 0.439548 0.504896 0.37476 0.401349 0.477463 0.617777 0.379209
 0.3795 0.512534 0.64684 0.687162 0.331687 0.653099 0.811345 0.546094 0.565049 0.451971 0.786177 0.553623 0.601947 0.561989 0.331172 0.441187 0.504261 0.526966 0.399682 0.609214
 0.343229 0.776049 0.61925 0.667986 0.750286 0.515173 0.551397 0.738104 0.819041 0.540244 0.605009 0.710787 0.587547 0.499421 0.490852 0.457666 0.3617 0.650983 0.512129 0.30878
 0.439569 0.404136 0.504112 0.464216 0.478279 0.677933 0.454 0.540737 0.592217 0.499867 0.567544 0.520323 0.764451 0.965038 0.681717 0.961674 0.935134 0.941484 1.55045 2.01375
 0.342362 0.440909 0.356716 0.534355 0.60471 0.85989 0.572177 0.480502 0.366202 0.397902 0.440663 0.464974 0.543814 0.573054 0.411507 0.369228 0.504172 0.520482 0.485682 0.626503
 0.231446 0.484837 0.478834 0.57365 0.43903 0.795188 0.530609 0.39429 0.480981 0.391649 0.451828 0.517815 0.45701 0.452232 0.486004 0.338779 0.586572 0.342874 0.405804 0.375721
 0.469131 0.500247 0.406808 0.418751 0.518738 0.589941 0.426445 0.50245 0.524547 0.410209 0.437259 0.527961 0.533416 0.549247 0.424617 0.430495 0.343129 0.342269 0.366941 0.392589
 0.313666 0.832104 0.755538 0.709125 0.650732 0.414006 0.398089 0.468708 0.450303 0.493707 0.422007 0.320084 0.398961 0.356254 0.503024 0.410707 0.414943 0.873381 0.438071 0.630606
 0.288876 0.853317 0.715701 0.488574 0.428676 0.531429 0.562016 0.428342 0.380443 0.364932 0.474852 0.389382 0.486803 0.454429 0.466475 0.374268 0.351346 0.384193 0.667742 0.658169
 0.317837 0.565641 0.656168 0.75619 0.822693 0.46712 0.435508 0.502758 0.404746 0.519071 0.744533 0.390795 0.443194 0.459236 0.374906 0.498721 0.370689 0.346815 0.395761 0.466317
 0.232179 0.419287 0.368147 0.365122 0.445464 0.519535 0.455226 0.323122 0.483593 0.370151 0.53408 0.435594 0.358067 0.480152 0.511876 0.499995 0.848107 0.605044 0.419766 0.336714
 0.26214 0.586201 0.572273 0.808799 0.485403 0.455575 0.446766 0.44374 0.713494 0.759242 1.06043 0.803232 0.429915 0.4994 0.536095 0.358648 0.399597 0.510431 0.512669 0.535882
 0.201017 0.595256 0.614187 0.736341 0.57991 0.617526 0.72561 1.07106 0.959203 0.720197 1.086 0.885124 0.941359 0.801972 0.561932 0.641797 0.441148 0.533976 0.51491 0.475574
 0.536516 0.153508 0.546907 0.605671 0.46634 0.38317 0.3987 0.340703 0.443758 0.404655 0.513569 0.471449 0.298221 0.523612 0.344426 0.494691 0.524804 0.487386 0.534963 0.500258
 0.370523 0.375135 0.538517 0.432502 0.406074 0.31135 0.636008 0.342216 0.559163 0.49201 0.554859 0.520252 0.498855 0.443319 0.471784 0.448723 0.327997 0.413338 0.458702 0.512962
 0.359402 0.456098 0.352087 0.451795 0.681205 0.449519 0.553376 0.425226 0.469045 0.513787 0.502981 0.439346 0.443279 0.530454 0.488156 0.567467 0.501351 0.558994 0.43734 0.430238
 0.316478 0.519497 0.684438 0.483962 0.744743 0.707462 0.493619 0.471038 0.56786 0.584847 0.559121 0.701291 0.698052 0.367224 0.473476 0.409181 0.528142 0.38657 0.275377 0.305499
 0.2495 0.515491 0.474545 0.481755 0.589216 0.574491 0.916849 0.601877 0.880057 0.807832 1.08241 0.472402 0.59881 0.498792 0.38517 0.495372 0.547414 0.491904 0.607818 0.577221
 0.363763 0.362053 0.478134 0.534142 0.590519 0.620146 0.649571 0.617534 0.430947 0.415085 0.33208 0.336472 0.424287 0.338985 0.410901 0.37105 0.238009 0.313154 0.21456 0.284287
 0.39642 0.437123 0.488168 0.539901 0.678381 0.581459 0.644242 0.55481 0.53171 0.567559 1.00016 0.621651 0.902866 0.760161 0.818648 0.76262 0.988477 0.663605 0.726771 0.491776
 0.502963 0.449267 0.407906 1.04569 0.132934 0.530058 0.42821 0.62037 0.408418 0.53617 0.357955 0.549611 0.563267 0.418059 0.452274 0.384388 0.415597 0.405679 0.35452 0.682978
 0.450603 0.468532 0.302619 0.691629 0.480636 1.10505 0.442565 0.414552 0.352457 0.577248 0.504796 0.60707 0.516764 0.513013 0.337128 0.45731 0.400145 0.397108 0.443286 0.430727
 0.644207 0.480788 0.736314 0.572171 1.3009 0.400021 0.585177 0.386409 0.720794 0.339588 0.504702 0.401928 0.498359 0.349105 0.329292 0.370878 0.442869 0.432258 0.383089 0.473039
 0.332726 0.641142 0.407142 0.608605 0.404948 0.617304 0.583511 0.692037 0.464624 0.519906 0.580719 0.591973 0.508822 0.710804 0.579236 0.811048 0.553817 0.555957 0.550723 0.657574
 0.335946 0.593604 0.255896 0.403565 0.442957 0.771663 0.513293 0.387742 0.422313 0.53705 0.44985 0.407564 0.54315 0.470928 0.477449 0.60864 0.550646 0.59942 0.607241 0.462836
 0.361865 0.650315 0.443165 0.473953 0.544525 0.542848 0.55526 0.6695 0.667075 0.788945 0.527627 0.421693 0.516855 0.553201 0.47815 0.368772 0.316718 0.506359 0.519636 0.485907
 0.275184 0.456187 0.646342 0.705948 0.434517 0.404436 0.418742 0.283496 0.340036 0.432676 0.424839 0.387797 0.405792 0.350298 0.451753 0.445373 0.578993 0.519981 0.794781 0.585704
 0.345154 0.496208 0.943136 1.13771 0.620713 0.38992 0.47629 0.551897 0.414968 0.648805 0.572996 0.619345 0.545267 0.362634 0.404836 0.456826 0.481879 0.612444 0.549425 0.698891
 0.334268 0.447793 0.404755 0.859979 0.371079 0.34907 0.493964 0.465564 0.387288 0.439785 0.59487 0.434103 0.352849 0.54178 0.368422 0.408283 0.248122 0.33273 0.254943 0.401405
 0.441068 0.563541 0.581331 0.543284 0.512782 0.722828 0.743791 0.84111 0.771109 0.578133 0.540355 0.657342 0.670827 0.718127 0.656584 0.599232 0.531331 0.327707 0.468489 0.371931
 0.396035 0.509317 0.588121 0.383414 0.6074 0.694203 0.386603 0.404933 0.7086 0.621057 0.902554 0.588841 0.440696 0.274365 0.470044 0.445792 0.425405 0.314063 0.356586 0.36125
 0.378638 0.479544 0.483793 0.793853 0.932377 0.72139 0.54594 0.824573 0.509887 0.534462 0.589494 0.51181 0.351471 0.364579 0.342779 0.526039 0.344401 0.53834 0.426023 0.481504
 0.423223 0.671144 0.512552 0.565204 0.436447 0.634098 0.635123 0.519348 0.476005 0.502603 0.559885 0.500295 0.606552 0.498565 0.610799 0.484768 0.64898 0.580939 0.779217 0.629214
 0.481289 0.436374 0.373226 0.55183 0.660168 0.436379 0.563882 0.466428 0.439113 0.507927 0.524814 0.683588 0.659146 0.727671 0.521986 0.517185 0.652958 0.611094 0.520683 0.549396
 0.473273 0.412178 0.44091 0.568348 0.636499 0.559726 0.636964 0.33838 0.56823 0.504691 0.417135 0.449428 0.396124 0.458887 0.351384 0.463262 0.648639 0.79515 0.926028 0.677405
 0.385282 0.488572 0.44057 0.57881 0.572573 0.371055 0.398423 0.485615 0.358531 0.415698 0.271716 0.343427 0.372083 0.62754 0.545189 0.379776 0.513983 0.526793 0.670488 0.471486
 0.366764 0.433085 0.739397 0.918023 0.463491 0.449984 0.58271 0.426208 0.327823 0.327446 0.448489 0.710346 0.432331 0.507801 0.364563 0.451025 0.385694 0.755815 0.849436 1.01179
 0.353431 0.443169 0.679544 0.469019 0.36397 0.42612 0.362372 0.353909 0.455017 0.349186 0.483961 0.421973 0.469002 0.475775 0.57754 0.494624 0.492458 0.441663 0.519362 0.452176
 0.329809 0.340478 0.474452 0.468556 0.428527 0.3606 0.375433 0.489292 0.476017 0.496511 0.517525 0.359698 0.519766 0.666891 0.857004 1.10225 1.05571 1.98554 1.70907 1.09226
 0.307703 0.418329 0.521426 0.496972 0.458815 0.419051 0.427905 0.421807 0.363885 0.395744 0.39843 0.506788 0.735895 0.529804 0.862687 0.54493 0.61675 1.09126 1.12909 1.37934
 0.342207 0.446454 0.66022 0.322421 0.423428 0.465035 0.439072 0.517993 0.67887 0.551756 0.454175 0.450328 0.796759 0.887645 0.62058 0.708342 0.517827 0.820482 0.583728 0.575528
 0.309385 0.55862 0.48231 0.426871 0.469787 0.559043 0.575636 0.499709 0.446555 0.321065 0.357053 0.455423 0.530879 0.366777 0.430064 0.424562 0.372251 0.465211 0.470613 0.366949
 0.400337 0.390123 0.505944 0.49031 0.355983 0.654437 0.299345 0.779358 0.387635 0.433758 0.449321 0.640345 0.489685 0.435298 0.400337 0.397615 0.343117 0.482088 0.587101 0.736349
 0.212184 0.446819 0.612989 0.537876 0.506828 0.721169 0.530779 0.542351 0.443871 0.381863 0.416047 0.561623 0.463246 0.439846 0.627187 0.514765 0.686134 0.481119 0.57087 0.692863
 0.365694 0.347721 0.425308 0.46092 0.454276 0.681303 0.573266 0.348571 0.36216 0.373942 0.474679 0.408104 0.415967 0.55406 0.429305 0.38435 0.432776 0.390032 0.430119 0.311522
 0.396561 0.359566 0.59904 0.527023 0.475909 0.634447 0.584646 0.473786 0.600911 0.850002 0.642167 0.669681 0.478046 0.535193 0.420278 0.490357 0.533642 0.436544 0.50531 0.498187
 0.277066 0.425051 0.63131 0.651618 0.437865 0.370618 0.574998 0.536162 0.521952 0.438589 0.398819 0.405256 0.430076 0.637033 0.432592 0.543866 1.05553 0.788293 0.724622 0.851902
 0.27036 0.294706 0.868591 0.470941 0.502978 0.405751 0.505513 0.457777 0.606868 0.381122 0.361913 0.529832 0.325101 0.333527 0.371926 0.271014 0.335201 0.480857 0.632042 0.33553
 0.446094 0.107484 0.511946 0.746137 0.675056 0.480594 0.433584 0.889122 0.170045 0.322552 0.276981 0.386515 0.471577 0.284813 0.263067 0.373384 0.283582 0.357456 0.405913 0.341074
 0.355771 0.405453 0.368513 0.358763 0.456892 0.431719 0.63374 0.476602 0.608266 0.524851 0.449246 0.413559 0.528552 0.611111 0.332136 0.456606 0.392013 0.473396 0.46993 0.371016
 0.330305 0.476442 0.658258 0.508554 0.626342 0.563098 0.759812 0.650226 0.422419 0.377384 0.429715 0.451595 0.396598 0.459445 0.489736 0.493043 0.31708 0.29044 0.317442 0.295146
 0.287373 0.400676 0.548306 0.510956 0.471916 0.555223 0.548984 0.711325 0.485456 0.397976 0.352455 0.318872 0.326309 0.444413 0.370268 0.374988 0.603784 0.639998 0.497118 0.450881
 0.282965 0.462022 0.428436 0.783266 0.770334 0.510629 0.49031 0.561425 0.489192 0.452565 0.768118 0.557515 0.560227 0.566414 0.574629 0.494159 0.539688 0.305405 0.448987 0.359945
 0.319386 0.534035 0.529496 0.543441 0.524743 0.573414 0.577519 0.525149 0.576294 0.531902 0.601147 0.592906 0.546556 0.441315 0.642693 0.391205 0.403904 0.376066 0.326531 0.399021
 0.394125 0.472013 0.514378 0.445975 0.534822 0.50482 0.597299 0.461225 0.498169 0.373812 0.546812 0.394271 0.672059 0.513455 0.374865 0.548026 0.37003 0.414558 0.49828 0.491018
 0.299406 0.423459 0.622374 1.05377 0.360833 0.633485 0.667868 0.555389 0.58501 0.46876 0.458424 0.495676 0.452717 0.451152 0.470335 0.499168 0.59112 0.446022 0.4223 0.45591
 0.387863 0.385761 0.610565 0.540062 0.618289 0.500286 0.505338 0.477329 0.528885 0.669387 0.483152 0.509988 0.52937 0.341084 0.480235 0.553296 0.285087 0.383213 0.333749 0.349151
 0.298396 0.582905 0.59433 0.412971 0.418942 0.406598 0.219883 0.392024 0.304833 0.452408 0.52098 0.431616 0.413829 0.427411 0.579013 0.569494 0.597991 0.760528 0.750658 0.877554
 0.283141 0.398774 0.547637 0.650459 0.552722 0.501053 0.441896 0.5158 0.543563 0.500073 0.554182 0.458043 0.359755 0.455739 0.516802 0.604272 0.308159 0.438317 0.420854 0.366856
 0.729074 0.114761 0.513439 0.419255 0.44023 0.361387 0.445375 0.548391 0.402495 0.41176 0.588013 0.530559 0.344168 0.608675 0.4843 0.415779 0.501268 0.541753 0.491905 0.475388
 0.426802 0.617044 0.494346 0.375909 0.517125 0.457137 0.319293 0.551248 0.30877 0.413185 0.38395 0.374804 0.522713 0.414016 0.468423 0.386997 0.427898 0.383478 0.379458 0.329689
 0.719323 0.12602 0.733366 0.555559 0.663453 0.505797 0.624949 0.541618 1.1008 0.632329 0.530657 0.372249 0.484875 0.800742 0.596062 0.467674 0.487371 0.601155 0.46487 0.566726
 0.320306 0.473394 0.69681 0.562881 0.65853 0.916626 0.363495 0.431377 0.374261 0.448046 0.726181 0.470139 0.658047 0.526505 0.538435 0.587562 0.598713 0.608596 0.401826 0.30003
 0.310436 0.634133 0.699551 0.565299 0.713245 0.65894 0.73014 0.704582 0.390109 0.335827 0.358784 0.340751 0.362073 0.444881 0.381395 0.372407 0.326103 0.526112 0.410786 0.535241
 0.302984 0.501991 0.414354 0.577919 0.61657 0.530802 0.292721 0.406981 0.558499 0.528847 0.65255 0.699218 0.443693 0.414424 0.3533 0.283333 0.404291 0.35208 0.341801 0.245813
 0.570004 0.103516 0.719447 0.839529 0.382333 0.427596 0.769416 0.218057 0.660936 0.644887 0.521803 0.474491 0.472052 0.38729 0.482188 1.00591 0.928791 0.627312 0.4863 0.473675
 0.516681 0.0990811 0.591242 0.856281 0.610891 0.578877 0.254204 1.18021 0.510694 0.497302 0.412937 0.424781 0.458981 0.305292 0.273378 0.344391 0.253099 0.3058 0.457425 0.342947
 0.320946 0.438557 0.515609 0.549118 0.587939 0.817481 0.945164 0.779747 0.816297 0.623814 0.599452 0.567324 0.340598 0.27631 0.336689 0.458465 0.272941 0.475489 0.365295 0.500287
 0.340076 0.444333 0.49293 0.51147 0.444147 0.732729 0.304155 0.35623 0.554106 0.359766 0.580034 0.448175 0.374124 0.590411 0.551351 0.543015 0.441814 0.494527 0.488871 0.428527
 0.458465 0.371706 0.615241 0.475274 0.370291 0.459021 0.557265 0.337849 0.482764 0.34807 0.530636 0.414312 0.387707 0.414672 0.435585 0.545804 0.376506 0.469195 0.510213 0.461197
 0.388152 0.444849 0.339901 0.395815 0.499362 0.517034 0.415466 0.640912 0.841788 0.691325 0.762633 0.560021 0.584496 0.391706 0.341024 0.358875 0.325322 0.342077 0.250423 0.443654
 0.3949 0.609809 0.554345 0.595913 0.459999 0.566997 0.680861 0.523693 0.483627 0.530853 0.738133 0.522888 0.660875 0.710811 0.726508 0.918839 1.26314 0.979952 1.03848 0.788234
 0.275997 0.747444 0.445667 0.392594 0.478112 0.350984 0.389535 0.346807 0.627185 0.645785 0.388174 0.463679 0.513931 0.410703 0.365472 0.516549 0.468695 0.52965 0.569588 0.342251
 0.279045 0.522157 0.607098 0.421766 0.770765 0.828077 0.391592 0.372934 0.369203 0.574509 0.73358 0.510174 0.352726 0.314363 0.365908 0.467475 0.485123 0.453376 0.434561 0.271739
 0.402561 0.52251 0.341035 0.518165 0.52704 0.568065 0.384948 0.458934 0.429978 0.530119 0.452338 0.488849 0.397408 0.460492 0.421041 0.744751 0.499009 0.492888 0.592338 0.459409
 0.4179 0.585802 0.493913 0.444611 0.415881 0.672428 0.356732 0.670896 0.439713 0.475431 0.567359 0.56955 0.594865 0.398634 0.542717 0.374828 0.303065 0.516911 0.455692 0.393631
 0.492473 0.442568 0.580205 0.744934 0.500854 0.756612 0.491178 0.423027 0.484753 0.533092 0.501907 0.494608 0.564722 0.549418 0.313025 0.320685 0.411963 0.354683 0.629209 0.399681
 0.415681 0.522593 0.747583 0.945677 0.821683 0.911189 0.71957 0.669948 0.548028 0.497498 0.529533 0.631982 0.89315 0.596032 0.515302 0.634048 0.535082 0.440815 0.366872 0.451013
 0.310783 0.409984 0.39303 0.599884 0.673179 0.893682 0.747855 0.814664 0.932253 0.640406 0.547702 0.644843 0.519782 0.753464 0.632292 0.581374 0.570207 0.768848 0.77442 0.626418
 0.328893 0.565742 0.551263 0.51932 0.89927 0.45113 1.46758 0.405061 0.784658 0.573761 0.624308 0.489887 0.424407 0.412623 0.470059 0.520187 0.50635 0.49926 0.55853 0.43529
 0.279151 0.402844 0.399398 0.61647 0.695036 0.524055 0.478796 0.612247 0.288011 0.367563 0.670048 0.39034 0.425632 0.623461 0.506628 0.510005 0.47485 0.38014 0.337883 0.563275
 0.354317 0.501129 0.371753 0.414778 0.348451 0.500699 0.427337 0.448979 0.596423 0.392814 0.592517 0.559297 0.422711 0.482814 0.680735 0.507037 0.478294 0.540657 0.487294 0.414165
 0.39664 0.503971 0.4133 0.326626 0.419209 0.45632 0.684357 0.480156 0.497988 0.635799 0.610516 0.743083 0.751255 0.658958 0.534023 0.607685 0.465541 0.512607 0.670076 0.587741
 0.349261 0.354761 0.443439 0.524793 0.362575 0.482472 0.353552 0.496373 0.422388 0.453917 0.439445 0.531326 0.480173 0.481793 0.481968 0.386778 0.427952 0.503573 0.460227 0.486912
 0.308709 0.522262 0.425904 0.774759 0.378287 0.342739 0.436412 0.438218 0.385864 0.368302 0.748981 0.519543 0.457305 0.452073 0.49904 0.417411 0.367426 0.396706 0.814326 0.829953
 0.322397 0.507183 0.439538 0.378324 0.417354 0.465194 0.512544 0.474899 0.499694 0.454441 0.488547 0.541509 0.490449 0.912228 0.594205 0.545604 0.619048 0.513805 0.56347 0.490651
 0.522733 0.34318 0.741214 0.551701 0.461506 0.790907 0.56235 0.721028 0.859966 0.751978 0.688342 0.433295 0.480153 0.385352 0.291203 0.358887 0.499967 0.644817 0.70655 0.6255
 0.33897 0.377286 0.479753 0.42132 0.46487 0.439236 0.446871 0.394476 0.488774 0.407734 0.47863 0.530578 0.321623 0.472769 0.400054 0.572622 0.573796 0.632219 0.780581 0.996673
 0.247828 0.345164 0.712043 0.422565 0.402376 0.510115 0.580577 0.916467 0.886357 0.455897 0.461159 0.508915 0.517759 0.542954 0.400129 0.337261 0.397973 0.477395 0.363903 0.550757
 0.254078 0.41338 0.46217 0.716799 1.00834 0.635389 0.384041 0.51017 0.501529 0.703008 0.65482 0.718159 0.809061 0.657694 0.763424 0.550076 0.51776 0.622831 0.454746 0.500193
 0.513701 0.350141 0.641505 0.400263 0.46118 0.543623 0.511377 0.643262 0.453295 0.5076 0.557888 0.323505 0.386155 0.447984 0.389177 0.396712 0.42773 0.392579 0.498822 0.654333
 0.394439 0.534679 0.4055 0.407559 0.340311 0.553513 0.820779 0.322408 0.661454 0.541767 0.465664 0.722198 0.540793 0.643371 0.778017 1.03247 0.671164 0.511404 0.502364 0.381179
 0.62987 0.671914 0.475082 0.458127 0.374837 0.641731 0.297301 0.810951 0.675428 0.730229 1.02977 0.744979 1.13066 1.51308 0.701252 0.709231 0.501696 0.411992 0.461853 0.507164
 0.57002 0.554035 0.444115 0.844668 0.519578 0.470701 0.51396 0.622995 0.560702 0.592365 0.440009 0.564359 0.36942 0.325064 0.387677 0.338562 0.356892 0.478246 0.680168 0.59339
 0.586918 0.512846 0.624707 0.553906 0.538458 0.424963 0.587783 0.664708 0.591104 0.806314 0.779573 0.703432 0.933252 0.912448 0.705798 0.880323 0.727429 0.635025 0.422388 0.575649
 0.608277 0.496379 0.389931 0.417815 0.60289 0.434573 0.511933 0.444246 0.44824 0.516163 0.396062 0.48825 0.500536 0.385821 0.523461 0.725435 0.686928 0.544488 0.664456 1.06497
 0.47558 0.367459 1.00527 0.593792 0.509338 0.83614 0.829062 0.74458 0.681754 0.415361 0.379433 0.393288 0.350469 0.281387 0.483545 0.303022 0.283046 0.357753 0.437007 0.396477
 0.456752 0.404415 0.393221 0.337543 0.352926 0.506968 0.544952 0.48229 0.463673 0.45792 0.640348 0.558509 0.408745 0.573681 0.667455 0.588052 0.586833 1.01998 0.716071 0.679924
 0.312238 0.582211 0.518776 0.445518 0.524004 0.520419 0.619411 0.712866 0.62724 0.796664 0.53614 0.605089 0.615218 0.66325 0.44981 0.428872 0.437301 0.403452 0.563218 0.416621
 0.370006 0.497149 0.424199 0.765354 0.514956 0.530204 0.403457 0.398297 0.485068 0.607332 0.377361 0.402265 0.445576 0.970063 0.533404 0.491293 0.292589 0.310358 0.384634 0.39677
 0.484754 0.539574 0.621282 1.08612 0.222874 0.581769 0.43498 0.474108 0.498673 0.370012 0.349342 0.39618 0.549162 0.348816 0.461943 0.492745 0.676748 0.432905 0.830336 0.528584
 0.37637 0.544322 0.60192 0.487058 0.528188 0.53131 0.55406 0.455083 0.444922 0.521435 0.486171 0.493582 0.330169 0.42997 0.999302 0.717093 0.872338 1.35984 1.15109 1.02052
 0.437078 0.589288 0.493701 0.631646 0.562159 0.864938 0.628386 0.481628 0.571239 0.950001 0.608087 0.715807 1.35171 1.42664 2.01375 2.01375 2.01375 2.01375 2.01375 2.01375
 0.412897 0.406277 0.495025 0.613481 0.496968 0.521551 0.561383 0.481968 0.409743 0.423606 0.547224 0.321275 0.474051 0.520638 0.708683 0.699386 0.795713 0.981648 1.08042 1.20492
 0.4818 0.682502 0.491812 0.481665 0.463211 0.365179 0.549297 0.434735 0.702897 0.510192 0.806636 0.860791 0.512386 0.584545 0.549718 0.442371 0.451181 0.51593 0.22524 0.364185
 0.332547 0.355988 0.452763 0.420237 0.775878 0.376046 0.590293 0.355327 0.523501 0.512036 0.449821 0.477436 0.451173 0.324395 0.414993 0.391026 0.511047 0.519502 0.477948 0.664235
 0.524702 0.0941996 0.431116 0.65136 0.382838 0.469445 0.516647 0.469149 0.324238 0.437997 0.323161 0.473002 0.756064 0.595974 0.389841 0.428625 0.322009 0.473409 0.459138 0.30245
 0.337137 0.356801 0.509657 0.580373 0.704832 0.676223 0.510371 0.584768 0.636463 0.465471 0.549126 0.477798 0.445048 0.633594 0.54336 0.687123 0.822449 0.850303 0.850117 1.27683
 0.328779 0.473698 0.439278 0.570328 0.547379 0.43499 0.525462 0.59243 0.433768 0.522283 0.423724 0.534234 0.407788 0.303134 0.479547 0.416696 0.482136 0.534959 0.817572 0.493407
 0.518363 0.396345 0.601685 0.449702 0.757323 0.568117 0.4371 0.447205 0.559808 0.499516 0.457292 0.363142 0.3396 0.339809 0.287765 0.399968 0.358422 0.46298 0.335313 0.401316
 0.487704 0.469039 0.375093 0.50528 0.469636 0.480841 0.467781 0.480125 0.672077 0.827707 0.609005 0.683215 0.509675 0.64376 0.457651 0.43248 0.410915 0.490842 0.344097 0.373676
 0.3356 0.542458 0.688532 0.523829 0.594015 0.578257 0.479628 0.894363 0.599168 0.568718 0.52005 0.318334 0.345334 0.444896 0.359004 0.638036 0.411391 0.377127 0.367081 0.369777
 0.407162 0.627866 0.818128 0.351059 0.798336 0.452632 0.561612 0.379092 0.273997 0.328547 0.322116 0.391965 0.478033 0.423423 0.396785 0.4257 0.400765 0.348023 0.279961 0.356766
 0.397235 0.344029 0.687279 0.41951 0.54225 0.553412 0.334039 0.453115 0.458577 0.328718 0.436484 0.579562 0.450954 0.447076 0.337038 0.482605 0.414259 0.41191 0.395543 0.556827
 0.400295 0.647967 0.618425 0.418922 0.459573 0.425833 0.384662 0.348496 0.398885 0.462685 0.385891 0.359139 0.493013 0.513091 0.565627 0.670931 0.801165 0.878966 0.985427 1.13723
 0.530491 0.120987 0.391015 0.441805 0.44384 0.380356 0.585653 0.515716 0.36198 0.281798 0.671566 0.692658 0.947051 0.833246 1.26703 0.800637 0.740492 0.658561 0.664583 0.466438
 0.294785 0.573267 0.524838 0.647881 0.620608 0.356435 0.42819 0.627979 0.491812 0.648853 0.426192 0.403177 0.294471 0.584045 0.358229 0.462412 0.42333 0.458345 0.500144 0.732401
 0.255411 0.361471 0.844633 0.400631 0.334053 0.534087 0.474942 0.56691 0.389665 0.520564 0.454605 0.663974 0.491888 0.740466 0.40458 0.516558 0.552751 0.720273 0.755088 0.84075
 0.311182 0.470101 0.525875 0.509053 0.587564 0.712704 0.482154 0.775403 0.493337 0.317486 0.342972 0.414668 0.393622 0.404149 0.474492 0.556059 0.501904 0.550795 0.531723 0.538731
 0.246257 0.321378 0.656912 0.472457 0.446258 0.333138 0.539397 0.66285 0.478692 0.532513 0.956011 0.737865 0.542375 0.66911 0.777272 0.824368 0.982717 0.971215 1.62105 1.93794
 0.39114 0.522748 0.330002 0.394914 0.48986 0.629079 0.435392 0.444453 0.463459 0.627094 0.349591 0.476911 0.386758 0.524661 0.383097 0.402269 0.290159 0.292068 0.373616 0.286068
 0.34623 0.417241 0.343969 0.563922 0.57459 0.721454 0.581986 0.515299 0.78546 0.504764 0.628511 0.542834 0.962752 0.903512 0.612455 0.706385 0.491634 0.430971 0.487644 0.443634
 0.368684 0.372052 0.624419 0.487168 0.365709 0.415681 0.527099 0.351509 0.403443 0.516359 0.394401 0.636064 0.479406 0.437546 0.439784 0.597028 0.490004 0.414321 0.548039 0.500036
 0.34046 0.478922 0.454816 0.394858 0.354105 0.584217 0.551152 0.53451 0.600462 0.285949 0.415497 0.417823 0.399896 0.512908 0.321111 0.478511 0.312603 0.419025 0.402981 0.524772
 0.302934 0.555668 0.516083 0.336695 0.487812 0.674828 0.372408 0.470851 0.384249 0.485505 0.63563 0.523962 0.698257 0.871647 0.803696 0.964525 0.530232 0.488533 0.552912 0.606496
 0.550135 0.395803 0.473404 0.667718 0.484866 0.356949 0.32296 0.345485 0.433261 0.530604 0.403568 0.430356 0.443875 0.459936 0.464727 0.326321 0.441354 0.443474 0.366452 0.49665
 0.289771 0.451475 0.492648 0.398937 0.400473 0.292905 0.319505 0.533111 0.570837 0.398731 0.415872 0.300197 0.605237 0.381288 0.651108 0.503642 0.57996 0.518121 0.607596 0.535223
 0.260686 0.583006 0.715811 0.51691 0.771767 0.537704 0.630767 0.509562 0.503003 1.13841 0.682585 0.603423 0.830364 0.892481 0.66808 0.598202 0.466899 0.454202 0.475797 0.365885
 0.306172 0.639332 0.757358 0.507777 0.538751 0.449411 0.319657 0.367542 0.518152 0.471676 0.366448 0.456977 0.450481 0.355642 0.467549 0.369193 0.499485 0.570374 0.445839 0.520207
 0.323853 0.360466 0.610001 0.685437 0.573598 0.369806 0.434992 0.376255 0.461928 0.415086 0.677717 0.562042 0.784456 0.539926 0.659483 0.643699 0.799792 0.613913 0.480249 0.298621
 0.385815 0.500237 0.658937 0.609372 0.398626 0.473236 0.500587 0.475133 0.428935 0.580874 0.553782 0.318115 0.344264 0.398302 0.436399 0.437339 0.447007 0.33082 0.315074 0.520766
 0.427879 0.324809 0.561218 0.535401 0.826518 0.411113 0.443718 0.34923 0.379413 0.388565 0.57706 0.546464 0.589458 0.56077 0.522335 0.483949 0.526302 0.316755 0.349345 0.318371
 0.373221 0.474909 0.474143 0.943262 0.125685 0.70965 0.410955 0.46533 0.729027 0.3758 0.593793 0.731154 0.946913 0.607062 0.416202 0.564138 0.580702 0.496777 0.817976 0.788617
 0.323452 0.806495 0.443942 0.555038 0.403962 0.505474 0.619619 0.353077 0.351904 0.55674 0.372621 0.402788 0.401651 0.367241 0.592135 0.515713 0.502141 0.499574 0.546915 0.581795
 0.363014 0.431835 0.404218 0.507636 0.493836 0.496939 0.39151 0.538172 0.45642 0.665574 0.397367 0.390821 0.4816 0.370948 0.521855 0.422181 0.532614 0.386025 0.343427 0.297253
 0.450121 0.563198 0.770197 0.438559 0.59228 0.381631 0.483757 0.378288 0.511835 0.415738 0.492869 0.414761 0.434293 0.384119 0.48995 0.450391 0.581445 0.450475 0.499911 0.417132
 0.375486 0.481854 0.830872 0.548187 0.477325 0.366984 0.380104 0.485296 0.584148 0.613173 0.76886 0.514667 0.567628 0.442851 0.449536 0.33509 0.357747 0.411773 0.48666 0.384047
 0.394038 0.454342 0.792738 1.53487 0.24477 0.339642 0.439844 0.321637 0.487393 0.459729 0.434733 0.404785 0.35223 0.446443 0.584088 0.576787 0.548468 1.00755 0.896656 0.785295
 0.327469 0.890092 0.483105 0.541976 0.45855 0.518138 0.486651 0.398289 0.534421 0.369034 0.489883 0.522524 0.538178 0.540876 0.476386 0.415188 0.518072 0.659852 0.58198 0.556789
 0.364793 0.564827 0.7268 0.420671 0.588495 0.495506 0.471415 0.569095 0.488263 0.404413 0.495115 0.494968 0.587662 0.42866 0.453183 0.388671 0.406245 0.500563 0.329414 0.416682
 0.337442 0.63314 0.389201 1.27322 0.181471 0.725319 0.803055 0.569191 0.593459 0.584882 0.534696 0.427035 0.428508 0.540043 0.522707 0.497263 0.411993 0.40166 0.318624 0.310878
 0.297686 0.568622 0.527687 0.915609 0.669292 0.903037 0.701331 0.830314 1.03094 1.19748 1.3777 1.14254 0.639074 0.444824 0.425542 0.369226 0.553918 0.642609 0.761365 0.805225
 0.327698 0.420399 0.485448 0.692839 0.382607 0.456029 0.722301 0.584788 0.392423 0.351255 0.467701 0.53915 0.438303 0.534527 0.353012 0.543546 0.590526 0.364182 0.432989 0.464715
 0.506715 0.678428 0.83334 0.499428 0.722697 0.918433 0.560197 0.701533 1.12862 0.596646 0.761533 0.801105 0.717182 0.780139 0.488192 0.381025 0.414024 0.339693 0.301871 0.361978
 0.362346 0.510274 0.63728 0.42953 0.569411 0.345619 0.397377 0.558241 0.572337 0.553442 0.614095 0.686764 0.656688 0.634952 0.615402 0.497101 0.357053 0.429048 0.627627 0.417608
 0.451813 0.508808 0.404845 0.474659 0.446205 0.635684 0.770625 0.366214 0.730614 0.640431 0.496906 0.360008 0.484488 0.741772 0.635759 0.81014 0.765252 0.705268 0.415056 0.455824
 0.263445 0.47233 0.906515 0.432746 0.910706 0.433779 0.528495 0.439335 0.491164 0.321439 0.340351 0.335602 0.370289 0.369587 0.466677 0.412846 0.447747 0.435177 0.348552 0.430497
 0.263967 0.398975 0.58244 0.299206 0.497648 0.4407 0.410558 0.467623 0.455421 0.519243 0.422669 0.375768 0.524043 0.548647 0.557431 0.31603 0.36703 0.241844 0.342658 0.369969
 0.500862 0.456395 0.454546 0.343291 0.5827 0.41226 0.491912 0.385297 0.47881 0.603263 0.583879 0.481363 0.670768 0.508279 0.576526 0.321532 0.311968 0.263716 0.310996 0.486716
 0.414938 0.540306 0.543518 0.612423 0.456673 0.479794 0.560592 0.541071 0.442593 0.426446 0.411002 0.631091 0.388594 0.492251 0.35407 0.339961 0.455673 0.395597 0.366614 0.538475
 0.486778 0.521046 0.45561 0.762628 0.515795 0.575916 0.470617 0.382328 0.421497 0.576365 0.643014 0.492317 0.602895 0.545448 0.619446 0.45022 0.467963 0.567208 0.795642 0.739272
 0.465439 0.875715 0.564484 0.514068 0.483809 0.576608 0.515461 0.496588 0.553514 0.480684 0.720548 0.923738 0.80309 1.06244 1.19704 0.949484 0.902234 0.709171 0.659001 0.421698
 0.48788 0.416821 1.03127 0.583233 0.678384 0.464803 0.542004 0.484964 0.396515 0.517437 0.407214 0.485541 0.469651 0.615775 0.524236 0.495272 0.398042 0.434232 0.382752 0.402761
 0.426606 0.3891 0.486877 0.605449 0.639101 0.594413 0.580638 0.61506 0.525856 0.490296 0.508781 0.384844 0.573339 0.449603 0.520415 0.614997 0.429674 0.493402 0.380077 0.267318
 0.3924 0.609987 0.48601 1.33587 0.201777 0.546745 0.632375 0.48749 0.475233 0.419653 0.460439 0.53105 0.473723 0.343977 0.363344 0.403894 0.422814 0.346531 0.403532 0.457684
 0.292204 0.384069 0.688995 0.556233 0.483773 0.420057 0.546898 0.352811 0.499039 0.583086 0.597509 0.42131 0.479374 0.411727 0.341631 0.325926 0.569575 0.579628 0.562357 0.633172
 0.369538 0.622603 0.379236 0.500707 0.563323 0.35305 0.23881 0.277277 0.279188 0.287097 0.532307 0.394594 0.43752 0.379386 0.458275 0.349891 0.452839 0.267365 0.332227 0.563274
 0.498563 0.114215 0.461576 0.606597 0.595845 0.741934 0.949857 0.550263 0.5063 0.43409 0.376055 0.588127 0.583758 0.984859 1.87431 2.01375 2.01375 2.01375 2.01375 2.01375
 0.320002 0.478078 0.458818 0.39199 0.468613 0.407916 0.500561 0.364793 0.350463 0.474226 0.398527 0.587969 0.611091 0.470288 0.588692 0.704997 0.811323 1.0639 0.70237 0.845795
 0.466788 0.452076 0.721703 0.550718 0.392794 1.01112 0.619873 0.405713 0.360963 0.369757 0.579057 0.289413 0.417212 0.338115 0.46252 0.331761 0.399677 0.377948 0.360387 0.280092
 0.378679 0.518782 0.399556 0.696876 0.595713 0.417158 0.563169 0.675973 0.331829 0.395536 0.423754 0.490779 0.50053 0.513979 0.568493 0.69015 0.74444 0.611178 0.707459 0.686687
 0.353352 0.520419 0.614381 0.411811 0.486797 0.528898 0.38638 0.322972 0.597028 0.631918 0.674741 0.718675 0.621046 0.526948 0.394953 0.458264 0.497092 0.511533 0.68055 0.752215
 0.541519 0.55342 0.29398 0.316074 0.608431 0.446919 0.40546 0.388949 0.287652 0.441243 0.489282 0.330413 0.443983 0.268066 0.330684 0.586739 0.348156 0.369064 0.489585 0.35594
 0.440847 0.411715 0.527741 0.578415 0.434307 0.537215 0.380285 0.386875 0.653237 0.539458 0.38276 0.432457 0.456352 0.627148 0.416439 0.341948 0.467058 0.366266 0.36616 0.39109
 0.60326 0.451617 0.624243 0.542546 0.539463 0.678328 0.46345 0.447416 0.40581 0.380621 0.271389 0.410684 0.455616 0.410154 0.41509 0.314922 0.431519 0.448133 0.553627 0.57221
 0.555992 0.559127 0.933078 0.770483 0.490559 0.561826 0.474848 0.332878 0.468789 0.498675 0.48138 0.888492 0.428246 0.539805 0.340877 0.367328 0.396473 0.323457 0.506844 0.338598
 0.683802 0.636873 0.517597 0.752309 0.873083 0.644289 0.75397 0.492348 0.650337 0.481355 0.556762 0.532575 0.336223 0.367461 0.370589 0.357438 0.52215 0.437262 0.486539 0.422228
 0.467612 0.297962 0.4413 0.334588 0.541349 0.454054 0.468363 0.463688 0.493057 0.55193 0.475897 0.307935 0.275888 0.44992 0.283422 0.505464 0.41382 0.341541 0.483369 0.436696
 0.343643 0.394986 0.505808 0.474187 0.492055 0.497703 0.394913 0.360537 0.490988 0.324964 0.287176 0.430979 0.27469 0.535323 0.535259 0.645602 0.483121 0.427774 0.380609 0.66173
 0.413022 0.308704 0.498104 0.425892 0.684741 0.365315 0.415735 0.49279 0.367033 0.596812 0.720453 0.427105 0.384158 0.48292 0.585189 0.479174 0.510194 0.453092 0.415234 0.431981
 0.401223 0.365615 0.348988 0.417629 0.468926 0.518548 0.64435 0.412756 0.483708 0.718212 0.878704 0.950338 0.666808 0.543001 0.50104 0.532287 0.599911 0.561241 0.444948 0.543885
 0.537526 0.443482 0.666059 0.759659 0.449397 0.493114 0.374898 0.524995 0.621702 0.549057 0.423175 0.590563 0.336865 0.380735 0.490497 0.725631 0.543693 0.397419 0.520295 0.495122
 0.391843 0.489522 0.519794 0.943469 0.604198 0.330555 0.578262 0.405301 0.51715 0.333474 0.41878 0.530633 0.382893 0.475401 0.726085 0.625454 0.624025 0.672853 0.36063 0.472218
 0.402942 0.467525 0.544152 0.613848 0.508249 0.499467 0.622846 0.522024 0.436485 0.654629 0.56359 0.610833 0.549129 0.580742 0.406792 0.38341 0.511484 0.33685 0.37936 0.317729
 0.350707 0.414586 0.390475 0.472038 0.591495 0.531148 0.441581 0.374643 0.486052 0.624468 0.597291 0.531955 0.477213 0.770529 0.977771 0.768625 0.956076 1.14091 1.53774 1.56939
 0.327666 0.492156 0.504213 0.594845 0.388235 0.457066 0.426355 0.443917 0.381194 0.498159 0.325389 0.483319 0.36712 0.38767 0.327417 0.364006 0.425799 0.413844 0.732418 0.608286
 0.338749 0.429477 0.443062 0.384108 0.38245 0.59913 0.331652 0.449315 0.598144 0.356868 0.405214 0.398523 0.419011 0.389217 0.491985 0.504813 0.450174 0.635749 0.430148 0.615182
 0.392093 0.436711 0.371553 1.20768 0.782046 0.825992 0.990477 1.00346 0.711921 0.59647 0.660934 0.393321 0.46316 0.457356 0.419861 0.345629 0.444184 0.344278 0.581736 0.909301
 0.303883 0.454313 0.477596 0.633468 0.654549 0.505874 0.402458 0.408161 0.469884 0.417997 0.507599 0.300922 0.409726 0.402174 0.704475 0.506295 0.661102 0.637078 0.603655 0.844034
 0.298449 0.59271 0.562876 0.43297 0.368884 0.408852 0.357584 0.513598 0.370891 0.462628 0.668215 0.502109 0.520389 0.377055 0.336307 0.338344 0.332238 0.241717 0.358641 0.419782
 0.29265 0.505289 0.59387 0.598621 0.567794 0.475502 0.486702 0.765104 0.583799 0.788649 0.590336 0.574718 0.422026 0.378392 0.292301 0.371722 0.330261 0.493478 0.521325 0.273129
 0.25656 0.392953 0.558905 0.424196 0.476576 0.338481 0.294615 0.447918 0.516721 0.42072 0.500039 0.448682 0.462079 0.683646 0.590179 0.458437 0.5228 0.626396 0.483139 0.580221
 0.292727 0.442737 0.44637 0.47036 0.415681 0.551176 0.800926 0.69466 0.989545 1.21661 1.15902 0.957914 0.842696 1.03361 0.991205 0.626225 0.495071 0.507651 0.59762 0.567658
 0.248611 0.67418 0.385133 0.386637 0.535499 0.54466 0.392455 0.523789 0.412998 0.436897 0.523226 0.588905 0.32983 0.408545 0.381117 0.398414 0.312446 0.30201 0.324904 0.451567
 0.198137 0.388912 0.47901 0.526583 0.602183 0.559158 0.540918 0.417287 0.46323 0.820232 0.670381 0.683015 0.78539 1.03002 0.920917 0.612963 0.692557 0.46323 0.519649 0.481955
 0.263711 0.487709 0.44251 0.45603 0.385657 0.528961 0.520261 0.350852 0.546212 0.524615 0.444055 0.467127 0.51704 0.505046 0.667148 0.565304 0.923947 0.607222 0.574596 0.370675
 0.406103 0.499312 0.385948 0.677964 0.463544 0.364259 0.503286 0.490752 0.352383 0.381344 0.688 0.425426 0.49313 0.566959 0.496476 0.525297 0.510223 0.635444 0.642043 0.6142
 0.411313 0.461499 0.473962 0.2038 0.443667 0.464319 0.368654 0.459601 0.333326 0.543673 0.503946 0.414388 0.356699 0.454135 0.348372 0.421037 0.528489 0.454412 0.673305 0.844106
 0.377224 0.431698 0.681806 0.509497 0.451441 0.465184 0.428478 0.308742 0.363968 0.367385 0.538478 0.413962 0.605517 0.403056 0.359752 0.383699 0.388747 0.416967 0.512186 0.54767
 0.349595 0.372588 0.590306 1.13397 0.184631 0.36725 0.398339 0.375039 0.257752 0.361581 0.440304 0.484417 0.740039 0.369072 0.566878 0.561075 0.481503 0.535509 0.473669 0.385081
 0.300987 0.439034 0.68926 0.440157 0.486152 0.520758 0.474611 0.487422 0.379672 0.545299 0.636677 0.597981 0.70657 0.574182 0.611771 0.477039 0.335993 0.430147 0.470631 0.544612
 0.355306 0.344603 0.460404 0.481483 0.741877 0.288619 0.621014 0.438269 0.52768 0.329679 0.423449 0.652048 0.72363 0.698303 0.6043 0.697778 0.554838 0.336864 0.4323 0.567328
 0.445491 0.433588 0.48273 0.354576 0.612813 0.505697 0.359791 0.463326 0.44726 0.591591 0.494141 0.411476 0.472071 0.384457 0.345386 0.375165 0.518095 0.522743 0.434026 0.541989
 0.33037 0.471361 0.581452 0.756276 0.520178 0.667014 0.728894 0.541189 0.701391 0.710003 0.535471 0.504009 0.432666 0.640669 0.557999 0.696654 0.840102 0.801583 1.15524 0.920884
 0.296285 0.51579 0.780021 0.527237 0.603224 0.447815 0.461073 0.888126 0.895006 0.9627 1.31598 0.787479 1.06542 1.15142 0.603212 0.653482 0.601536 0.690556 0.6117 0.633177
 0.381801 0.507316 0.594654 0.88339 0.430001 0.602845 0.561135 0.524445 0.444456 0.476511 0.532136 0.351401 0.403302 0.355313 0.52813 0.427884 0.548483 0.588268 0.559598 0.657118
 0.224307 0.365219 0.722827 0.608902 0.389996 0.265618 0.395559 0.636419 0.386351 0.566986 0.487844 0.436926 0.48008 0.352731 0.406279 0.472752 0.570883 0.455275 0.356909 0.316206
