 1.22273 1.14366 0.855845 0.730583 0.684719 0.86038 1.13786 1.18522 0.994307 0.898886 1.0647 1.32596 1.34256 1.52956 1.67863 1.41448 0.985359 0.808825 0.688255 0.719011
 1.39683 1.21483 1.09585 1.11559 1.00782 1.31437 1.80236 2.19478 2.18335 1.95593 1.71185 1.354 1.2445 1.11693 1.052 1.28496 1.29509 1.00604 0.736093 0.584078
 1.44945 1.51351 1.51587 1.65281 1.32942 1.22883 1.10031 0.962181 0.776384 0.504956 0.43385 0.411489 0.357272 0.243167 0.260719 0.277725 0.312132 0.419883 0.469083 0.487694
 1.53634 1.64678 1.6855 1.50527 1.12169 0.75229 0.5151 0.462375 0.574937 0.662928 0.873375 1.17165 1.29161 1.06283 0.819299 0.797754 0.770182 0.712618 0.668577 0.696539
 1.33433 1.14429 0.64477 0.594187 0.809459 0.622777 0.391735 0.345674 0.394762 0.401587 0.297846 0.331388 0.367036 0.433131 0.6623 0.738313 0.627327 0.602951 0.54741 0.497422
 1.1003 0.67037 0.397792 0.359388 0.337722 0.325777 0.299778 0.213437 0.192417 0.27307 0.306561 0.230236 0.28214 0.365628 0.408978 0.501606 0.527177 0.448994 0.484717 0.749681
 1.15094 1.12208 1.08976 1.05984 0.796482 0.595401 0.551281 0.536547 0.484318 0.466979 0.537539 0.487916 0.29884 0.193841 0.21289 0.168109 0.150926 0.13963 0.0910591 0.0417566
 1.22471 1.37944 1.67718 1.38653 0.764114 0.515137 0.52062 0.597148 0.744972 0.683587 0.65265 0.750127 0.677077 0.663341 0.702402 0.781681 0.750192 0.64042 0.513905 0.454999
 1.72842 1.86073 1.54256 1.38684 1.1875 0.743852 0.690912 0.726241 0.835693 0.87315 0.785232 0.797454 0.74131 0.711859 0.836114 0.843141 0.69543 0.842806 1.09903 1.21667
 0.993346 0.848459 0.82807 0.872132 0.753729 0.566046 0.646448 0.642046 0.518751 0.57571 0.605061 0.531771 0.503741 0.462037 0.52562 0.609532 0.834076 1.02832 1.08055 1.02504
 1.15529 0.676426 0.384452 0.314394 0.32889 0.389174 0.51822 0.611344 0.533652 0.456886 0.549879 0.850851 1.08034 1.09144 1.01796 0.926757 0.650643 0.433481 0.426794 0.321377
 1.15435 0.614931 0.447495 0.453251 0.432651 0.410294 0.403756 0.518533 0.644974 0.736344 0.743732 0.736516 0.66102 0.553278 0.547683 0.689412 0.799338 0.695361 0.450431 0.299494
 1.32243 0.992658 0.445894 0.305837 0.266626 0.348854 0.453321 0.517459 0.565685 0.466003 0.397372 0.502084 0.600629 0.580513 0.558188 0.534364 0.599301 0.70053 0.794874 0.81903
 1.5182 1.51248 1.72066 1.91115 1.8041 1.46214 1.26393 1.34675 1.15709 1.03826 0.82341 0.762763 0.890333 0.855156 0.70641 0.453095 0.229916 0.317753 0.561295 0.884513
 1.88569 1.42943 0.898976 0.58451 0.537654 0.681695 0.72525 0.653563 0.45313 0.252443 0.176965 0.198769 0.361825 0.495112 0.493035 0.641125 0.714171 0.534467 0.454068 0.440348
 2.24858 1.96472 1.02996 0.587063 0.448307 0.341326 0.258488 0.14938 0.151763 0.167587 0.125511 0.115624 0.110474 0.177141 0.240446 0.257768 0.312605 0.335579 0.371304 0.495599
 1.38517 1.36663 0.743081 0.542864 0.635317 0.808427 1.07726 1.22489 1.06532 0.870714 0.656215 0.691393 0.811045 0.732352 0.994847 0.954378 0.656228 0.548125 0.450187 0.417096
 1.33662 1.40564 1.14681 1.00579 1.22768 1.43115 1.17164 1.13832 0.975523 0.888527 0.64942 0.54915 0.57212 0.532437 0.570488 0.682821 0.734895 0.697395 0.697534 0.683535
 1.11478 1.15823 1.42125 1.43217 1.03979 0.778372 0.60609 0.60617 0.591656 0.545019 0.5829 0.559929 0.49278 0.48847 0.481948 0.393214 0.379879 0.430508 0.581553 0.739515
 1.41119 1.30644 0.761101 0.566249 0.401789 0.304782 0.307563 0.421539 0.429621 0.347108 0.288684 0.233136 0.278179 0.401273 0.505449 0.566793 0.547551 0.643917 1.02661 1.54259
 1.72036 1.6558 1.37418 1.36073 1.11395 0.751059 0.359109 0.317667 0.279257 0.21291 0.161904 0.274383 0.38823 0.45953 0.570359 0.57623 0.573618 0.538344 0.434287 0.368099
 1.52849 1.62716 1.28298 1.17519 0.837222 0.561291 0.424997 0.387594 0.480288 0.613223 0.890243 1.0855 1.25875 1.33665 1.14262 1.32621 2.00415 2.75938 3.61889 4.03676
 0.927575 1.09446 1.06917 0.843281 0.605097 0.467933 0.388093 0.397693 0.389372 0.340608 0.200496 0.197142 0.178863 0.150604 0.12969 0.116962 0.130154 0.167051 0.217011 0.321928
 0.930173 0.927275 1.04287 1.10548 1.35862 1.19189 0.963713 0.709747 0.669149 0.636386 0.72999 0.640971 0.541564 0.527833 0.639408 0.772597 0.844802 0.985632 0.946844 0.66725
 1.00853 1.10034 1.40269 1.0913 0.776459 0.430946 0.528075 0.67039 0.693307 0.517717 0.469475 0.531544 0.508427 0.526591 0.691284 0.749614 0.776616 0.872212 0.88251 0.810627
 0.694551 0.488738 0.285122 0.294874 0.30876 0.317733 0.288242 0.323284 0.34453 0.450839 0.495709 0.458336 0.514881 0.735061 0.951855 1.03971 0.956023 0.800122 0.699869 0.700085
 0.980946 1.0534 1.16827 1.10965 1.20672 0.874347 0.595282 0.443756 0.412435 0.447698 0.461458 0.337458 0.288223 0.30388 0.321588 0.275372 0.303607 0.345955 0.347097 0.280795
 1.13913 1.21531 1.58321 1.6347 1.25901 0.989928 0.771608 0.763092 0.780231 0.624388 0.638635 0.715315 0.659571 0.563699 0.542444 0.49817 0.42427 0.368145 0.382647 0.435166
 1.10326 0.82332 0.736656 0.717372 0.684109 0.533186 0.431256 0.362575 0.237681 0.228976 0.294272 0.434972 0.522938 0.466148 0.495546 0.596195 0.780968 0.757478 0.495771 0.461206
 1.43497 1.23408 0.680194 0.540581 0.710066 0.865428 1.04067 1.5524 2.02238 1.71453 1.38384 1.39067 1.32904 1.21772 1.13328 0.955869 0.594397 0.417104 0.327542 0.327906
 1.17607 0.822343 0.333468 0.237549 0.255489 0.391118 0.462667 0.514098 0.564371 0.431475 0.36847 0.379797 0.397459 0.577358 0.760079 0.715766 0.603562 0.449167 0.359838 0.289714
 1.28729 1.39014 1.44557 1.01403 1.18021 1.53833 1.29637 1.02738 1.1575 1.24589 1.01861 0.969386 0.955104 0.799297 0.889577 1.23508 1.74955 2.24386 2.63527 2.50378
 1.10976 0.988342 0.823506 0.647651 0.495695 0.391135 0.320037 0.219359 0.201616 0.279322 0.327681 0.346641 0.347946 0.274749 0.257737 0.299358 0.372299 0.489318 0.563566 0.732196
 1.17807 0.861297 0.83599 0.918975 0.719622 0.66099 0.726911 0.670311 0.469698 0.359374 0.267591 0.28444 0.483998 0.839494 0.948472 1.08963 1.21706 1.27035 1.21135 1.43308
 1.35258 1.44696 0.958263 0.565069 0.358139 0.297006 0.265545 0.250314 0.316026 0.361308 0.409546 0.439308 0.63467 0.996071 1.04984 0.852998 0.846807 0.652903 0.656466 0.678838
 1.04988 0.770272 0.677455 0.693983 0.626499 0.508908 0.485128 0.51996 0.531615 0.521041 0.477234 0.386527 0.393188 0.438778 0.395994 0.37803 0.365956 0.400347 0.36547 0.326448
 1.14115 1.18759 1.40526 1.14461 0.768872 0.724692 0.624342 0.6172 0.718065 0.732293 0.633337 0.457424 0.326069 0.292818 0.317535 0.392606 0.452252 0.417186 0.451289 0.502856
 1.2409 1.34598 1.19725 0.920309 0.753341 0.659425 0.613673 0.750552 0.750001 0.773014 0.813896 0.757679 0.831097 1.0043 1.07322 0.877364 0.650038 0.426169 0.247672 0.249776
 1.07456 1.15364 1.2357 1.01405 0.67594 0.68743 0.92473 1.03518 1.00899 1.15617 1.71169 1.96943 1.65708 1.15686 0.824922 0.773551 0.764841 0.631924 0.479242 0.468632
 1.19787 1.22792 0.784859 0.384736 0.473941 0.587195 0.542339 0.553992 0.858537 1.42707 1.25393 0.661302 0.561747 0.611791 0.760113 0.919937 0.94029 0.592488 0.284665 0.146796
 1.11891 1.01789 0.822696 0.794187 0.837027 1.04343 1.39591 1.67628 1.55759 1.51011 1.41188 1.11204 0.765033 0.617893 0.607693 0.600771 0.598687 0.647714 0.622748 0.602602
 1.37913 1.56093 1.36805 1.30068 1.50815 1.63795 1.48374 1.34052 1.20463 0.956182 0.900174 0.973578 0.741281 0.424832 0.263754 0.167969 0.117131 0.0753149 0.06308 0.104971
 1.49724 1.38709 1.03025 0.991034 1.21223 1.30215 1.35622 1.35531 1.27159 1.47282 1.35816 0.983675 0.633409 0.439167 0.321021 0.345386 0.336548 0.230337 0.153839 0.114238
 1.38812 1.20268 0.948395 1.2779 1.68965 1.56853 1.19028 0.946238 0.783769 0.601847 0.661716 0.644362 0.397653 0.294986 0.273318 0.322419 0.363491 0.319559 0.346624 0.381967
 1.73439 1.31095 0.96142 0.986932 1.01856 0.794093 0.644405 0.615584 0.790736 1.15971 1.29579 1.23403 1.01176 0.978382 1.08999 1.06367 1.00843 0.883041 0.823313 0.923382
 1.48797 1.5997 1.39388 1.36037 1.37187 1.28532 1.37747 0.931909 1.03761 1.17679 0.970669 0.779048 0.759304 0.872042 1.06127 1.09874 1.14885 1.06713 0.723859 0.403394
 2.22834 2.18469 1.4189 0.884555 0.781195 0.678353 0.571089 0.523308 0.684378 0.900438 0.918336 0.806542 0.759263 0.732956 0.63958 0.601713 0.536514 0.53844 0.498959 0.408096
 1.58262 1.73523 1.61957 1.63533 1.38109 0.825749 0.723012 1.07152 1.34846 1.24987 1.03918 1.2338 1.34539 1.07379 1.00196 1.04244 1.20294 1.28783 1.12695 1.09138
 1.47265 1.51677 1.29437 1.15258 0.928628 0.668613 0.554595 0.54633 0.453553 0.34647 0.332115 0.34791 0.399457 0.49634 0.641588 0.683375 0.667288 0.65754 0.613111 0.623818
 2.1288 2.11226 1.4561 1.19318 1.20589 1.38354 1.29199 0.93621 0.779711 0.825505 0.962952 1.06081 0.937342 0.893398 0.818959 0.539677 0.320075 0.289574 0.299152 0.2888
 2.27582 2.54996 1.54988 1.21291 1.18131 1.27152 1.21579 0.997415 0.857085 0.963776 1.08421 1.06716 1.18424 1.57701 2.04584 2.35904 2.31622 1.66842 1.11565 1.25559
 2.02829 2.52613 2.14748 1.35418 0.778986 0.702441 0.869085 1.03925 1.36626 1.82942 2.34315 2.30402 2.13171 2.31804 2.93968 3.22813 3.44024 3.42257 2.442 1.64548
 1.48863 1.56997 2.08679 2.39991 2.29142 2.04933 1.51309 1.20669 0.855715 0.681587 0.773965 0.859257 0.72856 0.624919 0.8387 1.07839 1.13864 1.08207 1.06999 1.08952
 1.49719 1.29871 0.927017 0.835236 0.707047 0.514316 0.386576 0.364337 0.48504 0.653527 0.785413 0.842316 0.912478 0.935355 0.812938 0.746545 0.95748 1.61141 2.07371 2.15526
 1.98897 1.90492 1.47554 1.34814 1.15585 0.921459 0.668034 0.521329 0.618908 0.764187 1.09784 1.59397 1.97121 1.81174 1.49818 1.4251 1.08759 0.717737 0.623561 0.598861
 1.66678 1.50652 1.19495 0.661143 0.527069 0.545591 0.556488 0.567045 0.60437 0.59802 0.472334 0.411647 0.402428 0.436895 0.432041 0.439141 0.52827 0.654914 0.772711 0.879546
 1.35165 1.18484 1.05201 0.928685 0.836099 0.705527 0.601485 0.570516 0.514286 0.432437 0.435276 0.428466 0.475795 0.560664 0.494395 0.526504 0.698083 1.01371 1.28174 1.10729
 1.45488 1.34997 1.21416 1.18679 1.17342 1.06178 0.838614 0.735296 0.636022 0.703837 0.832626 0.86101 0.735253 0.704994 0.708078 0.625899 0.787655 0.911842 0.71773 0.616358
 1.79574 1.80749 1.02662 0.521154 0.56082 0.515912 0.491576 0.507726 0.460093 0.463876 0.542905 0.588232 0.588743 0.648538 0.64545 0.544419 0.532307 0.674759 0.81324 0.741787
 1.34829 1.49944 1.31529 1.06097 0.922789 0.880625 0.728262 0.563809 0.546416 0.471073 0.431447 0.530445 0.708451 0.776623 0.66376 0.703015 1.03225 1.25805 1.48488 1.73186
 1.52705 1.30617 0.975663 1.00795 1.09464 1.33946 2.86343 3.83333 3.63243 2.71489 2.11401 1.94767 1.5209 1.15495 0.856721 0.665997 0.528439 0.366377 0.29509 0.269041
 1.94246 2.06334 1.27889 0.974518 0.935411 0.785685 0.805786 0.759415 0.614578 0.50039 0.484131 0.619788 0.859588 0.829876 0.708452 0.716814 0.836416 0.954372 0.954881 0.943099
 1.31558 1.65702 1.40377 1.59747 1.79017 1.75717 1.35495 1.07504 1.20154 1.08473 0.891577 0.843314 0.912214 0.767735 0.630462 0.669326 0.704069 0.70222 0.683932 0.67118
 1.09039 0.704273 0.610383 0.724594 0.730212 0.833651 1.01898 0.958479 1.13253 1.36312 1.43766 1.35236 1.17916 0.970388 0.76656 0.762461 0.855928 0.90849 0.955273 1.19919
 1.16672 1.23083 0.769742 0.661598 0.536091 0.500371 0.427108 0.329112 0.198521 0.224015 0.377884 0.612473 0.634299 0.425231 0.328693 0.400892 0.551178 0.560824 0.468364 0.36116
 1.2834 0.981503 0.702523 0.703758 0.452885 0.300494 0.393832 0.561002 0.683138 0.59865 0.468514 0.425005 0.381945 0.436044 0.412961 0.376313 0.338995 0.303482 0.478222 0.787569
 1.48455 1.22336 0.696491 0.475083 0.376385 0.302062 0.230246 0.253864 0.526643 0.892194 1.12665 1.25577 1.25336 1.11742 1.03063 1.02856 1.04486 0.975313 0.789688 0.658968
 1.52001 1.56273 1.53045 1.02693 0.707031 0.75496 1.01775 1.11192 0.803799 0.609583 0.470367 0.373503 0.437647 0.589451 0.84386 1.09262 1.17634 1.25491 1.48424 1.90796
 1.71268 1.89373 0.973714 0.556144 0.677761 1.04845 1.1244 0.911058 0.557273 0.422598 0.490127 0.59678 0.662761 0.669381 0.494081 0.265573 0.219045 0.262901 0.394466 0.51627
 1.77752 2.24148 1.41504 0.668556 0.437222 0.420547 0.4654 0.349938 0.380956 0.453755 0.608863 0.672793 0.716596 1.10955 1.6432 2.0645 2.54606 2.52594 2.11785 1.7692
 1.56815 1.59974 1.43048 1.06755 0.664157 0.429038 0.282296 0.210499 0.199923 0.248396 0.292098 0.391062 0.656029 1.07861 1.40525 1.32413 1.31371 1.10667 0.929613 0.943351
 1.35536 1.44828 1.50451 1.36457 1.04189 0.785084 0.85733 0.947574 0.895317 0.85786 0.737473 0.763536 0.830862 0.673407 0.48975 0.445606 0.449798 0.480648 0.52202 0.578631
 1.16964 1.21567 0.967607 1.10907 1.20109 1.07706 0.903205 0.885033 0.927082 1.05114 0.962042 0.904585 0.935179 0.928108 0.904342 0.864615 0.944431 0.812209 0.729249 0.720997
 1.14869 1.16455 1.44072 1.42593 0.998272 0.844016 0.855371 0.635981 0.336598 0.260049 0.280561 0.328076 0.431031 0.553035 0.787924 1.14907 1.26685 1.33407 1.57141 1.41467
 1.08607 0.662905 0.625505 0.63917 0.589502 0.588426 0.477432 0.455726 0.45451 0.406515 0.383139 0.367764 0.324322 0.25962 0.184674 0.163591 0.133185 0.11587 0.131658 0.151219
 1.26521 1.1266 1.08486 1.26652 1.26317 1.16527 1.64885 1.94882 1.28145 0.840254 0.729337 0.69437 0.704603 0.945442 1.08416 0.873289 0.716842 0.568626 0.541572 0.744393
 1.16447 1.05864 0.875128 0.767819 0.423883 0.309243 0.484391 0.802303 0.964701 0.699621 0.380703 0.409615 0.744852 1.06538 1.09693 0.950268 0.789588 0.624999 0.746738 1.0292
 1.13815 1.20731 1.18163 1.03454 0.880479 0.688526 0.691912 0.812465 0.955972 0.81632 0.711369 0.70028 0.728427 0.768749 0.664374 0.526679 0.558018 0.513292 0.451293 0.457083
 0.931922 0.892674 0.964593 0.993589 0.907177 0.750359 0.754523 0.689647 0.693574 0.633048 0.484037 0.403483 0.443569 0.60154 0.716747 0.917552 1.18212 0.991015 0.732711 0.763283
 0.894154 0.863725 0.766837 0.527595 0.516301 0.450077 0.506147 0.585712 0.586676 0.589 0.606678 0.537239 0.392432 0.460227 0.826863 1.11747 1.17053 1.04554 0.688121 0.677292
 1.14495 0.963417 0.504401 0.252724 0.185541 0.160774 0.205271 0.258605 0.316516 0.376599 0.387184 0.327784 0.271905 0.26134 0.311061 0.378556 0.421651 0.483425 0.543576 0.510506
 1.50455 2.01041 2.30672 1.70109 0.820862 0.375346 0.299635 0.245049 0.191978 0.224792 0.312081 0.381711 0.382055 0.342018 0.315028 0.323819 0.356154 0.285713 0.25226 0.260601
 1.4805 1.18323 0.87826 0.609855 0.425635 0.460304 0.379821 0.348044 0.300612 0.279486 0.343258 0.487607 0.634155 0.728551 0.62403 0.532688 0.53888 0.558142 0.549238 0.536985
 1.88836 2.13915 1.8925 1.73496 1.24293 0.901123 0.780642 0.764855 0.941302 0.983198 0.86254 0.911248 0.877137 0.600776 0.498694 0.656265 0.742694 0.76508 0.850768 0.906549
 1.47066 1.42577 1.67766 1.84162 2.03139 1.9861 1.91666 1.62781 1.08095 0.912409 0.735008 0.629138 0.759253 0.795693 0.585617 0.527643 0.538752 0.50391 0.532139 0.638777
 1.27644 1.10359 1.25426 1.46733 1.55359 1.51784 1.05911 0.900121 0.814713 0.603239 0.499505 0.360297 0.322666 0.365715 0.356088 0.421609 0.51436 0.488375 0.419524 0.395106
 1.39525 1.53764 1.49771 1.45024 1.38013 1.28303 1.419 1.28467 1.0945 1.03819 1.0291 0.876711 0.74463 0.667088 0.678934 0.829217 0.803313 0.66096 0.679713 0.737976
 1.45073 1.47111 1.25553 0.830013 0.849879 1.14265 1.27338 1.25773 1.33309 1.29979 0.961612 0.764863 0.630558 0.602793 0.691928 0.857387 0.965656 0.839053 0.550537 0.362994
 1.45252 1.26375 1.14828 1.26816 1.39203 1.30648 1.10897 1.01177 0.941746 0.875994 0.757513 0.711096 0.562807 0.373931 0.338567 0.362722 0.369399 0.43929 0.503309 0.594167
 1.16164 0.961804 0.742264 0.644176 0.514124 0.387955 0.334592 0.258598 0.244499 0.257238 0.288509 0.411918 0.571402 0.807851 1.06451 1.19326 1.00011 0.601665 0.37123 0.313899
 1.49054 1.71724 1.51159 1.57887 1.47891 1.23837 1.27867 1.3458 1.08851 1.01002 0.989286 1.05265 1.08429 1.01841 0.990736 0.814643 0.576059 0.384807 0.292446 0.231392
 1.82908 2.00327 1.63199 1.44878 1.38078 1.13029 0.696458 0.354875 0.271424 0.375725 0.501286 0.537101 0.523519 0.507837 0.634026 0.895322 0.967831 0.879969 0.771085 0.700642
 1.74054 2.14451 1.76488 0.835085 0.445298 0.417485 0.579648 0.633671 0.496084 0.337923 0.250153 0.250995 0.271688 0.267219 0.230018 0.277627 0.37243 0.423289 0.466374 0.520203
 1.12322 1.09143 0.990231 0.979561 1.02292 0.950276 0.692871 0.507975 0.536418 0.636661 0.568105 0.710245 0.917448 0.958134 1.0042 0.970417 0.904052 0.784346 0.600369 0.468813
 1.01892 1.05405 1.12362 1.11227 1.35307 1.24847 0.822244 0.864359 0.855229 0.707189 0.632281 0.506752 0.403661 0.335236 0.278387 0.274496 0.269081 0.32581 0.481201 0.674709
 0.723494 0.581534 0.572006 0.541745 0.607351 0.699806 0.861973 0.614254 0.394876 0.323849 0.241201 0.18423 0.131765 0.109202 0.153929 0.253777 0.421074 0.572797 0.65565 0.597841
 0.811806 0.701114 0.625977 0.447701 0.351636 0.50965 0.617558 0.436427 0.33578 0.337338 0.38157 0.400011 0.554865 0.844766 1.12159 1.28146 1.08238 0.877996 0.521334 0.348455
 0.766937 0.69917 0.548261 0.560766 0.562273 0.533738 0.494903 0.426892 0.29457 0.238 0.230462 0.211474 0.176168 0.173989 0.206385 0.183272 0.199644 0.24019 0.34863 0.473172
 0.790082 0.763882 0.91446 1.00365 0.929427 0.814093 0.726948 0.806477 0.686524 0.650756 0.709738 0.587831 0.606692 0.733067 0.525098 0.427478 0.433358 0.370783 0.301303 0.199031
 1.24259 1.15017 0.629642 0.584542 0.452219 0.311291 0.269478 0.265845 0.270596 0.408375 0.691788 0.821238 1.06859 1.41357 1.41902 1.58481 1.8595 1.98671 1.59556 1.34352
 1.26851 1.21342 1.46456 1.81377 1.81275 1.67936 1.336 1.01858 0.904265 0.821041 0.685762 0.540147 0.538947 0.503626 0.40502 0.343936 0.344321 0.26698 0.252878 0.28875
 1.44209 1.10952 0.829864 0.876946 0.859413 0.701356 0.538375 0.354507 0.24437 0.258158 0.337405 0.368112 0.347909 0.344208 0.431155 0.522628 0.621034 0.656449 0.528403 0.467392
 1.25902 1.146 1.02441 0.748042 0.696233 0.737212 0.776964 0.84324 0.708515 0.590286 0.670597 0.719459 0.635016 0.358789 0.399906 0.533262 0.776896 1.07534 1.22167 1.20841
 1.05957 1.0229 0.7755 0.633378 0.665778 0.541898 0.570552 0.689936 0.629015 0.740432 0.919798 0.838733 0.755596 0.789656 0.771303 0.57359 0.431597 0.404521 0.278699 0.349514
 1.31402 1.20911 0.935254 0.821425 0.698375 0.569134 0.610972 0.620278 0.645532 0.655063 0.616868 0.662584 0.735783 0.593015 0.39083 0.297578 0.165258 0.111139 0.114585 0.147917
 0.989211 0.851598 0.856597 0.609396 0.477454 0.366571 0.3589 0.395881 0.367606 0.307043 0.284472 0.217752 0.121601 0.0809698 0.0288594 0.000113381 3.34134e-09 2.18577e-12 1.29487e-16 4.324e-20
 1.03052 1.10866 0.923736 0.6578 0.764414 0.718511 0.646034 0.65253 0.743326 0.723129 0.609109 0.761751 0.706646 0.548221 0.405882 0.266571 0.228483 0.162177 0.114542 0.11776
 0.782473 0.559703 0.571457 0.604037 0.634189 0.721703 0.702513 0.695554 0.482403 0.381918 0.291186 0.243269 0.266816 0.315981 0.366723 0.426977 0.440997 0.461525 0.894848 1.39829
 1.37582 1.86673 1.81487 1.56633 1.06378 0.957368 0.94967 1.05022 0.883595 0.769932 0.766703 0.767607 0.772848 0.99227 1.11787 0.952987 0.625645 0.536807 0.559605 0.458765
 1.45446 2.57976 2.18782 1.3452 1.29509 0.977112 0.78413 0.83269 1.03027 1.16268 1.29139 0.969148 0.567354 0.494005 0.583272 0.746074 0.874459 1.00914 1.06146 1.18981
 1.25506 1.70046 1.44786 0.919479 0.746569 0.550823 0.496655 0.450623 0.393057 0.434264 0.459582 0.467947 0.497384 0.441513 0.379175 0.270814 0.183272 0.146639 0.149244 0.114692
 1.38331 1.58382 1.39392 1.1359 0.915348 0.714159 0.609153 0.60122 0.65222 0.659236 0.599513 0.637067 0.698725 0.928342 0.927605 0.70691 0.650905 0.547048 0.408399 0.410354
 0.909074 0.926693 0.765134 0.600921 0.414314 0.417623 0.541548 0.514299 0.540482 0.575919 0.564074 0.660422 0.816685 1.05996 1.39698 1.36483 1.2645 1.29769 1.20306 1.2153
 1.018 1.16979 1.23674 0.997642 1.09395 1.32544 1.22765 0.848832 0.477272 0.347543 0.373661 0.361748 0.371164 0.389096 0.440467 0.517975 0.637597 0.772059 0.964604 0.920398
 1.29692 1.04936 0.7342 0.721141 0.592453 0.530471 0.481768 0.270015 0.248629 0.341427 0.477785 0.724205 0.872583 0.928479 0.959866 0.716215 0.703019 0.796573 0.912433 0.978984
 1.266 0.985594 0.572274 0.538235 0.470977 0.514564 0.599289 0.853385 1.29911 1.67428 1.8981 1.78276 1.53359 1.36878 1.11617 1.02011 1.18454 1.40757 1.73986 1.92743
 1.48755 1.5373 1.06528 0.940821 0.932829 0.956499 1.14511 1.06123 1.08353 1.28011 1.21647 1.01618 0.873474 0.879839 0.952295 0.916543 0.84952 0.883667 0.991818 0.820455
 1.15343 0.644248 0.613435 0.908777 1.00042 1.11621 1.22096 1.35552 1.47329 1.38481 1.3004 1.2405 1.04035 0.799415 0.567855 0.395338 0.293675 0.227613 0.183329 0.168035
 1.44374 1.72525 1.64965 1.80502 1.88819 1.6312 0.971572 0.981004 1.20572 1.07827 0.703523 0.520842 0.28638 0.20133 0.170892 0.189081 0.259943 0.312078 0.365578 0.481706
 1.70185 1.43477 0.896378 0.730106 0.646384 0.806697 0.82207 0.579669 0.455414 0.407272 0.563572 0.891001 1.06328 0.969849 0.915582 0.812257 0.857899 0.849485 0.620294 0.483371
 1.72584 1.67544 0.991795 1.15696 1.44197 1.47286 1.16762 0.934866 0.964599 0.888522 0.832694 0.539831 0.417083 0.471163 0.626325 0.622304 0.49812 0.334549 0.261786 0.231517
 1.36374 1.16237 0.977376 0.799627 0.565494 0.518813 0.45847 0.33482 0.387719 0.643182 0.940884 1.07323 1.09099 0.916216 0.791633 0.775162 0.665338 0.595336 0.563024 0.419545
 1.91952 2.08851 1.50424 1.44904 1.36537 1.48467 1.27279 0.857451 0.760233 0.573639 0.327159 0.309473 0.380742 0.354268 0.267336 0.215318 0.204658 0.163976 0.0953729 0.0490429
 1.15688 0.979123 1.10843 1.13223 1.0618 0.944102 0.79685 0.708042 0.668698 0.626226 0.679632 0.720514 0.839845 0.909303 0.924403 0.878252 1.22574 1.65142 1.82295 1.96261
 1.41047 1.535 1.68236 1.40181 0.945364 0.593157 0.496528 0.433542 0.358962 0.393863 0.443221 0.401485 0.259984 0.207489 0.225698 0.277929 0.407962 0.558483 0.60552 0.641266
 1.23222 1.19757 0.912091 1.00849 1.28779 1.29665 1.1552 1.20445 1.07275 0.872448 0.793052 0.725578 0.597875 0.645515 0.785886 0.644648 0.597139 0.633439 0.493793 0.401126
 1.11389 1.05602 1.08807 1.70995 1.93573 1.23416 0.830253 0.652612 0.534782 0.803212 0.944406 1.02649 1.08642 0.886021 0.829041 0.947534 1.06598 0.946426 0.774167 0.650947
 0.993999 0.965128 1.06535 1.3974 1.24663 0.895909 0.98554 1.0336 0.948817 0.737041 0.50711 0.419819 0.295868 0.203474 0.163784 0.196933 0.345515 0.421924 0.429055 0.433237
 0.829631 0.837788 0.719842 0.500418 0.571833 0.979272 1.28604 1.17622 0.878283 0.733531 0.813801 0.857039 0.780346 0.762352 0.826319 0.905538 0.810522 0.763214 0.813699 0.740028
 1.26668 1.36635 1.26952 1.22078 1.44068 2.14469 2.36283 1.73939 1.253 1.18803 1.40546 1.47597 1.09994 0.954526 0.75366 0.589567 0.519575 0.495589 0.430047 0.470422
 1.55846 1.26109 0.740424 0.618145 0.462209 0.475304 0.426145 0.360261 0.35967 0.250514 0.244398 0.225688 0.166882 0.154258 0.187289 0.246202 0.363973 0.528966 0.599183 0.708408
 1.17987 0.764901 0.628354 0.58056 0.556284 0.579748 0.861682 1.06621 0.892992 0.796432 0.873239 0.806926 0.627524 0.694305 0.768472 0.775317 0.684136 0.572384 0.538215 0.426426
 1.39829 1.48595 0.978238 0.626355 0.719396 0.862385 0.832153 0.988835 1.09567 0.963598 0.646251 0.45728 0.316179 0.326528 0.357535 0.299275 0.232003 0.289091 0.450703 0.668497
 1.2766 1.05932 0.719986 0.691573 0.756319 0.748105 0.674542 0.643368 0.702854 0.580274 0.570922 0.925531 1.28322 1.22307 0.962793 0.867016 0.938067 1.13635 1.19582 0.991361
 1.39576 1.41231 0.926094 0.660216 0.543957 0.626608 0.856413 1.10561 1.29078 1.29393 0.922098 0.675001 0.562024 0.490616 0.450202 0.555144 0.677816 0.894673 1.11175 1.03509
 1.22139 1.21201 1.13092 1.19786 1.32971 0.917052 0.806141 0.721026 0.675097 0.697495 0.586046 0.323289 0.217677 0.310848 0.480286 0.543788 0.527842 0.462436 0.289457 0.224045
 1.29554 0.87776 0.790567 0.760037 0.773936 0.747675 0.695587 0.866082 0.944066 0.814301 0.928041 1.2051 1.22228 0.978468 0.751422 0.582176 0.5743 0.599497 0.573486 0.530115
 1.28206 1.19088 1.21091 1.14845 1.02171 0.98115 0.909466 0.759493 0.653272 0.537393 0.676238 0.897636 0.954149 0.98149 0.959487 0.849951 0.669315 0.74321 1.02629 1.20938
 1.03376 0.688247 0.506578 0.634241 0.72915 0.83037 0.815546 0.755309 0.683161 0.678761 0.723681 0.744967 0.709646 0.771831 0.725261 0.599622 0.589041 0.629692 0.645357 0.598909
 1.06381 0.919573 0.6189 0.602248 0.723553 0.962097 1.03297 0.904708 0.719604 0.501119 0.355258 0.330766 0.365949 0.538629 0.727755 0.890641 0.972674 0.964983 0.868517 0.788704
 1.08635 0.961918 0.549272 0.447344 0.691226 0.86454 1.08196 1.20643 0.908456 0.809498 0.925899 1.06961 1.08179 0.991689 0.750815 0.491854 0.368377 0.242101 0.184995 0.20553
 1.15931 0.797114 0.646514 0.586761 0.591475 0.594104 0.665327 0.664309 0.687814 0.769115 0.706396 0.625923 0.576792 0.54404 0.482617 0.528755 0.491088 0.327809 0.313338 0.411471
 1.2857 1.01363 0.825288 0.838923 0.631758 0.546581 0.588276 0.665784 0.646994 0.604628 0.559107 0.581302 0.567457 0.586889 0.702367 0.815553 0.747558 0.675003 0.838681 0.910471
 1.31411 1.08196 0.975893 0.767369 0.755707 0.414577 0.328915 0.39053 0.411077 0.423422 0.387966 0.516336 0.698946 0.645783 0.548982 0.563768 0.58585 0.682088 0.963685 1.31039
 1.30695 1.06894 0.724197 0.429508 0.295065 0.225567 0.21814 0.193139 0.130795 0.109751 0.089522 0.0895302 0.187143 0.360255 0.544398 0.599769 0.478935 0.351437 0.243365 0.187822
 1.3379 1.48602 1.5484 1.12923 0.880486 0.738447 0.53522 0.621274 0.81899 0.913912 0.890642 0.889962 0.829195 0.721336 0.716293 0.572125 0.644827 0.803744 0.731173 0.690955
 1.08889 0.747069 0.480137 0.382456 0.277261 0.221907 0.267535 0.245518 0.180887 0.214431 0.204583 0.182382 0.185407 0.217698 0.347794 0.51314 0.63871 0.871039 1.21451 1.16502
 1.53247 1.25929 0.833678 0.850874 0.896928 1.08938 1.17117 0.883835 0.614629 0.452776 0.420217 0.432118 0.367426 0.328996 0.351763 0.40517 0.63837 0.81171 0.647456 0.565682
 1.22302 1.01708 0.929486 0.851822 0.814558 0.586416 0.471494 0.462355 0.387837 0.415811 0.554576 0.706443 0.574143 0.428251 0.399165 0.273506 0.2223 0.255981 0.393018 0.488867
 1.47547 1.16721 0.636458 0.514422 0.449036 0.464811 0.479423 0.511342 0.620621 0.861958 1.10142 1.31942 1.49879 1.44789 1.22334 1.05288 0.835756 0.725107 0.730261 0.931688
 1.67896 1.70576 1.49294 1.6962 1.72352 1.54917 1.54685 1.40641 1.09231 0.966009 0.965512 0.875561 0.760455 0.606377 0.550018 0.785774 1.33206 2.00248 2.17881 1.81746
 1.04736 0.972539 0.937431 0.96828 0.890966 0.896337 0.880739 0.95005 0.848652 0.601221 0.494637 0.497925 0.496671 0.442435 0.42567 0.708778 1.3111 2.09685 2.07737 1.19898
 0.993563 0.897376 0.718054 0.69178 0.8142 0.757142 0.64037 0.580447 0.637737 0.743938 0.66013 0.613157 0.720477 0.717117 0.737709 0.822846 0.844532 0.945552 1.01715 0.844986
 0.755459 0.715872 0.734261 0.575584 0.586974 0.553521 0.563195 0.6377 0.661214 0.563441 0.535569 0.544818 0.458235 0.392745 0.337201 0.364568 0.419191 0.392995 0.320268 0.260772
 1.00966 0.562807 0.479031 0.526595 0.531518 0.541882 0.508457 0.427349 0.424498 0.437232 0.353525 0.250221 0.170334 0.114639 0.117055 0.148318 0.155335 0.189399 0.24251 0.459642
 1.03419 0.805581 0.457311 0.348621 0.365465 0.459909 0.439432 0.452974 0.510991 0.511574 0.636311 0.629516 0.572107 0.581911 0.542191 0.491498 0.580698 0.697599 0.73236 0.700261
 1.14903 1.14989 0.883991 0.717731 0.688328 0.545902 0.440502 0.418454 0.445947 0.467203 0.564274 0.580419 0.460032 0.602722 0.60778 0.463384 0.558816 0.589254 0.689224 1.17198
 1.21159 0.869513 0.614637 0.536543 0.757487 0.643467 0.409029 0.4243 0.530173 0.620395 0.603191 0.589318 0.697511 0.866642 0.95944 1.01662 1.01826 0.956992 0.993589 0.950624
 1.46384 1.57952 1.12889 0.796179 0.838803 0.838592 0.757205 0.811399 0.745812 0.558162 0.402612 0.424177 0.526649 0.716911 0.934057 1.07275 0.830838 0.534781 0.436839 0.43542
 0.958499 0.942801 1.03616 0.731427 0.840532 1.24871 1.95898 3.07004 3.65357 3.23545 2.32755 2.00207 1.72433 1.63126 1.43118 1.3194 1.42567 1.62877 1.4847 0.860609
 1.45229 1.80727 1.38648 0.983179 0.60254 0.378838 0.245405 0.295534 0.405549 0.487618 0.580465 0.491262 0.341056 0.189345 0.0669702 0.0297412 1.02222e-05 2.6437e-10 4.44728e-14 2.84768e-18
 1.32009 1.13863 1.20538 1.61093 1.62265 1.36536 1.19889 1.21756 1.22014 1.14646 1.11913 0.892808 0.59763 0.577511 0.525875 0.342276 0.225207 0.21592 0.238899 0.26299
 1.08759 0.967255 0.583692 0.483656 0.533803 0.341467 0.298708 0.490514 0.792707 0.85233 0.79354 1.04646 1.05107 1.01188 1.10796 1.19866 1.11982 1.0387 1.27746 1.41679
 1.19827 1.19392 1.25811 0.917872 0.677518 0.740265 0.745746 0.746051 0.786905 0.782492 0.831218 0.721129 0.637295 0.626285 0.447625 0.336647 0.2972 0.309491 0.328798 0.303906
 1.44108 1.15275 0.776196 0.80624 0.806117 0.87382 1.16971 1.24586 0.864447 0.553159 0.39255 0.367165 0.397127 0.460551 0.596629 0.65942 0.609363 0.518722 0.397864 0.329817
 0.966783 0.899693 1.30564 1.76362 1.57906 1.29973 1.44985 1.74933 1.87868 1.59547 1.43376 1.43585 1.50767 2.07015 2.20853 1.71466 1.47229 1.27455 1.3629 1.5473
 0.942238 0.982924 0.838837 0.749433 0.797557 0.759627 0.803618 0.863289 0.74974 0.641129 0.639507 0.586758 0.510147 0.490217 0.558283 0.705709 0.816895 0.934758 1.01993 0.885006
 0.930381 0.841008 0.616444 0.595268 0.554508 0.536151 0.555278 0.55873 0.578067 0.86566 1.37325 1.40958 1.196 1.16022 1.17072 1.32628 1.09815 0.860804 0.68854 0.570051
 0.842638 0.681939 0.372493 0.283804 0.357381 0.38599 0.434034 0.638223 0.684987 0.575765 0.46124 0.312569 0.323877 0.393332 0.60773 0.84879 0.97594 0.936421 0.838977 0.856276
 0.760033 0.589857 0.506082 0.318478 0.228551 0.214279 0.275241 0.314924 0.342915 0.423036 0.407465 0.46533 0.665578 0.872155 1.01258 0.99939 0.762516 0.673944 0.678324 0.697819
 1.35202 1.55549 1.66055 1.79904 1.62122 1.58398 1.48008 1.25121 0.886296 0.674968 0.774078 1.01362 1.37233 1.68094 1.82593 1.50853 1.22863 1.16176 1.05238 0.81813
 1.50824 1.54889 1.12493 1.11359 1.1298 1.02081 1.09759 1.22937 1.27755 1.519 1.90903 2.16062 2.3994 1.83386 1.08114 0.66337 0.56944 0.596224 0.65358 0.613945
 1.19198 1.50214 1.64181 1.59288 1.21283 1.07333 1.14331 1.2887 1.21994 0.84153 0.577839 0.711025 0.883001 0.805206 0.607059 0.567075 0.588902 0.715194 0.762107 0.612114
 1.1051 1.50533 1.85134 2.04466 1.97744 1.50648 1.14075 1.10243 0.920453 0.507526 0.309268 0.243148 0.269975 0.369782 0.491273 0.504462 0.44032 0.536756 0.593407 0.500241
 1.01647 0.902875 0.701621 0.573851 0.622433 0.680561 0.801182 0.806077 0.635442 0.518051 0.539669 0.559329 0.743123 0.882594 0.724558 0.560599 0.507542 0.494626 0.498924 0.605371
 1.23741 1.25735 0.887808 0.479026 0.474508 0.763583 0.887817 0.924843 0.941802 0.959258 1.00717 1.00529 0.945469 0.696474 0.47629 0.363724 0.312631 0.36948 0.596852 0.817901
 1.13469 1.1085 0.885752 0.717731 0.737448 0.69968 0.57625 0.582295 0.604644 0.512533 0.408462 0.367004 0.428507 0.455446 0.552383 0.713831 0.785835 0.842345 0.9338 1.01199
 1.00618 1.2563 1.41329 1.11094 0.821342 0.682038 0.697907 0.8095 0.732913 0.512802 0.377051 0.442426 0.483692 0.31983 0.202006 0.169934 0.159713 0.12419 0.0818823 0.058219
 1.39306 1.29524 0.980097 0.760328 0.821389 0.929869 1.013 1.05093 1.1351 1.17715 1.2811 1.24044 1.21373 1.19508 1.29663 1.47265 1.30781 0.909288 0.538404 0.41482
 1.37165 1.35353 1.68961 2.07115 2.3893 2.31514 1.92612 1.378 1.15987 1.35524 1.40096 1.41357 1.3349 1.26059 1.08156 0.8645 0.839479 0.740496 0.598913 0.488569
 1.31769 1.29183 0.983629 0.402124 0.273693 0.233568 0.155211 0.127656 0.164557 0.241055 0.299046 0.42295 0.525957 0.599158 0.753999 0.807627 0.847961 0.854139 0.544485 0.300517
 1.39335 1.3744 1.17158 0.747527 0.666547 0.779101 0.829908 0.87496 0.825925 0.746753 0.848056 1.12635 1.0989 0.89646 0.605993 0.518144 0.45288 0.438968 0.43019 0.323658
 1.29038 0.886831 0.822456 0.965527 1.1388 1.33779 1.39739 1.26981 1.18686 0.911125 0.696233 0.640236 0.578075 0.671457 1.02264 1.14213 1.16726 1.65555 1.73241 1.42675
 1.52969 1.10463 0.80436 0.788567 0.682436 0.573112 0.488045 0.351966 0.286258 0.264871 0.287192 0.325106 0.499009 0.668641 0.841414 1.11067 1.13964 0.971079 0.89984 0.971162
 1.68048 1.55256 1.24307 1.21251 1.22638 1.54093 1.70916 1.39905 1.17325 1.09094 0.879117 0.831684 0.723583 0.452409 0.405777 0.486946 0.467616 0.481203 0.519324 0.477295
 1.50298 1.4862 1.51297 1.48375 1.24374 0.932009 0.599718 0.36433 0.192751 0.116559 0.100169 0.11438 0.132862 0.141528 0.14613 0.182936 0.272031 0.341531 0.332418 0.364443
 1.32772 0.953465 1.18819 1.27941 0.935275 0.798253 0.676283 0.551551 0.71198 0.74231 0.549703 0.445251 0.594765 0.810922 0.856461 0.9131 1.31956 1.53981 1.44596 1.2384
 1.83693 2.49339 2.32059 1.52218 1.07812 0.72373 0.622022 0.706097 0.561155 0.350773 0.299097 0.290931 0.218924 0.153231 0.16048 0.211721 0.253202 0.365145 0.416248 0.489281
 1.48482 1.35384 1.14128 1.18064 1.17594 0.998358 0.859565 0.812504 0.681605 0.594669 0.583304 0.620634 0.588627 0.550884 0.44347 0.320392 0.245165 0.277511 0.30157 0.459631
 0.968626 0.968009 0.986277 0.849738 0.871771 1.01806 0.965288 0.917411 1.00162 0.818855 0.511273 0.571271 0.622622 0.5887 0.545197 0.512799 0.543325 0.477317 0.35198 0.303338
 1.00548 1.03754 1.21667 1.97642 2.22617 1.78368 1.53182 1.49638 1.5923 1.24603 1.0397 1.07446 1.02603 1.01916 1.16139 1.08153 0.912606 0.700499 0.411758 0.271072
 1.07113 0.975308 0.873094 0.691077 0.696546 0.83356 0.895308 1.07605 1.4702 1.60612 1.27123 0.947733 0.647827 0.792254 0.987686 1.05654 1.10168 0.936503 0.662445 0.513136
 1.2303 1.22072 0.923563 0.7266 0.855143 1.02005 1.13539 1.37668 2.07915 2.24348 1.70251 1.10043 0.780795 0.817048 0.717428 0.553487 0.525314 0.587348 0.598117 0.718094
 1.37113 1.20298 0.787332 0.842325 0.977764 0.921793 0.845342 0.872413 0.787887 0.5158 0.401836 0.383682 0.34663 0.307112 0.32581 0.456593 0.682699 0.697997 0.551149 0.460937
 1.19071 1.20777 1.23568 1.08878 0.765367 0.762184 0.612369 0.690462 0.720342 0.841601 0.816732 0.54816 0.35811 0.303046 0.277554 0.264412 0.401219 0.598368 0.604953 0.545379
 1.14263 1.13117 1.28559 1.29577 0.904047 0.894098 0.97668 0.976108 0.833556 0.658454 0.613392 0.623919 0.664086 0.767007 0.949345 1.0314 0.966836 0.846153 0.644249 0.489291
 1.52541 1.61257 1.26141 0.714184 0.596486 0.531973 0.391822 0.365347 0.328239 0.306462 0.405174 0.555553 0.576291 0.506168 0.430956 0.328449 0.242429 0.193648 0.150777 0.147709
 1.60549 1.34829 0.734049 0.607048 0.58609 0.640878 0.568928 0.378805 0.287391 0.182874 0.11593 0.135179 0.1483 0.145688 0.202065 0.271515 0.297996 0.278466 0.282251 0.310633
 1.54737 1.21379 0.740785 0.515979 0.577889 0.5771 0.499582 0.48111 0.552727 0.649537 0.729726 0.908951 0.943469 0.892883 0.835121 0.751598 0.582085 0.500495 0.499118 0.437864
 2.25589 2.42562 1.41452 1.15837 1.2282 1.97418 2.26008 1.5618 1.30989 1.00903 0.802647 0.855535 0.892665 0.89238 0.984887 0.97037 0.742651 0.661538 0.839978 1.05042
