 296705 302840 273469 353098 299690 238994 253489 538761 656537 458291 464672 393010 403202 505557 605030 591028 551701 534785 546618 696129
 296705 278862 364995 345742 266047 261297 261587 332188 319080 631281 443123 388374 465998 398321 380755 418642 323347 380488 560125 616042
 296705 236744 223589 475304 584503 622690 669239 544721 540102 592684 440681 586896 507558 790967 705631 504439 473359 490749 469592 474417
 296705 430706 350526 579256 380633 365849 346134 386939 522017 353639 294366 478301 428465 495725 599287 728135 613722 529119 940879 790255
 296705 574760 455341 374025 423259 320479 311468 340539 336369 295198 308216 373302 628228 458661 461980 490033 487762 432387 289254 274146
 296705 511030 428974 611832 632105 428177 415671 570060 401820 441560 483034 405186 470641 475332 490469 449305 417368 627229 618169 506694
 296705 281349 352305 302485 418292 325948 228543 431193 731402 405140 524474 331624 501991 405176 357270 347240 266020 282188 316046 322089
 296705 391674 425026 630083 427258 478902 434603 798247 643584 751346 885201 1.0301e+06 859904 683816 881218 741586 534019 553815 397184 1.05108e+06
 296705 746268 754171 535200 440250 476178 428197 422581 490295 765161 538139 381361 319402 537253 494143 468709 315892 450142 374248 514795
 296705 486921 588935 640192 470905 574085 493151 671057 598098 455470 345416 350490 315439 317424 223557 231894 190605 185552 312702 376549
 296705 261357 227991 275690 278947 322515 443706 362538 462163 455367 403944 390244 372452 497262 666445 440696 636612 518366 507265 387651
 296705 261701 238080 425598 333620 356684 384259 416335 440665 450180 408049 298075 224493 224876 170275 120832 183299 172901 209491 199940
 296705 265134 278154 257423 323839 243938 252831 363991 664571 718613 525983 566661 561525 435939 753861 533361 302978 401941 343655 298511
 296705 272982 275225 367370 441992 333506 376821 462265 372329 524847 545738 1.16612e+06 786831 788893 725684 717654 529671 591241 335908 270736
 296705 342072 351142 538489 469610 851947 688363 529745 674887 578491 591019 523286 531168 432719 458215 401315 572114 485225 471851 388347
 296705 466422 717327 586442 505696 347031 274399 384294 480730 352946 581312 579832 525706 898125 753986 613114 603434 537531 558133 493825
 296705 297933 592141 509353 398041 881831 731512 664995 800467 587829 457998 636324 588664 415922 473528 401826 396798 397385 426695 442599
 296705 396666 365539 241026 244133 260477 358297 392037 412071 307078 320903 317556 420495 578270 505746 446344 435274 373494 489937 367592
 296705 481866 318885 357716 325372 491066 491132 455101 394026 442344 498180 394459 458227 978054 638112 435258 371175 443838 566480 479466
 296705 358462 299617 293976 281745 432859 505923 426605 334240 443993 542968 869614 650354 596553 610846 599666 506798 582669 499759 484651
 296705 204751 209371 339611 346003 517279 394786 482427 420201 471283 389441 367776 293684 287985 197714 299754 514047 556162 621175 712614
 296705 436804 547933 910136 668968 428783 537336 593795 543240 393692 528506 405038 651644 697493 635042 572582 612464 542588 414183 412574
 296705 411746 521224 424957 632926 587804 456680 557666 449580 393302 371785 260751 243560 331006 310927 370624 309510 294197 467617 519103
 296705 442001 352545 467290 414369 398338 362660 373224 433114 313388 427822 301490 396756 363438 451183 422605 433879 403969 735691 675445
 296705 360087 359590 804162 569612 467613 685392 676682 668270 610341 564796 600499 447963 493164 597472 591135 752096 570859 440241 699964
 296705 281660 236178 254567 296706 243486 205579 357841 445648 348636 263835 371698 503280 627903 635670 529675 478915 427819 379631 393230
 296705 426913 452879 286158 421623 284046 402335 436644 320177 268098 341982 365307 289381 583961 459875 434250 327705 381744 351737 352359
 296705 325314 246788 329964 403952 348461 286269 328214 676242 455914 658908 494115 454283 556178 529763 425934 370673 376184 578325 567673
 296705 254294 428848 423645 453268 350894 386040 594307 461156 388042 404313 425516 394745 465841 353700 431896 390636 502249 459628 406067
 296705 673685 567269 499514 421307 349699 420136 314729 312307 319165 255532 402179 293801 460103 628406 452020 520892 518746 295976 444091
 296705 457056 737756 627618 518553 495695 825253 507726 564604 770148 583030 571339 591825 730011 547767 661634 589640 586995 590473 469031
 296705 270797 233071 282305 221563 153499 306141 297377 271551 288367 294853 421355 443632 387766 412824 406193 346729 315852 397244 341453
 296705 315643 330435 341219 205525 462220 411162 332533 300664 264197 304385 422794 523456 521247 695653 598562 584653 636084 507622 405696
 296705 416225 369619 329405 280934 271340 240600 218129 256060 230625 253530 303278 345708 653291 571289 441832 466657 404153 563161 461213
 296705 228729 315292 289361 337917 357662 328811 396612 426301 352844 300165 354928 314051 460393 465092 379987 383660 398975 324509 254730
 296705 319776 448810 466434 499067 470409 469105 673394 692009 528061 497610 618247 668782 640044 444422 441624 543281 413992 286489 392849
 296705 326930 665012 557515 637625 590206 841752 837677 741743 585954 603526 587760 921968 696927 555369 473377 433930 335136 439314 288458
 296705 701074 439855 367506 448047 455605 793918 976543 831742 624694 620653 502509 442532 361836 375279 370756 278753 455668 299872 582848
 296705 278000 361341 327199 323291 226299 240313 204482 402684 255020 377856 274665 288250 484295 431709 369231 379072 334528 316731 314463
 296705 367515 575292 481361 414539 378884 395588 382692 438918 318484 427837 347444 341737 463300 445305 476863 390590 416548 631660 980532
 296705 240996 362166 285832 289039 501980 406135 337266 355456 366639 323067 333615 478670 338293 285480 255064 205716 178610 221888 307964
 296705 509168 427900 643661 417510 435541 562119 475234 407870 657483 502163 547078 489452 398379 564186 440293 370588 879092 590104 487428
 296705 429911 255318 498815 403800 357186 418722 378210 418291 375585 963236 655210 750271 556968 477081 467150 381498 318895 287428 237325
 296705 282228 286223 391149 373453 458236 299858 411236 368741 677743 534250 533365 453246 619433 691588 593097 461380 482937 505385 487231
 296705 420836 430861 435592 502098 436052 373600 354369 264932 469129 435367 546704 514312 518858 651181 475613 520587 504026 543614 393827
 296705 437642 392898 455641 466926 375134 434086 351590 330918 257500 365709 529290 411838 517819 434408 585044 400325 607890 544106 433091
 296705 395447 300670 513186 467571 412837 456400 353746 575110 492356 425214 657802 744992 680928 520279 481766 647936 583990 388352 397729
 296705 352616 300902 611919 514515 604345 559077 441393 460575 487051 369360 375512 426959 382531 375638 404748 313077 363905 308204 397097
 296705 300145 392217 500582 447715 461532 438886 429803 678083 569221 504005 391058 335035 365910 277857 525463 487377 750940 555449 586168
 296705 329469 379892 381405 584115 502004 521688 441484 792562 596517 449571 389779 305345 287696 370741 263230 442252 381321 599514 527730
 296705 233688 293048 253342 325701 272153 710899 502844 458949 597597 567442 499442 588570 576534 551541 483896 427788 608346 657733 533009
 296705 300098 262684 245673 505753 503925 358285 728386 505837 477062 498709 425651 596918 519902 379228 332128 358231 252071 239242 278583
 296705 245414 274659 261808 259824 340043 364852 293227 373150 386647 415091 581664 426289 361165 340330 359488 422711 376248 367005 382645
 296705 266024 202275 238917 335324 381883 436803 400338 562967 441963 507612 466673 402680 427857 452223 403339 505384 400459 397311 434145
 296705 436165 243180 281852 302619 262528 403597 425108 386333 448165 560558 376553 459205 394020 480489 631127 439396 467791 435397 400963
 296705 469077 375115 530763 676792 467133 484178 480109 740875 715578 777064 600042 536028 623748 474735 435597 813691 497461 657041 733171
 296705 401590 303348 298604 256012 190292 188828 196623 242937 261993 424806 436540 352692 425896 628171 529812 407424 355126 351355 362721
 296705 250554 242307 228665 298476 460670 561901 435986 418006 430510 473789 415796 470499 282568 290139 329082 491516 320670 471872 291128
 296705 474341 446242 504090 565665 394772 452862 494947 798097 683597 741090 600497 558452 576562 696247 447561 484866 397306 386796 599965
 296705 292289 347512 325213 308600 401290 303919 369556 283270 437622 395325 350431 305065 254237 290318 293004 245579 303756 447924 408754
 296705 817062 456208 396056 537828 475048 444733 463572 507405 535702 433769 550511 590023 507128 524208 404931 523291 460579 347877 262952
 296705 659681 428258 362485 556533 443706 407611 452774 401218 371802 405915 352856 561672 493352 368829 348825 310037 369711 464866 466625
 296705 274292 268685 392197 347401 406798 470990 424374 469859 502654 452431 355940 401428 428482 389920 325425 370159 318474 263690 382892
 296705 228430 319467 314824 345978 403150 380797 402411 504952 373566 404726 429957 358950 341733 331173 242866 238754 221413 255398 225874
 296705 269945 373349 343210 318777 384313 535912 456610 424425 571174 568175 503007 440688 443718 403862 467086 477011 410929 439137 480397
 296705 249355 230964 418905 265972 229923 273771 334851 315388 488916 637512 501160 546358 430271 375958 343823 267587 391327 372568 382794
 296705 294498 392772 398175 387121 485018 362300 386748 563933 426627 378491 314279 323225 310916 394865 343132 287776 397052 371416 345398
 296705 491802 363149 365045 367392 685188 538585 495196 416328 369171 395083 322355 345545 447071 361662 384002 297056 331901 403501 345323
 296705 350951 254495 314245 250870 225869 522312 390657 591503 546952 454161 543211 411929 531579 572123 448583 567811 710628 501585 676113
 296705 410110 409205 461207 483444 468064 647477 660018 461647 469206 340852 270385 292594 200381 207052 278393 372649 435316 419413 384597
 296705 313353 279113 393412 352155 482248 353882 430946 451763 451912 510996 512390 476834 578445 659636 561518 609612 624593 596191 620729
 296705 239589 284068 328204 349254 293763 257547 305589 417422 310811 776101 636879 523170 641329 710326 959504 885977 615970 553110 676614
 296705 405662 327166 320523 288738 316339 525246 487151 338913 388246 402337 362232 312870 352017 362972 561966 458951 319240 385755 459949
 296705 239743 292204 288040 359890 283659 271257 377690 338791 325878 284732 228651 313421 487383 420689 411788 353948 417470 482795 497134
 296705 233447 281281 716144 502918 431545 398453 416461 380656 330177 283388 236051 271596 374999 478013 495518 446277 382561 378895 319895
 296705 230836 241192 232196 262749 339295 387416 404267 466205 708929 518375 900222 626821 683734 496546 505579 462193 455393 558049 513461
 296705 532021 648983 460308 449835 476848 541408 511420 417530 307589 424567 402674 717306 767720 528692 474419 471768 557607 464219 493437
 296705 316604 428617 282398 282094 289542 346565 465865 401470 427203 478317 538514 400709 493436 337648 324527 315655 362964 395997 280185
 296705 198644 324287 404107 357927 270017 270386 310567 329527 316325 318332 308742 400763 352679 242507 239247 481114 413530 309905 266512
 296705 375255 539769 485806 429257 417413 326164 381370 439116 362477 348464 332080 327707 290653 395785 536578 445382 318395 274988 315378
 296705 238549 231420 278556 305227 221030 248760 327089 291901 378569 372253 293885 329023 259868 362406 306643 536956 452004 560214 564176
 296705 430767 332495 331812 340895 363014 305757 411377 589446 454943 437352 581278 516076 852470 497477 407548 473570 458749 608207 476142
 296705 266264 343763 269027 332617 374073 349856 306070 345849 286019 517158 462471 356732 364140 370915 419764 328831 382235 354456 315926
 296705 425670 247617 227515 243573 235952 496364 522323 558225 542453 601239 547548 548095 629136 516766 614347 582523 577708 588874 426992
 296705 332920 258725 461479 476673 822452 875282 701899 677270 624946 630263 648804 515281 574648 470271 349708 648451 653813 629509 686077
 296705 348265 328777 348487 286348 348315 361173 249116 507877 507666 380902 324644 278843 299999 387373 320375 271328 391627 404316 280410
 296705 309439 315940 361111 355373 410546 579400 431099 531436 449717 495619 515259 615482 424643 576076 565771 564765 630285 588431 516102
 296705 275182 225496 304183 254281 216685 342461 323315 329266 347314 380844 368214 324372 315317 476696 498607 432310 388577 331702 265592
 296705 328159 312496 442983 777783 579423 374842 372895 427357 375126 397746 320908 345175 298735 452466 387033 301073 681148 479901 524236
 296705 235048 241463 313539 266852 240622 464017 392019 338299 377125 287986 543828 450395 442584 403684 491391 369980 411774 345996 419347
 296705 399940 392148 497614 641195 494915 452502 455670 339569 406098 254337 233207 246329 271290 259911 340831 315958 373630 364681 394277
 296705 256697 205598 283817 221847 431230 424125 367490 419874 500676 511602 470992 381218 433539 402858 367615 556378 399484 600471 461923
 296705 317762 448393 401402 445416 419005 664078 825597 473159 988305 688622 701609 661469 511872 554008 625966 465394 610352 442575 393993
 296705 344255 256694 298697 262895 472976 350840 343591 297798 355919 448479 491605 380497 459450 532144 435836 468149 533949 484559 424432
 296705 326461 358774 557084 478389 445081 405535 633100 754366 819630 555376 621666 451359 423959 434731 584738 380841 530419 409704 527712
 296705 286571 318920 641740 478262 403094 333926 608647 1.07317e+06 790881 652325 510780 605845 507411 432653 297535 350665 261282 336031 288348
 296705 251704 228331 415200 357489 362075 306836 315730 344215 386393 346150 432194 318890 361358 344778 633050 462301 735815 546563 676577
 296705 238484 308818 332000 291111 305595 292848 416344 411653 490080 502676 560995 538784 647062 538753 651448 732835 590279 560224 508292
 296705 480225 513358 423853 414571 292972 261309 352081 238343 253501 277768 240273 286351 461312 392863 311582 328794 459245 496434 443486
 296705 209166 301484 361503 264149 262376 554090 446063 428561 554721 607408 526543 479513 491013 627894 989714 569240 444230 426466 484133
 296705 282979 333171 430678 547121 363325 293830 684743 572133 496442 780693 547863 601591 505769 419553 314670 352827 252297 250796 192819
 296705 522352 506676 506996 483669 318141 341835 414421 322188 280337 328102 252683 312094 311411 297551 391894 487539 431092 366979 399670
 296705 189158 180642 221490 173999 328700 256389 217599 363805 279988 317514 267152 193025 237414 185405 167696 345896 294759 221577 371757
 296705 209464 185225 142581 206323 150537 230816 442383 354990 575642 614147 576089 492789 470482 417904 498016 460612 333454 448736 345615
 296705 251817 257789 306853 329828 351956 283073 335933 406631 532001 406493 389461 467133 627173 550002 649418 479573 515536 417728 328920
 296705 473577 262229 442476 280429 248025 195533 250912 212427 288295 257839 256557 282064 214797 295071 310832 339410 285758 394216 363002
 296705 304974 238082 272893 255045 216713 317790 339634 385602 335213 350595 317608 373123 294724 436708 358334 558214 708394 568887 587459
 296705 297014 276213 252153 246838 286328 265933 307111 307087 324979 286036 576712 343353 332212 309439 387518 369782 376933 481653 375717
 296705 370624 363271 315026 564224 487790 451127 444389 404813 579761 470668 461841 510580 389517 442920 415344 426869 430227 440458 371816
 296705 415275 347902 415173 483072 448112 632546 623384 653727 539684 497610 597162 599674 621720 670162 554121 526599 764464 660712 552141
 296705 349338 329075 399276 657363 654680 486302 540251 616187 619482 478442 465353 747978 499165 495777 403001 463057 440145 416344 287089
 296705 406998 359530 312370 471722 516177 527403 553668 474808 388815 397121 418761 510787 445394 310717 466096 397640 383229 434991 315422
 296705 267759 242588 270414 227173 659853 532537 372601 341652 324790 304856 405728 347572 401329 435181 419580 540922 624985 662232 578381
 296705 323309 304788 275287 342996 228399 471900 476468 595549 467290 476822 516362 416614 527383 382039 286855 421220 530268 519095 396465
 296705 265106 311360 281197 328078 279749 262339 390463 345157 302621 250012 194281 222471 341895 323994 344920 275330 417034 406231 529268
 296705 343969 244787 234311 318309 341298 332828 420309 541762 316074 478630 616873 505523 372750 355068 299489 435687 407549 803291 449211
 296705 315849 409291 557921 367642 375690 390895 587146 685746 568288 673355 672729 551790 457663 498537 581000 583424 522489 623220 511861
 296705 227964 300939 252732 302956 232854 258089 487192 612146 445670 403862 264669 247716 376785 308877 218462 208149 226045 271965 565170
 296705 370176 279091 288481 254783 278850 335888 290037 261384 503638 352318 453460 387533 289016 255003 414987 531403 596129 485965 441819
 296705 294333 276770 267047 331226 271021 343173 434656 491539 415522 347935 273595 275994 308982 253708 462967 283109 715793 530071 462405
 296705 353988 307243 282329 234869 281001 216864 192663 248291 293175 281764 473101 414606 774691 624084 901556 702938 604568 646954 702075
 296705 261015 196512 199361 239299 272409 425563 737095 547352 429529 373964 419915 479722 443107 603300 450550 666638 576642 579087 661038
 296705 219683 232540 331801 429361 439966 547976 479604 372532 614693 473845 344869 371147 260140 295022 335449 240250 321726 354228 306483
 296705 289534 391356 779459 443237 397099 320601 395539 374863 481715 406275 514068 437961 376801 391597 398922 487720 514576 497981 469362
 296705 429551 373283 316935 401225 489900 506993 433356 638258 531675 434257 362163 324164 275303 194181 389952 384452 370797 444195 577281
 296705 409062 363060 579011 332738 534326 471840 329846 486034 413999 364489 380508 409360 442496 488225 391584 345007 444919 406294 393202
 296705 369610 324362 360488 536828 552350 488287 599151 475351 378259 299179 366327 308643 348641 621602 506705 426933 476437 592884 704350
 296705 249562 448060 521570 406697 313807 293266 408230 478135 356046 316182 359596 325532 556232 512257 395967 382607 373047 358435 400374
 296705 481297 368523 377954 527006 459576 779428 464925 469677 437857 412451 605370 485467 521721 386185 459560 528278 502335 367715 321959
 296705 456486 340754 418016 380239 315532 459767 387039 352545 457770 394681 503966 416709 305800 570460 481177 439404 511654 445704 487344
 296705 260638 205173 355377 248635 274185 222478 285453 338972 411237 422689 360389 328623 353079 463268 344163 403496 376454 451749 357921
 296705 461574 327158 505702 517626 345886 668847 660433 609267 553617 505485 608964 568157 986993 853364 557587 471492 450080 643829 513544
 296705 399232 313001 347085 285684 450326 444983 353232 325877 412109 375317 444951 538174 397501 357831 518381 416188 498669 527483 388170
 296705 349948 353629 349229 424534 563470 548887 579739 664284 508361 506554 504101 415575 300091 279513 262834 343463 445726 349323 266575
 296705 239709 232872 416159 588838 419536 703081 486988 525112 510395 497083 416869 454981 406355 518533 395941 445124 336109 359505 381170
 296705 311733 218864 313861 303794 416081 353913 250824 263606 257189 201332 264693 371328 260680 588119 408328 287293 287686 286800 270169
 296705 472455 391661 389022 375742 374370 512498 400191 331740 446212 461414 401420 330960 547795 613396 606410 510300 396675 303606 430084
 296705 234803 135111 153483 139256 141084 301988 217464 339332 427732 461440 437287 308057 321686 303260 288356 258446 350850 335874 324848
 296705 265640 282060 505301 372226 368333 671552 595500 458677 388793 421355 293324 288479 207248 538753 403502 315170 450704 658691 522191
 296705 460910 399013 425394 406486 306719 436365 478298 322355 363861 332756 493724 570305 421705 357868 296745 393501 381350 607326 539519
 296705 361088 471514 493600 367565 728227 523056 524462 442993 575047 465470 470761 330249 472682 287523 302852 355482 424573 452030 389456
 296705 287954 216037 344261 314496 204144 388144 357245 265766 218364 498114 569736 616956 712072 475400 603546 536960 435361 687655 664315
 296705 397880 347178 593919 449109 404059 602356 468627 490382 651602 572528 612357 806859 619937 641479 517452 980659 892823 665309 523950
 296705 318784 637653 542213 685108 540339 482696 447399 393986 372973 344750 373557 267582 361375 256347 311407 292019 250244 324197 480545
 296705 579018 366994 340158 359428 303306 477055 572154 387013 341611 284504 281062 330076 386861 495506 497784 441782 1.15961e+06 768371 632691
 296705 683096 529129 444095 276950 260263 264422 393074 365871 326162 401375 407147 494688 464100 680393 484380 460420 363259 367310 389860
 296705 243366 404543 364887 222886 275303 349859 448954 760796 515996 462338 406150 364543 390362 333719 198895 175044 189944 150445 235385
 296705 330863 266976 338470 287744 444810 397179 390121 638994 631226 522128 532889 574791 506672 586476 436964 440777 412200 332476 467671
 296705 672775 431488 353271 297988 344528 261597 313075 208077 240231 906735 795926 615025 567082 447215 409875 449508 199360 468540 383947
 296705 288951 402742 378054 323726 292195 282435 368436 403092 377873 263463 281136 384320 398573 500570 334118 355097 270875 397069 399071
 296705 356433 279905 323699 348867 351952 358871 432634 303189 486173 388440 445293 537913 518326 814977 687295 606349 657260 553249 427150
 296705 303121 269614 349830 572416 482875 366136 464511 424763 393064 416925 446273 374891 516983 385425 422674 373711 469742 337857 457080
 296705 185718 227744 326783 288815 209410 246151 204691 339522 428451 385879 375674 311698 348740 425641 395513 404442 360800 380267 483196
 296705 394151 248806 393216 281793 362281 473120 374466 305715 315896 333994 305851 413603 299376 412855 435558 400668 345965 370337 451151
 296705 322819 561130 453543 466022 641625 437110 397728 445658 289698 720853 541864 461969 384904 513127 635143 550339 613313 518557 532183
 296705 391911 428287 491051 536367 398142 389248 511618 407956 371193 610492 546310 453751 409208 618325 415526 335918 296072 399826 547084
 296705 311829 336945 201736 330102 290418 337573 425180 550311 474327 642993 498529 498573 424696 409202 343257 357802 316007 509750 447350
 296705 259445 245383 212491 296060 313250 300297 310183 549059 665895 595876 518449 469479 452986 400367 363428 442679 406604 417078 340245
 296705 306854 290708 415959 424585 407626 430395 587369 746872 572339 539853 502846 520357 553503 538674 462858 409411 280087 387038 389863
 296705 402361 294563 241423 509270 477385 665039 439690 464913 444059 805987 391394 395175 328270 395433 310397 308377 206724 488414 312197
 296705 337099 329550 366878 390656 371931 390572 351719 249145 619440 559941 602943 628110 509801 512554 649295 488352 416398 438275 448030
 296705 291067 256289 284910 396984 365796 437536 497724 630216 491840 473436 476220 560927 454723 440195 381539 397852 293862 327902 339862
 296705 488203 367849 403300 288461 340427 552013 564036 424462 387997 372016 307333 322311 404234 391735 347433 304084 336812 410375 449523
 296705 285550 245052 321173 205208 187069 190172 746169 478113 474454 564121 574612 438387 823006 645581 543184 401967 412305 347221 392427
 296705 300657 217717 215476 351260 287993 501356 372965 540075 559822 613226 591460 584477 388892 341921 264856 236940 221103 246849 317797
 296705 569069 411779 444943 554218 740603 622141 589223 387967 402398 387958 294699 209542 322819 223945 667359 562785 570503 457695 485910
 296705 289182 277851 309811 286572 214116 354639 833226 657393 480589 501257 493317 404753 471834 453920 437411 380927 382031 385393 585516
 296705 249394 250482 181473 181986 253960 287454 624098 434848 414454 385649 413526 398684 387293 369573 394390 287929 405713 422765 388942
 296705 445921 318465 542503 439310 459346 412011 596335 615856 534746 328410 622520 414397 522242 419209 305605 458791 391449 275202 314743
 296705 653792 563266 418656 324353 383549 365016 519558 443587 316172 334685 347393 328935 291657 261485 232365 346487 297418 295925 373885
 296705 326146 290279 278895 257311 401389 324612 302920 287645 486884 367449 333008 279718 252265 287045 441950 238851 281950 441275 434156
 296705 273961 313270 256630 358010 264155 579125 439525 419891 433375 326073 402740 450052 806889 610550 508880 503614 538429 424795 387631
 296705 275528 287113 293899 466606 559251 543781 681046 581958 476284 554054 461916 487374 465812 389065 550370 685029 612837 615579 532518
 296705 496976 408619 392977 342785 509154 549693 409521 495026 424545 391922 462318 523014 460828 346389 352384 280023 300116 302356 243951
 296705 245402 396015 320706 343432 344923 374126 352428 346179 315351 614001 403889 359631 748743 614636 513922 467861 364746 396577 341310
 296705 335309 442163 415847 466803 575728 614884 508322 448001 572144 613725 473724 464403 482118 490061 672777 521502 374674 361979 449398
 296705 354133 266191 301979 316413 232608 260709 332531 348395 260174 220655 259545 388571 374544 353265 285434 499149 435236 297426 311592
 296705 262289 323992 351563 492949 363504 264344 351935 635062 513144 399964 456247 454367 943299 571133 419873 543642 566437 625045 539739
 296705 246542 264623 311612 293109 234661 309274 467174 597225 415112 312408 273834 334149 607615 708501 701855 515943 455707 579692 456049
 296705 785218 482198 447176 823017 611285 815944 746567 567688 495833 410010 472022 433684 460044 555537 878553 812620 629197 414379 434693
 296705 472971 831133 587393 490352 745345 562359 522765 524605 373074 494143 531248 343959 317119 228325 384742 306802 735889 549023 460956
 296705 343127 342470 397014 407912 319472 291764 505532 503800 386276 631167 485736 633098 772078 660383 892230 620893 572112 494383 398954
 296705 203884 230199 265626 365396 386218 582608 634403 683573 700494 598629 596917 745497 569118 529413 515503 417914 383154 382462 277640
 296705 296830 302803 561890 481430 361345 332339 328549 489351 584371 437407 354982 257997 242087 574697 434670 404532 433853 365916 410104
 296705 251696 317164 286968 298555 425856 469350 415304 480433 552924 458418 512166 605130 447645 368091 335597 289152 352425 351540 354890
 296705 430544 352476 558713 407477 575003 818722 714574 573888 596456 652084 558886 450334 395943 665185 572893 528535 430737 343659 415379
 296705 237142 481990 369163 311771 257924 318811 284836 258647 214870 235370 393499 305856 352426 379247 383878 366859 364702 490866 482774
 296705 323714 358224 395051 541253 555005 479129 616349 544307 582741 415033 381666 321928 545976 533761 423052 520824 441261 427379 533268
 296705 405042 366258 310884 357279 469810 339282 306632 343979 332221 442132 298847 281602 232586 347678 331585 380682 520637 669536 749742
 296705 253085 315187 449111 375746 266790 257452 364219 336709 414973 1.02358e+06 846512 836449 898282 618146 507787 821425 678574 521663 478521
 296705 366842 278505 275727 527822 472873 404995 739873 697470 631714 892667 640250 611797 512740 656027 576080 526923 403992 554137 681892
 296705 336656 282975 384084 351966 393138 381195 565238 477378 412502 533188 602368 565565 503627 529344 413478 337323 348610 325292 285664
 296705 440252 401782 576777 423432 400952 457982 411760 387632 383268 444689 300369 300994 210293 329047 270044 301730 390738 532346 456905
 296705 360808 287058 285225 269036 321602 328512 391002 315938 651688 510954 516325 662458 768428 746314 666179 707226 510617 725181 533295
 296705 337049 491020 361084 323569 318756 262609 244472 273375 215739 228104 221603 394000 577312 403186 485973 355623 287581 287246 303682
 296705 332638 330292 787842 730591 499263 505927 542020 417925 730291 495997 373946 450087 356171 416456 553074 395296 360079 300245 340309
 296705 324287 444102 384508 424371 386175 470530 698385 600704 452919 465482 488571 486783 406095 361092 365628 262778 539908 472803 428191
 296705 256564 554814 431826 542660 471621 571454 523912 577237 620769 475521 412025 834487 607134 500953 473137 409492 342137 290149 272491
 296705 322167 271697 252266 260950 442983 442164 417153 1.0242e+06 773795 764050 640209 841363 585247 427635 302221 498254 328353 372771 396022
 296705 313170 372313 379200 319904 207101 262961 260795 434579 344285 266299 345712 284142 413896 456916 379653 532244 497936 504529 557151
