 1.2601e+06 1.16384e+06 1.59975e+06 1.48889e+06 1.2299e+06 1.2102e+06 2.64794e+06 3.61039e+06 2.86677e+06 2.62232e+06 1.79905e+06 1.7338e+06 2.05731e+06 2.87611e+06 3.39337e+06 2.97844e+06 2.81818e+06 2.69604e+06 3.29402e+06 3.0004e+06
 1.13279e+06 1.62516e+06 1.67419e+06 1.37162e+06 1.2955e+06 1.26728e+06 1.61855e+06 1.57026e+06 3.27842e+06 2.62976e+06 2.29207e+06 2.2115e+06 1.75692e+06 1.64063e+06 1.74873e+06 1.65586e+06 1.83674e+06 2.73046e+06 3.43636e+06 3.03638e+06
 907086 820635 2.12528e+06 3.17571e+06 3.79235e+06 3.93556e+06 3.17869e+06 2.7393e+06 2.52339e+06 1.79395e+06 2.47178e+06 2.34202e+06 4.12817e+06 3.94625e+06 2.77545e+06 2.13557e+06 1.98986e+06 1.97841e+06 2.01601e+06 2.03919e+06
 1.92138e+06 1.7137e+06 2.91004e+06 2.05108e+06 1.99262e+06 1.62392e+06 1.69429e+06 2.51789e+06 1.81134e+06 1.4934e+06 2.19486e+06 2.18242e+06 2.57969e+06 3.06231e+06 3.99996e+06 3.59924e+06 2.71536e+06 4.45701e+06 4.19895e+06 3.5388e+06
 2.66005e+06 2.44481e+06 2.01752e+06 2.11122e+06 1.62353e+06 1.347e+06 1.33183e+06 1.54816e+06 1.40759e+06 1.47444e+06 1.87717e+06 3.27863e+06 2.71538e+06 2.65469e+06 2.44344e+06 2.32784e+06 1.90917e+06 1.0044e+06 1.04606e+06 1.10778e+06
 2.33501e+06 2.22855e+06 3.26245e+06 3.52376e+06 2.56508e+06 2.05853e+06 2.3801e+06 1.7622e+06 1.87732e+06 2.22466e+06 2.24318e+06 2.40063e+06 2.3383e+06 2.58076e+06 2.14404e+06 1.9168e+06 3.075e+06 3.29577e+06 2.82863e+06 3.06866e+06
 1.13766e+06 1.56336e+06 1.44101e+06 2.13684e+06 1.83379e+06 1.17401e+06 1.93252e+06 3.70004e+06 2.50747e+06 2.92525e+06 1.59571e+06 2.20543e+06 1.75134e+06 1.57826e+06 1.64718e+06 1.141e+06 1.20231e+06 1.3085e+06 1.67884e+06 1.59143e+06
 1.71718e+06 2.08857e+06 3.35576e+06 2.56323e+06 2.5651e+06 2.14599e+06 3.88596e+06 3.37868e+06 4.11745e+06 4.71978e+06 5.61595e+06 4.83269e+06 3.25632e+06 3.94538e+06 3.23362e+06 2.18665e+06 2.1352e+06 1.61261e+06 4.93556e+06 3.21537e+06
 3.5259e+06 4.30099e+06 3.4296e+06 2.20741e+06 2.16401e+06 1.77649e+06 1.61141e+06 2.30324e+06 3.86935e+06 3.17346e+06 2.05752e+06 1.23519e+06 2.28939e+06 2.31705e+06 2.30341e+06 1.68383e+06 2.0761e+06 1.72203e+06 2.45916e+06 2.01018e+06
 2.20935e+06 3.05825e+06 3.63872e+06 2.83493e+06 3.02261e+06 2.28071e+06 3.02166e+06 2.88471e+06 2.3878e+06 1.52869e+06 1.26608e+06 1.15043e+06 1.16808e+06 997195 1.05302e+06 811888 796914 1.49253e+06 1.95499e+06 3.72354e+06
 1.03365e+06 855900 1.08855e+06 1.30141e+06 1.74592e+06 2.45034e+06 2.09671e+06 2.5195e+06 2.36001e+06 2.08345e+06 1.83091e+06 1.5896e+06 2.33544e+06 3.41855e+06 2.5854e+06 3.34502e+06 2.75889e+06 2.45935e+06 1.50528e+06 1.14941e+06
 1.04125e+06 946707 1.92647e+06 1.73531e+06 2.00667e+06 2.07223e+06 2.13901e+06 2.2795e+06 2.26773e+06 2.10703e+06 1.40338e+06 766709 736893 550002 380984 783337 873990 1.13875e+06 1.08104e+06 1.42028e+06
 1.05226e+06 1.1416e+06 1.09882e+06 1.6048e+06 1.31133e+06 1.26356e+06 1.77882e+06 3.46012e+06 4.25427e+06 3.30587e+06 2.98126e+06 2.70918e+06 1.87809e+06 3.24133e+06 2.6615e+06 1.42521e+06 1.62536e+06 1.48335e+06 1.25739e+06 1.90309e+06
 1.09299e+06 1.14863e+06 1.66185e+06 2.24938e+06 1.97618e+06 2.12501e+06 2.2533e+06 1.85651e+06 2.51116e+06 2.78698e+06 6.30598e+06 4.82256e+06 4.88983e+06 3.44698e+06 2.98491e+06 1.95869e+06 1.98259e+06 1.4992e+06 944962 866244
 1.45945e+06 1.61101e+06 2.65849e+06 2.7031e+06 4.68874e+06 3.96829e+06 3.02669e+06 3.22042e+06 2.6752e+06 2.77597e+06 2.08425e+06 2.45399e+06 2.04998e+06 2.07166e+06 1.83847e+06 2.64696e+06 2.51514e+06 2.51974e+06 1.8718e+06 3.062e+06
 2.10839e+06 3.68806e+06 3.39147e+06 2.83795e+06 1.77269e+06 981013 1.36569e+06 2.1843e+06 1.86069e+06 3.00374e+06 3.25158e+06 3.03355e+06 4.54311e+06 4.29965e+06 3.72675e+06 2.51848e+06 2.20109e+06 2.31711e+06 1.83939e+06 1.59187e+06
 1.23438e+06 2.80915e+06 2.81835e+06 2.36592e+06 4.5513e+06 4.25514e+06 3.87179e+06 3.93067e+06 2.90552e+06 1.88031e+06 2.4347e+06 2.82255e+06 2.10288e+06 2.09582e+06 1.87288e+06 1.86635e+06 1.71108e+06 1.95448e+06 2.2224e+06 2.45644e+06
 1.7505e+06 1.76319e+06 1.07237e+06 1.01912e+06 1.23033e+06 1.75806e+06 2.07157e+06 2.26392e+06 1.63132e+06 1.55141e+06 1.43055e+06 1.95684e+06 3.02389e+06 2.89443e+06 2.42845e+06 2.13897e+06 1.70667e+06 2.17794e+06 1.60484e+06 1.43527e+06
 2.18713e+06 1.59724e+06 1.72066e+06 1.54213e+06 2.48805e+06 2.64698e+06 2.5151e+06 2.11134e+06 2.04582e+06 2.34886e+06 1.87891e+06 2.17599e+06 4.94456e+06 3.92275e+06 2.42973e+06 1.46154e+06 1.71592e+06 2.35008e+06 2.25049e+06 3.34974e+06
 1.54536e+06 1.39703e+06 1.34699e+06 1.27562e+06 2.21395e+06 2.76036e+06 2.47524e+06 1.78032e+06 2.02824e+06 2.61107e+06 4.45649e+06 3.86864e+06 3.44046e+06 3.04856e+06 2.76299e+06 1.9713e+06 2.33127e+06 2.44493e+06 2.44953e+06 1.4882e+06
 738040 745261 1.46019e+06 1.81017e+06 2.93959e+06 2.36136e+06 2.57159e+06 2.17736e+06 2.33697e+06 1.80298e+06 1.6689e+06 1.25808e+06 1.10937e+06 774933 1.23118e+06 2.58599e+06 3.27123e+06 3.77967e+06 3.94358e+06 3.34578e+06
 1.95242e+06 2.7676e+06 4.88895e+06 4.16666e+06 2.66189e+06 2.41312e+06 2.58135e+06 2.40927e+06 1.50742e+06 2.41632e+06 1.91053e+06 3.2128e+06 3.8249e+06 3.75027e+06 3.03904e+06 2.82869e+06 2.49549e+06 1.67938e+06 1.54708e+06 1.74281e+06
 1.82176e+06 2.64182e+06 2.41998e+06 3.32228e+06 3.2929e+06 2.59528e+06 2.56306e+06 2.08025e+06 1.76893e+06 1.36024e+06 980908 921692 1.38911e+06 1.5623e+06 1.96134e+06 1.70288e+06 1.50478e+06 2.26806e+06 2.75425e+06 2.48464e+06
 1.97986e+06 1.7228e+06 2.30507e+06 2.20575e+06 2.21308e+06 1.82247e+06 1.71803e+06 1.99807e+06 1.41914e+06 2.05553e+06 1.432e+06 1.95762e+06 1.77362e+06 2.23849e+06 2.21168e+06 2.27828e+06 2.13957e+06 3.60435e+06 3.7281e+06 4.03228e+06
 1.55649e+06 1.67172e+06 4.01146e+06 3.44472e+06 3.05324e+06 3.46685e+06 3.33492e+06 3.23813e+06 2.8008e+06 2.88297e+06 2.8591e+06 2.05657e+06 2.1388e+06 2.67031e+06 3.04899e+06 3.88085e+06 3.17598e+06 2.24344e+06 3.06969e+06 3.25397e+06
 1.14176e+06 923041 999182 1.42647e+06 1.35611e+06 1.04484e+06 1.72928e+06 2.33086e+06 2.01579e+06 1.37991e+06 1.70292e+06 2.48778e+06 3.33406e+06 3.64823e+06 3.13026e+06 2.41933e+06 1.75384e+06 1.38701e+06 1.52609e+06 1.42994e+06
 1.90455e+06 2.32284e+06 1.52516e+06 1.9942e+06 1.42258e+06 1.87386e+06 2.11953e+06 1.75583e+06 1.22428e+06 1.52266e+06 1.75334e+06 1.351e+06 2.90045e+06 2.61412e+06 2.55206e+06 1.55691e+06 1.65231e+06 1.47407e+06 1.42609e+06 1.62786e+06
 1.37885e+06 1.05088e+06 1.45574e+06 2.04147e+06 2.0294e+06 1.54664e+06 1.5631e+06 3.32937e+06 2.5521e+06 3.57866e+06 2.7109e+06 2.45854e+06 2.44632e+06 2.31105e+06 2.05742e+06 1.50062e+06 1.71188e+06 2.76508e+06 2.9233e+06 3.56813e+06
 1.00167e+06 1.92151e+06 2.13061e+06 2.55503e+06 2.0813e+06 1.92177e+06 2.83427e+06 2.33734e+06 1.88768e+06 1.85417e+06 2.07671e+06 1.95267e+06 2.23137e+06 1.81556e+06 2.07169e+06 1.79936e+06 2.48485e+06 2.41051e+06 2.11201e+06 1.54865e+06
 3.16026e+06 3.17055e+06 2.92322e+06 2.18841e+06 1.63399e+06 1.67589e+06 1.07828e+06 1.32143e+06 1.46883e+06 1.34613e+06 1.97086e+06 1.48032e+06 2.32319e+06 3.27784e+06 2.76435e+06 2.9346e+06 2.47717e+06 1.1998e+06 1.67828e+06 2.66135e+06
 2.05725e+06 3.78173e+06 3.79926e+06 3.36123e+06 2.41121e+06 3.89657e+06 2.3907e+06 2.48616e+06 3.81867e+06 3.16834e+06 2.88433e+06 2.66643e+06 3.61976e+06 2.68559e+06 3.16776e+06 3.01582e+06 3.00264e+06 2.76659e+06 2.00921e+06 1.82204e+06
 1.08355e+06 913859 1.16187e+06 1.01492e+06 765587 1.44552e+06 1.5407e+06 1.48682e+06 1.5127e+06 1.50547e+06 2.13346e+06 2.43134e+06 2.28291e+06 2.09586e+06 1.91612e+06 1.55096e+06 1.27945e+06 1.85741e+06 1.76701e+06 2.10549e+06
 1.32765e+06 1.51817e+06 1.67792e+06 990667 2.22756e+06 2.24526e+06 1.89633e+06 1.4218e+06 1.17651e+06 1.38856e+06 1.88932e+06 2.77825e+06 3.00708e+06 3.87767e+06 3.34646e+06 3.09612e+06 3.16693e+06 2.27116e+06 1.64301e+06 1.51915e+06
 1.84575e+06 1.81989e+06 1.65233e+06 1.35412e+06 1.27942e+06 1.01542e+06 820721 1.1434e+06 1.13757e+06 1.30231e+06 1.59375e+06 1.88603e+06 3.466e+06 3.41294e+06 2.51899e+06 2.25525e+06 1.84162e+06 2.50987e+06 2.23858e+06 1.80449e+06
 866763 1.32237e+06 1.31723e+06 1.69749e+06 1.93581e+06 1.84577e+06 2.04117e+06 2.14339e+06 1.93753e+06 1.39665e+06 1.50826e+06 1.4519e+06 2.21138e+06 2.51706e+06 2.27405e+06 1.9322e+06 1.75532e+06 1.40421e+06 929628 1.68362e+06
 1.34317e+06 2.10491e+06 2.44814e+06 2.8e+06 2.62538e+06 2.51273e+06 3.3516e+06 3.68675e+06 3.0304e+06 2.1959e+06 2.80083e+06 3.2282e+06 3.21865e+06 2.38833e+06 1.91769e+06 2.38952e+06 1.77712e+06 1.04723e+06 1.6578e+06 1.23574e+06
 1.38082e+06 3.21697e+06 3.17513e+06 3.71964e+06 3.36216e+06 4.54817e+06 4.37767e+06 4.00158e+06 2.91818e+06 2.52611e+06 2.6096e+06 4.05741e+06 3.6385e+06 3.10515e+06 1.9935e+06 1.77038e+06 1.10059e+06 1.56484e+06 1.36254e+06 2.16317e+06
 3.29821e+06 2.50453e+06 2.02218e+06 2.08367e+06 2.34179e+06 4.07954e+06 5.37336e+06 5.26979e+06 3.40644e+06 2.78528e+06 1.80916e+06 1.24632e+06 1.23703e+06 1.47928e+06 1.75882e+06 1.38037e+06 2.17008e+06 1.56686e+06 2.83613e+06 2.69534e+06
 1.12219e+06 1.58937e+06 1.54866e+06 1.64678e+06 1.18395e+06 1.11218e+06 795897 1.84123e+06 1.40856e+06 1.9859e+06 1.49095e+06 1.41524e+06 2.36853e+06 2.31665e+06 2.02816e+06 1.88849e+06 1.585e+06 1.36865e+06 1.37702e+06 2.10462e+06
 1.59403e+06 2.81985e+06 2.71353e+06 2.38778e+06 1.84999e+06 1.84463e+06 1.71942e+06 1.9745e+06 1.60218e+06 2.06116e+06 1.72163e+06 1.6857e+06 2.24077e+06 2.29953e+06 2.56568e+06 2.00431e+06 1.99168e+06 2.99979e+06 5.15566e+06 5.68377e+06
 922205 1.58232e+06 1.36164e+06 1.44009e+06 2.6012e+06 2.35371e+06 1.84617e+06 1.71282e+06 1.75818e+06 1.43372e+06 1.41568e+06 2.30698e+06 1.87966e+06 1.50267e+06 1.05935e+06 770513 563725 827576 1.58617e+06 6.8333e+06
 2.32609e+06 2.28575e+06 3.48516e+06 2.32483e+06 2.47106e+06 2.68114e+06 2.21553e+06 1.91606e+06 2.89964e+06 2.79408e+06 3.01091e+06 2.33567e+06 1.91025e+06 2.49394e+06 1.92511e+06 1.77673e+06 4.19231e+06 3.44132e+06 2.86692e+06 2.10132e+06
 1.91689e+06 1.17788e+06 2.31804e+06 2.1592e+06 2.14415e+06 2.07749e+06 1.79371e+06 2.06491e+06 1.72387e+06 4.82574e+06 3.93784e+06 4.37e+06 2.8996e+06 2.26694e+06 1.70326e+06 1.11123e+06 1.22908e+06 1.02676e+06 1.03299e+06 1.04208e+06
 1.1506e+06 1.21719e+06 1.81736e+06 1.98211e+06 2.55841e+06 1.6831e+06 2.03532e+06 1.73301e+06 3.3422e+06 3.01997e+06 3.0615e+06 2.32454e+06 2.97838e+06 3.44424e+06 2.96103e+06 2.28032e+06 2.16342e+06 2.28195e+06 2.20731e+06 1.99464e+06
 1.86585e+06 2.20911e+06 2.38657e+06 2.55561e+06 2.42845e+06 1.90967e+06 1.39496e+06 1.08851e+06 2.03262e+06 2.15199e+06 3.05825e+06 2.89465e+06 2.92761e+06 3.34345e+06 2.29809e+06 2.37584e+06 2.17522e+06 2.68447e+06 1.93116e+06 1.7701e+06
 1.9561e+06 1.95117e+06 2.35439e+06 2.45531e+06 2.01104e+06 2.10757e+06 1.57785e+06 1.49513e+06 1.04611e+06 1.62717e+06 2.69468e+06 2.35636e+06 2.79278e+06 2.28877e+06 3.08905e+06 1.96499e+06 2.82266e+06 2.70661e+06 2.16787e+06 2.10912e+06
 1.73801e+06 1.43199e+06 2.51304e+06 2.52317e+06 2.44797e+06 2.37366e+06 1.63778e+06 2.78231e+06 2.39509e+06 2.2207e+06 3.26632e+06 3.96034e+06 3.91804e+06 2.71241e+06 2.29384e+06 2.7481e+06 2.46919e+06 1.66301e+06 1.61235e+06 1.56009e+06
 1.5169e+06 1.35823e+06 2.97113e+06 2.94237e+06 3.59429e+06 3.18605e+06 2.27739e+06 1.92325e+06 2.07e+06 1.69174e+06 1.53979e+06 2.05897e+06 1.92028e+06 1.86112e+06 1.97444e+06 1.48519e+06 1.66242e+06 1.36829e+06 1.93005e+06 2.47263e+06
 1.24425e+06 1.8152e+06 2.56383e+06 2.49462e+06 2.54312e+06 2.34268e+06 2.16435e+06 3.26502e+06 3.04166e+06 2.64479e+06 1.75279e+06 1.40084e+06 1.38134e+06 989927 2.43205e+06 2.57955e+06 4.22405e+06 3.35122e+06 3.22205e+06 2.27833e+06
 1.39017e+06 1.76628e+06 1.90184e+06 3.07252e+06 2.96174e+06 3.06751e+06 2.2583e+06 3.74406e+06 3.04823e+06 2.18355e+06 1.72318e+06 1.14932e+06 968253 1.38941e+06 1.26246e+06 2.19806e+06 2.13768e+06 3.31202e+06 2.93179e+06 2.90675e+06
 883119 1.18359e+06 1.08841e+06 1.6161e+06 1.48053e+06 3.7265e+06 3.09171e+06 2.84545e+06 2.9364e+06 2.84468e+06 2.52663e+06 2.599e+06 2.94672e+06 2.79389e+06 2.27382e+06 1.92657e+06 2.84886e+06 3.35041e+06 2.82742e+06 1.60462e+06
 1.24412e+06 1.13531e+06 1.04141e+06 2.36987e+06 2.87125e+06 2.21793e+06 3.69612e+06 2.9332e+06 2.4986e+06 2.16547e+06 2.0635e+06 2.80832e+06 2.48745e+06 1.96001e+06 1.34741e+06 1.51194e+06 983956 812961 1.19831e+06 1.38069e+06
 954138 1.09895e+06 1.09463e+06 1.22537e+06 1.76697e+06 2.01731e+06 1.60129e+06 1.84856e+06 1.95575e+06 2.14509e+06 3.03855e+06 2.3525e+06 1.83828e+06 1.42171e+06 1.48312e+06 1.8953e+06 1.78681e+06 1.94321e+06 2.00659e+06 2.04579e+06
 1.05955e+06 742356 896031 1.56272e+06 2.10065e+06 2.47563e+06 2.35471e+06 3.06831e+06 2.31836e+06 2.51488e+06 2.28966e+06 1.99636e+06 1.91352e+06 2.01177e+06 1.89318e+06 2.37333e+06 2.10065e+06 2.01997e+06 2.05747e+06 1.57108e+06
 1.94961e+06 1.11671e+06 1.20333e+06 1.39545e+06 1.37757e+06 2.0302e+06 2.192e+06 2.12616e+06 2.33839e+06 2.98973e+06 2.02125e+06 2.19351e+06 1.77941e+06 2.24719e+06 3.14234e+06 2.34662e+06 2.51317e+06 1.97871e+06 1.79992e+06 2.19571e+06
 2.11984e+06 1.90684e+06 2.76512e+06 3.56779e+06 2.7472e+06 2.65572e+06 2.16562e+06 3.49093e+06 3.67611e+06 4.26364e+06 3.32323e+06 2.54861e+06 2.62143e+06 1.86117e+06 1.86869e+06 3.78966e+06 2.76926e+06 3.49607e+06 3.72319e+06 3.87112e+06
 1.76999e+06 1.45942e+06 1.42072e+06 1.18976e+06 881181 737306 750852 1.15883e+06 1.33978e+06 2.26796e+06 2.50871e+06 2.13963e+06 2.2667e+06 3.12256e+06 2.86327e+06 2.0167e+06 1.52814e+06 1.46282e+06 1.47509e+06 1.32667e+06
 982207 946940 912230 1.39539e+06 2.4542e+06 3.29113e+06 2.7389e+06 2.2657e+06 1.94445e+06 2.07679e+06 1.93693e+06 2.25558e+06 1.35909e+06 1.20801e+06 1.32277e+06 2.35493e+06 1.74135e+06 2.3938e+06 1.54736e+06 2.14546e+06
 2.14639e+06 2.40236e+06 2.80507e+06 2.96244e+06 2.25148e+06 2.03269e+06 2.12251e+06 4.00441e+06 3.77708e+06 4.35635e+06 3.16978e+06 2.64492e+06 2.31606e+06 2.88663e+06 2.16044e+06 2.21357e+06 1.85058e+06 1.73433e+06 2.73739e+06 2.58475e+06
 1.19916e+06 1.56572e+06 1.58519e+06 1.54113e+06 2.05032e+06 1.66431e+06 1.86114e+06 1.28836e+06 2.07368e+06 2.03075e+06 1.90623e+06 1.4827e+06 1.05497e+06 1.15532e+06 1.21332e+06 1.27973e+06 1.49957e+06 2.31378e+06 2.28604e+06 3.99282e+06
 3.8836e+06 2.66935e+06 2.19545e+06 2.51711e+06 2.43112e+06 2.21045e+06 2.12663e+06 2.55595e+06 2.6795e+06 2.18897e+06 2.57428e+06 2.96205e+06 2.73252e+06 2.67252e+06 1.84194e+06 2.30684e+06 2.06805e+06 1.5906e+06 1.12485e+06 1.07759e+06
 3.08975e+06 2.40797e+06 1.99364e+06 2.66336e+06 2.41623e+06 2.02805e+06 1.96836e+06 2.15157e+06 1.72331e+06 1.755e+06 1.66888e+06 2.65506e+06 2.69164e+06 2.10968e+06 1.58287e+06 1.24271e+06 1.47799e+06 2.0464e+06 2.46565e+06 2.52915e+06
 1.10309e+06 1.12509e+06 1.79873e+06 1.82257e+06 2.31081e+06 2.62561e+06 2.39491e+06 2.33617e+06 2.38053e+06 2.29765e+06 1.65943e+06 1.77961e+06 1.97954e+06 1.87059e+06 1.55759e+06 1.74934e+06 1.51719e+06 1.12571e+06 1.71254e+06 2.09726e+06
 855952 1.32018e+06 1.45051e+06 1.84632e+06 2.26982e+06 2.1773e+06 2.16208e+06 2.4224e+06 1.90499e+06 1.95298e+06 1.96822e+06 1.84249e+06 1.53624e+06 1.39832e+06 1.11446e+06 913993 922344 1.18533e+06 1.07033e+06 1.22643e+06
 1.08038e+06 1.65989e+06 1.6677e+06 1.61919e+06 2.00436e+06 2.926e+06 2.63072e+06 2.1975e+06 2.85631e+06 2.90762e+06 2.64709e+06 2.15334e+06 1.96655e+06 1.75e+06 2.03451e+06 2.27172e+06 2.15394e+06 2.23759e+06 2.34018e+06 2.70718e+06
 967845 897832 1.89674e+06 1.41638e+06 1.22191e+06 1.2803e+06 1.63623e+06 1.65496e+06 2.4904e+06 3.51258e+06 2.92811e+06 2.95081e+06 2.1621e+06 1.5925e+06 1.19328e+06 863965 1.65203e+06 1.84903e+06 2.1091e+06 2.31146e+06
 1.21143e+06 1.78592e+06 1.98406e+06 2.13738e+06 2.70898e+06 1.96943e+06 1.87345e+06 2.70557e+06 2.2136e+06 1.9035e+06 1.31234e+06 1.3606e+06 1.32979e+06 1.78725e+06 1.807e+06 1.49419e+06 1.8969e+06 1.86476e+06 1.81662e+06 1.55505e+06
 2.2342e+06 1.84294e+06 1.92259e+06 1.81659e+06 3.46333e+06 3.06865e+06 2.67753e+06 2.07225e+06 1.60099e+06 1.50911e+06 1.17332e+06 1.5337e+06 2.25159e+06 2.03786e+06 2.00148e+06 1.42564e+06 1.43686e+06 1.76713e+06 1.68123e+06 1.52821e+06
 1.51098e+06 1.10033e+06 1.37228e+06 1.21115e+06 1.18499e+06 2.54303e+06 2.17298e+06 3.25e+06 3.04115e+06 2.60648e+06 2.60921e+06 1.88829e+06 2.5329e+06 2.65261e+06 2.33788e+06 2.73424e+06 3.56854e+06 2.8081e+06 3.33109e+06 2.37423e+06
 1.81635e+06 1.98161e+06 2.35904e+06 2.66264e+06 2.65836e+06 3.45392e+06 3.5575e+06 2.4423e+06 2.05274e+06 1.22564e+06 837250 973099 772769 885836 1.26636e+06 1.9358e+06 2.49886e+06 2.42653e+06 2.06737e+06 1.69286e+06
 1.30453e+06 1.2003e+06 1.8014e+06 1.79675e+06 2.6174e+06 2.05e+06 2.3283e+06 2.20396e+06 2.17647e+06 2.46075e+06 2.59632e+06 2.54211e+06 2.87405e+06 3.44849e+06 3.04808e+06 3.11652e+06 3.03259e+06 2.82998e+06 2.89287e+06 2.88817e+06
 913163 1.15939e+06 1.50792e+06 1.87395e+06 1.65368e+06 1.28616e+06 1.37001e+06 1.94908e+06 1.60237e+06 3.9176e+06 3.78671e+06 3.31864e+06 3.25908e+06 3.64733e+06 4.85794e+06 4.55531e+06 3.68281e+06 2.3117e+06 2.66289e+06 2.6793e+06
 1.79355e+06 1.58637e+06 1.53611e+06 1.36705e+06 1.59469e+06 2.65006e+06 2.75916e+06 1.98092e+06 1.76321e+06 1.83518e+06 1.66518e+06 1.42689e+06 1.63877e+06 1.76444e+06 2.85425e+06 2.55403e+06 1.88488e+06 1.66938e+06 2.03524e+06 1.98894e+06
 924426 1.22039e+06 1.29092e+06 1.77795e+06 1.5776e+06 1.424e+06 1.82665e+06 1.72988e+06 1.74636e+06 1.36958e+06 960269 1.3539e+06 2.35745e+06 2.35542e+06 2.35005e+06 1.87769e+06 2.01281e+06 2.29135e+06 2.46569e+06 2.46439e+06
 882053 1.1229e+06 3.43005e+06 3.0551e+06 2.77846e+06 2.02671e+06 1.9204e+06 1.62332e+06 1.27421e+06 1.23003e+06 908680 1.15384e+06 1.79642e+06 2.58491e+06 2.94372e+06 2.56585e+06 1.91431e+06 1.70633e+06 1.21897e+06 1.51141e+06
 860493 925242 910159 1.20905e+06 1.79958e+06 2.18467e+06 2.33804e+06 2.59326e+06 3.71689e+06 2.94564e+06 4.7172e+06 3.37011e+06 3.78916e+06 2.17473e+06 1.93741e+06 1.87871e+06 1.78707e+06 2.70182e+06 2.59388e+06 2.53271e+06
 2.44009e+06 3.40885e+06 2.69293e+06 2.48001e+06 2.353e+06 2.55291e+06 2.30806e+06 1.91153e+06 1.35669e+06 1.85158e+06 1.91631e+06 3.62065e+06 4.31511e+06 3.22774e+06 2.46503e+06 1.91499e+06 2.35418e+06 2.00502e+06 2.28978e+06 2.32782e+06
 1.32764e+06 2.0112e+06 1.38832e+06 1.32866e+06 1.4453e+06 1.73426e+06 2.37084e+06 2.23967e+06 2.33339e+06 2.45335e+06 2.75439e+06 2.03403e+06 2.29305e+06 1.49887e+06 1.35335e+06 1.23478e+06 1.67036e+06 2.04864e+06 1.4187e+06 1.32243e+06
 693990 1.31369e+06 1.929e+06 2.01737e+06 1.58906e+06 1.34849e+06 1.38821e+06 1.51399e+06 1.53766e+06 1.54782e+06 1.60599e+06 2.00109e+06 1.77277e+06 1.20364e+06 955843 2.20808e+06 2.27551e+06 1.76318e+06 1.29732e+06 1.68469e+06
 1.63353e+06 2.63986e+06 2.63541e+06 2.39833e+06 2.19658e+06 1.51293e+06 1.60299e+06 1.99887e+06 1.8324e+06 1.77595e+06 1.56241e+06 1.49345e+06 1.33594e+06 1.83939e+06 2.69469e+06 2.51905e+06 1.66329e+06 1.18581e+06 1.32326e+06 1.51899e+06
 911632 885341 1.16355e+06 1.48898e+06 1.2224e+06 1.29136e+06 1.60858e+06 1.503e+06 1.95404e+06 1.9868e+06 1.582e+06 1.58734e+06 1.14275e+06 1.60923e+06 1.44911e+06 2.71558e+06 2.59662e+06 3.24406e+06 3.02858e+06 3.12522e+06
 1.91845e+06 1.62003e+06 1.56865e+06 1.58389e+06 1.86901e+06 1.58244e+06 2.03906e+06 3.02754e+06 2.55514e+06 2.29049e+06 2.83903e+06 2.77289e+06 4.26138e+06 2.61162e+06 2.0548e+06 1.91272e+06 1.93651e+06 2.94645e+06 2.43269e+06 2.19169e+06
 1.06051e+06 1.49992e+06 1.20874e+06 1.61157e+06 2.02811e+06 1.98877e+06 1.60202e+06 1.60458e+06 1.32082e+06 2.46374e+06 2.53599e+06 2.15622e+06 1.68552e+06 1.67145e+06 1.91596e+06 1.39036e+06 1.89396e+06 1.73558e+06 1.62982e+06 1.21117e+06
 1.89602e+06 1.1224e+06 895646 1.01633e+06 1.14604e+06 2.48207e+06 2.92251e+06 3.40988e+06 3.04908e+06 3.25728e+06 2.77175e+06 2.46678e+06 3.04261e+06 2.50537e+06 2.97629e+06 2.85064e+06 2.82216e+06 3.06523e+06 2.1414e+06 1.24794e+06
 1.41473e+06 1.10951e+06 2.11828e+06 2.53095e+06 4.61197e+06 5.3757e+06 4.67467e+06 3.37083e+06 2.698e+06 2.49704e+06 2.43069e+06 2.50481e+06 2.69017e+06 2.27228e+06 1.63172e+06 2.8208e+06 3.39482e+06 3.54363e+06 3.59632e+06 3.78653e+06
 1.49492e+06 1.51685e+06 1.64743e+06 1.40054e+06 1.77781e+06 1.81545e+06 1.22022e+06 2.38379e+06 2.65763e+06 2.27579e+06 1.6099e+06 1.18886e+06 1.24422e+06 1.65992e+06 1.63274e+06 1.4493e+06 1.85373e+06 2.03162e+06 1.39549e+06 1.90618e+06
 1.28701e+06 1.4175e+06 1.72192e+06 1.83795e+06 2.21099e+06 3.05042e+06 2.41481e+06 2.80659e+06 2.28889e+06 2.37751e+06 2.34342e+06 2.93986e+06 2.18715e+06 2.86927e+06 2.90867e+06 2.98535e+06 3.06761e+06 2.92069e+06 2.7223e+06 2.3664e+06
 1.10875e+06 877194 1.2671e+06 1.20699e+06 1.15569e+06 1.66113e+06 1.74196e+06 1.92682e+06 1.7668e+06 1.90607e+06 1.73501e+06 1.47668e+06 1.53566e+06 2.33773e+06 2.72786e+06 2.50626e+06 2.07495e+06 1.42867e+06 886416 1.13178e+06
 1.39175e+06 1.38406e+06 2.08736e+06 4.10593e+06 3.74581e+06 2.27138e+06 1.53962e+06 1.69325e+06 1.40785e+06 1.61834e+06 1.66313e+06 1.70348e+06 1.43089e+06 2.19531e+06 1.99859e+06 1.55646e+06 3.31142e+06 2.65772e+06 2.80639e+06 3.22073e+06
 893019 924748 1.3518e+06 1.35581e+06 1.29731e+06 2.31694e+06 2.22709e+06 1.98892e+06 1.82406e+06 1.3789e+06 2.55338e+06 2.30399e+06 2.6015e+06 1.98151e+06 2.33695e+06 1.72643e+06 1.7811e+06 1.70743e+06 2.00428e+06 3.50256e+06
 1.76509e+06 1.94947e+06 2.63249e+06 3.54305e+06 3.0908e+06 2.26409e+06 1.96368e+06 1.42172e+06 1.4988e+06 1.0051e+06 926501 960148 1.30396e+06 1.34097e+06 1.68253e+06 1.75742e+06 2.01328e+06 1.82995e+06 2.03162e+06 1.72021e+06
 1.00981e+06 752384 1.12765e+06 1.04071e+06 2.29471e+06 2.411e+06 2.20915e+06 2.19123e+06 2.52761e+06 2.76625e+06 2.41023e+06 1.87239e+06 1.90216e+06 1.68108e+06 1.63603e+06 2.69857e+06 2.18318e+06 3.1341e+06 2.42527e+06 2.6951e+06
 1.33453e+06 2.0974e+06 2.06827e+06 2.37252e+06 2.24295e+06 3.4343e+06 4.5729e+06 2.88168e+06 4.93891e+06 3.7381e+06 3.63794e+06 3.00312e+06 2.50954e+06 2.23121e+06 2.50926e+06 2.21089e+06 2.86024e+06 2.33237e+06 1.81095e+06 1.51822e+06
 1.47938e+06 1.09755e+06 1.24566e+06 1.19387e+06 2.41826e+06 1.98562e+06 1.8721e+06 1.49738e+06 1.70504e+06 2.17767e+06 2.49449e+06 2.14547e+06 2.34145e+06 2.66401e+06 2.30579e+06 2.31616e+06 2.50097e+06 2.44488e+06 2.10605e+06 1.91569e+06
 1.38313e+06 1.66501e+06 2.78258e+06 2.72566e+06 2.64956e+06 2.00034e+06 3.05278e+06 3.90367e+06 4.52206e+06 3.40432e+06 2.94712e+06 1.8646e+06 1.51918e+06 1.52113e+06 2.73893e+06 1.98313e+06 2.64884e+06 2.26851e+06 2.6127e+06 2.21234e+06
 1.16859e+06 1.39533e+06 3.15185e+06 2.84491e+06 2.54599e+06 1.55965e+06 2.78559e+06 5.51143e+06 4.80026e+06 4.10508e+06 2.33045e+06 2.42619e+06 1.8261e+06 1.5552e+06 1.27428e+06 1.46635e+06 1.13006e+06 1.40326e+06 1.40738e+06 2.84969e+06
 987573 887445 1.87326e+06 1.96938e+06 2.15292e+06 1.58546e+06 1.57277e+06 1.65248e+06 1.74275e+06 1.72506e+06 2.12306e+06 1.64848e+06 1.83785e+06 1.6792e+06 3.06152e+06 2.49654e+06 3.90895e+06 3.13473e+06 3.69709e+06 2.91559e+06
 905892 1.2995e+06 1.54453e+06 1.51602e+06 1.6395e+06 1.49895e+06 2.05375e+06 2.15533e+06 2.609e+06 2.6871e+06 3.05194e+06 2.93198e+06 3.43417e+06 2.81808e+06 3.23176e+06 3.4911e+06 2.99009e+06 2.92421e+06 2.10995e+06 1.67618e+06
 2.17589e+06 2.63412e+06 2.3008e+06 2.11577e+06 1.42919e+06 1.0543e+06 1.38644e+06 1.04288e+06 1.15397e+06 1.27108e+06 1.22696e+06 1.46144e+06 2.31026e+06 2.18704e+06 1.7064e+06 1.67317e+06 2.21819e+06 2.52032e+06 2.37086e+06 1.78858e+06
 760815 1.21336e+06 1.68442e+06 1.44161e+06 1.39855e+06 2.79745e+06 2.58187e+06 2.45852e+06 2.79613e+06 3.25287e+06 2.90211e+06 2.27159e+06 2.33494e+06 2.98985e+06 5.09455e+06 3.36547e+06 2.22714e+06 1.60267e+06 1.81839e+06 1.69213e+06
 1.15446e+06 1.46844e+06 2.06865e+06 2.89593e+06 2.23843e+06 1.60778e+06 3.2092e+06 3.12505e+06 2.84418e+06 3.88854e+06 3.05975e+06 3.11732e+06 2.08644e+06 1.81444e+06 1.06831e+06 1.1862e+06 1.08103e+06 1.00511e+06 827318 1.40164e+06
 2.39316e+06 2.68176e+06 2.84505e+06 2.59927e+06 1.62807e+06 1.41032e+06 1.67343e+06 1.51173e+06 1.27605e+06 1.4881e+06 1.18461e+06 1.4565e+06 1.55074e+06 1.52339e+06 1.94567e+06 2.50147e+06 2.40904e+06 1.9938e+06 1.88253e+06 1.49495e+06
 645595 578817 836957 799252 1.68924e+06 1.51164e+06 1.2552e+06 1.74378e+06 1.47263e+06 1.62645e+06 1.24551e+06 910396 1.00637e+06 737014 720309 1.61261e+06 1.65429e+06 1.2741e+06 1.85314e+06 1.69384e+06
 762773 605332 383743 815015 784415 1.2233e+06 2.35353e+06 2.19957e+06 3.27056e+06 3.47119e+06 3.32718e+06 2.52911e+06 2.08013e+06 1.81528e+06 2.0974e+06 2.10946e+06 1.62868e+06 2.0566e+06 1.68122e+06 2.0152e+06
 981934 1.02375e+06 1.32888e+06 1.66155e+06 1.95015e+06 1.58362e+06 1.69192e+06 2.02341e+06 2.7893e+06 2.2292e+06 2.0413e+06 2.23599e+06 3.10246e+06 2.9655e+06 3.49943e+06 2.60456e+06 2.45696e+06 1.80901e+06 1.13829e+06 956807
 2.14143e+06 1.24797e+06 2.06252e+06 1.36673e+06 1.23846e+06 809108 975633 1.00352e+06 1.38865e+06 1.35477e+06 1.40763e+06 1.41908e+06 1.01459e+06 1.38861e+06 1.50468e+06 1.78625e+06 1.52735e+06 2.04034e+06 1.96797e+06 2.61494e+06
 1.26998e+06 989189 1.14945e+06 1.13672e+06 1.10221e+06 1.56886e+06 1.79429e+06 2.1065e+06 1.76709e+06 1.84164e+06 1.54402e+06 1.73485e+06 1.39259e+06 2.07594e+06 1.86825e+06 2.91984e+06 3.88984e+06 3.43174e+06 3.05874e+06 2.57579e+06
 1.22809e+06 1.18822e+06 1.10768e+06 1.1707e+06 1.45672e+06 1.40178e+06 1.51745e+06 1.52236e+06 1.67058e+06 1.42277e+06 2.91096e+06 2.00016e+06 1.68847e+06 1.36446e+06 1.78531e+06 1.88822e+06 1.92712e+06 2.50891e+06 1.9836e+06 2.00159e+06
 1.60941e+06 1.70694e+06 1.48845e+06 2.79207e+06 2.86719e+06 2.82657e+06 2.14627e+06 1.84162e+06 2.66163e+06 2.23112e+06 2.52634e+06 2.47661e+06 1.89504e+06 2.06542e+06 1.87966e+06 2.09514e+06 2.04419e+06 2.17146e+06 1.81082e+06 1.78285e+06
 1.84002e+06 1.71239e+06 2.0636e+06 2.43934e+06 2.58623e+06 3.38668e+06 3.30466e+06 3.62455e+06 2.72886e+06 2.30646e+06 2.72168e+06 2.83058e+06 3.0987e+06 3.44455e+06 3.11494e+06 2.44964e+06 3.54575e+06 3.41237e+06 2.84869e+06 2.0421e+06
 1.50359e+06 1.52943e+06 1.94501e+06 3.41595e+06 3.92408e+06 3.12807e+06 2.65212e+06 2.99293e+06 3.14903e+06 2.14407e+06 2.15833e+06 3.49992e+06 2.48689e+06 2.4597e+06 1.77369e+06 2.20658e+06 1.90991e+06 1.91732e+06 1.34286e+06 862311
 1.79857e+06 1.75795e+06 1.56339e+06 2.34655e+06 2.86939e+06 3.04129e+06 2.99265e+06 2.55537e+06 1.74392e+06 1.56607e+06 1.76704e+06 2.36245e+06 2.37729e+06 1.56285e+06 2.15304e+06 1.9502e+06 1.87059e+06 2.05251e+06 1.52824e+06 3.81425e+06
 1.06636e+06 966879 1.13008e+06 1.05675e+06 3.37255e+06 3.30536e+06 2.39493e+06 1.6297e+06 1.37793e+06 1.13297e+06 1.63611e+06 1.83112e+06 2.15516e+06 2.27777e+06 2.1272e+06 2.80303e+06 3.35206e+06 3.638e+06 3.05622e+06 2.44278e+06
 1.3668e+06 1.38477e+06 1.26671e+06 1.61304e+06 1.18613e+06 2.31823e+06 2.5947e+06 3.44582e+06 2.64094e+06 2.48803e+06 2.40816e+06 1.80799e+06 2.44161e+06 1.76738e+06 1.34665e+06 1.82427e+06 2.68154e+06 2.84603e+06 2.08259e+06 2.16444e+06
 1.05979e+06 1.32329e+06 1.22495e+06 1.62025e+06 1.48801e+06 1.33823e+06 1.93187e+06 1.7977e+06 1.67278e+06 1.14089e+06 730897 854311 1.52115e+06 1.81141e+06 1.95809e+06 1.51768e+06 2.09749e+06 2.04407e+06 2.77808e+06 2.66744e+06
 1.47562e+06 1.05821e+06 946755 1.41686e+06 1.78411e+06 1.8153e+06 2.17466e+06 2.9646e+06 1.82737e+06 2.30961e+06 3.15961e+06 2.82339e+06 1.7531e+06 1.49096e+06 1.20327e+06 1.81051e+06 2.04784e+06 4.24011e+06 2.70402e+06 2.73412e+06
 1.32761e+06 1.89347e+06 2.82862e+06 2.11581e+06 2.11101e+06 1.89571e+06 2.83204e+06 3.59594e+06 3.22534e+06 3.63182e+06 3.60191e+06 2.90169e+06 1.82403e+06 2.00282e+06 2.57673e+06 2.8144e+06 2.79458e+06 3.22846e+06 2.76922e+06 2.56933e+06
 853512 1.23178e+06 1.08519e+06 1.47894e+06 1.28612e+06 1.33478e+06 2.37361e+06 3.35768e+06 2.83136e+06 2.22096e+06 1.11608e+06 750276 1.35997e+06 1.43315e+06 1.18841e+06 954513 1.02918e+06 1.26752e+06 2.80616e+06 2.47563e+06
 1.6116e+06 1.28273e+06 1.27024e+06 1.1384e+06 1.38943e+06 1.65807e+06 1.47329e+06 1.3996e+06 2.46706e+06 1.94866e+06 2.3684e+06 1.998e+06 1.50022e+06 970146 1.72469e+06 2.69781e+06 3.37432e+06 3.0523e+06 2.27643e+06 1.90182e+06
 1.20714e+06 1.20097e+06 1.18183e+06 1.58283e+06 1.47821e+06 1.80871e+06 2.22038e+06 2.67951e+06 2.28235e+06 1.77058e+06 1.15984e+06 1.04448e+06 1.31562e+06 1.06281e+06 2.27129e+06 1.58336e+06 3.65e+06 3.15072e+06 2.74317e+06 1.78127e+06
 1.52101e+06 1.4243e+06 1.29645e+06 1.03842e+06 1.3469e+06 999633 803873 1.11782e+06 1.43848e+06 1.52823e+06 2.45674e+06 2.4011e+06 4.24397e+06 3.72427e+06 5.1051e+06 3.83004e+06 3.22157e+06 2.83171e+06 2.84319e+06 2.61356e+06
 1.0294e+06 698972 681139 1.03878e+06 1.44911e+06 2.31094e+06 4.1387e+06 3.56585e+06 2.52147e+06 1.6434e+06 1.63669e+06 1.91712e+06 2.01072e+06 3.12067e+06 2.62997e+06 3.57553e+06 2.9838e+06 3.00141e+06 3.12146e+06 3.73327e+06
 816853 871114 1.43071e+06 2.22461e+06 2.58874e+06 3.13797e+06 2.78892e+06 1.9435e+06 2.78696e+06 2.37951e+06 1.656e+06 1.47559e+06 1.06852e+06 1.14738e+06 1.48939e+06 1.32605e+06 1.51928e+06 1.78096e+06 1.62701e+06 2.69865e+06
 1.18228e+06 1.76377e+06 3.96885e+06 2.79689e+06 2.31449e+06 1.44499e+06 1.6062e+06 1.5363e+06 2.24277e+06 2.21177e+06 2.7798e+06 2.37917e+06 1.87275e+06 1.71036e+06 1.68613e+06 2.27314e+06 2.62564e+06 2.83867e+06 2.47724e+06 2.79856e+06
 1.91508e+06 1.81846e+06 1.52707e+06 1.93724e+06 2.61004e+06 2.95452e+06 2.42477e+06 3.14082e+06 2.79041e+06 2.09929e+06 1.47533e+06 1.36684e+06 1.00898e+06 526282 1.72674e+06 2.00345e+06 2.1512e+06 2.48557e+06 3.23211e+06 4.03662e+06
 1.80859e+06 1.77077e+06 2.92572e+06 1.81351e+06 2.79532e+06 2.59202e+06 1.63454e+06 2.14211e+06 1.91224e+06 1.78043e+06 1.70799e+06 2.09477e+06 2.29863e+06 2.43255e+06 2.06321e+06 1.66808e+06 1.91988e+06 1.92689e+06 1.93561e+06 1.58077e+06
 1.60738e+06 1.56217e+06 1.80734e+06 2.66257e+06 3.13245e+06 2.87868e+06 3.04415e+06 2.444e+06 1.64908e+06 946482 1.42237e+06 1.35977e+06 1.71128e+06 3.23191e+06 2.95324e+06 2.42706e+06 2.29909e+06 2.88787e+06 3.56995e+06 2.57718e+06
 969368 2.01156e+06 2.76188e+06 2.57915e+06 1.72727e+06 1.25556e+06 1.69048e+06 2.13175e+06 1.91561e+06 1.67985e+06 1.76388e+06 1.54376e+06 2.648e+06 2.73264e+06 2.34774e+06 1.9345e+06 1.5619e+06 1.4472e+06 1.61889e+06 1.38131e+06
 2.18034e+06 1.90327e+06 1.93848e+06 2.58748e+06 2.56924e+06 4.22887e+06 2.59128e+06 2.42302e+06 1.88892e+06 1.68905e+06 2.80192e+06 2.45709e+06 2.803e+06 1.95481e+06 2.18015e+06 2.42689e+06 2.46399e+06 1.79398e+06 1.35187e+06 1.31234e+06
 2.05243e+06 1.70281e+06 2.09303e+06 1.9705e+06 1.74728e+06 2.19661e+06 1.88174e+06 1.79234e+06 2.13005e+06 2.01057e+06 2.54487e+06 2.13849e+06 1.54389e+06 2.6212e+06 2.5074e+06 2.45432e+06 2.45976e+06 2.28803e+06 2.32438e+06 2.23214e+06
 1.0281e+06 751097 1.51119e+06 1.26182e+06 1.49172e+06 1.14426e+06 1.388e+06 1.68005e+06 2.18701e+06 2.38445e+06 1.98818e+06 1.66123e+06 1.57675e+06 2.15976e+06 1.6935e+06 2.03885e+06 1.94216e+06 2.31977e+06 1.77688e+06 1.34247e+06
 2.0779e+06 1.66878e+06 2.63273e+06 2.7173e+06 1.95054e+06 3.22966e+06 3.49498e+06 3.63715e+06 2.76186e+06 2.50595e+06 2.79691e+06 2.42732e+06 4.88114e+06 4.82128e+06 3.34163e+06 2.08307e+06 1.69733e+06 2.72733e+06 2.25765e+06 1.4415e+06
 1.76162e+06 1.50031e+06 1.66788e+06 1.3511e+06 2.29249e+06 2.44223e+06 1.99335e+06 1.60634e+06 1.84936e+06 1.75618e+06 2.12271e+06 2.7963e+06 2.29132e+06 1.82707e+06 2.31028e+06 2.03729e+06 2.47085e+06 2.67155e+06 2.0413e+06 2.16585e+06
 1.50027e+06 1.63848e+06 1.74386e+06 2.27083e+06 3.02205e+06 3.15598e+06 3.19104e+06 3.3535e+06 2.68495e+06 2.29555e+06 2.15777e+06 1.91703e+06 1.13912e+06 971105 1.01402e+06 1.54163e+06 2.26472e+06 2.07761e+06 1.4091e+06 1.78535e+06
 925148 902530 1.88377e+06 3.14088e+06 2.76442e+06 4.01203e+06 2.64427e+06 2.67412e+06 2.20252e+06 2.17026e+06 1.93039e+06 1.90043e+06 1.98541e+06 2.61422e+06 2.05107e+06 2.17748e+06 1.51588e+06 1.56536e+06 1.73317e+06 2.74932e+06
 1.30576e+06 895066 1.33179e+06 1.45762e+06 2.23792e+06 2.03141e+06 1.39045e+06 1.18102e+06 1.01397e+06 765378 1.09091e+06 1.87745e+06 1.50468e+06 3.06013e+06 2.46728e+06 1.68726e+06 1.15775e+06 1.11489e+06 1.13691e+06 1.94516e+06
 2.13785e+06 2.04988e+06 2.09015e+06 1.82237e+06 1.91402e+06 2.52873e+06 1.95724e+06 1.67159e+06 2.05362e+06 2.28168e+06 2.07815e+06 1.65319e+06 2.56987e+06 3.19143e+06 3.38988e+06 2.76286e+06 2.01179e+06 1.11467e+06 1.53896e+06 1.21041e+06
 889660 368601 409658 497247 686378 1.57255e+06 1.31709e+06 1.86976e+06 2.35765e+06 2.66258e+06 2.38834e+06 1.55717e+06 1.39841e+06 1.15695e+06 1.2424e+06 1.14203e+06 1.65304e+06 1.78378e+06 1.68296e+06 1.82525e+06
 1.06143e+06 1.18501e+06 2.40257e+06 2.06948e+06 2.17859e+06 3.4962e+06 3.31826e+06 2.66167e+06 1.6617e+06 1.75644e+06 1.11225e+06 925872 844955 2.58828e+06 2.2878e+06 1.88882e+06 2.23243e+06 3.40412e+06 2.91457e+06 1.90427e+06
 2.07601e+06 2.00319e+06 2.17912e+06 2.14383e+06 1.66618e+06 2.06546e+06 2.30355e+06 1.65753e+06 1.64987e+06 1.51216e+06 2.40863e+06 2.96745e+06 2.4263e+06 1.84333e+06 1.17373e+06 1.62142e+06 1.67877e+06 3.04129e+06 3.20822e+06 3.33412e+06
 1.55714e+06 2.31031e+06 2.67565e+06 2.00809e+06 3.70274e+06 2.94021e+06 2.83611e+06 2.09692e+06 2.6882e+06 2.1712e+06 2.08352e+06 1.50057e+06 2.09604e+06 1.27857e+06 1.22706e+06 1.64192e+06 2.12927e+06 2.49223e+06 2.15635e+06 1.84534e+06
 1.18154e+06 836658 1.45436e+06 1.58987e+06 1.17076e+06 1.87622e+06 1.9108e+06 1.52869e+06 935017 2.30402e+06 3.16314e+06 3.78009e+06 3.94221e+06 2.66575e+06 2.82714e+06 2.21064e+06 1.98361e+06 3.08282e+06 3.41658e+06 3.78615e+06
 1.74981e+06 1.65862e+06 2.99393e+06 2.50723e+06 2.24326e+06 3.05736e+06 2.44092e+06 2.47599e+06 3.09513e+06 3.00313e+06 3.24084e+06 4.10962e+06 3.5818e+06 3.23264e+06 2.16879e+06 4.60714e+06 4.75509e+06 4.13499e+06 2.32942e+06 2.09581e+06
 1.33637e+06 3.07798e+06 3.08195e+06 3.91378e+06 3.08712e+06 2.59494e+06 1.90602e+06 1.44356e+06 1.54588e+06 1.42792e+06 1.78096e+06 1.27628e+06 1.70732e+06 1.16403e+06 1.44068e+06 1.38532e+06 1.22779e+06 1.57229e+06 2.40583e+06 3.39062e+06
 2.68118e+06 1.98409e+06 1.82085e+06 1.60508e+06 1.40681e+06 2.1894e+06 2.81797e+06 2.29566e+06 1.73329e+06 1.28494e+06 1.11528e+06 1.32834e+06 1.86092e+06 2.56431e+06 2.83138e+06 2.55649e+06 5.8584e+06 4.67269e+06 3.75664e+06 3.13878e+06
 3.20798e+06 2.95738e+06 2.5756e+06 1.29372e+06 1.00477e+06 956445 1.63947e+06 1.9294e+06 1.85953e+06 2.10459e+06 2.08371e+06 2.54202e+06 2.37845e+06 3.48545e+06 2.6677e+06 2.46748e+06 1.52657e+06 1.41505e+06 1.58285e+06 1.0185e+06
 937032 1.78142e+06 1.83274e+06 1.20742e+06 1.31072e+06 1.66989e+06 2.23949e+06 4.00375e+06 3.2613e+06 2.72883e+06 1.87823e+06 1.36095e+06 1.41085e+06 1.27936e+06 854266 628988 713998 578487 1.05239e+06 1.29508e+06
 1.40695e+06 1.17168e+06 1.53947e+06 1.4367e+06 2.36016e+06 2.27238e+06 2.15366e+06 3.15779e+06 3.52579e+06 3.13261e+06 2.52635e+06 2.77375e+06 2.36637e+06 2.67754e+06 2.13959e+06 2.12929e+06 1.79812e+06 1.34515e+06 2.07996e+06 2.42504e+06
 3.15586e+06 2.47413e+06 2.03961e+06 1.26086e+06 1.48455e+06 1.02611e+06 1.18512e+06 1.05963e+06 1.14277e+06 4.53265e+06 5.0469e+06 4.4409e+06 2.77864e+06 1.78727e+06 1.21465e+06 1.29791e+06 833462 2.04292e+06 2.04175e+06 5.13779e+06
 1.17904e+06 1.84464e+06 1.88795e+06 1.66504e+06 1.51959e+06 1.39513e+06 1.72879e+06 2.00135e+06 2.04773e+06 1.33327e+06 1.20317e+06 1.77409e+06 2.00594e+06 2.65957e+06 1.86715e+06 1.77564e+06 1.12475e+06 1.67156e+06 1.88467e+06 2.06885e+06
 1.54048e+06 1.25578e+06 1.46547e+06 1.68907e+06 1.89614e+06 1.91816e+06 2.21483e+06 1.60864e+06 2.33639e+06 1.9462e+06 2.29344e+06 2.68488e+06 2.86476e+06 4.43479e+06 3.71212e+06 3.26172e+06 3.15766e+06 2.67316e+06 1.82964e+06 1.82113e+06
 1.26127e+06 1.18258e+06 1.62899e+06 2.95833e+06 2.96834e+06 2.20017e+06 2.25565e+06 2.01219e+06 1.75776e+06 1.80917e+06 2.15974e+06 1.93805e+06 2.53637e+06 1.99344e+06 2.1214e+06 1.72342e+06 2.26326e+06 1.57285e+06 2.07449e+06 1.39966e+06
 631229 820725 1.46274e+06 1.58086e+06 1.19079e+06 1.22189e+06 924171 1.51379e+06 2.25987e+06 2.30878e+06 2.09377e+06 1.61068e+06 1.61227e+06 1.89231e+06 1.95448e+06 2.08043e+06 1.83373e+06 1.86476e+06 2.34727e+06 1.86682e+06
 1.73107e+06 1.13273e+06 1.78868e+06 1.36876e+06 1.90227e+06 2.47526e+06 2.09273e+06 1.60557e+06 1.34648e+06 1.48886e+06 1.30853e+06 1.9442e+06 1.57298e+06 2.13024e+06 2.27244e+06 2.16541e+06 1.74932e+06 1.66667e+06 2.15981e+06 2.02818e+06
 1.31391e+06 2.65653e+06 2.47297e+06 2.71114e+06 3.39581e+06 2.38424e+06 1.81355e+06 1.87345e+06 1.29963e+06 3.31913e+06 2.95668e+06 2.87417e+06 1.8166e+06 2.27819e+06 3.07512e+06 2.68927e+06 3.35883e+06 2.68064e+06 2.57771e+06 2.64857e+06
 1.72518e+06 2.08186e+06 2.55715e+06 2.95426e+06 2.28671e+06 2.06371e+06 2.37313e+06 1.82117e+06 1.60443e+06 2.79262e+06 2.95366e+06 2.69173e+06 2.0331e+06 2.8686e+06 1.98397e+06 1.33825e+06 1.15457e+06 1.8412e+06 2.71479e+06 2.56361e+06
 1.30801e+06 1.50607e+06 816772 1.48621e+06 1.52395e+06 1.84482e+06 2.25488e+06 2.96719e+06 2.67204e+06 3.4105e+06 2.76787e+06 2.4981e+06 1.89513e+06 1.65527e+06 1.30799e+06 1.55381e+06 1.43229e+06 2.46071e+06 2.54117e+06 2.32833e+06
 1.02426e+06 991203 841088 1.36577e+06 1.6861e+06 1.68405e+06 1.62371e+06 2.84456e+06 3.78211e+06 3.59842e+06 2.93201e+06 2.22319e+06 1.84417e+06 1.43055e+06 1.41136e+06 2.08112e+06 2.04431e+06 2.16591e+06 1.68287e+06 2.84242e+06
 1.27346e+06 1.27185e+06 1.95373e+06 2.30119e+06 2.36136e+06 2.25402e+06 3.13719e+06 4.073e+06 3.21368e+06 2.82887e+06 2.22882e+06 2.33219e+06 2.3999e+06 2.51541e+06 2.36287e+06 1.88415e+06 1.23304e+06 1.49996e+06 1.68375e+06 1.66145e+06
 1.77875e+06 1.37016e+06 1.01309e+06 2.38113e+06 2.73099e+06 3.85363e+06 2.55196e+06 2.37981e+06 1.99743e+06 3.79625e+06 1.97759e+06 1.87036e+06 1.36295e+06 1.59375e+06 1.41988e+06 1.24763e+06 931686 2.25112e+06 1.65349e+06 3.4225e+06
 1.4403e+06 1.49561e+06 1.7298e+06 2.02954e+06 2.09416e+06 2.06e+06 1.8055e+06 1.07959e+06 2.80514e+06 3.11265e+06 3.62488e+06 3.42786e+06 2.71082e+06 2.3778e+06 2.75925e+06 2.3483e+06 1.87906e+06 1.87335e+06 2.11601e+06 2.4368e+06
 1.19829e+06 1.05178e+06 1.20306e+06 1.93457e+06 2.14444e+06 2.55797e+06 2.64258e+06 3.35825e+06 2.58671e+06 2.30184e+06 2.32651e+06 2.61027e+06 2.15915e+06 2.0011e+06 1.76577e+06 1.86514e+06 1.31047e+06 1.35075e+06 1.54365e+06 1.86356e+06
 2.21604e+06 1.90292e+06 2.09507e+06 1.40924e+06 1.68651e+06 2.67447e+06 3.02106e+06 2.44464e+06 1.86101e+06 1.67247e+06 1.15735e+06 1.26542e+06 1.87047e+06 2.02324e+06 1.90641e+06 1.51106e+06 1.55763e+06 1.92113e+06 2.29643e+06 3.08447e+06
 1.1642e+06 998864 1.40634e+06 969897 887031 860687 3.69997e+06 3.01936e+06 2.92043e+06 2.91939e+06 3.06092e+06 2.15467e+06 3.76882e+06 3.56113e+06 2.97792e+06 1.75479e+06 1.61132e+06 1.28918e+06 1.50701e+06 2.24622e+06
 1.24888e+06 861079 791664 1.6136e+06 1.66278e+06 2.80378e+06 2.11582e+06 2.88134e+06 2.97131e+06 3.39982e+06 3.199e+06 2.91498e+06 1.73078e+06 1.11815e+06 823521 737555 809576 1.1062e+06 1.65745e+06 1.89779e+06
 2.62962e+06 2.2155e+06 2.48728e+06 2.82966e+06 3.99961e+06 3.56615e+06 3.02266e+06 1.78646e+06 1.49669e+06 1.37416e+06 1.13159e+06 825531 1.37075e+06 1.05555e+06 3.28689e+06 3.3004e+06 3.65537e+06 2.53471e+06 2.18081e+06 1.62974e+06
 1.18745e+06 1.18034e+06 1.36144e+06 1.39813e+06 1.15561e+06 1.69818e+06 4.33837e+06 4.14047e+06 2.98067e+06 2.48393e+06 2.21847e+06 1.61372e+06 1.89678e+06 2.17766e+06 2.16275e+06 1.84442e+06 1.89185e+06 1.78338e+06 2.78256e+06 3.84231e+06
 967432 994894 651355 702108 1.22852e+06 1.53406e+06 3.31132e+06 2.73866e+06 2.5182e+06 1.91472e+06 1.885e+06 1.65992e+06 1.61361e+06 1.82258e+06 1.9346e+06 1.47912e+06 1.92181e+06 2.11801e+06 2.04906e+06 1.40601e+06
 1.99898e+06 1.53778e+06 2.65999e+06 2.37893e+06 2.69418e+06 2.28779e+06 2.77727e+06 3.13251e+06 2.89842e+06 1.48155e+06 2.7624e+06 1.97778e+06 2.45351e+06 2.09835e+06 1.51969e+06 2.08729e+06 1.78059e+06 1.29112e+06 1.26119e+06 1.47587e+06
 3.05976e+06 3.21374e+06 2.63918e+06 1.46519e+06 1.58524e+06 1.46877e+06 2.2976e+06 2.50921e+06 1.80383e+06 1.57206e+06 1.46176e+06 1.42326e+06 1.22371e+06 1.20226e+06 1.08728e+06 1.62054e+06 1.52118e+06 1.57619e+06 1.85484e+06 1.47309e+06
 1.38124e+06 1.31048e+06 1.26111e+06 1.17167e+06 2.01209e+06 1.74033e+06 1.56692e+06 1.38388e+06 2.37712e+06 1.939e+06 1.65863e+06 1.37919e+06 1.07426e+06 1.19655e+06 2.09214e+06 1.33592e+06 1.39253e+06 2.16122e+06 2.32429e+06 2.25841e+06
 1.10663e+06 1.33891e+06 1.08886e+06 1.69989e+06 1.45913e+06 3.03473e+06 2.5806e+06 2.3944e+06 2.10262e+06 1.45334e+06 1.74438e+06 2.06382e+06 4.33593e+06 3.59879e+06 2.97089e+06 2.47156e+06 2.32027e+06 1.71645e+06 1.42994e+06 1.89066e+06
 1.10609e+06 1.22592e+06 1.30808e+06 2.34075e+06 3.18498e+06 3.30187e+06 3.75862e+06 3.23132e+06 2.40924e+06 2.30479e+06 2.00269e+06 2.24903e+06 2.15118e+06 1.91858e+06 2.62531e+06 3.50492e+06 3.44082e+06 3.33613e+06 2.61487e+06 2.4403e+06
 2.26101e+06 2.09682e+06 2.03359e+06 1.68696e+06 2.55838e+06 2.9088e+06 2.1359e+06 2.4343e+06 2.12407e+06 1.85369e+06 2.07058e+06 2.63177e+06 2.48145e+06 1.82691e+06 1.52094e+06 1.00768e+06 1.07226e+06 1.20056e+06 1.22963e+06 751046
 945745 1.74605e+06 1.52857e+06 1.74154e+06 1.88781e+06 2.03801e+06 1.78823e+06 1.66473e+06 1.53043e+06 3.01266e+06 2.20055e+06 1.84827e+06 3.65958e+06 3.43353e+06 2.91569e+06 2.20865e+06 1.55125e+06 1.49497e+06 1.21178e+06 1.82741e+06
 1.43017e+06 2.1246e+06 2.19491e+06 2.50667e+06 3.20788e+06 3.50257e+06 2.75919e+06 2.12671e+06 2.56113e+06 3.03315e+06 2.46807e+06 2.22851e+06 2.23686e+06 2.27475e+06 3.2724e+06 2.72995e+06 2.0069e+06 1.39551e+06 1.79438e+06 1.29248e+06
 1.52154e+06 1.18546e+06 1.3433e+06 1.53673e+06 1.25635e+06 1.21946e+06 1.55409e+06 1.82152e+06 1.37125e+06 1.0316e+06 1.11149e+06 1.87899e+06 2.029e+06 1.92302e+06 1.54147e+06 2.48975e+06 2.27122e+06 1.54054e+06 1.29825e+06 1.29629e+06
 1.04399e+06 1.38916e+06 1.65083e+06 2.57197e+06 2.18372e+06 1.42333e+06 1.56129e+06 3.12206e+06 2.85138e+06 2.16248e+06 2.28004e+06 2.19871e+06 4.71912e+06 3.26624e+06 2.28898e+06 2.36372e+06 2.6281e+06 3.21489e+06 2.64735e+06 1.58587e+06
 960416 1.07154e+06 1.36169e+06 1.45638e+06 1.2815e+06 1.54186e+06 2.42342e+06 3.40139e+06 2.56974e+06 1.59416e+06 992006 1.20349e+06 2.78127e+06 3.91962e+06 4.64269e+06 3.16475e+06 2.194e+06 2.35768e+06 1.73606e+06 1.86818e+06
 3.72377e+06 2.75718e+06 2.47974e+06 4.17175e+06 3.53549e+06 4.35548e+06 3.8608e+06 3.11261e+06 1.97943e+06 1.30921e+06 1.81843e+06 1.76327e+06 2.38341e+06 2.87403e+06 4.73097e+06 4.8476e+06 3.76686e+06 1.71601e+06 1.35132e+06 995703
 2.13704e+06 4.30973e+06 3.62698e+06 2.88447e+06 3.72062e+06 2.89645e+06 2.42624e+06 2.15721e+06 1.66747e+06 2.14456e+06 2.41684e+06 1.85964e+06 1.39267e+06 812913 1.59725e+06 1.36344e+06 3.7189e+06 3.38145e+06 2.94825e+06 2.63418e+06
 1.46998e+06 1.57065e+06 1.97582e+06 2.2648e+06 1.77194e+06 1.36192e+06 2.31381e+06 2.56333e+06 2.15195e+06 3.16534e+06 2.64092e+06 3.40345e+06 3.98639e+06 3.77144e+06 4.71987e+06 3.05037e+06 2.78269e+06 1.84097e+06 1.30323e+06 1.30593e+06
 725021 845569 1.08037e+06 1.80999e+06 2.21732e+06 3.27417e+06 3.65212e+06 3.97248e+06 3.91387e+06 3.23558e+06 2.79479e+06 3.28673e+06 2.72504e+06 2.41349e+06 2.46412e+06 2.0346e+06 1.42895e+06 1.53337e+06 1.10548e+06 1.84641e+06
 1.22067e+06 1.31035e+06 2.6984e+06 2.81692e+06 2.2993e+06 1.57674e+06 1.40125e+06 2.14177e+06 2.83169e+06 2.59978e+06 1.89894e+06 1.04313e+06 803980 2.50578e+06 2.33722e+06 2.4468e+06 2.23467e+06 1.7808e+06 1.91413e+06 1.52905e+06
 988327 1.35155e+06 1.31505e+06 1.5075e+06 2.25351e+06 2.66727e+06 2.43081e+06 2.45162e+06 2.81787e+06 2.34971e+06 2.49529e+06 3.07774e+06 2.32231e+06 1.57458e+06 1.21279e+06 1.07939e+06 1.48954e+06 1.64765e+06 1.88693e+06 1.42713e+06
 1.92437e+06 1.7361e+06 2.78971e+06 2.20149e+06 3.16229e+06 4.37598e+06 4.10585e+06 3.24996e+06 2.68931e+06 2.95491e+06 2.50894e+06 1.90222e+06 1.6699e+06 3.117e+06 2.97138e+06 2.81548e+06 2.19333e+06 1.46533e+06 1.64678e+06 1.83011e+06
 909950 2.16792e+06 1.89089e+06 1.73889e+06 1.28387e+06 1.4405e+06 1.25436e+06 1.06466e+06 1.00245e+06 1.11827e+06 1.91872e+06 1.65328e+06 1.9511e+06 1.95724e+06 2.02627e+06 1.87635e+06 1.71337e+06 2.43756e+06 2.52721e+06 2.32717e+06
 1.36305e+06 1.64512e+06 1.94533e+06 2.88793e+06 3.20908e+06 2.8232e+06 3.21548e+06 2.66577e+06 2.80718e+06 1.78301e+06 1.57306e+06 1.32661e+06 2.46799e+06 2.81802e+06 2.26609e+06 2.67003e+06 2.2358e+06 2.12127e+06 2.46687e+06 2.16992e+06
 1.78862e+06 1.79307e+06 1.53736e+06 1.69245e+06 2.42783e+06 1.86487e+06 1.43329e+06 1.59822e+06 1.56779e+06 2.08515e+06 1.48903e+06 1.38656e+06 1.00616e+06 1.55427e+06 1.64922e+06 1.95871e+06 2.78535e+06 3.78827e+06 4.3506e+06 3.62405e+06
 995405 1.34536e+06 2.16093e+06 2.08522e+06 1.59323e+06 1.24243e+06 1.5859e+06 1.58522e+06 2.11576e+06 5.3033e+06 5.26352e+06 5.30268e+06 4.84759e+06 3.01506e+06 1.73014e+06 3.05716e+06 3.38369e+06 2.93718e+06 2.10855e+06 1.41204e+06
 1.58964e+06 1.25609e+06 1.20495e+06 2.55601e+06 2.71859e+06 2.40019e+06 3.86518e+06 4.08206e+06 3.74131e+06 4.38393e+06 3.37154e+06 3.00279e+06 1.91208e+06 2.87374e+06 2.5791e+06 2.41374e+06 1.97713e+06 2.61864e+06 3.37532e+06 3.07155e+06
 1.43033e+06 1.25109e+06 1.75465e+06 1.79209e+06 2.14866e+06 2.02959e+06 2.96595e+06 2.67643e+06 2.21957e+06 2.49339e+06 2.96272e+06 3.09796e+06 2.56491e+06 2.60922e+06 1.84421e+06 1.18844e+06 1.36192e+06 1.42244e+06 1.32209e+06 3.67375e+06
 1.96948e+06 2.01097e+06 3.04718e+06 2.36752e+06 2.10786e+06 2.18765e+06 1.92267e+06 1.80757e+06 1.70526e+06 2.12714e+06 1.45209e+06 1.37362e+06 842099 1.39311e+06 1.28431e+06 1.52267e+06 2.0266e+06 2.88597e+06 2.62282e+06 2.3284e+06
 1.55631e+06 1.31226e+06 1.27339e+06 1.196e+06 1.61015e+06 1.66788e+06 2.0148e+06 1.70147e+06 3.27981e+06 3.0022e+06 3.00213e+06 3.3205e+06 4.08576e+06 4.02945e+06 3.32102e+06 3.73867e+06 2.25678e+06 3.10738e+06 2.355e+06 2.49026e+06
 1.43326e+06 2.35062e+06 1.87865e+06 1.71295e+06 1.62731e+06 1.17713e+06 920911 1.071e+06 1.00808e+06 1.15883e+06 1.05884e+06 1.96043e+06 3.1379e+06 2.52943e+06 2.73157e+06 1.78332e+06 1.13348e+06 911165 1.17722e+06 1.35845e+06
 1.41711e+06 1.51121e+06 3.92378e+06 4.3502e+06 3.35851e+06 2.64744e+06 2.48329e+06 1.66256e+06 3.0712e+06 2.62684e+06 2.08722e+06 2.01524e+06 1.50134e+06 1.73192e+06 2.52457e+06 2.21811e+06 1.90457e+06 1.3349e+06 1.42479e+06 1.25411e+06
 1.36431e+06 2.08996e+06 1.98767e+06 2.23729e+06 2.10003e+06 2.51051e+06 3.58442e+06 3.41255e+06 2.57754e+06 1.99992e+06 2.10488e+06 2.10306e+06 1.76262e+06 1.7511e+06 1.73568e+06 1.11448e+06 2.39962e+06 2.51991e+06 2.47696e+06 1.65941e+06
 1.00546e+06 2.57302e+06 2.36294e+06 3.12201e+06 2.60135e+06 2.93724e+06 2.65171e+06 2.82974e+06 3.23555e+06 2.52487e+06 1.79146e+06 3.77494e+06 3.26704e+06 2.59592e+06 2.25463e+06 1.85854e+06 1.33316e+06 892416 1.07344e+06 679877
 1.35536e+06 1.17279e+06 1.04442e+06 1.15057e+06 2.25817e+06 2.51066e+06 2.41547e+06 5.37467e+06 4.8184e+06 4.66377e+06 3.0613e+06 3.95326e+06 2.54477e+06 1.37718e+06 1.03271e+06 2.00104e+06 1.57711e+06 1.67382e+06 1.96512e+06 2.02039e+06
 1.31378e+06 1.74224e+06 1.92396e+06 1.62587e+06 1.01355e+06 1.15119e+06 1.08446e+06 2.10151e+06 1.91136e+06 1.51605e+06 1.68097e+06 1.33565e+06 1.94991e+06 2.28638e+06 2.16908e+06 2.74624e+06 2.70591e+06 2.76233e+06 2.72767e+06 2.79618e+06
