 437377 556423 596593 598428 581149 577644 495226 1.25459e+06 2.73715e+06 1.94339e+06 1.45748e+06 1.07989e+06 681692 1.40527e+06 1.54037e+06 1.91287e+06 2.08423e+06 1.94355e+06 1.56789e+06 2.00898e+06
 435488 504393 799381 706556 552633 720835 619797 886745 904001 2.28873e+06 1.81694e+06 922293 1.05961e+06 960756 914113 1.23466e+06 918883 1.4759e+06 1.88844e+06 2.3081e+06
 427090 320210 501227 1.42967e+06 2.03418e+06 2.82046e+06 3.3696e+06 2.25871e+06 1.46144e+06 1.29157e+06 755434 1.33165e+06 1.43759e+06 2.42001e+06 2.16623e+06 1.55323e+06 1.18214e+06 1.13477e+06 986508 1.41364e+06
 443872 847432 706909 1.26978e+06 1.08174e+06 786662 582795 791112 1.34664e+06 849469 526175 1.03534e+06 1.09915e+06 1.04543e+06 2.14935e+06 2.72247e+06 1.73286e+06 1.01271e+06 2.90463e+06 2.19881e+06
 447764 1.17555e+06 1.47967e+06 1.182e+06 1.04673e+06 708358 653996 681736 741278 623959 856869 1.08729e+06 2.49084e+06 2.05292e+06 1.57499e+06 1.38876e+06 1.10835e+06 674433 329834 436451
 456544 1.13613e+06 1.38398e+06 1.71342e+06 2.31438e+06 1.38856e+06 746553 872021 561713 916419 1.48265e+06 1.08662e+06 1.39247e+06 1.32982e+06 1.3301e+06 1.22685e+06 1.32932e+06 2.07331e+06 2.15416e+06 1.59911e+06
 437280 570836 924462 746797 1.0828e+06 841294 519548 857824 2.39083e+06 1.57398e+06 1.10492e+06 693542 1.48295e+06 1.12483e+06 684890 813231 576980 690624 877085 819340
 406674 1.09599e+06 1.73546e+06 1.86097e+06 1.20561e+06 1.71248e+06 1.31779e+06 2.29379e+06 2.12261e+06 2.47601e+06 3.75693e+06 4.25899e+06 3.30392e+06 1.7228e+06 2.11683e+06 1.53867e+06 1.15834e+06 1.44223e+06 1.0181e+06 1.73242e+06
 422251 2.24428e+06 2.30916e+06 1.41534e+06 990249 1.45998e+06 1.28094e+06 826284 979670 2.97841e+06 2.05867e+06 1.03468e+06 1.05642e+06 1.57204e+06 1.46239e+06 1.38119e+06 887593 1.31694e+06 1.02935e+06 1.53297e+06
 415117 1.24957e+06 2.22315e+06 2.41164e+06 1.40128e+06 1.18533e+06 983820 2.06608e+06 1.79507e+06 1.0554e+06 647197 536360 439501 570183 383676 415002 576286 427338 804860 1.20249e+06
 385565 222516 361972 408413 656520 741199 1.30601e+06 1.08308e+06 1.36502e+06 1.339e+06 892045 692301 695253 1.66105e+06 2.18674e+06 1.91284e+06 1.79648e+06 1.13846e+06 907096 673149
 399712 472045 450148 717648 939318 857561 937966 971972 1.07857e+06 1.05434e+06 652431 276635 210143 225223 187024 137232 600019 645775 644411 557302
 376440 275616 651939 561125 620668 576451 665386 802027 2.20965e+06 2.46303e+06 1.7169e+06 1.61799e+06 1.39135e+06 837503 1.59889e+06 1.43142e+06 845629 722236 716120 677618
 402042 471738 460024 580201 1.43851e+06 1.06926e+06 682738 1.09206e+06 775880 1.62415e+06 1.49252e+06 4.08809e+06 3.0949e+06 1.64826e+06 1.32927e+06 1.02164e+06 670062 698048 573196 455389
 419472 663778 1.12671e+06 1.77323e+06 1.25333e+06 2.85613e+06 3.1984e+06 2.01528e+06 2.02021e+06 1.24944e+06 1.27014e+06 1.29621e+06 1.80244e+06 1.33845e+06 961105 898395 1.81541e+06 1.55138e+06 1.01285e+06 1.11328e+06
 417846 907093 1.34874e+06 1.34882e+06 965593 630073 475302 786319 1.06029e+06 1.12806e+06 1.84669e+06 2.11599e+06 1.73528e+06 4.35466e+06 3.10642e+06 1.41876e+06 1.71342e+06 1.51606e+06 1.2325e+06 627308
 416131 420089 1.36579e+06 1.34603e+06 1.0492e+06 2.46649e+06 2.54404e+06 1.70252e+06 1.97357e+06 1.30205e+06 833223 1.5598e+06 1.70998e+06 1.09262e+06 1.20552e+06 1.31007e+06 848390 899421 1.22227e+06 1.29581e+06
 417977 691815 745231 617160 537680 716740 1.05835e+06 1.03657e+06 1.06499e+06 934668 726057 880801 1.55287e+06 1.71366e+06 1.55627e+06 1.32048e+06 1.26767e+06 686102 780461 817603
 416276 1.02792e+06 878805 762194 760454 1.44617e+06 1.80012e+06 1.33985e+06 938241 1.18589e+06 1.36079e+06 938970 1.49268e+06 2.92232e+06 2.09961e+06 968452 682019 686226 1.52721e+06 1.22045e+06
 422783 818377 568894 665847 948254 1.70343e+06 1.65384e+06 1.0916e+06 808872 1.17323e+06 1.67672e+06 3.06997e+06 2.4928e+06 1.98479e+06 1.30814e+06 894862 832620 1.38369e+06 1.2891e+06 925413
 418510 339770 441427 1.06726e+06 1.18117e+06 1.26647e+06 988943 1.30261e+06 918572 984590 918049 706206 473803 404377 367802 1.02084e+06 2.28269e+06 2.26244e+06 2.48022e+06 2.83013e+06
 435278 896353 1.47629e+06 3.27971e+06 2.61698e+06 1.421e+06 1.46071e+06 1.3867e+06 1.13946e+06 572974 1.34286e+06 1.53473e+06 2.52204e+06 2.45052e+06 2.01162e+06 1.46218e+06 1.83751e+06 1.13322e+06 467128 569754
 434661 1.15922e+06 1.51148e+06 976046 1.80395e+06 2.0509e+06 1.41476e+06 1.36917e+06 1.06537e+06 597866 533619 458106 380126 613830 984808 1.35414e+06 990405 797744 1.39482e+06 1.64718e+06
 428515 852353 994015 1.41848e+06 1.13744e+06 1.09648e+06 805735 609449 908419 740052 957984 805274 787034 832288 1.27526e+06 1.65092e+06 1.26903e+06 851643 2.25576e+06 2.26777e+06
 439524 524653 772698 2.78058e+06 2.60578e+06 1.43747e+06 1.49195e+06 1.41731e+06 1.68564e+06 1.18244e+06 1.3841e+06 1.54506e+06 901184 1.096e+06 1.397e+06 1.58408e+06 2.25093e+06 1.49574e+06 1.0486e+06 2.13415e+06
 421052 308396 425445 611602 679096 608565 467555 796455 1.30357e+06 901895 574031 733780 1.22491e+06 2.05124e+06 2.34151e+06 1.71488e+06 1.19644e+06 990872 592432 949190
 443852 1.32881e+06 1.40087e+06 913434 926467 853394 1.21831e+06 1.04556e+06 905114 798574 681500 830109 691158 1.86147e+06 1.60038e+06 1.22061e+06 798496 791534 749517 1.04397e+06
 425498 563714 512839 860198 1.15352e+06 1.27411e+06 1.01359e+06 782510 2.04652e+06 1.75666e+06 2.47547e+06 1.78428e+06 892212 1.45524e+06 1.51917e+06 1.04591e+06 945545 919671 1.58151e+06 1.77706e+06
 418772 492857 1.16025e+06 1.71824e+06 1.49352e+06 955842 994290 1.26583e+06 832032 660424 1.20172e+06 1.17865e+06 909300 1.11573e+06 936484 1.0332e+06 1.24449e+06 1.8685e+06 1.48586e+06 1.09908e+06
 418182 1.77481e+06 1.9048e+06 1.5339e+06 957128 582484 566882 317160 785321 839812 548125 757271 790882 1.32372e+06 2.23089e+06 1.40751e+06 1.00718e+06 964972 608060 1.00166e+06
 402385 902749 3.13292e+06 2.39849e+06 1.19286e+06 1.21308e+06 2.27675e+06 1.47328e+06 1.2097e+06 2.35737e+06 1.57808e+06 1.25418e+06 1.17779e+06 2.47442e+06 1.87554e+06 2.24469e+06 1.89317e+06 1.64792e+06 1.4404e+06 1.03518e+06
 396864 322699 296438 522770 436784 294695 546227 727368 650601 521217 649525 1.54634e+06 1.51477e+06 883737 796524 737784 668937 663362 975663 785107
 401639 646000 768933 658060 324081 1.33299e+06 1.34622e+06 853436 861526 649573 438998 1.10159e+06 1.92575e+06 1.87441e+06 1.91612e+06 2.55917e+06 1.97821e+06 1.67109e+06 1.0769e+06 853409
 421443 983931 1.04086e+06 790795 473249 441933 417388 459525 618514 755520 978479 912119 1.1406e+06 1.80214e+06 1.63602e+06 1.49641e+06 1.20924e+06 1.08209e+06 1.61307e+06 1.14102e+06
 393249 373258 687876 654192 805333 990037 675695 1.05806e+06 1.22594e+06 699738 424179 648549 775055 1.6218e+06 1.66936e+06 981421 640438 760507 484043 475633
 394725 565130 1.27166e+06 1.38062e+06 1.54837e+06 1.58346e+06 1.31541e+06 2.57827e+06 2.0708e+06 1.26946e+06 1.19704e+06 1.39849e+06 2.10152e+06 1.56153e+06 1.0258e+06 732615 885502 628103 358526 629573
 393109 569939 1.62772e+06 1.44811e+06 2.03989e+06 1.79875e+06 2.72319e+06 3.48643e+06 2.37733e+06 2.02074e+06 1.36695e+06 940880 2.42406e+06 1.90054e+06 1.14145e+06 894697 676074 560418 816941 698140
 388631 1.64055e+06 1.164e+06 709037 947870 1.12278e+06 2.92196e+06 3.51471e+06 2.99643e+06 2.1521e+06 1.18798e+06 947492 506943 537318 991243 943493 767123 1.09529e+06 848441 2.29036e+06
 374651 356623 739408 712453 776727 492699 333108 382664 897571 791221 830617 697688 793021 1.14096e+06 1.08471e+06 946614 772602 807814 739276 571454
 376979 612930 1.54986e+06 1.08267e+06 698661 855180 853860 590790 850980 977439 1.30719e+06 1.00852e+06 944244 1.50228e+06 1.66484e+06 1.39651e+06 1.07583e+06 1.2705e+06 2.71087e+06 3.81555e+06
 375368 344198 602211 478864 600486 1.20479e+06 1.23922e+06 946642 715138 708776 619382 716109 1.42905e+06 918615 488003 425119 276704 322026 582813 997683
 385894 1.4151e+06 1.20862e+06 2.10651e+06 1.55484e+06 940506 1.68025e+06 1.22966e+06 987979 2.26843e+06 1.61072e+06 1.31754e+06 1.10213e+06 1.00128e+06 1.10045e+06 856526 751642 2.62907e+06 2.09628e+06 1.08094e+06
 381771 688901 405336 1.4129e+06 1.32723e+06 955080 1.01725e+06 1.18788e+06 1.08889e+06 975944 2.65703e+06 2.2052e+06 2.14458e+06 1.5272e+06 685601 651900 499629 453090 514241 508360
 373610 378210 513079 876833 863271 1.29817e+06 850655 909741 911751 2.27343e+06 1.99588e+06 1.50704e+06 1.17223e+06 1.56654e+06 1.82667e+06 1.57329e+06 1.37591e+06 1.14553e+06 1.72816e+06 1.52569e+06
 382885 1.29195e+06 1.19307e+06 957457 1.54657e+06 1.06128e+06 648668 549141 379423 1.18582e+06 1.38671e+06 2.12642e+06 2.10368e+06 1.65734e+06 1.59152e+06 907274 912169 1.47779e+06 1.38818e+06 1.10005e+06
 391306 924027 1.05709e+06 911117 841631 711066 864174 666498 523761 538567 658683 1.3936e+06 1.18827e+06 1.58527e+06 1.48704e+06 1.38135e+06 783390 1.41456e+06 1.59798e+06 974992
 371547 757854 641435 1.31833e+06 1.60477e+06 1.18803e+06 1.24465e+06 931029 1.46176e+06 1.53866e+06 1.29174e+06 2.12497e+06 2.78197e+06 3.1344e+06 2.00709e+06 1.02485e+06 1.32231e+06 1.0757e+06 647452 936826
 382237 624211 700686 1.67022e+06 1.64665e+06 1.9349e+06 1.35969e+06 882825 1.14544e+06 826484 694648 819073 1.1979e+06 941188 734820 998827 762130 799515 760168 1.27361e+06
 378972 736865 1.09025e+06 1.24962e+06 1.18964e+06 1.8427e+06 1.4786e+06 1.20457e+06 1.67312e+06 1.50938e+06 1.32122e+06 829630 470565 708262 411513 1.32173e+06 1.64979e+06 2.72441e+06 1.95433e+06 1.91919e+06
 387050 588325 831813 1.01412e+06 2.05634e+06 1.88604e+06 1.27898e+06 698056 1.64654e+06 1.67957e+06 995557 528057 472268 521714 736867 598324 1.53194e+06 1.25001e+06 2.14798e+06 1.82357e+06
 358164 177644 615210 506479 823474 766663 2.35803e+06 1.72155e+06 970311 1.84564e+06 1.77525e+06 1.42185e+06 1.64932e+06 1.9377e+06 1.4428e+06 1.24848e+06 1.24842e+06 1.75588e+06 1.65852e+06 1.23567e+06
 393672 666115 496134 341996 1.47086e+06 1.59288e+06 1.12767e+06 2.05305e+06 1.43043e+06 1.33436e+06 1.30795e+06 797819 1.31661e+06 1.10204e+06 970777 656606 514346 359791 291605 884247
 384023 331053 523362 518085 761075 1.04244e+06 1.01113e+06 783133 910532 1.13556e+06 1.0463e+06 1.58718e+06 1.28392e+06 915407 611705 637800 999054 1.31731e+06 1.25023e+06 1.34158e+06
 387586 380707 323279 411570 701523 1.07604e+06 1.5948e+06 1.35092e+06 1.48067e+06 1.21464e+06 2.08448e+06 1.57426e+06 977767 852395 1.22788e+06 1.02132e+06 1.48881e+06 1.2302e+06 952923 1.10676e+06
 413147 771744 639298 588384 848394 670957 1.15278e+06 1.46639e+06 1.66459e+06 1.45881e+06 1.63712e+06 1.17095e+06 1.02801e+06 1.02451e+06 911152 2.24851e+06 1.52381e+06 1.16125e+06 898704 832674
 405281 1.14506e+06 1.04531e+06 1.17661e+06 2.18438e+06 1.93845e+06 1.1535e+06 817551 2.348e+06 2.52267e+06 1.9691e+06 1.13131e+06 1.01652e+06 1.35165e+06 813707 612460 2.22592e+06 1.7782e+06 1.88984e+06 2.35178e+06
 408358 731986 687450 596350 461386 424355 461254 442870 633457 903330 1.55413e+06 2.01837e+06 1.26909e+06 1.22884e+06 1.7028e+06 1.44405e+06 913626 564978 807244 679691
 392056 415941 523287 444901 861588 1.88598e+06 2.09376e+06 1.30859e+06 733879 1.14508e+06 1.48928e+06 1.19895e+06 1.09572e+06 667764 684342 807235 1.17417e+06 968375 1.37965e+06 971394
 422805 1.7717e+06 1.37248e+06 1.81599e+06 1.55872e+06 925991 1.0515e+06 1.11841e+06 3.61484e+06 3.35296e+06 2.80543e+06 1.87795e+06 1.17642e+06 1.01133e+06 1.58143e+06 1.25831e+06 1.09606e+06 885450 842094 1.34511e+06
 413413 615077 946272 717290 807806 1.21747e+06 771266 702289 641668 1.59096e+06 1.27447e+06 801497 585552 405090 751071 856736 635593 909372 1.1619e+06 1.15848e+06
 411160 1.74732e+06 1.18398e+06 685421 1.18253e+06 1.73322e+06 1.5144e+06 1.03452e+06 1.58589e+06 1.51627e+06 1.04571e+06 1.64447e+06 2.15321e+06 1.37763e+06 850068 786160 1.29461e+06 1.17814e+06 731421 598308
 401846 1.59661e+06 1.15615e+06 737386 1.63204e+06 1.33939e+06 1.46621e+06 1.40253e+06 961423 926388 939200 861147 1.95531e+06 1.7892e+06 1.04869e+06 684202 428582 593600 959742 2.1657e+06
 382909 439151 415674 1.11159e+06 1.34911e+06 1.50615e+06 1.51578e+06 986911 1.31591e+06 1.46715e+06 1.14253e+06 631440 1.1037e+06 1.29305e+06 1.09152e+06 896307 1.03161e+06 856179 636242 966256
 374528 247558 736457 1.09748e+06 1.25896e+06 1.67194e+06 1.28899e+06 1.11536e+06 1.84883e+06 1.20445e+06 1.17804e+06 1.23782e+06 760504 802670 772238 603073 568935 502553 794423 629409
 387752 418551 662861 617858 851260 1.35944e+06 1.35374e+06 1.24877e+06 1.17539e+06 2.02687e+06 2.13637e+06 1.46798e+06 1.11284e+06 1.11781e+06 819401 811512 1.53996e+06 1.21422e+06 1.51798e+06 1.71022e+06
 405115 648586 803898 979772 659013 489609 1.09353e+06 1.24819e+06 1.2038e+06 1.35926e+06 2.06717e+06 1.93892e+06 1.79176e+06 1.01849e+06 665326 444824 391403 829287 988199 1.55769e+06
 389110 396495 874790 1.29226e+06 1.17361e+06 1.23916e+06 1.18757e+06 987178 1.37529e+06 1.02569e+06 827847 696547 728889 705584 1.06979e+06 977604 743382 1.19461e+06 1.20109e+06 798007
 406038 1.18443e+06 1.35348e+06 795741 914907 1.91414e+06 1.87281e+06 1.32833e+06 827299 557889 547724 573613 1.14261e+06 1.31743e+06 1.05463e+06 895986 581672 573093 704907 804071
 405307 462838 561993 952382 699212 467522 1.30006e+06 1.19843e+06 1.78973e+06 1.71501e+06 1.65442e+06 1.87922e+06 1.08364e+06 1.2008e+06 1.39582e+06 1.19395e+06 1.73147e+06 2.46701e+06 1.89162e+06 2.3011e+06
 415950 547860 1.24983e+06 1.48743e+06 1.53454e+06 1.56175e+06 2.22084e+06 2.04886e+06 1.0787e+06 769453 607093 364289 369561 325499 451095 974211 1.4822e+06 1.41677e+06 1.67661e+06 1.54463e+06
 399800 473355 485084 750734 963601 1.87197e+06 1.33837e+06 953557 930500 1.12619e+06 1.4984e+06 1.33172e+06 1.76237e+06 2.39778e+06 2.75518e+06 1.86561e+06 1.72221e+06 1.61314e+06 2.0499e+06 2.01626e+06
 392443 331221 1.01153e+06 1.14763e+06 992570 777797 644179 639985 937855 797625 2.92715e+06 2.93898e+06 1.9442e+06 2.66531e+06 2.04996e+06 3.83247e+06 3.09984e+06 1.46869e+06 975209 1.70705e+06
 402096 733131 620160 741741 773768 1.12074e+06 1.79482e+06 1.32028e+06 781496 947356 1.2671e+06 947868 537928 948211 928567 2.26361e+06 1.68354e+06 821759 1.00279e+06 1.1187e+06
 396983 496159 626789 568904 836182 754895 619907 1.12403e+06 1.24231e+06 731588 544795 546937 780106 1.08563e+06 1.3178e+06 1.28671e+06 995816 904819 1.1906e+06 1.06029e+06
 385298 249762 445114 1.88615e+06 1.57391e+06 1.12805e+06 1.03794e+06 1.12906e+06 816973 403367 468830 675050 658720 1.29628e+06 1.83543e+06 1.51405e+06 1.49157e+06 1.08386e+06 945456 761750
 385791 259409 360995 359525 648589 1.08592e+06 1.65654e+06 1.56851e+06 1.48283e+06 2.74292e+06 1.89039e+06 2.99768e+06 2.56086e+06 1.98528e+06 1.38753e+06 1.24462e+06 1.14904e+06 801857 1.50701e+06 1.86765e+06
 438560 1.25235e+06 2.4665e+06 1.8195e+06 1.11421e+06 992697 1.31508e+06 1.05699e+06 702201 646251 1.26733e+06 1.44305e+06 2.08008e+06 2.77898e+06 1.72242e+06 904516 986386 1.30407e+06 904908 921380
 426046 610694 829860 657284 635510 605429 1.16123e+06 1.50002e+06 1.43896e+06 1.25495e+06 1.39996e+06 1.2629e+06 679734 972891 727438 607032 816106 1.01239e+06 977710 646726
 408211 211731 862631 1.34562e+06 1.34737e+06 878524 700065 894555 734269 795220 960904 703498 832743 661257 392963 422706 1.18337e+06 1.27436e+06 806785 721091
 428033 756144 1.24945e+06 1.29055e+06 1.04615e+06 1.06965e+06 1.00708e+06 1.01599e+06 1.39345e+06 1.256e+06 952548 870239 968189 583066 1.03036e+06 1.67167e+06 1.39482e+06 953701 546469 543564
 394996 325838 367331 418212 774130 674323 629987 835823 895827 1.04859e+06 1.09478e+06 861706 726840 574180 950139 937072 2.17701e+06 2.05537e+06 1.83019e+06 1.90003e+06
 413506 910558 698661 737739 913123 1.30368e+06 900881 928887 1.68427e+06 1.40523e+06 1.27947e+06 1.71244e+06 1.3889e+06 2.67578e+06 1.87223e+06 984272 1.16132e+06 1.55139e+06 1.54966e+06 883087
 400725 400158 593543 612576 870459 1.16652e+06 871579 595162 1.0643e+06 874413 1.91963e+06 1.45362e+06 898753 865623 715740 894873 587745 1.16083e+06 989216 682387
 409034 648023 549537 362753 558614 579844 1.62851e+06 1.63167e+06 2.0506e+06 2.22762e+06 1.8642e+06 1.65509e+06 1.58042e+06 1.60603e+06 1.38665e+06 1.31451e+06 1.5297e+06 2.21198e+06 1.48814e+06 901815
 398930 552522 550127 1.17395e+06 1.60287e+06 5.01489e+06 4.5558e+06 2.64954e+06 2.22526e+06 1.14384e+06 1.18986e+06 991131 1.15667e+06 1.37558e+06 1.05555e+06 588198 2.08747e+06 2.14021e+06 2.24248e+06 2.5495e+06
 396272 646605 668923 853266 546308 799578 743285 357784 972020 1.40236e+06 818622 600078 464321 710537 1.00932e+06 748168 507526 743541 1.01991e+06 696468
 396044 685784 876593 1.18405e+06 1.13426e+06 1.47018e+06 1.97079e+06 1.71381e+06 1.43835e+06 1.03011e+06 840758 975613 1.55017e+06 1.29096e+06 1.60696e+06 1.66289e+06 1.26313e+06 2.15142e+06 1.66024e+06 943172
 384250 368564 257296 484066 345209 267997 1.29626e+06 1.18291e+06 746015 488533 548624 749361 649967 773965 1.43596e+06 1.88115e+06 1.19576e+06 658287 401888 318348
 401776 409434 673819 1.29521e+06 2.64417e+06 1.83306e+06 984283 744355 648564 745926 928177 815303 909028 824681 1.58831e+06 1.49705e+06 998397 1.82519e+06 1.41692e+06 1.98101e+06
 390041 280371 457782 606253 486735 435269 1.40011e+06 1.11168e+06 743359 961815 693369 1.80259e+06 1.36198e+06 1.07976e+06 918941 1.23234e+06 949689 967743 632609 912410
 400088 1.3975e+06 1.49874e+06 1.97185e+06 1.9267e+06 1.22816e+06 1.30427e+06 927224 394897 617980 440735 393828 614817 631027 728470 1.4774e+06 1.15876e+06 1.23392e+06 1.29281e+06 1.15201e+06
 366738 296529 239826 795445 660668 1.28352e+06 1.39074e+06 957083 1.51005e+06 1.84245e+06 1.65179e+06 1.1488e+06 653469 842366 1.00286e+06 846575 1.25189e+06 999968 1.58377e+06 1.18841e+06
 367400 549831 975835 850571 916328 1.1299e+06 2.03457e+06 2.04188e+06 1.15319e+06 2.98629e+06 2.283e+06 2.70773e+06 1.95839e+06 969959 932849 1.52568e+06 1.47313e+06 1.39538e+06 990663 879189
 357330 416258 369087 490072 475045 900937 833727 773848 615117 589977 1.0599e+06 1.34955e+06 913310 1.36668e+06 1.86569e+06 1.24908e+06 958135 1.52619e+06 1.10754e+06 602126
 382765 709647 751823 1.65464e+06 1.32303e+06 1.09131e+06 978867 1.03942e+06 2.54673e+06 2.45801e+06 1.46135e+06 1.71305e+06 1.14639e+06 719441 818963 1.29461e+06 1.55426e+06 1.66581e+06 957277 1.07663e+06
 385166 613520 761818 1.79746e+06 1.32075e+06 694443 987075 1.68803e+06 3.65347e+06 2.58283e+06 1.54262e+06 982467 1.14119e+06 864961 506841 742677 661769 560237 937462 957004
 358200 341854 419193 1.00279e+06 807723 980374 1.13866e+06 797859 633117 757507 1.00165e+06 1.23093e+06 1.0214e+06 789385 591212 1.40498e+06 1.35911e+06 2.35846e+06 1.74993e+06 2.64099e+06
 337426 398271 686570 895230 772757 806263 692232 1.05816e+06 830539 1.40238e+06 1.63754e+06 2.14314e+06 1.80129e+06 2.10761e+06 1.41991e+06 1.24635e+06 2.7089e+06 1.78329e+06 1.17982e+06 1.07458e+06
 327090 690241 1.0669e+06 825850 744288 539149 405479 544819 347553 407460 691579 546459 426839 846145 1.16008e+06 840218 486681 1.27953e+06 1.46996e+06 975648
 302569 185172 599908 753945 547761 614714 1.49776e+06 1.25088e+06 1.05815e+06 1.99766e+06 2.01231e+06 1.58781e+06 1.21792e+06 1.50909e+06 1.62579e+06 2.40834e+06 1.47774e+06 776257 657726 1.1256e+06
 310413 400604 476103 693727 1.27257e+06 795316 432350 1.64992e+06 1.76248e+06 1.24095e+06 2.58587e+06 1.77832e+06 1.39036e+06 836757 750632 531677 506535 354044 319677 232966
 319193 1.14449e+06 1.40512e+06 1.23177e+06 1.14994e+06 731994 721745 805676 579840 424269 665465 740234 783989 675997 718100 1.05636e+06 1.49648e+06 1.10704e+06 818123 972160
 271048 100964 246436 407514 410300 901055 707692 482176 816681 688681 744012 715242 487965 446405 302582 419437 836441 880291 674702 1.31564e+06
 294471 175905 154635 104650 361612 346471 727413 1.63075e+06 1.47318e+06 1.49881e+06 2.07445e+06 1.72535e+06 1.31611e+06 1.11789e+06 843489 1.12488e+06 1.07676e+06 780983 1.43512e+06 1.10834e+06
 294489 294929 474907 642990 744768 872968 646182 854790 869369 1.24335e+06 972899 750872 959491 1.67522e+06 1.69125e+06 1.59799e+06 1.30298e+06 1.06531e+06 479165 270414
 308076 632148 413300 504661 498460 365930 243716 405704 278777 700965 688681 576384 544499 575860 646942 800041 925200 925764 1.57054e+06 1.16461e+06
 302056 590079 438167 456186 423586 588295 777773 656374 900666 879010 645134 466517 732000 711692 1.09381e+06 1.07286e+06 1.74896e+06 2.29656e+06 1.51311e+06 1.78422e+06
 298261 446496 570940 446846 458600 581048 432439 602172 610452 825940 806380 1.02857e+06 581399 491587 768420 1.20686e+06 1.11215e+06 1.06078e+06 1.40797e+06 990983
 305401 409880 530801 378004 1.66503e+06 1.34207e+06 759510 730030 787144 1.42708e+06 886298 839436 1.3351e+06 1.19212e+06 896296 913833 1.08032e+06 932277 850931 680079
 320900 755740 541110 904139 1.17775e+06 950223 1.62753e+06 1.71313e+06 1.48343e+06 1.11083e+06 847313 1.31385e+06 1.10705e+06 2.14918e+06 1.94149e+06 1.37614e+06 1.35575e+06 2.42834e+06 2.11698e+06 1.02188e+06
 318691 515373 507568 795028 1.97639e+06 2.15141e+06 1.09058e+06 1.95361e+06 1.7529e+06 1.6274e+06 910861 1.05619e+06 1.66137e+06 976030 1.38378e+06 1.02146e+06 1.18326e+06 1.2454e+06 1.00414e+06 557893
 320955 632857 669544 451886 1.10258e+06 1.54193e+06 1.86343e+06 1.51655e+06 1.04426e+06 809789 526392 989752 1.16526e+06 1.02756e+06 646649 1.05374e+06 908321 736100 906478 725347
 305229 278936 311495 346033 345970 1.68442e+06 1.38633e+06 984496 650432 694718 667819 1.09081e+06 979763 761968 1.2059e+06 1.6418e+06 1.97951e+06 1.8782e+06 2.14549e+06 2.16048e+06
 320818 712610 671327 495418 566914 465078 1.48278e+06 1.33465e+06 1.37925e+06 902270 907359 1.05703e+06 788400 1.08754e+06 777870 654145 1.16198e+06 1.26706e+06 1.47712e+06 915321
 312923 259204 492330 390434 364103 546807 484239 838214 709822 390102 322128 175467 431401 828509 787399 1.01134e+06 667467 958976 1.02929e+06 1.60786e+06
 332140 507777 392802 250882 555204 671133 731104 1.11257e+06 1.32694e+06 810677 1.22589e+06 1.35775e+06 1.0064e+06 699176 576920 621054 1.12999e+06 1.14689e+06 2.20551e+06 1.77654e+06
 311871 505946 876973 1.39794e+06 988784 756524 932714 1.52312e+06 1.81028e+06 1.42742e+06 2.03702e+06 1.5437e+06 1.00209e+06 650058 970631 1.23097e+06 1.34681e+06 1.42946e+06 2.04326e+06 1.31221e+06
 290549 191786 464630 461735 686299 485313 455797 1.23376e+06 1.79914e+06 1.1751e+06 686420 381795 278395 789219 664845 510756 440421 558570 624269 2.23415e+06
 310192 610148 457458 526210 450842 507702 921020 765151 511562 1.05879e+06 826851 1.13574e+06 785708 380627 471463 811613 1.79281e+06 1.56863e+06 1.11882e+06 871475
 303304 423071 479059 442266 833641 708115 790057 911617 1.15329e+06 872848 487250 622344 428396 341228 332261 924565 679460 1.63648e+06 1.47156e+06 1.10072e+06
 315637 762055 691139 516992 306046 552369 402507 255499 350467 575800 510640 1.1411e+06 1.11124e+06 2.74252e+06 2.20891e+06 3.53172e+06 2.96475e+06 1.46304e+06 1.15322e+06 1.5292e+06
 311504 259970 230409 310625 442547 612054 1.37677e+06 2.50719e+06 1.94955e+06 1.1774e+06 608195 619243 776308 1.27576e+06 2.20705e+06 1.51254e+06 1.74851e+06 1.54753e+06 1.51582e+06 2.67494e+06
 306101 255735 389403 641581 1.24866e+06 1.52957e+06 1.84012e+06 1.1814e+06 686217 1.33338e+06 829202 404654 370989 400203 884691 716778 546980 1.02294e+06 1.14399e+06 786792
 317630 431388 911128 1.74334e+06 1.22507e+06 748140 605621 856294 943656 1.31008e+06 1.37411e+06 1.66094e+06 1.22905e+06 787633 665197 732025 1.39022e+06 1.47045e+06 1.15644e+06 1.11729e+06
 319890 572466 620890 459307 1.27303e+06 1.85424e+06 1.41142e+06 879785 1.46226e+06 1.07548e+06 852183 555996 421337 288650 229620 846576 1.10632e+06 1.47745e+06 1.44699e+06 1.65569e+06
 307344 696474 682328 1.11904e+06 1.15847e+06 1.55294e+06 961878 512191 774009 818917 702789 1.26149e+06 1.30193e+06 1.29643e+06 1.44074e+06 907042 482671 1.05267e+06 1.11204e+06 891825
 309089 955231 763437 602336 1.70379e+06 1.70233e+06 1.20699e+06 1.13344e+06 868748 439713 247787 632712 764840 679564 1.56025e+06 1.55608e+06 1.16675e+06 991924 1.42106e+06 2.15797e+06
 277833 259822 1.56067e+06 1.72393e+06 981848 563986 524201 916407 1.33583e+06 1.12419e+06 941144 881272 797488 1.8576e+06 2.21386e+06 1.1902e+06 665411 633321 686968 938457
 289461 908601 649532 521293 965792 1.01085e+06 1.53741e+06 1.02903e+06 844139 797345 761874 1.3981e+06 1.33999e+06 1.61391e+06 1.06863e+06 1.0162e+06 1.10892e+06 973754 945174 704607
 290098 825498 686591 1.10844e+06 969162 786369 1.0303e+06 804020 597321 840989 948268 1.28802e+06 1.02463e+06 521793 1.69327e+06 1.30767e+06 1.28165e+06 1.19877e+06 947043 1.42923e+06
 267165 179297 304470 563866 495495 499756 405239 601749 781742 942762 1.33175e+06 1.00889e+06 798751 670964 1.05681e+06 971826 1.19115e+06 1.10133e+06 1.1344e+06 762846
 286136 1.34174e+06 1.00198e+06 954369 936835 553418 1.9604e+06 1.77528e+06 1.60684e+06 1.53352e+06 979007 1.0868e+06 1.33134e+06 2.73642e+06 2.3007e+06 1.49989e+06 1.2105e+06 1.30466e+06 1.30745e+06 822471
 283214 739819 605844 616571 605509 1.35073e+06 1.26486e+06 761591 495611 874606 735340 1.0486e+06 1.6519e+06 1.06389e+06 628616 1.09928e+06 1.00286e+06 934402 911590 840490
 280009 500762 1.11844e+06 915603 902400 1.82356e+06 1.38768e+06 1.43636e+06 1.51985e+06 1.18127e+06 937144 1.01811e+06 638287 328960 385227 487313 771620 1.12341e+06 701817 610898
 280584 269977 379376 1.14123e+06 2.45229e+06 1.70296e+06 1.87726e+06 1.32903e+06 1.09041e+06 1.06707e+06 745605 672611 1.14644e+06 1.13719e+06 1.11859e+06 838747 987908 889938 806537 1.28909e+06
 294489 469512 316724 387171 520977 1.00025e+06 813084 342449 302245 425228 285310 400273 743741 781434 1.46029e+06 967410 451401 607234 959363 844513
 304638 1.32745e+06 1.04607e+06 950374 903306 891617 1.08819e+06 885293 672068 924700 1.19578e+06 884075 503953 1.38229e+06 1.59495e+06 1.51984e+06 1.07109e+06 558749 351561 769494
 276413 134361 86175.5 118897 245152 413019 753920 614913 1.12436e+06 1.21974e+06 1.34852e+06 1.22032e+06 689057 603551 737611 518215 380545 868917 887265 1.46427e+06
 301947 450612 622005 1.08972e+06 1.30013e+06 1.0076e+06 2.02362e+06 1.82128e+06 922661 582021 513434 391545 513259 392956 1.58596e+06 1.47599e+06 908760 1.25482e+06 1.40805e+06 1.20525e+06
 323152 756987 879549 1.02749e+06 935933 588023 999675 1.11672e+06 649292 648536 748628 1.24091e+06 1.53071e+06 938404 577949 478249 768640 912333 2.20975e+06 1.73648e+06
 337929 994857 1.17866e+06 969795 708476 2.11999e+06 1.87786e+06 1.44048e+06 950130 1.21034e+06 997221 836487 595396 644169 503528 553130 834194 1.23767e+06 1.56984e+06 1.10773e+06
 312631 301347 207297 657155 569454 428865 1.13763e+06 1.20095e+06 616876 333784 2.43422e+06 2.29126e+06 1.72976e+06 2.19192e+06 1.36922e+06 1.23438e+06 960657 782054 1.78159e+06 1.80377e+06
 323070 759716 991818 1.16716e+06 1.24046e+06 1.11337e+06 1.27119e+06 841294 786186 1.93467e+06 1.86061e+06 2.42921e+06 2.99394e+06 1.81684e+06 1.58042e+06 1.10857e+06 4.62397e+06 3.78347e+06 1.57394e+06 1.05469e+06
 313890 495169 1.36521e+06 1.13395e+06 1.58607e+06 1.33125e+06 808764 623398 671403 693586 501505 646594 427383 713139 505682 773871 869493 540522 1.08018e+06 1.7135e+06
 315921 1.6392e+06 1.18665e+06 579899 543148 454779 724871 886814 1.03113e+06 855348 511462 527227 669406 724021 1.36552e+06 1.18866e+06 1.08058e+06 3.3389e+06 2.43813e+06 1.49295e+06
 312705 1.14867e+06 1.12928e+06 650124 306223 459198 486167 888700 1.00866e+06 900933 952101 964221 1.2578e+06 1.07118e+06 2.1551e+06 1.62111e+06 916376 633542 542145 654673
 289940 315971 1.03397e+06 881761 427749 408024 771518 1.23761e+06 2.19044e+06 1.74309e+06 1.0276e+06 566350 534526 615503 435430 157703 156333 322863 205047 421393
 288533 520507 522714 622521 457575 1.21448e+06 835931 745416 2.07757e+06 1.81823e+06 1.08834e+06 1.10591e+06 1.54052e+06 1.12645e+06 1.35023e+06 1.13226e+06 833739 724328 491112 1.12595e+06
 295381 1.65148e+06 1.14078e+06 464555 311395 490430 481050 544726 692195 832938 4.01908e+06 3.07222e+06 1.60211e+06 1.13707e+06 731741 392607 464558 379625 1.06764e+06 977819
 277399 459071 616488 654741 669740 627958 525956 877464 1.24818e+06 1.03822e+06 607806 731877 1.05218e+06 1.13766e+06 1.39036e+06 1.04017e+06 702432 334016 792148 848467
 283441 511509 499216 492307 684064 717283 883956 944818 613857 954484 790498 864290 1.73382e+06 1.3661e+06 1.66817e+06 1.60788e+06 1.76823e+06 1.64165e+06 735875 510220
 284415 545807 537481 865013 1.68695e+06 1.61443e+06 1.03544e+06 1.04994e+06 877250 583786 921916 1.18549e+06 948290 1.5168e+06 1.15837e+06 1.11081e+06 821072 917634 692946 734381
 261925 123273 515591 727791 683084 491745 457840 371235 1.11338e+06 1.27688e+06 1.23636e+06 1.18611e+06 844208 694629 1.03049e+06 1.14272e+06 1.11261e+06 946731 880932 1.3813e+06
 300694 631675 385311 648669 582914 984323 1.32402e+06 921532 625552 467216 518926 404804 781516 675416 935229 1.25496e+06 1.0994e+06 845883 724426 1.05131e+06
 293524 337282 1.34906e+06 1.08619e+06 884841 1.11586e+06 1.01398e+06 750745 753515 429027 2.13284e+06 1.89085e+06 908952 880544 1.15355e+06 1.72061e+06 1.23047e+06 1.54464e+06 1.13485e+06 1.12188e+06
 301016 554232 955650 1.19759e+06 1.64227e+06 1.36041e+06 738794 830014 609187 559647 1.58022e+06 1.71529e+06 967585 682787 1.28484e+06 736493 552057 499395 1.22559e+06 1.99289e+06
 302641 336923 617921 379544 591781 726714 740593 927427 1.22981e+06 1.56846e+06 1.82311e+06 1.40622e+06 1.2203e+06 733512 915905 729750 520211 613546 2.04371e+06 1.6619e+06
 309518 333821 363951 315482 509498 757226 741663 1.20624e+06 1.89784e+06 2.51748e+06 1.92156e+06 1.20846e+06 873099 763794 729254 601175 843837 859274 1.06321e+06 966594
 310446 435348 598501 1.0653e+06 851506 1.35325e+06 1.83792e+06 1.78442e+06 2.5299e+06 1.72279e+06 1.68467e+06 1.1236e+06 1.0188e+06 1.46591e+06 1.40385e+06 1.26813e+06 872199 459644 763060 900296
 333558 657655 526653 410785 1.52562e+06 1.69748e+06 1.95375e+06 1.10458e+06 1.17309e+06 775070 1.72488e+06 1.09425e+06 580281 662191 866479 509966 436482 348733 1.14604e+06 935586
 322612 432216 561896 932318 926930 926271 870072 544685 294840 2.2173e+06 2.50367e+06 2.43528e+06 2.3355e+06 1.71471e+06 1.14269e+06 1.55729e+06 1.12256e+06 996998 1.17465e+06 1.07375e+06
 319147 297157 419169 497379 1.55647e+06 1.26172e+06 1.11121e+06 1.05074e+06 1.47077e+06 1.40035e+06 1.11051e+06 790985 863570 743407 795020 743203 660756 528730 652323 1.10123e+06
 329989 1.00457e+06 878195 1.07867e+06 694805 597125 1.41754e+06 1.27204e+06 935221 567628 792350 513163 418044 831659 950669 660639 430857 813016 1.52603e+06 1.73368e+06
 324791 331559 383218 471372 303387 498229 442178 1.74352e+06 1.2071e+06 1.24746e+06 1.52559e+06 1.42971e+06 1.06839e+06 1.8661e+06 1.55129e+06 891349 553546 686493 514801 488313
 325117 328022 265188 284649 1.00985e+06 876138 1.12978e+06 909190 1.85898e+06 1.89367e+06 1.5853e+06 1.39449e+06 1.14316e+06 676761 343921 206006 261276 457506 579467 876517
 354276 1.54913e+06 1.43535e+06 917742 1.37346e+06 1.85132e+06 1.49893e+06 1.02249e+06 566301 588507 670954 417854 210228 632490 502863 2.19469e+06 2.36425e+06 1.56723e+06 1.02498e+06 1.18175e+06
 331406 417239 447945 733700 604050 398556 914956 2.39903e+06 2.1835e+06 1.35863e+06 1.40256e+06 1.24407e+06 829568 953150 959817 1.22864e+06 882150 672819 788894 1.80748e+06
 329419 339243 363915 189140 238660 585209 853668 1.7164e+06 1.37593e+06 1.14283e+06 741175 519517 780316 772662 825349 902414 620328 1.04657e+06 852760 726213
 334752 704623 744917 1.42662e+06 2.12977e+06 1.60293e+06 983702 1.62055e+06 1.58424e+06 817989 329350 1.22557e+06 994270 1.1251e+06 1.01023e+06 928352 1.09618e+06 825237 495141 675949
 339964 2.06552e+06 1.76373e+06 741909 316494 735254 859606 1.3135e+06 1.3e+06 876910 722211 655575 661868 682398 564337 480979 942156 824724 580229 889500
 345765 696227 594767 489667 350523 976866 783829 579436 470667 853086 820761 640579 428519 369117 689103 1.04161e+06 616946 623543 1.23573e+06 1.56378e+06
 327976 277211 469384 445001 828587 716890 1.28935e+06 832880 740344 772722 571173 1.3276e+06 1.50744e+06 2.15691e+06 2.21438e+06 1.47249e+06 1.03082e+06 1.06093e+06 711543 428707
 332135 387963 453871 649566 1.36112e+06 1.89882e+06 1.68886e+06 2.12089e+06 1.34983e+06 898536 986325 1.07433e+06 986335 963759 919861 1.52361e+06 2.38438e+06 1.99061e+06 1.87092e+06 1.42324e+06
 337230 920718 997863 839320 640569 939597 935625 886499 1.05021e+06 800015 799213 1.05301e+06 2.0649e+06 1.63482e+06 781207 600436 381902 479449 486704 397662
 325130 247278 556674 700430 916946 769568 668437 798921 866219 626420 1.31636e+06 1.12358e+06 752430 1.9286e+06 1.91958e+06 1.34688e+06 780767 562220 556933 651981
 342414 532627 876147 928603 1.38416e+06 1.51332e+06 1.87514e+06 1.2144e+06 1.23153e+06 1.78029e+06 2.07175e+06 1.42109e+06 1.1909e+06 1.5178e+06 1.18546e+06 1.91781e+06 1.403e+06 581912 412200 725875
 335064 638673 569835 672313 644603 501625 580562 800417 768771 455926 309646 589324 818321 989289 1.1435e+06 811463 1.27021e+06 1.0014e+06 589595 627437
 327684 277586 664159 847010 1.21352e+06 858420 857198 951570 1.44529e+06 1.36447e+06 1.00193e+06 1.09979e+06 1.1459e+06 2.35746e+06 1.49826e+06 853405 1.56187e+06 1.72719e+06 1.38294e+06 994775
 327068 286409 367168 488053 440557 457877 1.19893e+06 1.67755e+06 1.73027e+06 911732 443499 412502 622172 1.80464e+06 2.6205e+06 2.62874e+06 1.44506e+06 857216 1.08268e+06 854963
 366983 1.52734e+06 1.41401e+06 1.07277e+06 2.01182e+06 1.78922e+06 2.55812e+06 1.81822e+06 891816 669260 450720 874270 869898 1.20195e+06 1.83107e+06 3.71985e+06 2.88089e+06 1.46849e+06 713876 511652
 363838 1.25657e+06 2.29496e+06 1.73978e+06 1.07589e+06 2.09474e+06 1.32838e+06 965852 1.09025e+06 804482 1.02222e+06 1.21185e+06 888228 513575 342087 554123 602306 2.2278e+06 1.90508e+06 1.05609e+06
 349744 703133 1.22838e+06 1.26069e+06 933797 708705 568573 947233 997190 637876 1.6945e+06 1.54633e+06 1.84697e+06 2.5003e+06 1.84269e+06 2.53181e+06 1.90283e+06 1.03261e+06 577762 632541
 334081 190677 278225 395297 833760 1.06334e+06 1.70376e+06 2.2978e+06 2.5635e+06 2.36633e+06 1.27507e+06 1.38694e+06 1.70979e+06 1.55933e+06 1.9165e+06 1.24614e+06 820906 806873 665894 440490
 353520 357069 585177 1.77025e+06 1.30428e+06 870593 686928 556227 1.06877e+06 1.44794e+06 1.00583e+06 573929 429172 352117 1.27342e+06 1.1318e+06 761536 919427 771616 687091
 339902 283168 598708 616919 779703 1.65966e+06 1.73834e+06 1.26982e+06 1.42717e+06 1.85102e+06 1.68615e+06 1.64696e+06 1.57013e+06 927993 424865 613131 493587 598203 637811 574756
 367814 768721 626963 1.30623e+06 1.23572e+06 1.66656e+06 2.62463e+06 2.05777e+06 1.14101e+06 1.1625e+06 1.43678e+06 928541 612407 710711 1.29632e+06 1.33965e+06 1.20199e+06 881549 567059 1.07483e+06
 356857 379221 1.16845e+06 979014 530549 370018 593075 522578 477870 391216 320568 902642 866734 913108 1.02525e+06 862370 807756 806283 1.31403e+06 1.26501e+06
 364816 577189 982561 1.28939e+06 1.56011e+06 1.98587e+06 1.25257e+06 1.22696e+06 934856 1.20055e+06 770334 781619 794314 943180 1.27237e+06 1.19012e+06 1.81038e+06 1.53418e+06 1.32377e+06 1.39631e+06
 372860 730499 671057 467756 817051 1.1359e+06 847732 597722 536986 539459 764660 557879 397784 316178 676840 634438 1.00457e+06 1.47502e+06 2.13629e+06 2.29819e+06
 338446 364903 536304 1.04514e+06 1.09448e+06 588533 427005 929164 887237 963324 3.28988e+06 3.26778e+06 2.59849e+06 2.10503e+06 1.16064e+06 656471 2.76783e+06 2.34744e+06 1.08455e+06 690075
 338403 518641 529315 453917 1.06888e+06 1.42657e+06 1.21412e+06 2.97129e+06 2.56309e+06 2.1419e+06 2.93743e+06 2.04949e+06 1.32577e+06 905481 1.46441e+06 1.33727e+06 1.2967e+06 902721 1.3033e+06 1.76491e+06
 345122 497639 489761 822190 869087 1.38035e+06 1.41009e+06 1.93538e+06 1.50016e+06 971132 1.4667e+06 1.72685e+06 1.24703e+06 1.08011e+06 1.01602e+06 921538 593883 708757 943387 706374
 368433 1.16495e+06 1.45546e+06 1.54512e+06 1.20328e+06 1.04726e+06 1.03715e+06 758941 608553 766030 947378 600283 370928 276977 804996 590869 684935 793960 1.93605e+06 1.52253e+06
 358985 808438 600129 492974 407966 718799 709238 662966 597209 1.86139e+06 1.30851e+06 1.04108e+06 1.69161e+06 1.83206e+06 2.22711e+06 1.69546e+06 1.51319e+06 953437 1.04843e+06 940746
 340397 521781 988025 1.00287e+06 622327 478686 256226 306775 589788 493840 424646 437252 1.09578e+06 1.73516e+06 1.25239e+06 999471 651940 410061 380231 593456
 352522 477723 588651 2.0653e+06 2.23482e+06 1.45353e+06 1.04638e+06 717347 882159 1.98666e+06 1.64064e+06 760727 754589 731992 1.02871e+06 1.30803e+06 1.13899e+06 763946 526403 626998
 359951 674905 895687 687835 1.06854e+06 1.09025e+06 1.1354e+06 2.32613e+06 1.74745e+06 903543 737400 1.03511e+06 1.12128e+06 1.02213e+06 957612 676527 521449 1.43984e+06 1.32811e+06 991432
 371848 447361 1.76075e+06 1.412e+06 1.21949e+06 1.09127e+06 1.50009e+06 1.14755e+06 1.70383e+06 1.55079e+06 882060 629912 1.69297e+06 1.50711e+06 1.05597e+06 886533 608779 411141 307202 442221
 371687 435957 361523 344365 534116 1.15122e+06 1.12094e+06 1.36136e+06 3.88107e+06 2.95122e+06 2.20097e+06 1.6048e+06 1.55259e+06 836872 419467 772635 1.07022e+06 616655 1.00549e+06 1.51955e+06
 374979 613627 829061 800029 792375 534514 471309 449927 1.25604e+06 1.18743e+06 745792 717794 517869 898863 870106 999820 1.82347e+06 1.64124e+06 1.66131e+06 1.8975e+06
