 432875 487463 614565 666553 564403 576801 611773 1.28147e+06 2.00433e+06 1.3918e+06 1.00975e+06 931406 540634 1.19565e+06 1.56377e+06 1.52402e+06 1.43296e+06 1.42818e+06 1.26326e+06 1.55509e+06
 420448 460635 867877 737989 515633 660406 631767 765477 808957 1.73565e+06 1.49335e+06 871855 879358 791382 689769 945779 644911 948941 1.61219e+06 1.95588e+06
 404281 253120 343907 1.18069e+06 1.65037e+06 1.88627e+06 2.11616e+06 1.57052e+06 1.06945e+06 1.06285e+06 649909 1.09515e+06 1.21879e+06 2.18444e+06 1.57141e+06 1.11065e+06 812561 895474 713542 973500
 474196 938596 872142 1.18063e+06 1.04441e+06 849632 681840 768871 1.2226e+06 793718 553160 1.0566e+06 1.19839e+06 1.04808e+06 1.70118e+06 2.34398e+06 1.573e+06 1.01403e+06 2.76911e+06 2.06257e+06
 462901 1.22506e+06 1.18032e+06 958112 947888 617373 576969 551602 677800 581911 724430 924353 1.76967e+06 1.47458e+06 1.25227e+06 1.10837e+06 1.03761e+06 575520 273511 388652
 460442 1.04867e+06 1.28175e+06 1.5695e+06 1.81642e+06 1.17214e+06 762221 991871 644532 782540 1.35497e+06 953832 1.20482e+06 1.21681e+06 1.12649e+06 866248 1.04956e+06 1.74651e+06 1.63863e+06 1.19544e+06
 422920 470686 794897 708255 1.07923e+06 691279 467320 845448 1.81897e+06 1.41855e+06 979621 550389 1.12022e+06 853740 594620 659376 449675 500749 745129 734580
 447879 804722 1.34797e+06 1.63716e+06 1.02635e+06 1.32116e+06 982673 1.86921e+06 1.8139e+06 1.94143e+06 2.66049e+06 2.81377e+06 2.18875e+06 1.30794e+06 1.93926e+06 1.17848e+06 832930 904447 684173 1.73025e+06
 442002 2.3161e+06 2.20033e+06 1.23171e+06 875776 960485 910319 672012 961885 2.3005e+06 1.25522e+06 549368 539968 1.16283e+06 1.08426e+06 1.01389e+06 588834 985232 808036 1.1056e+06
 461231 1.12332e+06 1.80487e+06 1.95611e+06 1.23363e+06 1.16325e+06 989165 1.56025e+06 1.42897e+06 833930 531703 459283 411507 541224 395647 296903 426293 370539 668517 1.27276e+06
 476936 278942 378099 439792 744043 860131 1.26011e+06 1.0841e+06 1.17534e+06 1.2134e+06 912118 662379 629987 1.37445e+06 1.46473e+06 1.36529e+06 1.64074e+06 1.2534e+06 805197 532139
 397447 424335 416002 765565 962408 907381 943098 1.00784e+06 1.08607e+06 1.19527e+06 855477 314977 220113 227250 156876 100622 413903 500689 559110 498699
 456099 323524 602044 545616 640238 521334 641148 934232 2.17658e+06 2.03474e+06 1.50666e+06 1.43116e+06 1.1626e+06 654857 1.41265e+06 876081 571364 652325 575975 577530
 421121 446731 550166 701802 1.28265e+06 1.08078e+06 807120 1.11795e+06 726423 1.56649e+06 1.42365e+06 3.37239e+06 3.05311e+06 1.69262e+06 1.45563e+06 972809 700019 720729 474623 308652
 456974 560729 832890 1.69478e+06 1.24693e+06 2.21662e+06 2.00736e+06 1.40719e+06 1.68804e+06 1.16692e+06 1.03958e+06 897826 1.23134e+06 870557 796580 746868 1.43979e+06 1.39815e+06 814586 790482
 459210 1.13563e+06 1.71521e+06 1.65544e+06 1.01988e+06 512784 354798 753586 916938 875265 1.57166e+06 1.75417e+06 1.19063e+06 3.15124e+06 2.47805e+06 1.10776e+06 1.1034e+06 1.11428e+06 1.12419e+06 532826
 455631 510885 1.59191e+06 1.347e+06 987468 2.34684e+06 2.39868e+06 1.57199e+06 1.78069e+06 1.03367e+06 660938 1.24214e+06 1.32597e+06 816084 902052 1.13055e+06 719079 734265 981361 1.01512e+06
 453943 779936 575325 429723 411183 587384 989450 902320 886609 759588 631279 609712 1.19868e+06 1.46817e+06 1.26504e+06 975910 1.14459e+06 756126 743909 675926
 451911 901634 746207 708999 656051 1.28179e+06 1.46706e+06 1.18275e+06 775152 993639 1.1275e+06 722504 1.09061e+06 2.56448e+06 1.64055e+06 722572 575514 641861 1.33498e+06 1.05448e+06
 451614 837005 582733 532022 606287 1.24513e+06 1.48266e+06 984367 697492 967572 1.3481e+06 2.35221e+06 1.87071e+06 1.79562e+06 1.35162e+06 839363 706938 1.25975e+06 1.26575e+06 894651
 333629 236924 329293 796596 1.06087e+06 1.34295e+06 1.02039e+06 1.38631e+06 979324 930014 833369 657367 458348 352509 297107 655715 1.72808e+06 1.84974e+06 1.70913e+06 1.9832e+06
 474172 947650 1.45399e+06 2.73844e+06 1.76091e+06 1.03096e+06 1.17168e+06 1.18854e+06 961220 403080 895976 976840 1.90336e+06 2.06107e+06 1.74395e+06 1.20655e+06 1.6565e+06 1.00313e+06 460627 514072
 455166 1.02486e+06 1.52563e+06 1.02905e+06 1.71051e+06 1.64057e+06 1.00514e+06 1.13589e+06 992685 567992 411669 377632 378486 586370 767981 1.02026e+06 703179 702020 1.24918e+06 1.38267e+06
 472248 785265 831500 1.21643e+06 1.04865e+06 1.06631e+06 797314 741208 795728 679725 770811 724747 814009 802102 1.02475e+06 1.27168e+06 1.1802e+06 863315 2.11079e+06 2.23772e+06
 489960 603316 812557 2.11612e+06 2.07552e+06 1.25333e+06 1.57603e+06 1.4373e+06 1.71431e+06 1.24374e+06 1.31388e+06 1.34524e+06 767985 850826 1.32561e+06 1.46453e+06 2.02104e+06 1.20675e+06 736522 1.93162e+06
 483909 340821 375933 568609 653102 547958 490628 863017 1.26641e+06 748745 515668 785148 1.32652e+06 1.8315e+06 1.88009e+06 1.33212e+06 829801 772447 532529 621661
 439494 1.13403e+06 929648 640597 714008 610200 1.07877e+06 916153 589573 612572 708671 712133 589652 1.59981e+06 1.4319e+06 943529 625028 678171 579264 675110
 446421 525993 461688 784911 981654 908294 687215 687470 1.58028e+06 1.29466e+06 1.76633e+06 1.4649e+06 905943 1.09554e+06 1.15762e+06 723296 674117 797479 1.29854e+06 1.46719e+06
 392726 381543 902358 1.37166e+06 1.22794e+06 842855 828348 1.3905e+06 901667 614630 1.01377e+06 1.01044e+06 890614 1.03495e+06 824313 813864 860922 1.3348e+06 1.13087e+06 812552
 463436 1.70346e+06 1.65496e+06 1.35368e+06 848877 581982 611021 333843 632774 773830 602350 740860 700630 1.10219e+06 1.94879e+06 1.41853e+06 1.11265e+06 707319 411582 821606
 470675 994607 2.63316e+06 2.20837e+06 1.02635e+06 1.09912e+06 1.6314e+06 1.11076e+06 912984 2.1277e+06 1.42542e+06 1.27429e+06 1.01916e+06 1.79023e+06 1.12344e+06 1.62851e+06 1.49641e+06 1.25468e+06 1.00298e+06 885431
 452701 384462 360433 522710 392196 328649 623122 786618 735560 595514 715305 1.33016e+06 1.47057e+06 875051 880867 778123 577986 561544 996131 755924
 426077 625576 807675 632523 355624 1.2461e+06 1.14782e+06 607004 626517 663747 553883 977921 1.5257e+06 1.66693e+06 1.60005e+06 1.85636e+06 1.55701e+06 1.32409e+06 803854 766537
 463182 896547 902791 792157 484816 469004 352422 353038 479862 547128 779009 786040 1.08948e+06 1.87563e+06 1.36991e+06 1.1259e+06 891769 813093 1.31583e+06 984259
 367478 321342 624466 627869 762920 1.10118e+06 778460 977771 1.25074e+06 740620 436912 663052 718946 1.24106e+06 1.42796e+06 988119 667280 815456 402856 264092
 453750 563330 1.20211e+06 1.22804e+06 1.27315e+06 1.3284e+06 1.13435e+06 2.26502e+06 1.82055e+06 1.00397e+06 1.01969e+06 1.25682e+06 1.89796e+06 1.30604e+06 973305 931809 1.00481e+06 526135 288346 534447
 458111 576571 1.82648e+06 1.62042e+06 1.93786e+06 1.65438e+06 2.08168e+06 2.60933e+06 1.55844e+06 1.46851e+06 1.24297e+06 902842 2.25909e+06 1.81957e+06 974382 831729 515556 438310 668618 608856
 462261 1.6804e+06 1.15015e+06 747413 1.07388e+06 1.17625e+06 2.63174e+06 2.97005e+06 2.11608e+06 1.60559e+06 850095 729021 401725 424262 759385 724951 638579 895391 663620 1.70914e+06
 447605 412327 770908 695347 709950 484841 332972 436718 814729 713853 800641 628221 737649 1.14208e+06 1.05784e+06 964662 691622 687126 655500 625364
 467307 713929 1.77492e+06 1.28624e+06 750525 879471 926110 705776 788129 756725 1.00163e+06 753856 773949 1.13133e+06 1.32082e+06 1.12617e+06 807938 822810 1.78523e+06 3.05247e+06
 396195 374193 730506 567821 678345 1.24367e+06 1.05562e+06 849240 761701 709026 494459 559614 1.28183e+06 807027 472841 380611 210054 221049 436706 928241
 439745 1.3734e+06 1.20114e+06 1.54754e+06 1.39854e+06 1.04743e+06 1.37145e+06 940960 652660 1.86184e+06 1.45965e+06 1.23938e+06 992849 879242 970710 777155 670603 2.20525e+06 1.80541e+06 1.03047e+06
 474653 757078 474964 1.25823e+06 1.17823e+06 837310 813104 995068 846907 701139 2.42666e+06 2.07356e+06 1.76972e+06 1.45258e+06 712577 540525 469002 404858 430170 400537
 432800 435834 586613 950089 948593 1.13669e+06 774448 852776 778083 1.86395e+06 1.62693e+06 1.27954e+06 1.14665e+06 1.54329e+06 1.5743e+06 1.12246e+06 1.06168e+06 815841 1.19189e+06 1.12355e+06
 451882 1.18577e+06 1.2168e+06 916929 1.52514e+06 1.03312e+06 654889 565353 365132 992043 1.14475e+06 1.55495e+06 1.58861e+06 1.3979e+06 1.44133e+06 914286 878223 1.30716e+06 1.02942e+06 837850
 464262 906940 1.11053e+06 1.08065e+06 1.02118e+06 865252 894634 669114 488709 504390 858869 1.38388e+06 981205 1.28263e+06 1.35858e+06 1.27963e+06 742554 1.24149e+06 1.3975e+06 881048
 460052 787054 682422 1.18481e+06 1.39841e+06 1.05676e+06 963199 852903 1.21845e+06 1.23086e+06 935967 1.74313e+06 2.08511e+06 1.82862e+06 1.3896e+06 784778 1.1991e+06 958679 528528 814143
 449429 621582 634340 1.59836e+06 1.56796e+06 2.01353e+06 1.29488e+06 735966 1.13507e+06 784732 631587 696609 1.10899e+06 901214 772118 846348 657521 689615 607342 974971
 404744 593517 991961 1.21904e+06 1.0428e+06 1.41735e+06 1.11527e+06 977713 1.61761e+06 1.3517e+06 1.05397e+06 718858 506336 626266 368413 1.15992e+06 1.46898e+06 2.26124e+06 1.50573e+06 1.40426e+06
 448686 604774 860648 945000 1.60765e+06 1.79147e+06 1.42314e+06 798495 1.65249e+06 1.36443e+06 933878 493753 369741 440532 638080 490307 1.35015e+06 1.13342e+06 1.77047e+06 1.37466e+06
 435844 261577 615052 522050 756459 772788 2.17956e+06 1.71986e+06 1.02294e+06 1.54907e+06 1.45123e+06 1.0748e+06 1.20732e+06 1.57656e+06 1.14445e+06 881759 958606 1.67539e+06 1.46096e+06 961880
 410386 620638 490621 338662 1.33373e+06 1.33004e+06 959514 1.92781e+06 1.20764e+06 1.00007e+06 1.22004e+06 850736 1.37605e+06 976285 775889 556273 494774 341454 255718 618628
 399177 315364 498362 446737 574090 895866 881798 705982 801057 1.07095e+06 1.08416e+06 1.39914e+06 997097 742351 572164 631856 765157 1.01842e+06 983700 1.08294e+06
 415073 344709 281012 398114 714680 1.02682e+06 1.41848e+06 1.15239e+06 1.28663e+06 1.03332e+06 1.49702e+06 1.08438e+06 849301 773300 1.02931e+06 787654 1.17292e+06 998251 888217 781015
 473864 620523 526327 511551 734034 610698 961553 948189 1.14789e+06 1.23985e+06 1.25882e+06 964825 810925 1.01609e+06 947334 1.66503e+06 1.16139e+06 1.07659e+06 793134 750965
 450655 1.05189e+06 1.06901e+06 1.1547e+06 1.63407e+06 1.6796e+06 1.09957e+06 834448 1.93806e+06 2.20319e+06 2.07769e+06 1.1975e+06 1.02546e+06 1.15689e+06 845885 694691 1.76809e+06 1.53677e+06 1.60493e+06 1.9964e+06
 469562 775000 661868 617336 388466 307145 312212 360014 509836 689286 1.12565e+06 1.48064e+06 986975 1.12159e+06 1.54907e+06 1.21561e+06 790388 497640 729587 619302
 386374 348179 435655 400325 723896 1.54537e+06 1.78156e+06 1.30822e+06 707366 925870 1.09412e+06 758701 800233 515715 514778 571226 1.00041e+06 773937 976924 735862
 432223 1.61884e+06 1.20907e+06 1.57999e+06 1.32273e+06 892760 878676 917377 2.35473e+06 2.07346e+06 1.97525e+06 1.42408e+06 1.0207e+06 874526 1.26163e+06 978365 909001 845035 652635 1.25678e+06
 414889 530352 880556 638735 669308 1.09342e+06 832506 611774 516404 1.23015e+06 1.05082e+06 735566 521174 339183 522856 650623 542232 826427 1.07479e+06 998031
 451345 1.83826e+06 1.29261e+06 784933 1.08924e+06 1.27586e+06 1.19841e+06 869269 1.39916e+06 1.26695e+06 804665 1.16126e+06 1.7852e+06 1.46814e+06 863030 776131 1.13405e+06 938885 539781 442156
 462335 1.62399e+06 1.14651e+06 763747 1.43226e+06 944600 999368 1.22042e+06 810059 756684 758827 737006 1.51835e+06 1.31483e+06 845142 628247 470139 620083 854205 1.43979e+06
 413011 487223 494255 883460 991828 1.32364e+06 1.46682e+06 883973 1.06487e+06 1.21379e+06 1.03445e+06 555087 793087 967193 818437 659022 779784 619027 429323 806394
 393715 275248 620531 848035 947584 1.27298e+06 1.06466e+06 813538 1.30253e+06 801578 857824 1.09155e+06 639163 634899 563567 396979 395338 409609 595846 536538
 411993 438029 806286 671208 712511 1.30997e+06 1.38731e+06 1.14443e+06 999574 1.464e+06 1.59091e+06 1.13574e+06 843531 924168 774739 807147 1.31109e+06 971560 1.106e+06 1.23879e+06
 371871 350540 478584 825585 585167 433518 722498 794658 846976 1.27473e+06 1.66309e+06 1.51021e+06 1.40676e+06 794477 592710 362186 329098 826100 880210 1.30699e+06
 447374 480823 892664 1.1318e+06 1.15411e+06 1.06665e+06 988581 933339 1.33119e+06 979955 634029 559598 593812 550562 930279 796325 572831 883697 1.0561e+06 664183
 464472 950850 1.26548e+06 747242 870491 1.70619e+06 1.60494e+06 1.18091e+06 773105 588737 529365 454681 903532 1.10866e+06 1.00208e+06 823798 541474 626115 709537 728595
 473643 500099 475172 711626 589893 484071 1.26036e+06 1.14769e+06 1.64257e+06 1.43751e+06 1.02598e+06 1.27614e+06 918366 1.13998e+06 1.25209e+06 973045 1.34455e+06 1.72475e+06 1.262e+06 1.64178e+06
 496688 701863 1.11403e+06 1.26609e+06 1.38837e+06 1.35124e+06 1.89933e+06 1.64317e+06 884135 580724 442449 279193 318171 267619 338892 624920 1.22157e+06 1.12902e+06 1.10087e+06 1.07206e+06
 458807 501093 574180 780734 878335 1.38776e+06 1.12979e+06 972108 918032 994269 1.35445e+06 1.05563e+06 1.22831e+06 1.45479e+06 1.97227e+06 1.38575e+06 1.50504e+06 1.20895e+06 1.36644e+06 1.48992e+06
 400932 292685 666840 878560 857701 631120 537176 584431 848623 662975 2.18503e+06 2.1015e+06 1.38397e+06 2.18108e+06 1.45453e+06 3.03377e+06 2.46535e+06 1.135e+06 763331 1.4701e+06
 457713 843621 681277 662677 562681 808994 1.68545e+06 1.18742e+06 674384 709285 965014 806049 468794 923164 851531 1.72941e+06 1.20813e+06 635575 861261 1.04545e+06
 361295 392652 581611 586045 831722 712728 632361 835967 1.11488e+06 687244 457747 451953 706204 1.08815e+06 1.21991e+06 1.02859e+06 859738 854471 1.12823e+06 1.16683e+06
 403860 287482 500634 1.91146e+06 1.57369e+06 1.01774e+06 861141 931714 769236 420329 356559 475082 517081 977892 1.64858e+06 1.36175e+06 1.11069e+06 766040 634935 528227
 399134 279297 379490 382297 587480 949601 1.24856e+06 1.22194e+06 1.13525e+06 2.06417e+06 1.39532e+06 2.13189e+06 2.09842e+06 1.28548e+06 814761 829371 942253 693070 1.21573e+06 1.50891e+06
 468798 1.1942e+06 1.78078e+06 1.42466e+06 1.07161e+06 1.00668e+06 1.21476e+06 990671 624979 598067 938169 962631 1.83567e+06 2.23159e+06 1.50146e+06 765062 819082 1.20118e+06 803352 832768
 438276 638824 784744 567908 632906 655082 965587 1.1637e+06 1.22558e+06 1.04153e+06 1.32308e+06 1.29846e+06 843004 868665 578038 437113 610156 876482 822056 535496
 354393 192405 695304 1.01986e+06 998284 650110 553900 790439 645419 629262 868601 704199 888652 700074 374673 399940 1.15728e+06 1.11172e+06 621214 505686
 462731 744341 1.36497e+06 1.29729e+06 997150 787763 682206 789959 944550 997643 716673 699367 859607 593392 866918 1.37696e+06 976659 702702 472709 551734
 389382 316127 430197 491717 669002 586931 584793 717906 808957 992299 892229 764877 602106 445144 712829 670813 1.54253e+06 1.5229e+06 1.47307e+06 1.51291e+06
 474723 943555 674197 631027 707147 1.02356e+06 797547 923563 1.51698e+06 1.10601e+06 1.08811e+06 1.55547e+06 1.10416e+06 1.74681e+06 1.21151e+06 685347 779638 1.19464e+06 1.51846e+06 887060
 416495 439480 580245 595222 827854 1.1401e+06 898052 616331 775857 598071 1.67618e+06 1.25244e+06 788430 812727 708161 823077 561143 943973 888304 631390
 483256 606307 488368 349816 476426 504387 1.48344e+06 1.63035e+06 1.57715e+06 1.68643e+06 1.42788e+06 1.17452e+06 1.31088e+06 1.3409e+06 1.21513e+06 1.15844e+06 1.26419e+06 2.05694e+06 1.22915e+06 680319
 450090 522994 488871 1.07733e+06 1.3643e+06 3.45062e+06 3.11804e+06 1.77767e+06 1.81678e+06 1.03073e+06 1.20785e+06 1.05636e+06 1.13317e+06 1.25665e+06 998210 515565 1.77787e+06 1.78904e+06 1.75939e+06 2.17794e+06
 446863 686430 661026 853915 585949 918073 782309 416279 1.07338e+06 1.5502e+06 836638 593153 493308 667896 926458 784410 591401 845485 864766 568508
 430969 570143 681898 926966 787181 1.11387e+06 1.38434e+06 1.35118e+06 1.27672e+06 1.037e+06 979827 995007 1.28702e+06 1.08087e+06 1.45556e+06 1.59854e+06 1.11667e+06 1.76895e+06 1.52296e+06 958695
 428537 434122 342987 651403 524379 390488 1.03005e+06 1.08139e+06 935865 704259 724291 789134 581009 700267 1.2671e+06 1.68246e+06 1.20256e+06 725015 429870 306789
 476643 505238 649882 1.12786e+06 2.55075e+06 1.43769e+06 805684 662586 577365 627434 792672 688801 733196 687255 1.08751e+06 924883 671062 1.60286e+06 1.16617e+06 1.52239e+06
 403562 272725 468704 671726 593568 452425 1.41454e+06 1.14617e+06 731760 817233 574996 1.51167e+06 1.27128e+06 1.0375e+06 807957 991294 726024 990397 716353 973946
 429258 1.01783e+06 1.07497e+06 1.77395e+06 1.89024e+06 1.0845e+06 1.0777e+06 892026 457941 538098 364561 297229 539251 580968 584464 1.04794e+06 861989 875559 916830 989592
 421689 325475 285545 625412 557040 1.18521e+06 1.31539e+06 952988 1.17516e+06 1.44836e+06 1.44032e+06 1.12462e+06 673629 702097 795385 770119 1.26362e+06 1.05083e+06 1.51675e+06 964136
 434300 573335 1.1014e+06 971023 943072 1.02673e+06 2.28025e+06 1.94374e+06 1.20814e+06 2.52925e+06 1.72608e+06 1.93765e+06 1.51161e+06 897835 873708 1.15274e+06 1.24472e+06 1.29005e+06 902119 631901
 459605 513325 421669 516678 519295 1.0543e+06 969725 810611 755547 739555 1.0846e+06 1.36559e+06 916372 1.06116e+06 1.48821e+06 1.19335e+06 808708 1.40851e+06 1.27466e+06 617529
 426495 695756 800344 1.68145e+06 1.32266e+06 997960 1.03979e+06 1.39959e+06 2.49547e+06 2.22174e+06 1.23514e+06 1.13725e+06 732168 529561 715984 984401 1.13219e+06 1.49586e+06 964365 1.05824e+06
 405434 502399 710412 1.81993e+06 1.56476e+06 718896 748125 1.41894e+06 3.35281e+06 2.42525e+06 1.38735e+06 788741 990063 790302 477265 641311 535467 475077 665133 740233
 399928 356842 398552 1.15267e+06 958751 757416 920695 760388 642834 707902 808475 896914 866238 851460 647078 1.37153e+06 1.26322e+06 2.09756e+06 1.56019e+06 1.74888e+06
 370272 337841 618077 779110 679956 745040 660370 1.2001e+06 906404 1.31377e+06 1.31308e+06 1.76387e+06 1.53092e+06 1.85863e+06 1.4237e+06 1.23615e+06 2.11951e+06 1.55117e+06 1.03068e+06 784999
 475517 1.00868e+06 1.31673e+06 934417 790072 521309 472964 596624 409622 465924 666757 681103 605901 1.01167e+06 1.07636e+06 965475 674876 1.20579e+06 1.39857e+06 942460
 349911 224848 658782 809569 599277 601855 1.5615e+06 1.36474e+06 914921 1.6206e+06 1.68065e+06 1.25453e+06 969974 1.28955e+06 1.81633e+06 2.32605e+06 1.3325e+06 659975 607152 821896
 406566 491378 693923 981806 1.51998e+06 964286 590404 1.76742e+06 1.7452e+06 1.14366e+06 2.13286e+06 1.52134e+06 1.29603e+06 785604 608413 385000 498836 405730 380242 305005
 445832 1.2524e+06 1.50666e+06 1.2784e+06 989092 581973 667845 801979 617687 496791 560750 633734 736033 702373 689977 868853 1.39647e+06 1.09607e+06 738981 904694
 328535 120592 256371 366215 370110 917563 698408 456709 828217 699851 610616 487372 369478 388672 254877 313765 810948 716790 521498 1.07066e+06
 345429 208273 160695 112810 391043 390127 652489 1.24281e+06 1.29555e+06 1.62072e+06 1.90008e+06 1.4134e+06 1.06706e+06 945781 700948 969573 894025 620016 1.02066e+06 790813
 391571 309575 476598 656104 794673 919513 683264 896097 987006 1.35671e+06 1.05132e+06 761379 1.07125e+06 1.54144e+06 1.71937e+06 1.47414e+06 1.22021e+06 1.2075e+06 546661 274540
 472255 741427 585906 663301 639306 407871 274812 567994 427669 730104 674256 651137 503535 481614 610438 733601 815696 784116 1.24169e+06 988123
 402141 562116 410556 476934 458940 529610 885946 792016 917757 942595 785996 635447 720870 640398 965209 933588 1.73421e+06 2.22141e+06 1.25579e+06 1.32376e+06
 410657 476529 593770 510703 519598 774994 570785 691562 640986 726333 726655 1.30156e+06 790591 492193 659849 998771 984153 910948 1.20599e+06 915306
 471226 646411 792572 617816 1.82228e+06 1.70874e+06 1.01274e+06 852783 783408 1.50637e+06 1.1015e+06 989741 1.03664e+06 1.00984e+06 915675 872304 1.02969e+06 1.02644e+06 929840 703534
 456435 1.00152e+06 787720 953652 1.43296e+06 1.21062e+06 1.6381e+06 1.75933e+06 1.55489e+06 1.18101e+06 950957 1.50706e+06 1.07046e+06 1.90205e+06 1.78027e+06 1.14896e+06 1.09199e+06 1.93298e+06 1.9624e+06 946030
 438473 695298 707503 962937 2.01805e+06 2.30044e+06 998682 1.71533e+06 1.46777e+06 1.45559e+06 865247 935178 1.61312e+06 989489 1.06723e+06 829573 908293 930828 809268 402226
 461176 842204 897286 691176 1.32315e+06 1.47593e+06 1.69481e+06 1.41588e+06 941633 852527 629792 898408 1.21039e+06 952276 587337 1.06457e+06 939440 761511 832853 644366
 422183 359858 432790 463540 475304 2.1239e+06 1.42545e+06 953482 609403 540515 512169 924266 992995 904026 925394 1.25278e+06 1.59987e+06 1.6214e+06 1.60248e+06 1.59539e+06
 408888 675212 640751 536406 626347 520343 1.45121e+06 1.3802e+06 1.67851e+06 1.16167e+06 1.00253e+06 952268 721251 1.03476e+06 663328 539741 1.13866e+06 1.24125e+06 1.37405e+06 969471
 421997 370959 598369 658285 595511 707486 580610 997941 982044 538712 403007 208471 397968 865516 848149 991145 604136 1.04196e+06 1.02372e+06 1.37354e+06
 440300 557098 454599 346657 639293 827474 790944 1.17594e+06 1.19044e+06 779867 1.3806e+06 1.54884e+06 982702 677290 555013 517562 1.03487e+06 1.04333e+06 1.72348e+06 1.42015e+06
 421482 544405 949296 1.32874e+06 1.09718e+06 815401 899331 1.53765e+06 1.85835e+06 1.45258e+06 2.20164e+06 1.68238e+06 1.00402e+06 689471 898883 1.28013e+06 1.27251e+06 1.40148e+06 1.88706e+06 1.46286e+06
 382707 280116 529859 497141 753919 546353 461865 1.3576e+06 1.86877e+06 1.26288e+06 638451 291522 236227 707060 602348 440804 396421 525025 551320 1.66855e+06
 436836 720005 503961 539012 471210 576895 818872 761966 571098 1.16233e+06 905717 1.23573e+06 896094 427204 367285 771069 1.85722e+06 1.70805e+06 1.17519e+06 887718
 422523 498361 536767 485275 799605 723786 896538 1.08277e+06 1.30322e+06 1.04419e+06 499968 590465 483044 467879 457281 992871 674377 1.8737e+06 1.56037e+06 1.13708e+06
 434353 727601 628358 571359 397520 578390 410234 282858 443112 762612 616015 1.27779e+06 1.18527e+06 2.5296e+06 1.88467e+06 2.39764e+06 2.20411e+06 1.35655e+06 1.15298e+06 1.25996e+06
 416009 278755 233171 302523 510347 700508 1.47369e+06 2.30535e+06 1.55545e+06 1.02315e+06 565626 755928 720003 1.0043e+06 1.76554e+06 1.24701e+06 1.65492e+06 1.42973e+06 1.19939e+06 1.75117e+06
 347004 240502 382370 746974 1.14284e+06 1.31398e+06 1.78853e+06 1.12924e+06 774788 1.57482e+06 960719 518155 467826 352923 829296 646931 515138 763858 959552 691430
 418128 449743 1.00449e+06 1.78871e+06 1.30786e+06 735945 535780 715675 710302 1.07307e+06 1.17416e+06 1.41347e+06 1.05633e+06 756950 711654 701894 1.19682e+06 1.52295e+06 1.18333e+06 1.03308e+06
 472577 810294 843419 602250 1.01213e+06 1.76072e+06 1.46821e+06 887048 1.7295e+06 1.08483e+06 829538 594300 475609 234731 155664 823527 982726 1.31494e+06 1.34996e+06 1.48515e+06
 453463 861966 860815 1.0098e+06 858332 1.67358e+06 928680 562478 905670 924032 638248 995378 997323 1.02894e+06 1.24309e+06 947520 563629 925166 969202 704301
 418820 911900 821978 702684 1.56415e+06 1.6723e+06 1.31011e+06 1.31407e+06 988640 467815 271941 618026 798513 859630 1.54158e+06 1.4098e+06 1.0773e+06 987957 1.41286e+06 1.79763e+06
 390822 322320 1.38009e+06 1.67006e+06 1.00144e+06 569652 470313 769139 1.0069e+06 871265 801702 769330 702476 1.34442e+06 1.68965e+06 1.0448e+06 668578 608275 550841 806238
 454909 1.16818e+06 893892 779787 1.28235e+06 1.50833e+06 1.6598e+06 1.1531e+06 902391 747095 777891 1.26324e+06 1.18428e+06 1.28636e+06 861326 889697 1.24967e+06 898196 679311 663112
 456459 969063 816479 1.09254e+06 908975 693804 996942 907309 673478 914866 939729 1.19743e+06 946708 495082 1.65263e+06 1.25721e+06 1.0708e+06 1.122e+06 1.00491e+06 1.20608e+06
 427324 264127 324527 650746 599843 585562 521188 641624 985049 1.06686e+06 1.19878e+06 822290 766823 628061 954039 877492 1.00949e+06 1.01436e+06 1.03952e+06 684293
 445110 1.12138e+06 976930 1.24643e+06 1.14458e+06 774279 2.02991e+06 1.85614e+06 1.46564e+06 1.47626e+06 1.08905e+06 1.05843e+06 958453 2.89977e+06 2.06246e+06 1.0785e+06 805075 1.08278e+06 1.24792e+06 661736
 432836 836090 674443 660459 598772 1.34278e+06 1.22811e+06 857776 546792 948117 786857 1.00225e+06 1.51061e+06 1.00691e+06 649546 1.03277e+06 1.18438e+06 1.18677e+06 1.02661e+06 897093
 444840 567447 1.01243e+06 922654 1.00504e+06 1.91006e+06 1.47937e+06 1.48833e+06 1.48255e+06 1.12303e+06 931471 1.05286e+06 618625 328676 359446 487564 777883 1.33051e+06 695865 542761
 366269 312875 409259 966912 1.96013e+06 1.44034e+06 1.64342e+06 1.36733e+06 1.05345e+06 1.05617e+06 827206 615909 965892 1.08523e+06 1.15223e+06 851163 821105 721522 631748 912067
 416610 503089 347127 564007 682753 1.1931e+06 946731 488017 385994 428461 281969 479952 781250 721820 1.65787e+06 1.0738e+06 480300 433309 587748 644241
 434348 1.29774e+06 1.03004e+06 857355 845469 968215 1.05482e+06 835034 666909 918381 1.20024e+06 981464 472168 1.38295e+06 1.64592e+06 1.61385e+06 1.17959e+06 570777 361629 618241
 405997 143747 84998.7 130210 230832 419319 753699 642950 1.07588e+06 1.21997e+06 1.2437e+06 985271 595720 446141 639524 531516 436873 906437 657605 945398
 382928 428764 569751 1.03811e+06 1.2365e+06 877351 1.85585e+06 1.77753e+06 800663 697660 555543 314752 402492 363210 1.33328e+06 1.15498e+06 771652 1.32589e+06 1.49048e+06 1.05937e+06
 464682 921581 960188 1.13823e+06 968909 697699 1.0484e+06 1.04677e+06 661404 628211 769833 1.20437e+06 1.52836e+06 955352 570607 483417 695074 778758 2.09111e+06 1.6618e+06
 432332 871660 1.31905e+06 1.14903e+06 758320 1.82562e+06 1.53804e+06 1.19249e+06 887126 1.22729e+06 973179 783139 529880 645192 504103 421920 801350 1.15614e+06 1.30712e+06 901677
 425562 403040 314163 828238 610847 412752 964274 1.04807e+06 515415 313083 1.8649e+06 2.01668e+06 1.7373e+06 1.77671e+06 1.16172e+06 1.14867e+06 904289 762825 1.60865e+06 1.59228e+06
 453696 732235 939826 1.23172e+06 1.16268e+06 1.0454e+06 1.52233e+06 1.10385e+06 933658 1.63565e+06 1.46035e+06 1.70866e+06 2.4313e+06 1.57152e+06 1.31127e+06 931646 3.23145e+06 2.9388e+06 1.22731e+06 878514
 438127 585922 1.78934e+06 1.52442e+06 1.77659e+06 1.51433e+06 942257 612839 659265 742189 628384 755699 591373 713917 483039 660962 743821 512179 846646 1.5456e+06
 437647 1.35896e+06 1.10105e+06 630542 645506 585521 1.10167e+06 1.10665e+06 966487 762425 440911 509781 722920 815621 1.50691e+06 1.31148e+06 1.14337e+06 3.20661e+06 2.3149e+06 1.39052e+06
 466505 1.55975e+06 1.60343e+06 768020 326726 433530 467078 863792 986992 879608 970976 1.01022e+06 1.2689e+06 979295 1.76451e+06 1.40444e+06 812220 572749 576549 515755
 379287 315648 1.01943e+06 768025 449872 514803 776054 1.22454e+06 2.00585e+06 1.6885e+06 1.08957e+06 604190 522131 620699 523222 200213 187934 332726 213660 508964
 421437 553261 561205 776793 687143 1.57173e+06 1.01102e+06 848002 2.063e+06 1.95307e+06 1.17925e+06 1.06756e+06 1.41124e+06 1.06341e+06 1.15249e+06 1.12696e+06 864354 707851 465933 1.05418e+06
 439418 1.72688e+06 1.31698e+06 605484 431729 512635 421588 469408 477727 578049 3.68315e+06 2.90797e+06 1.59067e+06 929791 667819 382864 341643 315233 1.09242e+06 1.0321e+06
 409243 532267 842435 779732 714734 728844 601458 811039 1.13267e+06 801972 445763 621333 908141 1.08539e+06 1.0828e+06 932759 703523 398250 854035 770473
 435359 596013 609930 592010 850629 866405 980802 954716 678613 1.07987e+06 965689 938250 1.77058e+06 1.51995e+06 1.98824e+06 1.62145e+06 1.65564e+06 1.87031e+06 860724 557413
 399440 567786 544527 921198 1.66355e+06 1.39996e+06 953446 994170 957919 680261 850814 1.04847e+06 867499 1.19067e+06 923875 1.01766e+06 842562 830262 681254 787562
 308152 125868 489777 760114 658331 504171 459901 333299 985039 1.16304e+06 1.08707e+06 931278 732212 667157 892290 1.00045e+06 898902 809859 837664 1.05393e+06
 455004 724315 445251 715345 633319 972268 1.26189e+06 892360 624872 599803 634251 508253 843683 766003 957578 1.15997e+06 954719 723755 737863 1.11419e+06
 500293 433250 1.50254e+06 1.36375e+06 1.1758e+06 1.30379e+06 1.02543e+06 795068 813612 443316 1.81214e+06 1.93069e+06 858841 881878 1.1312e+06 1.6396e+06 1.37885e+06 1.57934e+06 1.18487e+06 1.03406e+06
 449259 730691 1.13646e+06 1.28376e+06 1.32391e+06 1.33295e+06 887306 968664 720960 600400 1.38468e+06 1.80902e+06 1.06837e+06 691002 1.34493e+06 655825 511895 493587 979579 1.64713e+06
 441923 480829 516561 332224 638419 855658 919240 1.12637e+06 1.25161e+06 1.53859e+06 1.64912e+06 1.27447e+06 1.17671e+06 607076 668083 675026 558020 664575 1.66151e+06 1.38097e+06
 395044 391132 407177 364912 629462 871427 687501 909651 1.64609e+06 2.23246e+06 1.7202e+06 1.21869e+06 847600 611404 625293 611301 901659 956931 870179 829826
 436759 490799 586845 1.23917e+06 997845 1.04242e+06 1.48615e+06 1.64396e+06 2.16494e+06 1.38002e+06 1.42176e+06 986398 849457 1.19469e+06 1.10292e+06 1.05518e+06 730116 382639 632591 809158
 449111 728550 520466 397326 1.37283e+06 1.58904e+06 1.82775e+06 992978 1.28046e+06 873268 1.3483e+06 1.06185e+06 558532 597771 878614 551663 448012 347636 1.01582e+06 787954
 445567 584449 645612 972148 959491 1.02681e+06 1.07005e+06 600730 411312 1.76389e+06 1.93179e+06 1.65412e+06 1.57475e+06 1.3465e+06 937750 1.38017e+06 904075 794791 912878 833636
 442072 383338 476122 497280 1.35542e+06 1.14269e+06 1.31219e+06 1.21007e+06 1.42194e+06 1.19149e+06 1.12577e+06 904784 1.05135e+06 865121 832565 847449 677255 463028 547081 870359
 460377 1.09843e+06 917494 919342 645636 811114 1.60377e+06 1.30396e+06 1.07777e+06 612201 699366 473489 520752 864345 1.07619e+06 808204 474993 726765 1.03843e+06 1.28802e+06
 429150 399555 513878 544184 316146 433218 451256 2.09802e+06 1.39937e+06 1.24483e+06 1.5471e+06 1.26573e+06 862780 1.97329e+06 1.84285e+06 961099 538362 664162 572943 582978
 441098 401713 301217 351344 977057 960370 1.24014e+06 988308 1.5562e+06 1.78065e+06 1.67973e+06 1.44183e+06 1.02909e+06 583490 338513 217198 238700 417192 603116 864100
 458519 1.31953e+06 1.435e+06 1.0509e+06 1.57705e+06 2.07925e+06 1.72174e+06 1.05419e+06 547038 573716 624883 424484 248668 621067 475173 1.79005e+06 2.15503e+06 1.51337e+06 838801 950683
 413026 487282 453529 716979 606916 434450 1.10089e+06 2.38603e+06 1.9116e+06 1.13263e+06 1.08467e+06 916199 690951 892501 854549 1.12006e+06 857580 746301 709751 1.49829e+06
 392140 370028 366616 216803 297720 580701 790262 1.6842e+06 1.40438e+06 1.13465e+06 836480 617009 729665 695361 799779 870684 620010 1.15374e+06 927892 714704
 467814 765193 746398 1.10619e+06 1.64218e+06 1.34515e+06 767392 1.50737e+06 1.87371e+06 913359 404298 1.20544e+06 912834 1.1067e+06 790230 780776 901562 737160 437636 551570
 455195 2.03228e+06 1.8436e+06 895149 334253 644876 789924 1.24069e+06 1.08332e+06 779839 633711 601145 545432 564175 510298 444367 794003 833458 595655 864313
 416169 674044 593872 567133 463756 1.00954e+06 803237 638602 603982 969723 869323 730324 457145 397796 647946 870632 556164 602343 1.03191e+06 1.15331e+06
 431260 387882 530590 459036 797750 720135 1.72295e+06 1.14555e+06 942003 751385 502913 911166 1.21518e+06 1.99258e+06 1.89295e+06 1.32208e+06 977417 958586 702495 439738
 418060 448580 513510 650177 1.25472e+06 1.82803e+06 1.46547e+06 2.12735e+06 1.34289e+06 851010 925879 1.0287e+06 988832 898093 876077 1.30945e+06 1.93244e+06 1.57761e+06 1.42313e+06 1.17735e+06
 464111 1.01679e+06 1.05001e+06 872247 733157 1.35979e+06 1.12595e+06 895767 1.08867e+06 861089 780442 962479 1.5449e+06 1.22326e+06 668256 512329 341254 495186 529077 383747
 409307 346130 692509 693857 915774 955206 866089 796405 859909 741006 1.20791e+06 1.0199e+06 819632 1.86023e+06 1.68122e+06 1.31628e+06 773660 572122 541567 541478
 435250 699516 1.05534e+06 1.02979e+06 1.43299e+06 1.6308e+06 1.85345e+06 959532 923139 1.42585e+06 1.53954e+06 1.07204e+06 878065 1.26529e+06 1.05776e+06 1.66363e+06 1.31262e+06 620702 456181 775619
 445669 615263 514272 715827 635434 496918 534220 817798 829354 500880 280427 688344 866546 861199 908463 747136 1.32734e+06 912783 477496 562064
 413415 373926 688836 813596 1.35254e+06 740309 572336 817646 1.41549e+06 1.25466e+06 880943 1.05163e+06 1.08899e+06 2.2604e+06 1.36681e+06 677112 1.24324e+06 1.64953e+06 1.42784e+06 922789
 385041 351008 453814 651629 609613 504035 860965 1.5242e+06 1.79765e+06 918058 430198 372826 530301 1.61101e+06 2.58016e+06 2.26284e+06 1.20142e+06 808865 929056 839704
 451019 1.59136e+06 1.4075e+06 1.16019e+06 2.05575e+06 1.68796e+06 2.49839e+06 1.89215e+06 976221 651828 471811 900064 848660 1.15194e+06 1.54203e+06 3.13176e+06 2.46143e+06 1.0489e+06 504326 449895
 456044 1.22182e+06 2.2696e+06 1.78977e+06 993143 2.0437e+06 1.24029e+06 852032 883362 682591 1.02981e+06 1.03008e+06 769957 391888 302278 557358 712542 2.08727e+06 1.89076e+06 1.1013e+06
 427342 582725 941502 1.1983e+06 921773 689641 589773 1.13963e+06 1.2747e+06 727784 1.56284e+06 1.34598e+06 1.68867e+06 2.26665e+06 1.87352e+06 1.94295e+06 1.59127e+06 1.03464e+06 481814 518739
 346478 191185 346961 501244 965625 1.07079e+06 1.63943e+06 1.98762e+06 2.01117e+06 2.21393e+06 1.19312e+06 1.20142e+06 1.46917e+06 1.09026e+06 1.51631e+06 1.0461e+06 652281 690456 603673 385139
 451866 435419 601094 1.84913e+06 1.30342e+06 822150 653795 570749 995691 1.54841e+06 1.11401e+06 507536 365398 375677 1.32314e+06 1.36147e+06 879409 926317 884561 759069
 402649 363589 632803 632288 682618 1.34959e+06 1.41547e+06 1.02734e+06 1.16906e+06 1.31199e+06 1.1879e+06 1.33185e+06 1.40609e+06 959429 385249 513795 460975 572737 846300 649638
 450322 938230 773383 1.25151e+06 1.13551e+06 1.56248e+06 2.36032e+06 2.05149e+06 1.15745e+06 1.11392e+06 1.49436e+06 975854 676960 771757 1.53461e+06 1.44954e+06 1.22495e+06 799176 558155 801874
 371505 307419 1.06658e+06 1.04877e+06 614010 467927 622613 459277 461860 464679 441316 903356 868383 783284 1.01403e+06 914023 812932 742000 1.28609e+06 1.16087e+06
 441164 556876 821757 1.09394e+06 1.41325e+06 1.90854e+06 1.31947e+06 1.4784e+06 1.10712e+06 1.11493e+06 640138 590153 694589 1.1745e+06 1.20958e+06 959550 1.32097e+06 1.05989e+06 997227 1.00238e+06
 461283 866273 840058 546857 810937 1.08535e+06 751565 606377 713451 631791 837854 645968 486017 408059 795315 717296 1.0315e+06 1.56308e+06 2.13386e+06 2.19616e+06
 388245 394374 658021 1.0645e+06 1.0718e+06 617726 431099 824206 901833 950561 2.9573e+06 3.12193e+06 2.56366e+06 1.85948e+06 1.00854e+06 547170 2.10462e+06 1.94031e+06 1.00389e+06 601738
 464821 602495 570974 496151 1.23789e+06 1.38339e+06 1.17698e+06 2.62323e+06 2.08972e+06 1.63257e+06 2.15893e+06 1.76924e+06 1.04989e+06 675195 1.31245e+06 1.04303e+06 1.12688e+06 756947 1.23415e+06 1.64167e+06
 453685 563647 518618 841477 787974 1.00156e+06 1.06045e+06 1.63205e+06 1.29668e+06 726655 1.32559e+06 1.7948e+06 1.33623e+06 1.18238e+06 866338 658255 463118 554775 749431 517300
 449372 914497 1.22384e+06 1.31632e+06 1.01018e+06 957365 1.06497e+06 817628 623977 767963 877377 649931 384252 362779 810032 593642 825952 952974 1.67979e+06 1.37138e+06
 442659 776058 554219 552395 492434 779301 836181 833925 708781 2.09767e+06 1.51955e+06 1.19291e+06 1.86815e+06 1.95132e+06 1.93959e+06 1.75938e+06 1.42146e+06 811226 1.14744e+06 1.08255e+06
 451161 635996 984202 1.0285e+06 724483 678177 348373 310699 526657 543534 446745 442031 1.19399e+06 1.59109e+06 1.29711e+06 1.0245e+06 604707 382812 320140 514420
 438837 598765 736749 2.31158e+06 2.17523e+06 1.4342e+06 1.26355e+06 764187 651117 1.57178e+06 1.44799e+06 687095 713566 552922 896199 1.11317e+06 1.09107e+06 711515 482829 600691
 436336 641156 1.09211e+06 894869 1.07119e+06 1.11863e+06 1.1973e+06 2.19706e+06 1.61779e+06 964488 798497 930728 912416 769237 942211 582159 385195 1.33767e+06 1.38242e+06 916757
 400121 373998 1.49197e+06 1.38669e+06 1.30532e+06 1.07984e+06 1.60976e+06 1.13405e+06 1.67164e+06 1.52229e+06 905086 636455 1.83406e+06 1.44706e+06 1.01206e+06 956719 688717 425344 297162 378407
 462694 552001 431818 405314 484870 1.23652e+06 1.19465e+06 1.13225e+06 3.29564e+06 2.53281e+06 1.7815e+06 1.30901e+06 1.65084e+06 715074 296340 508613 974469 551230 724320 1.03569e+06
 423262 651658 882470 730932 591750 457385 472891 483184 1.08772e+06 938659 586860 728583 554627 1.08462e+06 1.03287e+06 960631 1.5168e+06 1.42832e+06 1.23687e+06 1.31258e+06
