 172874 127857 131005 134881 128607 84605.7 376048 709518 101636 270483 149243 109595 425304 260899 450092 371858 332171 226615 492881 292891
 152296 211972 121305 108408 184284 90258.1 234997 148948 663983 133218 89082.9 275349 177479 187054 299357 99255.5 398104 343057 495537 130121
 88147.5 146161 406307 407030 611343 610822 169534 220817 274056 88612.6 411588 253065 634302 287881 250756 184906 256773 174858 374318 249901
 277140 99991.3 376572 150829 140235 103376 224212 351085 62412.8 99027.2 308940 206999 202465 601655 504342 142995 148686 920138 153438 237307
 386385 303134 163945 201403 100683 154257 147129 174274 107229 224154 218820 684075 171183 269392 232753 207572 96641.2 63081.6 145027 126645
 369715 266175 368342 519703 62692.8 115899 248632 90948.8 284948 362595 108702 360224 206880 285936 211581 287505 489569 365938 205813 607094
 175218 236296 96488.5 292063 102197 81580.3 232523 701179 40608.5 226214 83306 466273 81415.1 121922 209155 76973.5 178898 190406 145803 170171
 360041 371258 327872 122024 461078 110615 652442 273771 567913 832942 758792 411803 115559 598818 179380 256863 347219 117679 503063 286521
 751925 307724 176574 163986 401672 170612 116786 252076 891446 54402.4 135891 231161 384784 219267 280190 82522.7 367777 98995.7 422465 178144
 410062 512859 415906 80199.9 279511 174050 613873 204716 145566 102444 136360 96702.9 170439 50449.9 115727 143708 46129.4 233368 259414 519384
 58763 133348 90669.9 190611 141340 355256 122371 340860 219344 124634 142700 165775 483497 412593 295176 319412 134069 211750 128441 117493
 148545 89502.9 200746 226108 142268 214817 194323 242640 207185 92201 46060.7 79641.4 75341.4 56503.1 34774.1 200082 87498.9 127943 84256.3 207653
 79329.7 220134 71551.6 160084 110097 156592 164825 648898 387557 213915 328743 246403 99486.4 491248 223077 103555 149835 172844 134191 348190
 149343 97067 152178 430193 75379 114359 315350 79646.7 493468 169196 1.23983e+06 165382 222915 287264 234408 141417 215783 144202 96463.1 125979
 210269 282151 407974 99513.2 854391 491568 167878 443916 105768 343440 246394 453159 121303 181735 187302 515212 174150 151719 265306 599241
 295860 323341 290805 149727 124335 98080.7 226895 243676 230126 451496 387665 238280 1.24672e+06 88001.7 149956 445372 251103 223641 57097.8 250105
 122759 435760 207982 178128 708755 402425 200309 496034 141121 159571 454027 322021 113939 296514 262665 83675.4 231945 285525 241631 410092
 224006 159778 117750 99294.3 180485 243451 176333 226753 161815 116631 214994 385540 291137 281804 218396 261163 36441.2 239097 181314 138023
 342976 116922 157177 156574 397641 343868 161764 150943 299668 277753 110015 408684 726083 192662 74530.5 155551 165558 462470 121236 544758
 268585 48590.5 188203 211991 421140 231176 144365 145941 305468 368702 772668 253210 356842 145741 201460 203962 396619 209716 160279 73222.9
 95070 114325 301512 190881 262956 147563 339968 87689.5 264110 168773 134389 83679.5 105623 86862.9 303645 561312 300296 502294 530484 267272
 287299 351541 882170 230747 144766 329752 264429 220134 46646.3 448675 254797 624158 335605 349369 194244 479897 69726.6 72170.4 188692 291832
 376537 293558 93732.8 527018 362461 162501 296342 175907 80133.3 151362 107525 80940.5 177582 247109 289640 97408.9 151929 365904 312776 223729
 276793 201240 341513 136412 248997 103921 130152 258467 111831 250095 123172 175264 181183 325538 341570 148665 128903 689953 315347 330208
 158914 204803 836255 289713 109778 358533 284390 415958 133152 381950 311359 84153.5 305335 310509 341293 536908 124259 204243 601988 167839
 84853.2 135216 150976 140335 116861 75755.6 220522 321348 83906.1 99827.2 187784 319905 498358 429720 203626 191788 202764 71737.7 294854 207283
 433717 205489 113663 202029 166218 295175 144593 191837 135865 125584 211354 106270 561519 157038 224687 90090.1 203297 140989 271587 200078
 177639 97042.4 236640 242323 255625 130194 126361 612852 176698 623193 122527 105712 423144 273579 137424 205132 178724 421937 320011 535749
 147749 328629 370057 200701 117168 232837 295218 107355 156467 343953 183649 152024 277790 147950 237807 266766 440002 158224 195311 137958
 593558 286177 255775 104138 115051 154018 52393.6 274677 138620 74312.6 207798 161609 337761 531165 65617.4 209880 222388 92978.9 283021 411167
 290676 922245 127561 128229 292922 629190 76558.6 269765 653815 99125.4 281175 226056 731044 123303 567319 220751 341501 241397 183114 164154
 96211.7 80735.3 162945 73090.3 53461.7 159652 172626 114465 95385.4 168992 432698 204719 88189.2 192339 160071 149988 145452 255746 104570 359356
 207328 163750 127035 26600.9 446836 176567 109286 195143 93996.7 72732.8 348219 447552 281447 372402 590931 197262 336213 125263 206712 79687.2
 321288 177796 130251 61804.8 123928 92767.4 114155 148381 162372 208091 135984 263127 422053 258082 290349 178095 222801 402424 114960 122998
 110159 198495 110577 198754 218050 74047.6 304858 234993 60589.1 87038.1 199008 169536 442198 248403 90635.6 117367 217989 59132.3 135797 250508
 177247 359540 232820 330992 287001 201501 711371 185292 199739 255766 323063 522777 164271 190825 124284 260047 107581 73791.8 203874 172469
 178264 487820 187831 532546 226237 709660 674271 211132 412914 150407 191276 757522 190553 182800 186684 145269 129362 231254 119617 252280
 561130 73723.8 130967 248247 246914 828596 587769 474127 281544 129733 244329 55302.3 182724 278721 153337 136503 277084 106767 684653 126274
 108602 230579 122815 188206 49395.4 73492.3 104138 265058 110937 185539 118073 185648 266390 199866 179993 136290 194857 135645 100009 325051
 198004 456375 81038 144145 226798 174548 90014.5 255610 204289 299630 117261 202560 368737 299412 209243 176392 291683 706507 737588 620608
 105375 181844 80727.2 164853 327378 221514 141800 122943 172973 122339 176022 394943 46441.9 83150.5 106640 52128.9 93978.3 156063 234308 1.31046e+06
 478954 112486 596629 103656 146834 474197 113894 205286 643500 92641.9 287424 184888 224717 236523 160140 159474 818189 170200 118968 179105
 238108 31899.3 470769 153454 158032 218133 268688 175956 185572 785630 225889 471162 178316 68723.2 202647 110051 126615 135892 110898 157409
 120527 141726 237737 152101 345433 53164.5 236607 164334 668450 203870 260890 180327 407124 367191 273591 258046 190258 456233 198293 128154
 434681 136220 184760 411268 88352.3 122222 131167 75378.5 383166 236978 520699 300761 250577 322377 87936.9 248820 392500 220064 196077 164916
 308868 202428 164657 188158 149402 224765 108757 117421 134236 153775 403306 145228 401939 217700 280424 62512 441525 297212 95240.9 348085
 258555 91369.2 389033 302914 150135 281683 119808 401561 268309 212749 539546 554321 595607 126908 119034 374814 183712 109388 274360 85451.7
 207410 144858 482363 237533 443602 130188 170756 299089 106775 175377 193933 302941 116861 147279 263322 99304.9 193469 140615 338541 308638
 243270 239927 256535 219325 468239 143990 229376 402833 258437 256195 100288 83208.8 225468 24836.5 444102 289354 686467 124963 451178 139765
 192848 202166 222807 547360 238378 181513 77316.1 545343 287727 114871 79853.3 143126 127751 196456 92075.4 461656 94411.4 600371 173773 431413
 46333.1 228363 55969.8 242818 105515 720426 78656.8 149678 526210 266437 234360 367010 409827 170382 264409 244359 423038 270430 218307 82684.3
 221775 58604.9 71849.8 479490 239666 152126 561781 107964 314806 233875 97342.5 394092 159002 223828 78057.8 129624 75992.4 73414.3 285064 179842
 100958 155191 99859.8 200604 221804 178049 122007 214524 251993 172116 415230 161198 157547 89202.3 172075 262143 291159 195572 274466 195618
 121795 71266.2 112085 188535 260556 364274 167255 333628 174897 568707 106514 163237 166649 336895 128067 400336 145924 177152 254588 182725
 258258 99145.6 123327 216638 83025.2 319761 283269 330158 198048 371416 126157 219767 210643 165785 677743 43049.3 255601 132457 204396 358809
 384996 134672 274675 575615 255312 111622 159577 736355 372648 315356 126058 270113 343929 81310.3 150021 722256 147572 433191 483471 424277
 243310 124118 124479 85153.5 101864 100274 85196 160160 200573 370538 394354 64320.7 283293 389073 229522 122163 96661.8 241719 100854 169853
 131084 131653 75002.1 246009 477984 339068 117705 100447 341981 307426 166756 227274 75107 172806 169986 295473 135387 355110 75756.8 346771
 592861 60009.4 491188 173972 142895 252573 226213 1.08221e+06 310890 494113 177706 210797 209134 454287 164766 228857 153635 188018 351664 305135
 195974 230552 87037.6 202416 291984 51448.1 174268 122665 471369 97498 133733 104886 81973.6 223372 159933 87264.8 234529 239107 217490 667844
 601510 70402.6 122710 339703 408038 202314 138631 438750 229283 150911 440355 443644 103748 153514 196928 354619 186718 100320 130996 154792
 546180 76579.3 135179 477359 145506 339293 216225 138840 205906 192497 163515 555985 214357 114729 114502 82223 179902 251569 596310 212158
 143803 85965.3 346040 235276 295834 263577 108486 355697 274016 181881 63323.9 342053 235092 182620 151780 239432 127919 107675 252032 362209
 70726.3 245990 235966 237308 361000 133171 218520 473185 54543.2 284452 227854 85323 205244 146697 107620 117950 93462.5 212564 67302.5 122625
 132207 185662 120954 225862 320141 219098 250562 214904 530260 336910 174750 199634 248706 117521 196878 436610 115499 380408 298850 301110
 209573 156401 211958 78181.1 96196.3 313701 196732 214462 264946 508973 282137 331542 66537.6 152911 80964.1 112699 248162 199176 388171 125874
 123064 265655 293211 176233 265314 221218 156562 354428 126771 178104 128129 172228 134568 281204 149303 122175 314705 197109 95974 220375
 396395 237967 55692.8 243783 514435 292021 179955 122550 117580 147483 145032 323366 229740 166644 167626 84751.7 145694 176968 192778 139343
 147959 147168 248322 65101.2 80451.4 399506 158802 460597 253049 331564 369234 59891.1 319989 294963 209217 426908 542855 204182 544777 62113.4
 172861 374326 264478 294058 286621 521565 306558 82722.6 174850 138324 60104.8 112606 78994.6 121981 261426 313183 211739 368043 226565 68588.8
 153653 110705 208021 216286 493001 75418.3 179389 197818 277275 336953 206548 429331 486067 516761 153690 380935 279816 494706 318784 211040
 98688.4 317928 174788 169721 124083 125256 132013 247465 116934 903113 341428 224464 640788 192055 1.08912e+06 251981 140231 180190 519297 194341
 247520 98633.9 197458 144654 274240 407692 134164 115756 240472 291850 111579 70980.8 289818 137811 662279 83031.3 94638.6 251880 237094 130811
 159304 142705 107490 225684 124143 111991 308177 218892 54016.5 124486 123761 192191 247550 293771 222862 150154 181743 299132 176724 239676
 72538.7 143415 594287 157575 197774 200116 255961 107368 53880.5 152425 172603 108649 357200 369107 197040 312920 126105 204699 121212 202099
 76624.5 116281 79427.1 188900 255321 371978 217434 269108 716264 85640.9 833929 265228 356810 171141 280974 212914 120782 449674 361738 120032
 409957 611204 142716 151300 214151 340522 155553 132132 154147 353109 248063 484474 597635 105796 123038 262808 321285 107603 238206 362490
 193391 200831 112559 140076 118526 324615 284511 252079 199958 311318 216911 68694.3 302086 96720.1 137699 205548 219172 179844 86277.6 180452
 49319.8 293981 281645 233601 79811.4 139388 212101 104777 191752 208078 85833.9 218765 109066 69675.6 110874 358483 218455 87430 155744 264272
 242786 311459 249413 171376 240042 183859 199209 330355 186515 145934 173850 215613 38628.3 313514 382357 192453 137028 63002.8 146293 180811
 99434.7 100096 102745 227287 92025 127711 196462 175496 221453 212928 129541 138863 103158 263130 145670 614429 226667 333575 357345 326635
 306194 78605.5 190649 197899 313261 62716.1 225587 442792 180072 252126 396309 183515 760036 107942 126618 286672 361673 266307 86216.3 314781
 124103 165671 130563 215910 258109 105856 102991 307736 90241.7 556762 88306.7 158160 178185 135948 234971 62390.7 361851 106135 125435 81539.6
 216812 105066 57040.5 165746 102592 483294 212319 485338 374273 284466 301529 301696 323242 243302 266576 354184 523888 102066 174276 60120.1
 181521 110765 336563 321953 1.43048e+06 363970 272054 413394 75757.1 351683 170143 328200 294629 173426 66884.2 681586 275419 476128 477906 259487
 214029 130644 219846 44497.7 242219 124368 33951.9 322998 324131 53839.1 142453 87505.6 206085 228928 99952.2 88678.5 208182 249515 72050.3 243284
 225280 181901 271803 174794 340394 407809 248846 238919 159754 177604 248919 412157 174507 386066 300421 188253 598946 154113 140167 262106
 120375 50837.9 165987 51221.1 71732.6 424668 110569 107311 81378.2 167754 201068 115314 191461 370082 384617 83970 108976 85869.3 91714 181008
 126950 197740 332754 676652 118329 137194 140670 151691 193992 220979 139675 208452 135449 436169 192039 121935 501937 147446 514145 367005
 80730.2 143294 143908 88222.3 96810.8 435613 92523.2 133107 243514 80382.4 549934 81969.7 237349 149976 331946 111422 236413 64031.7 271151 472550
 465544 199003 454602 287867 157752 312635 117254 41397 219500 67861.3 99537.3 166312 115852 164521 387965 87343.2 284051 222310 205014 90753.6
 96179.4 60179.5 264666 57604.9 368530 222905 122741 400445 339592 266086 154054 93751.1 244955 224117 139372 335866 135450 439864 115971 324620
 181872 263619 137807 221014 257535 523910 337759 111939 923611 155193 684050 142110 139337 227796 434361 240014 275873 148792 198489 209072
 143706 89630.9 142358 98301.3 266567 144917 166536 104516 137366 301407 290189 96236.3 375403 390362 109785 187707 418481 114625 91205 368599
 237819 132269 486082 124445 234710 175286 236756 759216 331109 165796 432362 113456 131454 213409 345029 322663 305987 62317.1 300009 185031
 202806 156189 517892 107199 97551.6 279772 400073 970791 160728 255519 143422 328157 137468 99230.9 238385 102622 124707 249742 155604 816326
 112480 109831 296638 91962.1 257063 220887 89610.9 129293 193672 241087 257209 154307 133167 106988 438635 206110 635287 127915 721456 215894
 134309 185172 200512 121684 178812 111522 287288 97163.7 410005 288559 487505 211511 499231 108154 293102 772190 62567.4 239047 223045 178017
 242469 284541 127013 178731 97548.7 87501.5 159528 51375 121270 189802 72777.8 86143.4 258726 273672 96743.4 64469.7 415508 252990 121931 165498
 61863 209518 158707 87913.4 149046 428493 145117 209896 534673 301252 253345 190255 373715 290421 623019 102678 129927 154432 335862 187644
 143802 119133 195408 361351 60479.1 74227.8 542542 285476 163969 747913 85813.6 309424 81362.8 225797 77064.9 143041 67579.3 93201.1 49656.2 205239
 400079 266879 218292 236234 92576.1 175749 182442 100305 88337.6 197112 149894 158651 117921 166888 254963 342274 123940 156885 239154 57802.6
 35418.2 104274 110691 82357.3 257517 72555.7 84107.6 227146 102724 175773 134622 67788.6 100365 48541 120624 217128 162425 94368.3 364184 76316.8
 64773.1 57970.2 32536.5 133461 56197.4 206325 412087 177939 298986 489340 228242 227168 210451 146636 300288 197451 124954 404266 96015.2 331393
 107700 141881 155078 165158 199221 86821.4 227636 153317 333172 129600 151761 241917 445769 283780 308982 223048 208184 37672.2 89961.8 199232
 235408 58204.8 156030 132467 71924.7 52680.5 133559 36302.6 234195 101204 113088 111774 135867 132932 188680 192362 172339 395935 83727.5 312270
 214971 50944.1 126371 86935.4 162768 166891 109613 243875 158353 106953 94255.5 222510 128593 288194 175329 449630 465522 135687 456172 247228
 162451 142100 75215.6 115706 146426 66487.9 177093 118300 216292 135669 259011 57850.5 135150 211882 289557 165432 209477 329507 103326 166361
 149907 158333 66307.9 562643 104992 122492 185555 194287 398331 53712.6 233341 349148 188195 140858 219562 247872 157256 188554 129461 195004
 272035 57282.3 284319 251895 152974 455476 301666 277433 191367 170463 378213 162401 639653 227830 236567 278930 650471 269173 70096.7 198337
 185262 107518 226681 556381 364131 34139.1 598185 194220 366798 46842 317919 408481 75903.8 410335 89659 313112 224902 177974 59457.7 68142.5
 225613 146613 73184.4 351298 324902 391288 199950 175762 162567 83928.2 318144 226473 204486 77652.1 312701 132487 152736 229939 114355 617510
 101536 94070.4 96594 86201.8 551337 131856 193074 79418.7 194833 119752 299741 139837 136085 330884 346026 384490 303347 470200 381098 108768
 251177 104468 94142.3 148577 88665.2 458939 142131 330819 93807.3 250067 242621 130395 305009 100032 150512 308016 231057 344636 69577.3 144562
 90260 166989 68618.3 102702 170629 83173.5 245556 109652 60968.7 98291.3 30176.5 154291 213059 132356 250422 49561.6 275703 185086 418418 266541
 181359 72265.7 51775.4 188008 148122 166154 280057 279107 75268.7 342907 257410 179011 128267 131677 154302 306826 188410 608475 188812 260618
 178709 231710 354337 104143 151813 228479 385710 368461 212907 532758 167853 198286 112374 303234 274744 299199 293660 495628 84624.9 123159
 68076.2 166872 91533.2 192359 52734.8 112710 366956 395515 105962 117457 71850.7 71241.2 264267 89476.6 107282 80791.5 144039 119273 683173 101800
 221863 64469.5 152581 80553.1 133149 252371 100620 79866.3 321776 100780 312058 77564.1 64242.4 142567 214533 497508 186595 202551 160669 184475
 153280 116643 95659.2 245062 92232.1 190164 193349 286313 125883 75083.8 192010 48675.9 96615.3 91922.9 302763 64009.5 506606 198687 206880 55145.7
 270170 101478 105585 43267.6 186861 47493.2 55143.7 104263 166165 85822.8 347706 162972 805268 157732 962161 276684 121907 251495 420522 271372
 94961 67967.4 94142.6 115604 149405 375861 592378 203503 153918 66064.5 188370 197727 348534 529837 93349.8 442287 233448 328066 678181 438575
 90753.2 117394 169207 336113 290785 386361 94840.5 119986 406966 65615.9 84783.9 114678 123807 261558 77205.5 116497 277569 202855 86618.6 575044
 150881 259052 457509 133649 120780 133548 233099 188545 318748 246457 362643 138956 130892 144816 184935 386482 250892 188956 242399 327886
 206002 152274 85712.9 402080 371186 167085 123048 433244 121796 204038 81846 117206 66961.8 69168.6 278330 220801 334721 216796 357581 865917
 250852 123888 321400 217982 362933 67160.1 101016 231731 189053 134821 355167 200139 258748 297174 92195.7 72407.9 342412 191671 154821 153781
 338474 70669.8 130164 520239 240405 180312 249238 175237 63222.2 70504.6 228560 164922 119775 465391 245990 182807 183734 376489 519107 59591.2
 94839.3 519616 241729 93426.3 91553.3 135758 252848 312331 162525 168488 168803 151858 528685 382985 36798.5 118444 164806 166748 240585 59898.8
 331469 64486.2 134024 290946 204506 414954 117678 198576 176265 173256 396293 219733 381070 81286.9 249017 235194 198806 211936 107471 66264
 300969 92522.6 320936 128592 157707 249057 127736 117888 236272 208033 312880 147992 49889.2 556673 88158.1 314528 192208 185788 375728 174653
 70408.8 115604 161513 97410.6 119574 76055.6 168784 174831 211468 322957 111723 159516 119775 302313 152284 283289 170635 249840 91506.5 96720.5
 475276 48153.3 235416 199208 81687.2 637720 196097 351929 281053 126230 290107 312582 755528 284298 239529 219208 296751 249807 124965 184877
 271230 82283.2 161088 123846 394101 170672 102541 87644.9 275721 102970 290810 396830 79290.2 104502 329863 166915 201140 205721 189748 236053
 182358 323425 96375.5 205201 505456 123493 354720 299955 212176 174358 263863 84333.1 70538.1 126168 128504 201926 271615 59427.9 153712 219601
 101531 109969 341676 616596 77770.2 461348 134101 245919 223685 130813 173588 326353 191244 234565 134854 257283 154041 158824 332564 457081
 175313 43872.6 120355 142416 285980 111879 24426.2 96686.7 132402 41206.1 123243 210307 150465 393486 78015.4 62377.2 179091 239444 111470 210568
 466510 73908.1 226303 160749 197651 249958 155779 124160 245261 279004 121581 71463.5 448482 281403 309700 153175 88976.1 85061.3 259380 98772
 54878.2 44175.6 48203.4 85245.5 103822 190125 78150.7 311230 193718 298451 201311 70904.6 144876 184519 67691.3 84644.6 270096 141466 383354 168762
 161459 148358 288335 272078 122874 578131 235822 83348.2 123989 142526 96636 154083 58863.2 511260 165884 110028 317035 282278 234869 137528
 268146 187953 240016 169217 80640 295144 221386 68775.2 169840 174952 323330 322287 89304.1 114269 113128 223069 191277 631919 129105 319671
 342081 205926 180930 122236 665656 202952 255071 113475 345943 150993 190447 104396 178908 107475 141631 215162 292341 329715 110079 181262
 111689 49001.8 231730 83780.1 92244.7 336938 191436 34233.3 56124.9 806624 179334 297059 507543 105578 289746 165053 178750 527173 284803 563071
 265988 211922 251655 273184 191320 295385 109296 201848 580425 251842 571632 567053 121649 363959 132966 1.48058e+06 186758 95643.3 219682 173022
 171766 413682 148341 441235 196190 126888 147588 187199 161854 87337.2 196771 53866.8 227261 52015.4 228938 160984 53579.6 318473 366427 336379
 572029 52788.3 78594.3 142275 106361 213413 221090 262383 130518 69731.6 140476 164207 155395 386793 158149 229318 1.00175e+06 162346 245007 359864
 408504 207137 97892.9 54712.7 159161 97467.4 255312 195539 161098 200902 196684 305206 159043 625027 124362 135653 123047 134991 179610 98079.3
 111726 329847 107437 44716.2 106046 227583 292836 550699 203772 131561 87626.6 161391 161451 91349.9 20620.8 65517.7 111185 20552.3 139715 151489
 190763 106310 160553 68382.1 393255 41769.5 194324 611164 210793 146933 269880 392055 124375 361423 173272 153240 163911 85842.6 357001 259270
 583976 53207.9 57906.5 84216.5 170083 104699 135676 168940 158662 1.23036e+06 107188 219413 194318 159036 59914.8 177112 92268.9 330501 128868 856435
 168799 153560 162625 154366 130760 98766.1 247021 281014 149464 69940.3 192144 241882 217364 310672 131157 118526 32158.5 276683 150907 271525
 189650 106899 117452 188655 149684 215654 193383 81169.1 279705 122061 215950 480112 131975 436346 299472 408830 283372 40131.1 158319 362724
 199610 97058 236102 430938 250355 114341 246407 157437 99832.5 277461 259678 137767 410479 114030 255088 102227 247679 101858 196548 77159.1
 44077.7 189540 152304 136439 73796.4 106319 67979.1 345894 200953 242907 208907 116160 134869 277035 222794 211224 161618 176817 359836 190633
 233079 32760.2 213633 99927.6 277183 277502 111026 113955 93209.2 149912 76285.1 253581 103108 248454 280869 177385 141958 143153 285093 149692
 119257 451893 109199 194361 283473 216124 121177 196668 46676.8 718066 182511 73055.1 228214 275234 428047 124284 424957 123907 283800 378438
 197882 261410 259306 388436 183956 65030.6 242899 107968 146576 488201 292012 78630.6 148101 394041 38631.1 152023 102937 373711 435749 95469.9
 120123 199413 31995.9 180609 160718 149732 220446 291101 354531 361238 199293 248588 78841.8 274552 101432 107595 163784 618776 115153 137713
 119364 96802.2 71231.5 149400 192381 132107 310791 407958 528507 210807 176855 167278 180058 171746 119880 239072 172737 262330 153215 582792
 154664 153791 286448 102909 385288 359208 284995 613551 122272 406110 90156.2 263553 362991 247501 245011 121703 64200.4 235368 191939 143503
 233227 85811.8 88980.4 480336 258282 427906 42201.4 330950 55815.5 574771 51004.1 103433 181839 219554 42742 126781 70791.4 370372 90228.1 549154
 152411 149956 254639 158519 202212 167449 83609 53452.2 747736 330781 445202 377470 240549 150818 430838 124697 232085 256516 190670 355157
 103253 132572 114509 476154 86087 240524 188496 396066 238097 192892 131675 242606 157874 207963 155693 146248 111045 169228 286723 166752
 352441 116486 279960 48940.6 146209 418213 182800 180965 74499.2 253842 45147.7 114072 253822 198512 94697.5 82413.9 250982 376067 297641 310282
 115378 108136 127666 49682.5 154617 55263.2 564625 61133 327453 309393 276448 156887 531144 220678 134699 115143 211976 87806.9 132091 335617
 116748 69949.9 80266.6 324411 88839.5 291801 121399 542169 261413 284014 259576 228912 101841 67303.3 67360.6 97863.4 139470 126295 218115 177374
 531539 166656 121965 376980 418007 233353 178437 96232.7 173793 175067 67389.1 40944.9 224437 54293.3 703032 316189 189434 152615 313811 90803.3
 145618 105387 210244 85779.1 70671.8 271017 657370 291836 159182 323055 215198 120669 248280 195849 307753 94489.4 146315 194423 511744 597448
 116939 98093 26416.3 82528.9 176988 186775 453769 153549 227302 85884 122537 238603 150896 194230 197550 82737.9 303055 105805 176268 100789
 248163 150655 391273 465570 147284 130160 456205 264222 83059.8 52221.5 441029 112565 290650 173178 195809 234448 130519 76845.6 192789 155621
 709309 148614 55125.3 48885.4 271634 164938 341029 224416 116470 142582 140010 154527 150556 99843.8 96923.4 269270 110248 95194.2 250601 71959.8
 240975 84514.6 112992 59754.5 324867 79767.2 123231 89474.1 263269 156151 123407 76036.6 95603.8 202532 247991 44179.4 154930 331981 313510 202517
 93683.1 156057 91833.9 244509 96783.1 369440 60581.7 204527 174913 106515 400372 239820 520828 390857 162748 179572 265033 109582 85216.4 364584
 134081 114908 173182 364695 398537 248935 501947 96512.9 195499 239332 258629 183245 220614 186101 399233 548005 249088 381183 194301 239867
 321418 190127 159090 112677 268595 191064 209148 247172 129697 197647 250985 554343 143792 64078 144222 69391.6 147516 109856 91107.5 63163
 81443.8 188824 170579 219116 115967 145434 201005 184372 84128.1 403436 157525 113442 586204 294339 198589 98707.5 145475 140106 175589 244559
 181821 234556 189655 352220 272481 440653 90107.7 315934 401606 416799 137326 245895 354646 145497 536479 131479 51366.8 109960 245640 49236.5
 225114 93944.2 170953 121452 97466.4 138534 194337 145207 60181.5 69040.9 181510 181938 226769 238731 86287.9 350984 123529 97006 156273 144720
 93444.6 217573 177258 303243 93295 208551 174972 370239 237644 158822 255886 225862 667644 84001.4 151309 442932 312281 219649 186551 99293.8
 99069 108499 135918 96254.5 116351 347833 317439 321794 50920.6 84921.6 114373 172367 527955 534270 450530 70507.6 164850 296051 150808 148466
 530344 206458 178635 561899 257539 653819 159113 135167 172818 102902 293293 159428 314708 414814 953489 225088 165584 91063.6 145606 96651.5
 423890 540517 208701 142355 626265 55797 231002 260432 132762 263541 273857 135067 69735.2 79635.8 169449 136345 694390 183844 117704 474221
 238974 301181 205295 135221 140222 107294 270696 210239 90081.7 541343 188414 434938 541991 207158 664217 203531 141504 105898 210064 135162
 59711.8 97116.9 110418 245243 218368 420928 479932 478881 390998 77827.9 389308 372543 292932 437010 90528.9 171615 185087 133760 76382.6 343262
 118297 171213 526126 84475.7 172070 119525 120610 310563 328262 127858 90986.5 106771 74588.6 417158 149688 127211 242686 135150 153766 131644
 92015 193966 116820 189366 439179 260187 167801 321550 405290 256799 311187 290586 108556 56213.9 213135 76344 169295 143593 128026 148279
 265510 89048.5 404024 178294 407748 609451 253568 131530 305717 352673 114806 143406 199295 363646 264919 240057 148297 97399.5 323847 364951
 121249 362399 118521 69403.7 83883.9 183744 91579.9 115059 77002.5 68810.9 291483 128404 201324 211658 146818 174917 167830 350027 203107 270526
 192309 252182 271334 315438 440817 75397.4 319446 144331 353880 70911.3 220278 154208 224244 325072 205818 457749 180054 252507 274300 317490
 249531 120893 90245.9 244188 259313 119064 106055 125566 134428 213780 90648.6 87688.3 74920.8 216179 105195 280565 323671 494277 415933 211278
 123036 144889 294970 202419 40034.1 96884.2 281225 133136 211887 986834 424963 419739 356217 155693 115492 925827 195051 89183.4 146436 157793
 181743 121712 90875.3 326639 313024 175569 852117 232992 406891 665161 201581 214779 156437 438499 210658 295803 109007 365309 388416 312342
 172885 105089 236077 161209 358223 211096 457883 157999 150963 389835 345808 163557 242008 213514 205037 77130.9 200340 221573 81362.3 639674
 394658 260795 302637 175703 210612 212055 126825 136431 208239 225986 72610.7 78030.6 72059.9 264155 45096.3 188311 157622 573165 111985 133614
 278894 59000.5 121283 79225.2 221304 120915 150752 125345 582641 65664 242305 443077 353566 518220 206193 345735 115048 302900 206336 239700
 177673 277467 195616 67725.7 120631 40580.6 110395 176364 74061.5 91009.1 98454.4 321514 388031 131805 198656 104529 85975.5 100570 176565 162234
 162670 143066 641522 359861 178207 183761 137611 259843 555076 198869 40639.8 213928 160451 264609 284469 203124 103569 103934 169814 122996
 226957 201449 114573 305268 188367 234836 639076 149423 116247 169950 295811 227168 200399 190192 100125 113091 438112 176975 177404 122316
 140237 548599 104759 263762 197389 396851 128860 481565 220455 122216 131203 547081 224390 183959 187859 118057 98351.7 83059.4 148481 34077.1
 144940 81137.9 94481.9 151646 318474 175381 316873 1.09159e+06 180158 417242 214326 394173 83212.9 105181 260615 239717 52206.8 302092 331973 248505
 202163 191565 157658 175297 67129.7 106214 96944.5 388156 153757 91009.1 160926 83829 267556 148656 250780 462637 215160 344121 372871 368099
