 150405 116395 177338 138601 110585 105054 398777 429059 85574.2 191809 113959 121732 290043 296383 309810 232032 221739 197542 365665 226271
 126346 221558 127276 94912.8 137854 95708.5 177027 131638 480783 104584 96052.2 238713 138577 137559 187229 101645 218312 329957 308450 134701
 81682.7 104626 356637 364130 373452 343454 122752 168862 251281 94791.3 349006 206234 553670 267037 171037 158786 204656 181161 235762 175091
 279969 116164 387099 122031 148762 120314 178444 330149 61486.8 105739 317835 184855 233830 372373 404658 153445 160553 673697 170435 205733
 437907 196216 117518 196250 93618.5 121081 129071 180769 119039 158356 207731 451355 114135 178149 190502 201132 129784 52530.8 146178 130483
 370445 196164 357352 336443 68429.7 127852 301975 107943 225240 263797 121942 257679 180501 227812 157644 175965 376434 243268 169417 335786
 126790 205990 96190.2 266301 106383 64411.7 285238 558888 53453.3 251245 75742 320061 76187.6 106952 190565 66099.1 134724 144449 160363 144000
 243599 230779 360835 113504 273666 110058 562964 225902 398796 492670 498441 287884 111662 488781 174117 142278 229307 98055.1 857735 218743
 624264 311912 150301 141731 226672 121956 99641.6 308365 564374 74235.5 101180 112759 340642 185021 201771 88052.9 283237 105393 307514 134400
 343813 353561 302132 90052.2 316712 175415 378455 201592 127996 99943.8 125206 119204 136202 66353.6 117729 91653.7 56630.5 217693 238289 457934
 90446.3 104854 130071 158422 175893 294062 115953 251247 192701 123418 147199 160032 326918 366282 160360 353397 154609 190965 101212 98435.1
 112609 87168.5 296641 164649 174466 201448 206090 218675 195852 133458 68945.3 74466.6 95595.9 53394.5 36477.3 137644 76723.4 110717 82961.2 170000
 99780 154317 74309.4 195837 108392 130113 208977 487090 338021 167515 238153 198839 87550.8 509812 189406 62672.3 192613 139868 112197 250167
 117645 124251 206680 290825 84804.3 168836 264670 99748.7 339220 184140 958605 144625 244215 282310 246547 148712 230727 119704 70779.7 99104.6
 186711 192093 344323 133060 664683 262434 115274 313842 123792 278416 164214 280668 110265 207905 177317 362414 156274 168200 178826 439024
 323078 483279 268436 168688 103190 67959.8 193539 263902 150658 406091 279364 185739 647515 97592.5 140534 237778 172501 195940 89972.4 190486
 139057 457297 182694 147434 701897 290033 196240 419485 145279 119097 338341 270049 94210.6 227545 157731 99968.6 170706 219557 213185 253650
 249031 167716 71242.6 101415 151182 218002 181053 242300 111320 129199 135780 253085 328496 228602 182411 195645 61213.7 261110 140172 124099
 341465 99095.5 168041 139093 353076 226518 150473 136740 228175 236679 100080 269030 758023 160590 79914.3 114445 209666 325767 126439 431296
 206301 76239.9 130387 129129 308717 260983 137453 116794 245567 298729 589945 205635 239524 178244 228039 190471 304015 186460 186832 74851.4
 63089.6 93439 221016 174837 346379 148799 277406 100077 237031 135464 133049 90507.5 111882 67532 181073 374364 246216 320548 389489 190867
 286520 337233 654461 171220 98129.8 240174 238520 195200 59513.9 400732 166518 423630 315870 257078 187543 280353 95465.8 83934.6 202049 230472
 263811 291894 114775 433047 252265 119932 277995 140119 111711 134698 94389.5 93631.1 193147 175582 214504 94380.9 133321 296010 257872 164576
 292772 156585 269958 149496 193748 107242 153295 227487 88279.9 256226 97857.7 224406 161007 263133 199608 151874 144351 534419 241582 272906
 198876 193751 633059 177768 107875 406196 293036 306695 144103 281221 261146 78834.1 248156 339839 297724 438569 144387 154081 453462 186717
 111916 102828 111385 152840 115193 76762.4 237039 267800 96614.5 93153.9 224147 320063 360005 296346 172772 161994 149402 87070.4 179722 136753
 285198 196858 74649.8 253511 110410 235995 167811 128878 102197 161569 184527 97005.1 456702 137327 167148 79336.4 184126 131939 147278 166265
 172249 81794.9 185928 226931 172515 89505.6 150511 521746 125755 419641 112803 137122 278565 199885 129520 123609 183740 375111 278395 372133
 105289 304164 214167 185658 118996 185655 381751 129624 159831 228728 175013 147824 238525 111679 222157 165489 299860 162289 149833 112230
 542497 227566 186985 108765 119991 199917 62124.8 188717 144609 81629.1 258995 116849 307883 405515 79005.6 252039 231708 58630.2 244779 346493
 309457 538430 125434 136707 238398 535450 71226.2 232821 564854 116509 235365 229849 495486 99310.7 373670 212919 243479 255330 156591 150465
 107429 89978.9 149864 76199.2 57083.7 218856 162360 109462 128303 161810 264442 170440 101293 213505 173985 121718 116419 244449 113860 246960
 166570 156666 143695 39473.9 375152 151490 100628 139419 83536.5 120111 253141 332040 240223 388445 288205 173241 262933 129560 130470 118056
 266838 149973 112556 78123.2 141708 90148.6 78816.2 148151 113996 132456 135433 193965 450064 235044 172635 182887 152982 316907 128496 120689
 82541 193720 114081 194148 209823 104960 227824 198432 84071.4 98799.1 202357 132049 279367 209839 109620 150040 194306 81368.3 86126.8 283828
 162806 296145 205447 271895 223100 185681 412083 195462 162563 198244 324335 352363 187369 157667 149244 260456 108439 76199.3 271837 117725
 169709 525979 197490 365434 209107 531245 383162 168627 203589 149924 223312 617129 179476 178743 161492 153144 90718.4 213431 108996 297262
 571631 90312.7 125090 243972 214879 555231 457743 342943 164459 167663 150870 64753.9 149756 198524 172335 99572 291354 94333.6 424606 127272
 117076 226294 125261 165401 63143.6 107450 78621.6 274190 82862.8 234103 104491 134513 308364 191393 151871 147678 151755 108308 118291 280376
 212607 407938 114335 167843 192368 160003 120469 230934 129772 237983 101443 158009 271271 190984 199743 127683 208412 417499 626582 411924
 87137 234940 95378.5 154679 372000 173320 113949 140055 171619 115512 167453 339320 63365.7 104808 97844.4 60293.7 61221 115655 220428 1.19436e+06
 373710 126765 423912 85668.4 159405 293230 109048 155190 439271 107471 256184 168474 140795 296838 148254 169094 706062 152497 134765 172135
 278919 46686.1 363696 129073 146312 220207 164682 177485 140756 830827 200456 386324 148155 97132.1 168472 85986.3 132608 107787 103416 114153
 126986 141456 230204 171252 293642 57732 228114 142302 501324 154619 224319 156084 330659 326283 212500 184240 179184 266165 155064 125734
 274034 159993 187688 299681 118313 131469 120587 78152.8 331408 195257 348458 208524 206792 343099 105314 260468 227010 227231 134140 153670
 289812 174766 209288 236635 156723 219218 97283.2 138912 89735.8 211301 345355 137470 333760 149122 301123 76807.6 400195 246447 91713.6 213442
 244895 95397.3 352103 224201 154350 226036 91626.1 365021 186467 147034 444849 384683 285913 94242.7 119818 372495 205176 92234.3 199005 115593
 200907 122707 460326 206743 353309 153483 139308 210965 141343 147031 158033 251713 116979 156970 214615 90561.6 178524 106812 248148 268807
 154284 227925 283731 208980 264935 128235 165516 434162 220419 204495 91177.6 104248 156963 41136.7 414040 242509 511841 121904 288069 113221
 174206 214172 176967 402774 208730 186010 104989 579349 210523 100543 116618 108318 104467 176652 97109.2 334718 102934 405422 161166 255239
 68270.7 179525 68493.3 204278 115259 584227 89720.6 154473 352596 197934 153637 267008 305784 180134 177775 173346 351194 273321 213001 80926.1
 152799 76669.9 89651.7 408879 260990 120591 530165 117817 210738 194909 116285 369537 165743 154363 79340.9 171682 73812.9 79535.9 184134 130242
 93280.1 147805 99707.7 140597 223238 193495 107409 206338 203504 175292 359859 130968 125965 104352 161572 233900 175461 145883 167944 151092
 112084 63314.5 114223 224845 256853 256537 131054 349046 152552 261066 95532 135672 181299 220904 130379 294231 137109 165594 202241 124459
 286001 68251.2 115922 159994 99341.5 269149 212715 200908 196888 309810 95327.1 211665 160908 210419 414907 61403.5 227391 136118 169796 266301
 327742 127885 306727 451826 153088 127178 168367 516876 273720 330151 159388 221643 284116 84534.5 169686 615215 120585 340345 368802 299081
 249233 104220 126103 88682.7 81849.5 74049.2 75703.2 149984 149585 299686 237815 69139.3 221947 368364 200479 105226 112829 175915 120118 115076
 102718 106942 77319.7 189044 329671 297311 116401 137975 223075 196369 121858 276126 72575.8 118415 143539 346372 104185 303568 68759.4 261183
 337965 91263.8 277554 218004 126774 195529 217218 603636 188818 382143 154191 184220 219070 377438 120832 210489 150369 144030 405331 216567
 142128 191292 105352 157043 258122 66860.8 176392 109080 301766 110160 127646 119409 83651.5 153289 118381 99536.4 174819 274336 202391 582032
 696671 81964.4 125395 325542 227791 134683 136506 310958 203360 129141 331690 321935 114140 181954 158426 283219 139119 86266.5 92218.1 110296
 528027 85251.4 120407 362353 137559 179433 155178 136434 150061 171887 151951 367427 174510 100944 111867 95201.5 187158 268534 296027 162140
 122005 108995 249728 154297 230882 213196 125492 261142 224731 167780 77417.8 228243 210111 141412 113015 196369 115509 73144.1 247907 232180
 73352 204946 143623 169758 233589 130801 179616 298157 62135.6 201495 191095 103734 154785 127714 84802.9 87187.8 89743.7 142485 70177.3 118696
 117375 234724 141161 165164 237330 280798 193737 165196 342424 233462 144656 155807 192778 126222 225551 266782 114259 218261 206556 249248
 103433 95906.3 274871 80919.6 104074 156368 158135 141765 305882 410760 185135 231569 88195.9 124181 93086.6 82015.9 260590 174474 215621 151579
 136374 250120 186276 157770 273346 135566 138356 328068 118977 144217 107930 139312 123971 232260 138911 106408 250143 162878 108994 152898
 348230 139128 79068.2 186853 503723 203716 148128 127358 132860 162190 104728 202812 241183 140685 162173 83477.7 160333 208674 167383 131367
 193454 98295.7 164784 69154.8 95450 409007 130430 388721 216495 174935 282811 63081.9 294192 262146 164423 322685 403509 141180 374515 70931.4
 252127 233564 209435 233629 201426 379344 259689 82837.1 199384 100046 55320.2 129552 76181.2 115584 177886 245747 213001 218378 149994 77798
 153364 120449 230010 174494 324211 72601.4 198925 211335 218467 259791 196241 259410 287942 349804 131976 295833 248330 278762 253852 220209
 83905.1 166471 144863 167406 125114 105499 148426 258013 114954 650990 234425 155644 328070 208582 643715 179141 129759 185669 358656 180493
 257275 113767 145139 114605 188890 349201 147780 105496 195004 200796 99185.9 88496.3 221448 133078 380262 92307.5 79598.5 185294 204959 145984
 96743.1 153988 119725 221808 115789 114601 220810 146654 80461.4 107544 80408.8 167306 313433 213014 180054 127504 200760 259922 226320 215339
 76413.5 160137 589910 149122 177994 161544 179714 97970.1 64090.1 146466 95774.9 119001 243429 292234 197207 187098 113627 158124 87738.9 179230
 72935.7 120366 91340.5 154245 226778 215554 171428 231297 488957 86348.8 632469 154217 257029 116000 191868 176367 128831 386478 230109 143027
 390346 408873 104650 153409 216986 275486 169082 140841 118472 234036 159321 512910 434937 100574 127658 200593 281169 107248 270840 271733
 163543 257482 84534.9 131005 139846 195185 250632 169411 175474 246460 238629 88028.4 262933 85009.7 131920 143728 192598 204376 82198.4 137917
 47737.9 224880 226007 160340 75341.9 114450 147885 113918 154546 161619 113492 238470 141742 67852.2 101781 359752 179382 81590 109608 222828
 222131 362345 201624 168370 203117 110655 159442 215221 138954 115326 141215 131822 57557.4 232551 342750 173462 92870.1 64672.9 154257 175332
 86697.5 102252 132581 184853 82631 120017 187253 129413 202855 161587 100106 135905 81131.3 222217 118538 397403 149269 291767 256570 266623
 279239 94848.8 153532 168553 209490 68177.6 222856 398222 144408 194219 316486 181164 610051 89596.2 114157 222481 202391 312040 116082 228200
 111922 200715 101103 184771 213143 124873 103244 176942 75354.9 362994 103704 127098 149133 139993 218246 75602.5 251517 120784 111497 88733.8
 272333 73411.1 59442.4 121647 116937 391070 234397 298337 234822 251543 211343 212287 300689 175982 311149 296754 264866 117470 124712 79879.2
 179042 94878.1 318378 254170 619713 253338 179240 246565 94880.7 251889 194879 247406 271880 149191 79688.9 457689 256866 282426 302979 236389
 196892 140149 174212 72384.6 221527 145199 49998.4 392214 281001 78234 118787 93643 132219 176145 102351 100403 236638 208000 66053.8 253105
 156682 149411 185208 147025 261018 355380 147467 243124 148932 230657 237228 359494 122579 324351 235665 214994 354186 157900 175828 246430
 119192 69208 176522 84150.5 105902 247720 101859 127076 130041 217552 175802 104304 170743 310716 247432 94394.1 123746 109041 69551.6 156410
 167353 158256 270730 573203 132861 99592.2 112590 182436 141986 175693 142621 179230 109525 284067 138380 85298 522252 142600 287917 286468
 78902.4 121837 162639 110050 118384 369404 105166 121157 193510 76042.8 387550 94600.4 218240 147022 281268 102905 184646 101788 235096 485281
 258413 147504 276819 292452 161002 192752 132684 61433.5 193799 65971.1 97683.7 123123 134514 130828 202663 100269 200898 157844 190078 104670
 99605.7 70690 162105 55859.6 338757 202414 125375 214568 229369 208584 134019 99216.5 223560 168621 135731 367933 130048 388301 116481 315802
 166028 292063 149907 247681 226701 457626 379535 94536.2 726843 130529 316476 130506 129325 233260 298309 161588 280570 152600 143997 152349
 190228 94444.3 151417 115478 373695 143708 143131 103920 163331 266301 244589 97438.4 255218 286107 99647.1 178036 314761 150274 110747 239906
 178280 169851 378378 141078 215076 160910 374152 459097 312178 137042 298475 90410.4 123887 178588 389141 157004 266311 89738.7 299467 188989
 138030 162354 479033 129084 131439 138315 392559 793041 147015 235263 124873 302601 121271 115231 138834 141956 94729.9 171290 122322 408546
 100348 92074.6 290094 117416 205157 135946 93518 150173 198777 177725 237608 111764 162976 131930 475426 168055 497181 117745 375515 160223
 90483.3 184603 164276 116480 168707 122314 261170 144614 313744 226882 303053 163380 327736 112302 311356 412439 80831.3 211067 172405 143322
 333188 292922 142371 201701 92351.1 83798.6 168305 60868.4 135308 145990 85022.5 131910 329034 197627 79733.3 102746 291501 219612 136771 128885
 63784.9 195509 183980 91737.3 138474 432519 140841 164925 351011 268181 175153 150487 238154 296812 605501 98697.8 117511 161585 222277 139127
 134590 180630 255275 355563 77234.5 86339.1 521135 201240 146881 522140 91326.2 261603 98603.9 172208 60498.8 146556 94358.5 104238 72913.7 214974
 386257 240934 210303 215517 81255.1 143691 178051 107032 105858 183215 101326 142563 135269 137777 230877 301360 146666 133970 203331 78025.6
 43560.7 88450.9 108681 71403.6 259250 81436.7 82545 248324 94331.7 160887 101768 62348.8 115221 51649.2 83723.8 257395 138031 81116.9 254988 80343.8
 65410.2 70704 35679.6 141002 62827.4 156773 327468 142344 356935 313362 210930 163440 158583 133477 257437 190505 106636 271116 87654.9 218554
 101322 133178 155418 179288 204898 94751.8 178927 194884 331863 116911 156310 272191 375896 224460 294396 162465 200423 63743.7 89979.7 126163
 326772 64442 282111 111045 93899.1 61618 132858 63440.6 180939 96327 121559 130255 80321.2 167449 157882 186005 109319 227364 94800.5 295229
 160442 59940.8 133995 114065 111507 193431 149383 238102 133573 144041 119697 199512 103764 270762 141944 373650 374233 148950 316440 197540
 149301 124666 77888.7 112826 171648 94712.6 170911 140944 184841 110273 424776 80620 148997 157119 204548 138942 150719 292482 103839 183313
 214866 190176 106163 426663 136148 154730 187702 163846 356287 78387.4 244971 264285 126482 173060 155912 213740 162997 190336 137686 191037
 267340 100532 229651 266665 175231 400696 272385 308844 168521 176247 324716 205598 371695 236483 192356 214712 462679 217306 89309.9 178112
 200775 140618 225583 470224 307969 65092.8 297044 189910 280590 69654.8 226027 493605 99626.2 258224 93678.1 247808 164253 159995 68046.7 72687
 257394 150789 95359 314691 263808 259513 194183 169196 118559 106336 205804 264228 185741 77926.7 299970 133681 148662 233419 102132 633992
 111617 107794 124547 100275 584633 151204 131930 94763.3 129107 95397 210156 145344 197513 244878 206783 268050 293816 346442 226796 99152.9
 179316 115561 98552 199723 84402.7 352839 173745 369702 121704 221585 245910 128982 325267 99740 107056 243331 271368 276799 80917.6 203371
 110220 180765 101004 170382 157205 98384.5 256088 120195 97527 97610.4 46008.2 124134 216499 157655 192956 62895.3 284575 160857 320127 206401
 194377 74868.7 79240.1 207112 209440 167740 253204 321638 71122.1 284315 310587 191639 108889 135299 105773 245884 162941 622742 117464 209390
 167746 256422 349989 98550.2 160879 186802 363445 360599 197472 388987 192997 170943 117213 239449 307790 259654 256681 318051 95301.2 160646
 75612.4 185120 89075.7 181765 75047.3 139069 378797 358100 113080 139474 62530.3 78380.8 223025 116521 91291.4 85558.1 113075 130857 446835 91192.3
 224067 81027 134946 98259.9 169313 199298 97404.3 96720.9 370912 107608 264438 100858 79958.1 90075.3 266433 367270 235348 200144 173217 167706
 141789 121931 108049 206497 103661 193818 236214 284274 142811 99974.1 110182 65380.5 149972 99503.7 358476 73398.6 592477 179169 173345 77502.9
 205557 109920 107908 68281.8 179325 58810.1 60577.3 160886 187230 124638 357192 175936 587995 134401 589495 185210 105584 241368 296129 218327
 105234 71195.7 80922.2 139190 172708 305808 494430 156524 125829 77406.6 194779 205923 233131 397070 97326.7 430961 199128 260440 344882 333932
 76966.4 119056 201155 275049 250250 322854 126893 112333 385307 92030.2 93153.5 173634 98870.2 148084 99869 108390 186072 177158 93706.9 388618
 137593 253396 576083 121074 148292 109607 197516 135452 287011 186734 283020 134989 117995 161988 168294 295156 243370 204852 213711 321109
 279065 171025 100986 250773 288523 171174 129543 430568 140347 155845 91371 130115 85309.9 43637.3 320635 208298 198566 186734 333321 466691
 261460 148401 393083 114410 366856 115094 96796.7 303721 165211 133460 192017 184098 225306 245333 111075 103277 256253 164531 155266 147200
 227774 92481.6 167061 377593 257337 173961 302282 171083 86008.9 70634.2 226396 123793 153694 458089 222597 145149 204676 351126 386248 73360
 98790.4 337987 227755 111396 101422 114117 232537 248304 139807 126876 163751 123852 375134 227286 57762.6 134878 152736 144061 195737 78904.2
 339325 97500.4 175367 342201 208809 503629 108887 210230 160865 158309 387228 187489 283174 75802.5 234766 279187 194056 139856 105315 102398
 312058 105546 229015 132238 130620 282463 135945 140680 272771 184389 292595 138550 75964.9 421691 102096 189546 240664 188862 228128 156771
 102006 86400.1 233017 94543.9 158588 87917.3 157162 187498 207198 226339 108503 134904 132661 290550 106681 201989 147211 226375 102397 101708
 320288 59745.5 302557 249805 109973 478819 214339 285014 199989 143919 305156 232525 776156 268785 161379 153514 143955 293974 146061 123484
 256769 97471.1 175245 111042 327070 169015 99999.2 114391 246011 123212 241876 329164 90987.7 121731 316848 158767 214644 254733 159709 223217
 198480 196179 105984 239484 376382 174636 288743 321531 177241 189882 209695 127624 72072.4 115703 117803 197447 275488 94062.6 113027 234743
 95587.3 106802 289576 411353 77984.7 474919 127699 208821 187760 180376 187678 237620 166334 270247 130450 236744 102333 141017 199310 343132
 164346 54414.5 189143 159453 294241 119975 44827.6 120465 111219 46945.5 155201 270159 112695 457677 91115.4 73634.8 116728 120133 85483.3 242787
 335571 96553.7 172367 160310 182978 282502 135341 132833 258804 241390 126097 91208.3 416309 315357 287990 162760 113863 79966.5 227926 89426.2
 77421.3 34589.7 62707.9 69339.9 84020.7 223081 81639.1 228118 220551 245912 181036 68249 137825 124762 94381 100169 233651 141372 182224 140898
 120743 136855 357531 164708 140826 508625 220067 98442.3 136797 186814 83498.3 109705 70087 448726 136376 97332.9 270266 376233 224734 121459
 314929 181511 209709 157092 97365.3 253894 213740 73283.8 174482 153346 307878 313509 113783 137722 94975.4 214574 171246 437841 139809 272948
 213735 261333 222952 122374 581689 145650 198886 129393 334762 136217 183758 107583 302233 95499.5 125596 234445 240837 226483 115925 153092
 135481 68092.6 223464 120266 84962.5 287409 152928 49487.8 59749.5 401742 190441 277629 382178 96749.6 293267 163057 177623 449628 302450 384064
 249011 157592 388115 206063 170722 373745 118095 233831 408410 208517 303823 425320 125417 271456 110939 725848 172362 106115 163436 209275
 165366 494654 187680 430792 189498 153082 152957 139615 151641 105614 210419 69928 205706 56865.2 176973 119511 64635.5 197645 288395 317551
 448670 63570.6 96981.8 172506 126293 308421 308212 192678 113575 69956.6 117753 146286 204098 328132 208873 197890 936083 154291 189029 298347
 551711 218025 127073 65820.7 123764 87061.3 223104 181876 135883 215953 186880 273902 171979 479312 103657 154688 105321 146116 181328 74729.3
 94786.7 291520 122151 50189 158567 217420 270437 527503 166546 138370 109828 124905 158650 104449 38112.7 77909 100142 33599.3 165191 140748
 184624 100747 178077 100211 318933 75862 190293 444892 213060 153647 224126 305710 130864 286024 147635 155480 151478 94974.2 314993 237408
 547559 73251.3 86292.2 104574 198648 79123.7 138379 98422.4 116591 801222 124365 183796 170696 127230 75367.9 168873 78014.7 346766 146520 813637
 139201 249628 178030 146656 133631 104441 207598 210924 138484 68768.8 135883 212529 186806 280058 108961 132329 50026.3 246940 174964 234153
 209387 107088 149746 200876 179059 179289 213391 88107 315854 128342 232626 321596 148601 542186 265815 264057 236849 76249.2 153766 235565
 159271 100230 201100 385418 196186 99466.9 227974 164138 119399 201911 233191 134840 308979 108938 206305 97694.6 257364 111384 259156 85420
 45843.2 138403 181115 135210 78474.2 126426 73415.1 231235 222889 185200 159995 96181.2 148878 224239 178838 178668 151409 181831 276753 117270
 244721 46736 260053 100022 236248 270801 113103 104513 119880 156564 108869 276174 110500 250508 230329 155544 119047 161911 262664 137878
 145713 444522 132496 218693 411253 159482 113576 186356 57060.8 580766 153328 106853 155181 251050 353903 140357 349594 154501 233437 287561
 244897 247876 245291 290409 136748 90572.2 268939 128351 147225 430422 262657 100131 148223 422955 64745.5 105109 107055 258345 318682 114440
 158304 190719 32383.5 225686 154424 168222 237725 334295 237110 323416 153704 194728 91090.1 186771 98120.7 150176 154014 345489 108340 132237
 109673 105260 69086 192037 191692 129617 163122 365013 373518 183544 170700 149399 164394 137030 131160 277923 195228 207478 126225 383653
 152300 138606 258727 165773 237747 205142 279883 433800 116060 235248 99845.1 231844 281880 218141 208452 120729 63930.1 214516 188292 138033
 256242 96491.3 74975.4 396615 221415 403793 61806.9 241826 89143.7 571243 55422.5 116676 137777 179154 68690.6 116656 76276.4 382124 82192 516239
 185525 161713 195816 176324 191948 168577 102443 66176.5 481688 201571 266705 294210 160362 150338 335322 132808 156178 186231 207351 295101
 134812 119339 128761 277336 104319 244166 218891 393710 173605 174030 197043 313064 178231 194159 152994 171910 95730.3 162252 181430 167311
 345447 114864 203000 55578.4 186948 353435 223102 173526 111170 190279 58651.7 140747 257441 201238 122695 106730 202885 215924 214890 317769
 130950 104030 162583 59206.8 103134 68689.6 659155 94026.7 252691 293365 244686 120951 568324 237798 148086 112813 195866 94825.9 166068 319632
 145894 73307.3 86352.1 247671 98053 343760 123220 351364 224938 257351 238776 238756 89119.5 77593.5 79552.4 95524.1 106148 124017 193044 176702
 432737 123558 154446 323579 436647 212956 189488 94240.7 169435 136760 71118.6 58873.5 222539 58993.3 566742 233539 217307 139360 238880 92528.9
 139989 120396 167470 108101 83830.5 244502 630070 256354 130488 227991 184032 96263.5 217552 225134 231601 97331.1 174346 180311 400573 422680
 98035.3 111667 38057.1 89825.9 180742 172732 492917 140886 167902 108773 178394 186238 148231 201436 199520 83219.5 243480 148775 189115 107434
 297934 122043 366699 212510 146871 132911 384489 270151 125330 64512 473766 99642.3 279049 152745 110824 237866 138272 76063.9 150190 166366
 523546 155070 77110 71092.4 244327 139754 278642 206600 96550.8 128071 141556 141467 113486 105146 95012.9 225444 113918 116162 235479 84856.4
 180523 99921.7 109728 98182.5 302377 104814 120544 124601 343466 154527 122475 99176.8 105048 147336 272751 50657.3 148517 298756 222068 177096
 117921 179606 89055.4 238043 99481.9 452686 99319.3 206310 197898 106426 234991 198363 599307 240725 135726 176486 232485 107024 113753 280974
 121262 140263 140789 324347 347537 225658 413003 132192 154345 262243 176911 205709 194242 168304 325729 399380 225470 293415 179395 206344
 353944 176470 155573 127275 348252 262004 153704 279942 163291 164560 232559 304071 123819 63921.3 144440 74497.9 134550 122508 119593 55540.8
 88821.5 276331 139903 186207 160956 182478 151141 143077 98483 442112 146394 123356 557477 241374 177182 121868 119853 163614 109879 242592
 186020 265860 188285 261222 307569 317012 101507 194587 299306 269688 118018 189095 241364 151300 414189 142561 77571.2 128844 256951 66044
 202783 87207.1 148340 138053 97440.3 127381 188298 171899 71761 85083.9 159743 218454 201955 181142 88408.4 331255 134928 82674.5 147340 125429
 109038 194061 168615 330843 109961 104347 180042 445565 232157 127747 250998 189837 711097 97860.1 122008 319986 230910 251435 184179 86562.3
 98334.5 132859 167862 136816 110334 193804 288849 325600 75119.7 92906.7 93208.9 154658 446199 410445 318700 80705.1 146217 284529 117750 172131
 663367 164263 157404 578628 211090 481516 169121 159395 157199 98597.4 257118 135361 280304 307716 599030 218594 152774 77099.2 148346 85635.3
 329951 592267 175683 143253 524883 80349.9 184484 229584 116287 273109 240985 119574 91301 63764 256330 139384 597345 173776 132675 268710
 196503 178029 173305 168074 131973 106207 333612 244123 121057 476333 150827 369238 404068 208408 510651 131890 170304 112007 141652 136373
 56730.9 126549 136259 250541 217958 413485 347031 325476 305412 108813 275168 379332 187141 221567 126845 152118 127171 141078 70696.9 287026
 137118 161049 411499 118605 144463 117337 123321 301763 337502 145853 108841 82551.4 71351.4 428109 148411 163782 241664 132799 173305 122911
 99793.8 188847 111499 152832 297697 215386 145936 249965 290923 152745 217588 303938 120917 77572.9 150942 90810.6 192428 196548 178050 129461
 286618 121085 386465 137367 373031 519158 255177 150997 262841 331060 137734 140434 171937 455283 227006 216184 141760 96335.9 199898 175850
 90909.8 374546 120397 93718.8 108752 181023 100944 102361 89490.5 114501 288823 113260 186725 208721 164633 157326 148873 320309 199968 187833
 170265 200720 196492 326318 310707 103595 335835 176855 301721 80066 160682 122797 339293 288196 161222 313124 127797 170202 260812 193439
 255254 152130 103911 213086 301264 109274 104708 178194 143941 274285 92609.5 123026 83220.5 220633 140932 225998 320923 396119 368243 194771
 105094 179717 284174 162740 56803.2 99937.2 221012 119474 212440 868296 347355 315346 360041 142876 91630.5 497771 167856 111996 179204 134868
 212317 105269 104122 408159 252064 147787 510721 188208 246483 501696 146409 171625 122136 426504 200039 233676 121010 353692 391122 219861
 181374 114851 234001 158564 247862 168232 351234 142193 129673 334815 281375 188967 191083 242266 158187 73633.3 163592 153374 82784.7 636544
 296386 185470 327139 154582 180941 212457 126982 166095 194708 248016 73933.3 119088 73267.5 198481 59941.2 165940 214131 361297 120113 134578
 210918 73422.4 122334 107176 210398 149453 207914 140483 506173 93101.4 238745 390299 379315 342832 195521 331596 98968.3 441169 191784 241274
 182636 329354 137605 94006.2 153724 69834.3 100458 143105 73980.7 102967 106084 297583 354486 119770 241389 106001 76921.5 88998.3 162324 151127
 182319 161524 633876 322070 142820 185925 194794 144525 475607 142308 61921.3 244151 126869 219048 299183 175235 118195 93088.9 172922 105878
 171789 273356 135038 238723 164817 240328 445659 153040 119715 168417 233450 199126 130354 166801 121352 78370.4 403316 184683 163853 108574
 104206 442468 111850 300548 208889 338329 142454 300044 251015 133199 137895 626806 210219 167847 209699 140152 97032.1 71868.8 146074 40960.8
 163110 101476 105466 135671 348811 210368 199416 838130 167740 328473 178837 491545 99298.7 91078.7 134498 288357 74863.4 207399 225113 157353
 164343 197625 175992 150459 56283.9 123282 104110 316298 120705 74584 201470 90581.7 266052 201650 187341 330175 178477 212439 253764 247841
