 0.362909 0.35686 0.235461 0.32646 0.341327 0.265953 0.138431 0.195917 0.274147 0.257329 0.348053 0.317743 0.297652 0.224468 0.240695 0.263867 0.265738 0.265285 0.235721 0.303288
 0.406362 0.243185 0.273316 0.353904 0.292293 0.263712 0.22936 0.276898 0.140494 0.277934 0.275588 0.2564 0.35682 0.34182 0.309146 0.323555 0.261059 0.185942 0.210524 0.25565
 0.516292 0.439387 0.152879 0.191562 0.200248 0.206303 0.264616 0.285741 0.305464 0.449055 0.273673 0.322689 0.175616 0.245604 0.366337 0.330289 0.347684 0.340611 0.345035 0.305653
 0.233558 0.307797 0.173048 0.355138 0.266312 0.305002 0.289662 0.21328 0.350186 0.356509 0.192731 0.2765 0.224948 0.226743 0.191811 0.252435 0.327723 0.173901 0.252082 0.330631
 0.170063 0.277849 0.300907 0.246627 0.342 0.349123 0.320804 0.315797 0.316897 0.284139 0.219247 0.157794 0.271631 0.246171 0.25062 0.292688 0.346475 0.679193 0.444575 0.34417
 0.188436 0.279732 0.176185 0.223329 0.300611 0.307281 0.247569 0.415975 0.322998 0.271285 0.265004 0.243339 0.255336 0.256925 0.301751 0.336062 0.182265 0.235027 0.293586 0.238265
 0.401998 0.250442 0.308702 0.204798 0.277633 0.399932 0.168315 0.15698 0.331614 0.201667 0.433416 0.220999 0.328983 0.381248 0.303114 0.390913 0.322427 0.285977 0.243117 0.270929
 0.261424 0.236897 0.163362 0.308414 0.239601 0.265646 0.163442 0.280827 0.21528 0.206892 0.199596 0.275589 0.358924 0.256675 0.332251 0.523216 0.354695 0.457257 0.119869 0.402123
 0.128963 0.198504 0.297886 0.343563 0.289304 0.344956 0.368418 0.267434 0.172392 0.266187 0.405926 0.460193 0.200428 0.287979 0.29984 0.364064 0.226979 0.316015 0.22743 0.317549
 0.203406 0.204148 0.20731 0.288391 0.233034 0.328329 0.236267 0.291869 0.352685 0.437332 0.398999 0.445665 0.398732 0.414642 0.310149 0.408467 0.302742 0.180853 0.209073 0.131903
 0.429517 0.469243 0.282431 0.294359 0.200659 0.181959 0.254178 0.199756 0.247765 0.287791 0.307502 0.345141 0.223643 0.181258 0.342407 0.178917 0.289674 0.298033 0.474671 0.50406
 0.446559 0.375242 0.184033 0.320922 0.219285 0.235419 0.241429 0.246999 0.258343 0.281133 0.416 0.641412 0.466663 0.612851 0.69941 0.24008 0.257634 0.206612 0.2493 0.202299
 0.432334 0.344252 0.312943 0.236771 0.326825 0.274879 0.193713 0.147291 0.190341 0.294267 0.242809 0.27748 0.418445 0.207526 0.353112 0.564333 0.278666 0.37372 0.389582 0.225147
 0.419501 0.329899 0.232514 0.22545 0.264032 0.22533 0.233599 0.310113 0.220731 0.216561 0.12692 0.264105 0.231705 0.326162 0.335895 0.546927 0.399345 0.564982 0.519193 0.470758
 0.308616 0.291537 0.18117 0.236925 0.148547 0.256804 0.307357 0.232633 0.312655 0.314313 0.383184 0.31094 0.324187 0.313232 0.346243 0.21935 0.2777 0.269341 0.36512 0.182068
 0.214909 0.168167 0.277398 0.272082 0.41006 0.532327 0.301157 0.234818 0.351558 0.166202 0.224186 0.251065 0.168155 0.225154 0.303408 0.362701 0.371737 0.324896 0.409597 0.504958
 0.368159 0.152494 0.244896 0.301387 0.126033 0.246534 0.252257 0.242261 0.349383 0.477234 0.278954 0.292581 0.373051 0.294556 0.333645 0.278808 0.347018 0.280049 0.255843 0.248
 0.259763 0.291258 0.496487 0.341554 0.283796 0.202441 0.22235 0.245649 0.334884 0.276125 0.31587 0.23035 0.180167 0.266892 0.284241 0.29418 0.320288 0.257318 0.408957 0.355237
 0.20752 0.364313 0.270226 0.315109 0.189255 0.230093 0.256171 0.294708 0.27746 0.249382 0.350599 0.265383 0.126691 0.289091 0.380756 0.456526 0.30832 0.269271 0.299751 0.208937
 0.291414 0.308947 0.334011 0.307331 0.18089 0.199037 0.268608 0.342448 0.232406 0.228856 0.168985 0.268683 0.267821 0.252496 0.316045 0.441123 0.311533 0.295606 0.277205 0.453623
 0.665561 0.412976 0.208353 0.241449 0.158782 0.279829 0.22036 0.267886 0.267736 0.346746 0.328918 0.413888 0.391845 0.536898 0.237913 0.159714 0.189962 0.20123 0.20942 0.268883
 0.229522 0.206978 0.149345 0.250115 0.367382 0.256961 0.277242 0.341985 0.504149 0.257763 0.352221 0.179495 0.210113 0.249707 0.275666 0.291714 0.297452 0.508781 0.410518 0.34099
 0.246104 0.19845 0.272381 0.183858 0.228462 0.299116 0.255118 0.340819 0.356595 0.427133 0.553572 0.397587 0.246181 0.278808 0.207918 0.26853 0.293315 0.174894 0.211881 0.271721
 0.227054 0.333648 0.213051 0.260151 0.263132 0.278966 0.305816 0.258755 0.399248 0.215429 0.391874 0.218343 0.291085 0.225189 0.259651 0.236757 0.272455 0.159833 0.230401 0.2268
 0.287804 0.29522 0.126417 0.270808 0.252574 0.194842 0.264513 0.289789 0.298912 0.309155 0.256309 0.385949 0.315484 0.252738 0.256432 0.206339 0.29002 0.377534 0.20641 0.250053
 0.393947 0.450047 0.327009 0.2387 0.296364 0.319304 0.170312 0.201528 0.274864 0.375736 0.224257 0.204024 0.19788 0.221332 0.265223 0.308329 0.39487 0.422291 0.37647 0.371366
 0.237512 0.221984 0.424011 0.211015 0.40051 0.216757 0.236872 0.353996 0.370838 0.244046 0.268123 0.365434 0.147079 0.257552 0.254509 0.38058 0.293596 0.348182 0.355465 0.293385
 0.329622 0.408281 0.245392 0.211091 0.265091 0.295818 0.261749 0.141351 0.314323 0.183879 0.289267 0.290348 0.267198 0.317107 0.34946 0.4199 0.30334 0.191269 0.257691 0.216931
 0.465564 0.191956 0.256662 0.209646 0.29543 0.259003 0.191019 0.31593 0.360304 0.299262 0.245606 0.297959 0.244588 0.329681 0.242609 0.32223 0.216375 0.258055 0.304303 0.36253
 0.142049 0.247514 0.265358 0.301526 0.379004 0.300733 0.533804 0.37149 0.26483 0.31025 0.181407 0.354274 0.173589 0.180702 0.262765 0.221872 0.277451 0.632043 0.257945 0.216713
 0.218373 0.161846 0.216848 0.269087 0.317977 0.17726 0.423894 0.304754 0.206407 0.274782 0.299774 0.276968 0.235097 0.318339 0.260152 0.269069 0.271241 0.284739 0.417917 0.358783
 0.419553 0.418183 0.282373 0.35415 0.41171 0.149422 0.252319 0.254093 0.239042 0.262215 0.181376 0.205849 0.251897 0.263152 0.279568 0.356352 0.378686 0.233371 0.269534 0.22823
 0.344078 0.271945 0.264062 0.482521 0.141626 0.238888 0.302874 0.346268 0.3383 0.260237 0.229001 0.197568 0.218106 0.179411 0.28114 0.24536 0.262264 0.376995 0.471959 0.357394
 0.242568 0.283094 0.305797 0.327579 0.326468 0.361645 0.421204 0.265515 0.295569 0.233695 0.19847 0.216907 0.13146 0.233126 0.313657 0.260071 0.353 0.222243 0.306653 0.36851
 0.549011 0.254189 0.311647 0.241795 0.228701 0.235899 0.228953 0.232495 0.275829 0.371899 0.288573 0.313029 0.194945 0.22875 0.263472 0.276425 0.308283 0.359707 0.549698 0.224405
 0.335924 0.210901 0.227169 0.231218 0.250892 0.248663 0.19796 0.212787 0.32396 0.341418 0.245867 0.260553 0.252967 0.3934 0.31873 0.259283 0.397632 0.61684 0.266896 0.418934
 0.326163 0.145165 0.239626 0.206812 0.227604 0.180127 0.239985 0.260053 0.371865 0.294556 0.329901 0.207093 0.290088 0.319214 0.396525 0.368344 0.592189 0.308326 0.42138 0.187971
 0.136671 0.312777 0.326466 0.25056 0.247696 0.152475 0.178183 0.245618 0.327986 0.314107 0.524845 0.565979 0.595566 0.353373 0.282116 0.368597 0.184452 0.365661 0.152636 0.240682
 0.405261 0.244343 0.288524 0.276115 0.348149 0.294517 0.429063 0.152081 0.347878 0.180106 0.323007 0.268404 0.162047 0.263526 0.284374 0.257384 0.336915 0.320456 0.319969 0.211104
 0.281761 0.178977 0.244879 0.295638 0.320267 0.264103 0.305061 0.281354 0.357198 0.215327 0.307516 0.293965 0.208653 0.254524 0.225383 0.324973 0.280751 0.195034 0.156373 0.216405
 0.506498 0.22008 0.336194 0.289137 0.153754 0.265047 0.300238 0.272207 0.280195 0.348952 0.335063 0.204394 0.293911 0.338851 0.38361 0.469362 0.571052 0.310393 0.190751 0.0641259
 0.194899 0.25457 0.179715 0.332202 0.242986 0.224372 0.317537 0.369896 0.204902 0.26637 0.24563 0.308064 0.364343 0.224599 0.400246 0.356999 0.129253 0.291565 0.293732 0.333392
 0.233533 0.450949 0.165949 0.26631 0.263708 0.238646 0.316854 0.240555 0.332979 0.113963 0.274654 0.207895 0.327338 0.345121 0.421741 0.610208 0.466053 0.43542 0.381639 0.312726
 0.397919 0.323238 0.217023 0.248168 0.197556 0.328893 0.213253 0.300061 0.153872 0.253187 0.242561 0.299811 0.208336 0.227121 0.30879 0.362901 0.281757 0.299275 0.280966 0.3351
 0.233626 0.219037 0.247725 0.234352 0.242401 0.332502 0.375805 0.45351 0.192167 0.265836 0.193679 0.231908 0.232801 0.210265 0.363102 0.30148 0.32919 0.239017 0.40087 0.305525
 0.228844 0.275622 0.219556 0.247864 0.307321 0.24114 0.353156 0.334261 0.440462 0.218079 0.177811 0.272968 0.209653 0.275386 0.190563 0.382013 0.215097 0.28003 0.325436 0.299055
 0.258233 0.332531 0.170268 0.249428 0.24659 0.240105 0.367708 0.180439 0.299484 0.300605 0.183214 0.205238 0.249977 0.323915 0.330297 0.262463 0.333788 0.512573 0.36392 0.323159
 0.291016 0.332098 0.142454 0.242853 0.195258 0.224547 0.356371 0.333793 0.273274 0.42687 0.329025 0.249358 0.269611 0.289151 0.258078 0.350531 0.268725 0.347866 0.225813 0.205324
 0.369048 0.217473 0.19994 0.260824 0.239003 0.235532 0.285174 0.180834 0.27494 0.296168 0.383619 0.407663 0.345121 0.471136 0.176549 0.24461 0.155225 0.259477 0.250748 0.325456
 0.31756 0.246435 0.257149 0.168155 0.238068 0.211497 0.307734 0.171937 0.309677 0.377767 0.376278 0.521279 0.462618 0.293403 0.390293 0.171804 0.22921 0.167484 0.241455 0.261244
 0.51524 0.299565 0.325828 0.231324 0.277104 0.1058 0.252539 0.261013 0.224562 0.262703 0.311193 0.27426 0.272184 0.265481 0.353339 0.354928 0.21139 0.229738 0.321728 0.470982
 0.368767 0.331435 0.375223 0.154251 0.213663 0.308527 0.140169 0.289368 0.302282 0.296598 0.317112 0.224242 0.296226 0.390927 0.377735 0.329866 0.513314 0.458316 0.292587 0.253992
 0.490027 0.319388 0.329932 0.308575 0.201286 0.220446 0.300274 0.219851 0.256653 0.229074 0.190417 0.304421 0.332839 0.346527 0.327598 0.256668 0.32095 0.245299 0.244608 0.242572
 0.427158 0.510269 0.335569 0.217441 0.21626 0.203121 0.225141 0.186011 0.311895 0.250335 0.25902 0.348713 0.285723 0.295618 0.300302 0.243377 0.293135 0.28222 0.260607 0.378032
 0.23014 0.502087 0.291554 0.280301 0.282964 0.187465 0.231494 0.269804 0.213806 0.201498 0.35992 0.245078 0.358177 0.230425 0.21827 0.305733 0.264903 0.299218 0.356405 0.254637
 0.207239 0.289824 0.1881 0.199588 0.30154 0.231099 0.31684 0.192871 0.237058 0.221909 0.300238 0.343699 0.275787 0.434702 0.375944 0.161957 0.338811 0.201212 0.226594 0.242636
 0.253141 0.338503 0.306739 0.336876 0.433544 0.365147 0.354384 0.241622 0.243866 0.159166 0.218159 0.250582 0.229549 0.18141 0.283257 0.365281 0.388686 0.361426 0.30664 0.399696
 0.477274 0.376585 0.359931 0.240037 0.164596 0.171737 0.265039 0.273601 0.322486 0.272891 0.326825 0.276123 0.465849 0.345683 0.303991 0.204684 0.348237 0.192802 0.37498 0.202413
 0.205404 0.208904 0.233282 0.20521 0.358064 0.271365 0.288614 0.174062 0.242697 0.22565 0.294122 0.326056 0.338775 0.293222 0.408119 0.295268 0.358435 0.315437 0.210503 0.296519
 0.374539 0.247586 0.273138 0.309593 0.202719 0.28673 0.235448 0.400082 0.194902 0.252485 0.300796 0.330027 0.417969 0.33218 0.318281 0.310985 0.234926 0.175235 0.262191 0.148662
 0.11676 0.341292 0.309363 0.224465 0.288172 0.272557 0.284971 0.261675 0.23316 0.339776 0.247936 0.246707 0.265508 0.272277 0.414182 0.249113 0.32278 0.413797 0.467231 0.347362
 0.14506 0.303584 0.319484 0.192764 0.277861 0.322276 0.268107 0.278695 0.338173 0.292119 0.339235 0.191104 0.252595 0.32696 0.334693 0.402321 0.311772 0.254624 0.262062 0.226193
 0.409262 0.326196 0.214477 0.271249 0.206427 0.196624 0.256183 0.269279 0.259606 0.29463 0.373095 0.307706 0.269597 0.30903 0.349587 0.267043 0.321901 0.405145 0.230872 0.240626
 0.541723 0.257721 0.281446 0.226617 0.204796 0.231748 0.249794 0.237412 0.317053 0.294339 0.27341 0.30671 0.352719 0.333539 0.425678 0.389554 0.366702 0.267263 0.303429 0.265372
 0.418779 0.232603 0.288384 0.302706 0.216082 0.166879 0.276186 0.282997 0.209973 0.249805 0.280788 0.334404 0.319244 0.339003 0.289665 0.28728 0.270368 0.268931 0.24361 0.243442
 0.484485 0.390624 0.175154 0.37031 0.318809 0.255528 0.215978 0.278093 0.177338 0.188233 0.278882 0.234016 0.328207 0.417964 0.447124 0.638897 0.238159 0.270945 0.247085 0.204139
 0.367944 0.23282 0.25171 0.24251 0.195411 0.329537 0.262352 0.201905 0.318282 0.326742 0.412788 0.330135 0.335345 0.252385 0.276201 0.32203 0.221336 0.2752 0.270161 0.328394
 0.200229 0.329118 0.241873 0.299485 0.146788 0.2748 0.272058 0.332518 0.377666 0.353189 0.484055 0.307989 0.198501 0.292366 0.247828 0.369501 0.308174 0.259853 0.334496 0.308078
 0.29194 0.434706 0.263106 0.326567 0.306973 0.129146 0.285264 0.172081 0.240378 0.291356 0.245418 0.361576 0.246172 0.262841 0.332426 0.235784 0.212957 0.324316 0.219056 0.338155
 0.246301 0.277673 0.2211 0.231542 0.236795 0.186003 0.229419 0.369533 0.342786 0.567278 0.609039 0.43924 0.549331 0.329112 0.232091 0.19501 0.187395 0.249321 0.266054 0.297605
 0.338512 0.35764 0.21723 0.290307 0.183968 0.278069 0.221738 0.264845 0.289551 0.249778 0.253554 0.289218 0.21798 0.22653 0.268334 0.266261 0.261528 0.317621 0.274123 0.292194
 0.511911 0.303489 0.239687 0.237291 0.286306 0.325008 0.267029 0.224932 0.339202 0.119276 0.237478 0.263658 0.22934 0.211564 0.221706 0.237636 0.352481 0.404935 0.313832 0.315646
 0.245265 0.315401 0.307295 0.312047 0.259369 0.161857 0.226859 0.355797 0.278577 0.290147 0.309221 0.363687 0.287642 0.243639 0.184744 0.250454 0.365823 0.281588 0.250677 0.309145
 0.513454 0.275966 0.305652 0.230468 0.290518 0.276754 0.206586 0.283785 0.245711 0.355181 0.422406 0.239214 0.183083 0.271922 0.234937 0.299341 0.246817 0.253704 0.259803 0.277527
 0.522616 0.308785 0.117553 0.267402 0.257975 0.293943 0.288391 0.336424 0.430613 0.416664 0.446466 0.279459 0.216889 0.188692 0.201731 0.269033 0.309981 0.330278 0.432765 0.307201
 0.536885 0.370202 0.365282 0.276428 0.195748 0.199667 0.212326 0.212282 0.176287 0.279247 0.166182 0.317162 0.232879 0.441562 0.385432 0.371997 0.350446 0.25395 0.273207 0.264079
 0.183586 0.200398 0.298258 0.264318 0.264789 0.258148 0.30757 0.383708 0.452904 0.233333 0.284981 0.16028 0.212268 0.297617 0.31381 0.370065 0.279726 0.347631 0.306318 0.292874
 0.334893 0.213425 0.410248 0.308151 0.261733 0.230958 0.191343 0.275857 0.228231 0.243602 0.225758 0.35374 0.25962 0.429648 0.376494 0.382271 0.259295 0.236319 0.373806 0.313026
 0.695651 0.232684 0.216892 0.26366 0.294699 0.291783 0.270224 0.265236 0.312253 0.281932 0.25556 0.225297 0.294763 0.418837 0.384015 0.159243 0.259242 0.312689 0.354026 0.227256
 0.275136 0.194129 0.255375 0.274706 0.27142 0.380059 0.285877 0.259474 0.317293 0.272386 0.318366 0.300712 0.311786 0.23735 0.197664 0.271061 0.380814 0.376632 0.311303 0.286686
 0.506093 0.390292 0.274425 0.264876 0.320489 0.236039 0.213127 0.289078 0.203307 0.249067 0.320169 0.257622 0.404795 0.23955 0.322941 0.164881 0.236989 0.195858 0.245512 0.244556
 0.232704 0.321754 0.314283 0.28689 0.251008 0.278896 0.220627 0.185949 0.285042 0.286017 0.209449 0.264992 0.179217 0.395529 0.365148 0.307453 0.33807 0.208089 0.324073 0.323814
 0.426629 0.250172 0.38397 0.232181 0.21531 0.238992 0.306587 0.272964 0.325308 0.172818 0.226598 0.318308 0.296138 0.296457 0.277515 0.392042 0.263709 0.270169 0.307928 0.366694
 0.236401 0.501742 0.396616 0.327989 0.284839 0.137601 0.203743 0.20947 0.238568 0.222232 0.300434 0.310761 0.246203 0.340913 0.246901 0.303641 0.280822 0.225928 0.422708 0.503029
 0.31315 0.404077 0.177602 0.230306 0.141727 0.171064 0.261286 0.297988 0.320045 0.394564 0.339806 0.383147 0.258771 0.340265 0.406034 0.193454 0.227161 0.260486 0.23274 0.233762
 0.296054 0.297334 0.282585 0.314784 0.241168 0.238037 0.413568 0.160917 0.2439 0.276364 0.360035 0.381834 0.326082 0.24345 0.308752 0.313157 0.213506 0.257304 0.38512 0.223698
 0.352742 0.290203 0.253425 0.253553 0.230363 0.179344 0.313336 0.211268 0.312023 0.271257 0.295034 0.247912 0.361161 0.214713 0.252875 0.255871 0.268925 0.260853 0.313191 0.320011
 0.405826 0.427693 0.26558 0.313461 0.319177 0.187974 0.228864 0.232973 0.250119 0.264376 0.299758 0.332541 0.309298 0.186465 0.223283 0.247685 0.30315 0.391554 0.5749 0.358368
 0.317094 0.328271 0.205919 0.14695 0.23893 0.383206 0.347897 0.316891 0.439907 0.324364 0.321131 0.266654 0.320962 0.194903 0.282834 0.348396 0.135565 0.304909 0.251777 0.206649
 0.515326 0.381388 0.235258 0.308301 0.287899 0.151288 0.234649 0.284726 0.262279 0.352602 0.169163 0.267194 0.256258 0.295952 0.252505 0.366665 0.308759 0.302119 0.258087 0.166156
 0.256463 0.245599 0.207978 0.173379 0.277878 0.319264 0.303775 0.464835 0.354572 0.549651 0.424757 0.359513 0.25116 0.283319 0.21655 0.235388 0.2286 0.2709 0.249859 0.296872
 0.448855 0.496298 0.266947 0.326255 0.142669 0.218378 0.255393 0.237479 0.215072 0.238653 0.280544 0.354613 0.300127 0.357593 0.33775 0.198058 0.318008 0.186758 0.300728 0.260498
 0.333508 0.210414 0.270183 0.239572 0.269076 0.169971 0.176274 0.393602 0.141482 0.295021 0.282575 0.276481 0.394514 0.337392 0.313941 0.375231 0.22432 0.349842 0.35365 0.375678
 0.306582 0.419554 0.299133 0.338433 0.153209 0.293502 0.25537 0.30637 0.240098 0.225661 0.23294 0.289891 0.235405 0.226928 0.287081 0.268737 0.267479 0.265553 0.322522 0.333663
 0.329143 0.249417 0.178109 0.234014 0.256551 0.296268 0.187261 0.215323 0.19983 0.325255 0.274155 0.434413 0.461272 0.418282 0.229036 0.389598 0.196421 0.286574 0.237475 0.31587
 0.385438 0.274401 0.139538 0.256856 0.262681 0.374561 0.164208 0.147223 0.249174 0.278653 0.38672 0.319069 0.426987 0.488152 0.511837 0.267404 0.455015 0.258672 0.314481 0.143825
 0.471989 0.386723 0.172644 0.24075 0.234734 0.302523 0.246338 0.269531 0.280916 0.30286 0.218728 0.343561 0.23542 0.285716 0.163442 0.304534 0.166727 0.268493 0.213811 0.280437
 0.511474 0.265636 0.259021 0.28477 0.244063 0.262692 0.199893 0.23027 0.227074 0.224349 0.224541 0.23072 0.220406 0.274427 0.24402 0.256426 0.2821 0.304164 0.36576 0.438991
 0.205806 0.234044 0.288818 0.286635 0.383948 0.398815 0.25971 0.435862 0.301941 0.263722 0.284216 0.222705 0.172267 0.264024 0.292688 0.253979 0.209635 0.221995 0.272418 0.351329
 0.640525 0.2595 0.228283 0.328289 0.268603 0.133665 0.245453 0.24997 0.21704 0.20626 0.276216 0.321566 0.287209 0.210561 0.163978 0.365717 0.385115 0.410516 0.332762 0.37609
 0.399839 0.267114 0.221621 0.20057 0.291701 0.333616 0.134208 0.255628 0.274269 0.185753 0.293696 0.262706 0.372705 0.434321 0.543403 0.417255 0.447615 0.369023 0.427187 0.205745
 0.188719 0.231983 0.236596 0.266009 0.407393 0.337848 0.277707 0.371484 0.364268 0.272475 0.375956 0.23782 0.270661 0.283349 0.213388 0.215989 0.251617 0.308149 0.280048 0.341698
 0.780692 0.544494 0.299054 0.383144 0.151326 0.254862 0.295489 0.184299 0.306101 0.247492 0.347747 0.418746 0.280926 0.442808 0.395124 0.151912 0.2627 0.318939 0.175038 0.257056
 0.640189 0.534182 0.756989 0.272167 0.324537 0.176293 0.129147 0.243209 0.151391 0.210422 0.233698 0.315789 0.324499 0.354157 0.293287 0.311517 0.395028 0.23309 0.319015 0.253222
 0.4751 0.359128 0.262119 0.250124 0.227118 0.285408 0.24084 0.215943 0.20457 0.295486 0.285605 0.249532 0.203645 0.271628 0.211284 0.333458 0.27167 0.372933 0.602087 0.545993
 0.209056 0.481987 0.187747 0.435027 0.308025 0.437443 0.294634 0.297186 0.225071 0.258818 0.256679 0.241563 0.394792 0.216235 0.263901 0.234867 0.292989 0.194603 0.234865 0.204236
 0.361749 0.390438 0.312151 0.325785 0.324847 0.18965 0.225057 0.227897 0.281453 0.246833 0.314449 0.26113 0.353805 0.204611 0.296782 0.17461 0.179809 0.261098 0.276019 0.295587
 0.374001 0.338304 0.32775 0.306341 0.235069 0.257458 0.249285 0.25851 0.253475 0.29822 0.141316 0.347175 0.299363 0.344118 0.234269 0.257184 0.258395 0.209315 0.305823 0.27274
 0.278718 0.290416 0.323328 0.163641 0.220178 0.240428 0.291992 0.334594 0.217021 0.305289 0.27365 0.248885 0.360691 0.259123 0.32488 0.275032 0.274037 0.273413 0.331481 0.300554
 0.243535 0.288765 0.245979 0.223868 0.234808 0.186411 0.242296 0.232691 0.3213 0.33033 0.260929 0.264179 0.286093 0.21662 0.301669 0.322346 0.210864 0.276594 0.312737 0.421098
 0.302132 0.293152 0.238492 0.15987 0.204842 0.265716 0.28426 0.212657 0.285149 0.366298 0.349082 0.189368 0.376985 0.311799 0.35338 0.275793 0.322878 0.321705 0.428418 0.529464
 0.249302 0.288133 0.308255 0.190742 0.203016 0.227673 0.224061 0.302491 0.386457 0.3357 0.333198 0.231938 0.284638 0.386554 0.213387 0.295042 0.30467 0.266436 0.381357 0.122119
 0.431074 0.395237 0.297012 0.35584 0.0949497 0.218957 0.32526 0.307674 0.368169 0.394418 0.270831 0.27995 0.222558 0.239664 0.277452 0.196234 0.213176 0.235908 0.282903 0.311495
 0.334912 0.295729 0.34089 0.245047 0.384233 0.142673 0.212215 0.197408 0.270179 0.276082 0.270177 0.386994 0.245706 0.377182 0.421919 0.224521 0.196772 0.258407 0.313155 0.27345
 0.435612 0.288612 0.333698 0.239996 0.304991 0.26666 0.193976 0.263393 0.276945 0.387788 0.477732 0.343552 0.200251 0.239104 0.227785 0.280257 0.197006 0.250843 0.207243 0.246534
 0.307717 0.423629 0.37767 0.242355 0.237552 0.24955 0.205941 0.184439 0.390302 0.20083 0.184864 0.291832 0.405071 0.360129 0.410779 0.231348 0.258533 0.134319 0.35344 0.230023
 0.344079 0.231893 0.194331 0.330359 0.245398 0.272252 0.189572 0.209616 0.2711 0.216462 0.218395 0.329499 0.426337 0.333637 0.258195 0.267975 0.286291 0.21595 0.268706 0.291509
 0.55514 0.272787 0.355806 0.2448 0.284195 0.249356 0.152421 0.17655 0.269768 0.287931 0.537202 0.562792 0.2699 0.329945 0.375257 0.312776 0.278771 0.231839 0.137308 0.249781
 0.281287 0.357513 0.32027 0.329285 0.265558 0.221743 0.288505 0.281288 0.15334 0.304604 0.209493 0.272836 0.373981 0.438723 0.210991 0.204263 0.184202 0.266135 0.29425 0.322004
 0.377875 0.32691 0.325694 0.241299 0.279824 0.211726 0.204217 0.214421 0.273512 0.327264 0.457599 0.336096 0.313364 0.403511 0.162669 0.349479 0.115824 0.255907 0.267299 0.341202
 0.296525 0.311338 0.341973 0.368059 0.259945 0.351064 0.401176 0.254224 0.237015 0.243581 0.166279 0.237528 0.136285 0.228682 0.178675 0.276722 0.304279 0.31261 0.309681 0.357409
 0.448297 0.550337 0.426883 0.273862 0.217504 0.157689 0.128909 0.250697 0.309567 0.362757 0.350141 0.286422 0.336676 0.191594 0.272466 0.183242 0.270566 0.267944 0.257475 0.228472
 0.59194 0.378981 0.228631 0.198057 0.215434 0.186895 0.239821 0.364462 0.193117 0.301571 0.435972 0.340907 0.491784 0.33319 0.232141 0.375193 0.222084 0.237642 0.277786 0.167653
 0.386918 0.23212 0.130523 0.338046 0.272169 0.387458 0.288262 0.339742 0.232327 0.272832 0.193913 0.267383 0.32782 0.305735 0.315121 0.246029 0.231465 0.23644 0.278609 0.227335
 0.233621 0.304033 0.326868 0.234273 0.196523 0.200989 0.283666 0.195815 0.267162 0.372459 0.397955 0.392679 0.452214 0.88274 0.171205 0.236102 0.240876 0.186496 0.188208 0.191684
 0.248386 0.288226 0.177007 0.40499 0.166218 0.239904 0.445564 0.227002 0.323259 0.311735 0.306333 0.229596 0.247437 0.241021 0.298121 0.330757 0.265292 0.293972 0.28731 0.354062
 0.2824 0.280287 0.261106 0.192694 0.209965 0.255858 0.224631 0.318922 0.396873 0.632355 0.315983 0.337985 0.238739 0.148768 0.256255 0.280455 0.253928 0.228037 0.214708 0.333201
 0.481879 0.18109 0.190512 0.266826 0.339676 0.357107 0.251462 0.256755 0.328353 0.291748 0.244109 0.317115 0.17196 0.248414 0.270369 0.303463 0.34237 0.356444 0.310627 0.362135
 0.205577 0.292417 0.279756 0.202769 0.252746 0.144513 0.376156 0.274445 0.332174 0.366697 0.206874 0.307292 0.240315 0.328257 0.257412 0.250676 0.278555 0.394206 0.378048 0.333589
 0.217911 0.321596 0.228047 0.260314 0.308761 0.202988 0.313549 0.302663 0.238392 0.299069 0.209728 0.300144 0.37281 0.170833 0.246347 0.286303 0.234163 0.300312 0.259996 0.28129
 0.447634 0.511253 0.194523 0.358343 0.233666 0.311292 0.222826 0.221023 0.194268 0.225788 0.263541 0.307868 0.272478 0.236005 0.336128 0.237401 0.266309 0.222916 0.330687 0.386633
 0.215037 0.31203 0.18358 0.236437 0.36308 0.155351 0.220755 0.257242 0.294096 0.29464 0.261346 0.342702 0.171045 0.235267 0.37017 0.388705 0.398622 0.223361 0.386285 0.560495
 0.257031 0.324027 0.274358 0.342065 0.174469 0.21893 0.307773 0.309131 0.25847 0.290764 0.256223 0.212902 0.282156 0.315264 0.218855 0.317893 0.223835 0.247019 0.356416 0.242528
 0.300275 0.287805 0.246499 0.220464 0.190211 0.212456 0.243666 0.223476 0.333849 0.306459 0.323896 0.33913 0.55337 0.468554 0.389696 0.236011 0.198924 0.25393 0.371212 0.211436
 0.512641 0.380707 0.176029 0.174993 0.239514 0.154659 0.329062 0.256423 0.320483 0.323276 0.370999 0.31613 0.288372 0.212103 0.33154 0.260936 0.389188 0.303556 0.292356 0.186555
 0.350248 0.451742 0.250794 0.28524 0.189355 0.246153 0.354228 0.321679 0.368373 0.44651 0.280268 0.193821 0.316492 0.118515 0.265398 0.355203 0.364154 0.355413 0.325388 0.193432
 0.211079 0.260558 0.27479 0.28738 0.271485 0.200117 0.342689 0.338782 0.225344 0.26093 0.279375 0.338839 0.19566 0.2076 0.243733 0.286108 0.35821 0.549047 0.298482 0.469716
 0.526306 1.15879 0.542765 0.466103 0.279967 0.123749 0.286058 0.167133 0.180935 0.219261 0.25439 0.388193 0.331082 0.404307 0.320712 0.367945 0.228346 0.243178 0.291935 0.222193
 0.43886 0.306864 0.166431 0.308214 0.218284 0.152415 0.240829 0.304213 0.423387 0.309451 0.552548 0.491566 0.468917 0.119908 0.273345 0.300339 0.202745 0.16751 0.306158 0.384447
 0.215801 0.289702 0.251122 0.247967 0.333831 0.211781 0.235762 0.381768 0.286539 0.321262 0.189002 0.217181 0.298029 0.33387 0.438741 0.263502 0.311534 0.175683 0.211929 0.233435
 0.28891 0.202176 0.231007 0.326438 0.145117 0.286231 0.261099 0.335767 0.23916 0.330938 0.317132 0.428056 0.234085 0.50702 0.338681 0.268342 0.218004 0.221577 0.263252 0.303951
 0.388709 0.468808 0.219697 0.260727 0.392643 0.158175 0.248881 0.303669 0.432855 0.138849 0.170536 0.211571 0.208073 0.343993 0.253852 0.365864 0.402413 0.202144 0.250025 0.243025
 0.256183 0.309255 0.157175 0.310591 0.268867 0.185708 0.303412 0.276586 0.221601 0.267904 0.247866 0.195668 0.271442 0.284484 0.388751 0.16912 0.224178 0.314164 0.440291 0.359859
 0.338783 0.146513 0.237348 0.197536 0.275528 0.287828 0.365685 0.45904 0.353039 0.353385 0.280553 0.373787 0.231091 0.391159 0.263011 0.288374 0.311858 0.230142 0.173627 0.178664
 0.168927 0.328015 0.299925 0.308423 0.350485 0.195732 0.220927 0.337853 0.290436 0.372286 0.385545 0.289228 0.241096 0.206418 0.209941 0.268642 0.109528 0.279832 0.298176 0.280591
 0.139969 0.2744 0.27538 0.509154 0.432917 0.361559 0.228911 0.262512 0.262148 0.215247 0.257201 0.216501 0.262566 0.190335 0.298385 0.286452 0.429944 0.379004 0.322992 0.539361
 0.501437 0.194537 0.261165 0.440048 0.253082 0.228052 0.209995 0.151275 0.28035 0.257037 0.347019 0.445472 0.36264 0.411772 0.557807 0.515626 0.351926 0.421048 0.214199 0.232455
 0.324558 0.363114 0.245606 0.299937 0.176613 0.212546 0.278382 0.16832 0.212337 0.275152 0.296288 0.261609 0.302492 0.279845 0.352526 0.279498 0.339926 0.426082 0.237875 0.23982
 0.143734 0.289335 0.316394 0.411562 0.297475 0.455095 0.325412 0.399398 0.249203 0.0783474 0.186073 0.262089 0.302685 0.475327 0.528767 0.51231 0.859212 0.14213 0.2695 0.108206
 0.388502 0.218055 0.276991 0.307003 0.290208 0.278463 0.232439 0.242799 0.251246 0.402342 0.326128 0.212434 0.253794 0.203161 0.355313 0.256498 0.436114 0.249397 0.265064 0.278374
 0.294918 0.373147 0.267066 0.26853 0.239493 0.248537 0.213941 0.354353 0.185014 0.30288 0.235905 0.226638 0.217793 0.169244 0.269956 0.295833 0.245616 0.311954 0.487062 0.337397
 0.365179 0.321568 0.239506 0.158404 0.237732 0.29931 0.23465 0.301467 0.327748 0.321317 0.261285 0.303896 0.214811 0.324654 0.267014 0.312311 0.244763 0.402895 0.240784 0.434208
 0.807777 0.360762 0.203952 0.276749 0.331119 0.244555 0.365616 0.202075 0.181451 0.246843 0.240787 0.316355 0.275755 0.261574 0.289801 0.25753 0.304718 0.270807 0.226773 0.335133
 0.259018 0.422503 0.211844 0.361757 0.207337 0.188653 0.28462 0.331865 0.313819 0.290383 0.344663 0.229831 0.323002 0.199415 0.238656 0.261912 0.31534 0.291674 0.234658 0.27898
 0.284943 0.176922 0.261108 0.233921 0.189627 0.356455 0.331888 0.30301 0.453937 0.134157 0.276435 0.260093 0.386133 0.229938 0.229162 0.294678 0.239313 0.286753 0.295226 0.279495
 0.262561 0.251175 0.212436 0.221705 0.304715 0.255827 0.242776 0.370382 0.373824 0.19474 0.260658 0.257374 0.331353 0.210797 0.371343 0.502168 0.408377 0.234766 0.19385 0.261574
 0.348532 0.289524 0.551775 0.207028 0.278286 0.203499 0.202142 0.192246 0.274267 0.181379 0.302186 0.279146 0.339172 0.396418 0.415208 0.317155 0.358326 0.179977 0.228599 0.276917
 0.445337 0.362392 0.405876 0.228628 0.226849 0.238488 0.259729 0.146788 0.186281 0.231633 0.286531 0.326385 0.372213 0.469527 0.40188 0.257111 0.28832 0.259392 0.336998 0.173293
 0.356225 0.328418 0.209454 0.220518 0.259179 0.230899 0.178266 0.198659 0.28331 0.303608 0.301214 0.325029 0.310634 0.293687 0.323879 0.330778 0.491292 0.291483 0.31491 0.321227
 0.254438 0.375321 0.419857 0.148694 0.221844 0.169111 0.31771 0.282997 0.27676 0.178398 0.499794 0.315307 0.42933 0.285456 0.353653 0.379683 0.456214 0.137332 0.341246 0.132948
 0.315617 0.302815 0.263707 0.231295 0.257258 0.236314 0.285519 0.489661 0.13409 0.222932 0.212436 0.238136 0.310695 0.296612 0.27614 0.348282 0.393797 0.309564 0.286201 0.266029
 0.381306 0.397049 0.291229 0.210856 0.205288 0.207618 0.210871 0.211662 0.314098 0.300743 0.279184 0.266778 0.349575 0.326806 0.342831 0.282997 0.43201 0.32356 0.297327 0.238612
 0.201964 0.301729 0.25204 0.362409 0.256031 0.171818 0.22584 0.327032 0.305185 0.344501 0.412313 0.375648 0.23725 0.263585 0.267722 0.325877 0.291633 0.232701 0.236551 0.196515
 0.385397 0.40141 0.233002 0.450324 0.346412 0.276177 0.0767055 0.268955 0.244819 0.214842 0.242371 0.366344 0.174358 0.279646 0.294916 0.456345 0.381817 0.430019 0.343017 0.249397
 0.365402 0.489059 0.409702 0.186188 0.248065 0.147575 0.293978 0.18726 0.223491 0.22239 0.256662 0.280887 0.480076 0.537523 0.669584 0.573449 0.436933 0.271214 0.203215 0.218876
 0.165151 0.296874 0.227356 0.215369 0.179128 0.263795 0.282354 0.47561 0.393891 0.40504 0.473116 0.542851 0.225969 0.369452 0.0990772 0.234533 0.204489 0.310841 0.311121 0.385707
 0.387601 0.33079 0.294089 0.275087 0.352931 0.178087 0.106153 0.244596 0.304326 0.279623 0.302398 0.433999 0.316302 0.294158 0.2969 0.296253 0.297028 0.297208 0.201182 0.19635
 0.482091 0.350023 0.542092 0.393264 0.206868 0.211726 0.121293 0.270199 0.240318 0.282998 0.29494 0.355243 0.330041 0.299821 0.250359 0.344557 0.216937 0.230042 0.29595 0.37741
 0.22407 0.370863 0.169966 0.285888 0.200722 0.275973 0.21275 0.235821 0.275488 0.560832 0.181384 0.371122 0.245167 0.316329 0.397574 0.196621 0.33852 0.429349 0.316823 0.28353
 0.146189 0.217623 0.297772 0.422597 0.314241 0.331179 0.221825 0.262638 0.333955 0.283619 0.319739 0.334359 0.368814 0.326375 0.329091 0.199819 0.283942 0.253815 0.224176 0.309546
 0.330478 0.312699 0.330337 0.323132 0.188066 0.275853 0.297794 0.299522 0.173285 0.322189 0.305254 0.3307 0.38255 0.297735 0.185569 0.425915 0.254441 0.179754 0.240017 0.248673
 0.41499 0.293815 0.382433 0.212231 0.296305 0.122642 0.252962 0.273254 0.26164 0.420713 0.274455 0.243133 0.145762 0.278575 0.269845 0.287169 0.30784 0.418082 0.439424 0.309742
 0.414375 0.30874 0.304193 0.168884 0.188489 0.213098 0.203584 0.246271 0.356445 0.289519 0.378725 0.278962 0.306959 0.328077 0.201709 0.207972 0.245445 0.252715 0.305693 0.301228
 0.198172 0.294576 0.273646 0.312296 0.190769 0.213497 0.35314 0.229868 0.303446 0.323893 0.259736 0.232217 0.254061 0.3599 0.338707 0.49413 0.396012 0.333984 0.343887 0.461235
 0.491701 0.20689 0.337282 0.254489 0.234716 0.225446 0.28177 0.286563 0.297415 0.148781 0.344653 0.304661 0.141673 0.257805 0.28573 0.314638 0.454834 0.350103 0.468249 0.268203
 0.318151 0.210291 0.26398 0.22739 0.182842 0.215564 0.27245 0.359503 0.23299 0.239607 0.320015 0.30448 0.283941 0.262458 0.212892 0.291978 0.370917 0.404145 0.292914 0.43284
 0.29569 0.382738 0.281122 0.252011 0.353476 0.261242 0.23154 0.237984 0.338334 0.365621 0.290144 0.172699 0.260205 0.262831 0.292171 0.161526 0.263255 0.409559 0.333093 0.32451
 0.443664 0.263059 0.25493 0.190074 0.264775 0.374909 0.235162 0.153364 0.279382 0.318357 0.2457 0.26474 0.135023 0.330197 0.375721 0.255773 0.255061 0.229083 0.318871 0.485466
 0.489311 0.328608 0.272445 0.283424 0.31412 0.210988 0.162414 0.171766 0.291822 0.399791 0.478077 0.332528 0.173005 0.195494 0.173215 0.283391 0.354493 0.27821 0.452014 0.351906
 0.121598 0.336055 0.270273 0.150419 0.282327 0.198128 0.24837 0.349713 0.421194 0.560653 0.339345 0.335382 0.260713 0.208325 0.15887 0.20933 0.307791 0.561923 0.485225 0.647077
 0.209149 0.145158 0.279961 0.282645 0.188646 0.291244 0.356894 0.340377 0.423396 0.251466 0.265169 0.389524 0.345252 0.612431 0.212635 0.379899 0.114557 0.249062 0.256948 0.247912
 0.30919 0.292484 0.220677 0.226206 0.322506 0.325547 0.18324 0.252265 0.309134 0.180734 0.281238 0.20088 0.20515 0.259022 0.197691 0.369895 0.321302 0.446576 0.613887 0.429146
 0.675526 0.377102 0.287474 0.20058 0.20901 0.163075 0.202459 0.20702 0.230535 0.274236 0.321233 0.247218 0.366124 0.338296 0.26491 0.38182 0.423491 0.349146 0.494953 0.229227
 0.371041 0.318776 0.15801 0.223793 0.304244 0.30789 0.336898 0.215784 0.230599 0.281487 0.324629 0.519819 0.464513 0.141708 0.288795 0.243272 0.255381 0.319598 0.263052 0.329993
 0.471774 0.267896 0.311035 0.265722 0.183141 0.196158 0.257676 0.234992 0.221687 0.308183 0.249871 0.222419 0.33856 0.412738 0.484302 0.413911 0.281565 0.295889 0.244944 0.345739
 0.235308 0.30376 0.185373 0.309774 0.182579 0.171944 0.249152 0.300736 0.313406 0.277725 0.331237 0.439871 0.386594 0.179114 0.278748 0.278097 0.322478 0.422675 0.303075 0.296146
 0.520368 0.161759 0.304274 0.289234 0.350892 0.253246 0.330907 0.389531 0.350698 0.26491 0.17425 0.289775 0.217299 0.243879 0.240113 0.279277 0.28964 0.209028 0.239478 0.286119
 0.331889 0.267861 0.2438 0.183881 0.222194 0.23617 0.219533 0.292671 0.283014 0.422727 0.409674 0.395878 0.185597 0.254615 0.31613 0.2256 0.288739 0.299073 0.237261 0.340652
 0.251359 0.283302 0.329002 0.268263 0.197792 0.318931 0.338583 0.271895 0.292665 0.227354 0.382938 0.3079 0.390317 0.210062 0.262653 0.234367 0.177739 0.178999 0.196325 0.265725
 0.469797 0.267409 0.199879 0.268634 0.307738 0.319536 0.234576 0.285926 0.221029 0.112384 0.222545 0.210347 0.226255 0.407827 0.539864 0.245743 0.267958 0.32983 0.362204 0.497712
 0.282355 0.381166 0.322475 0.15659 0.240381 0.256721 0.146626 0.200339 0.265548 0.192555 0.329331 0.303613 0.461997 0.266096 0.31651 0.33836 0.344088 0.227126 0.2138 0.287626
 0.314659 0.357819 0.232648 0.273626 0.229135 0.24706 0.177921 0.255365 0.304511 0.243069 0.226563 0.249394 0.311886 0.262171 0.410195 0.491786 0.373712 0.333856 0.317714 0.115951
 0.228121 0.275821 0.174761 0.322471 0.277855 0.242106 0.309333 0.322533 0.319577 0.241147 0.40258 0.313963 0.524715 0.211786 0.295434 0.259298 0.187456 0.184016 0.233438 0.277616
 0.288936 0.333801 0.337134 0.313227 0.239643 0.24482 0.224724 0.302523 0.138214 0.237577 0.251535 0.207134 0.206892 0.25133 0.285504 0.244472 0.411872 0.24329 0.395257 0.299467
 0.314566 0.192686 0.337577 0.280157 0.282076 0.356245 0.444233 0.33002 0.349204 0.259238 0.295422 0.158257 0.155107 0.285827 0.20487 0.368815 0.463494 0.465535 0.366415 0.296879
 0.321408 0.293638 0.12028 0.207557 0.28787 0.263321 0.270107 0.487116 0.197081 0.332895 0.327561 0.281706 0.403053 0.300335 0.218106 0.333245 0.274248 0.388235 0.305973 0.353139
 0.330866 0.211152 0.280097 0.242833 0.256173 0.208955 0.178416 0.240661 0.336448 0.323301 0.310851 0.311059 0.378678 0.325099 0.265926 0.488533 0.160875 0.25278 0.259166 0.355372
 0.460884 0.146881 0.267788 0.198025 0.26708 0.225105 0.259473 0.271421 0.219454 0.340342 0.387567 0.16176 0.304795 0.332564 0.312988 0.345642 0.445709 0.582809 0.41299 0.536958
 0.33217 0.355562 0.379921 0.307601 0.163322 0.214302 0.248253 0.10806 0.235183 0.236903 0.330103 0.230468 0.414259 0.70935 0.670151 0.210235 0.399238 0.298193 0.253251 0.25369
 0.347672 0.236195 0.261127 0.329178 0.430681 0.260768 0.331052 0.178656 0.266127 0.315035 0.224846 0.326526 0.207747 0.223838 0.293461 0.188209 0.241757 0.243061 0.247833 0.265875
