 0.340313 0.313928 0.280614 0.364326 0.316272 0.288091 0.158167 0.150768 0.194339 0.18301 0.241871 0.297816 0.213013 0.213105 0.213168 0.186693 0.177245 0.203199 0.183579 0.229701
 0.367542 0.240431 0.304448 0.355165 0.246677 0.252043 0.204153 0.23589 0.109689 0.206063 0.236254 0.237123 0.285043 0.268608 0.21032 0.260565 0.158845 0.139829 0.163852 0.217084
 0.49007 0.323421 0.125601 0.165973 0.147181 0.126694 0.166329 0.202647 0.244338 0.38842 0.235802 0.262788 0.152379 0.223467 0.25455 0.244837 0.252097 0.294499 0.228914 0.206914
 0.247557 0.350887 0.198587 0.314556 0.268606 0.348023 0.290758 0.20408 0.321548 0.352696 0.207184 0.273312 0.255349 0.174654 0.150753 0.226646 0.314516 0.142539 0.243776 0.307358
 0.192636 0.25733 0.227851 0.216449 0.318828 0.292239 0.284375 0.287823 0.3158 0.235361 0.194432 0.116542 0.185951 0.17134 0.202307 0.249556 0.360741 0.576975 0.418785 0.331549
 0.196964 0.244428 0.170407 0.181984 0.238617 0.283704 0.2936 0.503706 0.304389 0.210664 0.253138 0.19703 0.219773 0.223114 0.245331 0.218396 0.144643 0.187121 0.223644 0.150906
 0.327369 0.206962 0.273395 0.188203 0.279057 0.323415 0.186918 0.136369 0.254237 0.200648 0.388476 0.159147 0.253236 0.303073 0.275502 0.320986 0.246843 0.211186 0.23233 0.241708
 0.202483 0.159689 0.147091 0.282336 0.169002 0.211141 0.134622 0.230957 0.170408 0.141702 0.136759 0.181673 0.246089 0.20539 0.30845 0.350446 0.239453 0.297446 0.158692 0.388152
 0.109899 0.204493 0.279851 0.298933 0.204161 0.222698 0.276535 0.280519 0.129648 0.208993 0.254349 0.227839 0.139509 0.226605 0.219331 0.283584 0.164944 0.253829 0.169324 0.228015
 0.185175 0.160674 0.159943 0.239314 0.231352 0.333924 0.176467 0.224981 0.289034 0.359262 0.352006 0.438313 0.349149 0.430318 0.333361 0.269689 0.254213 0.169751 0.184165 0.131481
 0.611909 0.462507 0.348548 0.289676 0.24529 0.17827 0.244479 0.178873 0.215426 0.273038 0.326803 0.340876 0.171873 0.156905 0.213455 0.153096 0.291966 0.317869 0.402417 0.405289
 0.384283 0.344687 0.229963 0.298654 0.236862 0.242923 0.247856 0.246036 0.255177 0.345311 0.594126 0.696307 0.553235 0.616002 0.642953 0.164514 0.185949 0.170878 0.228109 0.171434
 0.554185 0.293357 0.292861 0.262333 0.336001 0.237359 0.211501 0.130007 0.177492 0.235073 0.201596 0.237323 0.343976 0.196226 0.309472 0.323635 0.247373 0.333467 0.307667 0.172934
 0.383803 0.350501 0.310576 0.194026 0.236215 0.26261 0.237382 0.325664 0.170992 0.219776 0.105038 0.219005 0.236267 0.334726 0.371777 0.533208 0.438298 0.549232 0.407403 0.33876
 0.30308 0.217052 0.14182 0.244661 0.126282 0.176046 0.186644 0.166354 0.278382 0.278254 0.28463 0.198046 0.227715 0.249504 0.308381 0.163107 0.221591 0.258739 0.272255 0.12885
 0.239252 0.235493 0.323773 0.330423 0.411649 0.399435 0.24388 0.243696 0.272852 0.139281 0.182122 0.202063 0.0954443 0.165969 0.248185 0.235104 0.233433 0.251796 0.415558 0.409487
 0.416529 0.168593 0.270182 0.281612 0.123064 0.218419 0.236381 0.216352 0.320037 0.366802 0.210123 0.234924 0.288159 0.220783 0.227943 0.253129 0.275902 0.218419 0.210513 0.172175
 0.287632 0.323573 0.339433 0.266794 0.22805 0.17116 0.215494 0.230397 0.261731 0.241783 0.239161 0.148777 0.160453 0.226119 0.227807 0.213872 0.311269 0.295321 0.360716 0.301354
 0.211686 0.317911 0.248295 0.291733 0.164226 0.183458 0.209805 0.26851 0.218535 0.208868 0.291945 0.187974 0.116216 0.259366 0.30457 0.33947 0.321156 0.213102 0.271515 0.174007
 0.253471 0.337647 0.28941 0.215626 0.122102 0.165785 0.25066 0.295593 0.195085 0.184902 0.130569 0.208217 0.192257 0.244404 0.352025 0.417481 0.253057 0.272968 0.29328 0.454091
 0.468808 0.300295 0.149382 0.188152 0.174453 0.298588 0.200054 0.288309 0.263574 0.304652 0.30296 0.401899 0.398963 0.44922 0.15134 0.101196 0.146545 0.147699 0.145007 0.190029
 0.234109 0.207739 0.125322 0.204805 0.237791 0.183207 0.229251 0.292066 0.442748 0.212537 0.224326 0.115184 0.167898 0.202482 0.243765 0.200881 0.276379 0.479912 0.439158 0.278739
 0.187283 0.178831 0.28619 0.16626 0.196794 0.228581 0.202147 0.286057 0.360378 0.403834 0.437207 0.379352 0.265193 0.229588 0.155111 0.212039 0.224131 0.148003 0.183207 0.21735
 0.23611 0.278256 0.166648 0.237385 0.224973 0.270361 0.320184 0.265003 0.328326 0.209694 0.30376 0.228186 0.290441 0.192236 0.180606 0.190464 0.274629 0.132186 0.201175 0.208843
 0.338907 0.304711 0.100945 0.190566 0.202971 0.192367 0.280342 0.250173 0.305768 0.273169 0.226656 0.333149 0.257633 0.22688 0.237695 0.175528 0.26868 0.294685 0.14686 0.237513
 0.480399 0.401851 0.252714 0.232998 0.282499 0.290638 0.177221 0.186476 0.267295 0.315401 0.229225 0.206376 0.170631 0.172677 0.208379 0.239382 0.267838 0.357022 0.262823 0.227194
 0.165406 0.1905 0.265921 0.18945 0.287893 0.156219 0.225548 0.277259 0.235761 0.226421 0.25712 0.303835 0.116023 0.217472 0.211384 0.288616 0.24127 0.300119 0.220836 0.197339
 0.321154 0.361521 0.196888 0.1901 0.200306 0.199826 0.209102 0.118584 0.229729 0.124524 0.207962 0.26132 0.210296 0.222616 0.27369 0.263785 0.241896 0.164463 0.208085 0.160923
 0.36089 0.158495 0.169974 0.169808 0.251422 0.214512 0.192374 0.364433 0.380421 0.220113 0.208252 0.262653 0.22291 0.28296 0.212594 0.222678 0.142031 0.196276 0.230601 0.266286
 0.126705 0.220401 0.211591 0.270169 0.349916 0.337902 0.59894 0.276129 0.228479 0.305609 0.216357 0.304638 0.153322 0.142412 0.237754 0.241843 0.30502 0.421277 0.199417 0.180361
 0.231008 0.112008 0.178925 0.252924 0.257775 0.148629 0.297381 0.240885 0.166874 0.261 0.260132 0.286271 0.167692 0.224473 0.156542 0.206225 0.206339 0.237135 0.301673 0.311442
 0.470303 0.49178 0.291981 0.356934 0.391784 0.193102 0.268058 0.266312 0.292015 0.280475 0.13993 0.172294 0.256689 0.278835 0.315592 0.343212 0.310534 0.21237 0.288222 0.180944
 0.296396 0.255546 0.281384 0.485111 0.118658 0.212229 0.254505 0.234459 0.251593 0.317574 0.200235 0.154533 0.173999 0.170521 0.179542 0.174812 0.201777 0.305116 0.318476 0.365317
 0.21251 0.245691 0.259201 0.348682 0.354031 0.369285 0.317224 0.230503 0.219285 0.157143 0.170905 0.174728 0.132498 0.237552 0.227959 0.210346 0.252158 0.168063 0.267386 0.332617
 0.442355 0.225372 0.287146 0.230112 0.21802 0.285187 0.209034 0.20446 0.300856 0.412156 0.295822 0.288491 0.140719 0.173588 0.242875 0.307946 0.300008 0.409616 0.394899 0.195512
 0.335195 0.182011 0.207146 0.193034 0.196853 0.210394 0.131322 0.189683 0.281142 0.26293 0.223489 0.19872 0.239497 0.324294 0.323695 0.29981 0.438559 0.542207 0.301436 0.325073
 0.333454 0.149159 0.273048 0.182973 0.213992 0.148311 0.161055 0.194586 0.214671 0.22807 0.33581 0.176425 0.27298 0.309285 0.338383 0.363873 0.423059 0.264204 0.357708 0.195958
 0.137569 0.324348 0.317556 0.250541 0.252204 0.11799 0.149601 0.193318 0.215179 0.255682 0.347484 0.451203 0.469021 0.250112 0.238727 0.277984 0.168877 0.303149 0.0989825 0.186236
 0.463942 0.259184 0.302951 0.259062 0.33813 0.349072 0.382636 0.164967 0.299944 0.19095 0.311016 0.219334 0.170643 0.26671 0.26611 0.271757 0.283355 0.265692 0.309468 0.201013
 0.317761 0.172503 0.2878 0.355425 0.301851 0.262223 0.354878 0.289713 0.282062 0.162087 0.242492 0.221633 0.157603 0.178003 0.188255 0.250697 0.19793 0.113974 0.114738 0.16332
 0.466434 0.259205 0.408574 0.298926 0.168662 0.246795 0.24102 0.259764 0.289831 0.332659 0.279654 0.163391 0.274498 0.329717 0.364572 0.445312 0.382594 0.211687 0.157413 0.0560403
 0.156691 0.248952 0.140938 0.234455 0.22846 0.17832 0.250388 0.274119 0.130616 0.226827 0.217537 0.281796 0.279333 0.222449 0.354971 0.337054 0.107379 0.24116 0.263804 0.318429
 0.275103 0.511494 0.136456 0.228218 0.233152 0.21812 0.220197 0.207655 0.254404 0.105022 0.25453 0.185115 0.266486 0.351023 0.401448 0.473119 0.457262 0.368208 0.331757 0.234798
 0.439083 0.34431 0.222172 0.275211 0.192322 0.288873 0.202492 0.275995 0.120166 0.205221 0.200077 0.258485 0.187464 0.215616 0.255444 0.252325 0.233147 0.188114 0.197572 0.265274
 0.176593 0.214554 0.260816 0.195608 0.255106 0.34091 0.374185 0.478704 0.171652 0.222 0.14436 0.165422 0.181045 0.197918 0.351523 0.312607 0.241648 0.220305 0.282419 0.248364
 0.23058 0.261289 0.25256 0.315772 0.368397 0.272801 0.355906 0.366541 0.366492 0.252273 0.189758 0.264179 0.174565 0.214338 0.18782 0.372708 0.197097 0.240631 0.290504 0.223638
 0.26929 0.353125 0.166595 0.210437 0.223532 0.20782 0.274603 0.167038 0.234993 0.226099 0.142842 0.160495 0.155717 0.185239 0.244948 0.232075 0.329448 0.448462 0.272642 0.311534
 0.312145 0.314536 0.135159 0.232114 0.173106 0.244814 0.32836 0.248681 0.299067 0.392362 0.285989 0.210795 0.25911 0.293196 0.24561 0.296276 0.2419 0.289098 0.170533 0.165758
 0.277795 0.187721 0.201563 0.256786 0.168074 0.183948 0.212546 0.172123 0.264016 0.251942 0.311317 0.39941 0.301189 0.438219 0.160553 0.212275 0.12649 0.218944 0.177496 0.233915
 0.323613 0.258486 0.243319 0.135386 0.189458 0.212033 0.364854 0.190059 0.285005 0.301915 0.40011 0.444413 0.351256 0.25283 0.352403 0.128507 0.210925 0.125317 0.197911 0.174088
 0.70966 0.275908 0.331547 0.210745 0.260848 0.0894822 0.234043 0.262791 0.177778 0.204775 0.232263 0.196066 0.195238 0.225715 0.258119 0.238432 0.164355 0.222327 0.290989 0.373332
 0.294162 0.325341 0.408624 0.133003 0.202081 0.251079 0.124803 0.277504 0.228062 0.222317 0.317831 0.219882 0.308034 0.308215 0.307631 0.343735 0.499074 0.467817 0.204982 0.173364
 0.489068 0.309892 0.321676 0.236145 0.171085 0.208012 0.267212 0.208563 0.216256 0.226185 0.180936 0.262345 0.256063 0.313404 0.321268 0.24716 0.215915 0.188589 0.176536 0.19089
 0.441707 0.452103 0.318231 0.240285 0.218034 0.168373 0.196131 0.174276 0.271753 0.152571 0.18752 0.250763 0.279218 0.2325 0.262073 0.186753 0.24225 0.240392 0.232236 0.256267
 0.261487 0.381837 0.249475 0.224358 0.260102 0.162595 0.185361 0.167529 0.162808 0.175357 0.265576 0.216202 0.272904 0.2572 0.160621 0.229872 0.214569 0.29222 0.304134 0.203667
 0.196078 0.270559 0.208179 0.177353 0.212016 0.212407 0.325018 0.157983 0.190241 0.209895 0.344222 0.33968 0.257645 0.382118 0.427452 0.154827 0.267349 0.170706 0.187883 0.196852
 0.275302 0.341634 0.294845 0.357365 0.350319 0.25858 0.259941 0.211942 0.18665 0.123226 0.144182 0.187878 0.178936 0.169114 0.25283 0.303084 0.366238 0.286402 0.296848 0.323158
 0.420857 0.303417 0.318643 0.195459 0.12115 0.145017 0.229631 0.297765 0.247841 0.193618 0.231854 0.227753 0.358329 0.254173 0.234233 0.190856 0.297546 0.159513 0.271642 0.150993
 0.135281 0.203221 0.167539 0.194592 0.309073 0.241029 0.255533 0.110157 0.151204 0.147309 0.217231 0.260172 0.319451 0.246055 0.315905 0.241518 0.31198 0.28369 0.200685 0.254399
 0.322073 0.213048 0.275906 0.260697 0.176546 0.276356 0.258873 0.343397 0.137062 0.203551 0.260782 0.326413 0.392267 0.242619 0.220025 0.26296 0.188073 0.17616 0.244089 0.127079
 0.13795 0.36587 0.341837 0.241347 0.216024 0.192888 0.240468 0.206045 0.207607 0.284387 0.189635 0.175202 0.23136 0.310318 0.391516 0.220644 0.268368 0.328616 0.335639 0.250611
 0.149669 0.314411 0.3129 0.168704 0.244566 0.198701 0.18287 0.256756 0.26699 0.245714 0.287525 0.139332 0.194685 0.244958 0.285872 0.4041 0.343128 0.271749 0.165766 0.148994
 0.403749 0.385941 0.184772 0.195224 0.152256 0.170263 0.256156 0.21565 0.205621 0.249124 0.356022 0.225791 0.202777 0.232131 0.255776 0.20269 0.251418 0.28138 0.190088 0.176761
 0.591142 0.23387 0.203113 0.166609 0.142676 0.182736 0.20548 0.154505 0.228038 0.19761 0.205778 0.290375 0.277974 0.265686 0.308688 0.258153 0.280926 0.193769 0.235892 0.240124
 0.421191 0.271909 0.356392 0.271189 0.166961 0.178878 0.259556 0.239018 0.150954 0.172429 0.214678 0.256345 0.239513 0.297216 0.302967 0.217355 0.22983 0.181871 0.169084 0.181312
 0.308903 0.206333 0.156053 0.33971 0.30376 0.158863 0.14602 0.176184 0.15389 0.165433 0.204636 0.172194 0.271122 0.33029 0.425955 0.487541 0.234453 0.258936 0.170073 0.181007
 0.440428 0.246024 0.211369 0.20953 0.199704 0.250727 0.217762 0.19073 0.305684 0.294016 0.314696 0.266169 0.281385 0.201566 0.245052 0.264596 0.171302 0.207276 0.253598 0.249645
 0.193793 0.235713 0.239427 0.261523 0.143915 0.228933 0.227826 0.309849 0.383837 0.392315 0.417633 0.209106 0.174119 0.24817 0.238197 0.34378 0.312669 0.302444 0.317174 0.27992
 0.38954 0.393589 0.1917 0.254558 0.294018 0.135761 0.26684 0.154866 0.216493 0.207278 0.159809 0.257458 0.220639 0.245429 0.283663 0.182781 0.160999 0.220167 0.146814 0.252778
 0.348914 0.243414 0.18456 0.193473 0.198769 0.147329 0.194103 0.29877 0.322605 0.412712 0.455735 0.425341 0.500943 0.298777 0.162271 0.135221 0.167324 0.174077 0.168673 0.224034
 0.386214 0.387865 0.257553 0.275196 0.141408 0.206588 0.209001 0.283707 0.260877 0.206276 0.234274 0.200487 0.140239 0.140935 0.198674 0.20048 0.232104 0.20512 0.187785 0.239312
 0.497908 0.186135 0.165149 0.200684 0.259454 0.264137 0.249955 0.222269 0.311944 0.0879619 0.170698 0.183645 0.137631 0.182369 0.137664 0.184377 0.280562 0.338863 0.225023 0.272157
 0.274202 0.368447 0.281498 0.260746 0.178477 0.125837 0.224076 0.319238 0.231367 0.203524 0.239097 0.338218 0.229515 0.235824 0.122495 0.192861 0.266567 0.208431 0.21462 0.30146
 0.372511 0.246272 0.305318 0.233047 0.282967 0.267213 0.173992 0.195623 0.239804 0.328286 0.313108 0.199432 0.196484 0.24181 0.20372 0.237342 0.234917 0.23043 0.269116 0.288705
 0.574306 0.35516 0.119612 0.267287 0.248876 0.250887 0.219182 0.277748 0.428615 0.424025 0.278255 0.223748 0.154763 0.142239 0.188234 0.206458 0.230159 0.236328 0.28447 0.239135
 0.563 0.397887 0.398991 0.254946 0.174826 0.146147 0.156606 0.171668 0.124858 0.211589 0.123268 0.212416 0.181358 0.273138 0.234335 0.262909 0.312982 0.217429 0.19883 0.225352
 0.183593 0.159889 0.206096 0.220434 0.268025 0.237286 0.291464 0.380225 0.380885 0.178135 0.195167 0.13685 0.17655 0.236612 0.286101 0.297799 0.236304 0.333427 0.310279 0.242301
 0.319623 0.250107 0.367041 0.271725 0.284129 0.183352 0.158402 0.202838 0.195143 0.196999 0.225627 0.383661 0.272092 0.369124 0.320324 0.266596 0.206683 0.228313 0.327399 0.248034
 0.629969 0.183602 0.171528 0.190472 0.223631 0.223001 0.199847 0.245904 0.262618 0.215871 0.254134 0.238005 0.335144 0.440914 0.356287 0.155904 0.239785 0.273739 0.259397 0.171874
 0.272283 0.209549 0.260928 0.270236 0.249023 0.252246 0.202367 0.186794 0.212838 0.218236 0.24192 0.216994 0.292525 0.201816 0.168171 0.227385 0.256465 0.291824 0.30091 0.286702
 0.484715 0.38655 0.34325 0.252025 0.269043 0.214987 0.199248 0.230873 0.182492 0.217379 0.247923 0.235026 0.322779 0.190258 0.242279 0.107547 0.165244 0.151392 0.187902 0.191588
 0.235437 0.342565 0.283317 0.242487 0.180744 0.226554 0.209608 0.177093 0.247926 0.219707 0.174371 0.246308 0.142625 0.253732 0.250171 0.23007 0.204988 0.185999 0.346579 0.283347
 0.433635 0.296859 0.346028 0.213971 0.194505 0.243136 0.320299 0.205888 0.235832 0.114108 0.206481 0.27031 0.252913 0.28923 0.268237 0.377792 0.206906 0.230716 0.281407 0.353345
 0.307865 0.432989 0.364105 0.282639 0.268492 0.116865 0.196503 0.175251 0.166612 0.175584 0.222617 0.215619 0.215753 0.271057 0.242654 0.263598 0.185326 0.214291 0.334311 0.414161
 0.352085 0.370189 0.169563 0.204379 0.0799631 0.115978 0.176177 0.1903 0.277182 0.323962 0.363169 0.35869 0.247349 0.30614 0.401602 0.138555 0.196564 0.191511 0.166478 0.203713
 0.319544 0.325023 0.259211 0.340813 0.250077 0.281749 0.465252 0.203931 0.250663 0.317594 0.354224 0.389974 0.27586 0.20881 0.292314 0.345584 0.254534 0.261584 0.320363 0.212958
 0.311008 0.241656 0.18902 0.204943 0.170617 0.148215 0.209203 0.182838 0.287854 0.309613 0.331348 0.238326 0.286368 0.183063 0.224111 0.260301 0.19509 0.220984 0.317474 0.326123
 0.460633 0.547903 0.327395 0.461123 0.528402 0.143992 0.181788 0.233891 0.357123 0.389112 0.338114 0.33554 0.280165 0.166059 0.176309 0.226033 0.323945 0.469616 0.557042 0.326908
 0.428718 0.335949 0.181655 0.127634 0.23695 0.293187 0.281715 0.325968 0.361753 0.265932 0.292049 0.228928 0.257028 0.141236 0.190199 0.216664 0.122153 0.276706 0.170299 0.157616
 0.546852 0.348281 0.264328 0.364026 0.366913 0.138385 0.243654 0.288906 0.23546 0.302574 0.126034 0.23119 0.242411 0.286746 0.218793 0.296889 0.23838 0.346011 0.260299 0.173367
 0.172532 0.17633 0.139771 0.164919 0.277936 0.242201 0.26389 0.490793 0.363112 0.479347 0.380534 0.265623 0.246661 0.247475 0.134862 0.176064 0.168224 0.18792 0.192092 0.280117
 0.527068 0.574902 0.204824 0.25844 0.130651 0.20217 0.247011 0.176082 0.15481 0.18686 0.246297 0.35689 0.29551 0.279573 0.282802 0.203813 0.321506 0.178832 0.287781 0.230542
 0.359103 0.230106 0.311316 0.277842 0.262067 0.151592 0.203828 0.36309 0.12342 0.250429 0.170041 0.20398 0.316645 0.331825 0.250609 0.263809 0.205749 0.336238 0.296665 0.261512
 0.421571 0.51141 0.3354 0.377008 0.207801 0.33675 0.27176 0.316863 0.303021 0.23846 0.219894 0.294772 0.194435 0.168665 0.233248 0.261057 0.211903 0.264611 0.393533 0.259936
 0.289226 0.27305 0.161835 0.246084 0.254772 0.271876 0.244222 0.188396 0.191165 0.291959 0.209817 0.286685 0.323733 0.324982 0.230558 0.248033 0.147982 0.283739 0.239323 0.31032
 0.320964 0.247085 0.133396 0.271473 0.33378 0.274136 0.142514 0.124943 0.233248 0.263539 0.343265 0.272573 0.375824 0.482885 0.377235 0.263318 0.359755 0.196183 0.223318 0.0815814
 0.487011 0.378363 0.170819 0.297484 0.239399 0.20868 0.213292 0.284999 0.289132 0.256799 0.187385 0.249532 0.230043 0.339335 0.182268 0.287624 0.141789 0.2427 0.145555 0.183712
 0.45856 0.24601 0.232564 0.258529 0.22937 0.263696 0.193086 0.289688 0.210738 0.200414 0.161784 0.190168 0.169258 0.250116 0.258759 0.181534 0.224497 0.271628 0.308845 0.326238
 0.306774 0.303525 0.34868 0.334063 0.409922 0.394094 0.308306 0.505378 0.37022 0.257715 0.290435 0.322084 0.245482 0.267329 0.262167 0.32908 0.197675 0.204436 0.275629 0.326168
 0.753768 0.268986 0.26251 0.364488 0.280581 0.135715 0.262439 0.254317 0.160671 0.176366 0.224781 0.250281 0.211712 0.197013 0.181188 0.345184 0.352114 0.386862 0.264411 0.271314
 0.466281 0.375624 0.32893 0.244853 0.355256 0.418639 0.147634 0.249322 0.262863 0.14761 0.244026 0.228648 0.365881 0.384383 0.422665 0.364174 0.515919 0.444888 0.570187 0.241646
 0.210721 0.248838 0.250756 0.270847 0.346607 0.274787 0.270798 0.385599 0.417769 0.293936 0.28762 0.209503 0.277294 0.278471 0.201054 0.184777 0.251788 0.299565 0.247316 0.34152
 1.0411 0.531694 0.307255 0.338242 0.148283 0.268776 0.293991 0.191683 0.308707 0.242414 0.273469 0.297964 0.259485 0.412317 0.30107 0.151531 0.250995 0.256583 0.127795 0.215793
 0.750968 0.674677 0.837452 0.298795 0.361367 0.15835 0.110072 0.187495 0.15354 0.191359 0.211165 0.251039 0.258488 0.310236 0.247745 0.280021 0.328862 0.170049 0.235668 0.173849
 0.562921 0.353102 0.266674 0.2656 0.24331 0.304938 0.221147 0.241913 0.220465 0.309677 0.304508 0.267613 0.198304 0.233504 0.211558 0.28785 0.254498 0.455876 0.697638 0.402393
 0.319049 0.566432 0.324962 0.507467 0.404687 0.520086 0.321282 0.471179 0.228175 0.259804 0.26252 0.285635 0.30427 0.215554 0.244036 0.219975 0.232641 0.133031 0.196447 0.184855
 0.345794 0.378083 0.319334 0.380027 0.290997 0.18945 0.284728 0.253961 0.269132 0.286509 0.40627 0.293268 0.320597 0.189371 0.25593 0.148536 0.166551 0.255637 0.210466 0.21916
 0.431151 0.334005 0.348028 0.339699 0.276596 0.365072 0.2954 0.311322 0.251186 0.253191 0.183361 0.476991 0.398085 0.299976 0.182784 0.216642 0.218894 0.182678 0.268763 0.274189
 0.451194 0.429433 0.512661 0.156323 0.245819 0.322908 0.368809 0.348256 0.204161 0.339721 0.339166 0.24238 0.257842 0.248819 0.300635 0.249593 0.27132 0.300904 0.364856 0.308962
 0.283604 0.411713 0.271679 0.23695 0.295992 0.199208 0.235378 0.250035 0.327518 0.354036 0.26018 0.316634 0.206668 0.197577 0.271067 0.257409 0.158473 0.218076 0.303549 0.393751
 0.379136 0.40671 0.288873 0.157349 0.197735 0.294845 0.181708 0.188732 0.229456 0.341294 0.288682 0.194621 0.386076 0.246031 0.274156 0.221525 0.237223 0.251259 0.365565 0.429839
 0.328196 0.366602 0.424103 0.217222 0.212678 0.187099 0.206982 0.288145 0.326551 0.382844 0.287464 0.235349 0.293899 0.363141 0.20739 0.301085 0.311809 0.275784 0.345313 0.12388
 0.573968 0.501244 0.419202 0.468912 0.111917 0.277852 0.298609 0.307369 0.299639 0.297719 0.197476 0.250724 0.262282 0.233965 0.183474 0.144063 0.181568 0.191516 0.194106 0.231378
 0.29804 0.28798 0.34007 0.303581 0.417219 0.123212 0.217362 0.216356 0.348778 0.31058 0.2858 0.36052 0.254489 0.365094 0.339299 0.179103 0.213782 0.232876 0.296446 0.331513
 0.604868 0.363019 0.433465 0.443942 0.392315 0.340295 0.221152 0.315635 0.421246 0.498437 0.642966 0.330512 0.196187 0.267454 0.214622 0.28089 0.196592 0.259035 0.178714 0.205549
 0.371699 0.459192 0.491671 0.300079 0.301651 0.293986 0.208024 0.205056 0.347315 0.178804 0.222923 0.333359 0.383353 0.35938 0.351157 0.189853 0.240481 0.135337 0.264608 0.184073
 0.387096 0.252668 0.203491 0.310493 0.275061 0.262983 0.181067 0.212202 0.277814 0.190878 0.245873 0.34583 0.434349 0.310791 0.264832 0.272021 0.259225 0.175674 0.253078 0.348776
 0.727472 0.338724 0.386709 0.245985 0.337977 0.305539 0.160004 0.184867 0.278632 0.322348 0.486502 0.489855 0.231406 0.323882 0.336037 0.290318 0.240882 0.234653 0.0975626 0.189141
 0.32353 0.429378 0.324918 0.363606 0.310733 0.212807 0.254372 0.305833 0.175907 0.340529 0.205372 0.307274 0.453851 0.381556 0.218926 0.170992 0.20361 0.290589 0.309729 0.319657
 0.43564 0.371924 0.368702 0.228144 0.275773 0.220016 0.24266 0.244707 0.311079 0.412855 0.35185 0.335381 0.432744 0.532252 0.203941 0.378168 0.13069 0.290022 0.267222 0.374462
 0.278505 0.300495 0.323555 0.456943 0.286837 0.372752 0.429416 0.353916 0.289376 0.338616 0.182136 0.265105 0.115853 0.21011 0.125852 0.183448 0.228547 0.297035 0.27019 0.287353
 0.578451 0.592795 0.396296 0.296091 0.26134 0.14904 0.123487 0.21913 0.241479 0.332592 0.347314 0.339664 0.259575 0.143846 0.223188 0.166527 0.25505 0.232665 0.156146 0.150981
 0.595732 0.360497 0.247933 0.190374 0.186019 0.156695 0.24599 0.347782 0.19271 0.367316 0.515751 0.498088 0.526252 0.211295 0.237244 0.340444 0.167628 0.179516 0.250061 0.11928
 0.421007 0.22599 0.158071 0.341707 0.30161 0.361457 0.241966 0.262341 0.190994 0.220528 0.159338 0.234092 0.287447 0.316958 0.32301 0.201824 0.207984 0.252561 0.267353 0.216027
 0.335898 0.400611 0.436096 0.187206 0.149427 0.198337 0.302017 0.199401 0.320784 0.340842 0.395682 0.437306 0.542584 0.619396 0.175841 0.23323 0.17551 0.161663 0.174066 0.12742
 0.290567 0.352934 0.219127 0.307429 0.142581 0.285985 0.43117 0.275402 0.349295 0.338392 0.202281 0.184436 0.195623 0.19426 0.276901 0.387281 0.229954 0.246699 0.259226 0.29444
 0.228259 0.274944 0.305813 0.160554 0.195973 0.253055 0.25469 0.363928 0.475627 0.687134 0.329259 0.301686 0.270897 0.163876 0.245231 0.244463 0.251941 0.222794 0.18665 0.282915
 0.61971 0.130331 0.168198 0.268881 0.356936 0.340214 0.221536 0.206524 0.249904 0.222291 0.215524 0.267792 0.131259 0.165718 0.21671 0.294024 0.341947 0.326713 0.24861 0.343155
 0.233545 0.388491 0.388045 0.265447 0.315468 0.198238 0.393195 0.306357 0.339454 0.334976 0.204409 0.272564 0.193309 0.263722 0.225435 0.25445 0.308105 0.313671 0.284022 0.378172
 0.257607 0.375374 0.2111 0.25564 0.276545 0.201229 0.31508 0.353008 0.273191 0.301264 0.203743 0.277466 0.380988 0.138718 0.249799 0.22994 0.222295 0.301271 0.212352 0.231895
 0.756912 0.534885 0.249142 0.406478 0.297843 0.377949 0.247095 0.240003 0.233231 0.208279 0.238223 0.256233 0.282733 0.224734 0.28602 0.189468 0.223483 0.204535 0.31303 0.372504
 0.173026 0.261437 0.207439 0.316661 0.457967 0.137769 0.227823 0.245242 0.24078 0.292598 0.286747 0.292914 0.150963 0.250821 0.301038 0.264139 0.22402 0.209423 0.393564 0.403537
 0.282875 0.367203 0.304371 0.345629 0.155514 0.216826 0.297775 0.370589 0.250797 0.321715 0.240056 0.186077 0.267893 0.322826 0.22261 0.302254 0.264829 0.322541 0.362492 0.247569
 0.387184 0.223929 0.226574 0.238041 0.167113 0.231097 0.235608 0.235218 0.309191 0.303946 0.297664 0.388469 0.560391 0.45538 0.356618 0.232045 0.203973 0.327618 0.328692 0.200208
 0.589684 0.401742 0.15849 0.126937 0.196859 0.143165 0.288733 0.251813 0.293367 0.355733 0.420045 0.249036 0.246288 0.221173 0.340284 0.251747 0.294299 0.248977 0.195138 0.132376
 0.393774 0.493211 0.347013 0.382856 0.213341 0.288542 0.438584 0.45448 0.379819 0.45952 0.325828 0.246523 0.295749 0.127825 0.319219 0.406948 0.305152 0.204823 0.205939 0.184669
 0.172721 0.259163 0.244703 0.259976 0.252777 0.220508 0.323481 0.328744 0.235485 0.240928 0.285486 0.395156 0.177831 0.219864 0.242612 0.303588 0.414337 0.54645 0.270798 0.374716
 0.836452 1.09094 0.648853 0.420858 0.23615 0.134113 0.286432 0.139399 0.179225 0.201573 0.225999 0.313939 0.294129 0.273311 0.31118 0.408182 0.214556 0.246639 0.162537 0.147635
 0.414714 0.280532 0.182367 0.250923 0.215446 0.132823 0.220537 0.305618 0.396464 0.404145 0.551884 0.354974 0.406436 0.104176 0.223528 0.236327 0.170464 0.200779 0.31259 0.328376
 0.275752 0.326243 0.247882 0.268749 0.356824 0.212446 0.243547 0.36761 0.29872 0.30443 0.187558 0.210129 0.312001 0.366392 0.410968 0.258902 0.278894 0.130588 0.20545 0.214461
 0.224034 0.199126 0.277629 0.383623 0.133484 0.234263 0.207719 0.296441 0.232481 0.326758 0.312923 0.418636 0.304593 0.498906 0.32035 0.247345 0.198172 0.180834 0.228036 0.251426
 0.527742 0.67637 0.245944 0.345523 0.40598 0.138659 0.204705 0.280337 0.393562 0.0767955 0.138379 0.191566 0.187627 0.27074 0.229131 0.345115 0.383789 0.181817 0.239225 0.191645
 0.284739 0.267466 0.195704 0.300903 0.244653 0.204268 0.374017 0.355663 0.193051 0.220102 0.163263 0.139201 0.234325 0.23329 0.317948 0.0932304 0.157165 0.252104 0.336242 0.347025
 0.407068 0.18143 0.329279 0.235161 0.300674 0.339916 0.425057 0.403916 0.346047 0.403528 0.342688 0.454591 0.261788 0.389664 0.232959 0.233615 0.287574 0.176741 0.138544 0.170635
 0.151766 0.273268 0.301761 0.369525 0.436563 0.289356 0.345093 0.354365 0.265847 0.341689 0.333219 0.276322 0.291539 0.208972 0.250877 0.284231 0.107354 0.26833 0.273627 0.255115
 0.203521 0.360375 0.395856 0.632978 0.394262 0.334435 0.216717 0.253943 0.24752 0.220038 0.261156 0.21841 0.276945 0.161654 0.241222 0.266755 0.386773 0.375078 0.353488 0.416496
 0.56052 0.186771 0.26976 0.398544 0.331556 0.257377 0.204309 0.151389 0.255644 0.258769 0.393489 0.433847 0.365093 0.454385 0.771347 0.703449 0.374274 0.47295 0.262752 0.258108
 0.384822 0.379989 0.274692 0.408403 0.181842 0.290858 0.32057 0.1486 0.211857 0.302081 0.293702 0.232414 0.286852 0.245258 0.301449 0.289729 0.349254 0.439249 0.221708 0.228045
 0.14942 0.317587 0.393414 0.574606 0.391934 0.425008 0.306252 0.301354 0.171738 0.051763 0.174461 0.246889 0.296597 0.378562 0.526382 0.515357 0.637696 0.146651 0.29508 0.109687
 0.428559 0.305153 0.375627 0.345747 0.309053 0.323877 0.229159 0.20461 0.229583 0.320144 0.236935 0.185483 0.219102 0.19183 0.272958 0.254221 0.478773 0.251284 0.294994 0.247914
 0.391524 0.418968 0.345676 0.316354 0.3043 0.263972 0.240387 0.373057 0.220619 0.352623 0.288068 0.192061 0.231439 0.206824 0.309999 0.249856 0.225322 0.389638 0.561824 0.275426
 0.375243 0.342784 0.223684 0.155982 0.221298 0.253666 0.218825 0.302095 0.383229 0.295587 0.235127 0.276191 0.176892 0.257037 0.214904 0.290247 0.255898 0.376057 0.281808 0.479213
 0.970688 0.283841 0.214979 0.289659 0.325701 0.272497 0.378761 0.146771 0.177249 0.217928 0.204018 0.246927 0.262682 0.232876 0.2404 0.222313 0.254359 0.250653 0.194338 0.233298
 0.322868 0.503574 0.26377 0.395617 0.204737 0.186986 0.28093 0.321266 0.354638 0.365918 0.451561 0.275684 0.357611 0.218608 0.223305 0.237352 0.270708 0.280653 0.238386 0.287587
 0.53522 0.192848 0.299131 0.299878 0.273722 0.369114 0.325111 0.31681 0.508422 0.115048 0.232067 0.283141 0.323414 0.222977 0.208227 0.289765 0.236853 0.301864 0.28559 0.233309
 0.373012 0.290392 0.241823 0.207859 0.234874 0.269928 0.293765 0.44292 0.431627 0.186208 0.229873 0.286543 0.366056 0.226459 0.410371 0.41368 0.398556 0.188306 0.147194 0.228201
 0.523437 0.344414 0.451572 0.238757 0.297863 0.247492 0.244392 0.234698 0.23804 0.173596 0.264082 0.242961 0.346393 0.300191 0.318292 0.356567 0.377082 0.12664 0.18481 0.239866
 0.520272 0.425283 0.445485 0.291617 0.269754 0.265526 0.182542 0.120401 0.152381 0.202679 0.261544 0.323636 0.351908 0.367991 0.380441 0.289796 0.319713 0.253953 0.266713 0.12685
 0.442003 0.344065 0.200327 0.28688 0.226997 0.157633 0.155863 0.164852 0.24128 0.214219 0.261892 0.29585 0.247272 0.244984 0.259801 0.287772 0.425622 0.26 0.279825 0.298651
 0.317126 0.419924 0.409435 0.131851 0.199399 0.162935 0.307581 0.236213 0.323154 0.191282 0.382777 0.328067 0.378974 0.248444 0.389054 0.403211 0.49247 0.144889 0.309094 0.125996
 0.438365 0.389991 0.25364 0.250364 0.265805 0.261369 0.362727 0.572581 0.100547 0.167717 0.149709 0.166006 0.208305 0.245582 0.223566 0.319261 0.296036 0.235573 0.250237 0.215857
 0.561094 0.449292 0.339402 0.150793 0.190543 0.203083 0.259476 0.232115 0.279294 0.257728 0.329714 0.341028 0.430679 0.356145 0.355477 0.338724 0.424466 0.299362 0.217711 0.201119
 0.228289 0.328557 0.227005 0.310544 0.286585 0.184277 0.260422 0.334361 0.38217 0.320981 0.375064 0.41637 0.281666 0.272869 0.32145 0.423027 0.271954 0.165919 0.159821 0.167678
 0.512751 0.452089 0.326514 0.535253 0.287184 0.259886 0.0894879 0.337801 0.243999 0.20873 0.239363 0.307184 0.169209 0.305812 0.357643 0.491431 0.364053 0.429585 0.420614 0.269716
 0.507027 0.588502 0.466045 0.171365 0.243672 0.172283 0.321123 0.150784 0.183951 0.21047 0.263093 0.292185 0.422466 0.499169 0.746174 0.602037 0.357476 0.255558 0.198655 0.215917
 0.152967 0.241288 0.242354 0.223051 0.199165 0.283056 0.320705 0.488034 0.386425 0.361555 0.45098 0.628682 0.244661 0.366454 0.0842159 0.183887 0.196624 0.298691 0.240743 0.317597
 0.42869 0.386134 0.258253 0.292942 0.379121 0.175992 0.11375 0.231554 0.257886 0.213794 0.235418 0.315653 0.267157 0.297898 0.240874 0.273987 0.312721 0.307504 0.160048 0.148944
 0.494042 0.392408 0.590644 0.467965 0.229879 0.206424 0.123629 0.263621 0.222045 0.292973 0.384373 0.344861 0.309729 0.290985 0.255236 0.342126 0.191857 0.272535 0.329362 0.379673
 0.285598 0.361024 0.160752 0.176409 0.158594 0.246481 0.174327 0.225925 0.347654 0.65656 0.198402 0.352424 0.23085 0.302904 0.266838 0.179493 0.301946 0.394609 0.262682 0.259211
 0.114831 0.21811 0.327268 0.557037 0.296298 0.281683 0.188364 0.243434 0.271013 0.249417 0.292133 0.309941 0.289642 0.291947 0.311966 0.173776 0.246605 0.279308 0.220416 0.314199
 0.285298 0.309719 0.32628 0.421936 0.190038 0.289954 0.302246 0.358748 0.225129 0.344828 0.313321 0.395506 0.414618 0.251215 0.18354 0.362319 0.234133 0.162419 0.185143 0.190433
 0.556813 0.370844 0.407274 0.214962 0.294444 0.142559 0.360147 0.336066 0.322213 0.405407 0.18045 0.174828 0.142314 0.226874 0.223755 0.267236 0.279589 0.382309 0.484485 0.256491
 0.443399 0.365201 0.290824 0.157738 0.166747 0.200686 0.167582 0.264343 0.335018 0.29277 0.310112 0.275745 0.298861 0.301502 0.177599 0.160001 0.203914 0.198418 0.24259 0.256426
 0.230079 0.302928 0.277868 0.338916 0.236977 0.31956 0.359689 0.244464 0.336869 0.315412 0.243311 0.160449 0.186747 0.276148 0.309044 0.444052 0.354888 0.358337 0.40867 0.428985
 0.605865 0.302727 0.356146 0.229752 0.259345 0.296999 0.294348 0.25141 0.30603 0.171345 0.313899 0.290564 0.140003 0.239303 0.249662 0.327085 0.424615 0.37671 0.372579 0.238411
 0.36063 0.25832 0.29536 0.206051 0.198058 0.200276 0.271161 0.253356 0.172915 0.178971 0.238932 0.232473 0.200369 0.233788 0.177051 0.264434 0.378665 0.469934 0.321189 0.489865
 0.309001 0.35584 0.250357 0.278743 0.346853 0.253708 0.215119 0.257194 0.377019 0.432488 0.258489 0.211158 0.252579 0.210286 0.243249 0.15373 0.278934 0.366454 0.288778 0.286248
 0.559087 0.276647 0.249095 0.192837 0.312428 0.257049 0.178521 0.164382 0.276941 0.282635 0.226742 0.246356 0.137441 0.327187 0.333743 0.18831 0.198101 0.233939 0.332761 0.441175
 0.540633 0.403113 0.336069 0.396481 0.382094 0.147618 0.127262 0.168389 0.315225 0.415149 0.419585 0.289199 0.141262 0.159796 0.168552 0.244486 0.299961 0.260091 0.365282 0.366582
 0.14829 0.325334 0.255683 0.157412 0.271866 0.161262 0.246151 0.378174 0.435604 0.535216 0.314802 0.324856 0.238914 0.175126 0.109933 0.177843 0.26429 0.396733 0.395483 0.567071
 0.180525 0.146589 0.268698 0.287954 0.16442 0.292257 0.314754 0.293644 0.349629 0.236046 0.255942 0.32365 0.329505 0.465831 0.268576 0.388388 0.108041 0.229322 0.263109 0.187424
 0.287996 0.195004 0.17111 0.23732 0.31302 0.31268 0.207472 0.301939 0.406592 0.167734 0.24599 0.171261 0.169527 0.235299 0.172849 0.261094 0.287742 0.463603 0.440406 0.371557
 0.680482 0.438694 0.367422 0.224006 0.225066 0.157077 0.170365 0.159253 0.174577 0.270595 0.261134 0.221047 0.280539 0.192173 0.226325 0.323107 0.301957 0.312702 0.444939 0.184164
 0.461898 0.333671 0.129313 0.24234 0.292032 0.29175 0.326483 0.214172 0.21978 0.309362 0.369428 0.425941 0.401407 0.143659 0.295374 0.303015 0.27382 0.313988 0.302573 0.382807
 0.546923 0.286078 0.311029 0.240454 0.132596 0.156288 0.209353 0.185927 0.170923 0.198976 0.172549 0.196141 0.32105 0.458493 0.369506 0.372305 0.298881 0.330459 0.34624 0.352264
 0.262353 0.382746 0.191766 0.274698 0.164633 0.152569 0.226528 0.310305 0.294283 0.258725 0.357217 0.458379 0.38388 0.210489 0.301051 0.278084 0.322791 0.387746 0.223725 0.174716
 0.456821 0.153073 0.283357 0.336445 0.437642 0.282701 0.347462 0.342147 0.365406 0.373804 0.193165 0.27528 0.210371 0.218552 0.25325 0.281428 0.276436 0.191114 0.236896 0.234391
 0.334307 0.227281 0.18647 0.167644 0.179788 0.236613 0.232453 0.358337 0.281934 0.388835 0.314385 0.292408 0.216495 0.277916 0.270222 0.161072 0.202549 0.197781 0.192529 0.22172
 0.274903 0.343463 0.412056 0.26153 0.207985 0.305773 0.305927 0.324011 0.371788 0.278325 0.416899 0.390027 0.478119 0.239805 0.324618 0.226058 0.178036 0.16701 0.185357 0.253349
 0.46236 0.305404 0.21119 0.251733 0.311808 0.337101 0.195628 0.247834 0.222353 0.0983405 0.195845 0.189395 0.226377 0.362386 0.453751 0.142307 0.207154 0.28741 0.379518 0.432517
 0.35759 0.398649 0.351099 0.187278 0.242133 0.232651 0.102843 0.174832 0.192562 0.14509 0.236927 0.253659 0.354301 0.231535 0.288814 0.264211 0.316378 0.205456 0.207663 0.243278
 0.366581 0.396578 0.232806 0.274302 0.175746 0.177405 0.132779 0.216159 0.259818 0.190016 0.196475 0.265464 0.299599 0.28787 0.326089 0.358893 0.294862 0.239377 0.261241 0.104731
 0.188834 0.198711 0.163757 0.271465 0.234337 0.231438 0.321583 0.368688 0.314679 0.252653 0.374639 0.3942 0.55488 0.189624 0.307833 0.24645 0.242872 0.147923 0.203548 0.260106
 0.253653 0.326341 0.322922 0.389478 0.251641 0.27346 0.287984 0.379174 0.128324 0.274029 0.277812 0.208857 0.225136 0.222002 0.248766 0.253259 0.376735 0.288676 0.428871 0.326435
 0.364898 0.235883 0.296001 0.300508 0.357784 0.552969 0.500821 0.283736 0.315942 0.292642 0.317998 0.151768 0.158179 0.25772 0.22896 0.376287 0.423429 0.426028 0.316961 0.266921
 0.374251 0.349792 0.122123 0.220596 0.266876 0.258261 0.356934 0.373882 0.151304 0.255517 0.301403 0.28715 0.351222 0.226517 0.205636 0.279422 0.273406 0.354662 0.290083 0.328869
 0.289775 0.229274 0.352677 0.237067 0.237404 0.210483 0.143626 0.223961 0.31556 0.336314 0.28047 0.265258 0.277518 0.249266 0.282573 0.379376 0.133648 0.241574 0.261462 0.317497
 0.400383 0.112668 0.229556 0.206876 0.290709 0.202596 0.280827 0.204101 0.220537 0.341235 0.40053 0.174525 0.318341 0.307423 0.314971 0.38915 0.484625 0.55694 0.395529 0.481579
 0.389795 0.464647 0.439593 0.309011 0.16154 0.240192 0.210798 0.0816138 0.200368 0.196671 0.261925 0.233588 0.458334 0.601109 0.362234 0.182574 0.400186 0.219917 0.167197 0.162338
 0.313244 0.243146 0.276675 0.284297 0.316494 0.251406 0.342132 0.153705 0.222589 0.244339 0.220513 0.352518 0.213543 0.283107 0.285207 0.147741 0.196125 0.186506 0.171216 0.176811
