 0.293471 0.332978 0.421198 0.462116 0.39608 0.406742 0.444621 0.922971 1.39357 0.942125 0.673574 0.605021 0.361658 0.789311 1.03528 0.986422 0.927174 0.895339 0.798098 0.967976
 0.285265 0.31939 0.5945 0.509195 0.36118 0.475202 0.461147 0.558384 0.602762 1.249 1.02956 0.598187 0.594356 0.540628 0.474021 0.64277 0.443314 0.649916 1.0952 1.30789
 0.274412 0.174606 0.247274 0.843453 1.15626 1.27487 1.37014 0.972365 0.661932 0.646823 0.401475 0.662225 0.750019 1.3066 0.928465 0.641526 0.474809 0.520424 0.416943 0.569344
 0.319501 0.618631 0.583667 0.778599 0.678581 0.550372 0.445946 0.517407 0.812197 0.522994 0.370658 0.70536 0.803212 0.695719 1.1321 1.47046 0.972969 0.625638 1.6453 1.19729
 0.319143 0.834564 0.792969 0.638725 0.627641 0.412995 0.388317 0.374537 0.457218 0.39747 0.497112 0.643722 1.20143 0.978918 0.822064 0.720267 0.671366 0.379567 0.18434 0.261072
 0.314401 0.718337 0.877301 1.0555 1.17651 0.736534 0.476596 0.622073 0.413072 0.505775 0.873265 0.61328 0.778647 0.783393 0.710094 0.550366 0.678842 1.1168 1.02883 0.751815
 0.284126 0.324082 0.553884 0.500822 0.739911 0.479808 0.32917 0.605071 1.2519 0.943032 0.650098 0.373669 0.751166 0.565924 0.395269 0.440377 0.30363 0.340844 0.507318 0.501989
 0.302191 0.556078 0.937508 1.09818 0.687832 0.865211 0.652535 1.18535 1.12253 1.18185 1.55883 1.56893 1.16699 0.681656 1.00989 0.621028 0.430709 0.464929 0.366102 0.901487
 0.309582 1.55576 1.39672 0.774586 0.548303 0.60369 0.559879 0.421427 0.609075 1.39888 0.764149 0.338592 0.33922 0.722127 0.669165 0.607934 0.364161 0.600052 0.498396 0.673593
 0.313325 0.780969 1.22079 1.26495 0.785056 0.722345 0.622814 0.95103 0.856552 0.497604 0.316741 0.276543 0.250526 0.328624 0.243132 0.186122 0.266917 0.236423 0.428548 0.828764
 0.315001 0.18937 0.261727 0.304146 0.523501 0.621393 0.885109 0.751454 0.811106 0.828989 0.613211 0.451956 0.436348 0.943703 0.999247 0.917412 1.0616 0.796431 0.521362 0.345426
 0.271285 0.291026 0.297584 0.532761 0.666184 0.627085 0.65977 0.694583 0.752628 0.812946 0.574729 0.224176 0.159567 0.167591 0.117131 0.0771248 0.32432 0.394923 0.444422 0.403211
 0.303129 0.223581 0.421942 0.393095 0.462283 0.380244 0.476184 0.70534 1.5938 1.41053 1.00606 0.956346 0.76251 0.441089 0.91418 0.582866 0.375254 0.424536 0.379625 0.385762
 0.282959 0.306371 0.378481 0.487697 0.878851 0.724122 0.537715 0.731783 0.490439 1.02877 0.949885 2.07641 1.75815 0.959218 0.8026 0.544613 0.392269 0.408542 0.273355 0.179616
 0.306262 0.38409 0.581094 1.13952 0.845825 1.41639 1.25045 0.840638 1.00117 0.688012 0.613938 0.532415 0.719701 0.50635 0.45464 0.438185 0.835522 0.799 0.467736 0.463432
 0.314718 0.782113 1.1327 1.05095 0.653671 0.338264 0.237702 0.52026 0.622719 0.602052 1.0687 1.15464 0.784713 1.95142 1.46975 0.655751 0.649014 0.651408 0.634755 0.30522
 0.306845 0.354287 1.0934 0.911878 0.681162 1.54547 1.48629 0.958949 1.04885 0.616139 0.398111 0.747112 0.784205 0.480443 0.537821 0.667358 0.426842 0.439513 0.582484 0.609396
 0.309706 0.532863 0.399733 0.299063 0.293108 0.425812 0.72138 0.654996 0.639066 0.545086 0.456344 0.446578 0.870715 1.0495 0.892772 0.686157 0.782921 0.51443 0.502072 0.45705
 0.310756 0.617292 0.515906 0.486859 0.462691 0.88519 0.99879 0.777287 0.516452 0.670023 0.752611 0.484363 0.74641 1.6535 1.04862 0.457851 0.369938 0.415066 0.851614 0.6668
 0.303772 0.565012 0.398294 0.36758 0.432014 0.873253 1.01457 0.672147 0.477301 0.6607 0.931425 1.52323 1.1832 1.10085 0.802003 0.501722 0.426643 0.766832 0.751234 0.54109
 0.232157 0.167666 0.241394 0.582139 0.76444 0.944271 0.726321 0.959936 0.684269 0.649056 0.578426 0.455869 0.316964 0.249138 0.215215 0.485436 1.25639 1.31286 1.18279 1.32725
 0.31967 0.644607 0.99138 1.75386 1.11789 0.640774 0.724349 0.726899 0.571645 0.251845 0.55164 0.607387 1.14808 1.21753 0.99225 0.695174 0.926573 0.563538 0.257715 0.295074
 0.307283 0.719845 1.02826 0.694484 1.13912 1.06456 0.65167 0.728622 0.618214 0.355811 0.26358 0.24012 0.244623 0.386248 0.509887 0.670672 0.463356 0.469018 0.834149 0.886688
 0.318993 0.534607 0.567132 0.81498 0.704933 0.718681 0.535962 0.502232 0.537952 0.461229 0.52336 0.493297 0.549269 0.5493 0.688278 0.853642 0.7639 0.570435 1.3858 1.4081
 0.326725 0.410232 0.563759 1.41004 1.29623 0.773804 0.949203 0.858743 0.99818 0.722145 0.760555 0.778786 0.447676 0.498951 0.771323 0.850389 1.12724 0.673815 0.419168 1.09274
 0.319738 0.230789 0.260789 0.409575 0.471224 0.397258 0.362972 0.642101 0.927764 0.552832 0.385199 0.589616 0.988891 1.32961 1.31672 0.904275 0.570115 0.521748 0.361269 0.423465
 0.301201 0.797162 0.651392 0.449691 0.490379 0.429891 0.755395 0.640975 0.416835 0.433571 0.504187 0.504811 0.427654 1.12138 0.989989 0.65033 0.431009 0.473167 0.403519 0.47662
 0.302555 0.360927 0.323417 0.567074 0.695138 0.644721 0.491291 0.496609 1.11623 0.897336 1.2007 0.954397 0.583274 0.702353 0.742275 0.467292 0.434298 0.519811 0.833794 0.93413
 0.268302 0.266199 0.626118 0.939913 0.8267 0.567729 0.564175 0.915349 0.595297 0.416461 0.680214 0.670185 0.591441 0.687883 0.550061 0.543554 0.578962 0.880237 0.736728 0.533425
 0.318409 1.14863 1.08539 0.862189 0.536 0.371241 0.397465 0.222842 0.422828 0.509821 0.403117 0.498724 0.476472 0.756925 1.28454 0.926411 0.712451 0.467247 0.27366 0.557531
 0.318475 0.693567 1.75347 1.37594 0.642339 0.697552 0.992095 0.660991 0.550041 1.22093 0.803753 0.709631 0.575261 1.00979 0.63677 0.910853 0.825242 0.685984 0.545986 0.480369
 0.301699 0.261406 0.252234 0.362152 0.278251 0.239472 0.447942 0.567326 0.536802 0.438619 0.53519 0.987604 1.03877 0.626889 0.623264 0.55977 0.419336 0.407384 0.721727 0.552302
 0.290154 0.440457 0.570281 0.449223 0.260928 0.907969 0.826016 0.442634 0.456989 0.480932 0.406361 0.720265 1.09369 1.17437 1.10974 1.25212 1.02769 0.853975 0.520422 0.486544
 0.312507 0.608923 0.611558 0.532878 0.330923 0.329082 0.25136 0.255845 0.349538 0.397592 0.56904 0.584874 0.821908 1.36978 0.986029 0.797037 0.62782 0.575825 0.914948 0.677675
 0.252994 0.228167 0.442033 0.443185 0.535643 0.770807 0.543944 0.692906 0.86907 0.516349 0.310948 0.476683 0.523641 0.901134 1.00144 0.682343 0.463923 0.565136 0.287776 0.194484
 0.303964 0.387358 0.849398 0.855679 0.873172 0.89566 0.766942 1.46003 1.12851 0.622051 0.635844 0.779344 1.14254 0.779847 0.572637 0.54399 0.586371 0.316023 0.17887 0.326895
 0.306725 0.401276 1.2449 1.06453 1.24945 1.04185 1.28212 1.53244 0.897627 0.824842 0.687366 0.506484 1.22746 0.957151 0.520163 0.442472 0.279852 0.239641 0.366063 0.338504
 0.318617 1.13748 0.772492 0.504569 0.733657 0.795614 1.72939 1.84808 1.26686 0.922904 0.488794 0.415924 0.231183 0.247694 0.444698 0.424972 0.381995 0.528103 0.399588 1.00693
 0.299063 0.280123 0.532988 0.483324 0.492685 0.338672 0.23772 0.316269 0.592738 0.529552 0.584045 0.462015 0.552412 0.841207 0.773134 0.707938 0.510231 0.507713 0.485794 0.462308
 0.313571 0.492762 1.18266 0.851055 0.502531 0.589737 0.617775 0.477395 0.53531 0.515377 0.68479 0.515117 0.538491 0.775302 0.894572 0.761553 0.547348 0.563311 1.20721 1.98543
 0.267725 0.265572 0.519939 0.409522 0.495403 0.888178 0.761072 0.608517 0.547201 0.509596 0.360513 0.414454 0.920971 0.576282 0.336245 0.272619 0.156095 0.16652 0.335757 0.736805
 0.303714 0.956443 0.835077 1.04065 0.904844 0.682953 0.872421 0.589493 0.423427 1.1845 0.913644 0.766937 0.616538 0.548491 0.597655 0.478243 0.423684 1.31469 1.0585 0.600969
 0.319544 0.507262 0.329635 0.866305 0.797595 0.567215 0.558334 0.682953 0.575312 0.495402 1.58421 1.31095 1.10663 0.880265 0.429398 0.335988 0.290083 0.249195 0.270055 0.251252
 0.292745 0.301052 0.415057 0.655184 0.66636 0.78454 0.535222 0.588858 0.543549 1.28377 1.08887 0.846377 0.748358 1.00019 1.0107 0.715224 0.66912 0.516386 0.744943 0.690003
 0.303258 0.81194 0.80891 0.619283 1.00854 0.676639 0.431999 0.376375 0.251007 0.677856 0.782666 1.04185 1.04087 0.897507 0.911662 0.580668 0.559804 0.825248 0.650882 0.523936
 0.313592 0.605889 0.73295 0.717879 0.665268 0.566999 0.587915 0.440329 0.328083 0.346783 0.600986 0.950323 0.678086 0.87612 0.909818 0.841507 0.503401 0.827694 0.905187 0.576621
 0.309794 0.541279 0.473792 0.823743 0.952705 0.716423 0.655813 0.580894 0.805491 0.813413 0.630399 1.15972 1.35616 1.15003 0.838643 0.476698 0.710436 0.56765 0.316025 0.490455
 0.302783 0.416897 0.445121 1.10203 1.06386 1.30921 0.826928 0.482281 0.737282 0.51056 0.409103 0.456002 0.7204 0.582973 0.5027 0.558284 0.435366 0.459245 0.40922 0.659554
 0.276467 0.41356 0.688447 0.83201 0.703896 0.937074 0.730475 0.655138 1.05577 0.875294 0.673339 0.448516 0.322371 0.396452 0.241263 0.739176 0.936672 1.40952 0.930417 0.852536
 0.299023 0.415753 0.599586 0.661563 1.08408 1.17009 0.902192 0.518728 1.05771 0.854482 0.574881 0.309511 0.234848 0.283668 0.411127 0.32159 0.865532 0.740792 1.13138 0.868595
 0.290171 0.180575 0.434272 0.371146 0.543295 0.565052 1.55986 1.18667 0.705338 1.05542 0.973573 0.708292 0.80005 1.02235 0.73724 0.5674 0.621424 1.07067 0.898744 0.59946
 0.279784 0.425656 0.338284 0.240764 0.942354 0.912371 0.672412 1.29176 0.80862 0.665182 0.795523 0.559738 0.894705 0.632008 0.499969 0.362091 0.321379 0.22263 0.170214 0.421679
 0.271683 0.215338 0.347217 0.320282 0.418291 0.644944 0.630676 0.508541 0.582433 0.766981 0.783927 0.976812 0.697324 0.511273 0.390507 0.435584 0.538097 0.709857 0.675711 0.74849
 0.279822 0.236634 0.196843 0.289388 0.519174 0.747585 1.00553 0.812407 0.889713 0.722728 1.00825 0.731086 0.563672 0.515049 0.670023 0.517192 0.761394 0.656807 0.582244 0.513176
 0.319389 0.429626 0.362275 0.363214 0.511478 0.438472 0.672798 0.66081 0.800745 0.86333 0.869185 0.657143 0.554909 0.678136 0.639725 1.09128 0.754072 0.688897 0.512291 0.481604
 0.307017 0.707323 0.719911 0.772767 1.06388 1.04067 0.664136 0.512275 1.16374 1.27255 1.16795 0.673831 0.571934 0.642084 0.462298 0.388518 0.978479 0.839015 0.870148 1.05512
 0.315417 0.543177 0.472857 0.437693 0.284605 0.226237 0.235761 0.277349 0.389067 0.542959 0.873246 1.10359 0.731054 0.821692 1.12275 0.867537 0.55685 0.350594 0.519787 0.444038
 0.264176 0.239606 0.30736 0.288991 0.53658 1.13445 1.25907 0.891921 0.488511 0.643223 0.755054 0.525791 0.537214 0.351229 0.349738 0.399737 0.690375 0.53943 0.67589 0.514043
 0.296227 1.08479 0.804117 1.00952 0.847228 0.560775 0.55993 0.585669 1.46003 1.25897 1.13062 0.809245 0.567483 0.500994 0.707576 0.548338 0.516662 0.479952 0.379552 0.729505
 0.280452 0.368689 0.602445 0.443907 0.469838 0.75869 0.570076 0.430313 0.368506 0.871117 0.734807 0.503279 0.364742 0.242331 0.376303 0.467221 0.392737 0.594834 0.779318 0.731155
 0.315928 1.20655 0.831543 0.510207 0.70787 0.814643 0.748579 0.546137 0.877915 0.794334 0.510296 0.73374 1.07838 0.86604 0.518948 0.470519 0.687676 0.56976 0.330037 0.27177
 0.317635 1.09116 0.76312 0.516382 0.951297 0.637826 0.661782 0.817661 0.542273 0.500415 0.507302 0.50027 1.00769 0.856707 0.544083 0.402457 0.301712 0.407529 0.562812 0.938272
 0.278714 0.333205 0.346272 0.635345 0.71352 0.937947 1.00647 0.617138 0.738439 0.828618 0.693871 0.378466 0.540752 0.655854 0.553035 0.447429 0.526647 0.422337 0.297368 0.56167
 0.266006 0.19093 0.44778 0.613678 0.69301 0.925576 0.766234 0.58787 0.92118 0.567893 0.607176 0.748137 0.449315 0.447349 0.398986 0.28383 0.283745 0.297606 0.423645 0.38926
 0.278012 0.30577 0.565424 0.469722 0.507019 0.952064 0.990192 0.806274 0.706312 1.01689 1.06691 0.755183 0.560119 0.608467 0.510523 0.527658 0.861282 0.631533 0.727709 0.811486
 0.253459 0.245572 0.340592 0.577348 0.413157 0.311803 0.526621 0.579507 0.623962 0.936235 1.18128 1.03622 0.942715 0.531618 0.394483 0.245665 0.22568 0.571701 0.611442 0.897928
 0.299499 0.333804 0.621277 0.793643 0.804403 0.741954 0.683084 0.650411 0.915944 0.672507 0.437591 0.387418 0.41256 0.386875 0.645137 0.558036 0.406937 0.624371 0.740505 0.46884
 0.314863 0.647001 0.826986 0.497632 0.587804 1.13026 1.02162 0.735116 0.485119 0.37246 0.335954 0.297182 0.599391 0.728972 0.657657 0.542037 0.359412 0.412335 0.475794 0.490024
 0.31727 0.34245 0.33644 0.499907 0.41214 0.344596 0.876414 0.80783 1.13553 0.975146 0.706098 0.853925 0.608902 0.75452 0.823694 0.642817 0.885089 1.08677 0.802517 1.01211
 0.332 0.473856 0.756973 0.862387 0.917015 0.915699 1.25282 1.03467 0.557464 0.369745 0.283028 0.179788 0.206287 0.175438 0.226999 0.423107 0.826071 0.759594 0.727311 0.703302
 0.303967 0.34118 0.394545 0.534781 0.61009 0.959266 0.768467 0.658302 0.621464 0.674266 0.908173 0.706637 0.807401 0.960854 1.27059 0.881102 0.925414 0.75372 0.842738 0.881944
 0.269814 0.205457 0.479382 0.62988 0.613935 0.456152 0.391745 0.430909 0.604577 0.496048 1.55694 1.43632 0.93147 1.42373 0.946195 1.88991 1.4616 0.666881 0.452447 0.847245
 0.309314 0.582514 0.475558 0.468985 0.403914 0.591676 1.19591 0.826933 0.469106 0.501204 0.679599 0.560717 0.331624 0.647179 0.612765 1.21165 0.834193 0.438795 0.587294 0.718835
 0.248868 0.276282 0.407324 0.416388 0.58081 0.504841 0.449131 0.602085 0.78958 0.48869 0.330788 0.325724 0.525461 0.788423 0.879322 0.748988 0.614349 0.620354 0.809269 0.830036
 0.271684 0.197412 0.358319 1.32909 1.07561 0.693689 0.586504 0.631599 0.510487 0.285789 0.24683 0.332015 0.366547 0.683268 1.15855 0.928395 0.763343 0.52679 0.437541 0.363721
 0.26693 0.19469 0.266841 0.274441 0.41932 0.702029 0.910031 0.871879 0.822862 1.43082 0.964762 1.40403 1.32391 0.802206 0.511431 0.510447 0.583371 0.433807 0.74707 0.929728
 0.318504 0.814364 1.16468 0.906802 0.664628 0.634284 0.75307 0.608234 0.38365 0.37654 0.58742 0.620854 1.14512 1.33672 0.880196 0.453047 0.487944 0.706269 0.477891 0.490738
 0.294886 0.438909 0.544954 0.400211 0.448812 0.464223 0.703085 0.83376 0.867044 0.731003 0.909071 0.877358 0.564229 0.587063 0.389563 0.301115 0.424096 0.60152 0.565331 0.373504
 0.24223 0.135789 0.507863 0.732594 0.714076 0.460977 0.402237 0.578439 0.474003 0.464492 0.636022 0.518399 0.646251 0.509218 0.280105 0.303517 0.878921 0.826769 0.463459 0.385582
 0.310701 0.508082 0.92455 0.863358 0.666066 0.530471 0.460711 0.539129 0.638817 0.663596 0.482804 0.468161 0.580851 0.399826 0.589936 0.92679 0.659284 0.467194 0.314622 0.370098
 0.263741 0.220192 0.302503 0.355962 0.484047 0.425075 0.433631 0.532028 0.60681 0.749341 0.671694 0.574654 0.454648 0.341477 0.544288 0.51998 1.15244 1.1408 1.08322 1.09367
 0.317507 0.623809 0.457334 0.431938 0.482772 0.694822 0.547217 0.63251 1.03356 0.74898 0.728407 1.01622 0.738044 1.12548 0.759234 0.428121 0.491169 0.75594 0.938931 0.548989
 0.280431 0.301784 0.40506 0.412986 0.598157 0.80898 0.627928 0.440859 0.549153 0.434843 1.18792 0.877692 0.552763 0.569055 0.491494 0.574367 0.39632 0.660469 0.617627 0.439448
 0.324616 0.415168 0.333584 0.242176 0.337656 0.363078 1.05857 1.13034 1.08638 1.13496 0.945795 0.772087 0.854458 0.862871 0.775996 0.733014 0.795845 1.24788 0.757201 0.415535
 0.302618 0.356633 0.339271 0.743087 0.948864 2.25342 1.87503 1.03857 1.01746 0.577889 0.673916 0.581672 0.635619 0.692669 0.557422 0.296397 1.01416 1.00744 0.965767 1.19934
 0.301264 0.464627 0.457687 0.578686 0.402849 0.624993 0.536503 0.295379 0.744408 1.06951 0.582335 0.41381 0.3478 0.478738 0.660306 0.557048 0.424737 0.600555 0.622913 0.4138
 0.289705 0.395733 0.478897 0.638002 0.55187 0.785193 0.958938 0.910987 0.84822 0.682474 0.634206 0.646758 0.842147 0.695205 0.942753 1.01028 0.697498 1.09868 0.923042 0.580709
 0.287936 0.293118 0.240203 0.452059 0.362421 0.28549 0.749186 0.772973 0.659587 0.498782 0.516916 0.56542 0.421059 0.514839 0.93075 1.20805 0.833413 0.506502 0.30446 0.221952
 0.318237 0.341168 0.447718 0.802225 1.68606 0.947209 0.524348 0.426976 0.378718 0.410109 0.525124 0.459083 0.484374 0.465634 0.721712 0.616861 0.455776 1.05899 0.770282 0.986944
 0.272319 0.189769 0.333414 0.479758 0.420557 0.331351 1.01866 0.82975 0.526384 0.593958 0.427571 1.10056 0.911156 0.734688 0.575359 0.698179 0.51314 0.691709 0.503253 0.692485
 0.294071 0.690232 0.743513 1.22565 1.2457 0.715028 0.69858 0.568373 0.29073 0.350741 0.24019 0.198898 0.365895 0.396614 0.404028 0.721151 0.583474 0.604585 0.632493 0.672841
 0.283481 0.224307 0.199576 0.436342 0.403867 0.857189 0.934534 0.678748 0.83734 1.00198 0.993814 0.750279 0.458271 0.478618 0.540736 0.529426 0.859108 0.717172 1.01869 0.651261
 0.292813 0.392579 0.749828 0.661322 0.648518 0.712052 1.53228 1.27743 0.782871 1.5734 1.05257 1.1556 0.880584 0.513507 0.510111 0.658902 0.707079 0.736032 0.509989 0.366199
 0.310952 0.346492 0.289848 0.361288 0.371035 0.733895 0.672834 0.569379 0.5276 0.527757 0.77218 0.94844 0.644678 0.748401 1.02662 0.799068 0.551216 0.92854 0.836693 0.413936
 0.290214 0.473165 0.552631 1.13247 0.879388 0.663062 0.696946 0.924409 1.57188 1.37434 0.760984 0.694672 0.445526 0.322961 0.443129 0.605116 0.698338 0.896169 0.583434 0.636042
 0.274681 0.343776 0.503253 1.22561 1.01187 0.478159 0.507355 0.953402 2.09837 1.43608 0.818353 0.471431 0.579781 0.463661 0.282267 0.384112 0.320052 0.288126 0.402878 0.461594
 0.272177 0.248293 0.287246 0.825644 0.688622 0.546565 0.666909 0.550503 0.470097 0.514867 0.591253 0.650302 0.622193 0.607599 0.470626 0.975922 0.898197 1.43123 1.04969 1.15008
 0.251114 0.239857 0.440264 0.552778 0.478975 0.532446 0.477714 0.845992 0.650073 0.939998 0.929709 1.22485 1.04892 1.23871 0.932846 0.807282 1.34272 0.959978 0.635195 0.484008
 0.321434 0.686594 0.873032 0.626006 0.52816 0.353563 0.319852 0.413045 0.287616 0.328733 0.478554 0.484675 0.438079 0.727025 0.776704 0.68282 0.476397 0.85976 0.977382 0.656989
 0.241737 0.158469 0.473174 0.580703 0.437574 0.451907 1.11212 0.967893 0.656828 1.13384 1.15643 0.854481 0.655248 0.859385 1.21989 1.50488 0.84642 0.421478 0.38631 0.528306
 0.277117 0.339974 0.480694 0.682945 1.03352 0.654886 0.412116 1.22001 1.17213 0.778036 1.3641 0.962451 0.800958 0.486768 0.383973 0.244752 0.31677 0.260056 0.24532 0.201311
 0.307191 0.854004 1.00104 0.852616 0.661255 0.393081 0.455735 0.545178 0.421158 0.343306 0.390302 0.44546 0.519275 0.489799 0.493462 0.620818 0.977807 0.760713 0.515907 0.623568
 0.227188 0.0876198 0.194317 0.280513 0.293584 0.718016 0.554356 0.370906 0.666331 0.560386 0.49633 0.397163 0.30347 0.319688 0.21285 0.269518 0.692862 0.608183 0.448531 0.910424
 0.239091 0.145675 0.116809 0.0842162 0.299867 0.306843 0.525143 0.975813 1.01278 1.23277 1.38428 0.998443 0.752323 0.660395 0.48959 0.671675 0.621096 0.429872 0.705977 0.545101
 0.26528 0.214561 0.33776 0.467424 0.569654 0.671528 0.504181 0.667325 0.734366 0.9981 0.758664 0.55991 0.778851 1.10504 1.20725 1.01858 0.835294 0.814179 0.369489 0.189578
 0.319161 0.504713 0.40468 0.462252 0.445404 0.288368 0.200071 0.413502 0.323441 0.558283 0.512136 0.503855 0.395693 0.379079 0.48108 0.5876 0.654337 0.632554 0.983653 0.785982
 0.274989 0.382113 0.287068 0.331313 0.328666 0.388032 0.631286 0.582624 0.668284 0.685486 0.570046 0.464922 0.531267 0.477616 0.715004 0.696234 1.28347 1.54076 0.88112 0.914845
 0.279846 0.332567 0.418227 0.365113 0.383014 0.561746 0.422551 0.507923 0.480563 0.5482 0.552954 0.97679 0.593794 0.377332 0.514356 0.769891 0.74601 0.704555 0.920832 0.684865
 0.315367 0.4389 0.535546 0.429568 1.24783 1.12891 0.670185 0.572055 0.53289 0.976145 0.703387 0.647166 0.677315 0.652876 0.592849 0.56692 0.666062 0.663252 0.600363 0.457658
 0.307867 0.671933 0.529216 0.647187 0.962525 0.811989 1.08417 1.13307 0.977529 0.741078 0.599273 0.936295 0.668513 1.16805 1.07485 0.692025 0.661468 1.14957 1.12571 0.539348
 0.298229 0.476282 0.498326 0.692376 1.4114 1.50775 0.67577 1.12751 0.961804 0.929891 0.552455 0.605765 1.0054 0.618359 0.657673 0.51203 0.558849 0.570245 0.493144 0.247653
 0.311214 0.578218 0.61531 0.48321 0.949687 1.03619 1.16096 0.95002 0.633146 0.56479 0.417983 0.607515 0.80216 0.638275 0.399383 0.72639 0.639205 0.521154 0.561504 0.449662
 0.283446 0.249698 0.307085 0.334326 0.351574 1.52298 1.02443 0.673981 0.430712 0.388647 0.373356 0.674982 0.713795 0.653671 0.664382 0.90633 1.1375 1.13067 1.08533 1.05285
 0.279704 0.466267 0.44356 0.376485 0.437151 0.37363 1.03121 0.968177 1.14608 0.793822 0.683354 0.638006 0.488059 0.698658 0.449804 0.372506 0.789498 0.857338 0.930039 0.651777
 0.285697 0.257216 0.408978 0.45564 0.411362 0.493692 0.419196 0.708642 0.685066 0.390798 0.296539 0.156505 0.31172 0.676286 0.66154 0.757834 0.474674 0.81926 0.803278 1.05721
 0.299133 0.384904 0.316058 0.244125 0.45552 0.583448 0.565373 0.841499 0.854724 0.561 0.974893 1.07989 0.682281 0.471411 0.388288 0.366941 0.726341 0.741173 1.20838 0.966152
 0.286928 0.376331 0.659872 0.908226 0.727502 0.54798 0.606006 1.03853 1.21175 0.939705 1.39175 1.04335 0.620897 0.428018 0.555472 0.792793 0.78557 0.856129 1.13577 0.863595
 0.259571 0.195402 0.37244 0.360053 0.541942 0.397851 0.345417 1.01013 1.35308 0.893473 0.456103 0.214947 0.1777 0.530257 0.452384 0.328574 0.298712 0.399967 0.433125 1.27444
 0.297822 0.493959 0.347052 0.37793 0.337352 0.410438 0.586976 0.538534 0.421009 0.818632 0.647341 0.881226 0.626227 0.305951 0.273114 0.575027 1.36714 1.21831 0.826533 0.628173
 0.284347 0.350926 0.381039 0.351223 0.574396 0.522884 0.651369 0.766124 0.924228 0.729912 0.360051 0.419155 0.348503 0.336828 0.340313 0.720923 0.508298 1.34687 1.10244 0.793633
 0.293051 0.500323 0.434346 0.392995 0.279108 0.401591 0.289191 0.204016 0.32672 0.561752 0.463053 0.945048 0.875926 1.75937 1.305 1.58068 1.39408 0.827644 0.697721 0.764114
 0.279394 0.193198 0.166675 0.221339 0.376906 0.525157 1.09515 1.65217 1.07581 0.688301 0.386963 0.514021 0.496061 0.693062 1.19434 0.838564 1.09538 0.935148 0.785184 1.13048
 0.239988 0.170322 0.276528 0.543272 0.828269 0.939184 1.24027 0.775858 0.5363 1.08227 0.655502 0.356214 0.323261 0.251799 0.590626 0.467894 0.377731 0.561837 0.689882 0.511052
 0.281635 0.309967 0.7229 1.20375 0.872829 0.493895 0.367019 0.487019 0.491322 0.734737 0.802646 0.950678 0.701137 0.501086 0.467201 0.468219 0.802755 1.00205 0.774992 0.681998
 0.318085 0.541991 0.565939 0.413088 0.701077 1.18524 0.965505 0.591266 1.14457 0.715034 0.545185 0.387031 0.314618 0.162392 0.109996 0.581148 0.694302 0.925016 0.943616 1.01853
 0.306198 0.5845 0.592344 0.696281 0.603363 1.12935 0.638096 0.391348 0.621172 0.633246 0.440565 0.705694 0.700717 0.717062 0.845585 0.631897 0.383057 0.627917 0.652851 0.474389
 0.286695 0.630017 0.566771 0.492798 1.05598 1.11007 0.860619 0.832328 0.632484 0.304603 0.1809 0.414762 0.54557 0.588203 1.0435 0.932206 0.716238 0.657762 0.919682 1.15412
 0.264622 0.227074 0.997411 1.16352 0.679145 0.393564 0.333308 0.538884 0.69615 0.609043 0.562134 0.540009 0.498831 0.949298 1.14477 0.693335 0.444426 0.407027 0.372334 0.537493
 0.308894 0.794264 0.606837 0.530456 0.86923 1.0145 1.10354 0.756399 0.586504 0.495461 0.523971 0.833466 0.783159 0.843023 0.556957 0.582548 0.808525 0.590292 0.447493 0.430417
 0.308943 0.656866 0.553885 0.761714 0.628137 0.486143 0.700606 0.635426 0.477101 0.634403 0.659338 0.820799 0.639037 0.343926 1.13086 0.858189 0.726946 0.751146 0.674675 0.8084
 0.286076 0.184102 0.233189 0.46936 0.436139 0.424454 0.386497 0.478519 0.738339 0.799446 0.895045 0.613084 0.564966 0.475094 0.710201 0.66379 0.760185 0.759781 0.766135 0.50181
 0.302041 0.768627 0.658933 0.835659 0.762203 0.519336 1.35053 1.20098 0.941679 0.928087 0.672193 0.651212 0.610023 1.74601 1.24204 0.647979 0.484663 0.646569 0.745092 0.40062
 0.296165 0.571337 0.47223 0.46066 0.430082 0.965174 0.867773 0.590959 0.388422 0.664609 0.561748 0.717859 1.04592 0.688337 0.443942 0.705952 0.795277 0.804367 0.697626 0.601046
 0.299087 0.390097 0.711321 0.650332 0.702446 1.30345 0.985774 0.979011 0.959641 0.717248 0.58605 0.659618 0.394283 0.209527 0.232894 0.320923 0.513817 0.885579 0.471381 0.374184
 0.252066 0.221004 0.296058 0.704491 1.36562 1.0065 1.09712 0.889547 0.681458 0.680135 0.524558 0.400276 0.61841 0.697834 0.744111 0.545952 0.536233 0.470616 0.415704 0.607295
 0.283876 0.349907 0.24837 0.408304 0.502513 0.858998 0.688069 0.356391 0.286938 0.316895 0.216608 0.369495 0.607973 0.563803 1.28426 0.822962 0.373764 0.340985 0.46663 0.51757
 0.29883 0.890248 0.703119 0.584101 0.57674 0.657089 0.714001 0.565762 0.45397 0.628701 0.797914 0.658617 0.329963 0.95143 1.09809 1.05805 0.771109 0.381155 0.244755 0.418103
 0.273061 0.104559 0.0630867 0.0984957 0.179708 0.337247 0.605623 0.524361 0.872531 0.976871 0.977343 0.76725 0.464122 0.350139 0.502014 0.411556 0.348214 0.712103 0.527425 0.755121
 0.262417 0.296779 0.404624 0.737413 0.856568 0.622002 1.28176 1.17765 0.5366 0.46631 0.376292 0.218041 0.279123 0.260581 0.93882 0.802439 0.538521 0.913162 1.02415 0.724371
 0.314248 0.623166 0.660212 0.767474 0.655222 0.472127 0.708545 0.701463 0.446111 0.423788 0.530867 0.834066 1.01247 0.635397 0.38493 0.329533 0.469118 0.532914 1.41374 1.10847
 0.29185 0.603214 0.8869 0.758875 0.519056 1.20831 0.990143 0.756194 0.558799 0.777447 0.610923 0.483541 0.340859 0.414417 0.326542 0.278453 0.532623 0.761449 0.850636 0.587411
 0.288535 0.275808 0.220883 0.588224 0.445329 0.310997 0.727964 0.779055 0.384052 0.239242 1.41969 1.45738 1.23385 1.23169 0.798191 0.77787 0.608633 0.510822 1.07101 1.03196
 0.305796 0.498197 0.644579 0.834404 0.781947 0.716413 1.00702 0.734159 0.619475 1.06572 0.951944 1.08426 1.48064 0.946466 0.781049 0.563029 1.87573 1.60033 0.657547 0.471923
 0.294215 0.410236 1.21261 1.01496 1.15104 0.965199 0.602207 0.397199 0.429936 0.48531 0.409839 0.50286 0.397909 0.477395 0.329241 0.458954 0.511842 0.352672 0.598834 1.07495
 0.303692 0.920095 0.724449 0.416233 0.427137 0.392848 0.746564 0.741137 0.649947 0.511358 0.30274 0.349216 0.500872 0.565248 1.03704 0.892843 0.794878 2.07981 1.44813 0.849147
 0.320383 1.08011 1.06032 0.522044 0.230386 0.309436 0.342669 0.639243 0.723632 0.64782 0.709654 0.734711 0.897077 0.702348 1.24386 0.960114 0.54796 0.392108 0.391864 0.355744
 0.258082 0.221175 0.71725 0.544542 0.320005 0.366733 0.554224 0.88097 1.37969 1.11981 0.717596 0.40087 0.349259 0.415533 0.347298 0.137362 0.132115 0.234024 0.153292 0.371761
 0.287608 0.382905 0.393067 0.550633 0.496478 1.08272 0.71185 0.594928 1.43488 1.28845 0.775554 0.708273 0.922245 0.695949 0.741762 0.707492 0.550753 0.451578 0.30327 0.686608
 0.306611 1.18523 0.876925 0.403814 0.295891 0.356685 0.297437 0.33015 0.346642 0.439616 2.55282 1.8554 0.979594 0.581742 0.413966 0.240236 0.214578 0.200735 0.691352 0.664997
 0.276589 0.373142 0.582214 0.542687 0.505227 0.520196 0.431101 0.593134 0.820832 0.576837 0.321677 0.46194 0.670427 0.802836 0.77712 0.654499 0.497888 0.286413 0.609139 0.557413
 0.296719 0.409616 0.41863 0.415921 0.599331 0.604364 0.697994 0.666504 0.479867 0.755637 0.675715 0.662825 1.21656 1.04328 1.31592 1.06455 1.04999 1.14788 0.542416 0.353739
 0.273607 0.398833 0.392168 0.673967 1.20139 0.993736 0.664964 0.693718 0.661103 0.476221 0.589476 0.731893 0.610098 0.820205 0.634721 0.699402 0.580588 0.564749 0.466153 0.537221
 0.215427 0.0920051 0.381107 0.580709 0.506748 0.389514 0.359854 0.268008 0.792401 0.916022 0.849221 0.722342 0.56646 0.518896 0.691159 0.773374 0.690241 0.620116 0.642732 0.801422
 0.306831 0.494801 0.314623 0.504226 0.451108 0.69768 0.881412 0.62536 0.439742 0.420239 0.447166 0.365009 0.597575 0.555658 0.693704 0.833578 0.662746 0.517669 0.527832 0.785492
 0.305824 0.301056 1.0475 0.913447 0.801028 0.865174 0.675946 0.528237 0.542091 0.310538 1.23533 1.25013 0.561875 0.574012 0.73782 1.05298 0.878417 0.985126 0.735623 0.635712
 0.306258 0.502861 0.771353 0.876097 0.901554 0.887424 0.591792 0.638325 0.471586 0.40807 0.923137 1.17141 0.687814 0.453675 0.85863 0.42479 0.334225 0.323147 0.656694 1.06882
 0.299219 0.331334 0.362423 0.237743 0.460191 0.617173 0.670704 0.819423 0.897175 1.08452 1.13116 0.859341 0.773619 0.408253 0.451364 0.454172 0.377192 0.457184 1.12786 0.911558
 0.267927 0.274341 0.288792 0.269248 0.459835 0.638911 0.515219 0.688034 1.24223 1.60911 1.19848 0.83473 0.58069 0.415053 0.429791 0.424523 0.620261 0.650006 0.600549 0.579208
 0.293088 0.341578 0.416147 0.874636 0.704574 0.724125 1.05265 1.14329 1.43923 0.894489 0.908187 0.631085 0.548182 0.762712 0.698084 0.661153 0.458591 0.24215 0.405871 0.519045
 0.306353 0.490323 0.355909 0.281175 0.952327 1.08597 1.20364 0.662222 0.835911 0.580091 0.881859 0.66399 0.354245 0.387923 0.565006 0.3534 0.291955 0.231569 0.675225 0.527087
 0.302232 0.396352 0.450392 0.68373 0.668373 0.71738 0.739567 0.425772 0.298642 1.25252 1.3399 1.12557 1.04261 0.868225 0.605577 0.877878 0.576401 0.501282 0.581104 0.524894
 0.298594 0.263911 0.334102 0.356422 0.94786 0.808056 0.921826 0.84395 0.979968 0.811281 0.754325 0.605461 0.696977 0.574765 0.54638 0.564736 0.455173 0.311929 0.377122 0.60325
 0.312705 0.75796 0.641077 0.622883 0.443681 0.565196 1.09828 0.879612 0.706314 0.410488 0.464327 0.31536 0.350352 0.591285 0.730616 0.547358 0.328754 0.508719 0.72338 0.881046
 0.28876 0.277073 0.357228 0.381732 0.228099 0.319439 0.346184 1.52906 1.00905 0.88404 1.08171 0.875657 0.611327 1.33047 1.21915 0.638128 0.363495 0.443495 0.388998 0.398407
 0.298299 0.278192 0.213422 0.25624 0.722521 0.707745 0.893517 0.72216 1.11025 1.23951 1.14379 0.963904 0.687882 0.389082 0.226245 0.147163 0.163996 0.291781 0.421724 0.611852
 0.311666 0.894303 0.934282 0.682463 1.03599 1.31347 1.05876 0.649199 0.341873 0.362235 0.400588 0.271715 0.162862 0.411124 0.320955 1.19587 1.39369 0.963712 0.538229 0.60432
 0.281129 0.332854 0.318719 0.502625 0.430605 0.313797 0.81529 1.70311 1.32056 0.765594 0.738179 0.622304 0.468524 0.604597 0.570451 0.754511 0.576984 0.503609 0.484967 1.00039
 0.265371 0.254003 0.258056 0.154224 0.21739 0.424414 0.601301 1.22074 0.997373 0.785584 0.575902 0.428423 0.507364 0.490109 0.560706 0.608798 0.44084 0.807107 0.647154 0.503443
 0.315748 0.517739 0.515822 0.756831 1.11747 0.877311 0.510238 0.994989 1.1949 0.58468 0.267277 0.791748 0.599107 0.724926 0.525961 0.515021 0.592287 0.480981 0.287916 0.369594
 0.312473 1.36421 1.17847 0.559415 0.223797 0.432287 0.531104 0.829728 0.730729 0.518004 0.42281 0.401292 0.372787 0.386851 0.351596 0.306993 0.559623 0.574926 0.421905 0.610047
 0.284031 0.465232 0.407888 0.394223 0.330892 0.707428 0.55731 0.443148 0.432309 0.68643 0.61718 0.518073 0.32968 0.288171 0.485094 0.647096 0.414385 0.45547 0.75823 0.836704
 0.291335 0.267416 0.365105 0.321574 0.558303 0.522842 1.23216 0.81771 0.658468 0.534235 0.363984 0.658273 0.892126 1.41116 1.29037 0.878105 0.650897 0.625688 0.45693 0.293165
 0.280966 0.312614 0.362283 0.462651 0.905743 1.27167 1.02057 1.40025 0.865727 0.555799 0.607035 0.672118 0.639715 0.571532 0.56906 0.855641 1.20753 0.970159 0.849896 0.704402
 0.314928 0.692469 0.702106 0.576304 0.495638 0.905318 0.758539 0.599963 0.731309 0.574294 0.523385 0.65515 1.04071 0.80618 0.439517 0.338084 0.228651 0.331564 0.358809 0.265147
 0.275246 0.244375 0.48005 0.486203 0.650464 0.670214 0.61069 0.570466 0.615907 0.537657 0.849338 0.708038 0.578394 1.27414 1.115 0.863876 0.505921 0.379088 0.363808 0.363518
 0.295849 0.495839 0.745382 0.721302 1.00665 1.1323 1.21304 0.639929 0.619195 0.954873 0.993639 0.684581 0.562053 0.800416 0.664601 1.03393 0.796463 0.374261 0.282896 0.48231
 0.299559 0.42171 0.359748 0.505074 0.456216 0.354468 0.394512 0.603963 0.611321 0.369571 0.214583 0.532691 0.675492 0.670099 0.691274 0.57379 1.01017 0.687336 0.366964 0.436002
 0.280264 0.258441 0.484338 0.569894 0.946003 0.526236 0.416772 0.596603 1.00784 0.875737 0.61544 0.737487 0.774307 1.51415 0.905898 0.456033 0.841365 1.09163 0.928086 0.601065
 0.26313 0.245376 0.320669 0.46337 0.433952 0.366465 0.640431 1.12863 1.29763 0.661859 0.316031 0.274427 0.399576 1.21244 1.72148 1.5414 0.804215 0.544244 0.619436 0.550582
 0.315125 1.0614 0.917468 0.764056 1.29953 1.05136 1.49008 1.0916 0.564283 0.38012 0.278534 0.531243 0.509492 0.696449 0.934197 1.82075 1.36534 0.593741 0.282494 0.257427
 0.309059 0.864064 1.5009 1.1312 0.640076 1.25628 0.760599 0.522976 0.536336 0.41692 0.631588 0.634265 0.470315 0.244695 0.191947 0.350469 0.459144 1.30283 1.12813 0.658509
 0.291153 0.397048 0.667695 0.830147 0.637931 0.480312 0.419533 0.798737 0.873285 0.512349 1.08766 0.923881 1.14908 1.47922 1.18343 1.20364 0.960102 0.610383 0.289602 0.316935
 0.238047 0.136671 0.249476 0.368579 0.709957 0.793408 1.18265 1.38726 1.36135 1.42966 0.76225 0.769246 0.930768 0.688733 0.943225 0.645117 0.405199 0.429957 0.374861 0.24665
 0.301385 0.300237 0.427211 1.27477 0.885188 0.556709 0.447388 0.395532 0.691454 1.04064 0.74745 0.347721 0.254418 0.266066 0.917912 0.923928 0.605439 0.636532 0.601457 0.478102
 0.273866 0.255059 0.452589 0.45281 0.506035 0.994126 1.0087 0.724708 0.822187 0.912652 0.815648 0.910745 0.924002 0.618437 0.256298 0.346423 0.312409 0.385209 0.570904 0.44309
 0.308052 0.630474 0.53599 0.846723 0.769385 1.04764 1.50757 1.25668 0.706928 0.679161 0.887272 0.572397 0.399037 0.470271 0.92684 0.855291 0.716849 0.473882 0.333643 0.4852
 0.255145 0.217641 0.731159 0.700322 0.414994 0.322059 0.429855 0.322168 0.32537 0.3292 0.319135 0.65074 0.633754 0.566083 0.72358 0.657408 0.584863 0.533259 0.916951 0.83222
 0.296292 0.387025 0.575912 0.765493 0.990175 1.24854 0.866989 0.949945 0.71103 0.701524 0.411108 0.380928 0.449933 0.770433 0.788937 0.628191 0.860244 0.686045 0.64503 0.645333
 0.310999 0.596326 0.573605 0.385505 0.578968 0.749165 0.529309 0.428318 0.49837 0.452838 0.592276 0.45633 0.350722 0.295432 0.576872 0.526 0.758834 1.15485 1.52242 1.49231
 0.265477 0.276412 0.472818 0.751322 0.753251 0.435255 0.310538 0.59416 0.65517 0.705282 2.02016 1.96703 1.54143 1.09625 0.591656 0.327593 1.23798 1.11747 0.562787 0.340073
 0.311561 0.412052 0.392585 0.354024 0.878918 0.959704 0.822527 1.73508 1.33977 1.02841 1.32731 1.04372 0.615014 0.400945 0.763521 0.602504 0.652387 0.443831 0.714574 0.93886
 0.30373 0.385526 0.362085 0.592027 0.552175 0.70913 0.754928 1.13704 0.88112 0.503416 0.901746 1.20074 0.883766 0.766438 0.567528 0.430856 0.303609 0.366654 0.495235 0.351793
 0.304723 0.629148 0.838897 0.882051 0.660239 0.634296 0.708024 0.542538 0.41831 0.518395 0.593402 0.433745 0.262003 0.250575 0.560684 0.414665 0.583795 0.675538 1.17007 0.936974
 0.298034 0.517897 0.377957 0.375158 0.339179 0.538072 0.585464 0.57839 0.507868 1.4425 1.02957 0.802858 1.24042 1.23984 1.21062 1.0783 0.855041 0.498988 0.688141 0.657772
 0.30254 0.439256 0.682153 0.70457 0.49194 0.462134 0.246006 0.224416 0.384673 0.400612 0.330504 0.335069 0.913096 1.19131 0.953213 0.750716 0.445675 0.280154 0.242108 0.389084
 0.298063 0.414039 0.524266 1.56751 1.41787 0.922378 0.785491 0.490257 0.427325 1.00552 0.899682 0.430936 0.448294 0.35229 0.569346 0.704915 0.685593 0.448452 0.307803 0.383275
 0.293091 0.436391 0.740105 0.610081 0.744954 0.762782 0.830805 1.45955 1.03821 0.605161 0.508503 0.592275 0.582583 0.489587 0.588484 0.374752 0.25513 0.869988 0.875471 0.58485
 0.270293 0.268686 1.01924 0.918469 0.841844 0.70212 1.04716 0.738452 1.07846 0.958 0.56778 0.410218 1.13821 0.899891 0.624479 0.587447 0.427648 0.269033 0.190145 0.243676
 0.308933 0.370473 0.301001 0.284517 0.350161 0.873204 0.83954 0.809395 2.19505 1.59395 1.0888 0.792537 0.986039 0.435042 0.183685 0.320635 0.610361 0.347092 0.46635 0.659689
 0.288085 0.462274 0.623716 0.517195 0.421754 0.326689 0.339649 0.355717 0.789526 0.680485 0.426635 0.521604 0.408274 0.800993 0.760697 0.710535 1.09604 0.998572 0.869214 0.912499
