 17337.5 24562.2 24562.2 25967.2 18462.8 16447.2 14328.1 14328.1 28751.9 28301.8 28301.8 27190 27190 27190 27942.6 24716.9 20416.2 19512.6 17949.6 17704.7
 17337.5 22795.1 24662.9 20201.3 20201.3 20201.3 20201.3 20201.3 24400.5 22569.6 13896.4 14513.3 12073.1 15968 20142.9 20142.9 29044.5 21143.7 17154.9 20517.3
 17337.5 22292.8 27202 26610.7 21173.7 20152.9 15591.3 26127.9 22127.3 22127.3 23442.5 24913.1 26346.8 26346.8 26346.8 28346 18832.3 13429.9 12678 14019.9
 17337.5 21833.4 21833.4 25759.4 17189.8 17189.8 29659 29659 20035.9 20035.9 13640.9 13640.9 27465.4 19448.5 22031.3 20322.7 27527.3 26263.5 20204.3 18361.6
 17337.5 17337.5 17337.5 29061.1 25496.5 25206.8 25206.8 25206.8 25206.8 25206.8 25206.8 28502.5 22466.7 24454 22249.3 24299.8 23183.8 23454.7 22164.4 21955.9
 17337.5 28628.1 27388.2 27388.2 26367.1 26367.1 26367.1 24444.8 24444.8 26667.1 24857.2 23991.4 26025.9 28159.7 26129.2 26159.7 21809.2 19514.1 15411.4 19138.4
 17337.5 29753.4 26383.8 26383.8 26383.8 26383.8 26383.8 29429.6 16472.9 23286.1 29534.4 20491.2 17247.9 19362 18851.9 19551.1 16569.2 14976.4 28842.9 27712.2
 17337.5 17337.5 17337.5 17337.5 17337.5 17337.5 17337.5 17337.5 17337.5 17337.5 17337.5 17337.5 17337.5 17337.5 17337.5 28324.3 28324.3 28324.3 27360.7 27940.9
 17337.5 22344.5 22344.5 22344.5 22344.5 22344.5 22344.5 22344.5 27664.2 17419.2 17255 29404.5 27141.6 22792.2 20216.8 17540.6 25105.8 25105.8 27316.5 23441.5
 17337.5 17337.5 17337.5 17337.5 17337.5 17337.5 17337.5 17337.5 17337.5 17337.5 17337.5 17337.5 17337.5 23213 14274.2 14156.6 12955.9 16108.2 13578.2 24562.1
 17337.5 22199.7 17817.1 17817.1 17817.1 17817.1 17817.1 17817.1 17817.1 17817.1 27898.6 23723.1 22745.7 26526.4 20971.5 20971.5 20971.5 20971.5 28610.7 19374.7
 17337.5 17337.5 17337.5 17337.5 17337.5 17337.5 17337.5 17337.5 17337.5 17337.5 17337.5 27813.9 19310.2 19454.9 19454.9 28252.4 24705.7 25295.1 18711.2 19547.5
 17337.5 17337.5 17337.5 17337.5 17337.5 17337.5 17337.5 17337.5 17337.5 17337.5 17337.5 17337.5 17337.5 17337.5 17337.5 17337.5 17337.5 17337.5 17337.5 17337.5
 17337.5 17337.5 17337.5 17337.5 17337.5 17337.5 17337.5 17337.5 17337.5 17337.5 17337.5 17337.5 17337.5 17337.5 17337.5 24105.1 24537.2 24537.2 24537.2 24306.6
 17337.5 25161.3 17511.8 21124 16554.4 15050.1 21614.5 20516.5 24425.6 24425.6 24425.6 24425.6 24425.6 26546.4 14833.3 18920.6 22390.6 20806.2 24817.6 18209.7
 17337.5 17337.5 17337.5 17337.5 17337.5 17337.5 17337.5 17337.5 24782.1 21864.9 17773.6 17773.6 17773.6 17773.6 17773.6 28213.8 18112.8 19428.9 16363.6 19726.8
 17337.5 25577.1 25577.1 25577.1 25110.9 25110.9 25110.9 25110.9 25110.9 24924 20463.3 28526.7 26033.9 26033.9 26033.9 29249.6 23456.5 19427.9 18961.7 16311
 17337.5 17337.5 17337.5 17337.5 17337.5 17337.5 17337.5 17337.5 17337.5 17337.5 17337.5 17337.5 27826.5 27995.2 28507.9 27671.2 22954.8 20553.8 24463.1 18820.9
 17337.5 22260.3 22260.3 22260.3 22260.3 22260.3 22260.3 22260.3 22260.3 23067.9 24503.5 24503.5 24503.5 24503.5 27280.4 21416.9 18793.6 14153.3 15647.2 18645
 17337.5 17337.5 17337.5 17337.5 17337.5 17337.5 17337.5 17337.5 17337.5 17337.5 17337.5 17337.5 17337.5 17337.5 22454.1 18638.5 14698.5 22376.9 22414.1 25549.1
 17337.5 17337.5 17337.5 17337.5 17337.5 17337.5 17337.5 17337.5 17337.5 17337.5 17337.5 25726.4 25777.3 25777.3 25777.3 24721.7 8125.16 18980.7 15212.7 15143.5
 17337.5 17337.5 17337.5 17337.5 17337.5 17337.5 29451.4 19152.7 20373.1 17581.3 17581.3 17581.3 17581.3 17581.3 23424.9 19890.1 15132.1 22872.6 20620.5 23931.2
 17337.5 22221.2 20118.8 29412.5 29412.5 29412.5 29412.5 29412.5 29412.5 29412.5 23410.2 15564 10938.2 10641.9 13162.3 11637 12441.8 23691.9 23691.9 23691.9
 17337.5 17337.5 17337.5 17337.5 17337.5 17337.5 17337.5 17337.5 17337.5 17337.5 17337.5 17337.5 17337.5 17337.5 29573.3 27273.1 19975.6 21532.5 22433.9 22065.7
 17337.5 24843.4 22343.5 23073 22977.2 29445.2 25299.9 27454 27454 27972.9 19242.9 16231.6 14931.6 15427.5 17565 13728.2 16239 18235 18820.3 21052.8
 17337.5 25903.8 22076.1 19563.7 18772.6 15348.4 22443.4 16801.5 16801.5 16801.5 16801.5 16801.5 24774.4 15988.8 11685.7 15444.5 17652.9 24608.3 24608.3 16966.9
 17337.5 17337.5 17337.5 17337.5 17337.5 17337.5 17337.5 17337.5 17337.5 17337.5 25950.9 25417.1 26755.4 24035.4 20968.5 20968.5 20968.5 20968.5 20402.3 25918.8
 17337.5 21210.5 21210.5 21210.5 21210.5 21210.5 21210.5 19291.9 14130.6 16964.8 12925.6 15675.1 16582.9 24111.1 16429 12214.2 23098.6 23098.6 23098.6 23098.6
 17337.5 17337.5 17337.5 17337.5 25940.2 23256.7 23256.7 28429.4 28429.4 24246 23950.8 23950.8 23950.8 23950.8 24927.5 21910.8 29713.6 26934.6 26934.6 26934.6
 17337.5 25680.7 23037.6 17483 20590 22328.9 20021.3 17601.1 24624.4 24619.7 21545.5 22244.2 25767.3 25767.3 26694.5 21045.8 21045.8 21045.8 21045.8 21045.8
 17337.5 25140.9 24190.8 20970.8 25399.6 27280.2 24349.1 26212.3 29543.4 22764.4 21654.2 29126.6 28469 23426.5 19559.1 20095.9 15663.2 12302.3 19043.8 20394.3
 17337.5 17337.5 17337.5 17337.5 17337.5 17337.5 17337.5 17337.5 10232.9 25911.6 15984.4 21730.4 21730.4 21730.4 21730.4 19166.4 21878.2 15703.9 27789 27789
 17337.5 25715.2 28876 28876 28876 28876 28876 28876 28876 28876 22113.4 20574.6 15352.4 17477.6 22961.6 19044.3 14377.6 13051.5 15021.2 15751.9
 17337.5 17337.5 17337.5 17337.5 17337.5 17337.5 17337.5 17337.5 17337.5 17337.5 17337.5 17337.5 17337.5 17337.5 17337.5 28241.6 28054 28054 28054 28054
 17337.5 17337.5 17337.5 17337.5 17337.5 17337.5 17337.5 17337.5 17337.5 17337.5 17337.5 17337.5 17337.5 17337.5 17337.5 17337.5 17337.5 17337.5 17337.5 17337.5
 17337.5 17337.5 17337.5 17337.5 17337.5 17337.5 17337.5 17337.5 17337.5 23294.2 19128.3 20426.3 19820 21913.2 25505 24135.1 29529.5 28691.2 26516.7 18047.4
 17337.5 17337.5 17337.5 17337.5 17337.5 17337.5 17337.5 17337.5 17337.5 28569 28569 28569 28569 28569 28569 21282.7 19060.4 19060.4 19060.4 28583.9
 17337.5 17337.5 17337.5 27211.8 29966.3 27488.3 12803.2 18257.4 17089.2 27143.7 10188.8 22319.3 19927.7 16637.9 18126.1 23200.8 18934.2 29694.3 18928.2 16762.5
 17337.5 17337.5 27512.1 24795 24795 24795 29058 21869.4 12452.9 17586.3 21605.3 21605.3 21044.6 21044.6 21044.6 26594.8 21373.7 17065.1 17298.9 15471.2
 17337.5 17337.5 17337.5 17337.5 17337.5 17337.5 17337.5 23002.7 23384 23393.7 28603.8 28569.9 24568.4 24613.1 24613.1 24613.1 22846.1 22371.5 22958.5 22958.5
 17337.5 24784 16291 18035.3 18655 15855.2 27644.1 27644.1 27644.1 26282.6 23775.5 16439.3 17674.8 19868.6 29492 24456.3 24591 24447.2 24173.5 26566
 17337.5 25355.6 20806.6 22854.1 22854.1 22854.1 27240.3 21089.1 22023 22003.3 20231.4 20231.4 20231.4 20231.4 24010.4 26121.3 25208.2 17645.5 20085.6 19185.3
 17337.5 17337.5 17337.5 17337.5 24476.3 22045.8 22754 27297 27461 16972 19704.4 19704.4 29818.3 29818.3 29818.3 28751.1 28751.1 28751.1 28751.1 19274.2
 17337.5 17337.5 17337.5 17337.5 17337.5 17337.5 17337.5 17337.5 17337.5 17337.5 17337.5 17337.5 29092.6 27483.8 21483.6 21788.6 12873.5 19266.3 20097.5 28995.9
 17337.5 17337.5 17337.5 17337.5 17337.5 17337.5 17337.5 17337.5 17337.5 17337.5 17337.5 17337.5 17337.5 17337.5 17337.5 17337.5 17337.5 29450.3 24485.7 25036.8
 17337.5 22222.1 17933.2 12674.7 18443.9 22686.7 22686.7 22686.7 22686.7 27648.5 24794.1 24794.1 25518.1 20130.9 21976.8 21976.8 21976.8 21976.8 24093.2 19092.8
 17337.5 17337.5 26922.7 25633.6 27990 29877.7 29877.7 28400.3 20319.4 1715.48 18236.2 19028.6 14190.3 14190.3 26376.9 25464.1 13387.6 10550.8 12930.3 17570.3
 17337.5 24892.1 28334.1 28334.1 28334.1 28334.1 28334.1 17300.5 26479.5 25970.8 7751.79 24059.8 22752.7 19409.4 22212 14471 16317.1 16148.6 21323.6 29235.1
 17337.5 29521.6 29521.6 28494.4 23008 23008 23008 23008 23008 23968.2 23968.2 23968.2 23968.2 23968.2 20028.3 23446.7 23589.6 21528.5 16896.7 13429
 17337.5 29463.6 29840.4 29840.4 29840.4 29840.4 29840.4 29840.4 29840.4 29840.4 25031.9 19303.7 13450.6 13499.3 8699.28 10389.9 25108 24957.2 24957.2 24957.2
 17337.5 24530.7 26720.5 26720.5 26720.5 26720.5 26720.5 22675.5 22675.5 22675.5 22675.5 25492.2 21766.7 15193.4 15193.4 27693.7 19259.8 16435.4 14169.1 15675.5
 17337.5 17337.5 17337.5 17337.5 17337.5 17337.5 17337.5 17337.5 17337.5 17337.5 17337.5 17337.5 17337.5 28645.5 20196.4 19531.1 18156.8 20071.7 21386.7 15273
 17337.5 25557.1 21532.5 14258.7 27544.8 27544.8 24980.5 27596.9 23125 22071.3 19562 21918 15153.6 18775.6 27476.9 28036.1 28617.8 29406 19295.4 16032.9
 17337.5 17337.5 17337.5 17337.5 17337.5 17337.5 24132.2 22657.6 20635.9 21084.4 20737.1 28367.9 20874.4 28895.2 22827.5 12397.2 27640.1 26019.5 28228.7 24407.4
 17337.5 26143.3 23135.5 27006.8 27006.8 29966.5 23955.3 21651.3 21907.8 20880.9 25062.9 19329.4 18823.7 19053.4 17721.5 17721.5 17721.5 12161.1 26786.5 17415.2
 17337.5 29744.4 29349.1 29349.1 29349.1 29349.1 24142 15371.7 17368.1 14069.6 20361 16898.1 16898.1 16898.1 16898.1 24663.9 28503 23274.9 19707.2 15820.1
 17337.5 25680.9 24294.7 24294.7 24294.7 23939.9 24486 24486 24486 24486 24486 29902.7 21830.6 20907.8 20604.4 21455 18840.4 15420.2 19010.8 15948.8
 17337.5 25352.1 17542.5 22239.1 26051.3 26051.3 26051.3 25867.4 20517.8 25308.7 26095.4 29338.2 25965.9 25471.5 21105.6 21872.9 27404 29829 20684 24927.4
 17337.5 17337.5 17337.5 17337.5 1592.5 28524.4 23719.5 22489.7 22648.3 22648.3 22648.3 24338.6 23183.4 23183.4 23183.4 23183.4 20022.6 13709.4 16000.6 17576
 17337.5 17337.5 17337.5 17337.5 17337.5 17337.5 17337.5 27644.1 15935.6 15935.6 15935.6 15935.6 15935.6 15935.6 28807.1 19264.6 15620.1 22097.2 22097.2 22097.2
 17337.5 26067.4 28622.8 19661.6 21195 21195 21195 21195 21195 21570.6 13825.1 16157.7 20096.3 21022.5 16924.9 15015.7 19203.5 21511.9 24610.8 18763.2
 17337.5 25459 19180.5 11437.7 7150.52 11743.8 25902.7 22228.7 21041.3 23182.5 20310.7 21579 18800.7 19340 16822.1 21530.6 20333.3 21682.4 17982.5 16698.4
 17337.5 17337.5 17337.5 28039.8 20666.3 12096.9 24185.7 17151.5 17151.5 17151.5 17151.5 25266.7 13396.6 16909.3 20169 23293.4 23293.4 27237.2 23938 18251.3
 17337.5 28983.1 21059.1 13509.3 12986.9 18744.9 20298.5 23886.6 22298.3 23051.4 23762.6 21778.6 29859.7 29859.7 27910.5 27910.5 18273 22723.3 24734.9 21537
 17337.5 17337.5 17337.5 17337.5 17337.5 17337.5 17337.5 25605.5 16869.4 12846.8 13219.1 17592.4 28042.3 19474.6 20475.1 18642.3 29263.3 29759.2 22971.8 20938.4
 17337.5 23076.9 23076.9 23076.9 23076.9 23076.9 23076.9 29835.3 29835.3 29835.3 29835.3 25839.4 11184.3 11184.3 27959.2 16623.7 19763.9 26612.6 26612.6 26308.6
 17337.5 17337.5 17337.5 17337.5 17337.5 29688.6 19751 17229.3 22236.1 20765.9 19428.5 12752.2 11451.9 14376 20989.7 20989.7 20989.7 20989.7 29315.4 29315.4
 17337.5 24156 16539.5 17918.4 26140 26140 26140 26140 29999.8 15946.9 15946.9 15946.9 15946.9 29287.2 18725.7 21727.9 19122.7 27844.7 27844.7 23424.3
 17337.5 27556.8 26753.6 22502.7 17230.4 15408.6 13352.1 16205 13468.3 9222.56 11178.5 10232.7 9484.42 14314.9 18087 26239.8 23052.1 12551.3 24037.8 19200.9
 17337.5 27804.2 29801.8 27851.8 29519.6 19878.5 19878.5 19878.5 19878.5 19878.5 19878.5 19878.5 19878.5 29498 29498 29498 29498 28550.5 26352.6 22283.6
 17337.5 17337.5 17337.5 17337.5 17337.5 28555.9 28555.9 28555.9 28555.9 28555.9 27752 27752 27752 26580.3 25540.3 22026.8 18319.3 24082.1 21845.4 20979.3
 17337.5 17337.5 17337.5 17337.5 17337.5 17337.5 17337.5 17337.5 17337.5 17337.5 17337.5 17337.5 17337.5 17337.5 17337.5 17337.5 17337.5 29540 16755.9 16599.8
 17337.5 17337.5 17337.5 17337.5 17337.5 17337.5 17337.5 17337.5 17337.5 28364.1 28364.1 28364.1 28364.1 29615.7 19789.1 20730.4 26097.8 26916.5 26916.5 25505.5
 17337.5 17337.5 17337.5 17337.5 17337.5 17337.5 17337.5 17337.5 17337.5 17337.5 17337.5 27115.2 27115.2 27115.2 27115.2 16033.1 22293 22293 27489.6 22815.2
 17337.5 25947.9 25947.9 23805.9 26264.8 26264.8 26264.8 26264.8 27715 22639.1 15545.2 15545.2 15545.2 15545.2 15545.2 15545.2 22663 24305.7 12101.6 28500.2
 17337.5 17337.5 17337.5 17337.5 23979.7 19714.1 20136.6 19599.3 19599.3 29513.7 26438.2 22809.4 18836.7 29080.7 26548.6 23374.3 21943.3 21826.3 21180.4 21180.4
 17337.5 27089.8 20175.7 17645.8 21278 21278 21278 21278 21278 21278 26524.5 26700.6 28301 24940.3 24940.3 24940.3 24940.3 25362 19810.7 18079.1
 17337.5 17337.5 17337.5 17337.5 17337.5 17337.5 17337.5 17337.5 17337.5 17337.5 17337.5 17337.5 17337.5 3384.87 3384.87 3384.87 3384.87 3384.87 3384.87 3384.87
 17337.5 25934.1 25934.1 25934.1 25934.1 25934.1 25934.1 25934.1 24470 24470 24470 24470 26891.7 22787.9 19965.2 20278.5 29950.9 23758.9 25734.9 26362.9
 17337.5 17337.5 29124.2 26308.9 20415.9 19164.3 21781.3 22486.3 6670.84 25359.7 19485.3 8732.71 22468.2 20683 13866.1 19884.5 20800.3 23338.1 22407.9 24570.7
 17337.5 17337.5 17337.5 17337.5 17337.5 17337.5 17337.5 17337.5 17337.5 17337.5 17337.5 17337.5 17337.5 24135.4 25005.9 19048.1 26844.8 25915.4 27323.3 23270.5
 17337.5 28635.1 28635.1 28635.1 28635.1 28635.1 28635.1 28635.1 28635.1 29636 29636 27334.4 24340 24138.2 24056.1 19812.8 19812.8 19812.8 19812.8 19812.8
 17337.5 17337.5 17337.5 17337.5 17337.5 17337.5 17337.5 17337.5 17337.5 23087.7 17316.9 16704.2 16704.2 16704.2 16704.2 26121.3 21945.1 18821.7 22203 25074.1
 17337.5 17337.5 17337.5 17337.5 17337.5 17337.5 17337.5 17337.5 17337.5 17337.5 17337.5 17337.5 23058.7 15564.3 18549 18549 18549 18549 19790.6 27480.4
 17337.5 17337.5 17337.5 17337.5 17337.5 25600.5 19010.7 20790.6 17909.8 19612 19911.5 18928.2 18409.3 25738.3 28023.6 28023.6 9732.53 24617.8 23294.8 26752.3
 17337.5 17337.5 17337.5 17337.5 17337.5 17337.5 17337.5 17337.5 17337.5 17337.5 26258.5 22017.5 22017.5 22017.5 29582.6 22605 17415.7 18854.6 19268.2 19268.2
 17337.5 17337.5 17337.5 17337.5 17337.5 17337.5 17337.5 17337.5 17337.5 17337.5 17337.5 17337.5 29158.3 25090.3 25090.3 25090.3 25090.3 25090.3 27211.8 25756.4
 17337.5 17337.5 17337.5 17337.5 17337.5 17337.5 17337.5 17337.5 17337.5 17337.5 29310.2 18020.6 17035.2 21087.9 24624 24189.7 20180.8 18580 17769 25362.1
 17337.5 22754.4 19612.4 20502.5 20502.5 20502.5 20502.5 20502.5 20502.5 20502.5 20502.5 20502.5 17871.7 14853.9 28618.5 28618.5 28618.5 28618.5 28618.5 28618.5
 17337.5 17337.5 17337.5 17337.5 17337.5 17337.5 17337.5 17337.5 17337.5 16506.7 16506.7 16506.7 29760.7 26581.8 28920.5 28920.5 28920.5 28920.5 28685 17165.8
 17337.5 21287.3 18059.7 15778.6 12224.6 13270.2 13027.7 19686.7 19686.7 19686.7 29224.3 15161 23857.5 28867.5 28867.5 24016 22743.7 20603.5 23115.4 18886.7
 17337.5 17337.5 17337.5 17337.5 17337.5 17337.5 17337.5 17337.5 17337.5 17337.5 17337.5 17337.5 17337.5 25806.8 18402.6 21019.5 22062.3 19847.4 27353.2 23495.9
 17337.5 24599.3 22030 22030 25190.1 25190.1 25190.1 25190.1 25190.1 21568.1 22969.9 29483.9 25086.4 23114.3 23114.3 28320.6 28320.6 25985.2 16783.1 14465.7
 17337.5 29806.7 27933.2 27933.2 27933.2 27933.2 27933.2 17002.1 27545.1 27545.1 27545.1 10661.9 9853.24 9853.24 9853.24 9853.24 9853.24 28942.8 26107.5 21273.7
 17337.5 17337.5 17337.5 25344.1 15935.1 17592 19539.1 20821.4 18178.7 22825.8 22825.8 22825.8 22825.8 22825.8 24465.5 19833.6 19525.7 26819 25959.4 29683.5
 17337.5 27262.8 28887.5 28887.5 28887.5 28987.5 26229.1 26229.1 26229.1 26229.1 24347.2 16877.3 24874.4 25969.3 21486 18685.8 18159.6 24333.6 22437.3 19836
 17337.5 24099.1 24099.1 24099.1 24099.1 22759.9 22759.9 22759.9 22759.9 22759.9 26953.1 26803.5 29889.1 27115.4 21503.4 26374.1 27745.9 23206.6 20497.2 19908.1
 17337.5 17337.5 17337.5 17337.5 17337.5 17337.5 17337.5 17337.5 25690.5 19953.8 20887 20613.7 20613.7 22228.4 9032.77 23121.4 25062.3 17438.1 11446 16986.6
 17337.5 21353.5 21353.5 21353.5 21353.5 21353.5 21353.5 29289.4 28673.9 28673.9 28673.9 28673.9 21856.5 21856.5 21856.5 29089.4 22503.4 18717.9 18717.9 18717.9
 17337.5 17337.5 17337.5 17337.5 17337.5 17337.5 17337.5 17337.5 17337.5 17337.5 17337.5 17337.5 17337.5 17337.5 17337.5 17337.5 29136.3 28322.5 20896 25131.5
 17337.5 17337.5 17337.5 2188.28 2188.28 2188.28 2188.28 2188.28 2188.28 2188.28 2188.28 2188.28 2188.28 5985.37 5985.37 5985.37 5985.37 5985.37 5985.37 5985.37
 17337.5 17337.5 17337.5 17337.5 26331.1 23229.8 23229.8 23229.8 25575.2 25575.2 23839.6 20904.1 21802.4 24687.1 23739.8 23739.8 28313.4 21813.6 23006.5 18865.9
 17337.5 17337.5 17337.5 17337.5 17337.5 17337.5 17337.5 17337.5 17337.5 17337.5 29256.4 22521.1 25714.6 25714.6 25714.6 25984.4 20451.7 20451.7 20451.7 29400.6
 17337.5 28836 24560.2 25894.4 29813.6 29813.6 29813.6 24562.6 24562.6 24562.6 24562.6 24562.6 25682.2 25682.2 12744.4 12744.4 12744.4 12744.4 12744.4 1367.84
 17337.5 17337.5 17337.5 17337.5 17337.5 17337.5 17337.5 17337.5 29722.1 16277.7 12823.2 14256.8 17196.1 19053.8 26275.6 18233.1 18882 16558.5 18652.2 21910.4
 17337.5 17337.5 17337.5 17337.5 17337.5 17337.5 17337.5 1970.95 1970.95 1970.95 1970.95 1970.95 1970.95 1970.95 1970.95 1970.95 1970.95 15105.3 28745.7 27523
 17337.5 21297.9 22762.9 22003.4 6134.32 20645.8 15274.1 15274.1 15274.1 15274.1 15274.1 27674.7 20278.6 20278.6 20278.6 26835.8 18546.4 22160.6 14256.5 16445.6
 17337.5 17337.5 28926.4 24272.1 24228 23501.2 22810.8 21603.6 16138.9 21475.2 21542.3 20838.2 20838.2 20838.2 28736.5 22987.4 22369 26433 25811.2 20702
 17337.5 17337.5 17337.5 17337.5 17337.5 25926.1 20310.4 20310.4 20310.4 20310.4 29726.1 18142.5 17165.2 19109.1 20304.3 18738.6 23783.3 23783.3 29878.8 23816.7
 17337.5 17337.5 17337.5 17337.5 17337.5 17337.5 17337.5 29843.7 21910.9 17315.6 26571.6 26571.6 26571.6 29824.1 24762.2 28078.8 28078.8 28212.9 21428.3 18470
 17337.5 22441.4 14234.6 6954.66 6228.31 6133.09 4793.47 8103.49 10621 9926.64 9267.46 12062.3 12271.7 16655.2 16387.6 19238 17909.6 22433.6 22353.2 22238.2
 17337.5 17337.5 17337.5 17337.5 17337.5 17337.5 17337.5 17337.5 27333.4 27602.7 24923.5 28428.4 28414.7 13844.2 29449.9 20477.2 24009 21730.9 19555.1 23818.5
 17337.5 25712.8 20933.6 16144.8 26697.6 22210.8 21823.8 21488.5 23979.6 21967.6 25445.1 28736.2 28736.2 28736.2 28736.2 28736.2 22347.2 11785.3 10907 4000.11
 17337.5 17337.5 17337.5 17337.5 17337.5 17337.5 17337.5 17337.5 17337.5 17337.5 17337.5 17337.5 17337.5 23979.6 13960.5 11891 11727.8 12680.2 13471.9 19340.5
 17337.5 17337.5 17337.5 17337.5 17337.5 17337.5 28663.8 28663.8 28663.8 28663.8 28663.8 28663.8 24516.2 15840.2 16348.9 21947.3 22519.6 22519.6 29393.6 22121.3
 17337.5 17337.5 17337.5 17337.5 17337.5 17337.5 17337.5 17337.5 17337.5 17337.5 17337.5 24470.4 21437.8 25664.3 23815.7 20605.3 14272.9 16378.6 20028.3 23724.2
 17337.5 21484.2 23043.2 17994.8 21186.1 29783.5 29884.6 26467.4 26088.4 25940.7 20449.5 17732.6 27303.2 25287 25287 25287 25287 28758.5 21792.1 14510.6
 17337.5 29878.2 29856.3 29856.3 28240 15561.2 15561.2 15561.2 15561.2 15561.2 15561.2 15561.2 15561.2 15561.2 15561.2 29122 20272.7 19894 20367.1 18700.3
 17337.5 17337.5 17337.5 17337.5 17337.5 17337.5 17337.5 17337.5 29788.5 29788.5 29788.5 28197 17996.5 27164 22644.6 22644.6 22644.6 22644.6 27511.9 26076.1
 17337.5 17337.5 17337.5 17337.5 17337.5 17337.5 17337.5 17337.5 17337.5 17337.5 17337.5 17337.5 17337.5 17337.5 29800.1 29800.1 23851.3 23851.3 23851.3 23851.3
 17337.5 27582.1 21815.8 20711.6 20711.6 20711.6 20711.6 20711.6 20711.6 25968.2 25968.2 25968.2 25968.2 25968.2 25968.2 22864.4 26943.7 26943.7 26943.7 25881.3
 17337.5 17337.5 17337.5 17337.5 17337.5 17337.5 17337.5 27459.3 25911.2 22983.3 20912.4 1612.83 16313.8 9245.32 9245.32 9245.32 9245.32 9245.32 27110.4 23099.2
 17337.5 3420.57 3420.57 3420.57 3420.57 3420.57 3420.57 3420.57 16871.1 16871.1 16871.1 16871.1 25650.5 24944.5 24944.5 25722.9 27680.6 25253.8 25253.8 25253.8
 17337.5 17337.5 17337.5 17337.5 17337.5 17337.5 17337.5 29489.4 29489.4 29489.4 25612.3 19120.1 28273.1 28273.1 28273.1 28273.1 21128.4 19428.2 25973.9 25973.9
 17337.5 27905.4 27905.4 27905.4 27905.4 27905.4 27905.4 27905.4 19520.5 19520.5 26220.3 28246.4 28246.4 28246.4 28246.4 28246.4 25292.4 19595.4 21120.3 18432.2
 17337.5 17337.5 23566.2 17547 12957.4 16831.9 23018.6 21370.1 21370.1 21370.1 21370.1 21069.4 13413 10787.6 10878.6 15952.6 19005 21158 28763.6 28763.6
 17337.5 27761.4 27761.4 27761.4 27761.4 14335.7 14165.8 14395.6 20359 20359 20359 20359 20359 20359 20359 21366.8 27310.6 27310.6 27310.6 20451.2
 17337.5 17337.5 27478.3 21664.6 18258.4 17724.9 29791.7 25900 25900 22953 18345 11944.7 10946.5 11810.5 11831.9 11381.9 14821.3 15433.2 13813.9 13813.9
 17337.5 25632.2 18915 25082.6 26158.4 26158.4 26158.4 26158.4 25038.6 23848.3 28023.8 6636.16 6636.16 28241.8 16574.9 16070 14962.6 18413.4 20728.3 2204.39
 17337.5 20331.7 18806.5 9960.16 14094.3 11874.5 13470.9 10263.7 16790.1 19346.1 25923 22755.7 22853.4 22853.4 26262.5 21258.3 15132.3 16679.4 14943.5 19828.9
 17337.5 23061.7 23061.7 23061.7 23061.7 22660.3 23925 19901.6 19107.8 22284.2 18857.2 26329.1 26329.1 26329.1 26329.1 26329.1 19928.1 16145.9 17018.8 14668.9
 17337.5 28577.6 28577.6 28577.6 28577.6 28577.6 26616.9 23874.4 21677.1 16593 22890.1 28071.9 24357.6 14719.6 12657 9065.44 7903.6 9675.41 14416.6 17295.1
 17337.5 17337.5 17337.5 17337.5 17337.5 17337.5 17337.5 19357.1 16741.9 25789.2 18567.2 22257.9 21432 22877 22142.9 18661.9 18661.9 27283.6 25887 21787
 17337.5 24492.2 29999.3 20200.3 20200.3 20200.3 20200.3 20200.3 23742 10684.7 14233.6 21870.7 25035.8 25035.8 25170.1 20524.7 20524.7 20524.7 24629.6 16074.9
 17337.5 17337.5 25561.3 24513.6 23868.1 23868.1 23868.1 23868.1 25326 16602.6 15713.2 15713.2 15713.2 15713.2 15713.2 22820.3 21546.8 21546.8 21546.8 21546.8
 17337.5 27308.7 21329.8 21329.8 21329.8 21329.8 21329.8 15421.1 21513.7 20567.9 21051.6 24922.8 24922.8 24922.8 26289.3 28074.9 23925.9 24793.4 19980.7 22403.7
 17337.5 17337.5 17337.5 17337.5 17337.5 17337.5 17337.5 17337.5 17337.5 17337.5 17337.5 17337.5 17337.5 17337.5 17337.5 25861.6 24791.2 24791.2 24791.2 24791.2
 17337.5 17337.5 17337.5 17337.5 17337.5 26474.6 18053.6 13841.1 24836.9 24836.9 24836.9 26771.4 24447.8 27155.1 27155.1 27155.1 27155.1 28925.2 24554.4 18622.6
 17337.5 17337.5 17337.5 17337.5 17337.5 17337.5 17337.5 17337.5 17337.5 29701.1 29701.1 29636.3 27650.6 21721.5 24540 21006.6 21006.6 21006.6 21006.6 27022.1
 17337.5 27447.2 26396.5 26396.5 26396.5 26396.5 26396.5 26396.5 26396.5 26396.5 15294.9 15294.9 15294.9 15294.9 27721.4 24539.1 24588.3 24588.3 22100.5 14662.9
 17337.5 27916 27916 25388.1 28474.2 26370.8 26370.8 26370.8 26370.8 22027.7 17208.1 19465.8 14360.5 24083.7 21550.3 19423.3 16362.7 17286.4 18625.4 27314.5
 17337.5 26791.2 27581.2 17676.8 14076.1 17982.2 17982.2 17982.2 17982.2 17982.2 26995.3 19348.6 17916.1 12923.9 11487.8 12241.4 12044.2 12059.6 13514.1 14313.7
 17337.5 17337.5 17337.5 17337.5 29658 29658 29658 29658 25983.3 2182.99 27874.1 24128.9 23189.4 11822 15461 23212.4 23212.4 23212.4 23212.4 20795
 17337.5 17337.5 17337.5 17337.5 17337.5 17337.5 17337.5 17337.5 17337.5 22046.4 17716 14471.6 26010.5 22613.4 25364.7 18047.1 11458.1 14517.4 15856.9 20232.2
 17337.5 17337.5 28606.3 24698.5 14753.8 25438.3 25438.3 25438.3 25931.7 17977.3 17977.3 17977.3 17977.3 19809.7 24281.7 18813.5 14291.1 18422.5 20783.4 20195.8
 17337.5 26725.2 19371.3 20150 21657.5 21859.1 23422.9 18661.6 22080.7 21532.4 25432.9 23087.4 23087.4 23087.4 24666.8 24183.6 24183.6 24183.6 24183.6 24183.6
 17337.5 17337.5 28792.3 28792.3 29545 29545 29545 29979.2 25992.8 16781.7 22103.5 29065.3 22946.7 21023.7 23509.6 26094.9 24286.6 24286.6 28653.2 25260.2
 17337.5 17337.5 17337.5 17337.5 17337.5 17337.5 26207.9 20460.1 16358.2 19988.7 19988.7 19988.7 19988.7 14216.9 14216.9 26526.5 25583.7 19558.1 19558.1 19558.1
 17337.5 17337.5 17337.5 17337.5 17337.5 17337.5 17337.5 17337.5 17337.5 29257.9 21448.7 21448.7 21448.7 26830.4 17044.5 10958.7 12306.5 14890.2 26780.5 29751.2
 17337.5 17337.5 17337.5 17337.5 17337.5 17337.5 17337.5 25458 18858 14247 11889.8 16437.6 14030.8 11448.9 14205.8 15164.2 13324.3 23704.4 28190.7 25809.3
 17337.5 24851.1 24851.1 24851.1 24851.1 24851.1 24851.1 23871.6 16164.8 8937.17 9991.92 13956.8 11071.1 13194 13348.8 16861.5 17720.6 16470.6 20919.2 25127
 17337.5 17337.5 17337.5 26440.1 22516.8 18349.4 20482.5 14543.6 24180.9 17865.8 16558.4 25959.5 24063 20556.2 17578.6 25007 29773.8 27897.8 21458 17296.6
 17337.5 21355.3 18804.4 22846.4 22846.4 22846.4 22846.4 22846.4 22846.4 22846.4 22846.4 22846.4 27610.1 27610.1 27610.1 27751.8 17717.4 28250.9 19122.3 20701.3
 17337.5 17337.5 17337.5 17337.5 17337.5 17337.5 17337.5 29966.9 20260.8 18682.7 18682.7 18682.7 27944.2 12492.5 12076.1 14427 17423.5 17093.6 19658.9 21534.4
 17337.5 17337.5 17337.5 17337.5 17337.5 17337.5 22742 16901.3 16901.3 28298.8 22103.5 20272 19595.8 14601.1 16931.4 24742.6 24742.6 28200.2 21160.7 23573.9
 17337.5 23558.9 25296.6 14518.9 15016.1 10427.1 17935.7 21987 16258.5 14758.9 17478.3 16633.1 15082.9 22587 22587 22587 27361 22534.2 19935.5 18588.5
 17337.5 17337.5 17337.5 17337.5 17337.5 17337.5 23404.6 13006.5 11780.2 13626 8091.72 17223.5 17004.9 25216.7 29956.8 23545.3 27000.2 19243.8 15147.4 18330.6
 17337.5 23274.3 13384.1 14569.5 21628.5 23768.3 28352.6 17356.9 16009.2 16347.7 21701.4 20775.7 25423.7 25423.7 25423.7 22022.5 29474.5 21070.7 21070.7 21070.7
 17337.5 17337.5 17337.5 17337.5 17337.5 17337.5 28152 29946 28997.9 21262.9 26958.3 26958.3 27110.6 29065.4 27881.4 27881.4 27881.4 20822 23921.6 20841.4
 17337.5 26110.8 22110.1 22110.1 22110.1 22110.1 22110.1 22110.1 26658.5 24385.4 25825.6 29972.9 29972.9 29972.9 19985.6 16846 22063.8 23343.5 28228.4 24676.8
 17337.5 17337.5 17337.5 17337.5 17337.5 17337.5 17337.5 17337.5 17337.5 17337.5 17337.5 17337.5 26674.9 26674.9 26674.9 26674.9 28560.8 27337.5 21564.7 22175
 17337.5 24237.9 24237.9 24237.9 24237.9 24237.9 24237.9 28992.9 18538.3 20255.5 15928.3 22840.3 27081.4 26434.6 22317.1 22443.8 22443.8 22443.8 22443.8 24249.6
 17337.5 26002 20574.2 17266.3 15627.2 25247.1 28417.5 27084 20189.5 15846.6 23233.3 27829.2 24444.2 24444.2 29976.2 28056.9 23630 28311.7 19422.8 20640.6
 17337.5 17337.5 17337.5 17337.5 17337.5 17337.5 17337.5 17337.5 24515.7 11630.2 13333 10874.1 16807 15786.8 15786.8 15786.8 15786.8 25051 17995.6 15482.2
 17337.5 17337.5 17337.5 17337.5 17337.5 17337.5 17337.5 17337.5 17337.5 29632.8 20931.4 18569.8 26851.8 26851.8 26851.8 26851.8 26851.8 21186.5 12933.8 11119.3
 17337.5 17337.5 17337.5 17337.5 17337.5 13557.4 13557.4 13557.4 13557.4 13557.4 13557.4 13557.4 13557.4 13557.4 13557.4 13557.4 25633.5 21882.2 16455.8 20407.1
 17337.5 20716.2 29234.6 26920.5 26920.5 26920.5 26920.5 26920.5 26920.5 27047.4 21210.7 28990.3 26091.9 25792.7 26269.9 27676.6 27255.2 19326.8 20250.3 21080.3
 17337.5 17337.5 17337.5 17337.5 17337.5 17337.5 17337.5 17337.5 29022.8 22108.3 22108.3 22108.3 22108.3 19837.5 15924.3 17435.9 22522.4 19630 21426 20489.1
 17337.5 24662.6 28281.3 17742.6 19722.2 26209 26209 26209 26209 24442.2 14823.2 9760.2 14378.3 16639.8 14774.5 22519.6 19440 24615.1 22786.2 16935.1
 17337.5 17337.5 17337.5 17337.5 17337.5 17337.5 17337.5 17337.5 17337.5 17337.5 17337.5 21775.8 23581.6 27884.5 18644.2 18817.5 15048.2 15048.2 15048.2 15048.2
 17337.5 22937.4 27377.1 21707.5 20980.1 20980.1 20980.1 20980.1 20980.1 20980.1 20980.1 20980.1 20980.1 28878.1 26193.6 19890.3 18800.3 28233.4 29772.3 29772.3
 17337.5 28351.7 28351.7 28351.7 29611.5 13105.4 21985 27455.7 23250.9 18398.6 17762.1 22824.7 22479.4 17405.4 17405.4 17405.4 17405.4 26498.2 29737 27069.8
 17337.5 17337.5 17337.5 27452 17343 14342.5 11677 12183 14106.2 18151.9 17755.7 15581.2 15581.2 15581.2 15581.2 15581.2 15581.2 26009.5 18806 20651.7
 17337.5 17337.5 17337.5 17337.5 17337.5 17337.5 17337.5 17337.5 17337.5 17337.5 17337.5 17337.5 17337.5 25327.3 23008.3 24248.2 19776.5 18819.2 27465.7 25633.2
 17337.5 26335.6 26335.6 26335.6 26335.6 26335.6 26335.6 27428.7 25127.9 24916.3 24551 14712.9 20611.4 20374.5 22312.5 26553.6 26553.6 28886.6 28349.9 23298.8
 17337.5 23779.9 25284.2 26886.9 26886.9 26886.9 28544.9 23320.7 20972.3 17557.5 23476.3 29342.5 29342.5 29342.5 21108.7 15736.8 19611.5 20746 27242.8 28300.2
 17337.5 26508 16023.6 9357.52 6292.06 9608.23 14318.8 12970.7 15902.7 14997.2 15169.7 20124.8 14476.1 20273.3 19879.8 29722.3 29722.3 22346 19401.3 21036
 17337.5 28950.4 28950.4 28950.4 17940.1 24154.7 29417.5 24976.5 21034.5 16374.6 13806.1 17978 14994.6 18791.3 23155.5 21797 22831.5 20927.5 16659.5 21325.7
 17337.5 17337.5 17337.5 17337.5 17337.5 17337.5 17337.5 17337.5 17337.5 17337.5 17337.5 17337.5 17337.5 25444.2 27237.7 27237.7 25268.1 26053.4 27057.9 29294.6
 17337.5 17337.5 17337.5 17337.5 17337.5 17337.5 17337.5 17337.5 17337.5 17337.5 17337.5 17337.5 24726.7 29318.9 20177.3 16596.5 14036.2 19902.9 27355.6 27355.6
 17337.5 23211.1 23211.1 23211.1 23211.1 23211.1 20585.4 17136.4 17827.9 16641.7 11581.9 20723.9 22037.1 24579.6 24579.6 24579.6 23474.1 16748.4 12459.3 12881.6
 17337.5 22766.1 22766.1 22766.1 22766.1 22766.1 22766.1 22766.1 22766.1 22766.1 22766.1 18471.3 19294.8 13145.2 12888 10334.5 10002.9 1100.71 27649.8 20962.4
 17337.5 17337.5 17337.5 17337.5 17337.5 17337.5 17337.5 25319 14195.7 20590.7 20524.9 24191.9 19776.1 26217.1 22445.2 19263.5 17413.2 17196.5 25047.5 25047.5
 17337.5 25300 25300 24946.6 24946.6 24303 29936.9 20500.6 22956.9 22956.9 22956.9 22956.9 23772.2 19817.9 24554.2 24554.2 25873.3 16470.9 12795.7 12918.8
 17337.5 17337.5 17337.5 17337.5 17337.5 17337.5 17337.5 17337.5 17337.5 29702.3 25884.2 27301 29379.5 21725.6 18156.6 12673.1 22234.7 22949.9 16376.9 14244.5
 17337.5 17979.3 19171.2 12790 13297.5 14177.8 20290.6 19816.4 20236.9 25151.7 20932.7 21161.4 21436.6 21768.7 21768.7 21768.7 22730 22336.8 26676.4 27033.8
 17337.5 20977.2 16567.5 26984.9 29896.7 19253.3 19253.3 19253.3 19253.3 19253.3 22137.9 18901 9063.52 13138 12565.5 17008.8 21788 21788 21788 24381.4
 17337.5 17337.5 25288.6 18646.6 8541.81 16593.3 21417.4 16519 16508.2 24955.4 24955.4 22284.7 23228.1 17602.6 20375.2 15851 12682.8 17331.9 19445.1 18456.4
 17337.5 19454.6 16880.7 18696.7 18935.8 12930 21222.3 22435.2 2639.3 27581.7 25535.1 26365 17233.1 24996.7 19307.9 19170.7 15531.8 18327.9 19499.1 28760.2
 17337.5 24085.2 24085.2 24085.2 24085.2 26565.6 7319.47 9666.12 11473.8 8951.72 13910.4 13313.1 19655.7 17721.6 14273.9 13834.9 11116.6 19717.4 22330.6 20491.6
 17337.5 18069.9 11833.7 28807.2 26125.6 26125.6 26125.6 26125.6 26125.6 26125.6 24721.5 23733.2 23733.2 23733.2 26434.7 19668.1 12554.2 9527.9 8987.6 12146.2
 17337.5 25478.9 25478.9 25478.9 25478.9 25478.9 25478.9 25478.9 25478.9 25478.9 25478.9 25478.9 25478.9 18502 11777.3 12132.8 13242.8 29731.2 29731.2 29731.2
 17337.5 24705.8 24705.8 24705.8 29011 29011 25878.6 23154.5 25985.4 25985.4 25985.4 25985.4 25736.7 24858.8 20875.4 23930.3 18844.4 18582.1 18582.1 18582.1
 17337.5 23388.5 6924.55 6465.18 16650.3 16650.3 16650.3 16650.3 16650.3 16650.3 16650.3 16650.3 16650.3 16650.3 16650.3 16650.3 16650.3 16650.3 16650.3 16650.3
 17337.5 25747.4 7159.61 11067.7 11067.7 11067.7 11067.7 11067.7 11067.7 11067.7 11067.7 11067.7 11067.7 11067.7 137.063 137.063 137.063 137.063 137.063 137.063
 17337.5 17337.5 17337.5 17337.5 17337.5 17337.5 17337.5 17337.5 17337.5 17337.5 17337.5 21416.7 21416.7 21416.7 21416.7 24962.4 15089.3 12517.7 15929.5 15476.9
 17337.5 28638.3 28638.3 28638.3 28638.3 28638.3 28638.3 7310.23 9849.83 9849.83 9849.83 9849.83 9849.83 9849.83 9849.83 9849.83 9849.83 9849.83 9849.83 9849.83
 17337.5 23982.1 17697.6 16473.9 23803.2 23803.2 23803.2 25163.5 16207.3 17849.4 21051 21051 29207.2 27367.1 19890.2 12783.7 17218.6 15422.2 17977 18802.9
 17337.5 17337.5 17337.5 28582.2 22335.8 14685.6 8039.14 12802.9 11484.4 11328.4 20432.1 19819.8 26544.3 26544.3 28511.8 19579.6 27785.4 29029.3 29029.3 29029.3
 17337.5 17337.5 17337.5 17337.5 17337.5 17337.5 17337.5 27084.5 20423.6 18240.4 21203.1 16409.1 12017 14150.2 21707.3 16264.9 22298.9 20077.9 22165.7 19972.1
