 116909 154125 136330 100666 71819.2 59149.8 117253 136697 146220 156979 138867 154431 155836 136416 118952 93197.7 81057.4 73603.3 71235.7 96499
 110432 118097 101230 136503 191512 174852 170229 119610 103663 66533.9 51567.8 43681.3 54115.1 77443.2 147327 145279 112879 73901.3 83338 105062
 105423 127636 136710 111761 91623.6 71640.3 102564 112586 133816 114697 111727 121058 159652 159125 142110 93530.1 52479.9 38882.7 45666.6 50630.4
 104781 169219 130906 89752.7 126193 141517 152364 107875 135163 97705.6 157341 124340 99435.3 90388 90835.3 113803 129549 104146 77639.6 78709.3
 137708 159576 138400 130496 120215 151605 155510 184098 160217 141449 134402 116687 106144 103220 103167 109128 108236 96792 94044.9 78634.7
 132385 151247 153153 133931 156064 160167 125756 154723 139165 123644 112603 117503 129753 131914 124185 101357 95970.7 63936.2 71793.2 72284.6
 138145 138804 245610 285750 244241 180925 143770 90004.3 90359.6 135248 115703 76798 76293.7 82013.7 82011.5 70844.1 57263.3 107995 150348 93758
 161988 167288 166902 166001 178229 180395 171140 181807 212873 191491 190252 147774 197351 185201 150929 153653 149817 137027 138285 147603
 110927 147495 171355 290632 361148 292848 182889 134280 87231.6 69568.4 117296 142540 111454 90704.4 74141.1 100864 141929 136311 119973 140460
 184635 223544 240749 231497 204092 199671 254757 211128 168624 187424 202178 188136 114549 66721.8 48056.5 44820.9 56956.9 51283.5 90998.4 138241
 105990 88926.1 165058 208506 222799 159887 141414 142506 144174 131450 114133 100251 118153 105353 129449 165692 156693 135488 97056.2 101330
 187167 211162 204050 192336 190240 205795 227844 209589 179518 143642 123374 96480.6 77516.2 128106 133276 123436 115366 89025.2 79190.8 139075
 154681 196754 266777 237890 279967 303878 252705 188700 208713 226386 205784 153352 171386 179636 175904 159200 148843 186039 156381 198123
 176582 176745 201950 235234 217212 209102 182932 153917 187908 207491 225441 311181 236398 166432 105046 106510 176823 165594 115930 76166.2
 118166 91241.6 90595.6 83926 63303.2 85324.4 100567 104748 204142 223626 193126 184098 139020 73283.5 65901.8 92490.3 95794.5 103013 82580.6 73531.9
 189241 180972 155473 176703 213511 226133 172879 110817 101048 77570.7 119135 225309 301184 262879 144772 93966.8 75991 71489.8 74614.9 87032.5
 119850 151135 171007 123094 317979 445318 345012 207996 122937 88852.3 118129 120249 166087 162769 136668 116167 81866.2 75738.8 61704.2 59010.7
 166396 261354 366874 335985 257344 172393 157965 200398 211464 202599 147179 120392 127637 128085 131618 106744 88404.9 98321.8 84746.3 89921.9
 104940 154176 214242 296443 312723 277467 199060 167583 104299 102494 129552 155420 154406 125658 99047.7 75244.3 52904.2 48994.2 63562.4 80866.6
 139067 173829 228832 286833 299204 250585 167316 163471 177978 230563 248592 204257 164890 97607.9 85116.2 58476.8 81767.9 101581 117321 90109.8
 141694 211220 252943 207733 211668 183704 236654 249846 189888 156175 113929 117226 150898 157561 127529 47274.6 60074.2 66652.3 55305.6 72408.7
 141615 145688 243353 260380 196982 142396 98674.8 82636.3 82690.9 147482 205088 200415 163464 107072 93615.2 63894.1 87037.7 93404.1 105164 120394
 106551 98803.7 133069 211811 256073 289293 267860 215763 173937 121948 68813 36473.4 26252.7 36178.2 34537.9 33806 78077.1 249268 358940 251168
 140286 182131 180758 226534 214796 191291 199182 185223 188204 180022 222834 193128 167333 137217 132023 105006 92335.2 97123.9 100837 130083
 116935 119231 120992 111878 144500 136854 138892 147884 163512 107959 73357.8 62268.1 63895.5 71130 63049 62428.4 77413.6 83235.6 93312.3 83342
 120734 119232 102224 91373.6 75429.4 93356.9 87042 183924 361338 377980 261311 144769 84595.1 47168.8 54798.1 73213.5 104669 170141 133783 104146
 142867 199138 205117 193442 174777 187219 209386 188201 161129 129292 124886 131459 120103 98723.5 137411 183791 167309 107340 111678 153111
 101936 169130 192581 248528 234248 171877 109116 64721.5 70226.8 64216.7 62214.1 69812.7 103046 87197.6 55782.7 86311.2 154646 209305 224431 157458
 193338 238896 205454 146301 120806 140719 145176 162373 136082 119582 216305 285230 232409 159828 110067 129790 137946 185927 174444 125330
 127546 132530 99143.4 96221.2 116938 107586 90506.4 113312 128801 119808 110338 131309 169471 151562 123673 144225 181167 196697 170080 187063
 120024 129982 115695 120508 145720 144402 132465 147961 135635 115560 130184 152431 142089 115020 92778.2 80648.4 53123.5 71712.2 97974.5 165440
 181507 212446 190421 186980 226669 236623 228234 81888.9 116194 86663.5 89705.6 235586 282625 231804 124970 99740.7 87002.3 114608 155235 118455
 122676 145156 181263 171840 198716 227988 254759 239652 185923 123472 91684.1 75336.6 71213.7 98752.7 94276.7 71965.7 53008.7 55429.9 67609.3 70222.9
 194061 347290 450101 305268 216776 186685 155505 147974 171999 190421 151993 160473 178121 196906 140113 135319 153021 195868 178009 156846
 186383 329297 374818 290725 288221 268323 203760 214365 243714 263909 234504 204651 227489 226838 171482 151078 137860 168258 197844 159214
 159342 156878 173817 304593 303909 275180 203378 147226 105063 86653.5 87765.5 87465 89311.6 121143 123286 133274 143191 138799 88742 90869.2
 157005 228797 233271 285752 300095 251809 177950 146484 131274 157313 154438 180460 207004 177900 107518 80217.2 131771 146622 137241 106692
 151309 157777 136628 147540 142163 70954.6 67986.3 78051.3 113093 98703.2 83146.6 100296 76982.2 72556.9 98566.7 109646 137172 112406 71219.9 73120.2
 147659 144666 129337 157267 185251 151337 112861 61913 63082.8 90985.8 157731 151376 209830 180579 129756 105656 72986.6 68208.5 60262.4 86994.9
 202694 227011 187619 218634 209647 154153 105327 105252 104960 125518 137281 124143 113762 153483 165056 119817 98505.7 96111.4 175188 142967
 116945 88458.2 77184.8 85761 74777.5 106669 176596 173658 139410 113773 76827.1 69863 80258.5 122691 130474 112143 115340 111313 117866 123146
 119449 109912 107614 156058 184518 149082 110323 99562.3 105801 95069.6 174044 218072 182726 137359 118720 125075 88830.9 83759.2 88117.7 82647.8
 202839 258527 220717 146923 110888 106622 129687 147294 96103.1 84872.5 149708 162030 189038 186287 164202 198979 215456 184635 113832 70236.2
 157195 186318 245080 263232 234648 198513 171510 177589 214702 203072 155633 131870 138544 107156 96602.2 62003.8 68631.5 88992.7 126950 177696
 196930 225857 291413 305201 262504 265219 304472 337012 332737 254454 177774 153534 153998 165367 155384 189363 142171 122213 111754 88795.6
 106954 88937.7 57924.3 72142.4 101647 149173 189332 183061 140065 120396 147267 143700 100677 93070.9 149554 174740 170977 124690 88975.9 59147.6
 140520 134009 131289 133992 148818 170669 158252 105495 158547 55687 81997.5 65764.6 117388 133379 130751 74686.3 35911.7 40459.6 65098.3 99097.4
 113975 139923 208390 315479 265722 165425 90825.8 101967 123490 100198 101086 104745 90158.3 91528.7 64630.8 58934.3 60584 81571 122916 100519
 133688 162110 149379 116263 144425 176223 194865 152439 110725 143645 244925 257606 186131 96931.2 94035.6 110650 97728.3 73303.5 48131.9 59807.6
 133771 152931 180914 206099 209681 229641 291194 260727 187625 122576 79468.1 47052.5 37409.9 38748.7 36266.3 82278 116188 141951 155105 133310
 114909 131529 146837 211051 228759 173432 112536 177049 222201 173666 125321 99660.8 67939.9 119256 134117 99572.9 71480.7 52620.8 54541.6 73249.4
 187514 269599 266589 221963 221228 186744 173248 176186 143388 202464 196187 169415 147390 113530 84471.1 82126.3 90969.3 95207.1 81642.9 71240.4
 124850 117046 74820.1 111768 161742 136759 135104 127492 108229 92761.3 98176.4 74541.9 74103 118078 140097 142487 150206 107434 70906.7 108066
 182748 213657 231928 199792 159932 121454 109288 98842.7 95131 95469.4 126448 107094 126136 129944 77532.8 108682 135938 134094 127894 127360
 123276 121376 126433 163556 154062 129294 101494 101184 95956.4 107656 92209.5 80168.6 76497.1 73028.9 122428 175079 107987 125139 88561.9 63690.4
 135077 153743 256821 338554 288123 148097 77134.8 67436.5 62191.9 78298.1 81031.6 133993 182113 158765 127542 133095 126516 92536.8 70590.1 62788.3
 126722 124545 162054 152182 127662 116521 161139 348908 384437 291684 176418 112036 89800.3 100063 94538.8 87584 64741.8 71055.2 68642.1 59146.6
 120703 93806.4 98262.8 125422 187342 192008 142879 104296 109303 124453 136108 131831 124352 103808 91631.6 117783 147207 107737 108760 85432.9
 164797 245594 261929 180462 121587 119489 101609 100254 144359 165325 119929 105839 232605 252842 232389 108479 57815.1 54599.5 68439.6 65196.6
 153733 213499 196724 240221 225981 210087 127277 77565.1 196012 272060 239975 174507 138505 124998 98274.1 62808.2 81186.6 136545 155847 162069
 121941 142152 108090 93224.4 168537 241758 240076 186677 104063 60877.8 56249.7 77915.8 90118.2 76374.4 57162.6 71181.2 88655 108059 90765.8 66180.9
 120804 104499 55201.9 27359.2 38806 101885 118913 102979 107012 101827 96866.7 90789.4 83282.8 74133.2 85818.4 95257.2 94164.3 85589.9 69060.9 59864.4
 138143 158703 137467 107516 58092.6 88028.1 86387.4 168412 182099 153364 119752 65461.8 57659.4 79669.7 103233 135364 130419 119675 87830.2 44097.8
 131508 115484 65988.5 51134 72576.4 87727.9 105323 102121 103250 106967 97791.7 126481 172540 143484 147669 91490 85846.5 107169 96358.5 104439
 163949 180589 187280 172304 207570 179233 118761 80980.3 47019.4 42079.6 59672.5 110309 101252 84696.7 81311.2 117355 147032 115196 92921 106907
 110154 148796 175554 160268 162863 147780 138597 147394 183973 160135 134338 90356.9 167470 138212 85895.8 72861.6 113995 155439 134971 97116.4
 303695 316606 277295 248687 145084 101696 72797.4 89502.1 97711.7 84773.3 53833.4 36520.3 45776.3 78141.7 162708 168380 175071 157894 152503 129145
 113539 85404.2 76312.2 109861 218392 298148 242078 154793 80501 155605 222941 224542 142452 94677.1 84308.4 80659.9 108320 157656 117940 76597.7
 126108 137085 112445 81406.9 63802.7 50976.6 57797.7 54166.5 29226.9 28793.1 28336.9 22693.4 38650.7 64746.7 103035 109948 73488.6 88555.8 85995 59395.5
 127737 148142 139527 144906 104043 158593 197363 276323 255304 203378 143472 155252 135011 181422 177552 160454 135042 126208 98771.6 78178.5
 138843 186997 184470 170570 135935 151794 154033 154257 159317 136256 159894 209382 151562 117077 109941 80734.5 94337.2 99409 89521.8 91301
 201810 223904 271005 341717 291325 245929 193658 259498 267705 242034 223946 223018 151784 135900 166475 172904 137307 85687.2 59429.4 75923.7
 136474 175723 270200 282037 462523 408485 276036 163338 122110 228265 321827 225604 152959 96159.3 91105.7 108830 123546 141680 124624 113693
 192199 228115 165117 144299 140793 179362 178354 170985 189110 150034 122432 192179 229709 168410 85084.6 84800.9 139826 143273 117243 87572.8
 120639 149070 131353 122029 219920 241779 187628 140644 106701 71094.1 113237 164999 194666 178632 146749 100270 104554 90986.2 127505 105246
 171497 204452 153732 110968 94184.9 86509 86510.1 135498 139651 133650 109344 84375.4 115540 141530 113867 95483.9 94151 95281.7 138983 157067
 126749 107567 81043.1 95390.5 179075 190887 206056 158477 145270 119323 126258 127153 125018 163647 166072 145921 121909 90373 73692.2 72988.5
 135002 213634 209107 203572 180327 144028 154211 209327 343495 299801 246672 156571 38764 135928 135354 128664 130538 129651 129316 186187
 123457 168391 198160 230526 233661 206095 164969 124749 158630 176310 170608 141799 114326 89447.4 85458.9 128669 119566 116466 123085 113368
 134371 145406 135292 103531 86621.6 98732.1 99853.3 67082.7 89931.9 98520.5 56378.4 83953.4 94659.8 61784.7 78423.5 87692.1 100029 101177 110123 108561
 157778 175150 187636 254514 246871 169173 170899 209003 218113 220446 180337 153235 109746 112585 96450 110839 121960 137048 113495 128644
 132979 152558 187164 193471 211097 304715 300454 202559 141570 147507 144489 112145 106415 106148 87356.2 188669 262568 248071 171749 107165
 140257 259286 269088 280580 242425 220071 163887 142536 107023 78517.7 63378.5 113783 172046 165977 126973 106249 81726.1 91096.7 109648 109893
 139563 246084 327216 300650 263502 208380 158568 253258 320104 255696 159324 102844 68350.2 67984.9 151100 220951 186548 102833 114745 162819
 225080 284972 270698 184378 116012 91647 84650.2 79288.5 79782.7 82626.1 81344.9 75814.2 102886 130465 150084 54719.1 86222.1 109541 116594 126777
 145586 266408 331803 331076 236221 181584 164799 192235 140827 113725 102737 131929 179038 143384 113294 74948.7 71432.1 76563.3 119549 163112
 170400 254619 234645 223622 228182 228112 201429 186707 170850 150143 130402 131540 118960 137240 173328 172382 185403 141120 122153 120137
 152419 169126 155347 198666 225439 271990 304892 284130 161795 128956 92442 64497.8 82217.5 102313 112544 93088.6 76657 69624.7 99586.4 133828
 108727 95616.1 91337.4 144310 209717 168429 143307 294720 348400 299710 174311 80541.9 56709.2 103192 154882 232635 211128 178563 165345 139684
 173645 175898 196918 205305 252842 194729 257812 250726 115834 213985 190185 131968 125122 127423 161784 180301 193444 143829 81648.5 76794.4
 103240 88677.3 69850.8 50877.2 49147.5 48231 72572.3 181679 200088 153279 82230.5 87321 132760 152745 123493 102797 89419 96790.6 84019.9 167587
 162680 159123 212651 247759 211846 196275 146270 134648 310250 397739 305148 186468 116523 86790 82647 93902.6 38752.2 119903 111617 86095
 114108 109647 138516 120000 258683 312814 251346 206669 106532 93433.3 121521 123729 101233 147958 126031 170914 126348 74451.7 48143.9 33698
 134683 145020 176808 297001 274157 187324 85326.6 102819 174660 166411 70925.7 52787.9 131528 169683 164479 143491 124001 127747 98881.1 143970
 176786 167530 126127 83167.3 72888.3 82731.9 92218.7 82432.2 94882.3 138593 154420 173787 165495 128263 91768.8 84042.2 111248 126647 137892 143436
 127498 146371 184182 176685 159695 133015 195473 201972 181958 117957 75950.2 93868.2 119642 99875.9 79551 71378.8 93476.4 104768 86377.4 94899.6
 114649 201840 227240 187052 124750 135349 222002 242947 192876 131904 123137 142399 134065 106882 110784 128658 124967 92026.5 83549.4 62635.8
 182532 212404 174853 179816 170983 165671 144729 122566 100781 88688.7 96485.2 141037 115365 66665.4 89623.2 116547 92205.9 46502.6 57171.6 70630.1
 103003 198832 235112 226368 159800 159540 138329 134430 164273 203531 180142 102523 133062 168310 133495 106986 79066 112593 146029 173734
 149725 178075 196657 223949 281599 322625 257593 196555 171048 187086 194042 197071 197523 174178 158666 128919 131583 94739.6 110492 85642.8
 158428 173198 199083 218775 223585 208201 210821 199111 226633 315410 325221 256507 130159 159463 147133 174505 196762 180878 197211 194662
 182273 165176 165660 127643 115005 164639 170034 134450 164437 128608 96292.1 94164.3 107818 110577 134060 137546 110592 100915 82679.9 86642.8
 145980 161917 160241 165733 146326 173773 200208 194067 178174 137308 114629 116264 161655 175964 133810 99547.1 143030 160895 141899 121053
 134514 129833 126865 139996 159042 154921 122126 151044 173137 206413 179488 122192 134725 78929.1 127754 131230 137395 143979 167125 110742
 169937 211898 200384 441007 507240 357840 251610 144353 85797.5 48903.3 50700.5 62954.1 77827.7 45941.7 87681.7 79105.8 71528.2 72136.6 98527.6 98946.5
 140165 181253 177331 229144 246061 219610 229001 180680 145026 125105 171052 188418 282805 280708 236516 192630 92765 148471 134862 112336
 101116 110222 108198 70893.6 81117.2 76819.8 140078 204895 234465 169189 130337 106106 128595 162006 137765 95956.1 94648.2 68686.7 62521.2 65488.9
 141187 142073 127010 114306 110381 108743 97101.1 77345.8 84016.2 104533 91760 151833 148053 130355 117714 102066 112128 129253 101191 90992.6
 176367 247225 218031 186651 120239 105778 134163 208647 227394 164580 99192.4 70922.4 77254.4 89442.8 87324.6 99203 157599 152645 127151 84534.5
 159725 213313 290953 314447 295356 227778 146749 108956 74480.1 102228 181900 173921 149001 121553 123635 139479 136943 108928 80823.9 55282.4
 108314 73929.5 30651.4 16491.2 14950.8 17172.6 20222.2 32870.5 35679.4 29813.6 38742.6 46173.5 61577.6 68757.7 81802.9 79856.7 92640.4 110026 108105 72514.1
 143603 166061 170876 180906 161635 157617 159106 132115 133583 124274 133471 144264 89256.6 148170 110321 104204 109707 92453 99607.4 107979
 118454 109270 76236.3 108601 119981 98936.8 95130.8 104998 101217 107448 130084 184430 248534 180590 217129 119000 47226.9 27287.5 35530.8 24833.8
 202884 272972 256332 217113 156826 159407 185066 170234 219057 222123 155343 139849 110927 66820.4 39332.9 36605.9 40311.9 44087.7 71065 72765.7
 200106 222460 213276 226830 187469 143521 150054 186555 214671 257321 201179 123382 74955.4 59772.5 82537.2 103622 129336 137790 112734 76638.6
 160989 277056 285810 242920 198561 304121 338169 349668 255440 179263 105239 93706.3 104835 106145 92756.2 63905.9 57555.8 73073.8 98174.2 119410
 100317 107306 87015.9 88915.3 130870 141537 124440 114824 115355 90409.1 68979.5 99852.7 115585 133862 134786 155668 134161 102415 54372.7 45232.3
 133135 151488 151903 138800 80706.9 126311 187317 178973 149514 132761 145046 162835 168433 154756 133928 100952 79238.4 84375.8 76425.1 118864
 146290 194020 216249 278641 281447 313985 211290 141177 150191 169127 150632 91207.3 103915 116246 163129 240046 217462 139312 122352 104970
 172532 174791 178263 167956 179365 167192 271182 309326 251573 179072 141625 145804 149922 133346 178343 130644 162087 216465 162909 118508
 134360 114285 101593 218792 350026 336267 280742 209146 127677 195672 256690 324533 215250 163950 114219 115155 153860 169377 129041 110739
 179842 188600 238986 179827 162671 143748 126737 129758 112900 97863.1 163448 45831.6 85627.9 161050 212884 191182 178631 126982 118014 143286
 220754 289019 308592 328003 262934 219149 230602 219597 348122 269898 187208 119794 113160 142590 126083 127764 120459 143937 156474 166408
 192229 400056 488395 412780 303309 174238 128700 149340 148578 124918 91091.4 111979 172282 187126 169718 106571 83531.5 106241 155047 196199
 129030 191588 199447 249461 343551 404827 248832 101309 125341 127935 129578 188711 200510 153304 158828 120362 93385.9 83783.1 76678.4 55589.8
 145832 117139 88565.5 57906.1 65589.2 97652.5 107020 156508 168601 155962 103890 61055 36254.6 31617.1 51516 76933.5 91133.8 125727 177437 173405
 129491 258900 285708 202299 77867.3 51149.1 52022.9 77214.3 145322 223811 234331 201642 153290 137116 95610.3 113396 162166 160163 101720 140663
 149459 134817 116554 86657.2 81006.6 129713 149376 147092 119012 90098.5 54208.9 35858.7 39160.7 41450 37830.5 50628.7 63964.8 55166.5 182154 238701
 119656 106153 112586 142353 167451 172299 156020 124715 118269 133000 104653 132568 132719 92608.8 64674.2 58957.8 71423.6 88671.4 225231 151258
 96458 95363.4 51197.5 53647.4 52541 54368.7 41374.3 61326.4 85511.9 118054 119998 108941 136682 146387 113097 69939.6 63846.6 63172.4 77120.4 96840.6
 108371 178827 191196 164134 113386 106899 95000 87017.3 93080.6 85826.5 107988 157954 265468 262220 186613 102595 66764.9 61669.9 62233.3 66335.9
 129417 171705 218447 208466 176869 130429 112332 100251 73390.7 86452.8 126115 118012 66175.8 42136.7 23065.2 16686.9 17198.8 35998.2 59902.4 72975.2
 200025 280976 291400 253977 201128 150641 88288.7 69736 100329 93126.7 90203.9 101582 100102 99895.3 83464 136918 141101 137813 104175 86459.7
 118020 145167 112313 252713 326447 273674 180453 114695 52820.6 47609.4 84717.3 115957 183981 152247 103041 134853 165869 132217 84658.9 87639.5
 144184 127011 120192 121766 161789 196291 192718 128175 81561.5 60756.8 129203 163413 158982 143051 100476 97911.2 130813 149711 152343 128854
 131939 117828 207182 281617 229321 164437 79931.7 87632.4 102690 99414.6 113688 226606 217356 167104 140517 121318 125627 100879 99241.8 115830
 161665 185752 235431 246228 206994 224232 282230 289360 245852 204419 172013 167890 159377 154511 132099 119763 145046 162688 170391 162364
 195829 252071 224236 209654 141699 95914.7 60410.2 96747.6 151700 151479 146674 124327 125549 170828 174457 173256 149488 126367 91248.9 71008.2
 162350 199071 290058 344652 238896 182746 157901 151905 134783 166063 146272 131955 100660 105098 95293.9 175819 203946 178178 128694 183245
 125565 134916 229371 283460 236131 196223 175096 174966 151582 115366 230795 201585 181859 128593 114325 106045 145808 103397 62348.2 24600.7
 126377 202448 144169 134802 127714 157901 181887 168551 106940 74450.2 73220.7 73818 101152 96452.5 85753.2 64411.2 61982.2 71311.7 105182 127335
 123043 138240 94114.7 61121.4 69844.8 125519 166856 175094 151552 122604 95435.5 74231.9 51504 34270.4 35606 36747.1 35988 42051.7 47698.4 72952.6
 139841 152848 167447 139577 149665 167840 172025 130679 206536 93723.6 127204 105398 55759.4 49638.1 86614.1 157476 186259 164366 102632 62353.5
 141401 145637 194218 155317 173773 227533 228323 160055 101370 82053 58920.8 100511 114461 118404 92911.9 47652.4 48103.5 61696 80330 80157.7
 148503 137653 125446 79048.5 99373.3 170058 162324 131038 86413.5 131110 182239 182906 102572 111664 91138.8 57044.8 65505.8 87419.2 89382.6 107638
 124597 106595 90706.7 98624.7 109691 109120 89009 93393.2 100935 111693 110211 169299 172010 124370 110782 155931 210866 239761 190755 120508
 148023 136504 151732 153780 185554 175563 155232 128606 84671.9 83847.2 127427 120962 94000.5 96815.1 122177 113234 133054 144813 126274 77785.8
 313867 511296 505092 332692 201099 122268 99364.5 72182.4 77399.9 138653 144375 149630 101577 175463 127620 123897 93537.9 124317 144041 143563
 176063 214552 218344 236343 259788 263617 212001 184065 133759 113808 138433 165668 143720 90088.7 41179.5 37825.7 50995.7 101515 146075 131160
 152081 213226 180123 192260 209365 177482 119629 94370 61696.1 50679.3 60606.9 60500.9 45216.4 49865.6 61944 54601.7 92228.2 131112 142705 131875
 117187 180806 304031 360141 320725 198694 119429 78554.1 35961.2 27821.1 46103.6 43749.9 44454.9 50925.9 64097.3 74028.7 77746 84633.7 118652 110893
 175799 179306 147709 116450 89405.3 93836.7 73831.4 94822.2 97513.7 72039.5 107577 123589 105642 79254.3 103372 141844 155387 114601 78883.7 83277.9
 104138 92414.8 105983 150335 226424 258951 209664 161425 187865 182882 155039 134276 187813 195174 153602 90627.3 111262 107115 89356.3 72456.4
 149906 187770 242962 272232 232112 219440 157423 107610 78136 148433 185497 140422 70994.1 39618.1 49142.2 66207.3 70761.1 80945.5 93245.3 105951
 158095 239905 265438 199761 159959 107842 89388.2 128063 142505 125926 106121 89262.2 72934 71578.5 104830 146850 162012 121935 109614 96819.6
 110225 129991 81188.4 65382.4 45439.2 66981.8 102152 84099 64020 75135.7 74879.9 69415.5 91608.5 146227 153630 154129 121751 94408.6 86237.5 61888.6
 138544 160868 176035 229642 221330 123317 64710.3 43585.9 49421.4 41188.9 58674.9 76530.4 103594 142752 136672 126649 100591 65643.2 71086.7 103276
 108273 75222.9 62754.3 89455 113077 136823 94461.6 67649.7 66262.7 96495.2 96753.8 110784 161543 187949 70279.2 133076 117469 153427 167364 124184
 270025 277200 235134 170125 159992 138883 152760 150224 112950 117826 167356 155888 144306 137341 148343 159907 126358 107152 99786.4 111477
 122934 123757 169058 282542 288298 201713 157446 131593 129549 123356 144441 164457 209176 127897 80118.7 89061.4 118288 132916 136611 142397
 226002 316104 274052 191152 193013 208573 244096 236909 204539 179605 169911 135251 177014 171189 181977 165376 136268 108655 111245 100316
 113593 180751 196936 252067 259761 216600 149005 96863.1 83113.8 75142.8 88177.9 123759 133545 114853 100150 167343 212762 186842 134605 71480.3
 120950 115102 84485.7 74943.6 104239 149616 143674 104734 78422.5 93100.8 135797 132328 141008 145945 145470 126464 127954 106426 92978.7 72417.6
 153664 209115 171742 191120 202071 225044 164825 118147 59008.1 47001.8 38998.1 57750 65986.1 154181 229673 184681 134210 93446.2 64216.3 61639.2
 155387 228854 223874 255120 234678 197611 160311 149976 136308 110011 86315.6 113243 161175 259770 288914 200220 117970 60203.8 40042.4 46899.8
 145805 195712 232503 225546 98280.4 187739 183555 192383 168022 149449 151346 281230 317182 214718 163356 116363 104908 77099.1 83061.9 71088.8
 105034 133405 153118 168544 221767 254980 255192 185132 134819 103676 121908 138295 122462 120738 131009 138862 97183.1 83000.9 87962.3 84188.3
 153400 177684 259633 265663 182032 213706 191506 141436 112266 142468 158337 165272 100761 69641 69262.6 93697.5 92506.3 92658.4 103846 84985.8
 114511 138094 100555 87418 113886 191541 261258 213724 136875 72140 33298.6 44727 62245.4 60332.9 83907 95815.1 104465 108144 82074.6 67305.6
 246500 306861 258563 181415 214175 233142 344040 318139 223662 162149 102127 103353 125837 98341.4 77935.8 63918.9 130512 158953 156701 113309
 108669 128570 110766 96010.3 172144 160197 157820 150010 169066 162213 148597 141724 138290 126937 92744.7 73317.1 111071 137277 180087 183640
 128082 155557 184507 150489 72631.7 80033.4 120165 110351 79835.8 69704.1 85971.1 95856.7 88835.6 232813 255755 205802 127424 133359 129050 105469
 173349 169689 130755 91161 59646.4 46150.1 41106.2 49498.5 67996.5 74027 64463.9 117456 188484 275541 239481 180404 117883 93570.3 84023 86318.8
 170213 202703 232160 280461 329571 285291 245261 195411 176538 143043 148088 145309 115163 107952 108656 95284.4 78813.9 112845 127065 124179
 125385 219756 193708 244242 224009 184674 136233 120906 125829 117994 74014.8 77200.4 92558 98335.8 119853 169502 148000 142914 120615 90102.7
 113378 130174 134090 151617 180356 155111 119600 97708.8 83475.4 99018.3 135733 197926 204757 125445 71020.1 74732.2 92580.6 119187 141758 132022
 124844 94270.5 44445.4 22700.9 30917 56908.6 62495.5 66573.7 72768.2 68936.5 85991 85502.8 86791.4 96008.6 135352 179974 134770 97112.9 97753.8 82690.8
 137169 176432 198290 105291 104439 145464 137053 110748 77694.6 58994.6 69497.8 68139 76386.1 99318.6 116648 107683 98357.4 82541.1 89625.7 73392
 252612 294674 300488 361995 338613 260898 197639 268480 332226 287668 215877 167950 120719 125956 150345 126930 121096 127664 140841 148695
 263152 286921 268523 219976 159193 146316 168844 173108 209190 226068 197335 123162 135827 116556 78104.1 62811.5 77479.6 121300 174791 169025
 120302 252449 293200 245513 192824 110571 88923.7 82980.5 86597.7 56653.6 81207.2 117801 126850 189766 201150 156855 94874.8 57718.3 53946 75747
 118675 150999 193408 244863 277197 222352 196659 207068 191915 191827 112903 92800.5 64050.8 61635.5 43888.6 37775.2 110574 100205 129522 113982
 204725 245231 335519 320787 277166 183680 141075 76651.5 83985.9 105863 112319 113497 118022 134197 106473 82151 79929.9 109022 156866 168193
 125345 155375 128137 156736 130052 149903 111414 104584 266636 361300 306734 150990 101342 103620 159367 155232 91518.3 52945 49769.5 50478.1
 156180 187377 198227 245299 276546 219341 212707 200457 156602 130344 130458 145189 121422 87656.6 54143.4 82969.3 114253 86832.2 60862.2 79047.9
 87758.1 91947.5 65159.1 59743.3 62941.3 86491.2 98406.2 94145.4 122561 109337 104636 103765 104092 145949 175460 139192 108561 122590 137725 124492
 102853 87407.4 116089 160892 116492 242438 330518 272857 185696 112115 91314.5 45987.4 43889.3 52983.8 66959.5 96619 177898 217674 155171 80248.6
 138956 129919 98403.2 45397.9 60783.7 100427 92695.1 74579.5 107401 156196 126402 113398 93837.9 87766.1 78293 52741.4 65486.2 83745.9 87831.8 76852.7
 94279.8 84318.5 96147.9 90042.7 65524.4 88307.2 116033 209780 138067 140980 132427 98585.2 107971 112014 89962.4 72956.3 78762 93249.4 127373 143979
 113941 190169 244440 252509 166156 49224.4 32389.9 43129.6 38913.6 50278.8 65174.9 81958.2 92318.5 75202.1 60487.4 50708.6 76651.3 110590 119424 109772
 86550 60383 113925 154768 184922 226723 269626 212121 178308 127625 110330 174768 208773 161426 103890 55611.8 33176.3 24948.9 36252.5 73476.7
 117285 200607 228812 254269 425137 357817 248396 178591 275619 334529 311293 213680 98811.8 48598.4 42739.9 47060.9 109249 183375 198988 152262
 115953 150336 194047 163204 168099 141161 118017 121377 158223 195061 197081 157119 122479 100582 104339 98894.3 81584 170369 355648 379688
 112868 42633.4 10471.5 1991.08 503.128 71.331 22.4412 4.29795 0.148137 0.0201044 0.00247281 0.000323343 0.713721 0.172981 0.000121925 0.00539319 0.18464 0.0071752 0.0017879 0.000821702
 120580 43263.5 5622.91 1363.74 197.117 35.2697 5.89327 0.625413 0.0934845 12.8991 4.76644 2.1959 0.777576 1.55608e-09 1.58445e-06 6.89927e-07 1.08973e-07 0.00022707 6.58503e-09 1.94298e-16
 157385 187150 195649 218301 241892 260493 370394 380054 314019 206299 107295 204447 245021 214779 134868 76442.7 48725.5 57825.9 67046.6 153259
 136283 234250 403883 446092 347187 224056 43211.1 4781.52 1155.05 218.233 51.2986 8.82763 2.18783 0.379035 0.105359 12.8314 0.0198525 2.27063 0.00127386 0.000487068
 118032 96157.2 81861.8 106833 212576 206232 145701 94211 79061.1 103317 157455 173480 155942 117532 65548.9 68769.6 78947.3 78892.2 93740.6 78621
 166337 182856 161852 124663 80215.1 38238.6 46916.1 60413 50090.2 84693.3 117301 128970 163523 170424 127829 132883 155604 171265 174354 145563
 146197 325550 408066 352391 257504 193444 135668 107891 91715.5 94681.7 86442.6 55349.4 54211.4 92299.1 90466.2 97962.5 100561 107012 108683 102398
