 96426.1 133546 137756 97071.6 72015.4 77825 150657 172307 138081 153801 161056 179575 168267 137141 123307 114589 111069 108191 88507.8 182812
 81024.7 83473.1 88614 159346 220508 182359 130772 93102.8 94492 73734.5 54413.6 52099.2 63954.9 109298 175200 173786 128256 104349 100239 157256
 92662.4 120486 136874 109406 95492.4 88857.4 125784 137542 137207 122838 133007 159327 188426 179205 133921 96758.9 65177 66094.8 61290.7 74080.7
 86276.6 101707 104227 91350.7 132808 153832 153322 119154 161411 188314 153843 123778 100843 105251 119944 161054 178105 129629 89021.2 117223
 109994 110830 108414 108634 104485 142624 142400 143517 126985 142554 167563 142404 127131 119376 148298 155203 120128 112580 132752 135994
 114288 95757 98063.1 120155 134141 134154 117025 152444 154478 128041 110201 119443 151807 147527 122167 132089 104767 84995 88709.1 82999.7
 96640.1 91552.5 201219 250835 207008 132837 104674 75833.3 105143 156339 127002 75342.8 88066 94413.7 91409.6 80583.2 73989.8 150933 163448 107724
 144171 114652 102835 133832 161894 139638 113854 173231 184661 154716 140041 126208 183881 186762 127580 130464 147518 155074 152579 173385
 96136.7 127377 126889 249783 279731 209245 135627 98996.1 91488.3 80537.8 129202 130675 102311 95921.3 107315 137088 189530 186608 138126 168461
 184861 217617 197848 171384 149518 164518 216042 184069 141489 174089 199420 157917 95016.6 54291.8 64346.6 78414.4 72721 86340.7 133648 208105
 93335.5 81916.4 166826 209668 176205 119485 119858 143085 149265 121253 106561 128429 144436 115387 164454 194634 172592 141121 119672 139110
 171355 163896 144034 151421 131844 160915 201464 184014 150301 137209 133373 110222 110072 173407 182361 155033 144785 127971 112428 265402
 170237 170900 207535 176043 227521 260710 217770 152165 159519 207335 179809 140061 186940 189682 169969 158624 158100 201712 202386 215788
 157952 147387 164860 196233 171585 163320 155729 128003 195493 227938 300158 299059 206670 124971 94661 169166 210200 171353 124143 104122
 89041.5 74964.9 83066.4 72071.7 64749.2 95814.4 91065.7 131511 236520 266684 235071 190655 127286 76473.6 107766 142308 115113 107137 113307 101319
 170923 159069 124092 162174 207143 175767 130143 108991 110953 105517 156680 322624 388681 287497 166737 101284 109458 106765 145873 174015
 102523 144508 137560 117777 318245 405967 304318 166662 81813.1 110027 124259 151736 193259 182207 160794 119457 115697 102731 85544.6 132902
 156593 233354 344292 309299 197084 113901 154921 241213 249889 222287 166995 122929 132146 193308 188748 155414 121450 154218 146759 142631
 156627 216751 312232 320045 372645 310512 212831 173363 142674 147079 191052 294969 259235 189535 144410 128124 94326.1 82916.2 123865 168769
 118381 118815 179782 272567 253007 173364 108541 155588 180304 244815 247107 172223 108220 103229 93930.9 88265.3 139551 168103 140795 123495
 116661 132838 202752 199235 164564 162096 258253 276616 195791 126765 103294 127818 177361 180033 130845 82241.3 82913.6 86427.1 84326.7 120488
 133438 129958 209782 232173 167250 106070 86458.3 102014 94606 209903 282661 232724 147779 111960 102045 96753.8 108422 137813 147184 147949
 92575.4 98664 130154 186331 198628 247026 224969 160523 133814 97672.2 63743.9 44043.4 39291.4 48826.6 46890.1 47055 120186 512580 551977 337510
 148906 163853 159085 171039 186447 161812 164965 177695 161156 150950 194607 175128 133321 111040 156773 139597 115076 132957 140084 179811
 120851 129907 108837 128891 149900 155266 141249 183069 164043 112338 83222.2 82699.6 78634.2 88003 80080.4 89862.3 112990 131985 160729 130545
 133681 142860 123657 111607 90162.6 104001 101162 360505 586348 480533 269237 126078 72908.9 56150.5 84605.9 125609 195272 295767 256851 158200
 137797 209117 204201 173538 154088 158993 184922 159680 157413 148207 146419 137794 131542 158139 207165 230409 182381 115929 142788 200854
 139196 198092 205804 226235 193108 146275 93172.6 87296.3 100686 82877.9 69272.4 88419.2 117098 122686 87565.8 153708 263218 361215 320403 199068
 240402 271399 223851 150974 124294 172510 208213 217451 181168 147631 349937 441530 324365 176069 117289 167299 227952 271334 235007 161286
 171142 155561 120740 135187 148433 136991 122619 143721 179456 165911 165041 168679 221997 227767 174368 204533 234641 246113 239284 260992
 136405 152462 138568 171134 196385 159742 150115 198719 191236 141407 198981 266905 226450 139711 109192 88280.1 67317.7 121350 164592 273041
 160691 167669 123481 134016 171838 193590 152807 99109.1 78334.4 81342.8 99792 314297 352777 222318 106687 105051 100740 129371 185715 150073
 86275.7 115963 129791 133767 133682 199025 208833 186000 136977 81977 88392.1 82962.4 83094.7 101742 105757 74768.1 48825.8 67540 76237.2 77976.2
 111765 263018 280287 176319 112406 88768.2 85049.4 98188.7 122486 133570 123817 107999 153257 141885 95834.6 122736 130479 167462 181804 144588
 146195 265389 260734 169875 151611 159182 123375 132960 183218 180165 167655 153779 159182 168034 127934 105859 118361 233097 236464 154600
 156961 137824 165985 232159 257128 204612 130736 95161.3 82489.9 101722 106562 98232.2 142008 167831 136786 157831 192043 160490 121304 114298
 144612 181174 172676 199926 201466 163946 116189 123345 130205 130683 159268 188043 204562 152496 104017 93132.1 165518 179263 138014 119272
 103479 108828 100906 104406 94988.2 66354.2 74781.5 88548.5 115178 103609 106588 112838 80932.6 95674.5 129416 153045 161339 124047 91898.4 82444.4
 144488 126239 117490 189469 183999 135087 116774 75583.1 83420.2 116628 208466 260360 243813 194447 156581 126290 115082 103438 95806.8 133969
 184001 194671 191026 208311 165647 114668 88371.1 97253.7 109523 142843 179661 163469 144558 177580 187576 135948 126712 272410 269828 201444
 96846.5 75741.7 85200.5 101706 92353 179478 245861 204615 139754 117626 112601 104908 119899 170746 165667 154084 148252 136786 157316 162648
 111834 107096 131543 199843 211954 164080 125688 139183 153158 159637 331547 394823 285741 156339 152315 169575 153126 147684 137676 139222
 245125 279927 219603 135568 109761 144750 197214 195918 148488 131200 221384 228873 269803 256198 183411 306895 355250 292085 195084 123053
 134350 157292 163911 166418 157360 134945 130941 168824 197883 169220 119781 115612 121434 105571 102994 79858.5 114968 157150 197589 250718
 129895 208879 216135 204624 158991 164325 206816 235193 199172 132858 111925 108762 148551 146317 170509 180306 146255 122250 121154 111011
 76271.8 65415.1 57348.6 77525.5 109224 148717 204053 178036 122477 110864 176121 156997 102224 96968 159271 221720 196851 125642 91512 78161.7
 109995 99777.3 101015 122675 142328 166410 140506 103402 75791.8 73643.8 107610 89790.3 162232 178517 142279 82809.5 50334.7 69449.3 97236.4 154615
 89132.8 95219.9 161982 211297 169900 113064 71625.4 101701 144091 140602 101690 104133 84881.1 78425.5 75369.2 61098.9 72727.6 92249.3 125239 102989
 130019 154180 131972 116095 178057 179591 139105 123827 124307 206375 321644 285623 164763 93617.4 148941 164313 128631 88527.1 74674.2 84173.3
 109918 118104 168500 201629 175137 251354 313032 257837 162729 89638.8 76746.1 58890.2 44335.7 66495.3 63520.2 123875 132603 196316 219621 154594
 100304 108217 156193 242552 241850 160075 106680 238627 271150 182821 101282 92682.7 76436 139630 152900 121901 74556.7 63477.5 74507.7 102236
 170326 231933 199412 148042 133684 124778 142477 131069 125660 162176 188435 181063 146353 102472 99179 117191 111423 123501 101665 90588.4
 125813 100527 68900.6 136251 194704 176238 174516 155079 123515 115419 115338 102740 112074 154741 183273 192499 181744 138481 91603.7 188420
 218866 242030 210354 165631 138999 114169 114607 112320 114991 125200 140172 167063 219055 210068 144602 160226 178408 185151 176985 160685
 113036 106440 140144 170783 167692 138462 128614 121571 102508 103024 100891 77467.3 87709.2 97860.3 164731 228874 189792 120938 81685.9 80322.3
 126486 142542 391816 441205 281419 136511 71534.7 90861.5 98417.9 105593 97404.8 204105 230406 198633 144543 153534 134685 112574 96203.4 104141
 111776 108711 124288 140228 118210 112442 171950 442354 468226 292186 141006 91916.8 131931 129388 112468 89045.7 69636.3 93726 107401 80396
 80491.1 74830.5 95721.9 128088 159635 173290 138670 98829.6 112287 129019 165109 175959 148954 107285 122449 185206 194895 159072 118146 92259.3
 118562 189789 181835 118113 67546.5 85031.1 82506.8 92357.7 129964 127207 91825.3 107052 288295 317173 204929 98847.7 58517.7 77288.2 94675.9 89599.4
 146469 181015 172005 216908 203592 153059 108789 75629.2 238628 355110 276495 159136 148073 152430 120382 72327.1 125959 233817 207496 197633
 101571 108235 83893.3 89546.1 179837 213598 190596 132659 89723.3 65899.3 74317.6 103739 116065 91367.5 81917.1 93398.4 125614 143540 116865 91266.9
 80893.2 67010.9 45353.4 34704 46458.9 104162 126565 112837 126468 116534 110732 94113.4 82434.5 73266.6 99337.9 106171 110911 94840.4 75248.7 66285.1
 80594.8 99143.1 90402.5 89814.3 56833.4 86779.2 91714.5 171961 175656 126208 81619.4 61290.2 71866.3 118325 122662 164472 177425 150224 94327 55240.1
 83862.9 75368.2 54364.4 48217 53534.3 81640.4 81382.4 100519 105649 97623.1 92577.2 129595 154105 122415 118224 83822.9 101403 120215 106257 119861
 129357 135817 130777 114557 125591 111784 83674.8 61960.1 48924.6 49202.4 73634.5 124244 110250 98672.5 80326.4 130823 145165 122315 95129.5 130920
 107638 122217 149447 133444 119530 119256 138601 162083 166393 179735 149039 166316 164226 120096 83134.2 119603 152540 197921 179811 116522
 242916 251273 189811 126130 89520.1 88714.6 84959.3 101673 91964.7 75872.3 57428.8 49500 71508.4 120736 218031 224440 254321 216903 202923 172570
 78812.9 69370.8 67871.5 111455 227427 260860 191847 111027 65970.8 197190 249887 184368 110547 89278.3 84999.1 90359.1 140785 167316 122400 101090
 99167.6 91494.3 75486.2 63303.7 48200.2 43607 52704.1 41065.5 29838.9 34285.8 33941.9 26656.3 62137.7 81356.8 114625 109186 88488.7 86404.9 84780.6 62013.1
 106905 113181 136510 136571 111476 173711 225464 245093 220969 158228 123459 138486 128420 174206 236818 211104 184243 144967 117031 111578
 129527 143473 144090 141097 128294 140039 176640 192996 185656 169394 211483 216156 144005 159686 148382 105191 114465 123940 121063 138054
 168613 187145 244037 285971 287616 210137 149733 233118 239845 218966 183359 146625 152852 148533 189677 187198 138712 90775.1 88932.4 133373
 104947 124183 185042 211813 299900 284928 178560 92419.2 85648 253901 265091 170015 97076.8 117684 102038 108480 128474 172381 175576 132735
 193154 203993 141661 108798 136666 157877 145665 171496 176202 141070 114438 226285 246584 168612 91861.4 150897 239224 209604 143773 106482
 98993.4 126650 114005 107223 247737 280889 189617 112898 100308 86524.7 181976 252789 249955 194791 132326 95793.7 143557 193985 177249 134667
 126391 132025 104975 83308.1 78027.2 77839.6 77411.7 121634 144837 132293 110068 107759 167491 177022 129953 111083 132547 134434 194373 211295
 111629 81263.1 90701.2 105479 189998 212712 197173 161217 121824 121127 121028 160718 168591 200876 200728 169030 137459 131141 129837 115864
 133785 181762 169919 126613 114068 106868 159323 247005 329496 302844 204560 123464 133215 134104 147751 144031 130772 129415 136749 173121
 113774 150158 131484 199926 203937 159752 135781 119775 159881 178367 180231 148324 107245 94615.9 117824 140077 154397 155843 167386 138838
 114167 113819 108400 95516.5 93885.8 80718.2 87783.4 85628.1 84369.2 85106.6 84861.9 95271.3 112395 93612.6 80231.5 97163.3 122351 145505 142769 146389
 120892 124732 183884 233645 197003 123365 122033 228591 247903 203064 148904 109362 91986.7 121134 115807 111328 154461 152297 147786 184472
 134074 141726 156932 165493 232046 339667 306063 183559 136410 176142 161098 138399 134814 125187 110118 293372 428441 337492 185003 120766
 128474 204998 243857 213537 200608 178363 140738 128165 105395 81667.6 83027.1 159005 237925 224545 154965 118493 115400 131420 150165 150866
 149835 259226 299812 249199 226012 183694 144495 311582 351176 258240 163423 101598 92717.5 92853.3 285110 346499 247059 136017 179316 272950
 228220 267926 205535 122206 97299 91932.4 98616.2 100979 87560.5 103972 103769 105028 173791 222602 192370 126682 129951 158377 178162 221221
 127714 224328 294876 237935 144437 109569 134803 138991 123132 104533 87988.4 148856 186980 158550 122015 95792.3 102520 118240 184417 227789
 121674 165972 172154 163526 162515 156143 141725 143635 138401 107804 122915 117284 142021 147601 162276 186219 212492 176022 126054 152917
 109312 113139 97563.4 121985 151617 211375 227897 177358 118018 95012.4 72503.1 77415.3 92114.3 127404 130767 102276 92651.4 108401 127520 171894
 72146.8 58603.5 60594.1 142828 156304 103663 101405 269949 299901 191119 93767.7 60776.9 56243.6 123874 218462 218124 205183 158130 184564 159347
 100982 96111 108763 127595 134536 109156 148356 181555 164038 141384 110488 83804 94865.7 117880 140206 170699 151114 102014 79904.2 80228.4
 83097.4 64717.7 63279.9 58321.7 51921.8 54866 78375.3 205661 217076 140631 75953.3 125087 163575 172499 136333 112779 117163 121207 108110 257127
 142758 121719 155506 169161 160054 132356 98223.7 133405 357571 386878 250204 127429 89599.7 86156.9 94837.5 129289 140194 115178 119045 94057.3
 86824.5 81777.5 96458.4 103363 229585 254224 208061 139967 78255 80864.1 130839 116861 99240.1 173670 208362 169233 117814 81131.9 55424.7 43845
 106677 114918 166965 270480 239182 141344 83666.3 110121 195953 166129 105378 112749 154178 202369 183191 146393 116702 124536 115237 217965
 158352 139167 102182 86929.5 74214.8 90408.1 100596 99751.2 118448 171697 207345 251314 225629 148474 128303 122291 169373 185470 204582 203115
 139943 120852 177997 245640 213873 151130 240555 265733 192900 141063 121256 144635 154932 135370 117302 109999 167441 180478 157175 127123
 102521 179082 228532 201306 133264 148389 279840 276511 178546 117387 160943 188529 184148 147459 157693 202080 164275 119725 110164 109212
 158881 151672 155443 172099 157979 131251 125627 112741 90187.3 107798 109837 144526 135956 110629 107535 132931 103267 69284.8 78252.2 100858
 85207.1 177992 204232 156804 113343 143130 137118 140877 194886 208837 180544 156924 165272 174238 152514 135048 98882.7 179818 206053 332196
 151609 175964 163620 188316 231831 263814 212689 152101 156843 152234 155064 225716 261197 210602 164716 129679 185307 201459 164706 132564
 130915 173967 179497 187547 179207 163445 138991 146777 182408 233705 232525 167796 103967 104160 107114 140724 160710 140509 136028 143439
 126568 124057 114750 100680 98387.1 156550 178066 134244 138911 107756 93171.2 94612.4 111487 122377 154012 151880 120322 89034.6 96985.5 116132
 117691 116136 97346.1 89154.3 97667.4 138683 158291 145049 117791 106081 113026 115826 174560 173768 135767 124167 174429 174300 143833 148166
 104629 113086 111020 121822 136806 124572 133321 158269 211460 225130 167395 137070 146282 138344 134890 132212 127975 149196 134473 108547
 126074 126061 133153 305098 328964 211874 113385 74995.8 70666.3 50284.9 40613.8 67652.7 96522.6 92941 94763.1 84148.8 68572.9 101254 108299 132291
 106334 118792 122371 140788 146400 161896 171062 137031 96260.5 79456.7 113610 134451 205025 218338 171876 117980 106428 92731 119876 109528
 104990 104803 104772 97623.7 84716.4 75791.5 190251 243754 229764 171173 125249 109098 146687 180242 154658 128130 116758 101555 83063.2 76252.5
 123079 115060 108359 103547 117143 107565 110700 90713.2 110351 110031 121235 152178 140361 149771 146218 120245 172245 179973 132210 109420
 184649 209851 154222 99723.8 92175.1 82155.5 163213 240415 218456 144827 94557.8 78825.1 106066 124709 109675 124596 186778 197285 160100 107483
 157443 183635 253482 258529 199847 149991 105494 99378.8 93303.6 150463 252849 245341 176341 133854 148357 194804 198421 148802 88160.7 82013.5
 60526.8 48965.4 29674.6 17261.6 17359.6 21416.4 21269 37354 39373.9 36202.6 51424.7 55847.1 66664.3 88585.1 89488.3 85327.1 140507 160103 124417 72899.7
 120289 104157 122785 133325 122886 129617 119628 96536.2 126382 148078 178962 189656 192508 152299 120799 132608 131571 96708.4 147827 156042
 90130.6 79021.2 61420.5 98058.6 99440.1 83576.8 94138.9 98914.1 91709.7 111456 136658 201596 315933 297517 177882 81079.2 51932.4 35094 37054 30904.7
 172304 195235 159292 109134 84937 125846 161634 141029 180813 177301 134323 113091 86646.2 57575.3 51761 52201.5 41711.4 72231.7 96405.5 91303.4
 164459 175576 152955 150233 157083 122841 154963 173373 211227 251911 195178 135090 93263.2 78064.8 125055 129031 172201 191567 158054 104527
 147831 190021 181465 139216 111386 228622 294515 241202 156463 97275.6 81877.4 99525.5 112715 135922 118795 93558.7 73795.5 115114 141216 150288
 61996.2 69868.1 72685.9 93377.6 98198.7 97235.9 94742.4 107434 104234 90607 75712.3 107914 111291 145831 153035 179848 160549 104920 62016.5 66654.6
 83914.5 107042 104781 94611.7 71844.3 115101 169316 150505 107772 108033 122802 158906 158947 147602 114458 81725.4 99717.6 103941 87758.8 132035
 107338 117475 133412 171441 175202 150172 107840 73083.4 113727 150533 126551 78394.7 113859 123247 191466 241483 180494 107167 108594 121289
 137497 115255 89295.6 126911 132919 123900 230273 252417 172273 109489 102188 118952 118433 126077 158144 126508 184979 195408 143715 120077
 81817.9 94928.2 98488.6 190677 262960 235316 176854 122684 93974.7 163047 291777 275869 169520 122829 106433 140204 192354 169657 129772 121176
 121398 102969 114716 117309 100730 89597.4 93795.8 103364 90468.8 74374 50188.2 37510.3 101708 204348 233367 183201 130705 101453 107827 151670
 153735 182391 164303 138702 107703 86394.3 114015 194935 192262 117492 82202.5 64150.6 99589.4 110655 90680.3 92411.5 108513 124063 137044 154499
 129456 250884 308617 237641 145687 82750.5 100381 128558 123386 114429 87414.2 120461 208374 190935 149245 123072 105570 117060 208826 258388
 98696.1 128695 135572 246604 338330 272430 147849 90714.9 126736 120632 156804 199675 190613 157212 148119 143143 103251 92838.8 92047.6 71368
 99178.8 77931.3 67154.5 53077.3 61515.2 98812.8 96048 133384 130867 111890 87570.1 62286.4 42140.2 40800.3 78565.7 100898 108132 136284 223821 226154
 97184.5 197674 200153 128900 72586.6 50826.7 72323.2 85605.9 170876 231296 259153 225117 161337 128407 105075 178813 236630 184170 112895 181799
 72515.4 75050.8 69857.5 67981.8 79928.8 129139 128266 113403 102906 77453.2 42818.9 38700.9 42212.9 35583.2 41030.6 67935.6 72208.4 65421.7 261079 292988
 87721.7 73496.8 112499 120179 150442 146673 120634 124110 128351 128142 125606 127054 121002 96379.1 68599.2 72631.9 89421.7 113957 178083 184389
 75587.9 65444.3 52977.4 50144.5 51626.3 44178 45705.7 69558.8 108942 137653 132247 124365 180109 164456 111304 77644.5 88094.9 89677.3 113993 135649
 78502.5 131204 130387 100614 74044.4 87638.8 94196.6 70353 75614.3 82277.8 117812 186576 322890 297976 179166 97974.1 63192.9 92917.5 87197.2 86043.9
 83000.4 106556 118434 137250 103026 86662.4 93201.7 80230.8 58527.3 90126.1 107374 89081.4 63975.1 38350.6 26047.1 20144.8 20265.1 55438.5 65398.7 78742.1
 127754 183058 181859 139141 109526 88557.5 62411.5 55501.3 83903.6 84250.3 107287 110139 98676.5 98577.2 100510 203997 217930 145049 99918.9 92127.5
 107116 110098 106554 256994 314011 216804 116799 72046.3 66834.9 67458 112380 146956 195876 163654 116102 173630 203647 155377 92778.5 125478
 136423 106233 129066 120557 186341 211896 174121 130006 93419.2 65830.3 194612 233828 175189 129921 119746 127332 165272 185224 179021 142170
 119609 97844 184450 242888 185328 113284 74055.5 101728 120053 115238 147001 294548 303348 194411 141947 159310 148415 126434 130244 146397
 137096 129787 179125 190649 136693 134889 237278 270637 199074 124597 112992 128717 144624 138245 105451 101982 145362 160761 188834 190744
 212595 220169 161228 130973 102588 79544.7 73142.4 124999 177486 195494 164233 133050 159134 194528 237195 213406 162090 126998 94758.8 107649
 120461 145111 209118 205887 147751 110624 103295 114648 115217 125642 112465 100129 109849 112266 106442 264915 285685 189379 119522 191115
 87030.9 89723.6 170286 208137 161649 133876 119297 138076 135051 146336 182179 160958 127337 93039.9 94596.8 108636 113390 92589.9 54213.2 27161.2
 112001 149595 120145 103966 125104 160386 168231 133969 99440.3 69459.7 87455.9 122424 115037 115898 88153.3 71650.3 78529.8 77419.8 147228 160033
 83764.9 82693.9 73096.7 55751.1 68437.5 116859 148644 136787 114051 102858 94526.8 72657.9 50652.6 37908 41223 42995.1 47036.7 51404.7 58744.5 113614
 110652 104515 89120.3 80644.2 107079 138698 130631 112651 87318.8 94109.3 105643 87419 66389.2 55295.4 106895 182663 204021 160758 105511 65377.2
 82722.8 99265.4 110730 92345.1 122989 186709 170165 108963 80480.1 69389.6 74236.6 123121 141710 121377 90583.7 60912.4 64286.5 75062.7 85314.4 87583.7
 127152 100501 103819 71584 109348 177133 160993 113262 103845 177823 246417 213844 146113 113611 89793.5 76843.1 110071 130290 113332 159651
 104277 79901.7 82923.4 116263 107368 89181.6 86426.3 100288 99935.1 101413 101798 187214 189088 126733 113302 208322 255343 231906 163958 106324
 135547 138320 178073 178918 177855 185941 166785 143955 105084 123757 166079 144632 109555 142416 155947 150820 211377 219939 169373 122457
 307621 443930 349041 194206 101720 73847.2 79545 65040.3 104845 151695 155377 166363 207015 181373 126397 110365 107944 153322 196366 183486
 155534 181623 158682 152089 172221 160183 129464 105161 107333 97573.4 156740 189436 142583 85339.4 53275.2 53667.8 74581.5 135763 175273 136344
 105418 130568 135070 136547 126254 92350.2 76121.4 76814.9 75566.4 61298.7 59283.4 63246.3 50043.7 59693.5 70705.2 78762.3 106149 182504 192527 141587
 98473.1 145859 283158 340517 249867 132385 84024 66060.9 39525.7 39615.8 55196.2 51593.6 58594.2 71224.8 83473.5 108111 98543.9 126609 150677 139765
 147520 160066 115113 103879 103032 93493.8 69146.8 93335 95001.7 86537.5 123977 141302 110702 105058 153614 213298 192175 134321 106955 138005
 83067.3 87456.8 97337.4 133038 206305 201749 144107 102138 159826 148894 128494 122595 211422 219694 153509 103190 143901 143611 103698 115138
 142072 166197 187538 209827 204891 191110 143285 96621.8 90178.5 210257 213103 142183 79076.4 51073.1 64893.5 82234.1 96058.9 112361 159151 180689
 114049 168222 162501 113143 80757.6 83733.1 77195.7 125039 157743 138937 92386.4 94195.3 91292.7 82350.6 120862 201078 195071 140574 127887 141330
 84059.4 82794.5 66931.7 46123.7 39368.9 56661.1 78392.9 70793.9 67547.9 69213.3 76075.4 67200 119555 167274 182253 148916 105575 87462.9 77967.9 78178.9
 82949.1 99706.7 143933 160652 129390 79582.6 65018.2 50336.2 51338.4 52391.5 71622.4 79919.8 113383 169006 144785 115532 98484.8 83987.6 97472.7 129820
 70716.6 63379.8 41963.1 66820.8 93845.4 95241.6 79675.3 61425.6 89310.7 93198.7 85737.4 97082.2 194785 201353 131261 126700 110572 161885 168355 118288
 287795 310158 196070 119836 123958 136300 140094 127336 104784 167231 222012 180640 144374 171932 230212 236900 164064 122034 122999 143739
 103022 94742.4 149293 233081 201221 137639 113025 120429 115101 115835 138582 203839 196901 125943 71047.1 118415 141710 152570 139863 112563
 200122 247029 186609 111137 119887 197199 243515 190584 138652 128579 152282 149684 175505 171026 198897 175491 147404 149125 122736 145047
 102554 161635 176786 161604 187392 167452 128057 104558 106447 96399.4 136103 195680 191361 140214 113090 233596 289532 242783 155937 90227
 109700 99031.1 86115.3 75103.9 125878 154129 128275 108092 79891.3 127295 173483 154200 150352 169557 176636 145750 143495 130555 92385.8 93433
 104045 123191 106795 112113 125941 128334 106164 74110.8 63064.9 44794.9 45707 55947.7 70115.8 200471 284083 232009 139747 83134.6 81939.1 88354.9
 106672 145543 141087 150693 173200 136946 95698.7 99068.6 104233 109321 94533.6 108741 183323 337308 334595 203874 102133 61162.8 43957.7 59905.3
 110634 137941 171333 159763 127136 119960 114993 122625 118176 109600 110314 252189 279290 190159 108548 72988.5 94230.3 86251.2 80106.7 88094.9
 60012.8 101914 103052 120468 133590 191850 189863 128369 93901.1 86203.2 121728 122983 106681 126457 148288 126780 87898.2 79913 109510 100486
 98695.2 137114 193967 165101 109490 156091 148767 107015 120186 160535 167741 129295 84402.1 65369.8 72573.9 98730.5 117671 133453 107717 84983
 80937.7 96272.2 82629.2 66530.2 119319 230651 233795 179535 113986 72785.4 50703.7 62049.2 79822.8 71575.9 110503 114461 112891 116462 82868.3 84831.8
 223383 250546 184837 131068 190934 205010 328132 296859 180443 120393 88725.5 107534 132099 107392 103221 105990 218579 267991 206225 133031
 83109.5 87696.6 91225.8 79706.2 134823 142738 119767 135530 149420 162163 154828 196910 178162 139063 94868.1 99404.5 127467 169102 253317 248550
 92300.4 109985 116610 99476.7 72730.3 78958.5 101376 97027 84973.9 63200.2 83338.7 104318 167816 257205 267810 195414 112669 142427 151471 146228
 92118.7 85527.4 67846.7 58660.5 51184.6 39946.8 45664.6 56457.3 72266.2 79513.9 66829.1 134051 220709 255669 198957 123292 115960 111293 100890 85508.3
 134807 152362 193656 206754 243006 205651 155398 117977 128081 127227 143216 141203 122518 119496 124457 110044 122425 167134 183083 168654
 79824.1 129520 129644 168626 146812 106721 96994.7 132161 123261 101319 68045.3 91902.4 112440 114711 120524 163770 175218 154795 110584 107160
 109745 102800 102951 126110 134198 107083 90090.4 93438.3 86602.1 106915 165041 228707 194165 112936 64996.4 96794.7 122836 158092 170600 153147
 79285.8 60545.3 37627.5 25058.1 35452.9 58340.5 56391.1 74252.8 81518.6 72225.1 102462 90491.7 85147.4 111987 152637 177902 142003 113290 115799 99990.2
 92114.3 105779 107137 82576 98313.4 131974 125254 90893.6 70197 57393.4 73852 82374.8 82687.7 130969 128695 106253 118337 104231 91701.3 85104.2
 170574 205759 183302 238239 222695 150367 109977 195749 236531 182826 126652 119585 107499 133362 141975 125641 133969 151986 156139 181525
 201018 222543 165975 118267 92846.2 103687 144152 150408 172111 183033 138093 91942.1 127159 122626 87622.8 62612.1 86702.2 151725 229370 210734
 88560.5 180969 199775 145188 119643 99538.4 76964.6 80578 71103.9 52039.2 101589 133382 131726 215365 224669 147725 84201.4 65961.6 66118.9 94673.1
 79301.3 84887.5 137039 204320 181436 113582 112485 124184 135699 132143 95255.7 68990.1 72235 52339.9 38659.2 36953.4 46754.7 111158 147545 134381
 140401 194492 212858 166484 130663 113270 80630.3 65296.5 80801.8 89792.4 115972 112679 139265 137024 89031.1 75112.9 76314.2 113117 193420 205424
 87924.6 85791.4 91128.7 109063 110649 97129.3 87367.9 92958.1 306522 389981 270010 136891 75114.8 146959 194651 145155 83735.2 59606.8 52390.6 57266.7
 100358 99532.2 103273 131563 151275 128156 130688 119051 81080.8 96840.2 113357 122839 100488 64734.2 62300.3 99227.2 121143 93315.7 70747.8 75046.7
 59836.8 55090.3 59127 54396.6 53798.9 63334.6 65907.9 88262.2 101591 105137 95835.6 97183 113446 166384 160231 99046.6 82885.6 133106 173593 143820
 73503.2 55397.7 95604.8 119859 86222.8 230725 292903 207652 115207 73543.4 69427 45234.2 46569.5 55560 80024.3 128575 234842 229137 143502 70796.7
 73890.8 63822.3 64341 41849.3 61133.5 97501.3 82245.2 72310.7 119479 153996 127827 105458 80189.2 76250.7 69912 55963.9 64970.7 98969.8 107557 85390.1
 55539 67845.3 57890.9 55449.6 54191.2 75705 93879.7 123306 112525 113015 112262 99663.6 105703 97652.8 75424.2 81793.2 99371.1 108516 146220 140359
 63053.5 142649 152377 119104 74675 51538 27412.4 37931.3 33021.1 49052.3 55000 70763.9 79809.7 57245.6 53785.2 52353.1 85286.6 127106 109692 92865.2
 51561.7 38402.9 86715.6 109791 144929 187826 169526 133051 105426 91158.8 121363 189789 193214 127157 72307.1 49689 34117.3 31617.2 43231.2 84037.8
 62473.7 120896 130223 145502 209456 199872 126047 78052.8 191623 232418 167358 100931 58140.5 49279.6 43096.2 50605.5 116127 196734 195116 138990
 75066.5 85169.4 111251 101733 112387 108642 96363.1 116648 126425 127198 159537 126861 93754.8 86060.3 105349 94345.1 77672.3 173781 415376 413724
 59445.6 35573.3 13836.1 929.163 0.0465468 9.35555e-08 4.19824e-12 9.74283e-18 3.64411e-22 7.2149e-28 2.77976e-32 2.17986e-37 2.14512e-42 1.38188e-47 1.34752e-52 1.50774e-57 7.00326e-63 1.12505e-67 6.9987e-73 1.25273e-77
 51841.8 42577.6 5118.37 12.8671 5.87947e-06 7.94898e-09 5.11549e-15 6.91789e-18 5.03442e-24 1.06949e-26 7.75338e-33 1.28236e-35 9.52023e-42 8.20865e-45 1.17199e-50 2.44493e-54 3.34204e-60 2.7964e-63 2.16632e-69 9.02251e-73
 85462.9 104686 106358 106355 125468 120069 209996 253146 181506 96080.6 48150.7 163604 197764 142946 86368.1 60876.5 42739.7 62940.2 69659.4 146582
 71528.5 157292 228256 249618 178980 86588.8 47528.7 4448.48 2.47382 0.000125272 8.02288e-08 1.85713e-12 1.33631e-15 7.31136e-20 8.53383e-23 1.2702e-27 2.82476e-30 2.61881e-35 4.23414e-38 5.66485e-43
 63119.4 69024.5 56485.9 88599.9 133427 125621 94455.9 64816.4 79421.6 97247.7 159375 159987 128595 89525.6 58180.9 68513 69526.4 76556.3 78502.6 92116.9
 98620.3 103527 80801.9 78350.2 61129.9 36565.2 47208 48163 40462.6 85170.7 94848.9 122409 170404 160384 114562 107869 140942 153025 160894 136998
 96765.1 182830 226220 166988 112197 80996 65978.7 82510.3 62842.3 76829 72857.1 49086.1 59936.6 89190.4 80537.6 80058.8 102301 113062 96941.4 115176
