 0.583312 0.445643 0.46768 0.535958 0.332298 0.56819 0.663929 0.855567 0.334423 0.288852 0.24588 0.282935 0.345895 0.337605 0.398425 0.451396 0.239219 0.232567 0.246408
 0.583312 0.445643 0.46768 0.535958 0.332298 0.56819 0.663929 0.855567 0.334423 0.288852 0.24588 0.282935 0.345895 0.337605 0.398425 0.451396 0.239219 0.232567 0.246408
 0.583312 0.445643 0.46768 0.535958 0.332298 0.56819 0.663929 0.855567 0.334423 0.288852 0.24588 0.282935 0.345895 0.337605 0.398425 0.451396 0.239219 0.232567 0.246408
 0.583312 0.445643 0.46768 0.535958 0.332298 0.56819 0.663929 0.855567 0.334423 0.288852 0.24588 0.282935 0.345895 0.337605 0.398425 0.451396 0.239219 0.232567 0.246408
 0.624213 0.477838 0.475494 0.529067 0.329939 0.573115 0.675823 0.889953 0.339887 0.289378 0.253548 0.296106 0.365974 0.352426 0.417031 0.46653 0.243051 0.23616 0.249585
 0.734391 0.498474 0.399038 0.453491 0.35773 0.579649 0.711537 0.886425 0.373571 0.310009 0.244099 0.387018 0.430202 0.405149 0.410437 0.485543 0.278964 0.255071 0.255399
 0.491188 0.435317 0.322942 0.336122 0.288292 0.522697 0.763315 0.856898 0.362085 0.317756 0.23111 0.438123 0.461813 0.377484 0.421848 0.446462 0.272952 0.245467 0.226399
 0.623151 0.332401 0.349105 0.340413 0.27981 0.603207 0.834234 0.934108 0.501854 0.416675 0.229172 0.424193 0.46196 0.427902 0.377751 0.466518 0.260618 0.249993 0.20887
 0.690419 0.291971 0.491428 0.44297 0.270987 0.538463 0.867437 0.904089 0.384266 0.333393 0.211384 0.373949 0.454577 0.420111 0.421018 0.521165 0.283367 0.223207 0.19892
 0.825294 0.234087 0.43148 0.660002 0.307225 0.515051 0.660016 0.734751 0.283644 0.195949 0.185238 0.390066 0.412265 0.370072 0.350208 0.373482 0.232135 0.214388 0.21644
 0.624648 0.239195 0.305518 0.690524 0.334611 0.535985 0.709842 0.772605 0.31691 0.212234 0.194964 0.362924 0.394037 0.360224 0.392044 0.403049 0.21512 0.178912 0.206035
 0.529173 0.303876 0.326516 0.583351 0.327169 0.61859 0.675051 0.674196 0.251157 0.184647 0.202295 0.290207 0.336076 0.303913 0.368242 0.354157 0.172152 0.143232 0.172475
 0.664005 0.402465 0.449356 0.476293 0.276843 0.412573 0.507032 0.536074 0.23992 0.203719 0.168704 0.238158 0.298851 0.270037 0.36794 0.310036 0.128785 0.123464 0.126038
 1.30837 0.345865 0.376097 0.433928 0.318576 0.441674 0.520426 0.577138 0.217598 0.215872 0.191554 0.205445 0.296866 0.310905 0.329848 0.390601 0.171618 0.154226 0.163718
 0.617269 0.263777 0.604132 0.57519 0.299352 0.531378 0.58937 0.827178 0.257943 0.284676 0.196293 0.279323 0.344675 0.329107 0.449259 0.574107 0.264541 0.226452 0.237146
 0.396623 0.196781 0.350867 0.407987 0.304822 0.407965 0.512422 0.613901 0.209097 0.243451 0.173051 0.222244 0.285114 0.256397 0.36114 0.434416 0.196605 0.181465 0.205476
 0.352219 0.262287 0.348524 0.31921 0.349924 0.507632 0.562317 0.766653 0.258989 0.243167 0.207867 0.288606 0.288619 0.287165 0.306761 0.412391 0.166597 0.195489 0.177084
 0.556833 0.252752 0.374622 0.301157 0.293367 0.418031 0.505904 0.629159 0.198413 0.190388 0.149391 0.241676 0.235767 0.182932 0.224052 0.292773 0.146292 0.159089 0.142666
 0.245904 0.217295 0.24052 0.217271 0.192914 0.366403 0.497044 0.548027 0.201402 0.161624 0.122111 0.177178 0.194788 0.145521 0.161158 0.202981 0.109219 0.120465 0.135028
 0.285693 0.213663 0.563834 0.43532 0.369681 0.453887 0.610906 0.809471 0.36618 0.351867 0.227199 0.233091 0.263404 0.316488 0.285677 0.508536 0.190455 0.215703 0.256688
 0.682683 0.278679 0.63282 0.392072 0.327339 0.456157 0.574196 0.696638 0.27339 0.315621 0.227392 0.216969 0.272915 0.264165 0.288592 0.441718 0.156938 0.158193 0.231552
 0.490359 0.250733 0.39919 0.389214 0.321258 0.528521 0.682581 0.787369 0.26043 0.285438 0.233532 0.249661 0.296057 0.281881 0.283886 0.432825 0.202403 0.193831 0.251919
 0.811356 0.306068 0.527558 0.490822 0.311856 0.473095 0.63061 0.825581 0.340136 0.424737 0.246921 0.33007 0.314663 0.340365 0.313807 0.490739 0.250608 0.197602 0.286779
 0.977339 0.355907 0.392589 0.439811 0.284396 0.601403 0.651325 0.844399 0.320912 0.328979 0.225194 0.287588 0.255511 0.248257 0.294589 0.398949 0.191231 0.169608 0.239299
 0.962819 0.303824 0.457846 0.466148 0.288583 0.545496 0.664118 0.935562 0.281676 0.315291 0.286862 0.26293 0.310224 0.346532 0.393441 0.427512 0.177962 0.182717 0.2605
 0.828993 0.451127 0.329363 0.378729 0.2733 0.563836 0.678661 0.797417 0.264392 0.226119 0.241785 0.204153 0.298602 0.304929 0.393049 0.38232 0.187685 0.179107 0.267049
 1.23284 0.604048 0.457893 0.422784 0.352459 0.606461 0.702773 0.743377 0.330158 0.267544 0.29485 0.237106 0.337266 0.352011 0.369519 0.483626 0.213972 0.218515 0.31144
 0.590656 0.346552 0.436919 0.506332 0.368052 0.485001 0.580596 0.72671 0.27315 0.244166 0.240488 0.223292 0.285637 0.368199 0.404721 0.378943 0.197071 0.223156 0.253981
 0.395966 0.234439 0.400919 0.436309 0.317785 0.428997 0.493066 0.592114 0.263867 0.222978 0.248473 0.240508 0.268085 0.330736 0.36957 0.390509 0.204838 0.204457 0.223988
 0.378765 0.434588 0.254073 0.325798 0.275705 0.420732 0.497497 0.706505 0.393747 0.3097 0.274723 0.250543 0.2925 0.313433 0.412371 0.497028 0.200219 0.207634 0.224635
 0.516351 0.517874 0.230899 0.406256 0.262154 0.472365 0.657202 0.850134 0.462033 0.417436 0.363123 0.272099 0.386268 0.298364 0.413791 0.508507 0.241913 0.26961 0.306478
 0.530218 0.747864 0.454963 0.941277 0.370583 0.700285 0.869307 1.0886 0.605683 0.511341 0.455225 0.325496 0.460027 0.464771 0.577933 0.672249 0.379838 0.33955 0.298451
 0.541265 0.591854 0.562116 0.770876 0.401836 0.671758 1.02288 1.32228 0.800861 0.596175 0.467991 0.367312 0.488079 0.487534 0.531867 0.573251 0.44739 0.40823 0.42275
 0.898393 0.665226 0.496726 0.60659 0.332497 0.545699 0.811406 1.0674 0.654159 0.549211 0.439717 0.3167 0.408136 0.41417 0.55261 0.613895 0.336522 0.329428 0.33673
 0.647353 0.454205 0.584756 0.539874 0.369822 0.541193 0.66785 0.912537 0.635657 0.491902 0.489825 0.317259 0.424498 0.404729 0.567135 0.644808 0.262737 0.285023 0.272391
 0.81377 0.470282 0.721396 0.65886 0.432809 0.653667 0.755772 0.789378 0.616002 0.538751 0.495666 0.234557 0.377777 0.325107 0.482113 0.506103 0.261035 0.243013 0.216722
 0.653582 0.584543 1.0029 0.647434 0.45303 0.617609 0.716918 0.911537 0.623199 0.57552 0.473946 0.272269 0.395682 0.417095 0.510055 0.52595 0.293825 0.29185 0.249885
 0.599888 0.466087 0.76248 0.549098 0.486823 0.707638 0.98536 1.27602 0.647326 0.561058 0.44495 0.324547 0.374696 0.458999 0.575211 0.561503 0.34894 0.29954 0.288437
 0.43734 0.336889 0.585789 0.515395 0.353704 0.602724 0.791358 0.585615 0.350595 0.35169 0.278224 0.198091 0.280944 0.329039 0.408849 0.391837 0.201756 0.250121 0.240088
 0.364028 0.416172 0.309044 0.509332 0.307149 0.429494 0.637147 0.72764 0.417974 0.311494 0.273927 0.18096 0.270241 0.322936 0.412157 0.351257 0.191937 0.194992 0.247823
 0.536416 0.339039 0.331606 0.586583 0.360407 0.493685 0.722724 1.13649 0.398195 0.304389 0.263339 0.20275 0.274356 0.359621 0.339779 0.464472 0.207751 0.228079 0.23525
 0.508916 0.471977 0.392744 0.523025 0.279043 0.510492 0.760749 0.964405 0.402401 0.336058 0.269863 0.256093 0.354084 0.386897 0.383324 0.412485 0.234044 0.264744 0.239872
 0.302898 0.401228 0.442363 0.527274 0.275159 0.445386 0.633177 0.709097 0.328444 0.285436 0.21642 0.256493 0.360039 0.362288 0.360362 0.4018 0.258301 0.313234 0.279692
 0.373644 0.267648 0.547425 0.725894 0.361016 0.560798 0.738887 0.751109 0.348596 0.34578 0.277056 0.322794 0.495398 0.393816 0.395438 0.495486 0.351488 0.320976 0.33058
 0.337819 0.330586 0.614879 0.750662 0.343295 0.484524 0.634021 0.962323 0.43154 0.491385 0.279332 0.330715 0.491168 0.403463 0.461535 0.593789 0.380835 0.293981 0.307974
 0.458151 0.287408 0.419067 0.765601 0.321875 0.564161 0.834614 1.12531 0.474839 0.373946 0.226004 0.329434 0.38257 0.372308 0.386071 0.529042 0.24924 0.198859 0.233732
 0.370205 0.567989 0.569725 0.886681 0.378885 0.681916 0.818159 1.06435 0.403542 0.354161 0.197787 0.284688 0.398711 0.373044 0.387279 0.47934 0.279205 0.244167 0.236645
 0.401821 0.666504 0.697767 1.40003 0.46908 0.643491 0.678559 1.38763 0.414743 0.366634 0.266529 0.295003 0.379538 0.48643 0.547466 0.592367 0.406891 0.327276 0.255899
 0.346368 0.534816 0.644334 0.84605 0.413045 0.515949 0.605127 0.997573 0.313331 0.269317 0.188074 0.23975 0.245934 0.289091 0.346036 0.370416 0.23986 0.194158 0.200426
 0.409877 0.458768 0.472245 0.487881 0.302365 0.475853 0.530371 0.851147 0.291015 0.273911 0.212974 0.233487 0.249974 0.270288 0.295438 0.309667 0.217312 0.192113 0.219358
 0.725292 0.593317 0.334939 0.427887 0.263345 0.422211 0.548297 0.963565 0.345764 0.269518 0.24682 0.261306 0.275799 0.262073 0.2927 0.286154 0.197584 0.216903 0.235163
 1.0692 0.497441 0.304357 0.44026 0.318256 0.539037 0.735746 0.812019 0.381754 0.276785 0.256321 0.325129 0.348439 0.462023 0.417994 0.571379 0.315447 0.27123 0.295802
 0.566062 0.394289 0.490316 0.584792 0.285655 0.468761 0.654844 0.673817 0.311581 0.231389 0.217645 0.301668 0.343892 0.389153 0.364539 0.453008 0.267182 0.269904 0.235295
 0.465685 0.306773 0.426444 0.528492 0.244433 0.485243 0.497347 0.556081 0.224873 0.21712 0.162543 0.273685 0.299134 0.286045 0.28974 0.346788 0.205793 0.226893 0.18001
 0.546127 0.436243 0.479465 0.460588 0.325888 0.557177 0.600453 0.752777 0.275512 0.256938 0.198434 0.238703 0.277677 0.293842 0.32921 0.334698 0.214458 0.211814 0.197813
 0.462928 0.320804 0.35426 0.388605 0.270332 0.386269 0.490461 0.711301 0.263096 0.192161 0.178698 0.25429 0.280454 0.307523 0.334154 0.317068 0.184403 0.16722 0.197341
 0.372814 0.307796 0.384174 0.382756 0.309439 0.503827 0.642545 0.980656 0.384823 0.257163 0.218213 0.320827 0.37065 0.323825 0.388733 0.388548 0.211827 0.182209 0.221492
 0.724385 0.368687 0.511035 0.773444 0.360628 0.619313 0.775689 0.884071 0.317973 0.231347 0.241372 0.329808 0.411951 0.353812 0.39394 0.451329 0.281974 0.194966 0.290704
 0.598129 0.466668 0.569533 0.757418 0.409574 0.725146 0.693591 0.842823 0.325762 0.239131 0.259904 0.30974 0.373629 0.324264 0.392381 0.472637 0.277221 0.193713 0.26485
 0.546487 0.288079 0.682256 0.719506 0.363857 0.537845 0.424749 0.567517 0.218231 0.183254 0.180922 0.218087 0.306565 0.277171 0.30936 0.38898 0.232851 0.182536 0.195659
 0.709778 0.614372 0.518655 0.551525 0.312052 0.635937 0.657951 0.923221 0.440949 0.275387 0.258017 0.343533 0.352134 0.373733 0.394433 0.513933 0.235136 0.224933 0.22839
 1.05089 0.666511 0.746547 0.880266 0.449649 0.749941 0.870733 1.34001 0.602534 0.401993 0.357304 0.412269 0.44732 0.464131 0.525067 0.672763 0.347976 0.306417 0.301925
 0.915728 0.595704 0.600913 0.800916 0.396678 0.663563 0.777486 1.0131 0.411424 0.322775 0.271667 0.323742 0.351274 0.392598 0.495873 0.533951 0.256353 0.238017 0.310608
 0.560011 0.446089 0.561794 0.83667 0.480183 0.647175 0.788969 1.10246 0.434003 0.360528 0.280579 0.371701 0.341006 0.462567 0.477022 0.483107 0.257811 0.272974 0.303069
 0.697569 0.338951 0.487498 0.835397 0.451045 0.632317 0.707745 0.792063 0.306791 0.315522 0.249361 0.383888 0.364283 0.377879 0.484557 0.405903 0.192235 0.232473 0.254563
 0.580155 0.421747 0.428062 0.604955 0.471143 0.522631 0.594165 0.799685 0.319384 0.308497 0.277652 0.322093 0.375414 0.38893 0.446077 0.462069 0.229485 0.210804 0.18424
 0.452439 0.41262 0.421782 0.847406 0.387666 0.481026 0.689185 0.955872 0.414883 0.336105 0.268738 0.274931 0.312443 0.332222 0.506887 0.490951 0.24675 0.203123 0.165726
 0.803636 0.659976 0.426081 0.691064 0.421029 0.668583 0.772539 0.740243 0.358891 0.301839 0.304117 0.221371 0.334402 0.312513 0.452437 0.514812 0.278947 0.317679 0.255475
 0.964371 0.403487 0.397074 0.613318 0.438605 0.673874 0.929459 1.00527 0.443202 0.371754 0.328836 0.244392 0.407077 0.381478 0.540263 0.625915 0.32556 0.291645 0.226923
 0.871617 0.464301 0.283961 0.356242 0.334991 0.544699 0.616266 0.646862 0.297587 0.284703 0.232096 0.215447 0.347569 0.299543 0.433777 0.428996 0.231378 0.1915 0.166023
 0.466074 0.399508 0.389991 0.761446 0.331551 0.546003 0.54381 0.537623 0.346646 0.268877 0.194293 0.184927 0.313237 0.276335 0.301788 0.33476 0.245008 0.194133 0.149565
 0.557727 0.457483 0.387781 0.806094 0.321082 0.525541 0.594549 0.480274 0.258098 0.264125 0.185827 0.197771 0.275315 0.234147 0.278037 0.279182 0.175924 0.162298 0.153625
 0.611606 0.414059 0.337543 0.516703 0.363832 0.501963 0.737703 0.613016 0.411736 0.326432 0.289148 0.291395 0.297785 0.385917 0.478573 0.473052 0.248777 0.252319 0.250502
 0.412047 0.371891 0.356342 0.491901 0.312363 0.568328 0.73342 0.709146 0.476094 0.367139 0.27659 0.216874 0.256761 0.323203 0.35995 0.44745 0.268143 0.219163 0.186875
 0.560721 0.340458 0.517548 0.433751 0.363847 0.605532 0.647073 0.608108 0.460003 0.332159 0.34522 0.235054 0.229387 0.30483 0.33367 0.471457 0.274161 0.254824 0.214144
 0.591435 0.545912 0.53451 0.310077 0.36374 0.679835 0.557453 0.72737 0.487942 0.31707 0.373158 0.272034 0.31805 0.30533 0.414308 0.534414 0.316011 0.33059 0.255301
 0.400379 0.354753 0.326119 0.301731 0.30754 0.570501 0.589463 0.859796 0.514855 0.333899 0.313836 0.243615 0.364226 0.282237 0.349089 0.404268 0.243935 0.24908 0.222531
 0.416509 0.327703 0.359323 0.302665 0.326681 0.680434 0.536604 0.856448 0.410479 0.352637 0.324742 0.272734 0.367809 0.341794 0.401917 0.383314 0.248701 0.228808 0.240074
 0.448421 0.389694 0.580858 0.570313 0.374392 0.659826 0.547108 0.793068 0.365343 0.344427 0.292899 0.300873 0.336445 0.331463 0.403212 0.400919 0.31286 0.22946 0.265928
 0.354191 0.419056 0.555016 0.566745 0.532139 0.726908 0.86126 1.10235 0.42304 0.279601 0.274027 0.331857 0.329951 0.286474 0.335328 0.344148 0.201093 0.253829 0.310059
 0.630866 0.38705 0.445805 0.476859 0.428307 0.692902 0.880811 1.17812 0.327922 0.220168 0.290402 0.25867 0.292542 0.305878 0.421364 0.497775 0.256737 0.244175 0.211164
 1.19153 0.290902 0.460218 0.426653 0.310808 0.529177 0.606514 1.02967 0.273492 0.191539 0.234976 0.240854 0.245192 0.292943 0.309773 0.292978 0.168134 0.18936 0.1429
 0.843066 0.289293 0.365797 0.634927 0.242505 0.522929 0.6007 0.851012 0.282717 0.199845 0.231046 0.204292 0.306897 0.294005 0.28157 0.328 0.177557 0.181302 0.150956
 0.943784 0.312131 0.471905 0.738116 0.232309 0.434117 0.439297 0.589125 0.271041 0.247857 0.187878 0.191856 0.243302 0.265049 0.311355 0.31045 0.157816 0.142504 0.126438
 0.609689 0.36275 0.553333 0.392037 0.239994 0.517413 0.583705 0.732798 0.355224 0.371763 0.246633 0.192159 0.349857 0.325078 0.319901 0.336761 0.174426 0.188314 0.181751
 0.32261 0.337478 0.475436 0.51931 0.285019 0.46046 0.484536 0.738757 0.3647 0.368673 0.224679 0.223842 0.379045 0.388577 0.409212 0.330938 0.207096 0.176416 0.164705
 0.859722 0.426288 0.669119 0.91325 0.251833 0.404079 0.527899 0.890087 0.393917 0.324091 0.220944 0.219501 0.380045 0.385338 0.457588 0.369393 0.216465 0.199337 0.173285
 0.57295 0.32082 0.454483 0.455107 0.219889 0.477736 0.603774 0.927488 0.407038 0.412975 0.257094 0.294204 0.399989 0.405565 0.495638 0.454408 0.282481 0.231484 0.194049
 0.747953 0.28986 0.872768 0.552217 0.28548 0.65477 0.826873 1.01047 0.312601 0.349719 0.2986 0.345857 0.462532 0.446736 0.547675 0.44594 0.288581 0.222201 0.24457
 0.986357 0.457622 0.75696 0.59882 0.33447 0.625769 0.649496 0.933537 0.337773 0.336647 0.263844 0.312462 0.320598 0.465767 0.533511 0.524841 0.313411 0.208254 0.286645
 0.891577 0.357634 0.437147 0.472798 0.318942 0.521144 0.61279 0.913643 0.354073 0.340714 0.25656 0.256237 0.311409 0.373087 0.487418 0.476123 0.269755 0.175629 0.246284
 0.884746 0.372075 0.476295 0.522232 0.371567 0.544469 0.593337 0.884359 0.311949 0.305583 0.246755 0.228257 0.297721 0.315904 0.410788 0.403951 0.236508 0.151362 0.214986
 1.38581 0.406699 0.39282 0.619828 0.403867 0.718004 0.668186 0.898553 0.296904 0.301165 0.269498 0.250005 0.317149 0.292117 0.421134 0.370762 0.224535 0.156508 0.281378
 0.816397 0.512419 0.369795 0.622442 0.319834 0.632505 0.669858 0.796827 0.299267 0.273356 0.25911 0.257548 0.308991 0.283532 0.38429 0.298995 0.17631 0.139721 0.238969
 0.832176 0.451427 0.279202 0.598091 0.371342 0.621309 0.67861 0.929428 0.255782 0.249104 0.220565 0.273262 0.324707 0.330509 0.436867 0.314019 0.179343 0.165573 0.185561
 1.45363 0.340784 0.34434 0.530352 0.340474 0.498431 0.597217 0.627936 0.218945 0.195467 0.153202 0.232858 0.271029 0.287017 0.349367 0.277132 0.144627 0.143656 0.16637
 1.52431 0.530619 0.277016 0.563038 0.352715 0.672052 0.70076 0.743082 0.209196 0.204994 0.199226 0.31689 0.28769 0.26552 0.323035 0.344114 0.19502 0.168058 0.206758
 0.924951 0.754833 0.383488 0.74389 0.472938 0.738428 0.969634 1.00079 0.295219 0.256168 0.202908 0.400238 0.32249 0.308076 0.357664 0.411642 0.295705 0.243982 0.265226
 0.431997 0.448459 0.418788 0.497193 0.36873 0.771957 0.962318 0.678274 0.306506 0.247189 0.186788 0.277809 0.272595 0.247711 0.300362 0.353479 0.251116 0.203974 0.221283
 0.428027 0.552747 0.387127 0.43464 0.285509 0.531012 0.797791 0.719839 0.305613 0.245575 0.159094 0.187325 0.220928 0.233856 0.331244 0.352998 0.220204 0.188092 0.182979
 1.3116 0.564916 0.44779 0.277088 0.223794 0.486436 0.71412 0.776699 0.337666 0.239568 0.162692 0.186604 0.23202 0.267848 0.335273 0.388205 0.192195 0.168999 0.210794
 1.50392 0.783783 0.638598 0.610835 0.347237 0.733762 0.982391 1.23619 0.447953 0.338181 0.198775 0.257091 0.3109 0.396059 0.483716 0.556264 0.278833 0.211659 0.29283
 1.55167 0.836517 0.537346 0.447294 0.343254 0.73945 0.847842 1.00991 0.46847 0.321118 0.215363 0.300318 0.4402 0.453276 0.531051 0.569475 0.274463 0.245393 0.291871
 1.38034 0.560813 0.468515 0.400473 0.296984 0.574603 0.754469 1.08534 0.338261 0.212202 0.188 0.270506 0.36117 0.368282 0.480859 0.556004 0.268378 0.20315 0.267745
 1.28145 0.589223 0.617349 0.495126 0.375931 0.520245 0.560105 0.841604 0.383057 0.310119 0.22151 0.286557 0.419725 0.35962 0.460533 0.545043 0.340519 0.233643 0.300524
 0.751808 0.588862 0.719947 0.68855 0.400233 0.605671 0.730238 0.988111 0.485862 0.407365 0.269883 0.356906 0.474487 0.371947 0.422105 0.46511 0.332689 0.247279 0.357682
 1.1053 0.45108 0.644911 0.534988 0.436851 0.559666 0.727384 0.864768 0.363258 0.279546 0.254023 0.277509 0.38506 0.371178 0.363538 0.373608 0.22273 0.194426 0.263712
 0.978133 0.355059 0.77866 0.666072 0.401755 0.571927 0.794486 1.05186 0.397562 0.294576 0.272952 0.333322 0.429454 0.382646 0.355322 0.429774 0.19802 0.244081 0.281078
 1.03382 0.310792 0.568513 0.483183 0.342467 0.575044 0.643937 0.999366 0.4905 0.350673 0.311231 0.323245 0.457907 0.365417 0.385097 0.468265 0.204018 0.212684 0.322862
 0.61474 0.253014 0.440635 0.384167 0.296287 0.483425 0.634773 0.815475 0.340631 0.281687 0.26584 0.259278 0.334453 0.324663 0.309069 0.426443 0.166413 0.18193 0.251425
 1.07781 0.42091 0.62661 0.554834 0.424425 0.760657 0.804907 1.05472 0.482756 0.40415 0.401652 0.355465 0.505256 0.43973 0.473428 0.778776 0.321774 0.326993 0.424897
 1.01799 0.306195 0.423529 0.62224 0.460061 0.646918 0.766782 1.06698 0.347543 0.272035 0.284272 0.30937 0.45256 0.389232 0.391904 0.499919 0.250001 0.258452 0.297385
 1.05823 0.443756 0.444879 0.711403 0.586492 0.712635 0.698726 0.834082 0.40675 0.305676 0.294112 0.300254 0.428031 0.399706 0.530942 0.387035 0.236596 0.212883 0.326311
 0.847881 0.558813 0.59033 0.500904 0.476293 0.58021 0.660605 0.953061 0.39315 0.314809 0.286568 0.28139 0.387755 0.365059 0.51608 0.484839 0.361471 0.237969 0.261415
 1.08965 0.698615 0.502293 0.516552 0.394588 0.451335 0.516594 0.836349 0.380494 0.259953 0.219501 0.246351 0.368758 0.326659 0.42404 0.378425 0.352598 0.250832 0.241604
 0.550287 0.44926 0.37921 0.461557 0.400158 0.529493 0.519636 0.789297 0.353225 0.30035 0.194242 0.234117 0.278747 0.263898 0.422117 0.301976 0.264425 0.191737 0.231552
 0.923132 0.390119 0.387658 0.459258 0.415861 0.740603 0.738135 1.06241 0.568606 0.380838 0.299697 0.309241 0.325871 0.343424 0.480848 0.460248 0.364378 0.26557 0.363148
 0.586928 0.367689 0.275076 0.366531 0.405303 0.652104 0.680588 1.01154 0.64827 0.499628 0.361895 0.33871 0.354517 0.361347 0.590263 0.484155 0.344827 0.292237 0.414937
 0.621504 0.363815 0.284509 0.458559 0.406434 0.600799 0.735135 1.28196 0.644395 0.486015 0.446124 0.397984 0.436807 0.37705 0.489619 0.579931 0.371597 0.305258 0.385996
 0.81437 0.44634 0.286196 0.394242 0.398763 0.727184 0.761312 1.20779 0.633621 0.543208 0.432991 0.381095 0.380499 0.361939 0.430676 0.44175 0.247599 0.196501 0.278083
 0.678079 0.410082 0.334095 0.456086 0.40704 0.828455 0.859891 1.0396 0.579322 0.566982 0.464749 0.407424 0.383165 0.38397 0.470253 0.59233 0.328329 0.270963 0.260051
 0.490541 0.459225 0.478698 0.463399 0.435227 0.832812 1.10152 1.12618 0.58783 0.558828 0.436308 0.484534 0.420324 0.421822 0.575354 0.671982 0.357162 0.288234 0.315168
 0.49816 0.470306 0.520536 0.472704 0.450549 0.746963 0.987837 1.2161 0.546444 0.512927 0.473511 0.375134 0.532118 0.432945 0.605999 0.618966 0.302843 0.257379 0.364275
 0.482092 0.192456 0.376275 0.541695 0.319 0.536825 0.769938 1.13272 0.452036 0.433293 0.353492 0.277566 0.441611 0.37572 0.429028 0.505656 0.305164 0.263136 0.282869
 0.421863 0.38542 0.59963 0.613307 0.303242 0.599979 0.58025 0.989356 0.427309 0.396468 0.420255 0.310119 0.534997 0.400367 0.399858 0.475808 0.2544 0.234139 0.237393
 0.32967 0.357489 0.65382 0.508911 0.302462 0.52688 0.594312 1.08021 0.462935 0.434487 0.391362 0.279734 0.440335 0.395643 0.391722 0.442703 0.277691 0.236908 0.264621
 0.468785 0.377851 0.570727 0.604117 0.333432 0.506587 0.544038 0.901112 0.389359 0.335467 0.362077 0.282467 0.399193 0.335465 0.360058 0.36344 0.214628 0.171929 0.220666
 0.900801 0.751801 0.698998 1.08084 0.541496 0.834283 0.949683 1.13928 0.685978 0.459044 0.636263 0.433861 0.698979 0.46783 0.645518 0.735944 0.396052 0.358091 0.421247
 0.837746 0.896334 0.697987 0.770132 0.398205 0.588929 0.834925 1.16248 0.623208 0.37012 0.530906 0.364079 0.542613 0.365586 0.472824 0.657001 0.290994 0.224924 0.339713
 1.44045 0.477394 0.551608 0.710802 0.342564 0.570665 0.838457 1.06919 0.595325 0.430201 0.526865 0.410851 0.565948 0.437042 0.450423 0.608571 0.305127 0.23011 0.398578
 1.31812 0.408056 0.610106 0.777432 0.363165 0.75764 0.776701 1.10743 0.532613 0.414404 0.614114 0.407432 0.58508 0.42685 0.451017 0.697611 0.266973 0.245723 0.335921
 1.12204 0.431638 0.620655 0.691625 0.381085 0.733469 0.874848 1.08892 0.684102 0.61937 0.729857 0.480889 0.637843 0.459873 0.631405 0.809014 0.299876 0.304703 0.315499
 0.738182 0.353784 0.611587 0.462294 0.353197 0.569798 0.697405 1.04783 0.617702 0.643115 0.719317 0.395808 0.522325 0.372314 0.471182 0.739862 0.285122 0.213443 0.286234
 0.477115 0.301719 0.787021 0.536457 0.383607 0.58025 0.744757 1.03292 0.584103 0.474017 0.579706 0.339866 0.463712 0.428704 0.444522 0.72264 0.276088 0.1802 0.196811
 0.525042 0.323705 0.415151 0.462056 0.301996 0.450134 0.615397 0.725955 0.384543 0.317916 0.327311 0.256325 0.349274 0.3195 0.350798 0.443067 0.231961 0.174785 0.164452
 0.55725 0.385456 0.308204 0.378101 0.334141 0.476554 0.791842 0.992397 0.525823 0.417558 0.421764 0.347512 0.444252 0.381152 0.497115 0.541196 0.345194 0.231888 0.196547
 0.334937 0.361737 0.485291 0.469955 0.382403 0.59996 1.00967 1.19607 0.483393 0.385713 0.438202 0.311691 0.488018 0.441232 0.584358 0.635044 0.344657 0.277202 0.27256
 0.374259 0.276181 0.503502 0.438926 0.332312 0.559578 0.728082 0.85071 0.399153 0.299584 0.336083 0.266178 0.317809 0.284998 0.420065 0.449187 0.292521 0.237558 0.228371
 0.266786 0.234774 0.638674 0.514677 0.411902 0.612131 0.842379 1.01724 0.502525 0.308796 0.326232 0.246554 0.304126 0.289267 0.483916 0.534597 0.336327 0.235263 0.256915
 0.299957 0.321428 0.780865 0.528455 0.488036 0.762839 0.91098 1.13236 0.510019 0.407476 0.378747 0.301867 0.309772 0.316723 0.535015 0.57597 0.342287 0.275983 0.373181
 0.720753 0.383085 0.562692 0.450348 0.325638 0.650856 0.708135 1.15789 0.484652 0.400854 0.32169 0.292881 0.307431 0.325104 0.437485 0.381008 0.265272 0.243314 0.314226
 1.17823 0.400869 0.601854 0.373876 0.355915 0.688887 0.785581 1.17023 0.642839 0.614205 0.429755 0.34136 0.410327 0.320615 0.472981 0.473223 0.289682 0.254122 0.31463
 0.978509 0.466529 0.677665 0.325197 0.382752 0.653694 0.816441 1.16782 0.666153 0.571966 0.404514 0.379081 0.357052 0.382748 0.531966 0.509228 0.36071 0.274875 0.308726
 0.427877 0.318435 0.41336 0.488337 0.46468 0.737047 0.721487 1.09185 0.655377 0.62485 0.492777 0.321025 0.363794 0.378927 0.497513 0.533188 0.36499 0.282182 0.360569
 0.358421 0.39068 0.471177 0.608965 0.358238 0.634881 0.532334 0.694078 0.557554 0.481795 0.429525 0.256876 0.302983 0.378269 0.424659 0.419144 0.283726 0.228499 0.230453
 0.382552 0.270465 0.61208 0.540658 0.386085 0.779941 0.686551 0.6836 0.531536 0.499976 0.38454 0.25367 0.296008 0.399147 0.475386 0.53623 0.322486 0.252711 0.327574
 0.261987 0.176392 0.305071 0.377058 0.27892 0.511912 0.582718 0.690118 0.556486 0.429367 0.290213 0.166335 0.181919 0.24148 0.330812 0.353206 0.20643 0.211966 0.226211
 0.341645 0.171789 0.283876 0.348276 0.287585 0.642416 0.772644 0.728096 0.656892 0.435866 0.332731 0.242076 0.227255 0.293766 0.417507 0.509171 0.275141 0.291547 0.321056
 0.320253 0.190427 0.352874 0.445882 0.358349 0.737946 0.929875 1.04231 0.739938 0.409174 0.44789 0.287794 0.327359 0.281735 0.465648 0.550831 0.25504 0.282711 0.375358
 0.524725 0.270937 0.525367 0.683211 0.407401 0.824872 1.05299 1.12309 0.73685 0.601365 0.574573 0.322523 0.426115 0.317575 0.53947 0.623268 0.293633 0.288643 0.351403
 0.447741 0.305449 0.484066 0.506671 0.31058 0.703277 0.798895 1.08361 0.675098 0.53863 0.489239 0.296067 0.378949 0.269168 0.431846 0.580142 0.21494 0.277342 0.2986
 0.388623 0.222225 0.438362 0.467746 0.3016 0.629823 0.730671 1.04575 0.576653 0.45049 0.538033 0.320196 0.345465 0.258289 0.468391 0.511386 0.222237 0.211618 0.304079
 0.634796 0.260692 0.440196 0.497036 0.280809 0.636023 0.815393 1.2264 0.646861 0.423732 0.55855 0.354728 0.433374 0.323612 0.502144 0.547118 0.238314 0.207166 0.280599
 0.381982 0.405774 0.455582 0.440662 0.321523 0.627262 0.569395 0.801612 0.594948 0.426658 0.42642 0.248048 0.334752 0.246879 0.368916 0.436412 0.271437 0.242814 0.239622
 0.303115 0.582191 0.646965 0.666588 0.39427 0.846069 0.791895 1.23279 0.789626 0.612573 0.50227 0.42725 0.490979 0.387393 0.549643 0.649053 0.393541 0.386098 0.345613
 0.383913 0.553444 0.626024 0.774055 0.3943 0.856393 0.886715 1.27151 0.693543 0.499068 0.426665 0.400765 0.417177 0.392479 0.54672 0.85144 0.45268 0.442631 0.308379
 0.502199 0.613616 0.867285 0.955513 0.46574 0.913157 0.939876 1.3506 0.711499 0.482679 0.426841 0.345456 0.382297 0.372488 0.554506 0.693313 0.388735 0.311269 0.266527
 0.735248 0.676754 0.680707 0.658411 0.524573 0.837218 0.838652 1.4494 0.642326 0.600045 0.452644 0.36711 0.424157 0.3875 0.6012 0.654806 0.35526 0.291992 0.373548
 0.884693 0.704303 0.701355 0.474952 0.35887 0.606587 0.627955 1.04013 0.535661 0.427317 0.340303 0.259436 0.334216 0.337888 0.395183 0.435258 0.232843 0.195489 0.23855
 0.492858 0.490161 0.631822 0.880117 0.472582 0.889922 0.862124 1.03226 0.635703 0.459019 0.500388 0.392093 0.471188 0.483839 0.582185 0.656313 0.311457 0.320068 0.312245
 0.430093 0.356505 0.659356 0.875782 0.350179 0.717966 0.672237 0.724201 0.539413 0.367048 0.451761 0.283872 0.428423 0.410496 0.533012 0.487061 0.197027 0.244466 0.26373
 0.285756 0.393436 0.91745 1.01112 0.471375 0.629471 0.608371 0.707762 0.405386 0.365795 0.386665 0.213122 0.345242 0.35346 0.536851 0.456571 0.217644 0.214146 0.214743
 0.264481 0.378602 0.708056 1.00603 0.424842 0.640954 0.592363 0.892445 0.52174 0.424582 0.414691 0.245253 0.406349 0.475345 0.546282 0.488997 0.233886 0.257879 0.248849
 0.603702 0.679408 0.656835 0.831223 0.406932 0.708845 0.744349 1.03657 0.6116 0.525978 0.509899 0.312132 0.459475 0.489164 0.548975 0.613318 0.276089 0.298571 0.279473
 0.606034 0.886455 0.648799 0.561047 0.453871 0.765501 0.803 1.06456 0.612905 0.502983 0.498596 0.369985 0.480368 0.448016 0.59373 0.722738 0.339159 0.337861 0.346427
 0.392189 0.559006 0.680067 0.609424 0.548672 0.824231 0.804771 0.91161 0.615857 0.536477 0.515804 0.324793 0.376281 0.413759 0.525979 0.741725 0.353627 0.321777 0.286827
 0.469045 0.662886 0.674957 0.649343 0.484103 0.814233 0.677878 0.955936 0.681711 0.637629 0.526764 0.313816 0.372557 0.466279 0.586473 0.685635 0.372643 0.349707 0.325275
 0.564175 0.450569 0.827101 0.665174 0.493845 0.786273 0.765863 0.918244 0.620513 0.660739 0.482526 0.302969 0.331016 0.438996 0.580183 0.729098 0.3157 0.245545 0.308045
 0.331413 0.596414 0.76631 0.628067 0.481746 0.758453 0.952501 0.958002 0.626431 0.595082 0.459381 0.338592 0.41596 0.454049 0.546035 0.844984 0.30862 0.260691 0.266314
 0.221624 0.379931 0.773882 0.71256 0.341226 0.485859 0.65191 0.802591 0.429886 0.447085 0.334254 0.279746 0.361481 0.380464 0.444276 0.56855 0.268962 0.21348 0.244115
 0.224898 0.469201 0.568092 0.61118 0.347687 0.507683 0.799531 0.934176 0.500412 0.392353 0.35752 0.262236 0.327176 0.312143 0.327471 0.452666 0.277828 0.214162 0.215066
 0.356111 0.644622 0.582435 0.499659 0.395171 0.588149 0.944975 0.98927 0.543518 0.412722 0.433775 0.291341 0.381156 0.311059 0.412072 0.516919 0.305039 0.218017 0.2809
 0.343349 0.5723 0.542452 0.413605 0.412788 0.704957 0.983857 1.36435 0.778028 0.551632 0.4467 0.325528 0.376566 0.376494 0.464075 0.620351 0.343293 0.262333 0.328407
 0.360143 0.360888 0.391856 0.358257 0.370918 0.605388 0.728902 1.01002 0.529867 0.41585 0.335668 0.293414 0.2936 0.408638 0.409676 0.50023 0.296945 0.215457 0.269225
 0.447976 0.776868 0.545765 0.618557 0.438083 0.762165 0.918102 1.17575 0.601522 0.605976 0.523874 0.385905 0.412692 0.637975 0.634357 0.810104 0.40163 0.270195 0.353446
 0.926311 0.533089 0.940971 0.904652 0.585134 0.782865 0.888336 1.11974 0.512332 0.540674 0.484965 0.353823 0.357099 0.480649 0.500174 0.676613 0.340048 0.304422 0.387946
 0.97259 0.51263 0.796153 0.911022 0.549962 0.898989 1.1507 1.53948 0.790106 0.654958 0.521358 0.415503 0.500876 0.609129 0.760474 0.878345 0.415217 0.307642 0.394928
 1.34638 0.545443 0.985796 0.571343 0.415609 0.873034 1.28563 1.47238 0.811271 0.57344 0.60618 0.422438 0.565449 0.586136 0.761816 0.920279 0.424946 0.322494 0.262809
 1.32307 0.423125 0.835865 0.440773 0.357581 0.641381 0.872885 1.22611 0.7378 0.597793 0.624978 0.338824 0.48402 0.49839 0.618615 0.858465 0.364501 0.274464 0.236469
 1.13878 0.409928 0.917068 0.43768 0.379053 0.590151 0.756749 1.21526 0.816685 0.602771 0.567677 0.353707 0.563081 0.480302 0.653131 0.838244 0.449609 0.33754 0.273904
 1.64545 0.307782 0.816837 0.547161 0.462572 0.754586 1.01681 1.3329 0.809565 0.635039 0.56093 0.407366 0.665518 0.548437 0.753141 1.07554 0.551081 0.418324 0.329045
 1.23295 0.325095 0.629844 0.719027 0.455912 0.797611 1.14822 1.44115 0.880068 0.716242 0.584533 0.396821 0.68392 0.655172 0.844623 1.23905 0.68588 0.476765 0.404113
 1.63575 0.48131 0.59207 0.886621 0.466283 0.769242 1.1886 1.18761 0.83257 0.70523 0.568306 0.340106 0.628192 0.570024 0.779957 1.196 0.568969 0.464143 0.404834
 1.72102 0.763494 0.801878 1.05402 0.44663 0.880947 1.52211 1.40018 0.856647 0.786058 0.660239 0.35447 0.610193 0.56425 0.759189 0.921128 0.559192 0.490874 0.413012
 1.86367 0.732976 0.770712 1.21947 0.510956 1.10467 1.51896 1.5443 0.8856 0.786775 0.746684 0.398645 0.658925 0.617005 0.733466 0.99678 0.545465 0.576001 0.504039
 1.49433 0.65794 0.568199 0.992036 0.458029 1.117 1.38373 1.45708 0.911685 0.826339 0.746019 0.392838 0.647032 0.616183 0.712018 0.957006 0.504214 0.640311 0.557483
 1.90126 0.552791 0.587241 0.846851 0.49272 0.986779 1.04548 1.34266 0.767925 0.67267 0.618517 0.384418 0.653076 0.495444 0.544073 0.664536 0.431667 0.505986 0.449831
 1.38876 0.33041 0.57497 0.858238 0.56501 0.920032 1.27449 1.3597 0.98322 0.923671 0.796734 0.389887 0.864957 0.586844 0.581714 0.747407 0.451066 0.485207 0.467964
 1.98062 0.412061 0.910067 0.943653 0.638302 1.14899 1.40986 1.33422 1.04222 1.07819 0.906609 0.428408 0.932744 0.714188 0.682059 1.00385 0.661419 0.589402 0.563945
 1.83362 0.503834 0.74241 1.24273 0.653083 1.11325 1.52742 1.52388 1.21295 1.03965 0.883578 0.46494 0.9149 0.769231 0.724419 1.00835 0.707039 0.619227 0.627171
 2.11231 0.644961 0.760135 1.03342 0.545966 0.867401 1.519 1.39773 0.974699 0.822417 0.751161 0.476132 0.880312 0.709883 0.819876 1.17707 0.648749 0.585628 0.699185
 1.30857 0.539397 0.793157 1.08537 0.551262 0.902432 1.58645 1.51918 0.895798 0.777637 0.722443 0.514135 0.76737 0.760233 0.813984 1.27454 0.541403 0.57229 0.61749
 1.26942 0.46978 0.53632 0.739596 0.496368 0.834058 1.30165 1.24319 0.757549 0.700443 0.734181 0.504077 0.693006 0.757381 0.927556 1.24996 0.521476 0.463696 0.501256
 1.75113 0.570365 0.621333 1.02957 0.594985 1.11616 1.11021 1.22158 0.732671 0.655954 0.697883 0.453317 0.647309 0.75029 0.824445 1.02669 0.521406 0.493301 0.399482
 2.00285 0.602339 0.540423 0.952857 0.735838 1.19289 1.22281 1.42459 0.896895 0.763478 0.730028 0.537545 0.715611 0.805243 0.881461 1.10859 0.604625 0.565808 0.440746
 2.16465 0.626886 0.547812 0.983111 0.701849 1.13696 1.14285 1.4716 0.848768 0.929766 0.761997 0.522226 0.740492 0.790816 0.870096 1.12216 0.569694 0.524735 0.460476
 1.72054 0.484456 0.566409 0.761359 0.701676 1.17181 1.26082 1.6131 0.814081 1.01058 0.880319 0.551802 0.788854 0.836278 1.02841 1.38768 0.643725 0.565963 0.507282
 1.69047 0.591617 0.627744 0.776496 0.743804 1.06517 1.37699 1.82836 0.846063 0.870419 0.74073 0.549831 0.822982 0.858974 0.987086 1.41078 0.689628 0.618249 0.562171
 1.43618 0.764821 0.499793 0.605296 0.657912 1.15336 1.40315 1.8623 1.06995 1.08731 0.872803 0.613645 0.890745 0.871321 1.00253 1.40858 0.656606 0.640249 0.558935
 1.30736 0.48318 0.440899 0.791409 0.646888 1.30733 1.43784 1.6735 0.913209 1.05616 0.794528 0.557811 0.773135 0.737676 0.909812 1.25644 0.692828 0.561308 0.54186
