 164833 170030 186554 250473 245859 206761 178238 154879 113611 105760 155932 148639 158734 142405 95404.3 78551.7 73984 115842 117815
 164833 170030 186554 250473 245859 206761 178238 154879 113611 105760 155932 148639 158734 142405 95404.3 78551.7 73984 115842 117815
 164833 170030 186554 250473 245859 206761 178238 154879 113611 105760 155932 148639 158734 142405 95404.3 78551.7 73984 115842 117815
 164833 170030 186554 250473 245859 206761 178238 154879 113611 105760 155932 148639 158734 142405 95404.3 78551.7 73984 115842 117815
 160800 169935 185634 248523 246746 208313 176986 152877 112316 105428 153102 145308 152912 136921 92765.5 76416.6 72836.7 114883 117573
 144886 150802 202951 267577 237157 191571 172402 149674 101914 91770.5 143976 136508 148569 134118 91789.7 76558.4 67079.6 117921 122974
 195935 180342 227193 299810 260105 202909 170289 140576 101571 91598.4 134877 124750 148235 132317 87747.4 73933.2 62703.3 121716 127211
 195726 205707 234362 284187 243800 194101 159098 124046 84589.5 76571.1 125117 118582 143396 134591 89945.5 77722.8 62989.6 131842 143949
 214144 212665 199356 261687 252279 197183 156521 132793 100410 94577.1 147555 132812 151648 132231 90333.9 76472.6 60154.2 130004 137784
 216608 240484 225706 266249 257863 216451 191004 163689 140130 134001 163014 132774 147402 136753 99858.4 92536.2 76979 125021 127728
 219829 275128 238459 219513 211709 198773 188920 158449 126393 127386 159543 122144 147881 129778 91429.1 88411.6 82065.7 133895 127166
 204352 197560 200119 238059 229805 205300 173498 164379 138016 132936 163087 135000 158458 149528 105181 91812.5 92052.3 150972 155702
 158486 155262 189557 246996 262723 251431 234783 194214 149164 135596 175599 155401 173694 155626 109971 101129 95831.7 168237 183061
 147311 158354 219072 281059 276486 254428 219918 188859 156196 143803 179523 170823 169697 149802 98604.9 92075.1 92680.7 146809 155684
 205694 199781 245976 271930 241717 219609 192089 169594 132528 111836 160821 165178 162726 133122 84509.6 68832.2 63336.1 124091 128572
 230014 245088 298856 314372 279475 249066 220664 190248 149624 126723 187686 196210 194946 161441 104862 81732.3 75548 139989 145850
 203040 242869 259875 250587 221643 208220 196495 165353 124679 121483 174363 161868 171042 157891 107258 85279.7 71612.9 141476 145168
 165110 202014 254792 310453 283495 254772 230163 203509 160692 147699 196277 180051 204680 189634 140021 106743 93651.5 181096 180767
 216924 256809 283191 362970 332286 282391 248363 208543 165593 168581 249666 234371 258250 233421 167142 131300 125959 180056 182829
 219350 228070 187569 220257 231610 195121 176317 149002 104323 100190 161031 166219 183283 156646 93358.6 76242 77019.5 109205 112821
 175067 207286 211773 251411 257759 206649 176540 159666 123421 108548 175406 183033 196609 160439 99399.2 88539.2 95003.9 134300 132168
 194169 220812 227296 266776 257690 204931 178952 164040 121020 100111 170515 179285 187402 152926 94664.9 79880 79143.5 120521 132936
 163122 183478 186378 260830 266848 225186 185204 150296 107367 83213.3 143886 165918 177317 139239 81389.2 69445.8 68412.9 108515 116683
 117897 189987 238894 283193 250052 231421 190379 170255 134094 106209 171586 184015 190317 154564 93932.4 78122.7 84310.3 125428 120421
 176549 214730 277077 319376 266993 210700 169638 155902 127634 112708 174189 179663 187641 155649 97767.1 83112.7 94998.5 129614 121271
 163664 209409 240486 298621 260314 219971 179671 161446 130695 129776 193846 186176 198377 158445 104484 88996.2 90454.1 136076 130213
 115797 146625 195368 254302 240434 207443 188003 157119 123004 117306 188197 178767 183966 152200 93136.1 78021.6 81756.6 126894 121704
 156742 215890 275177 291200 261617 225908 225750 198366 145110 133428 212890 199630 198017 165277 99765.8 86468.7 91373.6 140758 136133
 202536 201620 229951 305064 302014 239642 214247 194525 165674 158413 219695 209012 222737 185288 112412 93074.1 94386.4 164486 171152
 178329 195812 246376 316784 291290 228052 199095 162843 130769 142623 216336 215501 216331 176952 111679 95364 96182.8 171144 181296
 165409 169053 250009 326089 276860 205307 163573 131880 98731.3 111921 185287 185279 192352 163713 106441 92411.7 94376.9 135749 135230
 120587 134556 162445 234821 203540 178486 148160 114439 90231.7 106633 150685 139441 142155 120993 74334.7 67536.9 65964.5 108975 125308
 130897 149794 176609 216649 200871 156899 127192 110666 84319.7 93187.3 143520 138814 136968 115537 71265 58471.3 56973.8 84592.4 92229.7
 105241 169393 196970 238109 227878 180580 152679 132248 102489 110207 152815 140011 139293 115448 72781.7 61264.4 61161.9 90958.1 95931.1
 142207 157731 196390 241436 223369 171825 153437 134969 110959 113596 162942 150683 141652 116911 75095.4 71030.9 69940.8 106736 125841
 144974 164742 187939 250191 231811 163183 152045 135601 125637 122944 181233 170707 167170 133860 84789.5 77397.3 78972 123488 153530
 164978 131040 145875 230809 238743 173690 167112 148722 119381 107200 176883 171126 153397 116277 72688.6 65350.8 64196.9 112964 128328
 175820 145394 171441 236413 234930 158914 145825 140532 104831 94366.4 155888 158755 148956 120593 74738.5 62034.8 58085.4 104135 112399
 174949 151540 185843 296966 280795 195663 208934 202864 164175 131403 195248 192412 194296 153248 93977.1 87210.4 81361.1 130157 130477
 224297 188127 220213 308229 277386 221096 206369 183850 157653 154232 210845 204127 209704 161747 102755 93449.6 86036.8 130809 124231
 152871 157304 218813 289597 272606 227321 181116 179216 142741 139879 205222 198872 197522 165049 106093 90848.2 80425.9 133592 130591
 156380 139569 234196 325839 271339 213716 180846 169308 131152 125907 196225 192158 189855 161109 105396 93772.6 87762.1 129359 128009
 230607 164860 232935 327662 275523 219874 188027 184733 147164 135004 200572 184294 196872 178606 120243 91539.5 79593.2 106825 122922
 227533 172053 197709 247385 216120 186621 158713 143079 113999 101044 157486 141029 163825 143947 95761.9 73521.5 63505.8 88675 98947.4
 229555 183239 202077 252461 242195 211407 168769 144517 99694.9 84383.7 146515 143901 153391 131596 90213.5 72802 62574.5 86699.6 85667
 200723 200613 245817 282916 211764 187329 163768 134455 86545.2 83467.1 161618 153799 168018 141161 102751 93769.7 81263.6 121902 113495
 172495 136768 187116 243450 195285 171688 146774 124824 87135.1 92297.1 162772 152474 155301 136864 98239.4 85839.1 82574.7 122069 118348
 147807 130281 149889 211772 199075 183934 150070 114891 78177.4 77326.7 138823 137434 128337 108506 71754.5 59138.1 54442.3 86568.6 84817.9
 184488 147974 178711 237168 232717 214584 188925 146218 109054 108512 183643 178084 176612 151114 100280 80919.1 80940 123716 122279
 145279 134758 188299 252523 253259 231053 199637 152201 107275 115145 175027 157338 180408 159918 105713 85112 85603.1 115949 106924
 103497 153695 189797 251514 259054 231205 188952 144977 103521 101363 157588 144021 182346 173614 120603 94715 84063.1 119589 116124
 118207 143319 175952 253407 266111 204528 165681 139461 99990.1 98653.5 151007 139894 152814 144035 94910 80521.5 75393.6 111277 113461
 159787 157400 162453 225781 239488 195572 194043 175800 130590 121808 176588 161896 176152 165307 111591 92315.4 79314.6 139932 153527
 199959 174182 162380 245298 255249 205259 198793 194527 158901 149097 199506 186822 209642 192623 128525 104839 91016.9 145433 146309
 182277 150336 144246 199743 221638 185921 163085 157480 136776 132898 189753 179557 192336 164980 110392 94895.9 82134.4 118141 122546
 165942 160420 157623 226171 284102 237940 184026 165270 143287 142298 191278 168446 184892 157420 98917.8 97165.3 92402.3 131413 126807
 233538 171651 148594 221434 259208 209028 165602 152351 118428 111968 173234 161022 167961 139122 95151.9 92727.8 82549.3 130300 143926
 193441 192072 138541 209666 217094 176665 168768 163894 126751 114343 164852 145076 150587 126069 90908.5 88725.4 74323.6 110718 109023
 150815 159558 137005 180454 209948 195942 162669 146759 123791 117283 153250 128525 146190 127052 88728.9 79303 67534.7 108296 106363
 228510 225721 171830 202716 240521 242867 222664 197999 147694 132212 185650 159220 177058 149557 101691 90264.3 78481 130132 131182
 131808 148466 150874 215382 242187 226011 178338 135629 103333 101232 155527 139735 153022 133710 87721.3 78515.2 70810 116843 118802
 134604 150263 119400 175741 207705 184259 138461 106116 73701 79265.3 129992 118768 129872 112133 70998.9 64267.5 60034 92503.3 91571
 115475 156787 129797 201259 236342 205953 148164 133919 96406.8 89656.5 150008 140335 148518 118516 75759.8 72395.1 71383 92396 84068.9
 179542 173219 124103 205176 228477 208983 156925 129112 98830 87405.3 146625 123142 131258 114820 72900.1 64530.1 66082.4 94491.4 83030.9
 190517 151647 110255 194319 196956 197557 182915 151389 110870 95662.3 149163 123172 131555 114513 77380.4 72269.4 68256.6 104540 100024
 185662 170441 134039 202966 259868 243583 216926 173386 123013 102744 145865 125627 149150 134813 90196.4 78493.1 75143.2 139899 141009
 213364 173034 137746 223377 271756 228136 192492 157832 117082 104796 150125 140439 163860 144535 97596.9 79763.9 70674.9 148116 155203
 128564 140879 137284 187636 216240 189382 185269 167515 119070 104099 148249 136926 149865 133397 93137.3 73869 55206.9 99797 103308
 125748 175565 189938 200325 192853 169924 163004 129695 88691.5 87250.5 144441 125126 132361 114550 77431 63697 48323 95807.6 98872.5
 109018 177508 208376 239374 235048 199031 190638 163974 119365 119168 169725 145134 156173 136343 92078.3 76550.5 69616.8 131156 132859
 175396 156571 158647 239348 236750 208880 215774 178478 120735 123166 191379 175618 180699 158549 107111 83812 78307.6 152356 158378
 143928 153333 161741 259768 256758 227242 214838 172557 131850 131281 183038 168769 180294 167738 116719 88438.9 91066.1 157625 149148
 117253 185279 195757 237013 236947 189209 208388 162827 106484 104828 148855 131393 134934 129005 84327.1 71164.3 66991.3 107858 104768
 149670 195200 212985 273671 263949 208733 201065 154221 101331 105457 167045 159749 161333 153830 107392 80135.1 68632.6 120534 130712
 155471 184488 179573 222305 252254 217733 196411 156681 108929 101065 174294 176948 171336 151395 95336.9 70010.9 62124.1 121356 129559
 156027 180772 185844 235837 241119 200886 179027 151767 100002 93136.2 143377 150285 150318 132821 90208.4 66551.9 58697.7 102672 111071
 188607 235216 240461 277123 273476 216428 175354 144090 98510.3 96789.7 143218 145996 153918 141775 102223 81100.1 78930.4 137126 147787
 186477 211712 200677 236304 248934 231177 192907 151179 96523.8 94185.5 144680 143513 148078 131467 93206.9 74566.5 74965.3 121549 120800
 206054 212824 165692 213193 229973 207634 191893 157948 115070 108941 173696 168362 157218 133595 95299.2 80819.1 75197.8 112556 125891
 170602 159250 150974 191045 207172 179387 168991 144655 102579 91365.4 137513 135740 143124 135771 102051 82946.9 79705.4 102620 94789
 179577 202693 208457 235074 212359 180488 156709 140113 122708 114191 158930 153658 156570 139995 96843.3 76858 79555 129398 128095
 169150 179642 206447 274071 286549 236045 173614 159103 132716 129950 174883 174550 179582 167646 117926 95628.3 90360.3 160587 169948
 197895 211990 224399 277933 267751 244314 200151 173469 123368 116728 173394 172526 165027 149342 112996 99609.6 93191.5 160489 170470
 151470 161605 202315 297490 302385 273130 220018 204573 148409 119043 191894 193097 185848 161306 114182 100189 93449.5 168314 178281
 125795 155140 247177 308186 285363 230725 181051 172828 123690 99007 175827 182179 172923 152190 108432 90201.4 85928.3 136482 142083
 177955 175839 210683 276844 250803 218582 188180 163831 104061 91314.3 159846 148176 152795 130580 94683 86066.6 82806.6 139129 146983
 140698 133769 170501 280491 260116 226848 174346 136315 99208 92823.4 156036 148601 157084 134110 94254.2 81533.7 79736.4 133188 139796
 145894 137604 168475 269337 284381 227461 168821 143971 98964.2 76772.1 135480 131203 135750 118719 81566.1 74737.6 70456.6 124329 126950
 148186 147694 180673 258395 254733 190745 153813 150812 109602 93849.6 139175 125736 127475 105976 73277.9 69623 67844 115393 111498
 128478 131351 158882 228990 223436 187712 176663 154567 102929 95330.5 155350 141660 133864 106340 69807.8 59914.5 52861.5 97746.1 101305
 124803 153556 183044 267696 260716 192660 157074 137472 96807.9 94597.8 157352 139685 149858 119804 75834.9 69158.4 66630.2 120019 119963
 160743 156424 190976 263871 239784 184355 159860 136141 103331 99608.7 161714 147310 163559 130017 83573.5 74773.4 74041.6 128819 128786
 139355 130617 156296 250023 227054 181455 154703 139421 102682 90943.3 154482 136150 168365 130620 90964.5 78230.2 75243.1 117468 112304
 125955 143715 175507 244856 218577 194129 166152 141665 110757 104885 161919 137411 170217 139001 93919.7 86571.4 86822.6 132237 121371
 125785 153092 195099 257180 238346 210275 167469 161084 122974 119115 157498 133759 159998 134812 94009.8 90565.5 91778.5 145242 146991
 167450 163851 202722 268410 274409 252611 214344 185199 147730 131755 174000 165028 184566 166609 117042 103461 102523 153996 167397
 150725 147508 216450 292807 251911 215419 190812 175361 145703 133684 148261 136413 176543 167974 110859 95585.3 94317.2 136401 135573
 117556 118702 154311 207783 218756 203997 180335 148643 124657 111834 135522 119818 156886 157301 104535 83443.2 76850.1 122406 129122
 195533 160688 182315 238792 241002 207712 206699 176821 140077 114857 158083 153269 180951 173385 114309 83392.8 74704.6 127363 129182
 172570 192207 229069 303208 308688 242827 210006 170199 136933 121447 190628 189706 192309 169229 112490 88892.2 85138.9 136166 133842
 137639 135650 207572 291369 289351 214043 175531 147098 123767 125876 195731 184413 186941 165861 112131 90672.9 80510.7 137583 137007
 103607 105196 160135 220356 198988 161699 144079 118896 93942.9 88467.8 161854 152694 151328 132021 87875.2 71312.6 67999.3 120652 116179
 110742 104607 183640 236005 212698 166454 152597 137123 103627 97336.1 160230 152570 147778 131598 89921.3 68464.1 68826.9 124211 129480
 122541 126225 203728 272908 257577 196897 165677 151514 131279 132909 177635 154246 151099 133550 90923.3 72621.2 72450.6 121745 125797
 98373.3 106042 160866 217556 251897 214551 175111 145722 108759 106698 155428 143329 146108 128056 89958.4 69663.4 65471.6 105195 103729
 126197 142810 175817 229505 223576 175837 168084 146403 96794.3 89781.9 140168 132909 147668 136020 94669.9 72667.2 70135.3 101494 98652
 150428 155396 195215 242490 228877 192561 168172 149134 118915 113972 172693 159782 170927 150689 102116 85761 94829.9 128102 123326
 149290 161361 159191 202738 220279 190942 165651 141191 106106 105319 149456 134662 149016 140219 95141.5 77498.5 82210.5 116988 120080
 168429 177296 178277 235138 237873 208051 177515 136313 92271.1 94373.5 145765 135027 147420 140084 96043.8 82879.2 89005.4 110656 109177
 167187 178839 193504 253796 255755 217224 193637 169853 125871 117702 160940 146074 159218 153288 100398 88843.9 103044 127638 123385
 117157 124144 154605 192318 194454 172950 145429 124672 88542.7 83165.4 129435 115115 137059 132170 81205.8 62387.3 61149.4 86171 85565.4
 142512 181852 193799 216282 200242 168023 162439 153591 113586 117241 154717 131643 148309 144917 96669.2 76993.7 70097.4 108000 122273
 132586 177423 185172 195660 183928 172123 176267 149462 105950 123071 155692 128234 127384 117470 85105.2 71794.7 69711.7 97406.3 100599
 150518 190767 175947 197673 220655 202173 182319 145484 117694 124828 145825 119488 136345 127539 83936.6 58198.7 50645.4 101539 114833
 160908 188745 158843 222504 268829 240617 196835 149336 117653 130516 158823 135142 151683 139736 93050.7 67318.2 65197.8 115482 123509
 192946 205265 170534 235714 268676 226591 194163 159450 123743 130389 163363 151672 171773 154191 104639 78516.2 81145.5 123448 128175
 194635 211681 170343 218778 219209 180735 157875 122023 96819.1 108867 136215 131399 145237 120222 80957.3 62223.8 55991 85169.2 84356.5
 214308 210954 191949 244133 243621 193133 174221 138371 91684.8 96332.3 136430 133807 135457 111856 74347.7 57466.8 52908.4 81327.8 81913.6
 167765 188147 211608 261107 241622 200827 173155 129647 79762.6 81229.9 113316 107302 130634 114399 75270.4 64034.9 61182.8 91052.7 91552
 154480 203088 290440 305629 224268 181681 162986 125439 83623.1 74725.2 119095 114381 136900 123666 81198.2 76897.8 77407.4 117196 122627
 178379 198110 268992 284437 212161 164620 146334 125206 89487.3 78876.7 127366 131884 143599 126222 80023.3 72281.9 67047.1 111710 116228
 176030 160332 174861 231826 222095 167947 149180 122451 84136.2 74743.5 115687 113614 132009 123844 81462.2 64313.4 55463.8 103770 116192
 187995 165199 178498 234350 212728 156084 138249 129766 95586.4 81064.4 126265 122755 124945 105308 71518.4 60805.3 54254.2 89908.2 96500.4
 217134 200887 183062 241432 239395 207810 182337 160334 112457 97912.6 156220 152277 147786 119144 79206.8 67103 63604.7 111393 115205
 209622 191588 158674 257489 253480 213627 172938 153192 105925 95472.9 143081 126970 142550 126197 89859.8 75088.8 64766.2 121342 127537
 247170 188827 130229 239144 257699 212849 166323 139553 104517 95513.3 164096 145476 150825 133695 92539.6 76969.3 65303.7 116189 118959
 228208 206826 159736 257811 259002 223026 177307 154069 118626 103669 171764 151701 150009 137287 98737.5 85158.6 75667.6 133720 129297
 120087 166015 157191 199371 180163 165656 162415 127040 83222.5 75814.9 124491 109033 110706 100852 70969.7 59646.8 54825.5 78162.6 72021.7
 131860 142819 159462 216724 214131 188572 169432 134316 103674 96166.6 141120 127518 132630 118015 82116.4 71590.3 76326.5 101408 93914.3
 155884 141309 164137 249947 238212 193788 153963 128914 106016 89452.5 135542 125667 128793 119023 83712.9 72025.4 75261.8 92044.4 80495.1
 164524 123543 154201 235241 223877 193150 156737 140797 111917 100364 138056 120922 138634 122458 83740.4 72452.9 67050.7 89861.1 87162.2
 176667 153009 161913 240376 213469 172990 152840 124218 88134.7 73185.5 101258 94667.2 112734 109969 77237.9 58361.1 53440.3 85881.4 84004.8
 188764 165775 195187 281474 252093 187834 149808 136436 105435 87299.9 119073 106563 130866 126261 86259.3 63714.1 60156.2 101837 117974
 191974 160058 191287 252579 243901 197279 152323 134932 117363 101733 130310 123575 134815 125548 86477.1 72343.7 71118.7 132959 143916
 195479 183869 180857 265767 288698 225669 175095 162926 134482 126510 167939 151474 168101 154331 105762 85574.4 76294.2 148223 161850
 179903 204061 210033 246972 252687 195390 144610 127327 98542.9 90967.9 144832 131791 144356 136436 92570.5 69151 64362.9 132394 146504
 206271 201679 214491 235460 238136 184613 140706 134217 100563 98831.3 157409 144717 146200 122853 81168.8 65168.6 61250.5 104010 111677
 222635 205215 219390 263770 250980 189294 167289 183145 149898 129531 175863 165498 181017 157948 104071 78316.2 68183 120272 146077
 216356 210218 188197 228639 224602 172776 153058 140612 113841 128322 182751 165476 163739 144722 96601.2 65878.7 48172.1 105700 129270
 185812 204299 188622 198376 184739 149550 137118 128819 104919 117941 157696 140020 144079 134349 90241.5 61013.9 42535.4 83612.5 89629.6
 101481 167025 193476 231230 228639 173662 137848 138207 107813 128103 180038 161278 154036 147854 101767 69919.2 56739.3 93198 96172.7
 133140 149184 136683 185289 205557 162418 127931 123835 91235.2 107318 147454 129924 141098 129458 88320.9 65128 51357 88342.5 97792.6
 145972 168354 166449 197048 207431 166849 132289 120475 94262.4 101183 144888 130297 139992 128894 82704.9 61690.9 47780.1 84660.7 94995.2
 179100 170396 147794 179697 177706 152528 134418 126994 97571.2 107806 151742 130820 141441 122421 82274.1 62721.7 46864 81591 94029.3
 186898 168555 158382 229039 231910 196288 179625 164871 123041 124912 178883 161712 159243 133088 82561 63507 54141.7 109392 146571
 189168 173835 178905 230163 216835 178847 167952 156166 122642 114943 173458 158868 164632 138818 77212.7 55530.9 49348.3 98066 121262
 236150 257020 265801 309246 267136 209688 171746 147600 129584 145363 237480 237474 215949 179731 109494 84528.1 81091.8 130768 155146
 234304 240641 225973 282251 254995 210248 179022 136067 116293 139074 206167 182292 178543 152794 90693.7 66586.5 55537.2 97067.9 114456
 234580 230049 194054 252190 245308 197619 150115 112094 104752 128669 194570 170262 155016 136639 90012.1 71681.3 65062.9 95756.5 107985
 197757 215934 151164 205045 213283 169436 137386 113736 89960.8 95665.6 159388 142017 139391 126736 85925 61455.5 56048.6 98292.9 106667
 217328 242504 165259 217802 232566 198525 164686 139040 103380 111152 175800 164853 162334 142678 95678.4 74337.9 68529 110721 114409
 244355 236539 174734 255227 266537 200382 152515 134253 108152 117060 179630 162943 168084 150409 101065 80214.5 72250.1 115631 113869
 234869 234870 161840 235312 235439 191008 152417 125670 95601.7 104188 159572 145921 158710 139465 91936.8 76863.4 74063.4 116645 113731
 151997 135306 204406 298277 273954 220654 155160 134855 113909 114996 179538 168539 189185 169569 112975 80602.7 67544.9 118539 127645
 156841 118334 170395 253523 212343 194126 150753 124605 94059.5 88983.1 132429 124888 134387 132061 89917.3 62976.7 56015.8 91393 89766.5
 146064 119654 157398 245369 218878 193400 145451 123247 94580.3 101710 143507 130317 144131 135779 86158.2 55721.2 43374.4 81932.7 82820
 164065 135044 121705 198912 191206 194049 161342 134889 98920.7 103003 153298 138399 146592 132344 87288.1 59859.7 50412 92271.3 93911.8
 166905 167145 145637 211451 222252 207783 163914 139225 101963 105504 150878 134698 144667 127232 84118 59392.3 58486.4 84747.3 78835.7
 146504 160521 139561 223395 257081 232471 191090 158357 117603 132550 191064 173235 171355 149876 100646 82783 81177.1 124354 133750
 173584 163835 140743 222963 234406 184000 144539 134476 108411 113020 152197 137731 137804 121404 83099.2 69382.2 63271.6 102224 104487
 167747 176970 189160 250056 238836 202858 178404 168721 133738 134083 175385 150808 141712 127625 95937.9 82109.4 80677 119749 114291
 220796 176355 163647 216479 222376 203717 192001 181010 149288 138402 184703 166791 159562 141658 99680.9 76399.5 77252.7 130478 129709
 225932 181685 161435 212097 224829 207840 181802 167258 138575 139993 175571 156163 142645 121709 83952.5 71604.3 70424.8 118287 119520
 159117 166893 192238 218987 193494 183763 167745 151000 122751 121799 149096 126712 128511 112378 73422.6 58398.4 55647.2 93198.8 90401.1
 135979 149206 165714 193037 181765 164711 153514 150860 120848 124169 148337 123992 130975 119857 76943.6 57620.7 49370.8 85254 85885
 156347 157005 189491 202792 181506 154445 154751 149356 109022 114626 155937 135840 141968 123437 77244.1 56496.5 51291.9 105531 106666
 154600 145340 191730 213966 163042 149448 160079 148246 97578.6 98797.7 142734 131155 136748 111418 71504 53944.5 49889.3 96720.8 95920.6
 182811 180766 194554 206102 182454 164984 167970 151332 104020 104087 149030 135573 132517 111786 75484.3 61267 60055.9 108303 102239
 172403 189708 225523 233976 203003 156578 155600 150793 114360 111939 134839 118176 126559 110078 72039.1 61149.5 54609.7 104472 97993.5
 286258 241554 167235 216511 255270 209697 168160 169753 146747 144884 168941 141083 147386 122980 80526.3 68766.8 63443.9 109956 100467
 232213 209510 174341 214189 221326 183776 143616 141081 133485 127853 167446 147683 165069 142106 92006.2 77316.6 67457.7 129719 123907
 223010 196859 150611 194454 211664 163376 141802 136731 125110 123098 148408 128591 143933 130553 90280.5 74036.3 61342.3 108625 105129
 190150 169488 180034 198572 197337 156633 126374 113613 101947 103119 132944 127912 132278 121031 80173.8 66782.7 54796.8 93300 93568.7
 215126 166599 201299 262068 245144 178999 156506 161710 151201 154513 172590 146936 150572 142999 92168.4 83381.3 76052.4 131099 132770
 149154 131681 149163 239573 218557 146037 152331 159355 112241 107626 136406 115548 121648 109559 64353.6 62557.7 54833.9 98164.1 105854
 190770 193936 160666 202560 223205 169890 185730 177428 113770 106514 152313 143625 138362 122446 82113.2 76496.3 62248.6 93847 111594
 149403 133119 144667 217214 219047 152803 132920 125088 88001.8 92415.3 120853 115212 124016 107760 70287.2 69093.7 60383.1 91025.8 94266.2
 138181 127300 166526 209442 210786 149387 132011 128659 94193.5 95198.6 119771 106758 115044 101784 66751.6 60090.5 53032.9 102841 113392
 152765 136896 200757 260522 243880 169008 142645 142354 104450 104019 133162 126573 141681 121115 81617.8 63874.4 53052.7 112691 122300
 176099 147159 206907 270659 254469 175858 148227 129419 96734 108397 133968 119389 120133 103451 75349.1 57770.5 50321.7 101846 118560
 172191 166442 177907 222225 212890 153670 131153 117773 88921.3 93580 124924 107293 118550 101849 70419.1 56347.7 50126.4 101545 112670
 175617 202921 189603 207331 191871 167908 152758 122245 88036.8 87897.5 124769 109267 115012 96791.9 62959.8 50173.7 45636.3 87521.7 98527.6
 152117 191970 176888 212354 207608 171172 156539 130110 88471.7 95197.6 136944 126051 124103 99504.5 64949.3 53897.9 51610.4 82330.2 93806.1
 123038 150565 158607 211677 196527 159638 150193 136240 92175 91987.3 140811 132739 121899 99945.3 68656.3 53533.8 48013.7 81739 103168
 121361 140994 167062 209762 183718 164779 158549 135742 86490.1 92418.4 133975 120137 107472 87064.4 57344.9 47854.9 41706.5 66271.6 69763.6
 110172 133186 185732 231055 181710 162512 164918 136209 81960.7 83375.8 123937 108201 111254 92886 61067 52631.2 43800 71871.8 69162.4
 111011 139823 156245 190914 195339 186240 156488 139843 97336.8 92848 150428 136703 132095 108799 75870.7 62517.8 57938.6 89657 89166.6
 147747 171113 202237 221808 185026 150596 153759 137587 84038.2 76786.4 123898 113624 118025 97178.9 68331.3 58501.2 53118 83194 80153.3
 119799 139789 157195 182816 170631 142862 125796 116940 79954.4 69204.5 123447 113537 114517 93879 61509.3 49987.2 43508 68388.5 66826.7
 129391 152457 134760 158385 151832 132479 126177 109142 66854.4 67031.1 104418 93489.6 108726 95962.8 62527.5 50114.4 43143.9 64306.3 64074.9
 113372 130035 125716 188078 188697 152735 136587 120356 85639 80811.1 113949 106596 114546 96280.5 60560.8 46400.8 39123.6 56370.4 57252.1
 130145 151230 166110 207059 178089 145660 137326 121978 89362.9 86313.6 118504 113895 110617 97947.8 63926.9 52147 43936.5 65673.4 64850.7
 136126 168475 179479 220440 192624 150196 148398 129121 88773 84929.8 116869 106447 115490 96753.9 59565 45654.7 43829.6 75571.5 72170.1
 159140 190192 152512 192779 186161 168505 151707 130579 85926 79094.9 118749 107375 120726 102647 59402.7 50184.8 43948.4 78568.9 81381.5
 128480 164241 158495 193568 184723 162417 151981 132748 82253.4 72800.6 108847 98196.9 102153 87308 51900.8 45232 39034 69025.5 66306.1
 147730 182430 156267 194641 188574 165804 151119 134351 84993.5 78472.6 112104 98524.5 102402 87278.8 53941.5 50839.9 43498.3 81937.1 81213.6
 164027 206871 178020 174677 164717 154660 151480 134623 80063.1 70245.7 104758 93229.5 97823.1 83895.2 53212.1 48170.1 38941.5 77045.4 81447.8
 145539 194263 167548 177931 170896 139302 121356 117325 85574.5 78007.2 112733 105475 100884 85370 55731.2 50467.7 43122 75003.4 79262.7
 91752 147731 165852 204009 189073 142176 111013 100402 71729 60244.8 99874.9 99941.3 100716 87979.8 58438.3 48677.1 42710.9 79831 81748.4
 128978 188799 164724 186446 165730 142130 121024 114723 81920.9 65741.9 105368 104456 109598 96489.4 61736.8 46751.8 40639.7 80207 80812.2
