 6726.05 9591.33 11756.3 19987.8 8846.44 8535.78 10804.2 7097.83 5519.03 5694.11 14365.3 2714.81 12499.2 3421.27 2538.56 5059.91 3612.99 10671.8 2422.53
 6726.05 9591.33 11756.3 19987.8 8846.44 8535.78 10804.2 7097.83 5519.03 5694.11 14365.3 2714.81 12499.2 3421.27 2538.56 5059.91 3612.99 10671.8 2422.53
 6726.05 9591.33 11756.3 19987.8 8846.44 8535.78 10804.2 7097.83 5519.03 5694.11 14365.3 2714.81 12499.2 3421.27 2538.56 5059.91 3612.99 10671.8 2422.53
 6726.05 9591.33 11756.3 19987.8 8846.44 8535.78 10804.2 7097.83 5519.03 5694.11 14365.3 2714.81 12499.2 3421.27 2538.56 5059.91 3612.99 10671.8 2422.53
 6896.39 9963.04 11499.6 19952.4 8936.16 8566.9 10482.5 7111.2 5512.68 5799.84 13913.5 2787.52 11941.4 3470.05 2606.71 4906.72 3712.99 10593 2499.65
 6466.86 8731.29 16468.2 16813.1 7585.88 8398.89 10822.2 6806.79 4239.23 5352.5 13584.4 2312.1 12491.9 3110.96 3019.42 4408.96 2952.76 11893.4 2195.07
 8850.92 10007.6 16950.8 18738.7 6292.38 8521.95 9339.45 7178.91 4383.43 5051.11 11929.3 2319.97 13225 2618.29 2582.81 4535.02 2183.3 12772 2057.28
 8970.5 12525.4 13016.1 18688.7 5354.54 8641.8 8625.58 5995.15 3671.01 4925.46 11725 2026.12 12587.6 3640.51 2395.27 4671.27 1972.91 14082.1 3047.69
 10518.6 8398.67 8921.07 21521.3 7644.95 6286.85 8830.65 7502.04 4470.36 5358.62 12817.9 1897.81 12286.5 3196.74 2927.34 4237.71 2082.69 13503.5 2537.63
 8524.8 11751.7 7364.01 20754 10239.2 6953.74 11546.1 6680.12 8015.45 6040.97 10905 1612.55 12471.9 3776.09 3407.05 5423.68 2313.39 11458.6 2768.76
 5587.21 16279.7 4306.46 12855.6 11677.9 7126.77 11455.9 6275.92 6614.63 6794.75 10137.5 986.062 12649.8 2685.08 3145.98 5514.72 3320.07 10984.2 2120.51
 13255.9 9603.44 10311.5 16379.1 10452.6 8174.53 10334.2 9134.11 6011.79 7163.59 11302 1808.62 14344.1 3458.77 3198.58 5882.02 4638.43 13551.2 2985.51
 12377.1 9117.56 12674.1 17294.4 12694.6 10545.6 12947.5 6833.52 6794.48 6418.07 13597.9 2186 14136 3663.26 3292.12 7046.78 3714.01 16068.9 4336.91
 18867.6 8637.82 19389.7 17706 13569.6 11928.5 11497.9 9582.75 7795.98 6441.72 15868.5 2616.21 13462 3176.82 2906.64 7437.56 4308.24 15048.7 2308.76
 13364.4 9567.2 17691.4 17113.3 9739.46 10311.4 10672.1 8461.23 6971.79 3813.09 16446.1 3751.32 11264.5 2630.19 2212.63 4843.81 3181.83 13551.3 1402.82
 12788.5 13496.3 19383.3 16148 12291.6 11222.8 11506.8 9168.39 6846.52 4427.57 19239.5 4207.36 13155.2 3163.08 2419.29 5191 3786.78 14660.2 1841.09
 14767.6 11876.2 14113.4 12026.7 9008.6 11622.4 10703.4 7375.88 6674.59 5790.61 14838.1 2815.45 13043.6 4303.15 2413.56 4690.84 2984.98 14454.4 2087.43
 24333 11053.9 16215 20091.6 8486.29 13428.4 11098.8 10640.6 7212.51 6037.48 15211.7 3146.91 15774.2 4664.89 3620.22 4336.57 4614.74 17181.8 2563.95
 22258.6 13784.7 15139.8 25301.2 7730.38 12818.4 12684.6 10016 7770.95 8775.5 19939.8 3590.55 18817.6 5201.52 3572.02 5746.93 6484.12 13276.8 4980.99
 9882.29 7576.07 6399.1 20673.7 8103.52 9136.14 9800.88 7258.43 4627.28 6156.27 15411.9 4381.88 13032 2747.04 1694.79 4824.76 4764.94 7947.84 3945.22
 14284.9 10435.4 10246.8 21688.4 8338.36 8231.5 9858.26 8497.8 5240.87 4810.69 17827 4176.07 13651.5 2049.76 2235.84 6173.83 5605.16 9720.25 3259.31
 18084.5 13283.3 9624.86 20565.2 8244.31 8027.22 11121.7 8747.16 4881.47 3717.47 17914.8 4322.99 12569.5 2540.47 1911.33 5126.45 4261.3 9942.06 4673.89
 11218.2 8661.83 8954.42 22986.9 8722.06 9106.69 8903.71 7017.67 4564.37 2836.59 15467.2 5607.7 11591.5 1865.94 1767.96 4467.12 3761.87 9119.17 3629.66
 5827.09 19617.8 10182.5 20403.1 6839.69 12785.1 8434.61 10393.2 5775.99 3378.86 17358.1 4865.5 12278 2307.18 1476.36 5131.29 4939.34 9450.91 2424.52
 4323.3 15709.8 16776.4 20975.7 6279.82 9146.86 8801.6 9425.18 6392.67 4086.2 17876 4148.33 12757.4 2653.1 2347.98 5719.4 6068.71 8808.74 2540.4
 3030.06 18420.8 10953.2 21076.9 6047.62 10534.4 8710.69 9564 5844.92 6522.34 16013.8 4326.22 12699.1 2609.17 2997.46 5452.92 4660.63 10646.9 2412.97
 5866.46 14698 11600.3 19108.1 7329.51 10693.2 10970.7 7044.12 6391.98 5782.7 17700.7 2914.43 12625.4 2966.26 1666.5 5398.09 4670.5 10457.5 2022.28
 10095.1 21045.2 12903.3 17785.3 10149 10017.6 14555.6 7301.17 6994.76 6047.93 19967.8 2608.62 12994.8 3378.93 1697.84 6352.42 4483.99 11724.3 2480.17
 21086.6 12439.5 12204.7 23767 10913.2 8089.41 13042.9 8554.31 8961.84 6723.09 17713.6 5005.1 14550.4 3046.16 2049.88 6041.71 4652.36 14740.3 3761.41
 15858.6 13346 17460.8 19454 10010.8 7750.96 12285.2 5496.37 8826.01 8154.62 18675.1 5522.44 12784.4 3200.89 2019.52 6722.93 4604.84 16106.5 3584.72
 26130.4 14123.8 20655.3 18168.1 9467.29 5455.29 10699.7 5164.18 6404.81 7146.22 17666.1 3754.13 13272.6 3511.67 1665.23 7111.41 4424.34 11256.3 3023.88
 8837.38 11638.7 10502 19288.1 7014.55 8640.3 8274.92 5137.7 6118.11 7436.23 12267.2 3341.54 9867.66 3183.56 1247.08 5914.67 2665.06 10936.2 4298.61
 4379 12165.7 10416.9 16310.6 8002.52 4770.44 8824.89 5503.79 5245.73 6515.78 12935.9 2702.37 9962.1 2909.76 1433.69 4386.75 2709.81 8059.57 3187.29
 3893.87 18589 7220.76 19959.8 7220.23 6541.2 9351.48 6563.62 5837.72 7118.67 12422.6 2641.87 10165.4 2494.29 1965.64 4588.82 3347.46 7900.47 3286.54
 7502.23 14693.2 10325.4 18923.5 6701.59 6532.74 9882.99 5899.22 7151.4 5579.31 13769 2599.45 9350.89 3163.03 1686.41 6030.58 3088 9266.74 5598.01
 5247.47 14692.8 7976.62 22653.7 5328.14 5777.52 11101.2 5145.76 8786.11 4705.06 16044.6 2917.63 10482.5 3226.04 1586.38 6151.44 3682.63 10541.4 7439.87
 4956.51 7640.39 9181.04 21075.6 7234.81 4960.94 12259.2 4821.27 7209.74 4057.92 16755.6 2893.82 8438.14 2941.26 1852.87 4696.39 3036 10275 4772.32
 5556.44 8877.06 11349.8 19357.9 7154.57 3958.45 12050.7 6210.59 6112.77 3751.35 15696.3 2975.21 9567.51 2750.83 2153.02 4362.94 2637.44 10498.1 2832.52
 5269.54 7879.84 12344.3 24756 6494.32 5184.12 17445.7 7830.53 6920.39 3797.58 17462.9 3638.2 11681.8 2882 2091.1 6335.31 2978.45 11184.4 3346.67
 6634.72 11334.6 14788.5 21529.3 8655.01 7910.57 12886.7 8261.77 8915.57 6913.44 16512.4 4719.08 13031.4 2254.83 3293.63 6481.09 3120.8 11442 1875.36
 15672.2 13911.9 14345.3 19998.6 11450 8247.28 9104.7 12972.2 6055.7 7606.38 17736.9 3343 13303.9 3184.47 3202.08 5599.51 3546.83 12924.7 1442.13
 15192.9 11029.3 21749.5 20100.5 7362.24 8365.34 10722.8 10298 5678.28 7127.44 18369.4 2790.03 13591.1 3384.68 3172.02 6314.71 3502.66 11786.7 2249.68
 7576.42 6690.95 22361.2 20832.9 7858.74 8433.05 10479.8 11627.2 5097.78 7216.42 17427.6 1634.8 15590.8 4318.51 3037.52 4572.34 3559.42 8482.92 5795.16
 6611.32 8975.49 12433.3 17757.7 8203.03 7964.15 8523.31 8246.12 4684.5 4873.01 14292.4 1661.12 13511.8 3420.14 2534.46 3679.77 2998.56 7115.22 4123.2
 8164.47 10593.4 12369.7 19754.8 11001.6 8024.42 8191.02 7997.55 3967.06 4317.27 15527.9 1836.23 12372.7 3106.74 3123.32 4036.27 3104.77 7284.33 2106.01
 10950.7 14651.2 13667.1 17826.9 6627.79 9093.88 8652.31 7231.5 3452.74 5560.44 15856.8 1981.7 13085.8 2497.77 4441.39 5102.59 3702.08 9982.24 1544.53
 13466.7 7859.13 16953.7 15276.2 8176.84 7644.47 8986.76 6234.86 4229.88 6609.5 16147.9 1143 12239.3 3506.98 3452.8 5069.96 4442.69 10309.4 2275.93
 8455.26 7775.98 11460.7 17081.8 10680.2 7473.62 8049.09 3955.64 5757.69 3860.34 15163.8 1967.86 8741.97 3170.2 2514.37 3880.23 2868.21 8507.38 1449.89
 10383.1 7326.42 14861.9 16349.6 12059.3 8655.05 10256 4551.66 7446.15 5212.58 18453.5 2070.18 12725.7 2832.68 2906.7 4659.6 4612.2 10638 2383.91
 16904 8947.11 14906.9 16853.7 11572.8 9447.71 10484.7 4741.33 6484.26 6500.06 14977.9 1936.18 14620.7 2971.31 2721.58 4664.17 4773.98 8510.78 2206.94
 7001.64 16748.2 9146.89 19405.4 10822.1 9032.61 8904.69 5754.03 6284.12 5219.01 14598.4 1872.32 16676.8 3450.94 3234.82 4843.87 3599.86 10183.4 2393.45
 6663.42 10833.8 11257.1 20423 11139.8 4778.08 12023.9 5256.24 5378.26 6305.42 13983.7 2117.59 12983.9 3440.23 2841.36 5156.05 3937.88 9985.25 2576.89
 5519.19 10249.8 8501.64 21759.1 9759.52 5771.32 16493.7 6026.1 7221.42 6259.84 16507.1 1360.69 15958.4 3470.8 3448.28 5517.14 3245.82 15496.2 3173.97
 3992 7316.94 8667.16 24665.4 8418.7 6513.45 16387.3 7708.73 8773.01 6533.99 17703.5 2208.03 18640 3122.02 3296 6184.6 3417.84 14750.8 1784.2
 6011.99 7475.48 8299.57 17601.7 10158.3 6256.28 11453.8 8115.57 8328.38 5997.45 17191.6 2842.86 14682.2 2820.44 3257.79 5933.76 2740.04 10824.3 3125.21
 7391.73 8391.64 7625.91 19798.3 15739.1 4733.09 10154.8 8318.87 8297.96 6888.75 14981.7 2174.15 14887.3 2027.36 2553.94 7493.44 2982.52 11298.5 2012.6
 4263.25 6304.13 7360.42 20130.5 11614 5460.28 9974.84 8270.09 6325.32 5985.22 15433.2 2516.14 12786.1 2501.44 3093.56 6703.48 2489.15 12276.2 4218.21
 5908.57 5487.67 3700.48 21290.9 7260.96 6269 11946.2 8101.87 5800.6 5283.04 13491.6 2133.27 11138.7 2978.58 3225.5 5864.31 2238.11 9875.79 1915.76
 2351.42 7933.42 5028.24 15717.1 11148.9 7550.68 9304.29 7049.15 6636.01 5626.3 11296 2224.23 11538.6 2894.73 2767.57 4925.28 2581.4 9729.02 1794.16
 3377.56 6310.44 4774.33 17184.5 12683.7 10393.5 11375.3 7492.95 5591.94 5731.18 13632 2435.33 12147.8 3575.52 2566.86 5150.39 3092.61 10851.8 3149.53
 2588.54 9589.07 7793.12 17856.7 11592.7 8928.55 9033.08 5060.59 6376.87 5253.04 12918.6 2210.82 11925.7 2863.56 2557.51 4977.84 3149.72 10162.3 2826.42
 1694.81 8012.97 3861.64 18438.3 9982.07 7091.1 7110.13 4825.85 4279.31 5622.55 11488.5 2221.27 10634.8 2359.42 2179.05 4667.96 2941.65 8140.51 2139.91
 3356.79 11151.7 2647.11 19571.6 11326 6816 6685.46 8024.38 3229.08 5308.83 12730.5 3252.33 9900.58 2365.13 2331.86 5077.54 3528.8 6062.19 2167.19
 5891.21 7769.82 2447.23 19907.5 9933.85 9075.65 5933.1 7192.94 4535.07 4229.22 12661.5 1327.48 9678.96 3064.59 2139.74 4010.01 3601.27 6547.44 1849.78
 13951.4 4689.79 2883.29 19274 6884.27 11188.6 8901.83 6851.06 4524.4 4162.72 12809.9 986.257 10283.2 2917.43 2339.58 4897.82 2816.92 8078.08 2548.31
 5123.07 6299.63 4822.93 19106.4 14785.4 9858.1 11601.4 6331.04 5969.87 3937.98 12910.4 1449.53 12760.7 3122.92 2736.69 5036.41 3650.05 13168.1 2520.79
 10587.5 9300.26 3935.59 23004 14627.5 5527.3 11939.5 6105.41 6770.8 4835.17 13281.7 2902.81 13009.8 2777.51 3084.24 5086.61 2989.97 15693.6 2294.95
 11770.3 11462.4 5431.95 17106.2 11751.7 6513.68 15082 6024.89 5607.82 4937.54 13484.4 2171.18 11856.8 3329.34 2930.42 4531.64 1580.09 11210.7 1866.56
 8668.7 16880.3 5314.88 13883.3 8630.89 7323.29 10848.5 4657.2 4686.18 5228.03 13294 1402.58 9808.58 3400.44 2168.95 4298.69 1521.51 10262.5 1879.95
 27565.8 19689.3 7487.69 16177.6 9506.66 8122.94 12921.6 6249.6 5512.32 6708.63 13723.6 1266.44 12022.7 3501.41 2210.03 5097.69 2946.88 13027.6 1992.43
 21243.4 11297.4 6996.81 22602.3 8602.79 9305.87 15876.7 3744.71 5673.69 8135.74 16453.4 1590.68 13420.4 4053.21 2311.84 4663.73 3860.74 16079.7 2054.7
 14803.8 12022.9 7096.07 24406.7 9760.2 9449.67 13774.5 5076.7 6205.77 7084.18 14526.4 2519.86 13125.5 5189.25 2055.64 4555.39 5308.31 13935.5 1401.24
 10587.3 19400 4958.67 19607.3 9630.28 6518.59 17234.4 3215.35 5410.79 6421.76 11920.1 2011.3 10141.3 4171.1 1765.54 5145.23 2861.51 9861.58 1751.08
 9577.29 15396.4 9177.17 22414.9 8318.34 7563.74 15419.4 2491.91 6238.98 6757.07 15201.1 2369.17 11502.4 5048.37 2526.68 4130.43 3326.43 12238.2 2844.18
 5145.94 8787.47 8973.44 19330.6 11655.2 8422.92 13928.9 3706.19 5968.57 5449.26 17987.3 2905.93 11701.2 3506.65 1746.03 4046.96 3215.85 13478.1 1910.87
 13552.6 5930.98 15535.2 16696.4 9252.73 9237.6 12779.4 4351.92 5450.55 5292.23 13804.6 4290.68 10223.5 3747.36 2086.85 4009.52 3069.73 11183.4 2473.93
 5102.03 10356.4 15286.2 18006 11120.6 7152.51 12158.8 4486.08 6630.99 5453.02 13600.6 3498.13 11713.8 4311.16 2646.35 4862.22 4435.62 14317.1 2856.62
 11830.9 9741.52 9816.35 17778.1 10187 12052.5 10658.7 4984.11 5272.03 5497.27 13539.1 3487.3 10447.7 4089.91 2716.2 4334.08 4300.06 11189.9 2025.07
 5557.99 5216.46 7491.6 19484.1 9720.5 9518.64 12674.3 4426.2 7418.87 4955.28 16942.3 3218.68 9675.08 3947.63 2799.18 4876.69 3350.43 10071.1 4307.46
 12319.7 4603.03 10390.3 14539.7 10524.9 7652.08 12279 5467.34 6314.35 4473.12 13280 3367.87 11088.5 4326.14 3137.7 4477.27 4294.8 7526.71 2194.98
 8036.28 7273.21 14281.1 14437.1 7925.01 9314.27 9074.57 8447.71 8032.35 4516.93 15030.4 3547.65 11253.8 3439.38 2747.97 4837.22 5162.53 12024.1 1759.62
 9560.78 4913.87 16670 20593.9 12699.9 7497.93 9276.46 9915.55 7789.8 5998.62 15368.3 4588.94 13038.7 4747.16 3237.81 5631.22 4246.36 17412.3 1949.76
 16607.7 9552.16 13747.1 21640.9 12298.6 9675.84 11900.6 8642.58 5798.15 6551.67 16451.1 3943.08 10532.4 5747.7 3291.62 6305.8 4164.95 17317.9 2222.06
 45344.4 6006.4 16617.7 24538.6 15363.2 8498.31 12532.8 10492 4556.28 5571.54 20262.3 2713.44 12517.8 4047.79 3526.76 6440.25 3856.51 17904.9 2188
 19573.9 12946.2 21141.2 20055.1 9606.39 8222.99 10601.4 10461.1 2923.62 5902.29 20324.9 2197.17 11789.1 5313.9 2864.26 5628.16 4176.15 13383.2 2533.52
 17991.3 7950.81 15646.3 19920.6 8576.71 9818.54 9768.04 7662.31 2974.93 5745.16 16149.6 979.43 11641.1 3529.02 3864.9 5323.62 3750.48 13170.5 3427.61
 7441.99 5383.23 15046.3 26353.3 10076 8430.23 7715.79 6598.61 5587.41 5037.32 16202.3 1118.49 12795.1 2768.2 4056.28 4985.52 4038.07 12948.9 2900.66
 8571.04 6667.45 12355.9 23944.8 11061.6 5593.32 9800.75 7217.4 4746.47 2909.14 15232.6 1258 10734.1 3231.93 2796.06 5451.09 2992.05 12655.9 2076.34
 8292.77 6833.79 12776 24152.4 6982.9 5704.26 11098.8 8880.35 4605.96 3978.19 13671.2 1086.49 10663.1 2368.4 3204.01 5155.88 3080.09 11531.8 1040.3
 8266.62 5206.38 12605.3 19494.8 8086.19 7718.77 12720 5944.86 5473.83 4564.31 15270.8 1233.08 9902.07 1618.42 3426.95 3632.64 2639.28 10023.8 1841.61
 5513.09 9239.8 10901 21976.3 8605.83 5230.04 9981.33 6134.03 4905.88 5362.85 14781.2 1587.5 11317.4 1376.95 2820.8 4762.24 3166.03 11396.7 1729.42
 7595.69 7054.47 13366.3 19510.3 7642.64 6782.88 9764.3 5533.44 6092.12 4539.86 15012.4 1905.97 12280.6 1455.22 2845.87 4897.46 3690.56 11694.3 2093.4
 11215.6 5203.47 10273.1 19359.8 7430.78 7083.29 9436.52 6440.49 4862.94 3731.79 13944.1 2126.95 12872 1391.31 3492.18 4396.98 3659.46 9229.57 2245.06
 7607.58 9735.77 10944.7 17275 8078.53 8315.98 9394.3 6472.78 5599.21 4925.25 13796.6 1544.3 13996 1608.4 3168.11 5566.91 3886.73 10433.2 1605.26
 7447.22 10836.3 12318.5 16382.5 10895.6 8537.48 8591.29 10072.4 5052.89 5998.11 11798.8 1870.39 13099.1 1941.35 3584.35 6117.65 3958.97 12096.6 3456.63
 7664.36 5860.09 15098.7 17931.3 13949.8 10221.9 11149.9 9296.58 6256.6 5530.55 14115.3 2957.64 14451.4 3615.45 3636.3 6534.53 4541.79 12950.8 5190.24
 7544.09 3837.97 21976.9 15167.4 10708.7 8820.51 12817.2 8453.56 7680.67 5018.91 10375.1 3702.02 16188.6 2897.89 2511.88 6505.71 4313.68 11472.5 2660.97
 11115.1 9316.78 11187.9 13639.4 13033 7914.27 11711.1 6493.09 7886.06 4031.28 10921 1813.19 15684 3389.54 2203.72 5144.75 3554.25 11519.4 3290.27
 19066.2 8334.96 12821.8 16095.8 10499 7890.01 16586.5 5415.8 7678.13 3735.52 14475.4 2676.26 15648.3 4332.21 1836.06 4517.88 3695.85 12426.9 2217.08
 13472.5 13426.5 14616.6 20896.4 12818.6 5610.52 14856.6 5367.15 8167.94 4823.25 18143.2 3231.21 12760.5 4462.74 2098.95 5525.14 4297.12 12168.2 2438.38
 8806.27 6134.5 19576.8 18469.6 10213.8 4125.57 12290 5840.71 7897.64 6725.31 17129.6 2612.83 12605 4544.28 2504.29 5427.62 3581.48 12864.7 2165.41
 5435.65 5809.25 14120.7 14191.1 7420.69 5570.22 9974.98 4936.59 6277.89 4271.52 15642.4 1936.99 9806.32 4045.42 2291.82 4343.11 3746.98 10639.9 1878.09
 4259.8 6974.01 18734.8 12287.1 8614.74 5207.13 12370.5 5450.13 6398.87 5220.03 15410.9 1835.21 10470.7 4690.1 2303.5 4104.64 4305.65 11609.4 2926.41
 6229.65 8749.05 17418.7 16795.1 9340.37 5299.16 11195.2 7505.63 8845.27 6271.16 13391.9 1953.41 10610 4258.69 2217.78 4585.78 4333.59 10579.7 3094.13
 6043.1 6690.35 14165 14995.6 15042.1 5588.07 10794.1 5448.16 6450.16 5589.96 13471 1831.19 11019.5 3842.04 2558.39 3972.23 3812.54 9488.19 1816.84
 6748.97 7927.46 13409.6 17162.1 10021.8 5034.66 13328.4 4838.52 5478.09 4825.77 13174 1824.94 12345.1 3921.27 2425.14 3919.38 3957.41 8276.06 2004.26
 7402.65 4913.54 17240.3 15818.1 10061.2 8536.23 9857.62 8321.1 6175.33 6027.4 15683.9 2111.75 13688.8 3190.83 3289.68 4874.92 6099.52 8854.86 3051.44
 5108.11 5496.95 9572.46 18426.1 10107.5 7704.84 10246.9 7006.53 6070.06 5913.41 12975 1761.99 13437.1 3722.99 2685.8 4491.77 5427.5 8728.29 4146.84
 8100.99 5343.08 11580.8 21030.8 8066.98 10862.9 9689.88 5404.6 5839.86 5808.61 13892.8 1210.11 13735.5 3797.15 2490.43 5848.59 5464.54 7154.95 3834.88
 7255.1 8642.36 11441.1 21955.2 7655.3 10611.5 11227.7 8951.66 5712.36 6472.84 14162.3 1482.52 14466.7 3951.51 1979.1 6740.79 6973.74 7558.6 4345.29
 2749.69 4878.06 12633 13157 9887.42 7558.99 9529.82 6059.62 4894.38 4319.32 12403.8 1087.19 12878.1 3800.49 1102.14 4468.1 3791.31 6607.98 2708.74
 3171.11 10131.3 9642.82 15297 8738.34 7508.95 11830.1 7777.36 6346.38 6333.16 11989 1224.13 13389.7 4571.05 1694.67 5025.85 3214.3 9841.09 4456.46
 3271.49 10331.1 9525.1 12364.6 9659.74 9361.85 12253.7 4657.76 6208.29 8628.79 10150.6 1470.68 10607.3 3699.32 3067.04 4822.57 3179.33 8387.08 2680.89
 3786.28 11677.8 7213.59 15911.4 10747.5 9758.99 10025.6 5567.34 8265.75 6031.73 9816.79 1376.76 12066.4 3134.27 2163.29 3145.14 2481.5 11074.5 2705.49
 3433.03 11569 5909.3 22181.7 12656.6 10140.5 8809.52 5561.7 8012.23 7935.48 10544.1 1992.71 13264.1 3133.64 2485.97 3591.95 3731.13 11951.4 2472.61
 3771.28 11946.2 4998.7 23489.8 10982.3 9466.19 11198.6 5670.2 8165.04 6951.07 12288.3 2713.1 14562.6 2627.9 3228.48 4421.34 4757.37 11009 3119.96
 6295.21 12051.3 3073.73 21499.3 5325.84 9713.07 9319.4 4259.34 7514.04 6230.23 9566.35 4028.73 11273.7 1823.54 3325.14 3324.29 3073.24 7936.1 1836.77
 8612.87 14877.6 5189.81 21354.8 6761.44 9108.41 11353.5 4173.97 5892.24 6115.91 11464.2 3307.89 10210.7 2009.34 2837.69 3668.01 2648.39 7795.97 1890.76
 5696.08 12902.1 11240.9 17989.4 8615.44 9217.33 9940.01 4378.17 5147.47 5178.25 9624.47 3075.56 11671.5 2073.32 2453.31 4454.86 3322.54 8244.71 2362.99
 15026.7 18088.6 19958.3 12183.4 5967.7 10126.8 9913.84 4424.86 5680.97 3753.48 12232.3 2514.77 12077.7 2664.76 2273.29 5970.31 3649.47 10290.9 3330.52
 8173.68 15225 19587.6 12092.9 6713.55 8016.03 10744.3 5285.39 5494.13 3701.43 14113.9 3084.64 11948.4 2355.28 2129.82 5817.78 2850.06 11647.9 2076.05
 6809.7 6687.88 13089.4 16985.8 7783.97 6341.46 12017 4752.61 5135.76 3744.06 12022.6 2547.27 12028.2 2920.31 2250.63 4453.06 2534.64 11231.4 3070.73
 7684.38 4518.34 15013.8 16158.3 6667.56 6175.91 10368.9 7247.32 5116.92 3069.61 13305.1 1881.82 10030.8 2909.26 2303.06 4547.6 2327.48 8996.08 2446.45
 3909.46 4392.63 9495.13 20212.2 8566.14 9163.51 10511.4 8832.48 5207.22 4298.5 15866.8 2084.97 10361.7 2846.71 2344.51 4370.49 3220.86 11082.7 2212.37
 2651.12 5729.53 7712.51 25833.9 6123.1 9827.87 8634.99 7873.72 4584.08 4354.11 12733.4 1435.92 11855.6 3827.68 2901.49 4156.77 2874.17 12029.1 2600.15
 3738.76 3351.98 5140.85 25850.5 6596.63 8571.48 7565.35 6831.09 5726.92 4016.38 15816.1 1277.25 11001.1 4365.1 2412.3 4369.61 2524.64 11076 2382.53
 8869.45 7393.79 5250.16 25286.6 7402.79 9690.19 7408.17 7902.37 5730.08 3859.16 15493.8 1654.7 10085.1 5355.76 2295.54 4996.1 2931.62 12006.1 1777.63
 9245.47 13083 5259.24 17825.9 5670.93 9672.33 9835.83 4533.45 4277.68 3969.59 11280.1 1720.72 8452.08 4243.42 1480.88 4451.74 2482.26 6493.65 1322.81
 10106.9 11339 9051.12 17690.8 8160.74 8320.44 9491.34 5413.31 6731.64 3990.14 12127.1 2627.76 9637.07 4072.05 1631.14 5107.96 4580.9 6816.08 2066.4
 8102.61 4800.61 12494.8 19907.1 8199.83 6970.9 8109.8 6769.13 6037.97 3156.32 12883.1 2139.64 9905.64 4658.88 1921.34 4798.43 4626.14 5649.6 1601.76
 5642.45 5227.81 11690.6 19191.7 7655.23 8440.19 8740.68 7398.05 6036.06 4154.55 11889.8 2467.26 11880.8 3761.34 2368.89 4803.17 3814.59 6461.63 2523.93
 2241.85 2587.03 12767.7 19349.2 5611.74 8028.89 9651.61 5084.63 5048.39 3035.93 9445.88 3215.13 9481.03 5119.91 1587.29 4088.6 3203.44 7356.65 2078.91
 3060.86 1971.17 17792.5 20786.1 5648.83 7917.26 7779.95 8126.21 4935.26 3593.42 11448.1 2265.93 12026.5 4218.76 1772.99 3893.91 4045.75 9073.28 4458.09
 10144.8 2582.02 17540.1 17921.6 9164.64 7712.55 7616.5 8282.26 6729.1 3370.89 11738.9 3097.16 10657.7 4297.87 2210.01 4848.89 4598.34 13152.6 2791.17
 21667.7 5770.01 11340 22853.7 11923.8 5642.08 10140 9196.07 6207.17 6048.39 13499 2367.53 13646.2 4047.96 2660.98 5018.59 3563.32 15561.7 2987.19
 8464.43 11533.8 11025.5 16374.3 11720.3 4732.71 7993.63 7899.56 4642.24 4777.67 13741.5 1727.82 11929.9 4155.33 1860.58 4221.01 3288.99 14202.2 2802.7
 13978.2 13305.2 11068.3 16199 10900.1 4767.71 9041.83 8902.39 3889.9 5854.3 14583.9 1530.18 11338.6 2724.13 2436.16 4357.85 3134.93 10260.6 2603.78
 10521.8 12606.1 11317.6 20887.1 7039.54 6890.05 11518.3 12276.1 5632.22 5917.62 15118 3122.68 14141.1 2589.12 2601.9 4566.57 2889.01 12588.4 5211.76
 7949.54 7711.39 8209.73 20273.1 6516.02 7215.52 9731.45 7873.38 6249.51 7872.75 13522.8 2816.76 11185.1 4233.52 1750.17 3737.71 1546.51 12258.7 4113.68
 5341.84 9129.01 8570.47 16319.4 5099.16 8165.49 8644.81 7815.73 5831.37 7489.97 11615.1 2711.36 10936.2 4223.57 1786.06 3640.62 1174.97 9636.16 1668.41
 4321.18 15590.1 7793.49 20224.8 6720.32 5897 9163.48 8431.04 5747.38 9312.92 13894.4 2376.89 11474 5614.63 1788.65 3917.55 2127.06 9705.29 1766.74
 7698.21 4852.33 7543.37 17441.3 7420.37 5817.38 8411.06 7687.6 4360.04 8544.94 11374.3 1920.56 12478.5 3292.24 2212.72 3958.51 1682.77 9665.48 2399.33
 7688.26 7082.2 10288.4 15882.1 7450.2 7067.94 7621.11 7715.63 5067.96 6913.1 12460.2 1538.16 12710.4 2581.54 2316.65 3938.72 1355.97 9726.49 2245.24
 3052.48 6242.12 6875.19 14796.1 6781.42 8185.83 8366.84 7532.24 5474.53 7104.38 12701.2 1308.19 12213.8 1731.96 3237.94 3216.2 1588.22 8927.01 2804.62
 2624.25 5383.9 10328.3 20062.8 8837.54 8158.59 12652.8 6222.75 6322.36 7332.67 15082.8 1673 12094.8 2010.67 2584.29 3615.64 2211.33 12518 6475.18
 3147.23 4761.16 12255.6 18778.9 6778.58 8540.41 12663 6720.96 6216.15 6088.78 16385.2 1354.84 13124 1877.03 1454.03 3720.85 2356.85 10848.9 4564.35
 6563.6 5586.08 19078.4 20006.7 7477.45 9176.19 10219 7416.66 8722.54 9159.82 23886.3 1461.35 14828.4 2135.33 2192.27 5903.47 3667.64 13690.3 5315.63
 5717.1 5770.57 11993.8 21739.1 5797.25 10739.7 10807 5598.36 8014.25 9544.83 16551.8 1205.62 13816.3 1891.89 1726.01 4356.07 2174.11 10214.6 4231.32
 7615.13 5558 8612.75 23204.1 5385.7 10627.7 6834.1 6544.52 7721.45 8858.38 16169.9 900.196 11934.9 3198.02 1614.22 5515.04 2631.95 9049.9 3969.41
 3184.9 3934.85 3950.74 23617.4 4347.94 9000.66 7860.07 6709.75 4793.15 7057.19 15912.8 1024.36 11530.5 3315.78 1712.46 4119.76 2854.2 10267.5 2282.96
 3727.22 3374.85 4978.45 24191.4 5308.99 10485.1 9190.21 7444.21 5509.49 7722 16536.9 1578.96 13149.4 2950.08 2012.85 5196.45 3386.13 10760.8 2302.96
 3579.9 4170.47 5611.36 27148.6 6005.23 6978.02 9109.72 7008.29 6592.1 6720.56 15917.1 2367.9 13206 3534.28 1839.98 5825.09 2891.63 10953.5 1426.48
 14796 2875.74 4389.44 24248.7 5086.39 8054.61 8401.11 6435.3 5936.62 5833.52 13231.7 2891.03 12275.7 3581.8 1739.67 5655.52 3421.94 10037.9 1893.6
 15052.9 4787.84 19783.8 19630.2 9166.11 8622.84 6793.95 7623.58 6062.92 6474.83 15561.4 3001.23 14394.7 4064.64 1861.46 4347.04 2844.97 11625.5 3101.88
 4738.04 2108.61 20102.6 16038.7 6704.84 11690.1 6268 7682.54 4680.52 5328.53 12267.3 2006.1 11649.7 4345.61 1450.75 3998.71 2770.88 9025.16 1251.26
 5661.61 2761.33 16715.2 17979.7 7451.06 9964.96 6741.44 7715.66 4588.12 7201.22 11393.9 2222.77 12754.9 3247.62 1522.44 3127.57 2340.12 8917.04 1283.97
 5044.04 2505.82 9212.71 18847.9 5563.24 12976.6 6545.16 8284.39 4322.69 6936.31 12445.6 1981.09 12019.4 3106.11 2290.39 3223.86 2813.61 9320.3 1632.46
 3867.57 4822.45 9002.99 18654.9 8051.37 11746.3 6469.1 8378.34 4727.99 6824.3 12708.2 1926 12072.5 2753.26 2448.28 3402.57 3873.37 6661.23 1550.61
 3389.4 6683.73 7442.5 22833 8353.02 11425.7 8539.94 7493.37 5972.17 8901.99 15035.2 2077.5 12673.3 3430.87 2628.49 5164.9 4188.6 10823.5 3744.08
 3276.96 6980.09 6420.82 23438 7554.61 6844.73 9612.7 6801.93 5767.31 6921.41 11660.5 2961.7 10209.9 3392.16 2590.39 4615.82 2981.26 9690.02 2169.11
 5966.45 11659.1 9320.53 23309.7 7585.23 8941.52 11927.2 8031.04 6121.86 8137.54 12827.4 2187.98 9979.25 4467.67 3297.55 5341.28 4066.06 10137.3 1685.78
 4851.48 7307.68 9414.55 20480.5 8871.67 10210 11526.6 8634.35 7013.03 6197.43 15615.7 1987.65 11037.8 4453.79 2723.96 4888.46 4337.79 12263.1 1658.14
 10452.4 8289.61 8144.35 20615 9732.91 9967.23 10261.8 8311.78 7904.37 7242.32 13611.6 2145.65 9650.97 3602.14 2956.87 4865.88 3464.18 11847.2 1373.34
 8163.81 14622.3 10149.2 16052.6 7125.58 10407.8 9171.58 8034.3 6785.54 6004.8 11111.1 1581.15 10312.3 2827.8 2438.89 3603.14 3188.51 8631.7 1360.68
 5012.67 12377 10396.2 13941.4 6858.77 9547.94 9576.87 9461.23 5939.76 7243.95 10186.1 1685.99 11640.3 2719.31 2056.04 3816.22 2270.58 8879.82 1089.01
 4445.95 9963.99 13513.3 11507.4 8195.86 7464.49 11714.4 6979.73 4994.84 7240.94 11849.7 1916.07 11283 2314.01 2029.95 3294.82 3114.54 11061.8 1338.01
 8821.23 6579.77 17424.6 10378.5 6007.81 9081.79 11492.4 6132.07 4495.33 6047.98 11764.6 2428.72 9996.44 1722.61 2832.18 2802.62 3104.17 9530.2 1650.83
 14579.8 7868.04 12608.9 13445.5 7123.5 9020.56 11472 6553.69 4579.2 6070.44 12306.8 2319.16 8867.89 2621.27 2749.83 3634.62 3811.03 9681.96 1163.08
 28887.6 10946.5 16093.9 12588.8 8643.03 5269.25 12671.1 6834.5 5686.44 6188.8 9675.66 2507.22 9731.87 2781.09 2264.55 4125.91 3157.35 10122.1 671.269
 50922.1 5701.71 5753.86 20272.2 12223.6 4984.29 9282.13 10108.6 6470.45 6995.24 10849.6 2127.81 10524.7 2666.71 2368.36 4171.94 3198.88 9535.38 911.112
 28436.8 8328.2 8324.88 16732 9896.46 5642.85 7251.6 9663.42 7194.01 5160.93 12565.5 2185.99 12692.9 2998.92 2220.25 4543.78 2975.81 12700.9 1144.21
 11263.1 8380.65 7200.37 16666.7 9085.25 4544.7 9995.09 8170.55 7724.76 5351.57 10569.7 2616.66 11456.5 3826.5 2239.93 4680.96 2471.99 10913.2 980.694
 18138.4 9961.16 12592.9 12016.8 9566.35 4954.7 9050.84 6468.82 8213.67 4480.15 11287.5 3040.21 10208.9 3680.62 1890.41 4876.03 1951.98 10138 852.136
 24206.9 5070.39 17322.2 15683.4 8693.88 5258.96 11556 9213.16 10312.4 7162.1 11326 2693.78 11461.9 4230.8 2049.45 6173.4 2906.16 13276.9 1590.39
 10418 5966.65 11810.8 18636.5 5584.86 3783.13 13614.8 7004.73 5367.18 5886.43 10409.8 2168.61 9241.87 3025.79 1834.27 5017.75 2138.75 9656.97 2613.58
 6361.83 3557.7 8204.13 17944.8 9289.2 3829.98 17028.3 4350.25 4811.29 6166.05 13043.4 3081.15 9264.02 3648.03 2537.24 5526.21 1937.99 8972.08 4631.1
 4004.44 5040.74 10096.2 19327.7 7878.95 2930.01 11806.2 4883.71 5198.08 6118.24 9302.43 3439.49 9356.09 2760.92 2665.67 5803.22 2137.34 8796.95 2047.07
 7572.51 9602.91 11039.9 16830.3 6951.31 3396.18 11984.4 5661.16 5697.77 5415.29 8895.04 2604.06 9300.64 2671.46 2385.72 4738.27 2205.21 11354.6 2266.03
 7514.51 7753.64 15720.5 18409.4 6812.81 4209.11 10304.3 7735.43 4895.66 6034.62 9561.29 4375.89 9857.4 3607.74 2710.02 3796.79 2855.58 11578.1 2824.1
 9710.95 7115.55 17601.3 20295.5 6227.89 5116.21 10498.4 5115.15 6527.96 7021.27 9198.03 3289.41 8314.75 3470.24 2641.59 3319.19 2877.32 11035.6 3463.5
 6642.31 5967.2 10458.7 19037.9 5391.79 5879.11 9098.61 6104.12 5185.29 6059.66 9749.61 1801.65 9771.72 2251.97 2599.64 3474.36 2878.48 10806.2 2706.29
 4957.8 9057.86 7329.47 16714.8 6005.94 8874.89 9111.28 5833.06 5107.91 5317.09 10692.6 1467.45 8916.94 2247.15 2073.61 3317.78 2646.16 9049.18 2792.34
 4755.96 9659.32 7102.1 18956.1 7677.74 7021.25 11444.3 5362.11 4431.99 7250.84 11364 2447.15 8829.96 2363.83 2234.35 3972.77 3230.28 7742.24 3679.09
 6585.13 7057.15 11126.7 17657.9 6253.65 6638.87 12112.2 6162.75 3993.12 6572.01 13294.3 1692.8 8992.89 2773.29 2712.95 3461.27 2831.62 8773.63 4943.73
 5010.68 6470.29 13477 14387.1 8657.5 7247.92 13347.9 5010.72 4851.33 6072.32 11730.6 1461.99 7940.81 2569.49 2044.77 3507.55 2139.11 6803.32 2164.18
 5461.3 8674.36 14524.6 13814.4 6743.95 8245.59 13244.3 4568.21 4358.74 5681.62 11038.9 1831.91 8524.21 2585.97 2110.35 3757.09 1894.48 7200.06 1592.99
 4241.45 7972.5 9047.5 13831.7 10112.4 8589.44 9601.32 7410.34 4069.63 5762.76 14143.3 1544.62 9772.93 3219.74 2401.95 3794.73 3064.54 8117.71 2514.84
 4981.05 8619.16 12265.1 13610.4 7091.08 6710.59 12338.5 5645.36 3324.28 5105.64 11890.9 1454.67 9547.86 3224.87 2387.59 3743.86 2765.81 7787.36 1674.14
 3704.66 5075.57 10667.5 13623 6842.49 6892.9 8985.62 6616.86 2421.22 5090.3 13388.7 1206.06 9463.52 2845.92 2108.91 3246.69 2382.56 6866.84 1237.16
 8143.12 5676.3 6113.26 14108.9 6471.42 6635.56 9744.87 5208.55 2492.5 5929.84 9305.31 1790.83 9805.22 2877.59 2172.9 3192.53 2319.87 6284.39 1564.05
 18148.8 4787.19 8196.67 18044.2 6469.55 6942.95 9594.66 6954.4 3373.73 5765.52 9869.33 2499.7 9849.12 2934.44 1948.56 3342.08 2178.02 5393.37 1777.56
 4519.99 7536.63 11244.8 17278.3 5234.03 7908.13 10001.7 7545.48 4006.86 5818.2 10549.8 2835.21 8954.56 3841.58 2015.86 4169.17 2399.36 6543.11 1572.09
 5420.8 8886.02 10198.8 16654.2 6232.64 6695.39 11765.1 6188.02 4427.76 4722.66 10023.4 2574.38 9521 2607.46 2242.91 3164.55 3224.28 6945.01 1489.67
 5596.23 7658.14 5095.57 18491.4 6541.2 9681.62 9953.53 6270.44 3340.89 5051.43 10854.5 2339.41 10507.6 2570.49 2140.01 3940.09 2309.75 8241.05 2188.34
 3907.92 9623.17 6103.79 15630.2 7267.45 8627.37 10361.1 5884.82 2834.25 4947.16 9625.94 2010.99 8535.86 2590.8 1831.36 3621.2 1903.97 7237.22 1184.01
 4845.63 9403.86 4559.09 16745.6 6837.37 8634.87 9517.8 6323.21 2940.09 5129.74 9672.79 1747.6 8289.98 2651.42 1895.01 4138.48 1891.05 8594.57 1506.63
 3986.58 9782.66 5091.57 12544.3 6695.63 9079.83 9976.03 6532.97 2474.39 4553.91 9949.18 1911.73 7734.38 2499.46 1931.34 3894.14 1515.51 8526.65 1703.75
 4002.85 9624.35 5748.14 14593.3 6190.16 7444.86 7567.34 8127.94 3386.76 4974.46 10750.5 2290.17 7396.74 2990.59 1918.22 4213.2 1893.86 8173.65 1842.72
 2489.66 12470.6 7823.09 15439.3 5675.5 6723.19 6840.87 6393.29 3237.37 3430.72 10884.8 2442.5 7542.77 3271.47 1829.36 3709.44 2178.7 8556.12 1539.25
 2955.41 12141.6 3126.6 15152.9 4738.3 8028.14 7319.19 7345.67 3071.17 3334.63 10762.1 2702.92 8034.56 3696.61 1473.52 3317.17 2260.2 8278.52 1697.38
