 0.350999 0.393784 0.470328 0.370569 0.200937 0.156645 0.267909 0.583312 0.576498 0.460404 0.498353 0.470585 0.58441 0.491209 0.389923 0.283389 0.235476 0.222026 0.239048 0.237926
 0.394161 0.303913 0.273305 0.30451 0.616917 0.808838 0.664635 0.491721 0.314539 0.230028 0.139917 0.115044 0.140519 0.208561 0.414426 0.644189 0.468261 0.226872 0.268018 0.303707
 0.345057 0.311973 0.399707 0.365976 0.25489 0.212345 0.257286 0.385837 0.400193 0.440879 0.345351 0.367915 0.482998 0.598157 0.553013 0.306665 0.148421 0.0851391 0.139541 0.125225
 0.363853 0.394245 0.447639 0.272061 0.287169 0.539353 0.51409 0.380269 0.337888 0.321086 0.700249 0.570926 0.371118 0.261507 0.301527 0.31902 0.454406 0.429492 0.257719 0.216632
 0.390149 0.500948 0.50636 0.401968 0.34106 0.397396 0.570988 0.571774 0.619996 0.463784 0.443221 0.434744 0.325402 0.333089 0.291561 0.372067 0.385383 0.283865 0.276698 0.25158
 0.382861 0.481376 0.410461 0.36381 0.448415 0.510444 0.432279 0.399938 0.529653 0.427336 0.344958 0.333594 0.371855 0.458348 0.398916 0.29889 0.379014 0.192624 0.189485 0.233052
 0.430836 0.360161 0.481 0.999347 0.990522 0.787241 0.481696 0.287827 0.196504 0.401049 0.462744 0.26092 0.202654 0.261333 0.256543 0.231441 0.162967 0.245842 0.61057 0.369586
 0.447252 0.698615 0.595687 0.579055 0.667689 0.80993 0.71086 0.626973 0.931616 0.871782 0.785381 0.66823 0.688783 0.872028 0.832744 0.538652 0.519403 0.495083 0.503073 0.502026
 0.413235 0.368113 0.603405 0.704591 1.38432 1.33247 0.829107 0.510886 0.262805 0.20273 0.306083 0.536885 0.383563 0.282155 0.228616 0.290323 0.431481 0.541955 0.484348 0.417162
 0.439109 0.720089 0.909074 0.861712 0.805689 0.704976 0.834249 1.02304 0.72873 0.654409 0.777805 0.90489 0.592509 0.239861 0.122529 0.134958 0.185438 0.156419 0.244331 0.459253
 0.355374 0.246381 0.358079 0.737376 0.929633 0.746814 0.532213 0.522405 0.563145 0.579229 0.412974 0.301205 0.377474 0.406854 0.385373 0.619226 0.683576 0.574583 0.350235 0.306397
 0.444725 0.738266 0.745611 0.672139 0.777496 0.686916 0.820674 0.907598 0.765951 0.582865 0.502407 0.360257 0.223901 0.321738 0.56319 0.480592 0.391186 0.318059 0.262394 0.348813
 0.425849 0.55511 0.781345 1.00939 0.9024 1.05399 1.04034 0.81281 0.663764 0.762229 0.895281 0.646579 0.553432 0.719433 0.679407 0.63988 0.578876 0.627786 0.689713 0.692986
 0.430936 0.597926 0.612217 0.724796 0.862725 0.720966 0.716462 0.601141 0.582745 0.812574 0.777153 1.32161 1.12633 0.794102 0.438503 0.321288 0.539322 0.681131 0.458993 0.229917
 0.381305 0.237231 0.201459 0.283777 0.167869 0.20936 0.373543 0.311539 0.47885 0.855307 0.822023 0.707453 0.621182 0.240777 0.147018 0.278185 0.360079 0.306574 0.24165 0.223995
 0.425115 0.704174 0.577806 0.550154 0.69602 0.951392 0.748406 0.454747 0.333081 0.237276 0.306405 0.606047 1.24213 1.48677 0.823963 0.36857 0.211954 0.266836 0.213911 0.298171
 0.393472 0.34129 0.541684 0.379238 0.537667 1.4557 1.55874 1.0286 0.504299 0.227661 0.329091 0.340418 0.438871 0.599616 0.470648 0.405295 0.221295 0.236105 0.171585 0.107579
 0.427674 0.627108 1.03054 1.30521 1.11081 0.729985 0.529642 0.596341 0.786696 0.764559 0.646098 0.481079 0.383807 0.356641 0.436091 0.341012 0.278678 0.271473 0.283341 0.250612
 0.342603 0.347588 0.565201 0.920859 0.984 1.17052 0.827757 0.577216 0.379312 0.286962 0.338003 0.436432 0.658034 0.466566 0.30823 0.213491 0.163703 0.116718 0.147426 0.211434
 0.39596 0.539195 0.656644 0.90751 1.28323 1.11035 0.752551 0.56599 0.685669 0.766419 1.05201 1.02967 0.741029 0.399233 0.311887 0.174856 0.214336 0.353274 0.44613 0.310818
 0.400608 0.567876 0.779067 0.94357 0.815855 0.693304 0.742671 1.05003 0.976121 0.674566 0.45287 0.355423 0.437216 0.597184 0.551993 0.0714284 0.189073 0.253491 0.166806 0.204907
 0.397151 0.473189 0.623444 1.02478 0.981645 0.631721 0.316061 0.205416 0.309794 0.342064 0.800177 1.02301 0.864053 0.480274 0.340631 0.200258 0.247494 0.304721 0.368101 0.426972
 0.358355 0.259034 0.350199 0.55017 0.825596 0.884358 1.08382 0.853903 0.581774 0.432815 0.191284 0.0780435 0.0510642 0.0691144 0.0896438 0.0742001 0.180206 0.515696 1.82826 1.68452
 0.385575 0.593092 0.66871 0.755052 0.819927 0.83102 0.708986 0.731092 0.786451 0.705953 0.782445 0.935337 0.745797 0.585517 0.431739 0.407584 0.325796 0.302401 0.352275 0.414383
 0.376658 0.363528 0.423969 0.326892 0.448898 0.457317 0.46182 0.423695 0.684576 0.428652 0.239053 0.183782 0.216771 0.221557 0.233257 0.187921 0.261126 0.292094 0.320535 0.400204
 0.379334 0.367222 0.333733 0.309373 0.273673 0.281129 0.319929 0.458726 1.34959 2.26855 1.98291 0.941981 0.351054 0.143017 0.164638 0.255272 0.353974 0.604091 0.684079 0.660461
 0.396428 0.587569 0.905074 0.792891 0.714327 0.686932 0.7516 0.903745 0.65365 0.578699 0.44017 0.453795 0.416996 0.316696 0.432726 0.705399 0.859777 0.546426 0.351388 0.509852
 0.339258 0.404692 0.75036 0.803519 1.06623 0.76074 0.532384 0.197224 0.217063 0.283441 0.213761 0.22926 0.324258 0.335938 0.245727 0.236798 0.530007 0.813383 1.26924 1.03742
 0.468048 0.883845 0.970524 0.733876 0.415347 0.376095 0.517971 0.567394 0.534943 0.426102 0.499045 1.15463 1.33439 0.959898 0.415917 0.348879 0.441822 0.597965 0.77941 0.565247
 0.454897 0.465935 0.370059 0.288236 0.417148 0.403588 0.32748 0.35132 0.439987 0.486713 0.394366 0.473346 0.531187 0.643956 0.565365 0.432198 0.714499 0.807101 0.764726 0.712332
 0.38891 0.397092 0.415224 0.340891 0.487181 0.595823 0.436684 0.43792 0.528319 0.498484 0.336473 0.502034 0.6254 0.571234 0.306164 0.308352 0.172332 0.179087 0.338673 0.459386
 0.469014 0.817789 0.958818 0.652032 0.815924 0.932569 1.1899 0.406683 0.515806 0.305976 0.251064 0.54536 1.52339 1.71146 0.855469 0.359379 0.39542 0.359086 0.563404 0.638003
 0.399607 0.378807 0.53301 0.542116 0.643971 0.638106 1.0018 0.921411 0.810417 0.487516 0.234206 0.242665 0.206167 0.292045 0.306353 0.289051 0.180373 0.142925 0.228376 0.234735
 0.44572 0.796804 1.98926 1.75236 0.921501 0.74096 0.595793 0.538727 0.586363 0.746889 0.689067 0.662903 0.611136 1.02814 0.727304 0.456859 0.537825 0.596772 0.728921 0.707797
 0.472785 0.787117 1.71234 1.44893 1.01167 1.01028 0.97827 0.730362 0.824501 1.10603 0.950727 0.856326 0.833979 0.884429 0.891048 0.587762 0.532907 0.538678 1.01838 0.884552
 0.465146 0.579932 0.538958 0.899356 1.16219 1.26069 0.97199 0.609451 0.420116 0.258995 0.287958 0.302928 0.271604 0.460959 0.520331 0.427031 0.4982 0.571418 0.317693 0.281512
 0.430701 0.657119 0.921614 0.918923 1.15659 1.08104 0.815496 0.540585 0.520346 0.557271 0.466214 0.581555 0.713357 0.843256 0.40828 0.241265 0.323713 0.635365 0.633373 0.377843
 0.420045 0.491638 0.537352 0.443543 0.430008 0.195864 0.153222 0.255068 0.313455 0.423406 0.260983 0.394155 0.298078 0.204002 0.30212 0.323522 0.529707 0.525385 0.244119 0.257336
 0.419684 0.571437 0.423548 0.404131 0.739903 0.620861 0.363583 0.219322 0.165144 0.274275 0.416828 0.538306 0.881926 0.838293 0.581966 0.404191 0.229631 0.233449 0.189761 0.241699
 0.454536 0.869536 0.738955 0.760823 0.983773 0.702564 0.435091 0.340492 0.328357 0.377536 0.448827 0.459095 0.405383 0.451616 0.628097 0.575266 0.346171 0.152145 0.900875 0.664683
 0.384777 0.249359 0.194608 0.255577 0.24971 0.326806 0.514651 0.731725 0.564274 0.359376 0.236691 0.208301 0.234663 0.341566 0.507542 0.369062 0.392982 0.375751 0.356456 0.418882
 0.373287 0.311251 0.269796 0.441644 0.686764 0.660441 0.370542 0.281559 0.349753 0.312783 0.380583 0.964026 1.03216 0.786777 0.381287 0.419211 0.312045 0.265382 0.314773 0.263822
 0.4622 1.0329 1.01739 0.80143 0.385916 0.304608 0.403604 0.570569 0.378598 0.275215 0.411709 0.766836 0.66179 0.814633 0.760182 0.563112 0.950765 0.840998 0.527831 0.26371
 0.399476 0.609658 0.822991 0.940106 0.940566 0.834224 0.660321 0.635829 0.796688 0.935525 0.737319 0.51804 0.480281 0.36616 0.305726 0.226786 0.178968 0.304048 0.409048 0.60524
 0.417954 0.657846 1.05805 1.05936 1.13352 0.902851 0.992953 1.14831 1.35727 1.1176 0.704079 0.579202 0.508129 0.696009 0.575309 0.719565 0.666209 0.434462 0.326769 0.302268
 0.372955 0.235459 0.151211 0.166844 0.293152 0.419636 0.608884 0.83177 0.614381 0.383229 0.400019 0.663337 0.39973 0.273529 0.408927 0.61477 0.800578 0.60617 0.308992 0.172463
 0.389912 0.467843 0.404454 0.352336 0.436383 0.491137 0.603026 0.351696 0.848867 0.210187 0.272023 0.25334 0.287275 0.65369 0.560278 0.314694 0.103375 0.0991551 0.196626 0.305603
 0.332605 0.36651 0.467452 0.884939 1.13313 0.662047 0.301001 0.227177 0.365142 0.272772 0.485852 0.356182 0.308768 0.270495 0.190534 0.172053 0.168192 0.2338 0.349071 0.412697
 0.379998 0.423501 0.459311 0.324654 0.344502 0.649836 0.69006 0.550805 0.393512 0.377558 0.663292 1.19273 1.02216 0.397869 0.249344 0.397948 0.338176 0.250807 0.127623 0.149703
 0.381528 0.40387 0.438326 0.635724 0.702126 0.671542 0.848671 0.995806 0.740987 0.433776 0.198869 0.115148 0.0779753 0.0632813 0.0942533 0.222145 0.406995 0.384617 0.537801 0.570573
 0.367693 0.349291 0.379141 0.555949 0.868532 0.802254 0.394035 0.414821 0.915682 0.88567 0.531278 0.302059 0.22149 0.261245 0.602445 0.403424 0.265989 0.158392 0.15382 0.214473
 0.428684 0.862533 1.29261 0.953058 0.833401 0.780203 0.638001 0.797705 0.586487 0.67378 0.826114 0.778854 0.709197 0.488508 0.257572 0.270813 0.348343 0.323074 0.363039 0.251258
 0.431338 0.364107 0.228835 0.265752 0.534739 0.509565 0.428255 0.469735 0.373561 0.295725 0.318652 0.256946 0.214724 0.348787 0.485102 0.492864 0.542941 0.415364 0.262737 0.265178
 0.442599 0.832992 0.918662 0.864849 0.642341 0.53007 0.365301 0.336543 0.300643 0.313051 0.412264 0.354482 0.388687 0.561106 0.276832 0.370961 0.528764 0.471054 0.495474 0.450576
 0.392514 0.355258 0.329633 0.484353 0.519982 0.460748 0.298188 0.329661 0.322727 0.314977 0.293253 0.26745 0.217157 0.222758 0.308468 0.599831 0.558805 0.68176 0.348802 0.172041
 0.386408 0.418126 0.547626 1.3618 1.60612 0.726328 0.244043 0.169111 0.213072 0.221735 0.300218 0.354004 0.855394 0.774508 0.675435 0.48356 0.524521 0.339739 0.249801 0.202305
 0.453098 0.357798 0.429305 0.478135 0.488416 0.360235 0.422352 0.830259 1.7663 1.80462 0.957688 0.370603 0.234386 0.391092 0.326159 0.309107 0.207556 0.196513 0.226259 0.235886
 0.400762 0.242948 0.237075 0.361417 0.519905 0.673133 0.592773 0.366589 0.312058 0.39894 0.410527 0.441448 0.436446 0.390703 0.258676 0.333632 0.510779 0.385714 0.374589 0.280897
 0.400654 0.648617 1.07702 1.08395 0.630393 0.414704 0.295781 0.294801 0.410865 0.638015 0.52387 0.355142 0.510142 1.15644 1.38965 0.612971 0.197867 0.141734 0.223292 0.237806
 0.393118 0.583011 0.719861 0.75847 0.864899 0.825849 0.558294 0.249753 0.331388 0.99472 1.28513 0.930357 0.595521 0.506515 0.380939 0.212792 0.209412 0.400028 0.701094 0.696091
 0.370981 0.370299 0.343363 0.229411 0.378856 0.819494 0.948344 0.858291 0.437078 0.18287 0.140539 0.219553 0.28441 0.28097 0.170974 0.206246 0.263348 0.351085 0.34822 0.215482
 0.357325 0.320318 0.137805 0.0464919 0.0832089 0.246952 0.412238 0.349223 0.340216 0.370308 0.311275 0.336785 0.270772 0.249368 0.241129 0.352769 0.303753 0.328728 0.2319 0.189831
 0.39938 0.474295 0.524924 0.337149 0.175304 0.207941 0.302988 0.383784 0.861178 0.740702 0.572121 0.222043 0.144749 0.238092 0.383874 0.435363 0.515905 0.475599 0.369449 0.135985
 0.386595 0.325967 0.163942 0.127367 0.202986 0.248723 0.369661 0.305655 0.336502 0.35627 0.310046 0.366944 0.537899 0.551762 0.461061 0.3373 0.225538 0.327785 0.316405 0.298295
 0.409887 0.600508 0.648423 0.66666 0.673341 0.744137 0.530088 0.276262 0.123637 0.113269 0.163518 0.300687 0.402782 0.285957 0.30797 0.336021 0.532907 0.427353 0.327634 0.323016
 0.376171 0.380864 0.503608 0.602647 0.5366 0.501682 0.464037 0.44715 0.554376 0.532444 0.497985 0.231811 0.65573 0.7536 0.323895 0.177489 0.37183 0.477617 0.536966 0.39592
 0.558009 1.23992 1.1949 1.05682 0.650069 0.332897 0.212535 0.260685 0.360982 0.290341 0.171502 0.0927462 0.121665 0.221098 0.442869 0.794906 0.716489 0.830927 0.593615 0.519891
 0.375732 0.213362 0.180807 0.262526 0.48953 0.967998 1.05632 0.669247 0.243548 0.26534 0.904078 1.08107 0.721903 0.331852 0.223051 0.241551 0.269966 0.493669 0.462903 0.22779
 0.351067 0.370439 0.296308 0.205933 0.174936 0.123439 0.138311 0.183629 0.0626259 0.0493324 0.0664264 0.0435206 0.0665034 0.176335 0.274209 0.371121 0.227435 0.278169 0.277214 0.169994
 0.390267 0.368707 0.355329 0.405799 0.314464 0.349096 0.636388 0.942059 1.0154 0.909974 0.582763 0.504452 0.522928 0.508012 0.56568 0.626639 0.436908 0.427263 0.289783 0.21516
 0.410081 0.502732 0.678807 0.625418 0.547591 0.461964 0.463608 0.497013 0.525058 0.465017 0.463032 0.707497 0.734364 0.381621 0.411388 0.281484 0.256685 0.325991 0.276583 0.270718
 0.450893 0.679204 0.844755 1.07574 1.06975 1.10651 0.772829 0.729264 1.062 0.929666 0.873251 0.834121 0.59861 0.528584 0.533464 0.704307 0.620758 0.308789 0.146237 0.201389
 0.368008 0.490976 0.708774 0.993956 1.23733 1.68235 1.38545 0.775042 0.438374 0.507367 1.34565 1.05002 0.621947 0.273324 0.323078 0.316737 0.373824 0.417838 0.443926 0.417788
 0.426791 0.824582 0.785886 0.564545 0.466484 0.624229 0.738346 0.639774 0.777186 0.706532 0.509802 0.524731 0.998517 0.842239 0.350808 0.222081 0.436361 0.684887 0.492424 0.300843
 0.383507 0.355175 0.472647 0.343275 0.463383 0.979655 0.884773 0.553445 0.295355 0.206746 0.246034 0.596638 0.77716 0.858459 0.696793 0.448929 0.301897 0.242419 0.579165 0.441893
 0.423983 0.672019 0.641263 0.426276 0.281242 0.239219 0.27266 0.340297 0.549405 0.480457 0.357045 0.255184 0.284291 0.567847 0.423045 0.304336 0.275976 0.324148 0.358605 0.65832
 0.398501 0.31145 0.174329 0.273634 0.392499 0.761005 0.739699 0.685152 0.541652 0.405135 0.404869 0.347364 0.428311 0.443139 0.639186 0.538738 0.441058 0.273659 0.21024 0.223673
 0.378651 0.569326 0.869106 0.808209 0.682359 0.5768 0.528433 0.676356 1.11351 1.42698 1.25493 0.7893 0.243936 0.662027 0.659013 0.703756 0.683905 0.684696 0.696 0.811539
 0.384865 0.420881 0.755366 0.635456 0.947676 0.804303 0.582509 0.434924 0.414153 0.632752 0.611798 0.590796 0.410928 0.261557 0.242158 0.38262 0.388375 0.366689 0.384459 0.426539
 0.361099 0.521665 0.405701 0.292524 0.237233 0.331195 0.289087 0.178764 0.342287 0.36735 0.116197 0.309956 0.327128 0.110628 0.292918 0.272896 0.315948 0.326427 0.369312 0.36353
 0.432874 0.558588 0.589288 0.8568 1.13992 0.850688 0.58737 0.636136 1.02429 0.928046 0.863787 0.655632 0.453311 0.354211 0.365944 0.335414 0.375195 0.528697 0.395382 0.394328
 0.40451 0.379983 0.47796 0.560144 0.570095 0.803977 1.30163 0.932453 0.453492 0.37317 0.521995 0.333416 0.296864 0.305472 0.253314 0.345391 0.931506 1.32931 0.966557 0.428983
 0.431468 0.574633 1.00918 1.03598 0.895114 0.861142 0.690571 0.528832 0.466641 0.265326 0.17666 0.273609 0.588141 0.810099 0.658313 0.403814 0.254905 0.290317 0.354923 0.406986
 0.414148 0.554427 1.15569 1.16327 0.986615 0.885542 0.640115 0.659672 1.3891 1.17123 0.788644 0.459885 0.20829 0.192804 0.344111 1.00873 1.00694 0.598394 0.383337 0.522681
 0.449605 0.937227 1.09136 0.867052 0.473099 0.29273 0.228961 0.253671 0.248236 0.240006 0.270687 0.234148 0.287922 0.428688 0.550522 0.0703186 0.272522 0.386991 0.361572 0.398756
 0.435242 0.602952 1.0406 1.39086 1.07459 0.7124 0.570467 0.695469 0.586649 0.450125 0.351279 0.345651 0.611424 0.619216 0.420268 0.231212 0.209437 0.235767 0.325602 0.582951
 0.447394 0.643707 0.900467 0.787654 0.794139 0.827117 0.765853 0.668148 0.665046 0.623764 0.470658 0.537248 0.377265 0.43658 0.537355 0.602676 0.669086 0.63702 0.436162 0.357403
 0.426955 0.494365 0.596708 0.578383 0.767239 0.907176 1.14179 1.24278 0.781953 0.508982 0.324967 0.17092 0.251484 0.293795 0.389012 0.329407 0.244926 0.207218 0.28194 0.40632
 0.379022 0.244428 0.23044 0.335547 0.7629 0.787356 0.500996 0.695322 1.52684 1.64389 0.912159 0.324538 0.161092 0.233583 0.45869 0.863516 0.829547 0.810101 0.573488 0.615844
 0.426848 0.546314 0.614921 0.685285 0.838199 0.816114 0.797349 0.911854 0.48974 0.850737 0.786892 0.558217 0.388334 0.361544 0.456082 0.571612 0.718402 0.563196 0.240876 0.195426
 0.343113 0.256763 0.17977 0.137924 0.132897 0.13809 0.181916 0.432494 0.937043 0.822468 0.325209 0.208805 0.445216 0.524795 0.483222 0.35178 0.27637 0.299944 0.286458 0.37322
 0.404662 0.588414 0.621465 0.839716 0.823732 0.776566 0.621858 0.476022 0.721973 1.73329 1.7352 1.03074 0.525713 0.298866 0.238769 0.294699 0.0233165 0.447097 0.375471 0.322831
 0.358913 0.290918 0.351867 0.378921 0.5811 1.12409 1.03676 0.848266 0.440429 0.278105 0.319255 0.440273 0.320407 0.371875 0.329802 0.695752 0.473347 0.226253 0.130287 0.0771237
 0.395088 0.394568 0.447278 0.750219 1.12561 0.853806 0.295795 0.241306 0.470429 0.706246 0.17472 0.145758 0.474462 0.666223 0.822567 0.713273 0.609866 0.469002 0.335058 0.391586
 0.472294 0.637339 0.536042 0.264859 0.21598 0.249814 0.302065 0.279448 0.294974 0.436113 0.572896 0.634364 0.759523 0.649289 0.325172 0.288841 0.350496 0.462527 0.47936 0.531323
 0.411141 0.398651 0.454275 0.51593 0.60246 0.456821 0.442292 0.746012 0.754855 0.417406 0.219762 0.233479 0.375133 0.323036 0.242454 0.212258 0.242562 0.361678 0.276972 0.314518
 0.39294 0.426783 0.735224 0.741977 0.544903 0.377365 0.576207 1.11541 0.937648 0.541138 0.354318 0.464235 0.447012 0.37618 0.316638 0.399439 0.529635 0.316352 0.249283 0.186295
 0.433575 0.830557 0.673825 0.675206 0.709616 0.669203 0.565375 0.527638 0.379123 0.268089 0.354216 0.405236 0.536112 0.162382 0.373994 0.426808 0.397522 0.156665 0.152613 0.241265
 0.368852 0.397165 0.79751 0.833063 0.644501 0.48357 0.530332 0.41284 0.429125 0.642709 0.646195 0.301372 0.439354 0.529525 0.503676 0.339119 0.249838 0.239708 0.531179 0.568776
 0.388998 0.500235 0.645967 0.712807 0.863629 1.07431 1.08506 0.81381 0.607726 0.66745 0.675301 0.67327 0.738134 0.754678 0.63083 0.528693 0.399314 0.246217 0.402133 0.283908
 0.436742 0.487989 0.91742 0.781943 0.975553 0.908845 0.922857 0.849 0.89174 1.10606 1.38178 1.35498 0.898417 0.701237 0.658306 0.664567 0.835985 0.875226 0.830112 0.868018
 0.443142 0.607298 0.602885 0.525778 0.382392 0.433316 0.646413 0.606605 0.543865 0.560388 0.339631 0.294412 0.340466 0.373169 0.41912 0.547077 0.431555 0.350851 0.257251 0.267641
 0.426612 0.529057 0.642077 0.580892 0.54862 0.587933 0.797558 0.830152 0.793486 0.592163 0.393608 0.385004 0.470035 0.757625 0.578422 0.348849 0.405762 0.743269 0.634033 0.431667
 0.405186 0.345645 0.349506 0.410705 0.43938 0.49894 0.34509 0.408171 0.547152 0.708546 0.802997 0.457396 0.387756 0.195982 0.419 0.533682 0.552338 0.570693 0.75178 0.592608
 0.406927 0.731458 0.723723 0.962022 2.18082 1.97022 1.17885 0.633296 0.270179 0.127194 0.152459 0.169089 0.249666 0.0320677 0.282268 0.270985 0.263489 0.206823 0.389386 0.345445
 0.379851 0.56142 0.642848 0.737522 0.94307 0.848259 1.03058 0.958605 0.863741 0.62466 0.667452 0.93464 1.06213 1.50121 1.37038 1.13527 0.618431 0.792899 0.482774 0.446787
 0.329465 0.301572 0.31089 0.217892 0.318101 0.297084 0.286301 0.917045 1.01608 0.973575 0.625863 0.398428 0.374912 0.630176 0.665849 0.371073 0.314095 0.253033 0.204689 0.227904
 0.389917 0.492015 0.396874 0.306766 0.305808 0.357365 0.27806 0.26742 0.225414 0.398241 0.288873 0.4108 0.613014 0.485251 0.424578 0.351554 0.302683 0.483892 0.372191 0.275783
 0.424075 0.921693 0.986758 0.7896 0.47124 0.394007 0.330872 0.712427 1.03687 0.871363 0.378173 0.21277 0.220533 0.305589 0.336359 0.3072 0.481241 0.661257 0.52382 0.321915
 0.387669 0.660348 0.8465 1.22622 1.18046 0.933877 0.664226 0.353544 0.203497 0.258475 0.493893 0.739109 0.614002 0.404773 0.364154 0.411813 0.470518 0.41952 0.289174 0.144286
 0.375121 0.191369 0.0495805 0.0283117 0.0220811 0.0474733 0.0550757 0.0742849 0.106052 0.0741971 0.0878909 0.152188 0.172578 0.215366 0.274199 0.270267 0.260559 0.431758 0.429325 0.318421
 0.420345 0.590078 0.568376 0.699905 0.655284 0.592231 0.674155 0.579891 0.437221 0.408363 0.437739 0.511996 0.204429 0.723623 0.4365 0.322664 0.436364 0.356508 0.288866 0.462162
 0.350238 0.310988 0.196216 0.231598 0.443014 0.285071 0.259084 0.304776 0.31781 0.281309 0.374876 0.479323 0.698255 0.676151 1.12165 0.522974 0.0957212 0.0518552 0.107625 0.0837499
 0.448245 0.886745 1.01316 0.907888 0.618368 0.522721 0.649135 0.741678 0.72111 0.993499 0.730639 0.576786 0.502318 0.236946 0.0946661 0.104284 0.126497 0.111425 0.208981 0.270477
 0.433131 0.766861 0.779597 0.761823 0.716853 0.668538 0.453572 0.574375 0.636423 0.844277 0.973574 0.473102 0.243718 0.157621 0.204491 0.380589 0.36935 0.511132 0.418677 0.266002
 0.391674 0.664083 0.982519 0.943716 0.738314 0.787162 1.17192 1.35188 1.10067 0.755455 0.420357 0.27857 0.278897 0.304644 0.313961 0.23296 0.181734 0.18354 0.29519 0.364893
 0.315176 0.25687 0.219509 0.213527 0.358746 0.404516 0.34607 0.302561 0.326271 0.253026 0.177833 0.215028 0.340574 0.345952 0.411136 0.426661 0.462435 0.329137 0.129153 0.0817949
 0.361876 0.37141 0.402929 0.369991 0.204649 0.252352 0.563109 0.759174 0.661829 0.498622 0.516682 0.584808 0.691996 0.615354 0.619515 0.360977 0.216288 0.271464 0.233751 0.292466
 0.386945 0.610609 0.723343 0.86538 1.09284 1.20178 0.97443 0.628763 0.433927 0.494251 0.59429 0.327724 0.255616 0.436183 0.439136 0.869848 1.1993 0.683416 0.395694 0.345033
 0.448707 0.728145 0.672113 0.582278 0.719706 0.663671 0.779453 1.36349 1.36659 0.853183 0.579841 0.551738 0.619608 0.55722 0.581958 0.564686 0.507519 0.924918 0.794064 0.482809
 0.479515 0.297471 0.283272 0.456302 1.1566 1.49397 1.21133 0.941545 0.533619 0.504962 0.76237 1.54298 1.16168 0.607512 0.415524 0.322279 0.471365 0.706538 0.50321 0.337688
 0.456171 0.755443 0.778946 0.769285 0.689676 0.565487 0.488187 0.450863 0.384546 0.333595 0.900846 0.186573 0.340127 0.52216 1.13927 1.17249 1.00338 0.724949 0.483532 0.485564
 0.849406 1.03209 1.33765 1.31666 1.24996 0.992677 0.879661 0.928653 1.60918 1.32114 0.793923 0.535579 0.355504 0.467052 0.496924 0.43191 0.396067 0.466965 0.573205 0.607079
 0.47411 0.897711 1.68548 1.88573 1.32544 0.810392 0.461599 0.461748 0.472822 0.389069 0.308376 0.28607 0.47089 0.820839 0.651786 0.375938 0.267167 0.302407 0.42876 0.718917
 0.40164 0.437208 0.606241 0.643349 1.00089 1.68878 1.25325 0.362267 0.298828 0.52952 0.38552 0.531458 0.71808 0.572168 0.564823 0.369543 0.336486 0.230038 0.220456 0.163115
 0.429746 0.415515 0.274209 0.147408 0.167503 0.272276 0.392632 0.431053 0.725983 0.639257 0.442283 0.205928 0.0992604 0.0760183 0.121211 0.260901 0.314179 0.398075 0.547153 0.738551
 0.402814 0.530228 1.02929 0.860338 0.252886 0.123485 0.126083 0.220165 0.373811 0.733551 0.910543 0.92359 0.710255 0.531723 0.382139 0.316348 0.50091 0.697649 0.410558 0.342203
 0.4018 0.453765 0.368033 0.221153 0.211242 0.331775 0.592601 0.473798 0.432128 0.31172 0.20484 0.0811561 0.100772 0.132306 0.0932751 0.129432 0.230942 0.186471 0.325135 1.41652
 0.355588 0.346929 0.283809 0.512135 0.446019 0.660865 0.589241 0.387222 0.376908 0.430728 0.318802 0.459373 0.69932 0.381049 0.199045 0.174691 0.208821 0.283595 0.932112 0.750451
 0.294957 0.304156 0.118826 0.142807 0.164417 0.166147 0.121311 0.148022 0.271718 0.389058 0.476607 0.377922 0.410072 0.717108 0.501669 0.242379 0.184109 0.226202 0.234081 0.335285
 0.331119 0.394288 0.704386 0.609888 0.407162 0.289429 0.284324 0.302275 0.266893 0.259253 0.289219 0.467368 0.708427 1.34501 0.992587 0.42494 0.210545 0.157398 0.238994 0.197484
 0.372399 0.414742 0.592058 0.627194 0.722469 0.406716 0.313229 0.29957 0.215757 0.201548 0.391466 0.389817 0.174936 0.112248 0.0212919 0.0214567 0.0189242 0.0532058 0.16813 0.186528
 0.464563 0.754347 1.13224 1.03039 0.782264 0.612814 0.383446 0.211495 0.262616 0.339181 0.263327 0.392943 0.33329 0.323663 0.274352 0.345696 0.703851 0.662702 0.375322 0.2727
 0.410262 0.377978 0.317902 0.456667 1.35677 1.50225 0.908843 0.471901 0.11983 0.110208 0.224955 0.393522 0.538346 0.794146 0.423806 0.369042 0.696394 0.704425 0.37678 0.240602
 0.437652 0.459596 0.342795 0.399022 0.404941 0.698352 0.761336 0.524796 0.269176 0.18544 0.25951 0.752826 0.78933 0.629284 0.443933 0.345522 0.384266 0.569027 0.61832 0.590135
 0.458901 0.358073 0.442138 0.978361 1.20181 0.766378 0.307607 0.220963 0.370937 0.346784 0.33925 0.580196 1.10561 1.01344 0.529404 0.396763 0.49134 0.37583 0.320962 0.395349
 0.430936 0.763063 0.745119 1.06723 1.07741 0.77456 0.87741 1.27758 1.32863 0.963235 0.642474 0.641695 0.632463 0.661914 0.630655 0.411625 0.393307 0.632554 0.600364 0.686207
 0.466528 0.978705 1.03577 0.779803 0.653749 0.33677 0.161787 0.235703 0.503993 0.567661 0.655836 0.464568 0.388104 0.576388 0.632461 0.787855 0.616786 0.453233 0.322579 0.203653
 0.443778 0.569512 0.842962 1.31623 1.10058 0.745133 0.60375 0.543145 0.534249 0.52546 0.502344 0.417961 0.287516 0.331591 0.30906 0.395474 1.00409 0.928553 0.563503 0.529386
 0.362141 0.358284 0.499061 0.889519 0.974938 0.672471 0.60125 0.520352 0.526322 0.305447 0.682286 0.949499 0.761094 0.603581 0.372913 0.29953 0.421201 0.378405 0.212816 0.034106
 0.354082 0.488889 0.544369 0.40633 0.337357 0.417471 0.590221 0.643752 0.385159 0.219229 0.190769 0.130204 0.411609 0.324218 0.307974 0.183711 0.172927 0.211008 0.26867 0.482984
 0.378615 0.369253 0.242991 0.160991 0.175455 0.316848 0.564117 0.713305 0.63371 0.497947 0.337372 0.231542 0.164236 0.0857388 0.0865196 0.0934903 0.0889283 0.109527 0.129648 0.183326
 0.390099 0.548768 0.58687 0.516713 0.437393 0.473139 0.603315 0.438088 1.02639 0.31591 0.513427 0.351857 0.163807 0.128865 0.223167 0.450628 0.72596 0.770354 0.45442 0.216424
 0.407827 0.436748 0.643206 0.658449 0.586494 0.747301 1.10274 0.834968 0.447729 0.290759 0.162347 0.288591 0.430764 0.472348 0.37055 0.149892 0.129924 0.207888 0.256984 0.292145
 0.467845 0.476047 0.352354 0.272607 0.237615 0.465856 0.6461 0.519157 0.262581 0.321105 0.632178 0.879201 0.443217 0.44833 0.333793 0.166208 0.172852 0.298979 0.325337 0.294662
 0.38594 0.327389 0.237102 0.257018 0.387324 0.344839 0.256098 0.269949 0.332487 0.336755 0.352854 0.423782 0.813978 0.56975 0.358912 0.425463 0.771876 0.984633 0.934441 0.515956
 0.430622 0.440067 0.410961 0.480745 0.53093 0.547543 0.54414 0.391131 0.28822 0.202897 0.361522 0.437135 0.302898 0.247979 0.406693 0.364229 0.361717 0.568892 0.459844 0.243451
 0.529852 1.55689 2.54233 1.75262 0.946784 0.507347 0.315186 0.231991 0.19445 0.439716 0.598318 0.584378 0.369526 0.915025 0.70214 0.466185 0.315352 0.369279 0.559554 0.674197
 0.443636 0.730883 0.867851 0.822955 0.901527 1.09471 0.914718 0.745706 0.530297 0.418476 0.343581 0.658424 0.713277 0.375684 0.102305 0.0882644 0.137996 0.260717 0.517728 0.602087
 0.412756 0.636449 0.725178 0.719352 0.836479 0.814726 0.495835 0.308206 0.173663 0.1953 0.179069 0.21175 0.161371 0.141454 0.2132 0.184811 0.275792 0.43596 0.62835 0.607449
 0.366822 0.418923 0.751357 1.32751 1.61982 1.03328 0.437055 0.236603 0.088458 0.0526867 0.119439 0.146625 0.114696 0.157998 0.196249 0.236788 0.321855 0.255791 0.44151 0.425753
 0.416586 0.686563 0.7182 0.39578 0.270681 0.295176 0.288244 0.245502 0.40784 0.231264 0.299271 0.466042 0.440323 0.262989 0.293774 0.478274 0.684244 0.483908 0.265931 0.246921
 0.364764 0.244299 0.292763 0.402394 0.629919 1.09581 0.948882 0.665941 0.563212 0.87285 0.59328 0.507476 0.500391 0.822814 0.706801 0.321023 0.270736 0.42587 0.323538 0.220202
 0.404243 0.576492 0.782406 0.95564 0.944483 0.863104 0.759152 0.401318 0.210739 0.333875 0.938355 0.721833 0.279302 0.102779 0.13507 0.207767 0.233849 0.265508 0.310825 0.390903
 0.396876 0.701651 1.17193 1.00908 0.674307 0.415256 0.343257 0.336903 0.612443 0.550008 0.460975 0.275801 0.276227 0.258025 0.311717 0.484032 0.792799 0.569854 0.382005 0.351882
 0.338713 0.393851 0.235491 0.194145 0.125853 0.146749 0.332724 0.297914 0.198276 0.24199 0.246921 0.260121 0.267642 0.521467 0.607078 0.765678 0.527028 0.315155 0.303118 0.19627
 0.39789 0.470557 0.567115 0.813561 0.925304 0.634633 0.202533 0.117885 0.143693 0.116663 0.190464 0.309209 0.309113 0.488127 0.635476 0.47123 0.382019 0.223467 0.212836 0.333402
 0.328912 0.197936 0.193727 0.22682 0.337516 0.443776 0.302409 0.202887 0.165015 0.348917 0.344176 0.327088 0.443767 0.85439 0.0830648 0.465956 0.470257 0.406792 0.760998 0.612046
 0.50385 1.34773 1.45124 0.771732 0.577697 0.583192 0.53746 0.515151 0.387907 0.337869 0.565924 0.734509 0.534644 0.442447 0.47182 0.624171 0.64724 0.380205 0.336617 0.352258
 0.386372 0.401073 0.407169 0.823565 1.47157 0.976728 0.613844 0.464163 0.479355 0.382118 0.439243 0.495409 0.872516 0.634165 0.305582 0.230614 0.454973 0.433822 0.538735 0.528356
 0.456301 1.14393 1.41142 0.943896 0.647 0.685379 0.939221 1.26942 0.873157 0.721654 0.648797 0.635346 0.566908 0.693958 0.634944 0.791485 0.507359 0.362013 0.473483 0.322
 0.362849 0.399557 0.707826 0.787408 0.814951 0.93 0.609699 0.303629 0.219009 0.267497 0.227981 0.383157 0.494233 0.447534 0.317258 0.395447 0.874309 0.864278 0.703333 0.260684
 0.354214 0.365957 0.239876 0.243369 0.258111 0.544524 0.523179 0.32985 0.28152 0.239467 0.458459 0.519675 0.440856 0.5 0.507058 0.490485 0.382042 0.388052 0.333648 0.206951
 0.390475 0.624975 0.736747 0.646251 0.722084 0.840164 0.767249 0.540261 0.163311 0.143203 0.108265 0.15274 0.213385 0.343115 1.01857 1.15319 0.835741 0.408917 0.199998 0.219141
 0.37832 0.679608 0.923273 0.867709 0.921133 1.03103 0.685692 0.5426 0.549387 0.371723 0.287608 0.338738 0.470754 0.744262 1.50844 1.2644 0.561928 0.18302 0.118233 0.117903
 0.403319 0.576354 0.785772 0.973592 0.348062 0.720038 0.770425 0.738383 0.763959 0.643624 0.619879 0.782791 1.63318 1.35894 0.915567 0.553245 0.358151 0.280735 0.276271 0.242143
 0.409293 0.309892 0.532601 0.429375 0.664041 0.785387 1.00885 0.840584 0.462357 0.305081 0.295219 0.48881 0.385513 0.338235 0.405399 0.489819 0.327836 0.231363 0.233545 0.29841
 0.403985 0.535476 0.78675 1.25377 0.856246 0.688327 0.931997 0.662129 0.370912 0.393702 0.631799 0.734897 0.45623 0.227669 0.209226 0.2941 0.33673 0.32352 0.482805 0.312308
 0.358334 0.359852 0.310287 0.2487 0.289934 0.480561 1.02789 0.919644 0.62728 0.223542 0.0397461 0.119801 0.185679 0.207684 0.209455 0.376682 0.342378 0.367825 0.332361 0.202386
 0.479166 1.18084 1.17661 0.806037 0.668546 0.946355 1.03564 1.64442 1.20629 0.713809 0.467097 0.334986 0.398882 0.386294 0.25712 0.218717 0.308821 0.727505 0.903444 0.625241
 0.365693 0.315195 0.306166 0.252286 0.376143 0.600842 0.595333 0.503885 0.589864 0.578232 0.573064 0.492085 0.582648 0.441989 0.314436 0.195477 0.285843 0.405092 0.499978 0.693637
 0.369135 0.382255 0.482616 0.48955 0.167903 0.164036 0.334984 0.334222 0.223425 0.213483 0.20675 0.26946 0.184443 0.637125 0.999321 0.987534 0.633493 0.405693 0.398928 0.279132
 0.41076 0.569641 0.495907 0.269339 0.125123 0.136932 0.100596 0.133375 0.192831 0.228582 0.216863 0.262066 0.642711 1.04494 1.30984 0.970518 0.551619 0.355774 0.257951 0.307951
 0.418786 0.629308 0.78933 1.02727 1.06132 1.34867 1.00131 0.820627 0.645136 0.607239 0.525768 0.598266 0.491048 0.36248 0.344754 0.351746 0.250265 0.321202 0.459384 0.45551
 0.409333 0.487272 0.720139 0.69334 0.976291 0.705382 0.446396 0.342855 0.446667 0.397105 0.248244 0.195166 0.303017 0.3147 0.37597 0.485228 0.566874 0.511481 0.458528 0.260352
 0.379665 0.401375 0.398427 0.424535 0.573898 0.593341 0.380959 0.266483 0.262569 0.273642 0.402364 0.573277 0.942539 0.594798 0.234878 0.185738 0.298308 0.366739 0.498078 0.466413
 0.401195 0.305132 0.0930791 0.0474146 0.063003 0.16117 0.249331 0.198802 0.280602 0.267133 0.258871 0.440158 0.323797 0.335496 0.448596 0.696032 0.638124 0.383121 0.348714 0.35973
 0.429095 0.460299 0.596818 0.364317 0.236228 0.434249 0.476815 0.398234 0.239503 0.179544 0.177501 0.226966 0.227729 0.279952 0.491392 0.384507 0.307923 0.319749 0.294472 0.247523
 0.496201 1.00034 1.21582 1.14087 1.51106 1.20952 0.807011 0.765635 1.27437 1.38574 0.970707 0.675589 0.534339 0.406815 0.503867 0.474189 0.400502 0.421424 0.482519 0.487636
 0.493608 1.22003 1.30944 0.959802 0.701822 0.535273 0.601687 0.765115 0.784806 0.970678 1.08706 0.619642 0.431106 0.500576 0.303054 0.250625 0.235506 0.388616 0.611089 0.8704
 0.457531 0.543421 1.25963 1.20145 0.770356 0.450199 0.319188 0.253457 0.359034 0.202267 0.196578 0.483518 0.505209 0.552179 1.01038 0.97427 0.443 0.184529 0.189881 0.234399
 0.46633 0.41118 0.553775 0.781416 1.30765 1.15241 0.664152 0.773522 0.718275 0.776676 0.55127 0.343755 0.177444 0.269723 0.154522 0.101554 0.51588 0.313045 0.599894 0.486082
 0.488482 0.833597 1.24808 1.59008 1.14943 0.833064 0.716944 0.239145 0.215007 0.411973 0.371471 0.499732 0.383981 0.618725 0.508831 0.293229 0.282264 0.34328 0.510166 0.788683
 0.449004 0.420274 0.379358 0.398634 0.42811 0.507237 0.316706 0.274635 0.501572 1.61912 1.85646 1.0988 0.378742 0.244626 0.565297 0.787648 0.377034 0.146539 0.15644 0.13938
 0.391224 0.758289 0.706777 0.830722 1.05272 1.07414 0.812111 0.935003 0.779105 0.4226 0.393301 0.483164 0.47484 0.326634 0.140431 0.205845 0.430232 0.370051 0.210267 0.248219
 0.299797 0.277172 0.163104 0.184181 0.221937 0.261234 0.358784 0.269789 0.445319 0.382877 0.380785 0.363414 0.349968 0.443114 0.838259 0.830768 0.412921 0.376181 0.488955 0.567188
 0.360607 0.296723 0.271581 0.556292 0.45107 0.476241 1.48735 1.68383 1.05256 0.497507 0.303009 0.154399 0.107927 0.192411 0.206004 0.320764 0.534594 1.20982 1.04087 0.424439
 0.387743 0.48138 0.304535 0.107109 0.128772 0.323294 0.403367 0.245969 0.299713 0.551396 0.579058 0.419427 0.386668 0.274602 0.305415 0.173661 0.179627 0.262308 0.345857 0.323679
 0.306307 0.212487 0.36656 0.27503 0.183589 0.232242 0.434874 1.00743 0.782935 0.619318 0.448065 0.38742 0.33295 0.494661 0.332997 0.238564 0.256334 0.357771 0.397758 0.665446
 0.343324 0.416832 1.02283 1.0228 0.806513 0.0754908 0.0766132 0.117467 0.14712 0.126181 0.273601 0.272365 0.368045 0.344338 0.212898 0.192412 0.221555 0.426795 0.618767 0.459786
 0.264376 0.179507 0.214642 0.591658 0.538391 0.766408 1.12768 0.907966 0.699103 0.463299 0.288053 0.476133 0.893661 0.884447 0.409866 0.141475 0.0800238 0.0506687 0.072861 0.164564
 0.345012 0.430158 0.861512 0.815847 1.09576 1.61811 1.29587 0.700915 0.606277 1.41258 1.49044 0.962979 0.391887 0.0937689 0.107707 0.127725 0.226856 0.569948 0.808494 0.734152
 0.349178 0.412386 0.544926 0.652427 0.507892 0.484764 0.391224 0.354442 0.500836 0.670313 0.686695 0.78793 0.453757 0.317113 0.304487 0.381439 0.272045 0.400332 0.974471 2.10136
 0.388775 0.0666311 0.0120392 0.00156259 7.88923e-05 1.22734e-06 3.82222e-07 1.97696e-08 4.37038e-11 1.29179e-12 1.02379e-13 6.32981e-15 1.20016e-11 1.23364e-13 1.92962e-15 3.62147e-12 6.7269e-12 3.25939e-16 2.56351e-17 6.56235e-18
 0.38695 0.06099 0.00686226 0.000413935 1.0665e-05 7.45746e-07 4.69121e-08 5.95943e-10 2.35169e-11 3.70551e-10 1.60055e-10 2.02381e-11 3.51065e-12 4.27349e-14 3.92354e-18 1.94394e-17 7.19639e-19 2.5216e-17 1.18545e-20 3.77307e-21
 0.417589 0.595942 0.750789 0.813403 0.864229 1.12174 1.06765 1.59408 1.80403 1.15944 0.517774 0.467774 1.10898 1.17423 0.689671 0.258329 0.137322 0.15357 0.260172 0.348893
 0.42301 0.503361 1.16855 1.646 1.78287 1.26403 0.075521 0.00723857 0.000466417 1.52428e-05 4.73345e-07 1.29536e-08 8.22631e-10 1.53678e-11 3.41454e-12 1.74377e-11 1.32823e-12 3.34346e-12 3.22319e-11 2.22499e-13
 0.410802 0.246193 0.264237 0.251235 0.64058 0.91778 0.654075 0.35474 0.211203 0.361292 0.460736 0.847395 0.672311 0.483055 0.225193 0.187171 0.320601 0.264709 0.361357 0.274375
 0.434837 0.74314 0.765627 0.403993 0.249953 0.0986347 0.110878 0.281226 0.186117 0.225671 0.568654 0.471779 0.616704 0.818478 0.654042 0.477651 0.568654 0.678226 0.674584 0.665204
 0.404499 0.853043 1.60218 1.96511 1.22395 0.895887 0.582155 0.361056 0.33453 0.290418 0.340736 0.216255 0.152724 0.30487 0.417668 0.350425 0.37428 0.408185 0.509255 0.370176
