 0.627479 0.768058 0.816851 0.898665 1.3123 1.07948 0.730382 0.592685 0.586239 0.567384 0.608649 0.911769 0.75545 0.834388 0.634093 0.380974 0.399844 0.468449 0.732527
 0.627479 0.768058 0.816851 0.898665 1.3123 1.07948 0.730382 0.592685 0.586239 0.567384 0.608649 0.911769 0.75545 0.834388 0.634093 0.380974 0.399844 0.468449 0.732527
 0.627479 0.768058 0.816851 0.898665 1.3123 1.07948 0.730382 0.592685 0.586239 0.567384 0.608649 0.911769 0.75545 0.834388 0.634093 0.380974 0.399844 0.468449 0.732527
 0.627479 0.768058 0.816851 0.898665 1.3123 1.07948 0.730382 0.592685 0.586239 0.567384 0.608649 0.911769 0.75545 0.834388 0.634093 0.380974 0.399844 0.468449 0.732527
 0.591684 0.73801 0.812756 0.89669 1.32509 1.09123 0.732058 0.576845 0.575121 0.561601 0.601083 0.886995 0.722869 0.793414 0.603851 0.366756 0.388318 0.460885 0.730615
 0.488545 0.654158 0.800121 1.15232 1.40494 1.01968 0.68745 0.579828 0.559158 0.493984 0.544965 0.840277 0.650939 0.788921 0.606788 0.387783 0.389305 0.433542 0.800322
 0.889269 0.85676 0.936859 1.32813 1.62008 1.10143 0.665608 0.505251 0.516232 0.474486 0.516294 0.715159 0.551554 0.759426 0.565185 0.351444 0.366715 0.400298 0.805081
 0.709062 0.940374 1.13523 1.28317 1.53604 0.99929 0.593454 0.435488 0.397422 0.343737 0.444091 0.687641 0.551729 0.724289 0.590029 0.377444 0.382174 0.432564 0.892691
 0.591326 1.09554 1.02998 0.964273 1.44395 1.12019 0.591347 0.440675 0.491963 0.480167 0.587697 0.818608 0.632762 0.736933 0.560144 0.365146 0.355624 0.444122 0.882058
 0.521605 1.11887 1.21103 0.885924 1.26131 1.13169 0.742786 0.6508 0.658268 0.726062 0.770984 0.794142 0.562974 0.705464 0.58483 0.431876 0.449541 0.468198 0.751424
 0.721015 1.27882 1.5474 0.943714 0.986033 1.00323 0.734074 0.647013 0.636449 0.684368 0.796224 0.813397 0.59228 0.747515 0.562291 0.410464 0.471104 0.58005 0.843376
 0.767927 0.946648 0.976593 0.863859 1.07529 0.92973 0.647949 0.59475 0.699904 0.708738 0.738052 0.828345 0.613785 0.801944 0.636406 0.421297 0.471057 0.589385 0.945815
 0.531297 0.597998 0.678359 0.828355 1.14929 1.14938 0.928652 0.82543 0.742002 0.678572 0.703506 0.869635 0.693058 0.789106 0.607161 0.416797 0.492879 0.597424 0.998567
 0.190638 0.540588 0.723519 0.987131 1.212 1.11392 0.879386 0.717838 0.731674 0.733018 0.68407 0.929257 0.739446 0.746263 0.572478 0.348373 0.425958 0.503213 0.847582
 0.714178 0.981543 0.92264 1.00219 1.25397 1.0531 0.797939 0.622248 0.649587 0.651621 0.595025 0.91538 0.784995 0.767527 0.522641 0.279277 0.304133 0.397547 0.76455
 0.822391 1.05717 1.14753 1.23027 1.26164 1.08853 0.850662 0.687105 0.693315 0.656993 0.598795 0.965023 0.851043 0.838239 0.597132 0.330932 0.332725 0.415845 0.756556
 0.682353 1.07587 1.17351 1.17372 1.09925 0.857537 0.74362 0.59865 0.569813 0.606304 0.65178 0.89408 0.732651 0.827248 0.665396 0.400858 0.379648 0.448296 0.842087
 0.359236 0.696702 0.86812 1.05274 1.2516 0.98664 0.803282 0.645805 0.672802 0.688569 0.700897 0.873507 0.747727 0.900586 0.755723 0.495916 0.419925 0.526198 0.91203
 0.637321 0.841958 0.965556 1.08638 1.38733 1.04951 0.74495 0.604312 0.594676 0.624431 0.726357 1.0309 0.860907 1.0031 0.836689 0.548235 0.482914 0.558621 0.772861
 0.833711 1.30163 0.998824 0.720821 1.13288 0.991438 0.72448 0.549973 0.513334 0.474037 0.560275 0.967801 0.893797 0.955694 0.685646 0.354649 0.366522 0.487568 0.641272
 0.375314 0.871047 0.86717 0.821675 1.26228 1.04831 0.710427 0.573536 0.609703 0.565513 0.559748 1.01257 0.925 0.974966 0.680721 0.374492 0.44021 0.591644 0.769023
 0.644146 0.936351 1.06173 0.964109 1.27467 0.982594 0.622258 0.530907 0.595741 0.554487 0.504197 0.953238 0.856831 0.894728 0.638076 0.349564 0.369752 0.460508 0.686459
 0.383673 0.851808 0.890095 0.877857 1.41674 1.22131 0.830004 0.585917 0.558416 0.469396 0.467451 0.865327 0.875309 0.884488 0.591798 0.324067 0.341195 0.457202 0.666919
 0.327383 0.541165 1.04725 1.12065 1.34465 1.0059 0.761603 0.561002 0.627807 0.601743 0.60478 0.968553 0.95333 0.957882 0.667446 0.370156 0.400983 0.555092 0.719034
 0.403355 0.785582 1.10674 1.23587 1.47943 1.04404 0.668137 0.479968 0.578219 0.611809 0.581487 0.96785 0.912995 0.895533 0.624872 0.369915 0.435388 0.600043 0.726696
 0.492594 0.653932 1.05573 1.19087 1.40965 1.0076 0.683396 0.528177 0.61388 0.666194 0.75205 1.05182 0.955436 0.913368 0.624066 0.403818 0.446387 0.574051 0.744102
 0.276046 0.38196 0.752069 0.981265 1.27149 0.951135 0.699785 0.611277 0.600338 0.621404 0.685263 1.08627 0.939277 0.904044 0.650508 0.360252 0.403185 0.543085 0.741011
 0.600221 0.649046 1.05084 1.07828 1.16535 0.984402 0.777246 0.717532 0.67452 0.651394 0.697679 1.09856 0.932433 0.857661 0.597752 0.353022 0.418931 0.525269 0.737475
 0.759003 0.785814 0.825247 0.868181 1.21459 1.04419 0.726032 0.650898 0.648644 0.701897 0.714726 0.995538 0.894549 0.913008 0.622665 0.354788 0.390942 0.499634 0.823847
 0.691772 0.653379 0.83443 1.13109 1.31773 1.03876 0.697811 0.561089 0.462459 0.543406 0.674777 1.03956 0.956352 0.91727 0.631808 0.351467 0.412751 0.534951 0.906146
 0.725798 0.530161 0.802356 1.24255 1.39985 1.05088 0.569815 0.429051 0.362788 0.416482 0.530037 0.975092 0.832645 0.886549 0.661147 0.350749 0.429632 0.502734 0.715038
 0.637616 0.468968 0.679927 0.698697 1.10222 0.883312 0.577676 0.41235 0.384158 0.470864 0.616575 0.913054 0.737788 0.739545 0.520098 0.266748 0.362592 0.417915 0.752611
 0.706066 0.659685 0.843438 0.859087 1.19508 0.978163 0.493888 0.366113 0.389466 0.457997 0.615728 1.00144 0.78113 0.775268 0.56158 0.306805 0.33306 0.368404 0.584294
 0.414867 0.426652 0.976644 0.906467 1.34057 1.08805 0.627663 0.466127 0.488858 0.541537 0.663199 0.957525 0.723042 0.737237 0.489972 0.265446 0.317625 0.385055 0.579864
 0.690744 0.565097 0.80414 0.879832 1.24093 0.955733 0.614579 0.509726 0.486975 0.595253 0.650651 0.960371 0.718427 0.684969 0.469497 0.255867 0.371023 0.439331 0.683533
 0.586312 0.552746 0.76113 0.726131 1.23914 0.861174 0.514387 0.54828 0.534469 0.672513 0.682861 1.10514 0.858133 0.82227 0.559855 0.306388 0.407657 0.495402 0.812699
 0.88462 0.643373 0.4973 0.675348 1.33009 1.03562 0.633954 0.660546 0.573409 0.607322 0.619826 1.14314 0.870261 0.72692 0.47176 0.279575 0.347174 0.421479 0.75912
 0.954071 0.782139 0.669935 0.8635 1.35171 0.960006 0.465139 0.470499 0.512453 0.566582 0.561819 1.05428 0.838299 0.770566 0.486888 0.280591 0.326569 0.37365 0.728835
 0.856628 0.758152 0.664087 0.887941 1.48982 1.0392 0.586375 0.8345 0.878189 0.78329 0.706505 1.14898 0.963701 0.899294 0.583186 0.351018 0.435846 0.475396 0.731557
 1.10627 0.837827 0.82161 1.01126 1.32643 1.08634 0.716857 0.636777 0.655959 0.739525 0.802867 1.11484 0.957293 0.88909 0.559907 0.364667 0.431052 0.469076 0.67361
 0.686371 0.568302 0.802917 0.954309 1.20942 1.07217 0.683262 0.425738 0.602773 0.661553 0.717638 1.125 0.914286 0.870985 0.616242 0.372829 0.391124 0.431265 0.733292
 0.716941 0.52742 0.645983 1.11208 1.43514 1.04063 0.615153 0.471241 0.565517 0.568187 0.624291 1.06593 0.824857 0.824065 0.599929 0.380636 0.433927 0.445499 0.703379
 1.19585 0.882527 0.653992 1.06141 1.41085 1.08776 0.697006 0.579424 0.692985 0.644674 0.697435 1.05956 0.793314 0.881638 0.696486 0.432156 0.387769 0.391335 0.549756
 1.3871 1.05818 0.827967 0.826347 1.12338 0.9493 0.645285 0.534199 0.599609 0.553021 0.587337 0.899038 0.667538 0.812589 0.632815 0.381118 0.335886 0.365552 0.52604
 1.4102 1.05218 0.806739 0.770873 1.1834 1.14383 0.777165 0.496253 0.498973 0.419926 0.440355 0.887849 0.638644 0.740035 0.545203 0.330161 0.311657 0.343201 0.514903
 1.00349 0.929751 1.07242 0.983156 1.13447 0.888557 0.593353 0.394855 0.393465 0.367269 0.52694 0.91396 0.731668 0.8113 0.591962 0.416973 0.43469 0.51406 0.732636
 1.04071 0.717066 0.622842 0.800214 1.01298 0.828064 0.556953 0.419434 0.430517 0.433677 0.616367 1.02044 0.778997 0.79786 0.637235 0.431097 0.444122 0.545943 0.780834
 0.984123 0.711571 0.617072 0.558593 0.988878 1.05317 0.785848 0.437477 0.385852 0.456241 0.564975 0.982634 0.816275 0.693702 0.484355 0.306454 0.311007 0.380601 0.624208
 1.0492 0.776408 0.605599 0.75373 1.05632 1.07492 0.840551 0.579882 0.503192 0.558603 0.693228 1.08457 0.943378 0.910989 0.660633 0.415285 0.408402 0.523181 0.757201
 0.754995 0.597364 0.656894 0.938408 1.23469 1.13489 0.876262 0.6102 0.508211 0.545936 0.697154 0.943236 0.840401 0.913292 0.696912 0.446629 0.427645 0.522379 0.641361
 0.412054 0.434344 0.831469 1.01905 1.33134 1.24421 0.889864 0.541134 0.469517 0.513534 0.616905 0.853188 0.804554 0.992843 0.816969 0.536525 0.485185 0.525317 0.688689
 0.291441 0.506481 0.8246 1.01557 1.41507 1.21419 0.664397 0.559748 0.51612 0.501599 0.604854 0.8762 0.742564 0.807923 0.632265 0.383643 0.395753 0.478339 0.700676
 0.642855 0.71696 0.742597 0.725374 1.1928 1.13845 0.711814 0.735383 0.697503 0.672082 0.736433 1.01441 0.83214 0.924814 0.74944 0.471359 0.453627 0.506619 0.906993
 0.819524 0.890282 0.769762 0.717973 1.26134 1.12265 0.741323 0.804162 0.820411 0.821745 0.848203 1.11396 0.934677 1.09879 0.883844 0.541422 0.516297 0.549278 0.887639
 0.822946 0.72972 0.647048 0.692077 1.06233 0.960686 0.646515 0.579088 0.645705 0.731623 0.795944 1.12139 0.980135 1.02177 0.758389 0.492122 0.498647 0.512527 0.744041
 0.696917 0.782514 0.787306 0.821883 1.29211 1.38936 0.902009 0.639939 0.677244 0.775892 0.866263 1.05596 0.872983 0.942586 0.675507 0.438258 0.533017 0.591288 0.795518
 1.2392 1.07374 0.784583 0.803495 1.27427 1.17203 0.714792 0.497076 0.535232 0.586539 0.705284 0.964758 0.799718 0.833335 0.611476 0.421431 0.494827 0.556677 0.839968
 0.536663 1.12266 0.921376 0.607644 1.20995 1.02557 0.655619 0.645383 0.730625 0.737062 0.776879 1.01513 0.774708 0.826817 0.627603 0.44571 0.494531 0.521777 0.760701
 0.617119 0.853648 0.798615 0.632164 1.06685 1.03198 0.763968 0.648969 0.703587 0.757365 0.803582 0.940523 0.747948 0.872148 0.655608 0.425641 0.443146 0.513683 0.7816
 0.652572 1.22531 0.871482 0.579207 1.02252 1.11408 1.02283 0.923313 0.852833 0.769375 0.806018 1.02446 0.810746 0.873552 0.655947 0.425808 0.428157 0.507417 0.790634
 0.493031 0.589838 0.709427 0.776382 1.27661 1.17131 0.829018 0.578478 0.4844 0.556362 0.672889 0.929226 0.737448 0.84429 0.61201 0.377812 0.419239 0.506811 0.799886
 0.412782 0.747549 0.739267 0.548545 1.19875 1.12891 0.718263 0.423713 0.386418 0.434513 0.60886 0.917794 0.722866 0.830568 0.571137 0.327388 0.392447 0.478786 0.733795
 0.37997 0.623497 0.785705 0.618749 1.24189 1.18743 0.743517 0.499406 0.579412 0.529174 0.66553 0.974687 0.836867 0.831637 0.53264 0.342823 0.429412 0.525314 0.603959
 0.866224 1.02216 0.844261 0.637949 1.21301 1.15641 0.820948 0.498076 0.546887 0.541711 0.66357 0.908588 0.72755 0.740458 0.515418 0.346394 0.396243 0.51149 0.614844
 0.814487 0.998722 0.768682 0.584334 1.08685 0.99972 0.875212 0.719739 0.708274 0.634416 0.70024 0.891339 0.691767 0.749163 0.534187 0.379431 0.456428 0.549343 0.714763
 0.73314 0.927549 0.803221 0.669449 1.13071 1.27038 1.02546 0.790722 0.688063 0.628441 0.610467 0.824212 0.664024 0.788429 0.583683 0.378019 0.422686 0.562722 0.957295
 1.15492 0.896904 0.764795 0.570241 1.13364 1.27616 0.80122 0.580752 0.536214 0.5499 0.597796 0.839597 0.74744 0.846771 0.577926 0.354793 0.384247 0.510219 0.984566
 0.490627 0.53085 0.733004 0.677245 1.02822 1.00544 0.688453 0.751217 0.715125 0.64625 0.65956 0.956619 0.813381 0.854734 0.636654 0.382881 0.362804 0.373482 0.665242
 0.47982 0.659266 1.1834 0.960822 1.07733 0.916215 0.620732 0.546638 0.493056 0.482004 0.598062 0.953734 0.730924 0.73611 0.527696 0.303744 0.315294 0.362288 0.706105
 0.367981 0.44542 1.00496 1.0685 1.17775 0.956296 0.696503 0.673933 0.622616 0.593183 0.687886 0.943462 0.712499 0.754789 0.561554 0.341365 0.36653 0.465258 0.825305
 0.907547 0.688851 0.733564 0.649996 1.09241 0.994526 0.783737 0.858267 0.661748 0.569824 0.749831 1.12939 0.879185 0.88518 0.710769 0.441394 0.401834 0.50969 0.972635
 0.627976 0.555401 0.717988 0.649407 1.15266 1.07613 0.793861 0.813364 0.709484 0.645427 0.745173 1.03578 0.838078 0.91195 0.767571 0.483385 0.444754 0.591326 0.950543
 0.548427 0.572447 1.11979 0.955227 1.23862 1.0915 0.703463 0.822252 0.60823 0.525875 0.633451 0.879786 0.695339 0.738846 0.556354 0.329129 0.381743 0.441423 0.697849
 0.659991 0.74789 1.03426 0.99289 1.38684 1.08614 0.663733 0.697056 0.482187 0.455807 0.60033 0.994618 0.825345 0.83589 0.680431 0.411821 0.357579 0.412371 0.777563
 0.47717 0.893176 0.903231 0.840787 1.26295 1.12397 0.777528 0.792253 0.589169 0.5373 0.60593 1.13114 1.00366 0.969879 0.717154 0.381444 0.33655 0.404051 0.837546
 0.370435 0.817594 0.736727 1.00957 1.34246 0.972428 0.720201 0.700948 0.519042 0.490283 0.532185 0.883376 0.805386 0.817321 0.617312 0.33629 0.305721 0.340527 0.665997
 0.51858 1.05299 1.13125 1.22719 1.43747 1.10709 0.682772 0.554146 0.402829 0.442921 0.501047 0.828886 0.699058 0.779019 0.651793 0.401709 0.387293 0.450544 0.858752
 0.632201 1.0126 1.04224 1.01554 1.2811 0.989731 0.808331 0.619904 0.45973 0.440034 0.504055 0.812269 0.705592 0.720494 0.569286 0.376615 0.373872 0.464177 0.741369
 0.602035 1.15464 0.859754 0.669742 1.1189 0.96621 0.77527 0.705505 0.549374 0.566349 0.608172 1.02017 0.857281 0.804864 0.611662 0.409472 0.412293 0.457977 0.726904
 0.795349 0.977905 0.719808 0.74448 0.98898 0.869874 0.611086 0.53868 0.50267 0.526351 0.559166 0.829614 0.736173 0.847616 0.72227 0.497209 0.478546 0.523815 0.629287
 0.447532 1.00745 0.969149 1.01307 1.13449 0.81713 0.562277 0.404601 0.526072 0.678602 0.635105 0.925427 0.824015 0.8628 0.639878 0.372742 0.384518 0.506034 0.853082
 0.191925 0.778824 0.785572 0.919631 1.31763 1.14916 0.715585 0.441496 0.53964 0.672861 0.667242 0.922825 0.836706 0.883644 0.714757 0.474847 0.468485 0.512326 0.996702
 0.377521 0.844146 0.965547 0.848536 1.17311 1.10143 0.747603 0.55049 0.553433 0.569828 0.604987 0.898008 0.792332 0.723915 0.637956 0.458182 0.464604 0.530746 0.941381
 0.241035 0.601788 0.663848 0.718033 1.18594 1.25462 0.892478 0.718272 0.711348 0.594432 0.583597 0.980539 0.862319 0.797756 0.616907 0.422416 0.448551 0.533519 0.948322
 0.428341 0.529453 0.727636 1.12445 1.4867 1.14233 0.714474 0.565871 0.613131 0.474226 0.49259 0.984848 0.837832 0.738895 0.627023 0.426864 0.427917 0.49794 0.784902
 0.816205 0.886484 0.826671 0.984102 1.31192 1.11412 0.849794 0.64557 0.559256 0.439543 0.544531 0.903575 0.723105 0.673143 0.522145 0.407037 0.446021 0.5527 0.869687
 0.341756 0.616202 0.581424 0.673195 1.32373 1.35937 0.912182 0.53866 0.465141 0.484073 0.573503 0.985963 0.776905 0.774709 0.561198 0.407576 0.44893 0.543275 0.906036
 0.615426 0.720692 0.736645 0.941747 1.63535 1.45593 0.81778 0.533702 0.49718 0.448023 0.450674 0.843803 0.673036 0.684385 0.503206 0.34031 0.40046 0.480607 0.85821
 0.54816 0.82501 0.706176 0.872205 1.6201 1.20157 0.616173 0.519103 0.64239 0.617143 0.587449 0.872136 0.643826 0.652597 0.455827 0.333101 0.409393 0.502875 0.825882
 0.314936 0.650155 0.622648 0.81465 1.33066 1.08166 0.759389 0.653982 0.597277 0.586121 0.663515 1.00513 0.801391 0.701965 0.434584 0.300409 0.314601 0.414133 0.698349
 0.307603 0.677794 0.894354 1.04365 1.53639 1.22209 0.724423 0.543628 0.518047 0.511266 0.62539 0.971326 0.802377 0.803734 0.498826 0.32059 0.37857 0.510049 0.833459
 0.475911 0.757438 0.850888 1.02851 1.35647 1.04955 0.715955 0.552985 0.528101 0.566433 0.664687 0.993511 0.863361 0.872564 0.57112 0.369269 0.415838 0.571524 0.879041
 0.255377 0.608875 0.778843 0.940218 1.24203 0.920361 0.659493 0.546723 0.571688 0.558811 0.670376 0.899111 0.867096 0.889607 0.600979 0.422864 0.447245 0.599536 0.743957
 0.428787 0.58794 0.827319 0.966722 1.21922 0.989085 0.718696 0.588536 0.600026 0.611965 0.721952 0.913836 0.841091 0.91323 0.642145 0.460123 0.525689 0.67834 0.835717
 0.370252 0.56556 0.876557 0.99259 1.14355 0.97323 0.690435 0.513957 0.624195 0.651082 0.704433 0.828094 0.710184 0.787137 0.551317 0.417981 0.510466 0.643718 0.899713
 0.198646 0.630703 0.796396 0.908925 1.15468 1.10688 0.835891 0.687635 0.719 0.693185 0.701597 0.887716 0.774522 0.846837 0.65063 0.461083 0.512537 0.611006 0.867792
 0.160207 0.593568 0.764175 1.13928 1.27636 0.965697 0.681937 0.653656 0.732785 0.770309 0.711869 0.750207 0.685961 0.951165 0.742661 0.449701 0.489394 0.580735 0.808468
 0.451389 0.42279 0.641425 0.794083 0.987317 0.959202 0.645685 0.559192 0.612704 0.678743 0.659848 0.739913 0.631253 0.937594 0.761602 0.44547 0.425911 0.499966 0.788484
 0.981289 0.803617 0.726117 0.901273 1.16424 0.89839 0.569992 0.730432 0.705725 0.661069 0.63012 0.876787 0.763298 0.969423 0.790269 0.44746 0.380317 0.449727 0.759354
 0.701016 0.662503 0.824397 1.05306 1.41294 1.19401 0.648904 0.626448 0.583758 0.590504 0.634524 1.03011 0.892976 0.894071 0.669622 0.390732 0.382362 0.463096 0.732508
 0.211188 0.467089 0.632733 1.1526 1.56022 1.19141 0.625042 0.522079 0.518571 0.587913 0.749507 1.09355 0.932068 0.901689 0.685769 0.422052 0.411757 0.508276 0.784466
 0.206133 0.388879 0.560554 0.901026 1.18786 0.870313 0.512338 0.401361 0.428146 0.492107 0.688376 1.06917 0.90949 0.818736 0.588086 0.36316 0.379191 0.554192 0.800658
 0.225435 0.339763 0.564433 1.09253 1.26982 0.876525 0.524848 0.504441 0.485213 0.514311 0.659256 1.00919 0.781097 0.723695 0.562152 0.34287 0.354417 0.515817 0.821688
 0.247474 0.423216 0.673652 1.11466 1.40751 1.05758 0.605604 0.467546 0.535606 0.691899 0.801044 0.966051 0.724177 0.702965 0.529533 0.313454 0.332685 0.477006 0.72212
 0.19328 0.394835 0.536285 0.866574 1.21423 1.23829 0.84544 0.633957 0.546951 0.574064 0.677862 0.968413 0.728822 0.753851 0.584644 0.351762 0.332887 0.438413 0.67622
 0.391164 0.622192 0.642365 0.815084 1.20798 1.05162 0.636452 0.607571 0.493228 0.476086 0.550719 0.915935 0.673037 0.843673 0.685911 0.418087 0.38748 0.470145 0.671831
 0.191204 0.682339 0.627837 0.868849 1.09718 0.91877 0.641362 0.506509 0.553327 0.59566 0.644769 1.00803 0.757912 0.861223 0.655509 0.435136 0.456109 0.600052 0.769422
 0.286793 0.820515 0.698828 0.643684 1.09146 1.0321 0.675331 0.493102 0.517971 0.585381 0.66405 0.893292 0.674215 0.808967 0.677673 0.430241 0.439754 0.575854 0.747426
 0.26592 0.888805 0.855719 0.835179 1.30626 1.06807 0.779647 0.530673 0.415558 0.462529 0.56681 0.876108 0.651172 0.789096 0.670761 0.408645 0.46586 0.599466 0.668547
 0.488792 0.856171 0.898184 0.930383 1.36389 1.11744 0.778852 0.610238 0.620824 0.617925 0.646342 0.898469 0.706332 0.815536 0.691712 0.405661 0.472916 0.656602 0.724877
 0.229562 0.700344 0.70071 0.891911 1.16595 0.956544 0.650388 0.515153 0.499469 0.531013 0.560611 0.913856 0.66112 0.880512 0.705173 0.316459 0.34817 0.46681 0.599387
 0.248723 0.828592 1.0602 0.89874 1.02515 0.849067 0.603819 0.518329 0.575871 0.676417 0.744459 0.937784 0.673772 0.828556 0.717259 0.409842 0.414638 0.481083 0.730838
 0.24768 0.787462 1.02315 0.859437 0.885409 0.796231 0.713912 0.716014 0.597833 0.638971 0.832891 0.990149 0.643243 0.707206 0.544017 0.381417 0.439608 0.48006 0.666645
 0.38466 0.788382 0.919089 0.815822 1.11207 1.04743 0.844575 0.629103 0.565379 0.735852 0.792028 0.917143 0.629368 0.802743 0.582568 0.327558 0.289627 0.345021 0.759441
 0.321326 0.652707 0.81434 0.716405 1.27371 1.3191 1.02464 0.670638 0.548985 0.673038 0.821009 0.962003 0.674371 0.834931 0.631047 0.377736 0.329478 0.394884 0.777261
 0.700573 0.88896 0.955263 0.793943 1.24798 1.14574 0.863435 0.672705 0.568198 0.649719 0.760319 0.970093 0.786939 0.933485 0.667899 0.419251 0.404625 0.498369 0.764367
 0.570568 1.03193 1.21491 0.896593 1.32302 0.92459 0.675473 0.510309 0.422158 0.584022 0.73176 0.885514 0.760406 0.842644 0.548904 0.346756 0.315566 0.366953 0.54938
 1.0281 1.02126 1.23844 1.08761 1.39448 1.00797 0.709519 0.567993 0.41415 0.445258 0.577426 0.82549 0.681995 0.711264 0.445093 0.272749 0.282353 0.320739 0.473823
 0.679034 0.895944 1.1706 1.22612 1.38173 1.07211 0.750004 0.466977 0.342047 0.371311 0.453828 0.62265 0.554914 0.699788 0.499126 0.289707 0.309866 0.382185 0.542202
 0.499731 0.687994 1.21766 1.5564 1.32006 0.771758 0.577118 0.406182 0.311067 0.319829 0.374426 0.594278 0.556768 0.667976 0.501103 0.321692 0.389861 0.49558 0.689338
 0.666936 0.831325 1.17883 1.46608 1.29476 0.738814 0.481968 0.43406 0.386578 0.378601 0.392624 0.729928 0.676846 0.771168 0.549481 0.303019 0.361172 0.429654 0.739027
 0.862058 0.917666 0.823059 1.0165 1.30513 0.868868 0.457105 0.435815 0.402867 0.392503 0.421812 0.681293 0.608171 0.775647 0.559937 0.303536 0.321207 0.400056 0.744028
 0.862388 1.04417 0.838113 1.08197 1.33985 0.888433 0.497758 0.419996 0.49338 0.516004 0.49352 0.827088 0.642308 0.662974 0.475634 0.286243 0.337255 0.408923 0.635359
 0.76745 1.35236 1.11428 0.901398 1.35419 1.14957 0.754523 0.51582 0.567518 0.567611 0.563693 1.01021 0.771796 0.738655 0.539232 0.327354 0.346365 0.4242 0.745135
 0.921803 1.18135 0.839964 0.728534 1.56838 1.18701 0.847446 0.585291 0.590645 0.579704 0.559912 0.893287 0.606059 0.73522 0.606247 0.400137 0.396683 0.45234 0.873149
 1.36984 1.33949 0.745326 0.694672 1.55029 1.27276 0.855429 0.521567 0.521342 0.564729 0.624156 1.0246 0.770875 0.783752 0.641361 0.422988 0.408562 0.479018 0.796214
 1.01667 1.11443 0.859133 0.724751 1.39804 1.18116 0.873826 0.580214 0.585135 0.607933 0.624035 0.975885 0.727955 0.735374 0.634065 0.435685 0.445542 0.533925 0.857281
 0.483983 0.637928 0.917417 0.630937 1.10737 0.836311 0.686277 0.587102 0.482401 0.484607 0.504844 0.821966 0.537055 0.624051 0.517062 0.27974 0.344367 0.389559 0.550714
 0.590425 0.443903 0.634762 0.696575 1.1735 1.01782 0.694044 0.493711 0.45718 0.579312 0.557949 0.831038 0.611848 0.705968 0.578038 0.312143 0.384905 0.52861 0.649363
 0.29323 0.73597 0.715116 0.855634 1.44621 1.18738 0.690588 0.473208 0.505512 0.571441 0.500542 0.829677 0.594807 0.681091 0.59649 0.350194 0.393416 0.524346 0.574926
 0.448364 0.671906 0.646709 0.770165 1.32119 1.00152 0.681567 0.506674 0.565246 0.625728 0.549705 0.773234 0.574793 0.718196 0.583209 0.329137 0.366709 0.468391 0.580916
 0.425137 1.02246 0.812122 0.93792 1.50063 1.03996 0.667115 0.539041 0.486852 0.47773 0.414899 0.599992 0.50327 0.647157 0.550822 0.280324 0.313336 0.430095 0.63977
 0.550688 1.08496 0.798184 1.1462 1.6802 1.15264 0.717403 0.484096 0.54869 0.521671 0.430776 0.669713 0.541906 0.74475 0.624151 0.30937 0.304268 0.456615 0.740959
 0.784423 1.05414 0.648578 0.918199 1.3389 1.07022 0.675401 0.442385 0.543002 0.634529 0.527668 0.740087 0.608408 0.684839 0.566724 0.310033 0.339485 0.513624 0.966732
 0.632438 0.901897 0.788269 0.817322 1.33724 1.22738 0.713832 0.550728 0.624823 0.652274 0.652014 0.890667 0.691685 0.808163 0.648523 0.391025 0.38221 0.466603 0.943545
 0.612739 0.915449 1.09487 1.11875 1.32289 1.17151 0.612716 0.391092 0.463239 0.486551 0.503292 0.843698 0.62773 0.772608 0.613418 0.338061 0.331815 0.422656 0.960139
 1.14957 1.02649 0.997884 0.995908 1.20727 1.01657 0.489316 0.34663 0.506843 0.531153 0.576105 0.94927 0.690542 0.713821 0.499032 0.284327 0.314035 0.386765 0.690552
 1.03254 0.992937 0.904136 0.904839 1.26083 0.934668 0.552962 0.512183 0.696926 0.693361 0.644157 0.933522 0.783137 0.903782 0.641695 0.358634 0.342046 0.378774 0.735138
 1.01552 1.26682 0.91015 0.753098 1.15968 0.871224 0.532448 0.432899 0.512647 0.643659 0.809471 1.08784 0.849969 0.862595 0.625621 0.325447 0.276503 0.311396 0.710893
 0.917887 1.25061 0.942801 0.80815 1.0869 0.738403 0.515589 0.422645 0.53312 0.649372 0.794455 1.01357 0.810522 0.882445 0.643914 0.332753 0.285425 0.298345 0.573323
 0.330303 0.604555 0.932391 0.954637 1.33952 0.99495 0.582183 0.422744 0.517166 0.62616 0.842611 1.10294 0.866758 0.864059 0.703869 0.42412 0.358512 0.383926 0.597722
 0.222645 0.786506 0.779424 0.805017 1.27372 0.983313 0.578041 0.414484 0.468695 0.506413 0.715432 0.961637 0.749924 0.873627 0.677567 0.393154 0.360944 0.393506 0.652246
 0.313551 0.833052 0.822869 0.943988 1.30375 0.977156 0.600564 0.400011 0.463349 0.528024 0.684476 0.939996 0.74686 0.863113 0.610313 0.346949 0.325475 0.346132 0.628854
 0.954593 1.1606 1.01464 0.860276 1.06852 0.810437 0.619624 0.473713 0.514881 0.592425 0.744884 1.03926 0.816589 0.902013 0.62009 0.38083 0.336623 0.356286 0.623154
 0.891086 1.01357 0.791311 0.789322 1.23713 1.03509 0.78169 0.761617 0.672731 0.663848 0.786135 1.12464 0.889145 0.848855 0.575729 0.347296 0.327241 0.389861 0.806117
 0.855244 1.16794 0.863665 0.885049 1.2728 0.891824 0.649258 0.718013 0.696604 0.658642 0.74204 1.1534 0.938553 0.923841 0.595023 0.290495 0.28162 0.367927 0.696916
 0.685513 1.34753 1.22402 1.18534 1.38013 0.997042 0.644476 0.520946 0.493899 0.598137 0.789015 1.37836 1.17167 1.03995 0.716223 0.382226 0.389277 0.443705 0.74237
 0.721379 1.44171 1.29977 1.15471 1.48382 0.993185 0.633083 0.544597 0.472945 0.596535 0.850459 1.21722 0.933694 0.955747 0.632396 0.308353 0.299533 0.327309 0.577482
 0.88473 1.52009 1.22255 0.919946 1.40947 0.928702 0.565117 0.365669 0.396411 0.595857 0.805915 1.19039 0.836274 0.862217 0.636379 0.319181 0.367349 0.392024 0.584164
 0.562173 1.57255 1.21814 0.657549 1.38743 0.944411 0.547555 0.419622 0.477337 0.501398 0.630955 1.13056 0.824466 0.923435 0.696425 0.346766 0.359607 0.430956 0.77052
 0.553762 1.54631 1.19682 0.725476 1.41915 1.05242 0.690757 0.500702 0.500211 0.541706 0.683533 1.16633 0.885605 0.976939 0.739173 0.373804 0.407698 0.478622 0.762682
 0.866216 1.57791 1.18423 0.813264 1.57986 1.16706 0.644368 0.462822 0.495983 0.608942 0.694982 1.0667 0.848814 0.980503 0.724089 0.380001 0.430711 0.492054 0.760545
 0.494498 1.48092 1.14847 0.747977 1.43818 1.05063 0.61533 0.395371 0.405522 0.536705 0.622959 0.921245 0.734892 0.867438 0.634574 0.34371 0.41756 0.520486 0.771111
 0.643903 0.683504 0.607647 1.0621 1.43522 1.03392 0.687204 0.469818 0.465434 0.522464 0.614743 0.994212 0.821028 0.976484 0.74984 0.402163 0.353149 0.391892 0.714483
 1.06908 0.848568 0.5184 1.05657 1.4379 0.937404 0.745834 0.445933 0.484212 0.509388 0.57638 0.901261 0.677501 0.869084 0.707365 0.355251 0.339488 0.385534 0.672459
 0.869179 0.803819 0.564427 0.910311 1.39528 0.979655 0.673903 0.419568 0.496484 0.55091 0.708402 0.961083 0.741083 0.930823 0.685623 0.294156 0.244615 0.296939 0.602592
 0.896506 0.897608 0.531795 0.587297 1.20093 0.876376 0.772031 0.48047 0.559008 0.593731 0.752647 1.06845 0.794149 0.930913 0.64976 0.328927 0.291495 0.368935 0.710164
 0.585346 0.92875 0.745469 0.784337 1.29115 1.00897 0.830249 0.468174 0.548419 0.564102 0.682665 0.983816 0.733072 0.862549 0.58325 0.310524 0.306283 0.416028 0.562466
 0.379901 0.652765 0.600701 0.658166 1.35925 1.1428 0.88618 0.588349 0.580566 0.633161 0.819 1.17087 0.865257 0.900612 0.675709 0.409159 0.433745 0.524732 0.814634
 0.927398 0.941349 0.777213 0.612721 1.31128 0.974963 0.589473 0.535017 0.585294 0.638264 0.730924 0.956392 0.726801 0.765168 0.560619 0.337786 0.38275 0.438661 0.73018
 0.869126 0.816032 0.809219 0.653376 1.23307 0.967651 0.672498 0.683093 0.702952 0.69983 0.770221 1.00197 0.698234 0.686932 0.543766 0.374012 0.441419 0.508903 0.748755
 1.43196 1.01489 0.6056 0.512665 1.00797 0.939319 0.78924 0.758036 0.809058 0.806777 0.776442 1.09872 0.824343 0.780896 0.575978 0.355271 0.389754 0.496365 0.833999
 1.513 1.05572 0.698972 0.505816 1.01048 0.966929 0.781968 0.630345 0.665322 0.752051 0.784974 1.03339 0.737651 0.647632 0.469736 0.316153 0.374545 0.433287 0.759814
 1.02329 0.603407 0.833295 0.794081 1.09471 0.875996 0.726009 0.566967 0.638793 0.726245 0.736615 0.926215 0.631251 0.665635 0.472452 0.281605 0.305832 0.383124 0.637407
 0.841665 0.527876 0.71287 0.870496 1.10388 0.812202 0.648256 0.544323 0.688222 0.767134 0.822887 0.959481 0.645309 0.785876 0.557615 0.283645 0.304145 0.345221 0.624787
 1.0942 0.760405 0.757091 0.932105 0.985233 0.72663 0.561156 0.614206 0.647302 0.640761 0.748461 1.03119 0.753002 0.851275 0.572192 0.280946 0.27482 0.372925 0.788615
 0.904254 0.726689 0.656534 0.982225 0.993046 0.65938 0.624594 0.625139 0.564248 0.537456 0.642674 0.960723 0.763265 0.77174 0.470064 0.276099 0.268445 0.367411 0.681228
 0.839462 0.930737 0.757848 0.797901 0.966716 0.7209 0.614836 0.599587 0.587139 0.548736 0.649181 0.934502 0.747883 0.70149 0.455896 0.269988 0.298863 0.453552 0.717555
 0.982477 0.849999 0.79633 0.990282 1.07255 0.786653 0.472758 0.545467 0.60105 0.595153 0.641912 0.781685 0.592332 0.644715 0.446546 0.234308 0.269731 0.387992 0.696614
 1.53763 1.39263 0.772249 0.552067 1.12152 1.15054 0.700486 0.562827 0.721893 0.745769 0.779116 0.894016 0.650109 0.681784 0.471443 0.282283 0.306032 0.404814 0.64271
 1.34501 1.10523 0.799138 0.708907 1.06186 0.991306 0.580572 0.41604 0.599155 0.72784 0.738549 0.951321 0.734965 0.839161 0.623244 0.367591 0.356348 0.440749 0.810899
 1.24584 1.01373 0.750597 0.723638 1.11305 0.961169 0.505252 0.444126 0.586282 0.743614 0.744114 0.880588 0.68313 0.805547 0.632579 0.369028 0.361266 0.420255 0.729484
 1.19013 0.900287 0.778302 0.976023 1.10197 0.85448 0.453502 0.314988 0.388115 0.592719 0.633435 0.841955 0.686963 0.741351 0.566266 0.308667 0.324582 0.357905 0.632771
 1.09157 0.936044 0.723552 1.05965 1.26689 0.90338 0.516371 0.459624 0.575719 0.769425 0.802275 0.890714 0.669576 0.726273 0.558798 0.328698 0.381686 0.429946 0.78277
 0.842798 0.654466 0.599517 0.896262 1.35748 0.87925 0.473546 0.560251 0.611381 0.581251 0.616038 0.790218 0.608642 0.609011 0.401308 0.228254 0.307769 0.387517 0.683742
 0.528877 1.19686 0.809825 0.671473 1.19114 1.0477 0.648792 0.841182 0.73004 0.577934 0.637346 0.951083 0.785978 0.744222 0.54393 0.332818 0.38852 0.400186 0.627214
 0.60854 0.855368 0.708502 0.775625 1.35609 1.02268 0.471159 0.482487 0.446763 0.464019 0.585507 0.807135 0.670849 0.696615 0.44511 0.267602 0.387196 0.433482 0.680154
 0.465412 0.559449 0.625757 0.848123 1.3493 0.908984 0.370762 0.41485 0.456586 0.530835 0.579341 0.735235 0.543998 0.61574 0.403259 0.223467 0.308334 0.373248 0.820609
 0.382179 0.594182 0.635273 1.01423 1.44896 0.987646 0.49831 0.414053 0.485484 0.50662 0.555279 0.728691 0.631219 0.655576 0.452421 0.247593 0.257172 0.373153 0.764575
 0.505902 0.73011 0.637197 1.04031 1.55296 1.07539 0.584207 0.44912 0.394269 0.481766 0.595935 0.736043 0.550309 0.559644 0.412817 0.238096 0.236079 0.321535 0.699711
 0.256993 0.960407 0.855183 0.867766 1.36172 0.909026 0.490797 0.394076 0.420766 0.472384 0.572651 0.78878 0.548061 0.655814 0.444629 0.234694 0.257753 0.359073 0.783174
 0.329575 1.14743 1.15343 0.829097 1.19161 0.859077 0.557119 0.405186 0.414767 0.451166 0.531462 0.834862 0.56827 0.615186 0.399708 0.194064 0.222541 0.311308 0.66526
 0.187041 0.880631 1.01901 0.708885 1.14047 0.922894 0.50518 0.481404 0.448016 0.419928 0.570429 0.886679 0.628393 0.605561 0.387961 0.182639 0.232167 0.319734 0.552042
 0.181839 0.650884 0.675357 0.663438 1.17353 0.85134 0.398735 0.454392 0.517411 0.455745 0.551219 0.952574 0.644741 0.596564 0.402098 0.225264 0.235195 0.281214 0.562582
 0.183611 0.674885 0.730618 0.742694 1.07716 0.805821 0.443502 0.489068 0.503285 0.520775 0.621206 0.938586 0.601246 0.545134 0.377148 0.199728 0.230963 0.255612 0.443355
 0.253602 0.578693 0.842298 0.953805 1.17048 0.740605 0.472066 0.500364 0.452052 0.423163 0.520277 0.812413 0.578634 0.582935 0.404743 0.224 0.260991 0.271277 0.445658
 0.145736 0.610828 0.795018 0.740289 1.02503 0.845638 0.597051 0.471146 0.530784 0.493067 0.574296 0.993409 0.666417 0.676553 0.525786 0.322448 0.327548 0.364473 0.567995
 0.310914 0.970622 1.11129 0.993556 1.12194 0.786883 0.475549 0.51608 0.482138 0.381215 0.455197 0.851813 0.516543 0.572824 0.468526 0.290352 0.309181 0.344995 0.552976
 0.158349 0.914691 0.825776 0.79219 1.1077 0.745756 0.454449 0.469029 0.533517 0.371017 0.440758 0.944762 0.567952 0.604413 0.466651 0.250854 0.253474 0.291418 0.503025
 0.167159 0.932632 0.895902 0.537831 0.898378 0.680651 0.400345 0.408592 0.376843 0.286653 0.429079 0.749788 0.493846 0.605751 0.465418 0.255302 0.25064 0.279523 0.4559
 0.111863 0.638459 0.613729 0.544171 1.08283 0.824499 0.401101 0.379544 0.468141 0.407201 0.474661 0.726672 0.465633 0.535564 0.37393 0.172076 0.19039 0.218343 0.324383
 0.302916 0.791715 0.812762 0.71385 1.11744 0.785463 0.405853 0.378783 0.506778 0.489875 0.537283 0.781745 0.537644 0.534433 0.403637 0.186227 0.23277 0.27091 0.411362
 0.256963 0.803221 0.978511 0.898954 1.1593 0.799908 0.428577 0.438232 0.493617 0.49378 0.511103 0.703682 0.526317 0.54656 0.335827 0.163099 0.19745 0.311638 0.484793
 0.185021 0.969599 1.01666 0.623478 1.04908 0.739371 0.567001 0.523342 0.53174 0.456371 0.492387 0.735956 0.544031 0.578613 0.356786 0.184232 0.230444 0.288801 0.539112
 0.215973 0.836702 1.13179 0.841705 1.10897 0.794104 0.613422 0.578679 0.531757 0.410909 0.475445 0.706703 0.488869 0.507008 0.321482 0.168016 0.216531 0.259051 0.491232
 0.192026 0.937383 1.16348 0.747726 1.13146 0.809992 0.632024 0.551515 0.547442 0.411091 0.467225 0.722489 0.470266 0.506229 0.329178 0.176491 0.25082 0.289172 0.59053
 0.242494 1.1888 1.35892 0.88206 0.996736 0.70228 0.585571 0.511154 0.53224 0.366744 0.381942 0.671892 0.466241 0.501197 0.311782 0.155756 0.231241 0.260665 0.585242
 0.191598 1.00001 1.15071 0.799667 0.991654 0.682024 0.443585 0.320396 0.486753 0.42887 0.451023 0.753717 0.52427 0.494299 0.339146 0.168431 0.24243 0.274801 0.544726
 0.219774 0.572698 1.04842 1.07182 1.25861 0.73209 0.41826 0.292478 0.381806 0.327715 0.342012 0.691129 0.515227 0.519007 0.373669 0.184209 0.244279 0.303702 0.601361
 0.299032 0.98875 1.37123 0.897724 1.09574 0.63451 0.446737 0.370338 0.48624 0.377783 0.393604 0.729681 0.572235 0.588665 0.417665 0.192453 0.21763 0.312381 0.587463
