 224139 255411 261100 318893 268962 200454 200743 235967 249389 219403 233465 219229 223457 211157 298672 287144 295052 330932 382964 510888
 224139 265709 274166 268743 210495 180532 181795 165738 166656 261050 168940 181153 228502 144017 137399 179734 192610 132617 279492 221120
 224139 200755 208727 250200 356981 473377 448350 443281 432409 459524 372905 452707 318856 435922 496707 383681 374541 340363 360167 297330
 224139 300180 305399 345973 258167 263487 240692 196571 234952 191433 151598 174940 160398 244289 160646 262507 298204 285571 305922 359315
 224139 365110 384133 294477 349642 280791 233231 218683 221585 253814 141852 177234 202483 179678 198652 291762 259920 329867 124522 142914
 224139 333637 329444 468781 465848 369147 349101 357817 271101 213664 214111 238804 217514 226786 234061 264536 183028 351690 290906 334225
 224139 207840 261202 298927 266298 241082 147374 204391 227348 150476 186453 122081 127611 112990 101912 109090 80189.3 78910.2 81088.3 99718.3
 224139 249878 300213 511844 401124 355667 353303 411741 415993 449399 517541 709336 968875 657221 651349 628610 502697 394069 359083 637755
 224139 368541 580966 557965 398678 318342 305613 275995 339196 342168 308444 224264 152472 227947 243335 233014 270582 198727 197534 250398
 224139 303729 394015 607289 541382 486605 403316 423301 405215 404240 265772 228869 220472 162916 137447 109027 75471.3 71775.8 71331 76862.3
 224139 258534 181292 214060 205570 191713 198094 180654 185293 213984 199622 189806 173870 169505 251500 200962 336334 334615 286513 207327
 224139 206393 251559 289872 262979 251230 225166 238586 228018 228247 306751 202052 85819.2 85976.3 54660.7 40098.4 31705.7 27865.7 23541.8 17629.3
 224139 293697 182142 220585 216705 177018 146498 185004 253916 341647 291431 245962 276778 231498 391572 282357 162739 233485 194522 221612
 224139 218533 271012 297839 234820 223024 246871 251898 214539 186402 183071 267770 262079 331173 324908 318299 282683 264746 199814 150771
 224139 262962 265514 368254 437518 440330 384198 358428 399829 428821 383860 304283 317972 322512 329617 284480 274959 281862 292689 220576
 224139 409881 547745 474330 444385 290652 195133 274404 274100 216053 300739 329547 334199 392954 423453 394508 298146 295837 340234 337056
 224139 265528 358250 352576 323554 481205 471868 528973 546904 495238 344532 360045 412188 313485 325034 269612 305381 242516 236977 256155
 224139 315234 326803 190432 208495 197438 218302 238796 255231 167632 191067 182425 156377 262751 255292 252969 241752 283988 204270 144672
 224139 323915 318669 294193 258967 290705 277057 308879 273914 263523 283473 242746 288394 400949 343762 294012 213862 253309 224436 235360
 224139 246681 288391 192544 195076 203202 302452 260085 203542 268936 297662 325257 369147 432577 426348 394261 317824 365478 289354 337532
 224139 167497 178196 210174 255747 356339 287782 340471 232577 233877 192319 194860 167564 140864 121993 82601.1 127187 237554 216043 325790
 224139 312232 406533 544759 514353 389068 490288 530812 410168 315297 308155 246159 308893 430897 402414 426680 355602 384463 280419 244977
 224139 264642 415130 482690 388304 370665 320638 383578 395641 325330 235183 181873 158920 151213 123072 136650 132114 126231 147195 178061
 224139 323081 290805 331673 368079 308759 339238 259880 231234 167276 203301 154181 196401 161022 164148 149612 197705 201795 222337 247817
 224139 297802 291515 373747 412424 356149 439116 446965 395382 384273 340936 369477 266711 281664 334430 340449 383644 395422 356515 306935
 224139 259242 190819 169276 212291 192763 153982 168242 166045 200089 113338 132283 144663 159762 199810 235001 231406 207045 209405 156131
 224139 265747 381574 250409 354259 231729 260240 310255 209623 187548 222944 193085 153415 188312 179910 173200 148983 158255 156127 114367
 224139 260479 212779 225585 275378 241035 197350 298683 269447 222764 284161 289756 307825 234343 225883 230362 173901 217537 258230 286026
 224139 200586 291879 280068 363865 337785 294433 378377 313461 255959 202474 231990 222811 222994 176084 206822 173603 219860 264140 217530
 224139 362082 418878 409923 401263 334237 335426 226791 164442 182739 149614 173204 109924 142609 179716 161836 202447 249922 80595.8 130990
 224139 323766 398464 471417 455137 388702 463407 308448 323466 503053 358466 318753 334654 340618 270352 320713 403871 367091 447916 346337
 224139 285724 208006 191706 164906 126452 151555 158117 125928 136288 79441.5 80386.1 104674 113889 132503 128453 102140 95511.9 121252 123062
 224139 237441 279191 361239 242828 182551 177779 160311 142372 128879 157162 118834 179513 163878 321570 197489 297018 317009 316902 218479
 224139 280544 299321 276583 304014 217920 163163 108377 126928 105380 101420 127016 158846 194830 212190 168282 286994 176974 232012 263435
 224139 190967 244247 246684 244092 246796 246321 187192 194603 190539 195369 129373 133911 108000 152933 169921 164422 137324 159800 66292.9
 224139 302661 280131 338693 379633 458573 459091 366696 600241 456245 340083 407786 404582 481139 360222 365328 416013 238165 188422 214847
 224139 250651 477327 411752 413506 471582 530637 662980 567543 453908 541106 545309 541296 517152 462493 380383 353417 233581 257869 216219
 224139 367162 330882 340504 282606 274728 326315 487758 700103 430382 572423 377452 312902 256144 231816 270597 190712 244190 181486 198723
 224139 245735 326790 247192 237299 203234 230009 125880 123185 90419.3 132749 101384 91410.6 140962 140647 130262 145618 128326 114934 132220
 224139 289116 376689 406261 351236 273698 246174 253240 219526 159787 195140 184297 179225 197146 198826 255457 207578 215830 261331 600801
 224139 201090 294782 255530 220906 276508 223443 203088 224680 206587 173940 161678 182644 150717 138748 98727.4 75930.8 47030 49347.4 65280.7
 224139 293319 359896 386555 359504 317925 280825 275660 234537 272238 296015 296537 333623 181415 362971 214949 224338 284010 275115 277117
 224139 323739 241383 231720 213127 216175 236199 184746 228570 194179 333518 324900 367720 329903 324809 239867 173381 176561 141586 134264
 224139 248789 250490 274899 289890 285339 196588 212935 187112 227486 224121 265817 249740 283778 343880 322934 295487 325543 282904 303617
 224139 249710 446301 346457 327239 364043 285808 219283 168613 179940 186216 213253 238477 279218 364886 302331 293846 210028 292505 227353
 224139 300234 317274 467641 388350 303565 275340 207070 266388 125864 188843 191795 225470 183338 163666 248951 200196 216214 225647 176146
 224139 284979 271432 315273 315031 410791 302658 228750 292907 264732 245300 339590 400575 393256 383387 460086 385500 402499 246778 228560
 224139 299328 208104 309559 398978 453570 393525 295714 265055 382536 220083 259641 209471 264460 250824 169957 147321 197508 116172 140737
 224139 210096 304477 398182 381040 308276 320889 348595 488385 353516 348468 279458 260102 188628 157663 160358 159738 205094 259898 198876
 224139 261135 329401 300301 360609 413837 503938 358343 465557 272998 247083 268610 171091 148364 154120 138612 137530 140711 209004 177223
 224139 247607 199923 190777 183051 185686 228408 207218 207771 199960 213619 195497 243835 301191 364272 280080 272443 332835 419679 401058
 224139 232365 267769 238700 281184 278535 204044 297771 280245 236310 251527 251471 263898 254022 189615 173905 189437 127025 104411 82664.2
 224139 226880 244726 270566 181042 234795 251800 195663 205569 196114 217321 244108 207928 187202 190131 163816 168851 141832 159955 158884
 224139 222764 181057 186753 269649 218343 264771 195466 285348 256825 212846 235009 223250 247943 253852 259484 192435 206090 262891 185208
 224139 384414 177313 209940 201905 211080 202616 198477 183767 303132 256186 200239 235258 258903 244710 285087 225286 226249 208028 178436
 224139 376137 303403 391363 419426 318200 375370 417545 319525 365030 481861 461069 349163 346204 267388 264135 294950 238093 282378 343351
 224139 291696 248058 265866 221418 164141 124879 113485 154783 100323 134811 145145 137747 188078 252536 199498 169949 174980 139675 157947
 224139 212002 208441 196936 191140 286184 322504 364224 288369 202548 195609 193360 271161 183816 147716 151263 210677 140188 184844 178886
 224139 256628 352550 281787 392589 286327 248381 331313 279110 308602 445778 428554 396713 393141 388224 280637 316776 386199 227592 417319
 224139 225633 273428 298251 233314 258640 216752 244718 140760 143222 168807 186787 123241 93167.1 78087.8 76390.2 86891.7 80286.3 120045 122845
 224139 463116 341788 295437 319119 303390 234900 271840 348288 376358 253605 280538 319100 321638 322260 239835 249948 212359 186277 154371
 224139 377655 324220 276850 300124 355113 219179 247997 273994 236059 303472 216576 227999 321996 207960 195063 178614 162595 173221 140888
 224139 276660 252777 229206 267006 265071 370634 306044 271748 357499 339628 214180 231434 198183 181417 158832 179795 169673 117922 160180
 224139 206783 211314 190784 226943 260296 304159 280405 269235 280888 199767 218584 219697 216162 141836 115962 99406.8 100988 87144.1 83419.7
 224139 219229 304528 343260 202526 220385 344851 277792 253666 283689 322523 318418 363796 276202 284473 287684 221953 237042 199419 235890
 224139 170257 181193 308871 240089 210017 173687 162170 197025 229984 269790 245047 267656 283677 197820 228316 110550 147877 146979 132769
 224139 279959 320454 340546 321178 388544 273314 290316 341319 292056 250350 210183 185797 181210 179362 174724 149308 160357 161930 165547
 224139 326168 287958 350076 283604 352866 312283 301227 293562 272067 232825 149906 190800 255828 163976 181478 147428 149175 154876 125841
 224139 303961 194775 205575 199590 190751 211237 164141 216381 299493 176144 326860 187588 230786 321919 273320 244898 409426 261103 438350
 224139 371125 302418 359026 399712 377180 460047 535487 407995 403336 245359 180637 183971 137180 112302 93221 109685 135765 122912 136420
 224139 250641 258780 278281 235553 249482 263957 250391 249826 214264 283459 243707 223159 258297 354777 362029 472108 389420 344199 421228
 224139 197209 176682 233269 270675 256456 196983 197430 202115 162876 260602 283970 214087 247858 393823 412942 415817 415669 406268 354724
 224139 291178 346925 215825 202266 201368 342720 293848 225024 209437 195931 187220 184642 199234 142254 155745 174375 157688 156552 137120
 224139 179188 248703 252392 252291 202279 184350 169381 155903 180911 131469 92204.9 134895 147953 158460 167007 130845 204046 160024 269072
 224139 259060 229408 334012 319970 322322 340826 234576 225767 193028 173552 139490 164254 116816 158535 200540 164337 184971 176237 138255
 224139 198495 207549 197338 202703 176046 175529 221859 257126 315991 280173 358175 288131 353552 303780 300566 389849 295847 318642 362108
 224139 342076 425486 367360 403709 386853 354549 362834 376363 253399 248795 187764 419142 354322 297198 281126 243507 336633 215617 260113
 224139 240188 345498 217446 223332 237972 173034 289725 246849 223740 244691 302904 302282 195230 188221 136691 120242 143169 174775 126920
 224139 177336 198233 311419 291310 211973 195012 175816 192830 209484 144781 164973 162832 194320 63255.7 63486.3 83106.9 85722.3 74485.9 68795
 224139 275873 402215 361904 375425 336726 233577 252528 253271 254251 227197 222279 181072 183605 154314 188559 184423 127847 120204 128470
 224139 204108 211912 237236 199837 157731 153191 167931 174464 204219 147872 133286 149500 113064 134513 123063 156489 163449 250247 336274
 224139 291257 292285 241380 283050 209140 195707 210894 252619 269806 206102 254717 287129 443684 241206 234349 227623 204744 333546 311150
 224139 221025 288615 207345 220729 244136 263633 205910 152974 177854 161764 192642 198831 144898 152462 157002 129940 115992 135012 134479
 224139 334653 203509 188583 158654 176622 194601 256281 228299 258151 344967 404702 318406 409953 356244 468662 540131 328774 412119 385333
 224139 269243 229810 290943 318065 365037 584415 540214 523141 524166 430923 461398 377090 413768 352277 392294 353149 431881 289677 354689
 224139 265709 287969 262068 320050 197296 248545 161990 139656 139797 128660 93242.5 87631.5 69224.4 81165.4 89687.3 88580.4 105854 97544 75695.9
 224139 220774 257076 266328 288270 306562 391957 309680 499449 351095 398278 423870 330662 247894 329767 352147 424369 450839 389802 408014
 224139 233969 230080 212965 206339 162146 101923 115109 131590 141394 130261 101015 81872.1 92412.2 117673 135890 158798 153256 143375 86095.4
 224139 279802 233262 271793 412593 437782 278250 248199 338066 195954 199760 214998 203417 217183 176535 177481 185499 249269 242918 216783
 224139 200859 191113 228900 224657 190197 186363 176118 193473 181299 111497 141802 157208 164046 154461 164293 185246 138627 173555 145000
 224139 236669 294672 343755 644895 484554 359505 393696 370885 221464 159006 145003 120498 130708 104359 91096.8 124254 114179 120462 156943
 224139 226953 207912 157814 139729 191898 269724 200752 207381 253241 239175 242802 275653 216656 194895 198735 254521 215552 260534 235722
 224139 240894 330300 320085 342125 307967 373275 519617 391218 535316 372573 349081 420814 462044 370701 416060 358140 470804 338200 264603
 224139 300311 241069 229959 214657 267941 209120 172490 163049 176806 174658 188374 163258 166414 206399 192870 210769 221284 268190 266245
 224139 235789 321226 400713 351532 395555 346168 379636 315870 460312 355735 465911 286286 276887 261934 340916 214659 321890 395793 292084
 224139 207918 270666 367765 383036 336958 220937 271753 414984 406867 418138 336703 348538 364499 325187 163094 230450 154280 147865 187982
 224139 214883 196833 260291 281049 243750 190260 205866 266340 240278 142095 186614 154468 194774 184434 214743 179146 244089 226328 248900
 224139 175641 238754 243337 244239 235389 226538 221913 257994 207187 218118 300977 251896 312813 332266 376287 411087 315231 303975 262560
 224139 360919 405665 386739 370632 250415 201647 203099 159460 150188 117079 113860 115850 114803 83243.6 71247.3 99950.5 88890.4 115148 129392
 224139 206541 225280 281019 275379 197117 262994 243908 271119 298965 393964 277056 298007 295854 411926 701259 371873 329262 317040 258355
 224139 237234 317407 333806 337471 254125 255726 226799 206566 290077 355075 254708 276220 259636 204118 138512 156446 160115 128658 107795
 224139 317196 385153 428382 424696 306167 270439 279073 249590 284911 174965 129010 145018 158384 126709 190079 165232 246755 138677 158162
 224139 202874 164628 175607 149299 197061 176349 181297 157056 120118 126565 104169 91753.9 97971.4 91587.4 48036.3 75446.1 67538.2 60105.6 73746.8
 224139 248544 195199 143199 140300 119567 113075 156537 211078 257076 249472 326912 276137 270565 270542 285673 303425 244726 236967 223760
 224139 222470 228230 245640 263571 325876 217017 193553 242431 255490 247156 199370 233765 249430 265217 339940 356027 319923 287100 205048
 224139 353995 294686 333466 198878 194778 145662 125316 122145 82422.5 76509.8 78200.9 75515 46605.2 71104.7 67641 86001.4 67959.7 90984.3 125529
 224139 221475 214372 212336 206510 135058 174482 189276 221220 128854 209707 132816 117720 96493.5 126878 123910 221441 234386 274479 257657
 224139 294270 230730 215713 206297 221541 199215 160975 153925 134817 148919 197231 137695 122713 95496.9 107797 123706 128933 184501 180604
 224139 318084 386583 296851 244314 292911 277579 238326 195315 237578 218067 212928 190921 160723 214265 166650 196080 267543 205944 197364
 224139 288300 352087 262920 298993 301514 326033 360829 433735 349353 342280 345915 397918 320379 433120 376515 362169 419388 462197 406729
 224139 271448 302806 352723 338045 421027 384607 261990 326142 328465 299039 233764 342393 276398 211886 202177 197125 189376 205938 174057
 224139 302766 372391 281310 275514 359814 294740 379693 364719 269477 283943 214391 287692 255734 204901 229393 211442 195477 208351 160204
 224139 241045 240554 289661 190194 246574 260065 187976 210191 153857 142704 151144 182754 221214 176618 163990 276008 319057 356834 341497
 224139 226197 274322 247943 331029 171996 190516 248956 285078 257771 216634 297052 232844 211397 176459 138075 172168 245516 243339 208605
 224139 249887 259638 262859 259403 173958 154414 165596 153038 194025 95355.5 80898.6 54641.1 65038.7 74585.2 71282.7 68220.1 85195.6 84824.3 111739
 224139 277210 234296 240038 210891 229285 222435 171807 239111 160575 187229 268270 259540 180873 181685 134852 166572 185535 296204 194652
 224139 245429 318913 383131 307560 306683 262746 312653 385226 379538 395002 573016 353497 326147 291890 357891 346562 360334 359631 353827
 224139 221114 245821 205009 211296 204202 184448 238217 267980 193764 249872 112365 110164 111037 128686 89796.3 86440.9 73448.9 84441.2 97300.3
 224139 282527 272496 227503 219029 217725 171663 158874 152400 232653 131368 142135 146093 147427 65328.3 112107 122262 199384 190519 192290
 224139 241037 259950 252911 231229 219467 218580 248792 302971 272112 177946 108360 122691 132606 96396.6 143154 65156.1 114417 105593 114287
 224139 241662 277395 253834 281012 170333 133504 100748 111204 96721.5 90773 86972.3 89258 117184 128126 207674 245077 235741 271395 267589
 224139 241304 211873 162665 230948 187017 242087 347575 251844 255251 289604 268310 207669 179017 252301 253657 323602 376527 375779 360086
 224139 198130 216326 261666 325423 295707 354533 397800 277526 299401 271845 201830 268204 94701.8 91531 119602 103358 94369.8 117149 115042
 224139 237610 294579 494638 366440 380663 257339 242812 207641 265622 254323 303401 303416 248888 256179 217198 214655 267038 292949 277544
 224139 339232 339522 282621 223228 281027 332961 313284 429319 306868 239598 223416 205320 170803 86565.6 178097 126872 119732 165249 239129
 224139 356971 314690 478329 189480 348837 414321 268899 286679 218323 204080 163558 213654 240746 255879 256889 224809 222707 160790 176179
 224139 236103 294939 304967 275224 349951 320721 374701 380234 258024 225129 160552 134630 171567 205596 214068 183880 230197 257411 293652
 224139 231579 293646 444549 370711 295512 224748 225943 231417 284026 191576 223679 196583 223641 233379 231243 213965 177017 151380 150309
 224139 309452 340923 322018 328639 285251 397995 276441 296955 325566 228576 294425 273754 296667 236246 264849 321051 284485 214768 220217
 224139 309456 302815 271488 296359 251897 307745 271786 260017 259016 215091 241733 220541 212176 186575 183773 150768 226557 208610 177028
 224139 270862 180898 267323 247446 222157 174274 150895 163492 171055 163582 171861 160053 168827 183722 133689 159188 180998 216124 204132
 224139 270758 269515 350737 370335 306604 260090 332934 321996 298015 340762 363813 294744 475932 539649 498764 354741 291492 482829 449722
 224139 340508 271332 285491 225334 251318 280280 233914 236240 204439 250260 217675 197791 191162 182281 188568 181313 200886 238130 187548
 224139 275943 240630 291308 339415 328742 428991 347871 417873 330428 355740 305757 337824 272879 159265 145994 156177 243171 173629 110533
 224139 214500 209831 297742 370010 320815 388943 419140 373687 287963 417540 271306 229362 240252 313433 322831 244799 174582 199263 185280
 224139 245393 215981 256745 223695 228884 202731 170471 138544 90516 70516.2 77356 83420.2 53669.4 101023 86508.2 77631.6 61796.8 57681 69392.3
 224139 270875 329650 275848 291919 276439 319610 312754 234351 251423 245603 230994 205402 215737 278796 351357 324782 226837 161699 163504
 224139 248479 149568 192735 105994 108122 167369 143190 146432 257134 240845 198918 156675 157325 161216 148665 125945 116332 120081 97367.1
 224139 200166 227276 335793 248715 318527 357757 395848 331522 361330 260172 172887 134308 138459 214120 137919 134380 157415 250349 233118
 224139 324213 331055 336141 322705 301739 332036 265641 206935 207415 181453 213114 254740 302955 193351 167049 141764 145543 175896 222975
 224139 220049 384062 427491 325673 365206 298732 321091 340490 424828 269286 276641 240055 296063 177898 152483 180082 176286 185879 205827
 224139 265382 241280 212947 232330 158610 174432 173400 155578 115306 100126 176452 192837 227492 204528 257222 247504 237944 270464 362210
 224139 277618 269446 457399 357391 353251 452085 352023 365698 333374 352073 335587 500228 497283 459697 378312 397725 549183 475851 356470
 224139 251192 410036 459920 486918 439979 422173 346077 252706 252218 246458 239803 183605 158323 111601 103486 95764 95036.8 83237.7 119232
 224139 311262 274012 266905 256536 212290 243636 323878 151376 158326 139173 130174 128794 163866 164540 221043 185717 308119 309213 273589
 224139 419350 441585 421353 305038 210380 174114 194779 215801 197729 238142 227673 242152 315923 267744 233190 279069 212874 212614 204670
 224139 210549 271603 305511 213624 233500 190740 203017 282117 330878 263339 252725 175533 178855 167435 134287 133078 56870.4 47809.8 36923.7
 224139 258123 240792 272813 275537 237614 238986 193126 191369 253603 246758 228076 252149 270369 265420 253055 260879 236661 212937 212774
 224139 360872 331817 316337 252444 209785 121828 140143 104326 118405 203410 284236 237358 239573 204142 197655 175557 123958 171962 187933
 224139 227893 373848 326702 279037 254043 218370 255536 200755 273830 168430 147439 176911 237807 276495 173481 191976 157553 140775 188503
 224139 284702 262578 281782 269633 276312 221124 260887 208667 238066 258331 206399 197521 246086 351168 330695 375245 345107 363329 277323
 224139 231482 250948 265813 349907 353380 314390 341276 333901 298909 236978 332619 240921 262287 251722 243525 213251 252610 220950 311536
 224139 194712 177368 272467 265324 220570 208136 154589 129732 245615 205027 164688 158312 186323 182380 187734 207399 270485 220215 230748
 224139 289090 230395 259597 203726 197657 248460 218862 226901 180991 164504 159631 146344 119846 135765 143111 152132 138149 166129 181956
 224139 311542 328468 360493 366106 466732 354739 316772 257325 210049 246640 247409 270738 176257 213101 252222 276358 290891 326296 269897
 224139 299986 320870 357955 374332 344668 360536 344131 293160 300539 239035 281812 265460 229974 273323 210539 126484 133107 170951 165799
 224139 284677 270484 151329 204225 189537 201774 269445 310554 191742 287906 268134 286489 275971 277562 252355 219138 182929 224026 187533
 224139 268994 224506 222929 265086 197415 186531 184006 240444 318025 379047 391384 322612 369653 292488 298819 266868 271776 229507 214892
 224139 296986 236954 288465 386258 267046 248389 377265 538082 397704 341913 360557 347000 340419 445201 334359 319342 223553 230050 229289
 224139 369530 263425 190325 239213 346634 372915 283217 248930 265185 269020 146730 149028 125500 129895 134169 98755.1 78695.5 98176.3 71864
 224139 283501 285692 258514 308138 293095 287277 257340 198981 177759 240374 235193 343420 312451 346649 350590 349631 262607 330812 395500
 224139 265322 220845 229561 201303 254052 269969 360107 306557 248316 276230 335651 337101 282050 236865 219328 235582 172207 174842 149293
 224139 311764 360921 288869 247345 261938 257842 393909 309944 292795 153096 141039 135416 135399 141385 141577 123405 101140 97875.1 136077
 224139 255131 227682 314917 174100 126700 134654 195643 182846 149876 235009 189984 168162 282795 336037 303964 239474 222241 193813 209233
 224139 272300 219548 231739 177569 195746 256463 214151 210109 268768 314687 341193 370411 254920 221712 184792 143243 109647 121864 129742
 224139 315941 304982 389885 380713 471365 542870 417090 312699 291350 236413 202488 179176 152655 104560 133694 149218 214959 175322 179148
 224139 243226 257667 228092 244357 199749 184510 345031 305823 321592 250047 286669 234863 254589 303917 322683 222720 251733 214293 234508
 224139 204966 228216 183458 148335 141604 137957 265425 219852 159253 195510 201281 144606 145043 161240 171941 136639 146811 182728 163102
 224139 327027 263002 351526 273280 384109 433474 360467 511429 408032 246988 257814 177747 217490 204557 144291 213152 271705 143630 165804
 224139 316104 419264 363591 288948 222347 181033 205946 234080 190464 187495 187931 166340 129881 137099 120545 124967 130695 125447 124048
 224139 223193 307798 215339 234382 202199 185743 142578 147307 160795 129172 115008 113419 92750.1 72220.4 141015 67997.4 77703.7 95291.9 101989
 224139 256866 266155 248169 213215 193591 270568 261094 212048 199467 150245 125735 166146 300066 255245 277472 301872 301119 252454 240354
 224139 220988 260380 222004 270911 417921 366039 432734 475328 323732 349803 265922 329582 299961 278854 297044 349009 417492 407488 406823
 224139 320523 328274 324149 309834 423387 364422 229164 296180 373412 272513 223647 217090 249242 196756 199109 167103 138681 133639 165259
 224139 220926 372087 210013 279332 276995 267569 235957 169722 186393 292407 180847 172260 226503 232792 241149 245430 184369 194725 129376
 224139 262081 349247 346651 328247 450114 423297 396802 301068 349957 373810 372155 350591 337745 375022 480071 374281 396100 218504 202803
 224139 309171 218911 227652 249774 205568 178489 226084 187918 143970 123078 98793.2 120627 114184 110499 110081 142032 151575 110292 115739
 224139 236259 232441 252849 321779 286447 166204 224164 314296 385226 274457 318194 234938 495278 359223 205004 243045 343541 453468 315532
 224139 219850 250793 255093 251080 174049 171221 207761 297306 316430 180513 129705 125916 167636 235112 295269 274696 251160 269369 206105
 224139 420602 351198 354780 499423 450972 523113 557242 524318 385889 293055 279852 243271 277376 303397 387829 534572 438616 295800 272851
 224139 272614 655959 459053 444623 489478 422122 329876 315623 262780 293135 289252 249211 230552 139378 186195 138229 177032 197840 194778
 224139 240833 231273 299770 369764 298104 243279 280131 290246 257447 312349 194327 268322 335338 407330 455971 335549 433849 333109 234238
 224139 178799 216518 212297 218087 235345 298857 322433 385828 582265 493847 381293 459158 353825 328300 471544 365588 339913 269296 195051
 224139 245403 239292 288369 353292 267289 235064 206662 220030 327225 234766 206242 137266 118986 153658 153180 171983 165402 144546 152904
 224139 273459 231051 263584 198317 230346 290675 350813 287537 389521 264095 315369 537031 367159 297021 199020 189886 184897 190145 175380
 224139 303971 327617 407469 247921 406324 439630 532966 475936 401689 421375 406748 317744 269089 365450 397257 302276 272876 228175 195433
 224139 185345 293806 285215 268506 229065 225260 139715 115686 143647 110400 95676.9 76727.3 86019.4 99153.6 112344 106721 108303 138488 164704
 224139 242583 268833 286960 401813 412809 523406 402745 383024 410311 238518 198290 186006 351203 232444 209704 231803 218381 232132 300589
 224139 291213 342048 281311 249312 306924 229000 251407 220394 180511 202227 135449 137587 98256.5 97611.9 104261 88215.2 126115 169899 258320
 224139 210563 277651 302247 272418 238147 190375 169340 157644 184662 346831 333998 379893 524070 512949 269885 293884 378381 406619 350984
 224139 291624 241906 244902 315134 284061 271648 319867 476898 367569 524563 464367 557558 362646 562239 435475 505633 369440 390719 440576
 224139 256825 256159 271657 262731 244780 258873 309912 316584 283767 311997 339914 486946 301444 445544 257038 209471 199048 180807 176457
 224139 259009 291690 529555 451388 338248 363582 308530 311117 257962 352741 226335 182233 162499 91801.3 85328.3 80984.3 104143 93937.9 116437
 224139 286992 240599 218446 214979 184169 188082 198918 160437 231268 165155 173581 244501 258438 258705 389920 355654 262435 388854 315130
 224139 267245 373300 271652 312209 285603 226816 136575 147332 125222 91495.8 86591.3 88622.7 117906 113719 159568 128797 98901.2 90554.8 98651.5
 224139 273867 291322 390751 469280 461929 407120 450507 251179 450998 299748 307405 290966 205212 203288 255995 232408 228931 165177 178367
 224139 232985 371698 336960 296574 291047 327929 435911 467039 309395 355249 247281 262361 209257 237929 248987 160397 220891 248636 214825
 224139 195488 302784 331360 388098 434623 332580 334934 291368 400854 350431 285530 355778 317914 294732 315120 280429 204316 150263 146966
 224139 261660 258549 223143 182139 232060 266393 199997 346647 405665 434726 402865 525162 400115 281287 183703 378631 240607 244704 181205
 224139 238112 312249 342169 283525 180733 197916 213940 206466 135427 117987 157502 124738 134663 163548 120923 151316 181796 182765 295151
