 614985 809736 897501 828238 678180 555742 466736 498299 732519 827790 854558 793887 656265 648291 731714 882014 1.12094e+06 1.32237e+06 1.38358e+06 1.45328e+06
 602297 702746 777965 743010 630817 556048 469481 418894 413298 507395 508852 471531 425912 382693 411997 462950 432527 469840 610861 744687
 592554 620252 649910 793741 1.05397e+06 1.42879e+06 1.88438e+06 1.99911e+06 1.82018e+06 1.56334e+06 1.15315e+06 950748 881817 1.09397e+06 1.2104e+06 1.19507e+06 1.1392e+06 1.04445e+06 937439 913514
 616034 805598 839802 876438 844128 754552 598581 509506 538082 449347 348687 328602 331444 352153 463663 740738 803122 751766 907072 958519
 625373 906905 1.15762e+06 1.22527e+06 1.18868e+06 949004 731249 587820 487035 375108 314543 378856 532207 647421 748198 788989 718962 562229 346626 292534
 617281 887860 1.141e+06 1.39599e+06 1.6115e+06 1.39745e+06 1.01917e+06 723439 469019 408118 475313 469330 483273 522034 563507 588760 640591 835472 964707 1.06723e+06
 592497 723803 864633 808076 727518 608543 455976 415884 474717 412348 356986 274820 289109 272822 238862 224842 190166 185332 195818 199902
 630015 931808 1.35219e+06 1.61951e+06 1.46072e+06 1.38869e+06 1.23343e+06 1.21257e+06 1.25724e+06 1.46438e+06 2.02146e+06 2.76262e+06 3.08642e+06 2.58673e+06 2.31422e+06 1.94442e+06 1.58396e+06 1.46822e+06 1.28438e+06 1.18185e+06
 655987 1.14587e+06 1.5695e+06 1.52688e+06 1.32223e+06 1.28039e+06 1.21497e+06 1.01797e+06 887685 983397 872531 668212 590507 624472 641847 656028 568119 504815 470842 477040
 638542 985462 1.52395e+06 1.93328e+06 1.67625e+06 1.3225e+06 1.05977e+06 1.07088e+06 1.07543e+06 918677 678307 514060 371878 281289 205068 148250 130669 110282 106963 138324
 593230 566067 502582 463538 424912 413077 468706 488337 548169 598342 550293 477467 428701 514819 701308 856247 1.00923e+06 912121 774224 646710
 614967 720009 729542 670329 639829 597496 570260 561091 560532 561369 443854 220532 117663 89249.1 53152.6 29705 24997.3 20428.9 15553.1 9044.05
 603043 618415 626286 616239 529721 439401 388464 385682 486475 620800 676506 795533 892307 819511 818093 754368 683689 622258 509477 431300
 613262 720957 725715 642826 678487 644425 521231 436527 335464 354810 426753 688476 824820 855389 838385 799393 706029 632768 560579 484831
 620669 801935 1.0356e+06 1.29434e+06 1.2406e+06 1.329e+06 1.61283e+06 1.68653e+06 1.71487e+06 1.45585e+06 1.18789e+06 1.09871e+06 1.16609e+06 1.09597e+06 910283 758776 791976 814565 733946 699754
 631897 868184 1.05528e+06 1.1359e+06 1.08048e+06 885667 719197 630128 573512 591759 748733 912084 1.06058e+06 1.50339e+06 1.5223e+06 1.22769e+06 1.10536e+06 1.07222e+06 1.01083e+06 745202
 611616 710561 902700 1.01113e+06 1.04052e+06 1.24942e+06 1.43659e+06 1.46155e+06 1.47703e+06 1.29418e+06 1.04959e+06 1.05655e+06 1.09914e+06 973134 910715 869211 727985 591171 584245 617496
 624591 798132 856344 789257 708316 603283 569907 538389 506498 464815 433550 404244 477301 595663 651518 697512 716035 546610 372942 329658
 637259 898548 975104 906477 817746 841958 945390 949815 835056 787217 785515 705668 740130 945534 987972 829816 646085 534565 534664 548630
 629942 833502 803095 675437 677129 769107 850642 760443 661122 645060 712527 991253 1.21326e+06 1.32315e+06 1.19477e+06 975935 831017 844947 842194 780541
 608013 661798 697395 761412 808793 797319 691481 662106 540016 502366 469597 420124 323981 237409 177690 200446 344730 491028 696587 1.04406e+06
 632305 879935 1.21718e+06 1.77508e+06 2.01369e+06 1.85222e+06 1.67475e+06 1.40683e+06 1.14328e+06 827590 672785 676997 886663 1.07779e+06 1.16381e+06 1.16255e+06 1.19059e+06 1.00999e+06 652700 452169
 639912 955005 1.25794e+06 1.14962e+06 1.10193e+06 1.22138e+06 1.20511e+06 1.16326e+06 981924 682786 472815 350301 256893 213260 232060 299715 307870 304482 360505 447203
 632075 853921 1.01734e+06 1.18575e+06 1.15062e+06 1.01503e+06 818996 584032 497519 436728 432863 390817 365784 337471 397170 510030 565376 528059 625764 781570
 618037 732517 841840 1.21535e+06 1.4969e+06 1.40395e+06 1.28499e+06 1.15352e+06 1.13869e+06 1.06137e+06 1.02265e+06 1.04625e+06 880895 801630 788756 833517 1.00323e+06 960782 838254 914787
 606084 627439 599537 608126 589346 493605 380234 333954 351347 308526 227151 223395 256802 381452 572490 691933 717373 694583 576138 503955
 645513 988062 1.24257e+06 1.15973e+06 1.04653e+06 848335 805948 716637 601354 539619 449402 370979 326673 394659 431547 454385 418344 383136 347598 361378
 621565 754217 772084 797398 838776 849515 806480 699604 679207 729667 911125 903721 725574 654445 697204 675648 633091 617658 657128 762636
 617674 756356 996208 1.24353e+06 1.34747e+06 1.15615e+06 969918 868211 672493 535764 538481 571226 538491 535579 519086 539091 589736 738926 777151 723939
 658126 1.10002e+06 1.50699e+06 1.67076e+06 1.48004e+06 1.08721e+06 754839 459335 368861 352093 279522 241695 226541 310812 446179 453001 432922 387962 316145 397300
 635535 938377 1.56033e+06 1.76737e+06 1.50978e+06 1.28398e+06 1.29593e+06 1.11468e+06 1.01242e+06 1.05837e+06 869071 794196 783152 936550 995802 1.14648e+06 1.20373e+06 1.18285e+06 1.15386e+06 989541
 611123 642368 559019 521086 446965 335517 270303 228835 190666 151363 136077 214698 289156 298914 296954 285508 280778 295210 329821 328295
 626292 808453 929245 837769 536875 427161 433557 398166 373127 324129 244503 228621 325797 421646 581316 791681 1.0188e+06 1.10616e+06 1.02006e+06 867414
 637205 905768 1.08372e+06 1.03458e+06 792611 514201 356431 282739 268874 260988 289877 306943 332569 414549 501261 601760 661339 641645 761644 723754
 613320 700772 795392 759061 706630 668866 544989 486433 509688 419222 284085 210045 218961 295558 403189 393740 331784 298156 235178 183533
 623315 787469 1.02272e+06 1.24051e+06 1.38303e+06 1.42888e+06 1.33421e+06 1.47644e+06 1.5168e+06 1.25124e+06 1.13665e+06 1.15836e+06 1.29566e+06 1.27808e+06 1.08184e+06 880272 686097 493840 381180 319087
 623596 809479 1.11863e+06 1.21879e+06 1.46062e+06 1.613e+06 1.90844e+06 2.39958e+06 2.47029e+06 2.47469e+06 2.2043e+06 1.71225e+06 1.6233e+06 1.52698e+06 1.31695e+06 1.09301e+06 861315 667741 605577 524739
 658242 1.05052e+06 1.11109e+06 961007 839646 834540 1.13954e+06 1.62485e+06 1.99365e+06 2.0452e+06 1.85609e+06 1.45348e+06 1.04719e+06 735659 647311 588910 509033 507640 458508 575347
 614682 694890 767086 731368 706645 552518 350831 210905 214288 220129 236626 218446 238812 287773 314338 342827 351437 351903 351745 327566
 627868 826543 1.12046e+06 1.07801e+06 859134 725610 650255 535853 462705 475671 559487 555040 545255 616123 721663 782787 756153 810629 1.08928e+06 1.58655e+06
 614148 691100 746195 633381 552765 579067 602155 601566 534175 443067 368552 345270 393114 333550 241415 168585 115481 89277.1 96782.6 132968
 653156 1.01768e+06 1.21161e+06 1.3928e+06 1.32454e+06 1.08249e+06 1.02354e+06 909983 816942 921561 863216 771793 679942 607705 630606 521637 525361 682836 757051 690784
 630424 795839 690723 679444 695346 652782 620344 616330 626628 614389 784285 875299 1.02894e+06 1.03248e+06 815291 603530 472393 389371 327919 289033
 616218 697533 728655 764829 754084 763304 643677 555404 505172 611932 706317 760560 747735 809267 922771 991079 1.03966e+06 1.02675e+06 1.07756e+06 1.10269e+06
 649563 996755 1.18606e+06 1.09419e+06 1.14479e+06 994637 726453 533621 387850 380610 444024 609821 788271 907322 962737 801068 689690 727768 808276 785324
 638231 897143 1.08795e+06 1.07214e+06 884555 731075 658871 566303 454732 342013 340134 366732 386359 449481 557065 641095 545141 537550 584362 547452
 634074 840878 894970 979830 1.08788e+06 1.03632e+06 926226 838601 851205 880663 916071 1.09673e+06 1.40016e+06 1.79979e+06 1.8168e+06 1.46922e+06 1.15806e+06 938506 721009 664557
 675208 803803 886250 1.11744e+06 1.26067e+06 1.35452e+06 1.23673e+06 1.04822e+06 978807 812925 610595 569460 568343 542309 440101 411285 403184 384376 351455 432493
 650351 858081 1.10094e+06 1.19903e+06 1.18521e+06 1.27809e+06 1.27826e+06 1.17142e+06 1.12194e+06 1.03921e+06 1.04217e+06 885298 654820 492041 337488 283916 334276 491848 550292 626627
 611300 785250 921301 995927 1.22594e+06 1.33177e+06 1.18521e+06 839446 719835 684373 669402 521832 367060 307622 288969 258657 299861 321374 400746 445418
 586754 562040 545192 505766 478872 456517 542915 518405 453479 501412 589440 666218 800227 947891 947859 891842 914169 1.00903e+06 1.05137e+06 953268
 614720 798745 778946 590284 550092 565682 574036 702537 664285 649943 669012 576416 543457 505729 479513 423341 328738 222548 161589 166366
 598260 666622 691557 621706 566926 600025 567039 489033 461598 465573 474104 529605 542912 521803 439716 361584 366587 427301 503207 572999
 629826 692288 649591 568179 510331 497636 606417 653057 742179 740707 868506 892242 777140 661786 595756 535463 552695 582324 539552 505333
 646367 807784 783222 773870 718469 596624 540952 584870 681139 739239 747318 723614 689598 629196 562001 641861 541297 446251 357780 309793
 659155 926402 1.02141e+06 1.11077e+06 1.29672e+06 1.4057e+06 1.29201e+06 1.01899e+06 1.00157e+06 1.21173e+06 1.32087e+06 1.12928e+06 955188 942366 793575 660269 712437 745246 881061 1.10163e+06
 646335 821891 872494 800793 623752 456353 352736 282149 236418 222666 310317 418496 426418 433383 471027 485365 476242 412346 368906 332520
 632536 715373 746567 658855 623869 739940 850904 776334 570806 518604 600555 643226 633304 492055 414884 392434 400349 381146 440788 400372
 672669 1.05657e+06 1.15603e+06 1.15246e+06 1.12208e+06 886489 798582 779452 1.02714e+06 1.37643e+06 1.67058e+06 1.6289e+06 1.40597e+06 1.19612e+06 1.12851e+06 1.06518e+06 1.01086e+06 848509 678304 691515
 639970 796090 948302 870162 750128 720348 558863 408093 302405 355460 357596 290275 211096 167778 168610 186681 182155 191231 226743 264196
 672689 1.02747e+06 995955 852202 808887 867659 922159 897220 886048 828317 729925 819301 971942 908628 730764 596509 611042 621453 561673 476638
 670479 1.01766e+06 1.04835e+06 929278 942043 870385 842537 895434 804302 693242 604511 513422 622689 690694 592070 500945 368002 286433 295588 424465
 632995 711068 673305 718097 828015 917121 962653 806816 758835 769713 667029 494705 454925 459779 475412 473058 482901 442826 384931 393231
 620552 629203 693957 818601 952606 1.07152e+06 1.02256e+06 904235 922883 773914 635047 598618 473602 374152 308999 279430 251085 218312 205735 184579
 632224 720574 784106 696141 641470 758184 814692 782799 807151 965401 1.13532e+06 1.12967e+06 1.02021e+06 888577 753521 628114 641623 648189 689816 802144
 642277 813570 977413 1.00591e+06 801904 585299 506137 513966 536950 566055 680452 806040 929729 809645 602570 428019 285056 292121 308602 390173
 593667 694253 802908 928935 960302 948496 880606 825621 788227 668748 559980 465707 400674 353979 349841 339233 308814 333312 353339 319635
 622615 956870 1.21067e+06 1.10505e+06 899285 912214 952746 941148 792153 580763 414766 340942 387535 410613 387464 397955 334402 282811 250347 241961
 648751 721507 737305 819617 735428 554172 480034 460168 561264 633085 709713 879218 749329 704659 675783 619156 730694 964379 1.0436e+06 1.24574e+06
 598715 740688 911044 1.1312e+06 1.2456e+06 1.30255e+06 1.46153e+06 1.49186e+06 1.17411e+06 853396 583043 401910 272631 165606 119410 130626 181440 231047 319888 419039
 631236 729277 733876 707810 725232 874258 832168 686571 581293 549528 614095 635784 780551 1.06559e+06 1.39137e+06 1.4286e+06 1.38585e+06 1.31298e+06 1.4364e+06 1.58758e+06
 623262 682452 836333 957617 923756 766931 591280 472924 412788 379962 521210 663685 784415 1.06938e+06 1.23219e+06 1.53684e+06 1.73788e+06 1.56428e+06 1.27946e+06 1.15911e+06
 642223 818308 824121 748570 741430 764490 860058 770500 638598 583554 594344 553241 434369 357202 324618 437879 451705 370690 335795 338251
 631647 751866 834038 744912 664840 570267 485558 478488 505340 427874 312923 259072 250951 256394 298107 341927 360886 380682 394902 416909
 617379 608600 588768 769218 838449 822657 759023 704374 637197 461234 325794 265252 232555 254460 367248 434563 504937 537165 517410 477164
 618691 626801 594873 500810 451828 489441 630738 748604 832933 1.03817e+06 1.02744e+06 1.1532e+06 1.26498e+06 1.36232e+06 1.30219e+06 1.21149e+06 1.08245e+06 847076 825452 886519
 654524 985777 1.48433e+06 1.61791e+06 1.45849e+06 1.1927e+06 1.03074e+06 890799 675005 496275 507161 586615 777723 954082 969728 832053 728967 694467 576466 551451
 634988 781431 883066 793636 716962 588551 553953 623879 630077 656823 712824 707391 529735 420095 367469 308247 314690 345410 346658 292256
 611397 586054 649849 779878 813634 712108 594742 513206 425625 349530 311690 278251 235954 162926 91440.7 101418 125654 156431 167383 186478
 639791 837215 1.06026e+06 1.14465e+06 1.12076e+06 1.02733e+06 940426 899400 900711 871556 772481 673582 594252 453052 368432 409357 425758 408955 353222 285667
 620990 661712 639426 549191 499267 453985 409720 384113 363520 360316 364173 377820 359874 313014 320065 334573 455980 579415 712870 824740
 644882 862750 878406 805396 776391 766361 692590 607039 629767 622677 642016 767622 825453 988030 918548 834122 784431 828572 886521 720916
 623467 700498 744258 696168 717175 743872 657650 509357 474197 451473 496929 491148 411952 358923 334512 322017 271825 281964 282928 240617
 636666 780806 767947 667765 556803 473127 502690 573537 709640 939247 1.09965e+06 1.16195e+06 1.19828e+06 1.28754e+06 1.26821e+06 1.24156e+06 1.20584e+06 1.32572e+06 1.31895e+06 1.04977e+06
 632200 758529 795617 892650 1.09303e+06 1.74694e+06 2.33325e+06 2.43318e+06 2.43161e+06 1.9506e+06 1.48997e+06 1.19281e+06 1.02041e+06 1.02559e+06 921965 701937 635788 702657 864677 1.23173e+06
 635733 798477 869007 859860 680432 494665 408747 240198 204301 241252 211510 179453 162300 167848 209694 217697 198420 198827 220723 223984
 635456 823778 1.0041e+06 1.12011e+06 1.1487e+06 1.1813e+06 1.30165e+06 1.341e+06 1.31706e+06 1.07391e+06 894577 752139 766148 839257 989503 1.08364e+06 1.0716e+06 1.15071e+06 1.10902e+06 942609
 621345 678992 596992 491488 362831 238473 258637 310810 296769 234882 186646 185887 200966 239084 330581 468707 499223 432656 334065 251039
 622914 697342 770479 983404 1.35869e+06 1.35735e+06 1.12309e+06 929375 707654 552606 560719 536343 503713 469794 522218 604183 606687 669145 671460 793493
 614490 635619 648901 633829 527428 411638 427357 414921 365907 333064 299056 378814 382718 367617 358021 391629 385150 372776 331089 303823
 656969 1.01946e+06 1.377e+06 1.69563e+06 1.83172e+06 1.52485e+06 1.37513e+06 1.15694e+06 729340 447926 319566 241295 207206 189234 185745 254848 291685 326870 396180 442350
 618729 650010 582520 568583 549076 573262 588721 519602 587975 716220 810831 814495 676490 559522 549904 539944 563263 540069 607891 594618
 631679 789010 973862 977955 943854 946667 1.13721e+06 1.28893e+06 1.16235e+06 1.31999e+06 1.328e+06 1.57132e+06 1.59729e+06 1.27635e+06 1.0061e+06 970452 984843 1.00295e+06 864750 797259
 627123 709512 664601 610902 537012 508742 468401 459128 426001 378493 391475 459802 463383 537056 679854 690428 668612 711442 661801 502450
 638529 829488 955187 1.07678e+06 1.03586e+06 940131 805245 745396 939441 1.20189e+06 1.19688e+06 1.25631e+06 1.08513e+06 911585 781531 762614 831301 980863 803547 611226
 634611 801218 958635 1.14534e+06 1.08122e+06 821914 701033 828955 1.20152e+06 1.3131e+06 1.26484e+06 1.0974e+06 994754 841890 607243 498978 465768 376832 390405 420210
 622080 684976 710347 772375 711945 654319 663810 603342 472860 354249 349303 438122 458973 443851 370786 389817 450445 647976 739666 966862
 625582 737029 880442 938841 894220 795042 671537 610171 532634 532461 660085 862946 994544 1.20743e+06 1.17371e+06 1.09435e+06 1.24111e+06 1.10942e+06 959095 857808
 621279 840690 1.03763e+06 1.03681e+06 930155 741504 574232 459513 324835 239878 214091 188692 146139 140079 174931 205394 200358 229247 304801 330037
 594204 612128 669377 715468 618812 531435 602710 607532 620802 750687 892540 953931 1.02074e+06 1.10144e+06 1.21604e+06 1.34774e+06 1.11544e+06 942836 767487 708320
 609296 734912 782307 765533 835193 726059 551847 527692 628370 705243 856686 829978 821469 695319 569803 474962 401201 297626 197731 126209
 635777 992177 1.35516e+06 1.50832e+06 1.48032e+06 1.22461e+06 997220 831995 637652 445418 326285 328873 349349 327380 311681 354483 419079 443059 402647 451729
 585292 538079 481749 482914 460286 484638 423107 326597 275169 249296 252282 245839 219348 181908 123518 96122.2 117675 124833 137820 185564
 593279 590962 479053 345492 285311 250237 276203 390113 468371 549453 724081 870804 908928 927174 859711 827953 787961 694856 724843 690620
 601808 686786 749261 772509 758233 705150 564064 527706 509172 512174 481004 435917 460808 570504 721487 865174 906561 862542 631412 390279
 619133 802051 739311 628261 516196 428152 300380 227640 154393 128619 134468 129790 121020 124997 147505 166642 206820 254465 366521 408711
 617423 807000 817338 702762 559021 459283 454222 399539 367331 345810 330007 245152 251384 273850 338849 401872 547054 735543 826825 948824
 610708 750990 813006 761203 643905 528620 384917 307214 276150 278480 292175 301486 234532 205032 223067 300734 366413 432330 529281 519690
 608883 732215 748058 614757 695378 732882 618328 529221 510750 597582 528079 468201 511452 570861 587689 574587 620241 602619 541579 503322
 624924 853643 846014 793336 861807 840272 932403 1.06195e+06 1.12643e+06 1.06639e+06 988491 989142 966450 1.10605e+06 1.26654e+06 1.24551e+06 1.29234e+06 1.54206e+06 1.68119e+06 1.39543e+06
 614957 778790 829577 854106 1.07627e+06 1.34084e+06 1.12117e+06 987445 981962 955551 772026 639277 673025 548305 548186 534343 543086 590369 594674 481848
 620722 824879 904561 768089 772017 891630 1.05551e+06 1.16522e+06 1.06586e+06 910139 723327 630215 652840 621045 536385 511842 468181 426037 419186 401843
 603128 669937 648575 546320 430895 529699 571968 570612 520252 446823 422671 449220 457631 410017 424817 568674 779263 942638 1.18502e+06 1.43095e+06
 623627 856449 967112 852358 690250 500384 560069 600843 615460 537861 500061 512266 448941 479080 468029 455439 518956 579000 639806 582095
 601278 657249 681285 594143 456284 378505 349256 356167 335358 247072 151477 103678 84559.7 108181 123568 153937 158779 181613 221805 323419
 616742 766692 744133 583039 456698 403904 372025 416708 514352 477875 527828 580844 550066 495928 457998 429329 490607 557645 725758 815480
 617410 799560 1.02225e+06 1.22979e+06 1.18551e+06 1.03734e+06 932828 991529 1.128e+06 1.18315e+06 1.35173e+06 1.33327e+06 1.10154e+06 941961 854887 886422 936395 1.0539e+06 1.26007e+06 1.18855e+06
 598894 626630 649082 623683 617973 507095 384337 384791 452977 443204 392318 274787 231127 225785 213221 181911 164318 154723 167224 247960
 623100 814604 810217 718825 598818 473958 447491 427407 363936 332672 275351 326397 306715 224120 179303 225625 314638 400726 427849 444155
 614766 754266 808986 734661 695829 623598 559995 530489 518991 437039 327826 303826 268498 193359 139991 139554 114568 186945 233981 297819
 627752 876213 987723 872346 621678 408912 298756 203369 147725 119467 103987 125197 170787 315894 473886 831186 1.13715e+06 1.17656e+06 1.15271e+06 1.19285e+06
 603048 652849 590989 507382 452238 399547 499590 708767 817917 850911 683922 487589 412366 501504 718896 748909 799168 811778 855185 1.15084e+06
 602842 663917 694754 712064 799792 929010 1.11743e+06 1.01826e+06 779757 725290 566096 384346 231778 143247 206896 216643 196512 233505 286037 294297
 612173 761762 984488 1.26128e+06 1.22197e+06 1.04463e+06 811346 717384 695372 760104 821236 928889 891498 751645 621157 531631 595215 689353 700079 703709
 617992 795340 850883 770175 838896 1.06024e+06 1.10275e+06 966238 895818 735490 662559 556634 415661 279368 193663 204014 217999 331499 457288 627021
 622924 837672 916501 1.01151e+06 1.04985e+06 1.27546e+06 1.0785e+06 731314 576453 494980 476579 540580 636385 698263 765268 685437 509572 440533 440928 464107
 631864 926827 1.01834e+06 901410 948370 1.03552e+06 1.00364e+06 960374 815512 569758 376136 298687 320460 339463 409390 498557 558716 608261 701244 897800
 601015 701231 1.00343e+06 1.27348e+06 1.14397e+06 879021 662609 599115 653871 669183 620924 607940 566011 686153 868612 770408 563039 419490 358799 372943
 631573 912692 938250 798607 752119 758492 875765 821157 784093 702551 628892 726366 804863 936665 884488 821616 770045 697263 683289 628787
 628909 892124 987763 1.06666e+06 1.05557e+06 925038 857102 714534 574785 501224 495626 574918 580083 473986 463304 451430 474294 517180 499632 583850
 596487 614011 591658 638350 572270 482068 380490 337894 344040 373242 453614 482996 465583 432225 436074 455530 534889 579509 600022 523665
 626017 1.02012e+06 1.11637e+06 1.04276e+06 900975 673515 708202 805298 887646 991477 951663 886194 944226 1.29125e+06 1.48499e+06 1.48507e+06 1.4295e+06 1.46175e+06 1.44965e+06 1.15479e+06
 627040 858792 892747 856577 776521 823435 842573 722918 565112 471749 405027 386484 489751 496669 432452 432012 444044 465709 475687 477265
 615011 804190 1.07897e+06 1.16613e+06 1.10747e+06 1.16369e+06 1.10505e+06 1.04588e+06 1.10171e+06 1.06185e+06 1.01239e+06 942290 770890 498881 342306 308608 325827 356371 270287 245162
 603614 679420 730077 898871 1.24091e+06 1.26348e+06 1.27803e+06 1.13707e+06 952621 880870 760712 595334 644970 721587 752843 667271 618105 624716 639944 713876
 615724 763357 723287 600905 502943 515760 491209 344919 212053 153435 118754 99593.3 98923.7 115902 183636 189005 175446 184242 233978 275612
 644811 1.01808e+06 1.15502e+06 1.10722e+06 1.03875e+06 916277 868463 761913 637030 611715 635762 600413 489239 490209 566168 624521 571593 449847 357808 349697
 595321 572386 446009 341712 275735 314400 362908 341076 383086 426270 440557 477199 442097 398488 365303 290736 218700 213682 234886 312211
 614336 772306 927549 1.06547e+06 1.16054e+06 1.16402e+06 1.23494e+06 1.26666e+06 1.03754e+06 763252 515575 385375 347493 306902 328863 343313 373200 433975 507767 531939
 627952 867974 1.04731e+06 1.15925e+06 1.14013e+06 936141 789362 709889 592467 500271 450225 498384 581708 513677 375973 314354 309376 365680 533707 627077
 636654 955839 1.25643e+06 1.24403e+06 1.08669e+06 1.17499e+06 1.25628e+06 1.28974e+06 1.14301e+06 980890 816906 747774 623522 503183 376171 348472 368867 435043 559118 586918
 609763 676063 589694 546801 502797 415445 456285 495751 400219 279056 310491 384432 448688 600371 636491 666521 635656 606483 730247 894392
 629542 884473 1.14089e+06 1.31267e+06 1.33367e+06 1.33104e+06 1.28628e+06 1.05977e+06 905869 988102 1.16253e+06 1.50402e+06 1.97585e+06 1.92086e+06 1.76256e+06 1.5722e+06 1.8855e+06 2.05732e+06 1.65503e+06 1.29201e+06
 619287 807904 1.11783e+06 1.2008e+06 1.29822e+06 1.29091e+06 1.10555e+06 874304 735325 669194 545966 442291 318951 268882 218814 219366 235735 214656 236607 337342
 656438 1.07995e+06 1.15925e+06 950961 715576 498887 422659 380876 378762 452928 414571 368581 348065 347740 404962 451604 504398 797374 930149 1.00508e+06
 645445 988634 1.19627e+06 1.09017e+06 779850 566674 466263 464589 485014 480590 486502 481772 536188 561020 683066 758147 709353 578245 476529 410190
 612506 729750 952264 984967 763236 551347 437959 498161 693357 788947 729495 600630 483592 445719 369504 229976 105306 57700.2 33717.9 4044.38
 625512 807146 890842 877897 728691 657528 531856 428258 532767 635848 630059 663422 786889 808711 850085 863998 799487 703647 574617 559947
 661692 1.0963e+06 1.14505e+06 871890 571495 388929 325027 329254 337522 405807 662561 761021 742873 741565 674054 541109 423614 359727 396159 429495
 622868 797247 924837 884128 836457 751782 632347 588092 619881 635977 509617 470542 492944 522560 560196 543885 514772 370058 294461 275446
 625434 803118 863685 816792 754025 692529 672264 684414 584997 549422 483778 458725 599392 688285 789704 898623 1.10355e+06 1.24098e+06 1.02138e+06 724444
 626610 822772 925478 994743 1.19247e+06 1.30229e+06 1.21608e+06 1.09885e+06 924944 711499 636472 663588 617132 713107 715400 702997 640648 592071 500044 410254
 599275 588262 631648 722759 691665 568086 434973 315180 326900 380464 388345 447558 472721 455395 467553 522717 575859 570651 531074 612213
 630593 827147 764359 669646 570845 572603 648939 609901 516976 392461 319036 253084 235902 234564 277622 354146 421856 451698 462250 489199
 613854 733493 972317 1.06881e+06 1.02868e+06 995318 907624 821231 731360 589051 614825 660942 563581 487507 548685 672129 706673 773457 754710 742171
 625265 826561 1.06733e+06 1.30311e+06 1.55669e+06 1.60538e+06 1.31781e+06 1.00007e+06 732444 566570 615297 769938 717371 618062 616186 472076 370308 337629 371410 499609
 614579 717356 787825 680978 603093 529928 483288 471195 482200 594551 849839 967165 1.02905e+06 897614 769768 627637 479578 423018 538857 583384
 614549 703841 689899 599069 504845 459559 472748 556962 761528 1.05933e+06 1.20773e+06 1.14446e+06 991444 845718 694557 580476 517507 502962 528159 580694
 620846 759245 856303 1.01114e+06 977964 965879 1.17688e+06 1.38946e+06 1.63108e+06 1.54662e+06 1.53483e+06 1.35884e+06 1.12955e+06 1.10657e+06 1.10396e+06 1.05363e+06 946285 711251 587188 529200
 629906 817761 796631 733531 837551 972004 1.09335e+06 929061 784821 608183 522288 419161 343494 300772 300529 241815 179335 149574 169964 185991
 620171 754080 833168 930926 978059 931271 849421 662966 460606 491415 688627 950906 1.25298e+06 1.3665e+06 1.31784e+06 1.2888e+06 1.15991e+06 1.031e+06 1.01195e+06 918523
 611733 683738 701662 714441 851374 883367 821762 754849 745789 833883 884229 797611 679746 590848 569542 564111 525017 450544 434625 484614
 643851 952348 1.10028e+06 1.14008e+06 986934 760600 705633 667719 545862 407208 339824 302600 243470 241828 265837 250234 208493 226567 339342 505034
 616416 704466 712479 651981 470730 403836 354656 375805 327684 337785 418960 474842 556581 730177 800261 723269 604943 542614 458571 387468
 616031 694419 634572 536828 542279 560590 570116 533325 645136 799544 896930 950528 927842 769414 575842 376603 252489 223950 236522 264271
 658168 1.08217e+06 1.37482e+06 1.36148e+06 1.31596e+06 1.39017e+06 1.35115e+06 1.16284e+06 924784 739517 617874 477749 308503 216391 173395 249510 357702 433225 443325 511346
 620259 745540 783026 786974 709341 532742 488856 640831 745924 791726 845779 904323 822230 777395 728187 699705 604015 524145 471454 605156
 616114 711136 717398 530047 362070 306901 339002 445552 453044 497911 484806 391799 358679 378674 401323 414375 378266 397216 379088 332722
 633651 853663 994262 1.24249e+06 1.56285e+06 1.64651e+06 1.3839e+06 1.22975e+06 1.16003e+06 841640 533212 450596 410761 454882 463711 487700 549987 489446 359806 336390
 669295 1.1874e+06 1.4936e+06 1.23499e+06 816306 547992 482849 554255 614235 576782 523308 454224 397971 373001 342560 291102 294427 285660 249658 245093
 630475 848445 908274 761037 592386 484279 414184 339925 282794 258088 252644 250996 218488 179449 190771 229936 186192 195578 240680 324845
 609746 667463 679894 625793 618723 599816 618582 493402 386966 347886 309319 382521 515722 712170 907543 1.01021e+06 971655 904153 757435 584431
 616942 732090 778630 780772 925712 1.12258e+06 1.21835e+06 1.41398e+06 1.27298e+06 1.01281e+06 914955 859556 849282 784713 750443 846221 1.10484e+06 1.28063e+06 1.39911e+06 1.39384e+06
 638536 927459 1.13993e+06 1.16597e+06 1.02832e+06 882251 731040 692192 752395 662283 546710 591149 810813 913381 770225 601801 413509 305810 253504 182972
 606500 656353 689620 676840 776251 717991 610768 543452 524570 491690 482455 438287 442317 552047 683158 752209 680304 561118 484339 446357
 622624 800125 978043 1.04399e+06 1.1683e+06 1.29521e+06 1.39232e+06 1.26433e+06 1.14502e+06 1.24521e+06 1.38883e+06 1.34841e+06 1.23118e+06 1.20557e+06 1.11471e+06 1.11295e+06 957711 648364 372742 306225
 627319 818152 856729 860908 774391 604782 494406 440585 372587 285780 204116 173647 187195 213292 267167 288563 337923 343130 306119 296963
 609188 677493 772646 875625 969710 872452 782798 778195 790212 770759 682597 685165 709712 902223 751212 648287 756530 866243 847319 724934
 609544 677452 680429 621211 518625 431398 502973 659058 790353 636853 408723 309947 294567 409660 642200 905454 882101 757212 698482 626546
 653704 1.05598e+06 1.32305e+06 1.44733e+06 1.63406e+06 1.7034e+06 1.95553e+06 1.88813e+06 1.47661e+06 1.08214e+06 785402 681712 648152 705215 892472 1.35603e+06 1.59311e+06 1.42353e+06 1.11247e+06 826179
 646631 1.05213e+06 1.64027e+06 1.75301e+06 1.69468e+06 1.7004e+06 1.36371e+06 1.0338e+06 897857 750640 708942 700660 637669 491513 339484 274359 237964 354433 433650 443206
 629751 874093 1.20453e+06 1.40428e+06 1.30586e+06 1.02956e+06 781883 667598 601078 494419 517834 561566 773864 1.05392e+06 1.21017e+06 1.44595e+06 1.53334e+06 1.39342e+06 1.04242e+06 807729
 602774 611671 580748 519258 545335 628760 807404 1.09603e+06 1.48466e+06 1.75347e+06 1.47457e+06 1.28287e+06 1.31285e+06 1.35207e+06 1.55248e+06 1.42074e+06 1.05889e+06 826512 626759 478902
 612663 708475 810782 1.06205e+06 1.06411e+06 889340 733397 574653 551519 592776 522400 436825 343597 285463 307498 325294 314688 313791 311908 308753
 609093 664736 705439 720040 719908 886182 1.02855e+06 1.01352e+06 1.00545e+06 1.13142e+06 1.20319e+06 1.35162e+06 1.36071e+06 1.04501e+06 717838 513120 395479 315914 263842 208594
 631431 855040 902001 950423 971448 1.15878e+06 1.43276e+06 1.56092e+06 1.35814e+06 1.21053e+06 1.19625e+06 1.027e+06 806176 698581 725040 741889 749318 734451 633602 631445
 613976 743008 982918 1.00662e+06 816860 569136 407298 306501 271373 216888 141570 141310 159498 198187 243179 273137 298009 336326 422372 500462
 625420 819208 1.05602e+06 1.26742e+06 1.45677e+06 1.59547e+06 1.37881e+06 1.07615e+06 889687 780052 609724 555539 534756 501623 475962 570394 750995 864563 938758 997525
 631215 851045 914901 777814 719224 729503 649681 542813 404919 320131 295849 243124 201015 148558 148948 148318 181426 280454 453036 687618
 613815 722750 807950 891677 937445 758154 536450 446375 413395 443086 647817 889852 1.22419e+06 1.46836e+06 1.34431e+06 1.10798e+06 1.30554e+06 1.41729e+06 1.16716e+06 838525
 623090 783508 832100 779884 779259 842844 927323 1.23799e+06 1.45132e+06 1.59578e+06 2.0131e+06 2.0629e+06 1.87849e+06 1.52936e+06 1.40316e+06 1.24221e+06 1.18369e+06 981160 942171 1.02853e+06
 620895 773236 825097 853597 861496 939796 1.04142e+06 1.1913e+06 1.1886e+06 1.05329e+06 1.03971e+06 1.09516e+06 1.02651e+06 885000 847791 724961 641947 576249 560178 512706
 643657 1.00097e+06 1.40033e+06 1.63345e+06 1.50348e+06 1.33342e+06 1.20391e+06 978895 767917 631905 567841 396929 275216 173103 150745 145301 142175 157402 226094 280686
 634291 866637 868291 747767 586951 474763 425730 369630 328336 402166 366781 385662 481969 616509 873689 1.04593e+06 1.09722e+06 1.03715e+06 989294 891261
 622456 799349 1.00519e+06 1.07531e+06 958411 691651 411463 249588 221775 175316 138112 123849 153820 232650 281688 325466 304494 270198 244666 243283
 620247 761866 861434 1.14904e+06 1.45208e+06 1.47018e+06 1.31237e+06 1.0561e+06 895583 1.07284e+06 1.06974e+06 872520 627829 484829 487868 548795 561262 504556 406776 359768
 628371 852672 1.04258e+06 972060 956964 958238 970642 1.13423e+06 1.08622e+06 869098 726248 652897 704072 730960 745217 632877 505101 543644 556439 531439
 616472 778634 1.13709e+06 1.22478e+06 1.17352e+06 1.04992e+06 1.00182e+06 975226 1.03182e+06 1.07928e+06 889182 712780 729349 755429 755151 708486 572417 426468 324358 271796
 616890 727288 695462 577065 519041 575667 608370 717020 1.15201e+06 1.35337e+06 1.46725e+06 1.47386e+06 1.44504e+06 1.13725e+06 818091 706148 682512 467600 412481 465151
 623303 814513 975777 963687 866421 693654 536470 383882 343971 352143 351908 328062 261726 256835 254721 281535 422986 548565 704265 913240
