 586624 701014 892081 847918 623387 550998 525816 493776 543466 570369 577901 617772 543420 617624 684347 699859 803972 991093 1.18071e+06 1.14364e+06
 605249 675053 752650 668712 518185 496203 423542 389604 425408 419171 439588 482423 375631 305994 333932 402235 314960 422403 499699 730359
 556537 540742 549173 753191 1.00268e+06 1.10171e+06 1.28117e+06 1.35957e+06 1.38592e+06 1.27549e+06 1.16004e+06 848915 844722 1.13439e+06 1.05621e+06 986219 903059 919889 783041 683076
 645135 836135 912422 800788 762045 726607 556273 493459 447997 373602 344903 340860 420186 344223 424562 711230 817446 724605 905668 930946
 699359 897155 878080 973070 932683 749819 624034 564715 553345 340363 300155 348388 396258 442078 599569 681189 817062 461324 315414 328999
 668102 852341 1.12669e+06 1.26565e+06 1.26139e+06 1.20998e+06 1.09579e+06 853244 526049 399611 495501 460862 466768 505613 552535 451321 575138 686943 825180 923362
 546173 639339 810319 778275 719705 484617 476306 467917 418223 429955 329242 248709 253792 235587 228758 193885 162386 159512 198957 207921
 570648 696739 1.14417e+06 1.34883e+06 1.11472e+06 1.08826e+06 1.08992e+06 1.1114e+06 1.12909e+06 1.17532e+06 1.55788e+06 2.32186e+06 2.35149e+06 2.03148e+06 1.96688e+06 1.4762e+06 1.03315e+06 925441 1.24897e+06 1.15608e+06
 659318 1.22864e+06 1.62291e+06 1.39776e+06 1.00113e+06 886313 834962 888959 793651 849063 661892 372100 401729 531667 545952 624361 513095 473223 491612 447326
 630270 854899 1.33018e+06 1.70486e+06 1.62033e+06 1.33158e+06 1.05007e+06 1.01607e+06 1.01178e+06 776802 567948 506319 358679 284624 206134 118632 103862 102724 111990 158620
 684324 583502 563603 515970 466813 448012 448027 426746 485175 535203 516503 464448 383224 478661 516019 692129 942290 884786 646564 499778
 549833 643497 757217 693174 670108 608141 605241 579295 555768 702257 568803 216550 132905 85197.3 46017.1 22980.3 19426 16834.6 13158.9 8113.63
 694795 554930 554035 596121 521893 394449 418691 455174 579544 638894 591819 660316 691034 836001 783538 493821 537356 522796 489822 416671
 568217 716000 848082 662524 621823 690343 601092 502959 335172 341177 426573 613800 811781 877492 866924 831514 720767 555287 396457 319714
 619843 678967 858280 1.26325e+06 1.2587e+06 1.05949e+06 1.06426e+06 1.09204e+06 1.28617e+06 1.17342e+06 873983 755242 835026 889101 780275 633443 659938 745233 599184 582368
 737747 1.14051e+06 1.33367e+06 1.3383e+06 1.00531e+06 625285 600824 614203 516975 558393 704077 809536 843583 1.17138e+06 1.30554e+06 934710 796427 870635 996701 717712
 656398 808829 948210 963272 1.09044e+06 1.25034e+06 1.47737e+06 1.51916e+06 1.51496e+06 1.13799e+06 889523 961438 880616 801381 660743 757483 646405 526710 553660 539196
 679362 868367 658944 610263 582675 554516 598946 625599 457622 443615 398369 317110 463227 611232 640711 626812 761741 612290 368640 303364
 668739 852586 884381 805670 768976 721840 811795 807401 703813 683019 675505 625483 709821 898155 901325 671440 642154 537700 544554 547944
 583718 821399 668842 507006 466379 665986 768241 617234 591016 600622 630750 870906 1.03304e+06 1.21603e+06 1.20873e+06 969748 833747 727825 820741 685353
 489067 488165 529393 643380 871293 880407 821443 693510 585564 487636 467401 431414 338327 230953 139703 160820 331549 440545 620836 862593
 668254 928090 1.21509e+06 1.49913e+06 1.38553e+06 1.38424e+06 1.43939e+06 1.25506e+06 1.00904e+06 808619 574985 550250 840500 987489 1.11803e+06 962266 1.08842e+06 957306 705562 466710
 588006 890306 1.34118e+06 1.18208e+06 1.00929e+06 958887 1.02265e+06 1.04095e+06 989113 687276 449407 345691 290260 213216 209938 262022 270809 280494 354401 402012
 678220 798633 885790 1.06192e+06 990414 969677 812196 599257 423045 404502 356265 404716 372747 332954 311171 414855 523428 496893 557967 701004
 690894 793506 844625 1.01335e+06 1.12094e+06 1.2392e+06 1.29928e+06 1.14725e+06 1.08983e+06 950869 918396 790027 712318 753885 803359 840379 1.02845e+06 938437 713519 886811
 669473 597648 486386 539854 559087 463582 406834 361716 419779 312058 261653 280596 295586 377755 535194 619066 588971 614650 469091 365028
 580670 881519 869327 993897 799384 690534 811270 625440 478303 525306 470687 368524 345584 390352 398015 381134 375666 381244 277525 294457
 624357 643887 628463 693647 684882 587904 719203 670656 581422 598526 761609 899903 668866 545515 584245 473598 497152 564083 645496 691656
 536705 647543 735507 948399 1.08785e+06 959668 984129 966232 747933 493094 491185 523713 499754 431610 448776 411029 444639 617607 610308 537663
 669391 1.00873e+06 1.19788e+06 1.31871e+06 1.20102e+06 1.09342e+06 792889 419056 350474 325118 317898 220438 213600 297768 399004 475839 541379 266295 225336 349299
 669991 848461 1.28388e+06 1.53871e+06 1.31109e+06 1.21494e+06 1.02551e+06 902402 985052 1.01144e+06 818024 793131 749787 702230 707576 949908 1.00198e+06 1.14708e+06 1.04242e+06 870313
 671798 651495 548415 480182 384287 367255 327105 242949 230032 159489 119102 175703 250942 301294 317235 268137 231918 255995 304600 289653
 576193 712100 941955 852147 532058 416802 399803 335076 298583 356980 269219 251062 313155 501031 487931 643226 824621 936843 720357 767849
 619570 777094 853006 933882 750106 502420 274693 240713 209053 180354 230123 277775 334760 460680 427460 581630 525551 510857 700353 660869
 526252 592864 710611 699567 672857 719869 531359 446962 497629 477606 310924 219154 179760 248079 387488 423485 345072 361370 190862 169395
 691746 689205 864526 1.03644e+06 1.19808e+06 1.28284e+06 1.02635e+06 1.34518e+06 1.33296e+06 992581 984890 995327 1.22931e+06 1.09117e+06 1.02324e+06 978090 670361 457793 434365 285290
 612453 875947 1.15184e+06 1.1141e+06 1.29691e+06 1.40078e+06 1.54658e+06 1.70829e+06 1.42901e+06 1.59569e+06 1.75284e+06 1.50092e+06 1.43619e+06 1.34183e+06 1.08231e+06 941907 624885 538055 482165 509541
 677280 966714 1.04597e+06 878548 781010 741762 1.00245e+06 1.518e+06 1.37819e+06 1.657e+06 1.34153e+06 1.04277e+06 788381 560205 578659 459022 461813 427002 364096 485345
 626571 748642 731256 663608 640501 639651 334444 206304 171414 210654 220890 179782 238161 304512 308471 342575 328267 288184 323082 320851
 653054 840878 1.1758e+06 1.17412e+06 867013 697056 690789 564814 374842 362541 422050 414269 422168 449595 577752 589395 543160 564481 934937 1.33236e+06
 554033 697853 786687 664686 643102 588962 536554 579880 545381 453328 380794 359617 381768 358674 246421 166173 88839 68902 89605.4 158721
 607571 935164 1.04579e+06 1.06807e+06 1.04585e+06 826282 787579 678394 603216 756847 783529 774510 507406 607674 590210 531950 548610 649267 737532 752629
 689577 793329 665853 586149 596114 610192 504216 529905 515506 597538 799966 880697 932383 1.01383e+06 771509 499259 425916 330371 279503 226202
 627725 691533 725182 796082 766139 632656 568562 492003 459207 514188 613310 648384 679840 795178 849559 802875 875113 766146 768939 935016
 558573 930502 1.08266e+06 921216 1.07693e+06 966241 689825 477742 372519 360248 382688 480749 628752 848888 929763 845600 572422 640418 625244 622761
 647283 817243 1.15363e+06 1.21214e+06 964693 772312 588424 592941 337992 325726 363941 403604 370223 352259 494514 586254 529293 535241 491928 407861
 634527 775675 833206 855048 1.06262e+06 930069 694788 696281 676761 636858 716963 892874 967328 1.11291e+06 1.33081e+06 1.18136e+06 1.13268e+06 782473 555451 614434
 634731 593683 662215 917155 1.04867e+06 1.13482e+06 955053 736169 887037 665495 519281 444944 493111 514982 377327 323807 358884 281911 253386 353974
 521768 669551 970767 1.10793e+06 899272 890216 921206 1.02861e+06 967765 892377 800188 741290 507571 406048 323029 286106 321707 477896 449031 451845
 618746 820185 879418 913613 1.11395e+06 1.35721e+06 1.25119e+06 1.12951e+06 759547 605749 685600 464826 315860 283483 283626 243434 284740 335726 386272 364112
 678724 592253 553259 504052 494907 485951 552882 563971 468958 481448 483106 541008 676735 943062 856723 757095 796343 1.01534e+06 1.12824e+06 897517
 572531 752927 811022 701622 666874 571959 602834 746069 641805 604957 675922 650589 644634 494997 436983 460159 341750 241569 148278 136334
 601858 666495 732777 563439 551113 656703 568138 511316 472119 500902 533872 520378 484656 505868 444515 376506 318414 338462 353978 425237
 579241 555027 546355 621342 562543 534616 499070 593133 690884 542879 593189 638483 666691 599393 573663 446463 462771 567208 471088 420201
 726786 613969 572210 576167 606920 543788 482846 430034 594236 626933 554520 596211 615473 624587 573772 562746 499193 446729 356791 267938
 680930 828127 994936 1.07387e+06 947769 1.07749e+06 1.19779e+06 868922 815650 1.09666e+06 1.32386e+06 1.05223e+06 867680 752347 695185 619496 576971 580010 704928 824526
 653730 718789 780245 723449 535929 354680 276452 275628 206213 207300 266572 331477 390422 458139 490733 457263 475498 376561 376428 291714
 553869 569346 589892 535871 566885 700467 898004 875348 565588 432749 446712 580554 546003 383917 329282 400336 362032 357912 407895 383672
 549627 906703 886028 1.02698e+06 990657 741382 755687 627186 673035 958846 1.21642e+06 1.22894e+06 1.17506e+06 1.06241e+06 820713 795903 913313 647411 709583 607859
 561334 656498 861261 749632 687083 675537 622740 391179 263584 338183 378254 296683 208362 147772 134124 169821 164495 207114 260812 305961
 750826 1.04088e+06 964975 888964 750974 615250 686327 761238 820380 705230 620696 695729 855359 917071 699133 579475 510580 468655 391240 322941
 694779 950420 909195 820842 917073 659972 590039 713874 646194 657835 565939 470147 602952 580436 505607 481584 391681 351576 277260 344263
 624074 706655 617813 615298 644995 809471 892492 742607 768424 794364 633767 477177 409423 392512 359675 374854 402190 309235 315967 334556
 587137 562054 509784 567784 660063 836799 852226 720460 762408 590281 523751 587691 498028 338571 249329 208619 206632 170421 169927 169243
 572897 734705 915806 644658 526013 762338 789975 677840 657751 755637 862565 934433 801482 782293 773666 559121 562246 475975 496877 642963
 464232 459414 695888 791547 692457 454914 364754 392416 468856 563252 595069 628806 801467 651200 594210 334772 264092 293874 255725 398941
 681684 819986 846714 891334 1.0258e+06 869626 813032 860584 836152 696603 549447 437847 408457 373504 378862 351290 330108 345424 398763 325903
 679350 801953 1.08714e+06 1.00517e+06 922025 887933 848285 865241 831118 653932 384852 294680 398926 386300 386112 381634 351615 345896 296237 264314
 685826 602527 522989 571871 591096 523870 427649 430450 570852 462543 550091 582491 562202 681152 660629 547328 704003 717501 833719 864001
 785782 833605 920090 1.09022e+06 1.12015e+06 1.19858e+06 1.45319e+06 1.4077e+06 1.27894e+06 793707 480310 412262 288638 182367 117185 128243 204386 230977 268976 377183
 620102 725541 780045 680058 609162 683654 713918 676030 561866 554659 579912 514719 545660 747425 1.00526e+06 1.18468e+06 1.12239e+06 940920 1.05163e+06 1.29353e+06
 555945 473225 569003 734614 800392 649912 556304 499910 415448 410365 499341 510198 519151 874389 1.01951e+06 1.12914e+06 1.30026e+06 1.32113e+06 1.04696e+06 990039
 655095 886632 708573 578307 538878 663448 798748 681040 552100 469310 468773 505916 434901 334974 281353 384928 381846 323129 287392 354135
 491396 605327 741859 723544 604918 524700 427101 360868 446280 371232 224162 218013 266756 279194 298830 302075 377769 376639 501642 460525
 636624 626577 677296 837629 902944 879093 656623 585180 560991 457922 269159 252145 206988 238171 383451 386783 433708 458250 386482 386214
 565219 578760 593112 517972 424549 391521 489207 618553 703397 820515 872409 829026 898821 909288 863322 940141 892269 792497 776016 876498
 671652 922833 1.10593e+06 1.26256e+06 1.24706e+06 1.06136e+06 1.0255e+06 993189 637359 425383 357075 536464 732463 779686 798660 675640 703103 608519 588843 554571
 593409 813485 742579 647598 689695 490042 544950 549137 520512 556553 708122 808564 550085 412084 330893 249056 267149 349521 328264 267613
 530868 501174 625845 702768 643715 570039 476456 487019 464853 339837 350977 356896 370064 161223 89102 115302 142512 150880 139018 165309
 622757 888647 1.02706e+06 1.09251e+06 1.01542e+06 735511 664967 633866 638275 607845 569197 460443 484630 391770 359554 403934 322425 291942 301666 284599
 550037 583509 668977 567694 441147 394120 394918 366323 373393 335673 301146 338133 298971 284046 286041 296943 360511 506724 704241 791438
 631100 823992 768748 726266 590613 553245 553724 570714 601354 510535 532435 692618 857390 755895 659915 603905 513849 682913 892441 692649
 572372 712299 649751 582727 615058 713698 638997 402071 365292 324777 419730 457273 363542 345147 351779 333794 255939 283062 285438 230715
 702619 650800 584784 479190 467597 441986 543450 544490 565528 775965 966490 895903 1.00089e+06 1.03619e+06 1.2016e+06 1.3364e+06 925071 1.04049e+06 1.0449e+06 982192
 625357 658847 717114 801304 801665 1.26111e+06 1.6266e+06 1.59137e+06 1.75229e+06 1.48247e+06 1.3571e+06 1.09709e+06 979374 912998 927340 692262 685721 620020 664918 1.03223e+06
 614384 757205 760744 898138 644224 561302 431760 273512 236320 268268 196355 167211 131105 131567 178381 202598 221528 211552 189110 201150
 543134 631796 715531 796868 836166 960754 927786 1.13022e+06 1.10639e+06 1.09401e+06 1.06062e+06 811980 607514 671147 803449 1.0278e+06 1.0253e+06 1.01206e+06 1.12804e+06 969670
 591769 679659 629830 602086 485933 233297 206284 270316 320922 294600 217720 168873 175909 209948 263621 375981 423665 412424 268835 206702
 668936 668320 661505 851246 1.23369e+06 998629 787888 847401 584567 440360 485981 472560 443300 364882 372503 404385 467558 606392 533757 622729
 562704 536685 590870 654082 574788 446328 430748 435415 367277 271271 245752 347831 384912 376151 365478 406258 347578 414443 371709 368705
 531179 689573 868451 1.37843e+06 1.59577e+06 1.17458e+06 1.16208e+06 1.16342e+06 694704 377280 279720 198890 193037 173514 133718 208234 239186 249511 327777 400700
 598097 619976 465667 388161 429123 545480 557058 444900 462711 538333 623721 713409 608711 493040 485954 547571 562691 562761 609058 600079
 587498 758140 920571 978303 895629 892274 1.18385e+06 1.16632e+06 1.09379e+06 1.05878e+06 869488 1.0732e+06 1.27805e+06 1.11402e+06 924842 773313 879935 903109 692136 593849
 685385 725837 668606 624531 643514 571497 434729 397817 415359 384599 388295 406586 373568 422552 502404 548327 538921 676880 733290 433128
 568171 778643 928169 1.01091e+06 1.04842e+06 940812 912012 758424 948581 1.02163e+06 1.03835e+06 874561 761416 698492 739501 557758 621397 939752 820626 663667
 527201 655985 841840 1.09481e+06 1.12059e+06 659355 551607 748546 1.05694e+06 1.14612e+06 1.03341e+06 930677 912104 844808 442864 448104 376327 276644 306274 290208
 568550 560069 614124 770817 711147 528390 546369 634570 552065 329825 331197 360166 421801 473823 456338 426129 452269 566039 566893 694875
 488476 566288 660919 712108 690783 674136 591972 666908 534617 478589 553878 609968 696201 916112 1.03992e+06 958282 953637 889370 734700 645922
 729519 995800 1.14247e+06 1.13718e+06 853370 631458 539286 433447 341282 227862 205134 221174 204196 150233 133957 197578 189808 213317 291140 278855
 582701 598206 694208 762273 602933 569192 623298 625721 581455 740771 739113 764903 768473 960824 1.39118e+06 1.2638e+06 997155 903623 683689 578673
 597051 798674 945690 888494 803534 739332 552921 464410 578360 642044 682044 692898 736824 596080 394161 364053 393248 318755 240109 151320
 642526 908671 1.19561e+06 1.30318e+06 1.10487e+06 884082 796398 724158 698365 442042 243213 250915 317897 279957 309387 321662 461764 388232 340455 454805
 601331 511225 461067 422590 448860 484735 462403 372061 285990 267375 239177 214426 212387 194824 104538 102688 130217 121667 126883 177413
 626626 611104 475720 373592 304221 245465 270448 390743 515336 572145 747745 793639 763951 779298 775883 798787 720057 578648 575715 533138
 581698 619306 673410 722684 809477 696383 519002 567626 591269 558542 493633 499725 527904 581956 748410 868751 852215 898217 683299 337425
 722706 858820 929030 658451 543542 434545 304522 274619 154681 114974 127341 136053 91488.6 112054 134642 161747 158660 170199 282000 393784
 548990 626350 660785 648541 432997 405645 476656 465231 314279 385069 349801 252953 210260 232324 269329 362471 472190 667963 688706 716469
 643316 648328 648744 633333 617325 586675 437786 356799 290556 262463 334027 353192 283506 203963 196155 248432 287365 367087 477195 511750
 715013 932694 940468 654626 724179 806243 674873 510725 474421 555717 532830 427960 373907 467501 436249 441176 568512 547671 508077 482081
 633800 961631 856106 787449 850845 818067 889577 1.08311e+06 1.046e+06 965126 905122 1.01538e+06 835944 978869 1.06136e+06 977760 974925 1.16877e+06 1.28313e+06 1.10668e+06
 637574 827333 926607 845810 1.00605e+06 1.27964e+06 877717 824904 858943 894609 673751 682496 756593 516427 466405 446221 412699 464869 478466 401232
 671265 890539 916766 777996 803369 746091 925522 1.05949e+06 843452 822282 594415 617364 633541 556343 518389 507318 473294 467904 407901 429842
 620512 686243 771001 617110 519992 622653 518249 533548 420971 341555 323952 397082 521913 445948 357412 468665 682301 844256 886044 1.01252e+06
 547273 709660 798133 896920 619285 436598 547669 662035 710679 573383 578184 534626 446727 436213 342946 342844 491546 574578 587131 641541
 646202 704417 771257 777829 529145 396441 368243 354173 411234 254562 166584 94046.1 83331.5 119972 124804 142965 156419 178683 208616 285417
 643218 706872 771621 652169 582244 518126 385049 454084 445232 410109 543448 662210 521205 464560 360623 349838 408981 537409 542042 603831
 601240 762771 962628 1.00129e+06 972653 806666 781302 919328 1.04167e+06 1.01781e+06 1.34898e+06 1.14895e+06 957191 804614 829373 842508 852462 849401 968984 1.09994e+06
 605722 656100 609534 566124 601946 552372 486124 471575 474169 525134 340539 241592 216220 252824 212376 180688 148540 153827 163652 213021
 636513 790902 725033 670603 642471 464425 396564 384963 426135 331672 263983 329395 342061 170487 164966 218317 361676 458949 481037 457596
 600248 702831 767466 671780 630476 602134 619276 644390 621260 482722 254085 256560 297705 227089 201568 139821 133990 199812 223438 298730
 568270 732625 811069 874965 580310 379941 264772 226523 179504 153821 129126 145378 171896 259068 356223 561451 704253 796712 765886 804009
 627243 647848 514896 543498 499949 465323 557242 629449 664440 778470 724385 542176 402348 451546 634276 752651 865689 866257 741830 901615
 553423 590380 680927 740161 760127 840216 1.12864e+06 958288 771871 785305 600344 564581 226473 104677 177954 200391 168099 203208 257101 260372
 592330 701280 1.03816e+06 1.17177e+06 1.2136e+06 902281 680466 542198 570174 599099 671782 787212 723286 705508 592953 488088 571552 707737 719482 726657
 718542 913979 902822 655634 649898 858528 956486 996696 909482 660313 594509 551272 446834 203649 198718 219876 194703 283296 450056 547874
 688662 853810 1.0791e+06 678311 722648 1.19073e+06 993769 788965 582240 476534 354324 408250 520258 584682 679491 681444 529656 376877 379608 396650
 547454 780181 947124 800105 869809 939014 1.00474e+06 997305 821649 577373 357145 249365 308310 367324 428994 436775 517380 594524 649071 721502
 606369 631747 874994 1.14402e+06 1.02289e+06 761630 599710 535592 594692 504782 504648 495878 464773 514043 652962 660301 513943 385980 321544 345635
 642970 943093 1.02687e+06 936298 806798 904815 840494 782279 790070 617301 604816 661554 689599 672233 673030 781323 777752 590463 559256 616367
 654477 844986 788754 848945 814575 822813 808149 754421 659699 524448 494118 524775 571129 447507 435045 360380 452797 519034 423495 473228
 687653 580910 626174 663233 613498 507497 383821 357477 361917 344785 395514 403047 423657 432895 354104 350994 421804 504409 561565 512096
 580183 782148 1.01167e+06 1.09879e+06 1.03883e+06 713833 778886 815522 764947 900464 951519 792803 903443 1.33652e+06 1.35954e+06 1.05598e+06 816136 1.08365e+06 1.34485e+06 939068
 665052 785639 837328 720720 642561 713375 698474 683574 538856 538121 436634 364713 439756 466404 434183 423923 457256 541360 489729 475675
 637585 636504 791920 981221 919660 1.1594e+06 1.05929e+06 1.06662e+06 953546 957833 849223 902377 757031 424366 287096 275104 350573 408005 252066 240885
 573130 591880 662099 735937 877738 989712 1.14507e+06 1.04133e+06 805925 974685 796179 539080 526856 670177 750531 617751 436776 444184 433089 511478
 595287 661901 750334 676685 575009 533910 519294 392855 202403 130635 124638 126251 92603.9 120767 185262 185059 146625 119814 145340 223009
 577401 869036 883299 867510 847639 851595 826353 672642 596934 570444 568860 562263 485972 563566 688983 737879 628113 449046 353477 309240
 661285 526475 508764 313749 227387 305863 360521 325580 450121 508535 469157 440424 414062 362217 367126 326428 249869 240040 197359 247630
 529579 585313 786086 755379 884476 945823 1.06673e+06 1.0757e+06 1.04959e+06 791991 467294 284225 281046 304484 277977 267128 301852 460295 575738 518136
 677360 867763 948871 960196 979206 908872 730160 592151 525918 438081 423370 507004 664809 556510 373944 294862 286393 313782 474569 586158
 529778 808066 1.20982e+06 1.12216e+06 973327 868359 868592 994396 1.06374e+06 805850 693102 649989 694980 505731 327239 343482 345208 367804 467619 477235
 653925 748986 635076 625292 496837 392856 398026 429900 332292 195861 284357 407373 464587 547183 628937 676740 661118 630577 812910 877074
 620116 705855 1.05124e+06 1.1139e+06 1.06102e+06 1.21443e+06 1.14907e+06 1.06814e+06 856315 844123 786584 1.00175e+06 1.41109e+06 1.38679e+06 1.20111e+06 951837 1.32928e+06 1.55957e+06 1.17164e+06 1.04654e+06
 607273 831594 1.23652e+06 1.34832e+06 1.32593e+06 1.32967e+06 1.12784e+06 760034 617767 620256 568588 457570 328316 231593 178690 169712 193200 159535 186512 311874
 609911 813408 899920 847374 695177 635731 666133 380914 303162 326445 296976 278184 341300 352692 457360 473414 536553 773237 771152 799837
 743141 1.12244e+06 1.30707e+06 1.13087e+06 720559 491296 435104 455354 449201 504310 523348 528181 652453 603548 597109 710778 643871 565942 512392 388400
 560266 624953 826540 766556 740255 570356 457762 525751 690107 712107 718354 514658 426882 419251 387586 297984 98335.7 53694.4 34346.9 12317.7
 608058 688153 774413 857984 698932 694779 570775 405534 511894 624527 567994 562794 694277 681183 668245 715287 660648 611359 518380 530407
 658137 974503 1.10111e+06 920051 654099 336709 279281 219280 208960 276842 590706 658572 651552 603609 593808 509637 344271 328030 411376 481801
 566975 835529 970930 858475 765661 662086 598716 478872 535170 477625 349012 358407 442492 520165 459503 461706 470113 360462 353270 281935
 647196 747897 825955 796885 780701 628214 639086 603462 575927 583310 498584 403318 534399 737968 833901 835663 860287 1.1112e+06 947821 580280
 560255 675575 739512 826927 961541 990815 1.00974e+06 985408 914477 661359 649279 613078 557622 611469 597507 567385 598255 588171 651331 429060
 567549 499112 599176 734048 691825 616805 464860 290185 372796 403204 349036 362847 435594 439374 440257 493982 604276 583671 533914 463924
 643730 736002 751900 640509 520963 551435 592901 560388 486880 408093 382098 316443 257970 251307 274395 319290 334277 388129 431300 430982
 683292 747499 973472 1.07152e+06 1.2118e+06 1.01842e+06 812946 673931 594496 515754 541665 671296 479888 438795 503819 657535 697651 831250 748272 667467
 663577 803936 940143 1.01632e+06 1.04718e+06 1.18819e+06 1.11966e+06 922953 772699 522896 542881 667741 607911 588208 593776 351142 284062 289230 287106 420948
 674936 729099 536481 551306 534237 525062 573080 608371 454143 526613 676971 730236 818450 729794 642320 592428 472014 382938 407082 459164
 622036 636346 629115 653880 534212 460197 383467 429039 627011 925851 1.12851e+06 1.02103e+06 998541 789768 689331 615416 608356 527107 489057 484964
 652333 663661 708329 1.03351e+06 858795 650716 856324 1.13933e+06 1.22169e+06 991589 1.06672e+06 1.03892e+06 910745 980838 892443 851044 666839 566991 510836 495380
 708087 787291 626770 581959 727963 875714 915919 745598 756365 677559 424426 351786 279284 238861 290476 234318 168583 159339 151301 177417
 660905 776335 736655 822678 850028 833726 801140 640650 415334 389518 459562 689112 833772 964322 982582 1.03912e+06 823776 779838 876448 844763
 660140 654161 649186 531488 656146 749813 861918 790983 648597 687965 868826 911590 783742 600723 529146 559514 455036 386068 317620 385442
 647720 890604 851217 806962 823580 698443 835975 776072 685886 381492 294494 292796 254467 261500 296383 284227 208567 174540 234035 403038
 632048 660511 771408 606607 366639 335715 365016 448755 353109 392635 421119 406452 523238 789220 885360 745513 606394 536287 528840 455043
 658806 679646 662700 479881 485304 585635 588349 479700 568186 746703 872030 984945 827718 679925 560845 381777 225293 207259 219920 264272
 628969 809514 1.11895e+06 1.1743e+06 1.22585e+06 1.42816e+06 1.2998e+06 999704 831530 622644 497741 451790 321777 197590 168014 231913 384969 439163 398661 437025
 600713 702716 669570 704672 659439 509897 553871 692742 746243 640113 689053 689300 651828 752829 748605 621715 627445 546233 479537 561276
 551154 625813 629268 502091 368855 308580 397377 468696 371651 447187 533304 393969 334514 359312 388780 362476 328344 407901 415261 345836
 686494 753646 855455 776728 1.0133e+06 1.26761e+06 1.08978e+06 1.18725e+06 1.27805e+06 843799 592715 414881 392215 425003 313386 377564 543513 424072 323000 347622
 606722 1.0027e+06 1.25894e+06 1.12822e+06 768850 493626 438357 497311 483937 452205 448832 409227 319881 316403 297317 260333 286336 298441 272112 267207
 545941 745686 718876 724944 594690 503110 389235 349526 334195 282233 242290 254052 219725 146667 193420 185510 155683 174683 201831 258939
 653034 722583 688551 569295 535404 594257 734661 602243 472758 371678 251821 299259 495979 609994 706205 823635 862644 780611 731654 542499
 579771 695141 661980 667087 864166 1.00196e+06 1.09126e+06 1.39782e+06 1.11983e+06 965859 742296 783626 778723 689342 654146 729895 956648 1.05532e+06 1.12899e+06 1.09976e+06
 661179 854929 960710 996011 1.10057e+06 1.04861e+06 676684 660595 850005 663672 479296 438696 553085 577728 542175 481323 353791 297709 311322 149011
 598425 792755 652115 617363 740457 755570 602277 423713 443259 527442 460527 395497 435313 510009 586353 672875 565566 505372 351057 353835
 619875 823367 981035 936556 1.12834e+06 1.19678e+06 1.22358e+06 947824 863621 914278 1.00978e+06 997956 895135 987024 1.05557e+06 1.04354e+06 1.09631e+06 687235 421651 332148
 644073 658635 648809 709667 659467 523116 494314 453855 374642 297659 201995 200653 213941 210083 238825 279259 350865 312949 274537 272062
 620259 634746 666145 796054 887689 553473 544180 702286 874123 724908 669574 588577 775246 947284 613686 514118 652635 920834 886638 624089
 579766 676511 725062 731630 540439 355187 385456 592536 827671 613558 356045 273318 285783 402832 586435 769821 756250 709823 596748 615222
 730520 969292 1.05938e+06 1.25759e+06 1.35807e+06 1.39867e+06 1.64786e+06 1.76174e+06 1.31763e+06 917514 689166 556000 548720 609713 700998 1.19655e+06 1.36291e+06 1.03664e+06 836164 662440
 592403 1.03754e+06 1.41209e+06 1.42577e+06 1.40447e+06 1.43571e+06 1.14777e+06 899093 737235 692389 654051 607540 598523 386204 367179 312844 279830 382021 450622 375026
 576054 591258 767692 1.06002e+06 1.02785e+06 826588 758878 739278 709512 614762 462257 486565 665631 976633 1.11087e+06 1.00949e+06 1.22857e+06 1.13108e+06 747120 716478
 528227 590193 608517 569087 575033 660400 761649 889644 1.28619e+06 1.61053e+06 1.26026e+06 1.19661e+06 1.05104e+06 832794 1.23295e+06 1.18781e+06 869119 713443 512191 406788
 626572 653022 680279 966250 910628 734993 631185 539548 610288 615602 535839 366118 272525 276920 314259 373142 375224 341841 342539 302887
 644477 630348 665700 576213 540266 680563 862011 807224 842412 747250 774142 1.14024e+06 1.18696e+06 993775 604308 467460 416758 392189 362297 225009
 652134 905876 1.01202e+06 781631 872724 1.00214e+06 1.35369e+06 1.51422e+06 1.25432e+06 1.10941e+06 1.15515e+06 957650 705100 740411 798361 702342 646530 600930 464588 356421
 519197 622060 809700 883213 791993 613338 385662 256045 255716 237499 160788 127377 138807 180105 226043 241979 248225 287261 376335 383085
 586815 668251 759103 1.00308e+06 1.1459e+06 1.48817e+06 1.32231e+06 1.14145e+06 1.00718e+06 706813 463910 391209 563030 528417 437380 453651 512690 562998 690455 690940
 636569 894041 927904 754240 765775 685714 631834 580539 449027 408262 318591 282808 221660 167222 183468 161704 197643 295194 467117 689436
 557586 685263 787104 767733 779581 640959 461050 378484 401185 499101 673682 838862 1.21154e+06 1.439e+06 989243 719918 909992 1.21193e+06 1.12501e+06 758242
 660577 706887 729055 814492 770940 731936 723786 1.0171e+06 1.03641e+06 1.17439e+06 1.37028e+06 1.5466e+06 1.23984e+06 1.3221e+06 1.22015e+06 1.17721e+06 1.06404e+06 949059 978762 911461
 621806 717394 753173 760470 671583 685450 753107 872108 857746 808445 841624 1.13635e+06 933680 963507 744485 543764 479043 404659 412559 467882
 571197 713124 1.15056e+06 1.3487e+06 1.12564e+06 1.0761e+06 993758 923705 714841 716427 527439 407184 297057 148635 126021 126735 159068 157150 213981 257249
 608722 708368 694104 676856 547027 489862 496093 414672 381315 402246 383940 432602 518361 566237 823347 949984 819571 985466 935074 868114
 628953 839525 832439 949541 948705 779262 421791 248072 195080 154948 136597 125419 164705 231604 311395 340521 273547 231405 219647 224817
 641698 777241 906666 1.15113e+06 1.30096e+06 1.26254e+06 1.36217e+06 840400 811709 795989 857819 815636 547215 424692 480906 532094 563800 439972 394368 321027
 567518 816535 1.03035e+06 892689 837435 872234 934262 1.11605e+06 970074 872179 650494 577963 513449 528628 621491 459172 415079 536213 534406 468350
 530912 613797 905502 1.11604e+06 1.20519e+06 981282 936856 787363 935069 1.04246e+06 846348 782708 781281 747451 771311 757955 577554 380214 300036 237358
 639412 749010 711475 547354 523174 633553 531634 581585 987888 1.17398e+06 1.18471e+06 1.40733e+06 1.36706e+06 979921 510216 623168 671302 466984 350882 361753
 580486 752624 966276 899565 621894 577822 545052 407112 288193 244767 306927 308976 277754 332630 286391 271873 376018 418552 558280 663161
