 70893.2 55674.9 64694.2 51364.9 39302 38742.3 60490.3 69918.4 41810.4 49511.4 41178.4 41322.3 47948.2 78942.2 71272.4 70166.1 74662.2 79212.9 97900.6 90021.1
 56269.7 69876.7 55521.7 38227.9 36844.4 34213.9 35586.2 35366.4 58867.3 37569.3 35031.7 42360.8 33923.9 31677 35435.1 35564.9 34154 65626.6 61394.4 63841.5
 45443.9 37521.7 71795.2 96370.7 101499 114147 78328.7 73221.8 84001.8 54114.7 75225.7 70150.5 115406 109238 73603.6 69232.9 68150.9 72319.2 62682.4 62521.3
 86388.7 62756.6 83471.7 49962.2 50745.1 41967.4 39117.4 59328.2 25706.1 28870.7 42214.6 37614.2 50063.1 47127.1 79971.2 65091.6 55704.1 82355 77292.8 63557.1
 113596 78604.9 60982.9 69875 45404.9 40183.9 40174.9 44886.4 39503.4 31480.8 43076.6 56216.2 39353.2 46596.8 56001.9 59983.6 53772.9 22419.5 31802.1 31166.6
 101104 76358.9 114466 106145 51408.1 50872.2 67105.3 46176.5 45013 51055.9 46690.1 49378.3 51468.2 55284.8 49050.6 45108.8 80645.4 75459 72343 83085.6
 50845 62251.9 46935 58865.4 44177.6 24510.5 45946.2 62415.3 23613.8 40203.8 21385.5 32116.4 22140.7 20864.2 26052.9 16194.5 18294.9 19801.6 25759.8 21935.1
 70286.5 76338.2 127850 64072.8 71973.6 59517.6 96632.3 86250.9 103197 129481 177448 161474 90766.1 122609 102214 66886.1 78707.4 56711.3 166352 87630
 121785 150611 85521.2 67046.5 63059.5 55138 43207.3 67075.5 84805.2 46343.7 33874.8 27488.6 60188.3 55158.8 52889.1 41066.7 48428 41331.9 50282.9 41597.4
 90522.6 107616 122509 68457.5 88857.7 69927.7 78787.5 87009.5 56074.7 43074.1 38509.6 39020.2 30430.7 24538.2 21618.2 14424.5 13326.5 17560.8 21580.7 36312.2
 57007.7 36728.5 47604.7 38279.1 46826.9 49726.8 37816.3 44041.5 48881.2 38954.2 38025.4 36288.9 43398.8 69471.5 44502.1 88375.4 63395.3 54559.2 37678.4 30921
 49495.2 42142 69551.9 48144.4 55750.6 48270.8 51280.4 49653.3 50080.7 48759.4 28110.2 18148.8 18682.3 9764.47 6419.19 5849 5191.46 4703.77 3523.98 2980.38
 56518.8 43318.3 36241.6 47569.8 33872.7 30561 42376.5 56244.6 80178.2 58094.9 60554.9 62050.2 39761.3 78404.6 64398.3 28023.1 49598.7 37716.2 34627.9 43282.6
 53387.3 57019.6 62796.7 57106.7 42178.4 47527.5 45300.8 35834.8 39212.4 47481.6 84525.2 57499.1 74751.8 71006.1 70127.5 53994.2 56868.4 39610.6 26514.1 26182.5
 69727.6 63831.3 93534.1 76263.9 102946 86979.2 62452.2 81978.2 67158.3 73159.8 57347.1 70732.1 56375.4 62646.5 53949.6 66211.7 60419.5 58816.4 45994.5 76581
 101629 157965 105722 83097 48258.9 30953.1 44829 66393.8 44326.1 78847.7 78688.8 72774.1 107770 71583.4 62787.2 59165.6 61155.8 69868.5 52100.2 44356.9
 65365.8 97281.8 79061.3 63081 128414 105732 101732 117155 83119.7 55145 78828.9 90020.2 52059.4 64528.5 53177.9 53629.5 46954.1 54179.4 60631.3 59253.8
 89065.3 72557.8 35000.6 37670.7 38334 49025.3 51366.9 57624.1 33557.1 39553.2 29938.3 42562.9 74119 60697.7 56601.2 54131.6 37603.3 45146.4 32637.7 29733.4
 95471.3 52665.5 59405.3 47805.2 67198.2 62165.1 60721.3 48100 54004 63403.3 42133.9 51945.4 125576 70191.6 45384 35561 53275.1 54716.7 49978.2 68959.8
 66403.4 50007.1 36224.9 33096.8 53952.9 72380 47382.4 36438.3 48712.4 62263.3 97615.5 82652.9 76759.5 80828.3 72752.4 60930.9 67420.8 65394.9 67995.4 35092.9
 37336.9 37244 51258.1 58558.8 84916.4 55675.3 63751.7 44796.7 51821 39744.9 39871.2 30588.6 27960 17826.2 20953.3 39272.2 55735.5 65568.9 94829.7 76058.1
 89167.2 105318 149595 97192 56565.1 74175.8 87417.1 77179.1 41339.5 61586.1 49439.5 80110.4 105418 90017.7 85032.4 79049.6 63508.7 41409.1 46990.1 47389.7
 75664.7 109092 71457.8 89341.9 83181 57908.8 78823.9 58833.5 54878 41186.6 31529.8 28977.7 33527.7 28361.4 35186.5 28660 28545.8 40936 49449.7 41134.9
 93562.8 64146.2 74699.3 68789.4 57971.5 46824.8 48686.4 49459.7 30663.5 47184.6 29519.4 44058.5 35069.3 41856.9 37596.1 47778.3 42087 61382.6 63497.1 73223.7
 77627 65571.6 104347 74947.3 59914.1 89367.5 89202.9 82126.2 68329.8 68027.8 76964 40754.2 53875.2 76530.9 78350.5 96851.3 76080.2 54500.1 81193.3 81496.4
 59716.9 38696.2 35592.4 46676.6 37100.2 26980.6 38466.1 41835.8 32706.9 23043 32621.1 38839.5 45945 56266.2 56148.2 49519.2 42333.2 36981.8 32245.1 32534.8
 77399 91318.2 42014.4 70926.5 41675.2 57205.6 62145.3 39800.5 34916.4 45397.9 41006.6 30890.2 52047 41622.8 39978.3 28898.3 36398.5 34456.9 27396 37156
 67636.1 40768.8 49255.6 64436.1 51079.4 35266.2 47500.6 69539.7 45530 73949.5 53428.2 53659.8 50799.4 51377.8 45537.7 33785.2 47934.6 65553.6 70415.2 80100.2
 48343.1 77486.1 66393 77082.3 55571.2 52882.1 85998.4 55082.9 47951.2 44778.9 51267.3 45182.4 50684.6 35346.3 48803.9 39592.6 57509 59551 45273.5 37874.1
 116543 99907.4 81582.8 60938.4 50034.5 57746.5 32732.6 32705.1 39143 25777.1 38962.6 22796.5 39518.8 53382.5 32857.3 49532.4 50368.9 18666.1 36423.5 52781.8
 95427.3 115089 88859.8 69359 69816.8 112482 46475.6 60518.7 100485 66385.6 64266.3 69580.6 86396.5 50518.5 78024.9 86904.6 78110.5 94206.5 65398.4 58601.1
 56103.4 41407.7 41308.3 31437.9 21337.6 33380 28773.7 22770.3 25343 20213.2 22218.3 27938.4 26017.5 32766.5 30656.8 23372.7 21912.4 31996.8 27327.3 31338.4
 62505.2 62980.4 60684.8 28158.1 42949.6 40633.1 30775.8 28912.6 23973.1 31472.1 27907.8 42132.1 47611.6 77813.5 56468.1 71801.8 72636 58120.4 41288.2 47363.2
 79448 66652.6 50492.2 38648.5 39474.8 29111.4 20551.8 27789.4 21666.1 22388.9 29204.6 31502.3 63410.6 56168.5 42108.9 57548.5 41131.5 61145.8 52156.1 39522
 44547 59649.9 48808.6 51983.2 54262.2 44146.4 40642 45099.6 33942.2 27690.9 30483.6 24237.9 31021.8 42236.9 36742 35990.1 33034.7 26914.9 15597.1 32155.9
 61984.2 74751.7 74633 81534 77498 73563.7 86095 102384 67650.4 65274.8 88541.8 89871 91631.2 63361.5 63186.4 69020 45495.3 31996.7 48478.4 28364.4
 64057.6 114046 89568.3 96664.6 93513.4 124026 126686 101434 79183 84771.3 84725.9 117407 95816.1 79024.8 65144.7 61324.4 37579.4 53383.6 41084.9 63396
 117948 59026.9 48801.2 58029.4 57871.8 85450 128752 133976 81384.1 92470.8 58385.5 41526 41624.8 45726 55825.1 32436.2 56305.3 33848.7 53093.5 49277.6
 59107.7 66454.5 53546.6 50089.4 31826.3 31808.6 18824.9 33408.4 17484.8 34546.4 21113.2 21204.7 40028.3 36231.6 32111 34847.3 30162.4 26028.5 29207 35905.5
 78916.6 102180 72792.1 61089.6 54175.1 49613.2 46379.5 46531.8 32510.9 47166.9 35005.5 37547.1 49288.2 47806.2 60537.7 41572.4 50116.9 71337.4 150274 144060
 45966.8 72482.3 48004.5 45690.4 71655.6 50625.5 39767 43574.2 42176.3 34468.9 35023.3 48096.7 27574.9 26406.3 19375.9 14753.9 8931.94 11375.1 18480.1 53775.3
 88351.5 72885.9 92259.4 49944.6 55664.8 58423.6 49063.4 42221.7 65672 52570.6 60138.4 54293.6 38790.8 76297.1 47847.7 47830.2 81987.3 61413.8 53765.5 48136.7
 92231.2 37810.3 53930.3 45024.7 43743.1 51004.8 38508.1 50562.7 38477.9 100603 72437.1 91496.5 63245.3 51027.9 43792.2 31212.1 34807.9 27819.2 26922.8 23113.8
 60693.4 54321.1 64573.3 61199.9 65882.1 30511.1 43530 36986.4 60533.4 48922.4 60333.1 51646.3 67539.4 84313.3 71249.4 62596.2 64904.1 62723.9 63079.4 55096.2
 72003.6 88376.6 70316.8 73974.8 63153.6 47400.5 37475.5 28189.9 41695.8 43103.7 55587.7 57914.2 64763.8 87136.4 53361.2 62520.2 49781.9 71175.1 45435.5 49566.6
 85946.5 72471.2 82712.2 77596 57564.3 57769.9 37448.7 40691.3 23915.3 45088.8 47900.4 41064.9 51738.7 38803.9 65877.3 35163.6 54829.1 55377.9 34472.5 38590.2
 79566.9 52915.6 75187.3 70134.2 66779.1 62752.5 39218.6 67690.7 55207.9 47366.3 85705.8 100083 91702.8 62977.2 59543.1 79682.4 79832.4 42128.8 46734.5 49389.9
 67825.2 48768.4 86256.1 76138 94505.2 77590 51756.2 53820.5 61108.7 43448.1 42557.8 51839.3 43169.6 44118.2 42284.5 30587 36654 26404.7 37763.4 52239.5
 56276.1 79725.1 95831.5 78675.7 69348.5 62463.7 55128 100753 79309.7 73064 46323.2 42586.8 35909.2 23184.6 37118.6 39489.7 60366.3 47406.9 54157.6 41888.4
 68628.5 76489.1 62719 87419.4 85688.6 78811.6 54446.1 86548.5 62081.4 44631.1 45061.7 29797.9 27388.5 33305.1 27327.6 36452.6 31729.8 46825.5 46430.8 46313.7
 51460.5 45292.7 36918.8 40633.4 37741.9 63272.9 38306.9 41078.4 49328.9 50748.3 43004 59718.3 75399.4 74604.4 55466.7 54684.6 81246.3 96324.1 80601.8 44067
 60017.6 49017.7 38470.6 55647.4 72922.7 40942.6 80409.6 52689.8 49576.1 54752.9 46408.4 62452.4 54119.6 40432.7 31637.2 39004.2 22997.1 19907.1 19394.9 21808.4
 52372.2 53313.3 44675.2 38668.9 55949.8 52705.5 36904.5 44348.4 43707.9 48598.2 62061 44939.7 38009.2 35104.1 33065.4 41728.3 34036.4 37129.2 37613.2 41133.6
 54232 34062.9 37390.4 52400.5 56119 55089.2 43985.8 73567.7 51361.3 50284.6 45453 41655.2 49486.9 45872.5 46595.1 49739.3 44748.2 45288.5 44499.3 35987.1
 92169.4 36528.2 42210.7 41106 38941.4 45478.3 45448.9 42396.2 56011.7 64440.7 37468.3 50432.1 44420.3 56474.9 60645.8 32900.2 41012.9 35997.2 33497.6 38640.2
 94857.9 69258.1 91759 103610 65191.5 66061.8 58481.8 78751.1 87212 111118 79749.3 67085.4 75948.2 44628.9 49073.9 77298.3 48025.4 69641.8 86806.5 87400.5
 80463.7 50639.7 51586.6 37820.4 28701 22621.7 20859.7 26753.6 24167.8 37633.4 38172.3 27837.2 37237 60820.9 52306.3 35762.2 34711.3 31472.6 34870.7 23804.6
 52214.5 45423.7 37231.1 42379.8 63418 88196.6 59111.9 55201.1 44905.6 46939.9 40921.1 65959.9 31688.2 28829.8 33120.8 56925 30113.8 50612.7 28139 42320.8
 77334.3 68026.1 60691.4 83640.5 48995.2 49264.3 58787.5 77616.9 71089.6 110836 76371.5 69911.2 73043.9 86973.9 52531.2 64956.4 57775 45362.5 84904.1 59664.1
 58581.4 67750.8 55894.6 45847.1 58631.5 34947.4 38748.4 29086.7 36170.3 36386 30787 27475.1 19159.8 18212.3 18353.3 20352.9 20429.4 35071.6 32604.2 56708.4
 160091 62386.1 53057.9 70539.8 58866.3 51592.8 52856.7 63613.7 70440.4 51293.3 67157.2 80117.8 60161.7 60796.1 47010.6 59685 45633.1 34344.1 28026.3 28350.5
 121295 59708.4 49331 68579.7 59364.3 47628.5 52638.8 51582.7 45487.2 51498.7 46501.3 59549.7 62517.9 41937.3 37451 32264.2 36620.9 45137 38180.3 47631.4
 58785 54553.1 56216.1 51566.3 66140.8 70269.7 59370.8 59654.4 67073.4 61667.6 38331 40886.5 50251.2 39400.8 32334.7 42214.2 35893.2 22149 41033.2 40421.5
 44084.6 50158.8 44710.4 51425.1 59534.1 58135.4 53421.1 61629.2 36313.3 41001.6 47186.5 39398.4 34417.2 31754.3 22747.8 19669.1 20486.8 20302.5 18053.1 18380.3
 53215.5 73445.7 58241 45517.8 52997.1 83344.7 57845.7 52906.6 69010 74293.4 61522.2 56017.2 57449.6 52255.4 58757.3 51837.7 47588 44769.8 55011.3 68739.7
 42952.4 41201.6 78155.3 40395.3 36192.1 29858.2 40202.1 34817.3 61888 72473.1 56806.7 64374 49268.5 35907.9 33185.4 21722.7 38220.4 34894.9 33865.5 50049.4
 68748.8 76543.1 66466.8 68554 84692.6 50746 54250 76262.9 52410.3 46861.6 39188.1 38013.2 36346.6 42546.2 38559.3 30809.9 39714.8 39157.7 35275.4 30261.8
 94487.9 61254.3 51656.5 47167.7 84917.1 65088.6 56076.9 48353.1 43017.6 43576.1 27756.7 35014.1 54330.4 38089.1 40294.6 27224.5 33410 38259.3 30171.6 28317
 82560.2 42452.7 49254.2 36568.1 32803 52261.7 35965.8 57883.8 59556.8 43263.5 71497.3 32932.1 53350.6 63472.5 52225.4 66384.7 92253.4 57953.8 92414.6 44888.4
 102311 73412.3 81697 84778 73529.4 104369 108759 56345.4 65982.1 40130.6 27074 32186.6 23341.5 21631.3 20472.6 28958.7 38052.9 34765.4 36311.4 31255.1
 63117.4 52818.4 60820.9 51027.7 61944.6 37394.3 49607.2 50420.5 46510.7 54984.2 56929.5 53536.6 64944.9 90415 65819 82352 84659.7 77478.9 91914.1 88674.7
 43737.2 42217.8 53738.2 56118.9 45021.2 34049.9 38988.3 46613.8 33147.6 60256.7 62954 51130.3 64633.2 91400.9 108015 85808.5 69227.6 67391 77034.7 73293
 79848.6 58484.9 45780.6 39513.3 43436.1 71982.4 60750 39362.4 42817.6 43826.2 35647.2 31691.5 34881.7 33265.5 42698.9 36011.6 23770.6 30204.2 36920.6 37600.9
 43690.6 57543.8 49011.4 54585.1 40367.3 35516.3 37697.2 34604.9 32893.1 23875.5 17153 25366.1 43052.5 33765.6 36957.1 32682.6 42332.8 44123.6 57852.3 45066.5
 49396 55115 100682 70773 66547.4 57476.8 53146.7 42641.2 29360.6 32537.2 21745.3 30298.1 30788.1 45468.4 52191.1 40796.6 41666.3 39816.5 28569.5 38144.4
 42947.6 44149 38058.5 36906.3 45467.2 43280.2 51729.6 58502.8 83304.2 47847.1 91358.3 57836.6 79819.5 53780.3 57604.1 63355.6 54535 73074.3 66076.4 69803.3
 105585 118268 67411 69103.2 69548.3 74554.5 69988.6 54709.9 38129.6 46445.4 43197 98892.9 100118 56697.6 50770.6 49979.7 66292.7 44494.3 61049.2 55506
 61540.9 84099.9 39412 44025.5 45193.4 38386.5 58406.1 46460.6 52304.6 57297.1 69081 42780.4 46665.5 30267.8 29819.9 26523.6 34968.9 43054.7 25042.3 25093.8
 36574 49653.2 69476.8 58171.4 39471.9 35887 36067.4 39032.7 35971.2 34909 36216 38953.5 36346.9 15246.1 15486.7 23958.6 23904.9 17642.4 16993 26986.3
 76735.7 106092 78837.3 73587.7 67511.2 43251.1 50269.7 54248.6 50346.4 40978.8 42306.2 35436.4 29590.3 33031.5 51018.2 43817 26266.4 22178.1 28074.9 30267.1
 48486.8 45183 49501.6 45892.9 32252.2 31710.9 37922.1 30860.4 42445.8 36990.3 29100.1 33769 22691.8 33972.1 28487.4 45395.7 40165.7 68967.6 69774.9 81640.9
 83748 56213.3 47088.2 49336.1 48325.9 32687.7 43670.1 62073.8 46522.3 48139.3 63765.2 62796.2 98228 46498.4 42372 47685.1 45406.9 85183.1 54451.5 49711.4
 54351.9 68490.5 42137 50106.7 56630.7 52159.1 36005 33227.8 27478.4 43963.7 40747.3 32538.7 33421.6 34291.3 37993.1 26108.1 29607.4 31791.6 23735 21214.2
 96479.6 41236.8 32506.3 31320.3 36911.1 50857.6 64787.1 56733.9 64202.6 83538.5 72780 72123.5 95925.6 70694.1 103231 95949 78788.9 75320.1 52584.3 46170.6
 72720 48241.1 73066.7 76491.2 104451 145066 99200 99476 71315.8 74081 83903.9 75017 90668.6 65720.9 47788.7 67779 94234.2 76729 94617.4 111140
 72372.9 63543.6 56430.2 44450.4 42684.2 43321.2 22033.8 37052.4 36026.1 24921.5 19450 18675.4 15614.2 22193.7 21224.2 20483.1 28499.6 26690.8 16518 28543.5
 58776.1 61213.6 60282.6 59482.7 68548.4 94593.8 60489.1 90719.9 65519.7 79330 71155.4 83579.4 50554.9 80754.6 79959.6 91233.1 85727.8 85035.6 78062.7 71635.3
 58508.9 42645.5 46281.2 39777.2 32066.7 26171.3 27340 29135.8 30344.7 31572.3 25234.3 19636.1 23715 34719.5 38815.5 35264.8 32250.7 29053.2 17397.6 23082.7
 71574.2 51878.4 68796.4 116849 79844.6 44191.2 39997.1 53885.4 39210.6 43062.4 43455.2 42841.7 33868.7 45602.5 41137.7 29840.5 74953.9 52465.6 54548.7 77301
 44686.7 41398.1 52673.1 43535.9 36813 47424.1 37169.2 31544.9 34889.9 23583.8 39353 33251.5 39173.3 35275.5 42872.2 32745.5 34668.7 36250.6 34624.9 60337
 69320.5 71439.2 82990.2 128570 88473.4 69631.3 69840 40666.6 41739.4 26813.1 25213.6 22417.2 28816.9 22314.2 23591.5 30798.3 29934.4 32312.9 42123.2 34381
 53604.3 39858 36059.2 26859.5 49159.4 53937.5 42898.8 39630.7 55080.5 60758 50064 41430.4 48931.1 43552.9 42184.6 65398.5 45056.1 68256.4 47557.4 63412.1
 62916.2 84660.5 64539.3 71627.5 65208 94239.9 127472 53148.7 116688 72198.1 78611.4 76430.6 61416.5 70452.5 75641.8 63757.2 93524 69051.7 50691.8 49240
 80180.5 48377.1 48516.5 42559.8 67139.2 44780.2 37239.2 31942.5 37223.9 42496.3 47662.3 32912 41008.3 54474.8 38662.5 45120.6 54645.4 57353.5 39893.1 38263.2
 63128.3 74231.8 84645.3 72152 67964.3 58155.6 94677.4 80918.8 115495 65167.9 83902.8 50427.6 48054 49592.3 84700.5 45946.4 81183.2 55292.2 65651.9 59568
 54124 63726.7 98990.6 72508 56329.4 35431 76416.1 123361 79526.3 85074 57304.3 75553.4 55192.9 49428.8 34825.7 50952.2 28007.3 32744.8 32954 49361.8
 51569.4 41202.6 67792.2 56780 52704.6 40629.3 38714.7 43023.2 44908.2 36366.6 48862.2 32425.5 44978.8 38400.6 59310.4 43270.9 73210.1 48542.6 65833.1 65703.6
 42166.4 58155.3 53861 46964.1 47237.9 41659.5 49798 51570.3 48831.2 52532.3 62600.2 58652.1 78214.5 59963.3 80422.4 82927.5 54186.9 58030.4 51349.5 47040.8
 106265 99805 74388 70524.1 41958.5 32909.1 38977.1 25499.1 28612.5 23990.4 22232.1 24695.9 30862.6 22465.9 16415.5 23692.1 24370.7 33190.9 31793.5 25170.6
 44274.7 52415.8 67728.8 43371.2 40531.6 69616 51840.1 46707.1 64717 83984 62506.3 59392.7 64468.2 96853.5 151736 65767.5 55596.7 57401.3 53970.6 51236.7
 58934.8 71373.8 71882.7 82369.7 42717.3 33421.3 58213.1 48210.5 49828.1 79895.5 49135.8 59957.5 44366.5 39653 23566 32222.6 29721.7 25302.6 21323.7 21492.7
 95968.7 94888.6 87196.5 79419.1 44679.6 45724 52761 42514 38159.7 37057.4 25325.9 31024.5 33802.9 28111.9 39850.3 49063 48838.2 33633.2 40415.4 32337.7
 39210 33189.9 40813 30031.6 49304.1 33551.6 27125.3 39287.9 25663.1 29421.4 22560.4 17872.4 21775.5 13909.2 11060 22810.6 17309 14756.1 21882.3 19781.4
 45685.7 37605 24372.9 31779.4 25464.6 26963.4 44443.6 41320.8 73170 64732.2 79398.7 57621.2 54969.9 51713.2 61619.9 64242.9 44050.7 54396.9 41240.8 47405.2
 53255.7 50300.9 53272.8 56581 58201.8 39447.1 40515 53233.4 62143.8 41167.4 44378.5 57120.2 65420.3 65675.7 84640.1 61649.8 71772.8 41823.3 32791.2 26548.6
 103496 44811.2 74147.1 39218.9 36839 23735.7 25055.7 22337 18234.6 16504.2 17156.3 18229.1 10359.6 19464.6 18222.9 24603.2 17371.7 27184.5 29715.2 41752.8
 57828.1 38522.6 39560.4 36365.5 26456.8 39774 38619.7 41759.4 31154.2 37544.2 28925.7 28948.1 21533.4 34405.3 29696.4 51492.9 69906.5 61256.4 61659.5 61531.1
 63676.4 52804.8 38960.6 37644 46197.2 36649.2 33825 33290.2 30622.5 25756.7 58591.5 27722.2 28692.9 23800.6 29013.3 31378 31530.7 51348.2 37447.1 43504.4
 84757.9 74093.6 56581.9 62198 62098.1 51181.9 46889.2 39942.3 60918.6 38101 44913.9 46337.1 34571.1 47709.9 35698.7 46846.1 49215.6 47717.8 41386.8 41857.5
 81345.8 65874.8 54227.4 67473.6 60595 78739.3 81864.7 95706.1 63299.4 64131.1 74341.2 82112.3 74190.3 97118.4 71785.3 71744.6 102669 96631.4 59400.7 59843.6
 71401.2 61789.3 63777.2 89855.3 100039 47296.2 49626.8 67340.7 70356.3 42195.2 43968.7 89723.6 48562.3 46944.8 39189.4 45594.8 43082.5 45317 29773.9 23761.7
 83332.4 70043 50631.5 61724.6 71951.3 72875.5 79774.5 66169.4 45998.3 46599.6 43246 68004 55006 34661.1 52161 43899.5 41852.8 49341.8 32987.6 75548
 57397 49086.4 49201.3 37761.7 69748.8 58022.7 38549.2 38900.5 29942.1 27842.8 35066.9 41326.8 49710.9 42618.5 41574 61844.3 86552 90014.2 79406.3 56183.4
 60697.6 58079.7 42501.1 53746.9 31510.6 47658.9 57288.5 68965.2 47260.5 47213.6 58157.8 42528.4 57656.3 35330.1 28152.1 42462 63670.2 60057.4 38291.8 49153.2
 58213.3 58623 50562.9 51005.4 36926.4 31056.7 38443 31873.9 29797 19787.3 14358 11483.4 17972.4 19469 19552.8 15034.6 24754.1 22632.1 34273.9 37871.7
 73774.6 43922.2 39210.3 43192.2 54371.8 40312.2 44680.4 62443.9 28157.4 44507.9 69224.1 57508.2 36615.8 37546 27096.5 40691.3 43264.1 88948.2 41181.5 60026
 62817.6 78219.6 92207.8 50687.3 53205.9 50426.7 72677.8 89463.9 73022 88021.1 92083.3 66408.9 54091.1 58695.5 81264.9 77178.3 80496.8 83028.4 59265.1 63148.6
 48696.5 56136.4 41946.6 47310.7 35265.1 34267.7 48654.6 62660.7 42590 43037.7 21175.3 21693.1 27170 30534.8 19147.7 18387 16431.2 21102.6 29975.2 24501.8
 77768.8 50902.8 43918.2 39296.6 43057.7 38220.7 31010.5 27917.5 45823.3 29644.7 36569.5 30365.8 22576 14828 32897.4 35325.6 56588.2 47279.3 45247.7 39897.7
 60560.6 55302.8 47418.7 50067.5 42246.8 45169.9 55136.3 58887 48733.5 35582.9 22275 22810.4 27859.5 19472.2 31743.1 15367.1 38001.7 27661.3 31496.3 25543.4
 65952.1 57570 44375.8 34661.5 34944.1 23152.7 16166.6 23261.8 21821.9 20555.2 23621.4 23667.1 38701.9 33418.3 67244 60411.6 43806.3 54593.5 60754.4 64071.3
 56454.5 39635.3 31715.8 42070 44105.5 51840.5 86964.8 59377.9 50364.7 38275.4 44076.5 48907.8 43621.4 70529.1 47842.4 78382.6 66564.5 75080.4 80117.6 116899
 44282.3 46165.6 60380.8 67364.4 71705.8 86196 69159.8 44256 68546.2 45666.6 34095.8 43981 21307.4 21121.9 26682.1 22380.5 24305.5 31627.1 26025.4 39244.4
 59888.4 74431.3 137706 65800.7 63348.8 42076.3 49359.8 40919.4 61853.8 54709.4 70562.3 57894.4 44640.8 49366.7 45760.5 53358 65152.1 65107.4 60186.2 77598.5
 95954.4 75063.5 50657.2 50157.9 69408.9 67699.4 52519.7 80082.3 59958.4 47650 38359.1 37249.6 30673.4 13819.3 37684.5 35807.7 32501.6 44823.5 68401.9 80175.6
 84962.7 70815.8 97331.4 41613.3 90956.4 65834.7 39123.8 59554.5 46074.4 41223.6 35104.4 50617.3 56121.2 60269.3 49476.6 40135.1 41337.9 41370.1 41186.2 37345.1
 66104.4 57538.7 56145.5 62927.9 82150.3 61556.1 78872.1 60604.7 42509.4 28584.5 36956.5 29496.2 39537.7 56287.5 54738.6 41376.4 54649.1 66299.9 80270 42497
 54289.9 66048.4 100186 64954.9 45407 36772 49103.4 53784.2 47063.6 38601.9 46589.3 37523.6 57335.2 57253.5 36449 36910.5 34571.4 32773.8 36396 29490.3
 91576.3 64197.6 59566.1 72832.7 62842.3 100953 49176.5 59974.2 50102 47498.3 72872 59279.4 68603.8 38876.3 55895.3 71170.6 59673.2 43699.6 42330 40434.1
 89655.9 60375.3 60136.4 56058 44133 65902.2 49727.3 46697.9 56446.7 47222.8 59989.2 46102.1 35749.6 45156.9 37670 34087 57059.1 47484.8 43387.4 49295.4
 63072.4 37044.9 67283.9 41541.1 48321.6 32173.8 32092.4 37282.1 40865 40378.3 36321.5 33604.8 34899.9 45249.8 28855.5 38865.8 41326.4 52228.3 39906.2 31491.9
 79731.6 45661.4 71079.7 73228.2 50976.2 63073.2 75113.6 72164.6 61768.1 62415.4 77154.4 64282.5 138518 116202 77527.8 69780.4 54858.6 110929 75454.6 52625.2
 81062.3 55733.9 56382.9 40929.7 60015.4 59733.2 40411 39961.8 43995.1 40880.2 42657.7 56922.3 37966.6 35795 44928.8 41937.2 48173 58301.4 42608.1 50525.7
 74022.1 58546.5 56782.1 67517.6 75624.4 84471.9 72018.1 92031.1 65301.5 68186.6 59722.5 60743.6 33664.1 30531.1 29200.8 37131.8 50771 37517.8 24261.6 37223.7
 50160.2 43690.2 62699.3 87775.3 47846.9 93505.4 60829.8 62193.9 60009 66117.6 55549.3 51175.7 50788.5 71944 51113.9 57264.3 35553.5 42740.8 41611.5 71603
 63831.1 37266.2 51610.4 46010.3 57015.1 41952.7 24063.4 24692.6 18844.9 12300.1 16845.5 22816.1 13035.8 33417.2 20276.2 17930.6 15612.9 15381.2 17163.5 34109.4
 80638.8 64286.8 53330.9 55369.1 53479.8 69995.8 48824.6 45684.6 55854.6 55658 45288.6 35459.6 53288.9 72856.4 72463.7 60935 47222.1 29660.7 38602.6 28563
 54999 25956.8 31328.9 25058.2 26043.4 45766.5 29496.9 36567.3 54898.7 52707.5 51960.7 29407.2 32974.4 28559.4 32259.3 25324.8 29083.4 29331.4 24618.9 34862.1
 49187.5 50987.4 84650.1 51962.4 60388.7 84496.1 82386.2 51705.2 47169.4 51037.9 31689.1 26079.7 24139.4 44062.1 34816.2 28301.8 41174.3 72562.6 57298.5 41831.3
 94359.2 74791.9 71429.6 61957 48090 54042.9 58670.3 33714.3 39243.7 35635.4 52000.4 64589.7 49305 40194.6 27043.1 36053.2 35666.1 50780.6 52181.3 59750.3
 60046.6 100336 84336.7 53997.8 89075.2 59428.5 64622.6 55915.9 70099.5 52131.8 54942.1 41086.1 66239.1 32562.9 31802.2 42549.5 44920.4 47459 44998.1 40682.4
 65458.6 42030.9 46899.5 48943.5 29202.6 42949.5 38691 23837 17948.6 25171.7 49571.5 50434.1 63791.1 41101.4 62109.2 52375.2 51192.4 71534.8 90789.7 90102.6
 77714.3 61973.9 113118 71525.8 66861.9 97724.3 58351.9 69883.7 77378.9 75869.5 77544.6 130248 82778.5 86945.3 60586.4 104192 111987 68398.3 57082.4 70067
 65178.8 118035 95480.2 110946 83961.7 72029.7 57709.3 45645.1 49446.4 42826.7 47706.6 30320.5 34336 19517.6 23425.1 21486.9 18950.5 20668.3 35619.9 52988.4
 97843.8 46720 41551.5 44144.1 39281 54797.6 64453 39640.4 34473.8 24050.7 25091 29378.7 40203.7 43839.8 57225.5 43871.1 98570.4 68044.7 59145.7 73053.8
 136278 101181 74021.9 41921 37212.4 31809.4 43368.8 48766.8 41040.6 54245.2 50780.9 60682.6 60819 77330.9 47717 58169.4 38069.9 43369.3 45078.7 28127.1
 50084.5 71701.7 62522.6 30658.1 40155.6 39959.3 51007.6 79731.2 60405.8 54321.2 43245.3 33200 39037.8 33683 19434.4 17992 12905.9 8013.69 7443.14 2544.55
 68847.9 48193.8 55882.4 46912.2 53412.8 40150.4 37495.6 49718.1 61516.9 49627.8 50792.9 63001.9 53937.7 61738.7 52444.9 51572.2 46992.5 37472.6 50160.6 58392.3
 117625 56630.8 45766 37907 43807 24452.5 30599.1 20362.6 25924.5 65830.3 64099 52841.9 51303.3 41484.6 34417.8 35996.6 24440.8 46996.3 43743.3 84589.8
 58616.7 94071.4 67715.2 54435.1 47846.6 38652.5 43736.8 48032.7 47671.3 29488.9 28639.2 42097.9 46567.9 60460.2 39189.4 40922.6 24401.8 31505.8 37433 35336.3
 77298.7 53509.3 55086.6 55390.7 57041.9 46806.2 56896.5 35995.7 52975.4 41844.7 48959.6 51562.1 55230.6 93677.2 76780.5 74185.8 82710.5 51605.4 45851.2 46038.9
 61661.5 52140.1 58413.5 90195.2 76181.3 52363.2 64735 62712.4 51531.7 48175 61932.7 51274.6 63382.7 49006.3 52986.9 39807.8 58416.7 44355.5 59876.7 31996.4
 40090.4 40292.8 72446.9 55754.1 38572.7 39165.3 27657.9 31309.3 53231.8 42496.2 42797 33339.9 41151 44192.1 45976.2 49023.6 49629.4 51734.2 58458.6 39902.8
 80300 36992.6 55677.2 38223.7 45919.7 61622 42038.7 33799.4 36033.2 33830.8 32025.8 36517.4 26980.7 35472.1 37203 37017.9 30753.6 38529.9 45329.5 39160.2
 65951.8 94444.3 72399.2 73860.9 106847 59619.5 51039.3 54406.4 30552.8 61588.6 53602.9 49792.4 35517.8 51186.2 67119.6 59640.8 71916 68517.9 60567.7 69753.3
 83236.7 78349.7 81311.2 83397.2 62306.1 50457.1 60722 50698.1 44424.4 62186.7 68832.3 46348.2 43137.4 67994.8 35086.3 24366.3 27602.2 33585.7 49687.9 45172.3
 72813.5 63062 23929 43129.6 39144.1 43398.1 51119.1 67598.7 51171.5 78920.6 56465.3 62273.5 46309.7 45956.8 39914.1 44561.5 37359.1 46500.8 43099.8 40357.7
 55366.5 49453 34326.4 49585.4 47540.8 40714.8 33789.6 70547.7 85680.5 82203 73724.8 58940.7 58674.3 48815.9 50757.8 65952.5 61798 51885.9 44349.2 65009.7
 63726.8 54443.7 70392.7 75609.8 55876.9 55479.4 89065.1 109241 70163.3 68752.1 55641.2 64546.2 71293 79463 72641.4 56694.5 33675.5 45404.3 52762.1 44142.1
 87982.6 54978.5 33446.1 59340.3 70323.6 96232.2 39418.3 47640.8 43276.5 64898.9 23684 27478.5 24529 29986.6 25061.7 19538.9 16461.6 27979.1 16684.8 39000.3
 74466.2 62852.3 57220.9 64817.4 59532.9 55160.4 42062.3 29925.2 42158 48813.5 62689.7 86177.8 63460 65618.9 76116.1 63227.9 50782 55496.5 72585.8 74092.7
 64522.1 46113.6 47509 49494 49539.9 55942.9 62365.3 77291.7 53380.1 57168.1 67030.8 73049.3 58337.2 52461.1 46557.5 49847 32674.9 38283.3 34970.4 46227.5
 92046.1 64042.7 64885.6 36496 46849.3 59087.8 75397.7 54535.6 46334.4 35554.1 24604.8 26538.7 32966.4 35823.9 31859 26230.9 25688.5 27009.7 39170.7 63635.2
 63306.7 46935.8 57871.9 31336.7 24873.4 25130.8 56516.5 36533 36021.9 50106 51039.2 37015.2 83505.7 79898.4 59849.7 44270.5 48146.5 37092.7 43642.9 51969.2
 68607.8 41400.8 35982.6 45012.9 41235.3 63245.2 42423.9 53701 66078.1 72755.4 75174.4 79796.9 43463.3 35603.7 29789.6 26489.3 22862.2 27049.5 32383.9 37533.7
 97308.5 65760.2 72104.9 75768.2 112034 91209.4 79473 49410.6 51839.2 43651.2 33387.9 27014.1 32155.4 18853.3 37813.8 41003.9 59444.6 40570.8 47594 36754.6
 61698.6 54446.7 48942.4 46076.9 32587.2 39668.1 84364.6 78604.9 53741.6 58396.6 61438.1 40845.8 54604.2 66670.2 59482.2 43539.5 50547.1 45795.1 62499.8 85728.7
 48437.3 47025.1 27199.4 25074.8 32878.1 33361 63427.7 42949.1 39302.9 40746.3 41210.5 32725.2 34060.3 38645 41109 26499 35322.8 42240.5 37244.3 28235
 94322.6 56457.3 87254.1 61766.1 75031.9 59250.7 77524.7 92279 68476.5 35009.3 60155.1 34754.5 52513.4 43446.8 30185.5 55269.5 47995.8 28803.9 31052.2 37418.4
 100899 94209.6 50488.7 34828.6 42291.6 38900.4 49005.9 53607.2 34993 36100.8 37282.7 35121.7 28331.3 29380.3 24564.9 31379.9 29355.3 27540.4 31887.4 23879
 59302.3 53024.6 40273 39275.6 44889 36894.3 27033.6 28707 39392.8 29068.2 24593.4 23030.3 19569.2 17824.9 32671 14196.4 19041.8 27156.6 28199 33139.8
 60975.8 59901.2 41661.6 51979.7 37283.7 70491.2 45627.1 44140.6 45581.3 30730.8 30789.5 42020.4 91666 63300.6 58689.1 61980.7 62575.8 45776.2 42097.5 45261
 52810.9 55322.8 46654.4 66428.7 88400.9 80168.9 100219 78325.4 54325.3 69544.9 54032 69043.2 60051.1 56902.1 70625.3 88571.5 95188.5 91453.7 79038.5 72882.3
 94828.2 74022.4 62591.6 51717.8 74609.3 79324.4 47146.8 67707.5 59002.9 45760.7 54724.5 52352.8 52001.2 30143 36763.8 28220.9 28204.2 28480.9 28884.7 13166.2
 49836 78608.1 50249.8 54390.4 58237.7 53506.2 39111.5 38392.3 35087 61188.4 42206.6 36545.4 62088 57672.4 54239.1 46756 33927.3 41093.5 27092.5 45726.8
 69110 86828.7 72814.5 71577.1 102206 91274.6 63488.9 55636.4 76576.8 82539.6 65476.9 63451.2 68832.4 70851.6 90721 73913.2 48804.9 40101.7 47064.8 27393.9
 70196.1 45058 46291 48803.7 35749.1 34027.1 40470.4 43507.1 25250.2 22566.3 21772.4 32191.5 29523.7 29072.7 24934 39501.4 35834 22771.3 27916.9 25632.7
 54719.2 52806.7 57278.5 76666.4 48618.3 30557.2 47343.8 78756.2 68953.9 45492.5 60708.6 54329.9 118216 56127.4 41354.9 59045.6 67015.2 89287.9 68413.3 40852.7
 52102.7 53761.4 54738 50279.8 34407.8 33184.1 58287.3 77026.5 42529.7 31462.7 24516.6 28648.2 48334.4 69985.1 81277.7 47941.1 46687.9 61686.3 43320.9 51270.6
 139103 76365.6 66743.2 119288 87254.3 118774 94171.3 77186.3 60191.8 44828.9 55247.8 46752.1 63798.6 70803.1 110043 117041 76561.2 43367.5 48609.5 36139.5
 79164.9 167534 91078.2 72837.1 106471 57103.2 52523 58390.3 44170.9 58538.2 60902.7 45357.2 38542.4 22030.8 43269.1 31179.7 53085.9 49773.3 44179.1 42253.9
 64279.9 55670.8 65074.8 68798.3 49169.8 39579.5 61638.6 64884 47460.5 62438.4 45173.9 71631.7 89140.4 89845.5 114523 63859.4 78418.8 51807.9 42128.5 49650.7
 37431.4 45524.4 45560.9 52424.6 56504.4 78160.8 78988.4 95099.1 109528 74078.5 71517.4 101935 68326.6 69572.2 78503.6 57453.8 46514.6 51081.8 30988.7 45942.6
 58855.4 53667 76462.9 65288 45821.6 40574.9 36177.2 49884 66488.2 49555.9 38231.7 24150.1 21147.3 41300.1 36987 40377.4 40432.3 32656.4 36480.9 27702.7
 54159.2 55891.5 46307.7 43527.1 56928.2 67607.4 57590.9 62943.7 74945.8 56177.9 67704.6 100872 64258.4 41706.5 35974.1 34906.7 38871.1 42730.3 39780.7 26128
 87132.5 64200.1 80608.1 52592.7 81706.3 117822 111700 75953.7 74235 91724.6 70963.9 53808 50943.7 91383.3 71340.3 70886 55935.9 41319.2 41882.9 40788.7
 42583.3 81252.1 56204.8 41885.4 35515.6 37028.7 29065.8 22642.2 21072.9 23348.3 23922.8 17039.5 22287.9 26560.3 29735.3 26931.6 27039.3 38749.9 41534.3 36657.6
 63561.1 65069.9 64898.9 92287.3 90390.2 69168.8 80086 70356.8 72367.2 41529.3 38284.7 35708.7 68955.9 59536.8 48450.8 61407.8 47220.6 51363.6 72432.5 56655.4
 82580.6 72871.2 48629.6 51696.4 72821 42693 36709.7 45684.3 37125.3 49579.6 26866.1 29913.1 19572 24705.7 25932.8 23817.4 37984 51733.9 78251.4 66308
 50485.8 65016.3 72661.4 58593.8 34422.2 30090.5 35546.2 32862.4 41185.1 86252.6 95481.7 96100.6 124812 77282.6 45393 71210 79401.6 63156.6 56888.9 42685
 78967.6 49811.6 46298.7 74424.5 65868 56500.1 82999.2 87145.3 80405.2 130774 82459.1 80191.6 60113.1 99416.7 91297.6 83741.5 64624.4 84767 105131 80168.1
 65925.8 52389.1 60238.3 52574.9 54980.6 52912.8 72781.7 59007.9 49037.2 69053.5 77715.6 81652.3 61780.1 80250.6 54919.7 36439.5 38990.8 38656 32775.8 69099.5
 75058.9 69363.9 105516 69955.4 62120.3 67970.6 50018.4 54148.4 50756 62008.6 32049.6 36242.9 21741 22533.1 16899.2 18463.6 28311.6 27492 29835.2 27854.6
 65137.4 45504.7 39396.1 36727.5 39060.1 39330.8 42871.3 32684.6 50706.8 34513.9 40322.3 53143.7 75241.6 69090.9 73239.9 83109.5 46182.1 87207.2 62615.4 68821.6
 70504.2 98013.8 56092.4 50886.3 48021.9 33927.8 25143.8 24827.5 19336 19916.4 17572.8 23318.5 36002.2 28598.4 44881.1 29153.1 21155.7 19585.1 24896.3 27094.4
 72080 64279.5 105405 112157 71789.1 75417.8 77807.1 47035.8 94785 61318.2 42815.2 52772.2 38089.5 45678.4 65933.8 52102.9 45732 31770.1 39824.6 29760.7
 61336.6 95578.3 62429.9 62947.7 58066.3 71070.1 89395.3 80602.6 55077.1 53508.4 54684.9 58270.1 41195.1 50315.6 47076.7 27228.3 58682.8 59395 48207.9 37149.9
 46379 88137.2 64269.5 79099.4 69738.7 76806.3 62444.2 63636.4 88378 59382.4 49800.8 90533.1 70397.8 60131.3 66830.4 53234.5 36637.6 26413.5 32188 18237.9
 65814.1 50078.7 41333.2 37363.7 60377.7 61432.3 44656.1 108291 83503.5 94322.2 75606.9 114888 59081.3 41995 34324.6 76135.7 41360.9 39575.8 45323.3 43375.6
 62065.6 74548 69471.9 53910.6 28924.4 34697.6 31080.1 41857.2 31477.7 21954.9 36036.2 24097.4 34428.3 42116.2 30811.8 44816.1 47145.3 46954.1 64212.4 68067.7
