 0.464408 0.440228 0.354728 0.472978 0.554388 0.455581 0.477182 0.593787 0.56568 0.479481 0.505079 0.443309 0.52244 0.415109 0.544969 0.507646 0.44978 0.407441 0.332785 0.56685
 0.368908 0.48073 0.446825 0.508291 0.517539 0.453824 0.548009 0.53289 0.391833 0.804948 0.474805 0.392129 0.804713 0.594255 0.414656 0.445551 0.810728 0.292097 0.713847 0.284889
 0.497098 0.384454 0.464791 0.393165 0.346464 0.526376 0.424212 0.405126 0.387896 0.456768 0.354346 0.698279 0.463032 0.469599 0.602453 0.487395 0.527452 0.46212 0.592777 0.549615
 0.417473 0.434429 0.412096 0.544489 0.419763 0.455538 0.557227 0.494707 0.549439 0.66862 0.554193 0.650847 0.370301 0.942985 0.447742 0.445069 0.454123 0.495051 0.409245 0.485483
 0.380276 0.393925 0.544263 0.368753 0.473316 0.478995 0.473492 0.488634 0.417646 1.0375 0.584471 0.633074 0.636036 0.50401 0.325573 0.538183 0.319579 1.01597 0.499545 0.447442
 0.400523 0.471492 0.3479 0.453298 0.4577 0.383864 0.401677 0.540368 0.679505 0.6825 0.530477 0.664809 0.581849 0.560962 0.427754 0.766351 0.303411 0.644938 0.430847 0.373793
 0.505221 0.389528 0.322042 0.483841 0.460436 0.65781 0.382861 0.54854 0.697939 0.437394 0.751999 0.632373 0.635291 0.618573 0.565483 0.738175 0.637344 0.630565 0.506159 0.612902
 0.477377 0.426365 0.307617 0.472934 0.455364 0.405188 0.405427 0.46106 0.458587 0.472567 0.401896 0.297196 0.527821 0.41122 0.414943 0.48467 0.640781 0.546056 0.355399 0.732732
 0.402971 0.347874 0.358838 0.507799 0.508385 0.447157 0.461669 0.387314 0.543508 0.500264 0.615078 0.823359 0.47088 0.53565 0.567705 0.377369 0.699775 0.529955 0.419128 0.583375
 0.426229 0.421273 0.279425 0.360608 0.421817 0.46385 0.420447 0.518951 0.420465 0.688309 0.610868 0.583016 0.829477 0.748298 0.905071 1.3074 0.969418 0.934606 0.820668 0.593778
 0.397358 0.565994 0.395102 0.440513 0.554542 0.533227 0.553241 0.53308 0.469493 0.501548 0.489177 0.520658 0.579097 0.427434 0.616884 0.350268 0.442849 0.482213 0.575945 0.53639
 0.501978 0.31774 0.410085 0.441481 0.488955 0.522758 0.463972 0.51835 0.515109 0.324158 0.606665 1.40133 0.851856 1.47644 1.7822 2.79237 2.45183 2.50863 2.77476 3.43333
 0.315009 0.686287 0.32927 0.462795 0.528184 0.578838 0.433174 0.412716 0.417931 0.534558 0.623108 0.457864 0.505823 0.286756 0.643823 0.762161 0.375704 0.580247 0.421504 0.574671
 0.483562 0.366496 0.393035 0.574798 0.466037 0.402168 0.446962 0.528516 0.703514 0.686741 0.526422 0.537204 0.397752 0.475759 0.472408 0.484038 0.501409 0.623155 0.663703 0.617112
 0.437205 0.471143 0.370324 0.350393 0.436853 0.520148 0.446094 0.409144 0.38501 0.469407 0.570921 0.51145 0.475611 0.461809 0.548522 0.582923 0.527159 0.479861 0.645921 0.472762
 0.288705 0.430071 0.507123 0.437696 0.571351 0.610346 0.347137 0.567351 0.68616 0.476951 0.527881 0.507241 0.492827 0.4069 0.40992 0.552172 0.473797 0.423324 0.430253 0.627213
 0.4122 0.394367 0.460075 0.452401 0.358534 0.471237 0.388784 0.433133 0.449448 0.565094 0.491095 0.463054 0.600876 0.495455 0.637567 0.441395 0.617732 0.591039 0.538101 0.605975
 0.395054 0.441143 0.643837 0.386565 0.451787 0.444184 0.451312 0.476402 0.734746 0.471304 0.518895 0.749103 0.405441 0.536647 0.499416 0.509462 0.319076 0.614186 0.7382 0.614185
 0.399991 0.3712 0.447804 0.45717 0.417648 0.501026 0.418003 0.483085 0.49314 0.482504 0.530786 0.415399 0.49973 0.555956 0.482195 0.574697 0.418257 0.610562 0.515605 0.543534
 0.467148 0.35848 0.559106 0.410235 0.524916 0.367592 0.495457 0.543926 0.363033 0.460024 0.591677 0.454683 0.364847 0.443377 0.448105 0.526133 0.407181 0.651536 0.438578 0.652104
 0.576046 0.420754 0.414211 0.397722 0.357033 0.512949 0.36985 0.633322 0.502757 0.617227 0.518738 0.579971 0.64957 0.677086 1.22919 0.62844 0.340686 0.688948 0.421937 0.468485
 0.40089 0.400463 0.399393 0.440478 0.467124 0.30398 0.359573 0.540297 0.520769 0.5039 0.703397 0.559935 0.446464 0.550225 0.448119 0.571918 0.404778 0.524059 0.518659 0.697798
 0.461299 0.348518 0.301333 0.522001 0.4779 0.482252 0.387602 0.388601 0.511 0.62566 0.692738 0.691702 0.718499 0.953998 0.747284 0.661671 0.627628 0.568166 0.514609 0.557059
 0.3948 0.49426 0.398801 0.379396 0.469596 0.336817 0.538856 0.557606 0.717634 0.520412 0.74958 0.474836 0.684715 0.616408 0.673712 0.441529 0.471803 0.514946 0.494444 0.435337
 0.389758 0.459995 0.418467 0.360833 0.455027 0.354709 0.421166 0.492399 0.452725 0.517269 0.462505 0.604915 0.4761 0.467432 0.522584 0.505854 0.462243 0.459254 0.649998 0.424039
 0.405506 0.549307 0.492056 0.382334 0.476521 0.532884 0.477906 0.590727 0.389783 0.869731 0.544742 0.591881 0.609335 0.513635 0.453531 0.472263 0.496038 0.419229 0.584386 0.545107
 0.467165 0.353523 0.556364 0.306496 0.575741 0.419295 0.393773 0.652784 0.562642 0.446999 0.615132 0.684673 0.558348 0.606742 0.573897 0.580425 0.503358 0.524404 0.74614 0.481711
 0.435126 0.500657 0.418477 0.397729 0.504699 0.518893 0.281455 0.571685 0.585777 0.458945 0.458253 0.401112 0.602677 0.545442 0.484861 0.637821 0.436737 0.484564 0.500276 0.519235
 0.515723 0.369435 0.486425 0.354937 0.415957 0.446797 0.369585 0.495986 0.541451 0.683205 0.514655 0.562875 0.569361 0.669166 0.493002 0.651742 0.483916 0.43878 0.557153 0.518393
 0.397226 0.424417 0.426688 0.382032 0.424173 0.385569 0.55277 0.732132 0.597108 0.738281 0.603823 1.09237 0.648218 0.592961 0.562891 0.425152 0.378623 1.40413 0.444155 0.461968
 0.400635 0.45477 0.367848 0.37863 0.441427 0.396065 0.577596 0.431404 0.337149 0.638381 0.565038 0.507279 0.565678 0.61785 0.480104 0.414345 0.512954 0.395076 0.554848 0.510777
 0.327325 0.55311 0.475909 0.501921 0.553091 0.432827 0.491685 0.698548 0.553148 1.19171 0.854921 0.55803 0.517842 0.470284 0.527153 0.618555 0.561147 0.464211 0.498718 0.539339
 0.475143 0.401025 0.296297 0.466128 0.600912 0.549511 0.561241 0.615728 0.610421 0.45036 0.779939 0.461565 0.723271 0.300384 0.869946 0.367315 0.448359 0.422495 0.576579 0.353906
 0.435462 0.433409 0.431953 0.313026 0.526247 0.563416 0.804941 0.572239 0.80374 0.762207 0.548938 0.460977 0.595867 0.523931 0.638273 0.278349 0.721866 0.430189 0.408453 0.515208
 0.528435 0.390183 0.421708 0.44098 0.453086 0.425439 0.606261 0.527379 0.489848 0.434387 0.854118 0.614472 0.990992 0.530134 0.486219 0.509851 0.619641 0.383494 1.22443 0.484173
 0.319279 0.54122 0.387931 0.398805 0.32299 0.372902 0.572716 0.260645 0.48939 0.596399 0.429723 0.516125 0.404674 0.573034 0.444371 0.402432 0.84353 0.685236 0.557111 1.05247
 0.44384 0.269895 0.507177 0.45552 0.38562 0.414245 0.34507 0.482064 0.506976 0.34899 0.388663 0.464553 0.47359 0.492196 0.555415 0.520136 0.768889 0.557569 0.703303 0.539961
 0.391779 0.457383 0.337308 0.492869 0.451191 0.456186 0.387129 0.307781 0.656496 0.316215 0.55872 0.463601 0.519984 0.598711 0.504339 0.792207 0.522068 0.753288 0.639253 0.506796
 0.434251 0.326055 0.562519 0.463149 0.464184 0.346314 0.84509 0.796998 0.950616 0.531538 0.786149 0.733433 0.466972 0.580272 0.574827 0.47228 0.56486 0.567149 0.443389 0.523387
 0.413251 0.410503 0.38564 0.435624 0.519639 0.495827 0.444972 0.578604 0.773929 0.551021 0.582154 0.566999 0.53441 0.548772 0.422613 0.553059 0.483064 0.476986 0.257108 0.565134
 0.498496 0.344347 0.465054 0.486607 0.423055 0.594322 0.521263 0.433854 0.523887 0.583863 0.583934 0.563913 0.604002 0.538687 0.751891 0.792604 1.22956 0.901447 0.696502 0.493719
 0.44391 0.37028 0.424505 0.37101 0.433678 0.491294 0.444959 0.522118 0.489536 0.443325 0.480105 0.399818 0.901545 0.286927 0.823313 0.511412 0.513722 0.545329 0.46899 0.393189
 0.388505 0.505233 0.45808 0.491838 0.443832 0.441244 0.602185 0.429172 0.565739 0.395293 0.514439 0.457254 0.492557 0.406383 0.55119 0.632483 0.521038 0.707762 0.659225 0.790558
 0.433464 0.440374 0.424317 0.423411 0.471695 0.574662 0.434674 0.551206 0.507622 0.547274 0.449042 0.514242 0.45634 0.436952 0.506214 0.506709 0.417918 0.544495 0.458267 0.333683
 0.487637 0.244492 0.518544 0.471864 0.371751 0.483499 0.537746 0.60112 0.58363 0.631588 0.609494 0.54616 0.465747 0.402426 0.496415 0.453697 0.677287 0.402734 0.603106 0.458488
 0.415188 0.44211 0.2693 0.484531 0.511923 0.497805 0.602556 0.365492 1.1296 0.477191 0.661331 0.468252 0.796808 0.659625 0.403649 0.539688 0.4819 0.505361 0.588834 0.555836
 0.425587 0.44611 0.40056 0.453444 0.296227 0.566981 0.556544 0.407377 0.546595 0.52413 0.42011 0.467607 0.515151 0.435525 0.305656 0.504028 0.426745 0.68802 0.579844 0.469055
 0.350209 0.636981 0.37842 0.327612 0.388272 0.497907 0.528322 0.513616 0.301604 0.7774 0.448082 0.768253 0.419318 0.543861 0.897575 0.675396 0.418561 0.959604 0.579389 0.488413
 0.530875 0.371355 0.376209 0.443956 0.537887 0.426553 0.371029 0.348395 0.650135 0.497167 0.556281 0.481784 0.685918 0.603865 0.643598 0.721448 0.619296 0.404548 0.757959 0.549393
 0.439082 0.380991 0.463719 0.400967 0.391228 0.310059 0.516213 0.345073 0.816735 0.566972 0.450609 0.78692 0.714446 0.675319 0.701624 0.742221 0.607275 0.42103 0.690572 0.6194
 0.399892 0.5302 0.44638 0.475149 0.458078 0.472548 0.508204 0.460778 0.562621 0.511637 0.553781 0.442987 0.43984 0.388254 0.545506 0.464011 0.423536 0.401705 0.467258 0.581269
 0.476968 0.370241 0.413465 0.371621 0.523024 0.618333 0.411829 0.491604 0.558119 0.485356 0.462919 0.487771 0.512025 0.667847 0.54862 0.476953 0.740095 0.692419 0.962295 0.780292
 0.454689 0.415352 0.34303 0.622435 0.40025 0.439647 0.565968 0.479747 0.549321 0.484056 0.505803 0.590872 0.542082 0.462974 0.55083 0.55212 0.682429 0.518843 0.570327 0.461054
 0.475414 0.500706 0.412231 0.308795 0.611516 0.409351 0.675963 0.400949 0.515822 0.608612 0.440722 0.465273 0.418474 0.446767 0.455582 0.769266 0.519244 0.371231 0.73995 0.453128
 0.295325 0.822414 0.378706 0.456123 0.413292 0.494449 0.528262 0.585499 0.299672 0.6209 0.589172 0.419588 0.400561 0.527254 0.445896 0.514121 0.492904 0.533452 0.6307 0.88573
 0.317318 0.558707 0.369745 0.44919 0.557821 0.361268 0.337253 0.629666 0.483087 0.405567 0.454868 0.571028 0.510223 0.593031 0.492546 0.544707 0.655116 0.517288 0.49564 0.521776
 0.412001 0.498692 0.390327 0.464096 0.534205 0.604369 0.583369 0.429623 1.03045 0.600752 0.629109 0.547131 0.364024 0.406504 0.657736 0.55169 0.448269 0.607533 0.465282 0.720784
 0.498847 0.457015 0.439396 0.463711 0.340704 0.500694 0.353214 0.532316 0.673789 0.594683 0.54993 0.409845 0.648254 0.629883 0.575205 0.469633 0.768531 0.489237 0.458296 0.497046
 0.49572 0.333524 0.506659 0.332984 0.506652 0.494036 0.339405 0.683374 0.508715 0.391725 0.456651 0.441057 0.42733 0.470364 0.616157 0.444797 0.361229 0.816114 0.320375 0.934845
 0.489619 0.414695 0.385924 0.50953 0.422258 0.480585 0.380973 0.851155 0.687744 0.521654 0.464419 0.84477 0.782284 0.83969 0.751672 0.563213 0.685546 0.475328 0.576829 0.493817
 0.350579 0.545338 0.445144 0.413718 0.452235 0.627983 0.421865 0.374402 0.433799 0.696666 0.514426 0.499926 0.462147 0.44275 0.603573 0.525228 0.628561 0.581755 0.621244 0.622566
 0.381289 0.480057 0.447404 0.419471 0.331386 0.709155 0.457614 0.428839 0.543447 0.372427 0.702853 0.582865 0.3626 0.726851 0.523426 0.516929 0.592515 0.58907 0.819144 0.498077
 0.356692 0.481559 0.514839 0.377123 0.513144 0.322171 0.523273 0.526312 0.359149 0.465893 0.704095 0.490384 0.733223 0.644002 0.650885 0.534987 0.568223 0.729535 0.467471 0.610751
 0.46931 0.455534 0.516863 0.408758 0.421614 0.379976 0.450793 0.493871 0.360618 0.629929 0.480049 0.46654 0.48599 0.864306 0.748403 0.733123 0.618584 0.788953 0.661094 0.64062
 0.48143 0.357831 0.335521 0.702286 0.477863 0.346632 0.555938 0.51913 0.481147 0.461748 0.466613 0.358658 0.588471 0.442042 0.467465 0.679079 0.493109 0.651917 0.501434 0.454464
 0.607884 0.450244 0.311584 0.492742 0.441598 0.528264 0.610161 0.418345 0.527441 0.508227 0.570187 0.486375 0.413826 0.573258 0.357434 0.967469 0.531494 0.643342 0.75181 0.308749
 0.395537 0.414098 0.385704 0.470597 0.382945 0.572978 0.417186 0.418624 0.51521 0.536856 0.587077 0.62198 0.57919 0.622172 0.599325 0.639341 0.572092 0.584214 0.507583 0.66327
 0.39239 0.493794 0.318082 0.443945 0.38102 0.496512 0.459613 0.437152 0.448168 0.539248 0.824391 0.532188 0.45935 0.885395 0.535158 0.615088 0.538449 0.550453 0.68236 0.608634
 0.393121 0.645185 0.460094 0.444565 0.425032 0.461535 0.637962 0.471195 0.366596 0.867055 0.305996 0.735273 0.419391 0.342157 0.514621 0.642292 0.332455 0.745025 0.312207 0.658654
 0.338225 0.554571 0.395508 0.400231 0.442163 0.385279 0.38609 0.481131 0.402933 0.681369 0.680382 0.570035 0.87073 1.0386 1.34337 0.932826 0.672402 0.758109 0.570183 0.446667
 0.439736 0.42059 0.409011 0.515197 0.479192 0.365282 0.466839 0.466362 0.570835 0.392489 0.618499 0.601439 0.505491 0.41785 0.433947 0.319692 0.537987 0.529071 0.404624 0.405782
 0.497589 0.518875 0.372061 0.387311 0.421842 0.507519 0.447966 0.501246 0.628293 0.402581 0.504518 0.714368 0.512675 0.339651 0.485485 0.452559 0.399219 0.398426 0.502194 0.452846
 0.411163 0.317479 0.636751 0.465938 0.470521 0.299687 0.538244 0.555462 0.522854 0.571745 0.528641 0.4689 0.466884 0.790763 0.645495 0.500118 0.491878 0.52967 0.706585 0.479404
 0.571347 0.353974 0.412405 0.436173 0.531379 0.488973 0.552734 0.598071 0.432168 0.645029 0.791451 0.432154 0.639347 0.527938 0.527288 0.710081 0.336556 0.704892 0.302284 0.774254
 0.350662 0.518067 0.409563 0.48542 0.436619 0.384914 0.674478 0.499698 0.512178 0.544993 0.737649 0.562766 1.07923 0.599867 0.505464 0.666219 0.468551 0.509695 0.587767 0.449023
 0.489477 0.422755 0.435356 0.409687 0.607775 0.558687 0.434705 0.441651 0.450459 0.477357 0.399615 0.545128 0.395738 0.49169 0.444427 0.331312 0.565504 0.474973 0.425646 0.521784
 0.398253 0.440303 0.468205 0.357124 0.40582 0.461637 0.430532 0.39023 0.684124 0.647168 0.919131 0.322875 0.724725 0.570003 0.471287 0.537528 0.356444 0.729627 0.459972 0.601507
 0.460094 0.350893 0.594988 0.418712 0.402094 0.637335 0.313363 0.549922 0.60239 0.502924 0.426392 0.386075 0.740676 0.494217 0.75799 0.721272 0.569451 0.512858 0.70023 0.615723
 0.528057 0.438016 0.309373 0.4471 0.573944 0.469895 0.52275 0.450102 0.441611 0.818514 0.512645 0.590569 0.442673 1.89798 0.931035 0.696197 0.745156 0.731408 0.69552 0.518959
 0.435689 0.368095 0.482366 0.406632 0.464819 0.59285 0.439069 0.503055 0.498005 0.53338 0.508548 0.628488 0.470402 0.618187 0.540709 0.589177 0.756942 0.561247 0.50975 0.581095
 0.504945 0.430775 0.390389 0.532288 0.578647 0.507037 0.486544 0.479685 0.476578 0.79148 0.622496 0.492318 0.650431 0.498943 0.597203 0.515794 0.537269 0.391707 0.347207 0.532479
 0.42749 0.426617 0.479789 0.348574 0.61629 0.469903 0.446017 0.4596 0.426592 0.687392 0.478598 0.451839 0.336725 0.772977 0.462018 0.495495 0.569538 0.364891 0.470071 0.588958
 0.481702 0.373215 0.564977 0.442227 0.443194 0.421867 0.528804 0.676861 0.429544 0.714211 0.473595 0.446052 0.721901 0.529407 0.548565 0.602573 0.662814 0.509874 0.494801 0.772932
 0.380725 0.654866 0.433022 0.505087 0.42383 0.504083 0.43731 0.597376 0.497985 0.404229 0.361651 0.577945 0.39022 0.50012 0.365397 0.364873 0.779239 0.385507 0.432159 0.427194
 0.434496 0.505587 0.391586 0.443756 0.486015 0.340032 0.444026 0.42467 0.369994 0.456463 0.39896 0.545496 0.485408 0.582422 0.402294 0.649371 0.504617 0.922559 0.53747 0.419087
 0.441727 0.42421 0.470911 0.294824 0.661567 0.362423 0.638607 0.791131 0.752109 0.65627 0.88678 0.722476 0.893365 0.66443 0.565306 0.562504 0.500435 0.640304 0.66197 0.469266
 0.507392 0.420332 0.439859 0.408653 0.427799 0.389774 0.532939 0.274527 0.581653 0.400233 0.40194 0.679305 0.704078 0.456166 0.512176 0.423417 0.439935 0.564807 0.432907 0.544197
 0.463848 0.42099 0.460758 0.440036 0.546623 0.954905 0.614557 0.531582 0.518056 0.621265 0.786125 0.778432 0.584578 0.547002 0.552708 0.442931 0.474513 0.473019 0.719248 0.533525
 0.4049 0.520618 0.429722 0.380251 0.403502 0.569031 0.448074 0.309685 0.781629 0.565767 0.514927 0.582194 0.480801 0.782489 0.592757 0.449843 0.494663 0.509828 0.584267 0.426054
 0.491998 0.463619 0.395834 0.433311 0.497789 0.542115 0.541053 0.42349 0.566541 0.893656 0.569196 0.501985 0.516824 0.552711 0.533488 0.40418 0.697945 0.409422 0.605551 0.486586
 0.516284 0.406797 0.411526 0.236377 0.511367 0.532754 0.384422 0.368949 0.731525 0.794074 0.758734 1.00292 0.817871 1.02104 1.05276 0.5395 0.671503 0.580229 0.456717 0.495316
 0.458191 0.452964 0.574953 0.50898 0.400242 0.344055 0.619156 0.480845 0.447078 0.588154 0.475829 0.352384 0.589834 0.56045 0.504517 0.451846 0.576193 0.479481 0.537131 0.495641
 0.465933 0.378853 0.439631 0.404266 0.479659 0.423446 0.379969 0.472621 0.379597 0.641851 0.543988 0.39652 0.349445 0.5362 0.429811 0.569361 0.404826 0.676518 0.639105 0.574003
 0.392947 0.515407 0.450091 0.459736 0.411626 0.59589 0.616484 0.547916 0.493564 0.585491 0.559971 0.582498 0.553889 0.483983 0.511389 0.438691 0.492465 0.401124 0.386888 0.842646
 0.4815 0.359213 0.351504 0.489306 0.35063 0.450698 0.473406 0.641133 0.398077 0.569777 0.358663 0.69589 0.476374 0.505353 0.440084 0.815866 0.421511 0.335 0.637039 0.561706
 0.52561 0.378251 0.388543 0.40862 0.430048 0.600063 0.500626 0.438324 0.480341 0.444726 0.516263 0.459157 0.400151 0.467165 1.04337 0.452222 0.831679 0.73768 0.483419 0.854528
 0.484959 0.473639 0.391274 0.41306 0.501676 0.591632 0.430938 0.339078 0.524697 0.996291 0.528217 0.66117 0.45445 0.52097 0.510502 0.64168 0.488145 0.536487 0.500444 0.43951
 0.575634 0.371852 0.443468 0.421028 0.44363 0.437834 0.485751 0.409792 0.628709 0.542131 0.39059 0.624563 0.446028 0.419024 0.400156 0.41842 0.546564 0.452615 0.534451 0.520419
 0.365122 0.435026 0.433598 0.422221 0.560233 0.509247 0.475038 0.608327 0.607019 0.887864 0.735894 0.661696 0.734157 1.02016 0.795071 0.441886 0.684816 0.511909 0.490045 0.595214
 0.473159 0.423653 0.392584 0.377067 0.589804 0.424103 0.52316 0.404913 0.484754 0.386279 0.682381 0.446156 0.485876 0.374083 0.288518 0.729473 0.474144 0.463852 0.607015 0.570109
 0.456898 0.355983 0.412595 0.465653 0.527655 0.374051 0.600313 0.616203 0.349169 0.463177 0.660201 0.460679 0.470239 0.566854 0.685219 0.483294 0.505749 0.664404 0.708195 0.978699
 0.417158 0.41435 0.3886 0.405352 0.488605 0.440557 0.427019 0.489986 0.385313 0.886916 0.979238 0.655123 0.575166 0.746097 0.405704 0.76573 0.334939 0.860392 0.512447 0.34276
 0.458483 0.503197 0.443311 0.522283 0.407927 0.507651 0.407586 0.630307 0.71119 0.565982 0.681134 0.621206 0.548021 0.534235 1.2679 0.576578 0.740198 0.714497 0.593317 0.512666
 0.355951 0.510764 0.525217 0.487147 0.587758 0.621751 0.51022 0.379379 0.50382 0.556512 0.402056 0.517432 0.450226 0.433081 0.437145 0.445731 0.538265 0.541425 0.518363 0.535952
 0.472425 0.440099 0.415558 0.419145 0.334101 0.602739 0.533385 0.418479 0.513182 0.470569 0.643653 0.494671 0.551702 0.527433 0.430476 0.398129 0.526523 0.444988 0.551213 0.836486
 0.368864 0.411612 0.391033 0.662438 0.457165 0.580988 0.625731 0.581306 1.11525 0.948482 0.77874 0.745918 1.15333 0.514023 0.677837 0.518699 0.701462 0.494824 0.392557 0.319971
 0.500221 0.429492 0.404561 0.409086 0.628595 0.410835 0.453303 0.426616 0.956231 0.322888 0.801562 0.681471 0.72548 0.517639 0.595029 0.331281 0.584445 0.429392 0.506273 0.44827
 0.342398 0.565514 0.438678 0.426171 0.417377 0.477243 0.591917 0.574559 0.684201 0.523637 0.550768 0.721187 0.627132 0.792859 0.608935 0.537569 0.538643 0.430494 0.481792 0.443788
 0.37401 0.334086 0.515667 0.580428 0.406899 0.452497 0.523945 0.59949 0.51013 0.53129 0.52114 0.638458 0.650693 0.421709 0.637114 0.47062 0.341609 0.633315 0.512737 0.521551
 0.425216 0.356514 0.525516 0.409275 0.432555 0.458576 0.448965 0.406293 0.524417 0.454139 0.47568 0.419499 0.614799 0.396435 0.515714 0.486482 0.463378 0.441963 0.453098 0.473072
 0.424462 0.395346 0.338393 0.519127 0.402043 0.402787 0.578217 0.389564 0.47498 0.458747 0.582981 0.420526 0.572613 0.707788 0.573352 0.58035 0.608667 0.510344 0.550026 0.565844
 0.399192 0.327922 0.510266 0.453947 0.347165 0.608695 0.383272 0.44649 0.558289 0.409492 0.630082 0.428002 0.577418 0.591125 0.500926 0.575077 0.571231 0.527415 0.661427 0.458317
 0.439425 0.430747 0.321899 0.607532 0.449959 0.48064 0.644391 0.433099 0.653544 0.573077 0.555619 0.467042 0.431987 0.642134 0.627138 0.333555 0.497185 0.466696 0.50311 0.418774
 0.502086 0.381214 0.426726 0.290679 0.714935 0.496404 0.423799 0.468248 0.502792 0.581148 0.377449 0.584536 0.671659 0.617395 0.675713 0.504748 0.4302 0.540624 0.524006 0.409581
 0.420521 0.435072 0.413312 0.42248 0.642243 0.55568 0.527161 0.590623 0.376886 1.07951 0.746604 1.22567 0.842221 0.679871 0.76792 0.626375 0.549257 0.600117 0.501621 0.479026
 0.420241 0.483062 0.375004 0.468887 0.45084 0.462868 0.751906 0.458174 0.693727 0.491168 0.418099 0.503529 0.647306 0.491226 0.660359 0.480426 0.505065 0.42111 0.707688 0.395661
 0.45298 0.385006 0.400724 0.475038 0.393955 0.484715 0.417688 0.41721 0.458878 0.466437 0.286623 0.657608 0.468271 0.521608 0.436866 0.536671 0.511669 0.535113 0.461505 0.404585
 0.452765 0.412315 0.50489 0.450696 0.435917 0.470647 0.401831 0.506931 0.717983 0.370473 1.02445 0.597324 0.659213 0.548422 0.804271 0.637365 0.766007 0.604757 0.653656 0.566538
 0.424269 0.43403 0.474978 0.423624 0.428123 0.607673 0.545096 0.523105 0.369423 0.950649 0.630876 0.537113 0.451159 1.26723 0.484617 0.647642 0.408886 0.545942 0.497879 0.535288
 0.453828 0.415306 0.418205 0.474405 0.457891 0.458089 0.438092 0.395527 0.503743 0.741446 0.967636 0.529355 0.526334 0.782109 0.484064 1.47634 0.592443 0.722809 0.594286 0.473585
 0.480611 0.395014 0.424634 0.308344 0.648099 0.579279 0.667492 0.573854 0.822469 0.817296 0.925117 0.75248 0.641783 0.552174 0.433055 0.446901 0.432329 0.369577 0.449256 0.415832
 0.434548 0.461183 0.526389 0.308179 0.59034 0.407044 0.416687 0.699043 0.470058 0.339181 0.44404 0.643214 0.665232 0.482709 0.488692 0.417773 0.377145 0.454028 0.527376 0.489124
 0.49924 0.409058 0.38739 0.359197 0.531008 0.427993 0.38193 0.537366 0.454242 0.477235 0.591768 0.377814 1.8917 1.22614 0.644783 0.792915 0.813421 0.582945 0.579117 0.561421
 0.460892 0.408703 0.336873 0.527399 0.373929 0.548999 0.482668 0.575866 0.451276 0.560987 0.469695 0.481901 0.540584 0.445539 0.55817 0.570808 0.465286 0.471488 0.516496 0.479669
 0.371711 0.451543 0.469878 0.553683 0.418316 0.397671 0.434995 0.331982 0.607959 0.604009 0.512213 0.520285 0.599192 1.23535 0.431731 1.09149 0.838309 0.519799 0.44884 0.543482
 0.313334 0.511275 0.288767 0.969517 0.313295 0.356181 0.546703 0.433883 0.645307 0.586949 0.762942 0.49762 0.514099 0.519459 0.474073 0.484015 0.473047 0.788617 0.536358 0.571665
 0.499882 0.358639 0.385185 0.482324 0.383952 0.463475 0.39497 0.395665 0.601183 0.503287 0.860456 0.847632 0.544537 0.590712 0.602246 0.625898 0.440495 0.485505 0.492185 0.511499
 0.450552 0.370695 0.315309 0.478639 0.460596 0.501119 0.476176 0.53149 0.390523 0.74192 0.472871 0.576703 0.533037 0.539319 0.441028 0.448306 0.54202 0.597177 0.604181 0.551068
 0.41786 0.392773 0.414692 0.429763 0.514152 0.382949 0.603828 0.442297 0.396297 0.692818 0.466459 0.558316 0.493594 0.559736 0.44168 0.420082 0.524701 0.626805 0.481924 0.450418
 0.409154 0.442004 0.480963 0.391165 0.458916 0.377861 0.47951 0.453925 0.500425 0.635926 0.544749 0.580686 0.485837 0.619916 0.536928 0.665639 0.406101 0.554214 0.637334 0.462748
 0.393742 0.596739 0.34849 0.415145 0.508653 0.559784 0.585287 0.528322 0.565889 0.62706 0.511127 0.539817 0.472182 0.489352 0.671386 0.472503 0.466698 0.443937 0.483059 0.510459
 0.465321 0.413382 0.325053 0.395601 0.450668 0.5562 0.405435 0.511926 0.529823 0.407227 0.449107 0.591097 0.397056 0.431909 0.418222 0.614967 0.559673 0.326391 0.453822 0.638041
 0.326791 0.532887 0.398079 0.501178 0.435729 0.43103 0.506892 0.429453 0.56833 0.388424 0.625117 0.76247 0.556009 0.520733 0.534451 0.56064 0.493753 0.460406 0.626768 0.491804
 0.424273 0.533952 0.364095 0.364711 0.463127 0.343594 0.518633 0.401177 0.560011 0.430846 0.536593 0.422587 0.501395 0.895702 0.732085 0.685638 0.431336 0.777028 0.943827 0.578124
 0.479881 0.445469 0.322737 0.400729 0.414114 0.401327 0.345355 0.440312 0.596738 0.296188 0.695432 0.654975 0.547851 0.441822 0.430306 0.68707 0.739185 0.495232 0.593266 0.44567
 0.457926 0.454101 0.355256 0.479482 0.487167 0.536771 0.492827 0.568576 0.950028 0.936332 0.736705 0.788821 1.25104 0.537068 0.69169 0.59976 0.694231 0.661889 0.493269 0.379799
 0.468961 0.368201 0.469237 0.392855 0.430926 0.402207 0.408267 0.601975 0.495352 0.558301 0.54503 0.523593 0.541481 0.469502 0.398406 0.485174 0.670172 0.661669 0.586913 0.6838
 0.412244 0.61155 0.311623 0.836627 0.589509 0.430777 0.589078 0.55973 0.308631 0.517898 0.653859 0.573407 0.479592 0.463972 0.55858 0.58957 0.656735 0.614018 0.799144 0.47908
 0.522552 0.412519 0.346951 0.561504 0.340042 0.419288 0.410999 0.464075 0.346711 0.60028 0.747193 0.822071 0.614108 0.470352 1.04678 0.658621 0.565552 0.419463 0.552048 0.577255
 0.395588 0.450771 0.426889 0.432721 0.410869 0.364651 0.583473 0.573764 0.501988 0.61251 0.538506 0.519391 0.375035 0.721411 0.562891 0.739683 0.623717 0.578536 0.450389 0.475809
 0.518667 0.317885 0.384142 0.482213 0.418613 0.530087 0.428224 0.40162 0.344185 0.698239 0.492998 0.545572 0.434526 0.790495 0.720004 0.561093 0.672717 0.604149 0.496017 0.554254
 0.414083 0.435421 0.480679 0.417596 0.604001 0.506722 0.544304 0.504418 0.616733 0.788847 0.420238 0.538261 0.513897 0.51747 0.402812 0.4765 0.472516 0.472825 0.405209 0.518338
 0.435638 0.476781 0.303673 0.515781 0.417024 0.356777 0.499674 0.415151 0.54649 0.489515 0.567097 0.406017 0.437644 0.457242 0.488437 0.509787 0.362839 0.445605 0.532625 0.434363
 0.44789 0.356886 0.398633 0.420368 0.454327 0.410697 0.476876 0.594196 0.518432 0.514317 0.555692 0.685953 0.740759 0.921384 0.829649 0.789836 0.629309 0.790655 0.5514 0.464809
 0.440231 0.459975 0.378424 0.396796 0.471931 0.416837 0.370566 1.20135 0.625059 0.622026 0.608883 0.601077 0.46946 0.591773 0.441043 0.59615 0.420009 0.486089 0.50877 0.426206
 0.354615 0.446632 0.414165 0.474053 0.554763 0.551956 0.503491 0.532849 0.610004 0.486088 0.574862 0.538996 0.362279 0.670879 0.556898 0.404365 0.557858 0.476541 0.528263 0.569005
 0.491639 0.405898 0.396099 0.507124 0.361694 0.529186 0.523173 0.469277 0.396006 0.590231 0.458528 0.648702 0.521764 0.541572 0.557519 0.51576 2.22931 1.49315 2.13948 4.95303
 0.447417 0.457352 0.379962 0.392037 0.504187 0.421952 0.541575 0.609537 0.452021 0.50581 0.55295 0.505289 0.446432 0.502294 0.498941 0.442026 0.503729 0.493692 0.528145 0.500684
 0.404251 0.442959 0.373904 0.439478 0.498741 0.850162 0.552529 0.858503 0.63798 0.525348 0.412926 0.555213 0.458159 0.507228 0.434361 0.502017 0.679819 0.477348 0.527194 0.487759
 0.483781 0.32176 0.479174 0.477612 0.456592 0.486201 0.392405 0.690642 0.36821 0.757883 0.627707 0.514438 0.395059 0.458567 0.78917 0.468295 0.522348 0.57103 0.403674 0.894947
 0.417258 0.464644 0.390495 0.442207 0.428357 0.563328 0.426966 0.551477 0.455627 0.421732 0.673402 0.651629 0.450041 0.408682 0.52592 0.404857 0.548247 0.382879 0.500155 0.634394
 0.490174 0.413616 0.418016 0.391455 0.447373 0.44534 0.388174 0.43477 0.463526 0.590927 0.372824 0.705709 0.545366 0.538101 0.536865 0.546946 0.447809 0.548229 0.348511 1.01356
 0.489122 0.489107 0.355683 0.456539 0.48304 0.452093 0.581228 0.702525 0.327607 0.629057 0.757954 0.570174 0.453213 0.539148 0.520153 0.472813 0.344082 0.596333 0.518446 0.639534
 0.418199 0.48168 0.380792 0.513486 0.49318 0.437516 0.524216 0.416261 0.602329 0.567461 0.54405 0.649341 0.731223 0.597221 0.617293 0.554656 0.574095 0.439877 0.480139 0.531448
 0.319733 0.509534 0.403596 0.415259 0.36902 0.496656 0.46353 0.605013 0.551913 0.517604 0.567037 0.456741 0.758708 0.500832 0.525465 0.472851 0.498533 0.431451 0.561008 0.506973
 0.405805 0.451457 0.413317 0.430891 0.440258 0.357361 0.408913 0.476428 0.417254 0.761731 0.544457 0.527107 0.564485 0.492717 0.588888 0.824267 0.571548 0.481408 0.768453 0.484503
 0.399366 0.480548 0.654206 0.339401 0.48239 0.450046 0.35883 0.448898 0.907057 0.43722 0.527367 0.455439 0.435101 0.416518 0.461236 0.546858 0.603767 0.503908 0.703418 0.514975
 0.357257 0.526556 0.37293 0.359165 0.638534 0.535428 0.515353 0.52532 0.46212 0.416364 0.415575 0.488421 0.344159 0.517465 0.445944 0.627096 0.553927 0.668574 0.596449 0.559115
 0.337291 0.556351 0.405631 0.334971 0.582218 0.514421 0.348035 0.329058 0.557283 0.513607 0.398208 0.441875 0.484368 0.353209 0.650169 0.49653 0.633464 0.50906 0.580451 0.593716
 0.303856 0.586001 0.534186 0.403149 0.320219 0.486511 0.509044 0.487955 0.408909 0.500578 0.855947 0.535548 0.704038 0.679676 0.565167 0.77065 0.778558 0.629638 0.855359 0.496921
 0.408819 0.445605 0.482124 0.381533 0.452372 0.438672 0.451337 0.519238 0.628572 0.451269 0.655794 0.409411 0.514228 0.402037 0.446347 0.422718 0.553819 0.355504 0.386772 0.494824
 0.410464 0.504911 0.41876 0.546243 0.368506 0.421967 0.319449 0.581409 0.600744 0.445756 0.392191 0.465575 0.551538 0.607681 0.57146 0.493445 0.679858 0.570767 0.721992 0.480578
 0.413086 0.334167 0.533105 0.4436 0.376641 0.475996 0.302943 0.543284 0.470761 1.07949 0.663887 0.624 0.689733 0.652731 0.600668 0.64229 0.781884 0.742793 0.510312 0.407557
 0.429685 0.477012 0.298592 0.684461 0.622446 0.473212 0.460133 0.545532 0.678301 0.371022 0.716235 0.5874 0.388296 0.435422 0.476947 0.523928 0.505521 0.529357 0.462296 0.59123
 0.411044 0.498831 0.352464 0.624609 0.446116 0.409283 0.549077 0.565858 0.448468 0.44012 0.445018 0.42843 0.577031 0.478758 0.511982 0.64283 0.864721 0.67843 0.713217 0.619164
 0.425252 0.468036 0.328271 0.413859 0.380891 0.333614 0.532977 0.536991 0.481185 0.609934 0.616844 0.58375 0.749879 1.07527 0.802012 0.7219 0.474805 0.629024 0.559428 0.516117
 0.453819 0.421213 0.482111 0.397572 0.469936 0.500673 0.327428 0.617169 0.41092 0.645591 0.444182 0.526085 0.451765 0.416794 0.426542 0.673734 0.443491 0.594836 0.564639 0.510661
 0.500857 0.396884 0.454921 0.469688 0.513946 0.578254 0.329181 0.567022 0.767182 0.43328 0.459934 0.67095 0.544284 0.503984 0.519537 0.60905 0.526731 0.443244 0.562777 0.60794
 0.389207 0.535745 0.370841 0.568673 0.322461 0.316103 0.510309 0.305457 0.506253 0.644604 0.540401 0.832 0.573363 0.652685 0.876999 0.473014 0.384781 0.875652 0.469957 0.486409
 0.441221 0.369171 0.411391 0.410428 0.490377 0.58483 0.516646 0.513999 0.621071 0.536963 0.531781 0.589901 0.679207 0.51801 0.595771 0.59517 0.54739 0.558266 0.591632 0.589289
 0.503502 0.286088 0.546209 0.367638 0.505915 0.506125 0.6197 0.515378 0.560268 0.739611 0.684106 0.570336 0.672308 0.843311 0.350367 1.03549 0.552216 0.556468 0.588585 0.482013
 0.414929 0.43556 0.403739 0.553112 0.495147 0.399499 0.453905 0.559778 0.570157 0.696667 0.78451 0.512821 0.400327 0.620085 0.445627 0.41948 0.439744 0.491388 0.439003 0.581758
 0.472263 0.382973 0.492713 0.406263 0.304608 0.517181 0.410473 0.377405 0.55254 0.42029 0.612349 0.419435 0.538483 0.555013 0.539752 0.505445 0.445884 0.497338 0.45119 0.469645
 0.40535 0.45184 0.419113 0.403422 0.296628 0.509175 0.710434 0.427169 0.349541 0.630659 0.741209 0.645601 0.481704 0.553029 0.463094 0.533022 0.621635 0.600408 0.439645 1.72319
 0.457855 0.272169 0.747347 0.340066 0.465791 0.459622 0.486011 0.730313 0.474696 0.360559 0.842325 0.579467 0.490806 0.552604 0.49378 0.446964 0.563063 0.461747 0.743435 0.453636
 0.437859 0.379657 0.435732 0.459336 0.34979 0.46718 0.427441 0.541858 0.43246 0.474133 0.458559 0.471732 0.49615 0.423582 0.373156 0.587752 0.358597 0.793746 0.682343 0.811898
 0.340979 0.585379 0.414828 0.394065 0.479688 0.501396 0.378839 0.63845 0.646546 0.627991 0.815647 0.617945 0.717006 0.68818 0.577785 0.489853 0.501766 0.625849 0.507742 0.537913
 0.440179 0.457856 0.425881 0.384696 0.448658 0.689553 0.375554 0.392243 0.359349 0.579069 0.424431 0.703165 0.289367 0.52764 0.79107 0.500721 0.365309 0.364355 0.665682 0.664484
 0.47463 0.394856 0.428703 0.433502 0.60273 0.531225 0.546357 0.42176 0.355756 0.693455 0.674961 0.615055 0.549153 0.507667 0.490062 0.474819 0.462189 0.447196 0.583857 0.419081
 0.361121 0.526865 0.404671 0.341028 0.454854 0.395746 0.3878 0.395733 0.51726 0.548922 0.551464 0.654253 0.562091 0.570398 0.535966 0.38846 0.498688 0.55204 0.455083 0.536687
 0.456237 0.234213 0.575041 0.397369 0.394158 0.424669 0.476098 0.467494 0.550213 0.478604 0.57053 0.610423 0.530828 0.81826 0.478632 0.789736 0.620208 0.568887 0.549756 0.671617
 0.473689 0.49621 0.35988 0.343297 0.456956 0.461288 0.402988 0.476406 0.517633 0.446946 0.901299 0.491052 0.494531 0.419213 0.456873 0.576413 0.335124 0.495297 0.592073 0.344944
 0.52886 0.369088 0.444295 0.464892 0.466808 0.433725 0.478832 0.438364 0.28999 0.449535 0.506551 0.394407 0.558383 0.540262 0.321439 0.514083 0.474147 0.62164 0.6966 0.624899
 0.433916 0.461866 0.428382 0.357017 0.494582 0.460012 0.473901 0.484391 0.35811 0.683154 0.556332 0.752538 0.657454 0.540938 0.61416 0.510263 0.581616 0.615951 0.529722 0.651323
 0.34265 0.542257 0.350264 0.583896 0.451504 0.409153 0.338157 0.554187 0.345628 0.673309 0.42023 0.270266 0.584028 0.474711 0.662923 0.549531 0.592156 0.606897 0.682514 1.08201
 0.412525 0.402494 0.336467 0.673194 0.283943 0.498494 0.390713 0.439362 0.485374 0.453987 0.454611 0.549015 0.584948 0.450364 0.465321 0.735809 0.594708 0.58531 0.64259 0.715482
 0.535391 0.353491 0.440363 0.400015 0.430284 0.418186 0.781827 0.713728 0.467332 0.804198 0.917277 0.99455 0.697901 0.594034 0.547367 0.589587 0.542264 0.467739 0.452112 0.545822
 0.465026 0.438728 0.431318 0.343571 0.431147 0.275702 0.511265 0.443849 0.410893 0.773784 0.677856 0.656971 0.322374 0.893652 0.680619 0.582187 0.569322 0.48561 0.416218 0.557962
 0.424105 0.389286 0.460773 0.471896 0.398279 0.568241 0.384623 0.55331 0.635045 0.555529 0.840555 0.608568 0.827069 0.765138 0.670924 0.843899 0.543266 0.518816 0.435595 0.455826
 0.494131 0.368728 0.433127 0.489225 0.434814 0.479375 0.534187 0.570233 0.489254 0.358653 0.637749 0.485464 0.377 0.371794 0.692547 0.475211 0.392096 0.386867 0.46596 0.615036
 0.407908 0.508888 0.409161 0.368508 0.511039 0.481038 0.463281 0.299346 0.585312 0.377982 0.475403 0.31576 0.588377 0.289015 0.593825 0.386685 0.615463 0.494483 0.501593 0.621728
 0.436083 0.435333 0.418727 0.441038 0.489848 0.438243 0.421993 0.437231 0.464971 0.440384 0.460968 0.294407 0.688521 0.315724 0.802086 0.610714 0.565715 0.639924 0.559041 0.473498
 0.476411 0.43389 0.24126 0.406972 0.511724 0.389719 0.463565 0.421359 0.565684 0.371737 0.748533 0.735148 0.679166 1.63591 0.959234 0.901512 0.645847 0.873225 0.543473 0.576893
 0.364209 0.495414 0.434067 0.40358 0.504654 0.471301 0.475384 0.619675 0.430384 0.735354 0.541859 0.39811 0.586199 0.564895 0.298349 0.516241 0.554025 0.326053 0.53228 0.457679
 0.430216 0.379203 0.563651 0.348305 0.414888 0.469684 0.734269 0.604452 0.809011 1.11432 0.881786 0.908762 0.66715 0.636599 0.447924 0.596771 0.609687 0.545972 0.520569 0.553851
 0.42134 0.428091 0.388526 0.406264 0.366941 0.4582 0.368335 0.721962 0.313032 0.731541 0.433328 0.485554 0.710756 0.624239 0.52702 0.611438 0.518237 0.687733 0.532274 0.733234
 0.481565 0.336272 0.44418 0.476144 0.438521 0.411735 0.359709 0.386345 0.624694 0.379286 0.722301 0.535078 0.657729 0.494051 0.47916 0.726517 0.484054 0.508638 0.594378 0.587466
 0.521483 0.377956 0.400128 0.363595 0.335213 0.568267 0.438113 0.544199 0.37903 0.483809 0.534651 0.458373 0.576034 0.53786 0.478558 0.529406 0.637782 0.71527 0.652725 0.831025
 0.42364 0.425568 0.455745 0.519662 0.427914 0.447323 0.644219 0.412243 0.420715 0.428937 0.458757 0.351994 0.488224 0.533816 0.751543 0.29029 0.745834 0.575462 0.937721 0.489583
 0.47014 0.377161 0.393554 0.478944 0.592708 0.392236 0.394612 0.581103 0.956976 0.713629 0.480333 0.664101 0.574297 0.502833 0.749215 0.552391 0.493141 0.545509 0.316018 0.557858
