 0.46088 0.389498 0.363542 0.503043 0.520388 0.465385 0.569576 0.620163 0.420436 0.327741 0.339695 0.347234 0.437948 0.408118 0.526697 0.403473 0.320609 0.306245 0.344433 0.447354
 0.473807 0.481299 0.447377 0.466443 0.427499 0.413057 0.506555 0.512912 0.520706 0.687929 0.419059 0.500689 0.737752 0.480802 0.418957 0.499734 0.590823 0.344055 0.600046 0.364328
 0.484204 0.406993 0.403346 0.389458 0.421793 0.41061 0.287071 0.272376 0.295008 0.373434 0.416967 0.640753 0.45795 0.508831 0.532781 0.404505 0.418817 0.413966 0.499545 0.408508
 0.459841 0.471059 0.466367 0.509114 0.384924 0.450429 0.531279 0.497558 0.57196 0.566754 0.57762 0.724765 0.641811 1.00645 0.423236 0.442811 0.478595 0.489483 0.42043 0.483655
 0.450782 0.510252 0.414701 0.294825 0.371955 0.377599 0.408542 0.483997 0.608171 0.993181 0.588056 0.612082 0.477896 0.341134 0.326371 0.476758 0.4653 0.837591 0.465372 0.661877
 0.458406 0.472857 0.355172 0.422346 0.359184 0.334587 0.447764 0.680857 0.816664 0.706484 0.588681 0.691316 0.58979 0.568502 0.538848 0.59352 0.350526 0.54518 0.373723 0.393163
 0.487253 0.35524 0.380228 0.484035 0.475043 0.525346 0.4165 0.668209 0.638383 0.476599 0.723859 0.595359 0.58131 0.548666 0.566764 0.658208 0.559025 0.561057 0.542204 0.678262
 0.454006 0.326933 0.268915 0.402506 0.347933 0.320047 0.36496 0.434689 0.422509 0.384036 0.312829 0.315839 0.400787 0.321138 0.356375 0.418606 0.407328 0.337246 0.355108 0.75407
 0.431189 0.398025 0.477231 0.476769 0.384932 0.308907 0.315708 0.344719 0.50152 0.443304 0.463756 0.436184 0.322757 0.471377 0.493328 0.458307 0.652953 0.514151 0.557885 0.72143
 0.447667 0.381626 0.316423 0.399064 0.420112 0.484698 0.501315 0.515587 0.492609 0.595053 0.521521 0.604072 0.8546 0.821293 0.9966 1.11666 0.810986 0.954835 0.971028 0.76231
 0.491853 0.618492 0.468716 0.62695 0.658208 0.624589 0.556039 0.480683 0.431267 0.463349 0.474296 0.527388 0.535514 0.414758 0.458874 0.287457 0.427977 0.481992 0.485522 0.413705
 0.46999 0.358491 0.447786 0.578657 0.542799 0.559369 0.518367 0.565464 0.535138 0.536935 1.04218 1.53039 1.10187 1.62926 1.79252 2.78133 2.51506 2.84723 3.39783 5.30246
 0.483138 0.646651 0.365894 0.469005 0.546295 0.536671 0.494338 0.652658 0.71277 0.764076 0.570724 0.390185 0.395844 0.359537 0.653379 0.488983 0.297403 0.496774 0.504581 0.714414
 0.472712 0.382547 0.491527 0.62975 0.443401 0.451692 0.651502 0.821874 0.936522 0.71904 0.564226 0.499587 0.404997 0.509345 0.509542 0.526373 0.531916 0.558314 0.46476 0.400168
 0.466178 0.415586 0.317073 0.358006 0.461738 0.422262 0.29376 0.263014 0.290952 0.380568 0.417654 0.349927 0.342367 0.377722 0.477239 0.493647 0.446123 0.448956 0.530583 0.401568
 0.455806 0.633587 0.713851 0.552003 0.549025 0.426135 0.345707 0.588013 0.65103 0.471548 0.52519 0.465966 0.399174 0.322546 0.355544 0.417836 0.340293 0.348457 0.437692 0.62325
 0.474572 0.483992 0.51745 0.449521 0.396122 0.50105 0.419142 0.472114 0.483013 0.507212 0.424577 0.43859 0.490181 0.415979 0.464936 0.39671 0.566179 0.545912 0.53486 0.547853
 0.462084 0.514721 0.500235 0.301547 0.378434 0.423385 0.503002 0.596896 0.694057 0.468338 0.594908 0.606603 0.414266 0.588267 0.51239 0.470512 0.435746 0.735583 0.772338 0.586426
 0.450531 0.461406 0.420364 0.418977 0.407513 0.444136 0.369237 0.419754 0.424851 0.431493 0.469672 0.447124 0.508779 0.558339 0.450438 0.4666 0.431004 0.649418 0.553418 0.572127
 0.457074 0.370665 0.473037 0.361983 0.364524 0.328265 0.462376 0.44503 0.395086 0.554244 0.549035 0.413404 0.385217 0.419592 0.46843 0.539268 0.503173 0.576226 0.443082 0.583295
 0.478038 0.314573 0.320158 0.346343 0.404425 0.603073 0.554866 0.711078 0.57875 0.630394 0.542982 0.631701 0.723596 0.854692 1.02572 0.53252 0.469275 0.652217 0.386024 0.392238
 0.454793 0.452053 0.422613 0.384288 0.319747 0.261222 0.375216 0.498484 0.470197 0.509287 0.620341 0.468701 0.443727 0.524678 0.444955 0.479503 0.378259 0.508405 0.586247 0.765897
 0.447901 0.341211 0.42196 0.564277 0.454011 0.384245 0.335261 0.426301 0.539088 0.659697 0.689799 0.724964 0.900539 1.06407 0.725235 0.607087 0.573098 0.548407 0.534116 0.519259
 0.455246 0.48822 0.358451 0.351436 0.413345 0.389938 0.559299 0.604747 0.630845 0.502989 0.637568 0.520653 0.751541 0.646566 0.540907 0.366852 0.454007 0.502469 0.454589 0.401291
 0.468008 0.533639 0.442481 0.384028 0.34565 0.320241 0.444513 0.510633 0.447457 0.474109 0.427923 0.458503 0.389355 0.456795 0.564476 0.536067 0.496477 0.549531 0.568243 0.427633
 0.479771 0.54821 0.40706 0.350828 0.471323 0.518792 0.541843 0.693298 0.636725 0.956283 0.685293 0.842622 0.78271 0.542939 0.443478 0.435858 0.413585 0.380307 0.480066 0.394991
 0.442855 0.329944 0.390429 0.268221 0.4422 0.346165 0.414655 0.584069 0.452336 0.452682 0.687091 0.722309 0.635476 0.64042 0.550877 0.497689 0.46524 0.549616 0.605683 0.400185
 0.464707 0.442292 0.347776 0.356848 0.421553 0.357986 0.307118 0.576328 0.519066 0.385707 0.394048 0.414285 0.57291 0.463312 0.413572 0.442191 0.346632 0.457906 0.513556 0.485122
 0.468805 0.328339 0.367473 0.275943 0.341413 0.375702 0.389843 0.587518 0.638512 0.653644 0.487893 0.537234 0.550482 0.552288 0.43732 0.502473 0.370042 0.374348 0.440273 0.383697
 0.432732 0.412421 0.346859 0.306125 0.34708 0.400154 0.609132 0.689032 0.598033 0.7205 0.75133 1.08311 0.654143 0.608776 0.524141 0.466071 0.635909 0.94539 0.316066 0.419862
 0.451988 0.435279 0.312037 0.336983 0.389148 0.387813 0.463218 0.352568 0.410496 0.646417 0.550717 0.530238 0.568963 0.467055 0.341081 0.350507 0.433631 0.395463 0.512996 0.456063
 0.474817 0.597654 0.488269 0.480518 0.486327 0.500228 0.795692 1.02962 0.969163 1.4842 0.814619 0.476095 0.466515 0.499896 0.599565 0.604833 0.471547 0.413052 0.477101 0.489956
 0.460259 0.366972 0.381627 0.583573 0.623674 0.568646 0.541675 0.53388 0.500872 0.529162 0.949445 0.708884 0.759892 0.501371 0.767763 0.303579 0.367763 0.362096 0.400785 0.317046
 0.450202 0.38763 0.346958 0.338954 0.515111 0.574709 0.625641 0.503698 0.642041 0.530827 0.449534 0.548712 0.645119 0.628743 0.557502 0.348495 0.582316 0.345072 0.38555 0.47828
 0.472718 0.339854 0.390852 0.419405 0.447974 0.482966 0.616305 0.502912 0.499709 0.62183 1.0384 0.885331 0.872044 0.46421 0.492051 0.580333 0.683814 0.622132 1.01923 0.464703
 0.463413 0.498218 0.339844 0.34194 0.344893 0.412526 0.44621 0.306862 0.526153 0.478422 0.381152 0.45547 0.395948 0.4962 0.432029 0.558822 0.878561 0.661622 0.683762 0.999877
 0.463156 0.388516 0.563563 0.432966 0.354288 0.370265 0.346663 0.345505 0.285762 0.22455 0.311324 0.413255 0.428448 0.439116 0.459326 0.455405 0.550915 0.456601 0.570302 0.548889
 0.432696 0.443619 0.380764 0.464943 0.436178 0.420483 0.354932 0.376266 0.452791 0.25919 0.399746 0.329875 0.3892 0.456843 0.466204 0.624299 0.490699 0.656648 0.52081 0.44
 0.471771 0.455733 0.567151 0.435998 0.434594 0.489205 0.982719 0.858052 0.806853 0.540711 0.789913 0.626611 0.496904 0.665779 0.597438 0.494857 0.55052 0.473605 0.420058 0.536603
 0.459085 0.445566 0.427996 0.498265 0.547563 0.495707 0.497589 0.649091 0.644581 0.428672 0.448616 0.428711 0.421827 0.406279 0.344268 0.419416 0.34635 0.332182 0.292597 0.488945
 0.471992 0.365804 0.521639 0.537985 0.528228 0.646672 0.481169 0.436128 0.564951 0.635591 0.643465 0.632257 0.623763 0.615723 0.82457 0.840379 0.973985 0.729069 0.696147 0.655981
 0.436767 0.356712 0.376475 0.34757 0.345725 0.376678 0.346032 0.3893 0.363838 0.37258 0.447141 0.506097 0.676415 0.376899 0.820044 0.545864 0.567136 0.543713 0.472054 0.533993
 0.456644 0.533933 0.457721 0.438058 0.391079 0.427596 0.500498 0.379379 0.476398 0.402348 0.560518 0.481118 0.460231 0.41117 0.535291 0.53 0.482718 0.616076 0.579194 0.63114
 0.469856 0.460083 0.443422 0.465713 0.504858 0.487358 0.393813 0.506092 0.482994 0.47807 0.403449 0.451784 0.430236 0.45088 0.483478 0.416164 0.358709 0.406779 0.327288 0.348297
 0.43989 0.305554 0.493821 0.405592 0.361033 0.484204 0.526055 0.552523 0.587663 0.637743 0.550493 0.444469 0.380914 0.390673 0.497154 0.499771 0.569827 0.361487 0.470545 0.367042
 0.449749 0.423318 0.367615 0.588529 0.592811 0.554397 0.556739 0.479694 0.84457 0.479443 0.780983 0.717503 0.827108 0.530995 0.368462 0.51012 0.483726 0.528745 0.504806 0.413572
 0.453247 0.430954 0.386217 0.409645 0.365336 0.526413 0.420272 0.345143 0.443718 0.38111 0.335182 0.390943 0.356612 0.266784 0.262718 0.407896 0.432387 0.57808 0.445257 0.445635
 0.425422 0.482033 0.289249 0.345741 0.403997 0.430066 0.411142 0.359071 0.342112 0.648719 0.470637 0.616883 0.477531 0.671194 0.809971 0.544279 0.476595 0.712504 0.422321 0.41218
 0.442165 0.299628 0.346358 0.427292 0.412363 0.298387 0.315868 0.380508 0.584944 0.437912 0.431379 0.409262 0.533759 0.507837 0.646155 0.794398 0.639748 0.543699 0.64082 0.400686
 0.472926 0.422354 0.462659 0.381164 0.369531 0.397189 0.573841 0.578616 0.947372 0.520999 0.484218 0.723636 0.636946 0.659611 0.742331 0.747223 0.61138 0.584468 0.714693 0.519935
 0.497994 0.593668 0.476331 0.496707 0.500993 0.538705 0.553219 0.531166 0.620713 0.519994 0.467496 0.36934 0.384735 0.404049 0.50668 0.401088 0.377952 0.421787 0.527385 0.563018
 0.469285 0.363807 0.449913 0.542388 0.70366 0.669811 0.457876 0.560303 0.564285 0.470993 0.492334 0.588981 0.661737 0.69111 0.519309 0.55 0.826346 0.815541 0.94904 0.671233
 0.485926 0.436923 0.45964 0.587075 0.407588 0.514503 0.598557 0.530507 0.598621 0.558326 0.617682 0.618011 0.501238 0.467715 0.585283 0.61272 0.618617 0.421369 0.40437 0.347458
 0.459842 0.410765 0.354743 0.426187 0.738886 0.582119 0.57893 0.378094 0.503354 0.44787 0.301975 0.333335 0.367407 0.495249 0.568549 0.664103 0.446075 0.459948 0.669579 0.475569
 0.444771 0.642175 0.279762 0.343663 0.357327 0.464697 0.488826 0.434361 0.336043 0.544669 0.440764 0.350138 0.442428 0.548831 0.582675 0.591121 0.559955 0.702016 0.832144 0.812829
 0.433983 0.52909 0.375782 0.455102 0.410939 0.279682 0.373462 0.550566 0.403649 0.379449 0.475635 0.547067 0.477236 0.478886 0.439355 0.531753 0.544493 0.407006 0.406261 0.393597
 0.444925 0.45498 0.35964 0.431438 0.468402 0.474006 0.464088 0.536544 0.96611 0.597746 0.570598 0.442418 0.416076 0.579552 0.743556 0.540786 0.464654 0.571034 0.495594 0.650116
 0.457197 0.373388 0.353351 0.383917 0.389717 0.502703 0.493135 0.642794 0.703146 0.50966 0.41397 0.381857 0.574937 0.493896 0.464014 0.506274 0.72934 0.476475 0.554425 0.604634
 0.422962 0.295447 0.391608 0.303643 0.458239 0.417888 0.398588 0.565859 0.333907 0.274232 0.333719 0.33293 0.360207 0.426195 0.444087 0.331445 0.402882 0.622175 0.432449 0.866698
 0.450733 0.353311 0.364033 0.447938 0.399083 0.468424 0.518289 0.870234 0.630138 0.525352 0.644763 0.946635 0.834458 0.78244 0.621184 0.539043 0.651006 0.553279 0.731426 0.62058
 0.423111 0.597472 0.446138 0.452358 0.520242 0.449031 0.318042 0.388331 0.518076 0.614971 0.449524 0.438342 0.418962 0.463892 0.598967 0.532977 0.53885 0.440862 0.430507 0.419311
 0.424807 0.475658 0.3969 0.380958 0.407673 0.54353 0.323879 0.350079 0.444111 0.442241 0.695726 0.560035 0.470223 0.632144 0.457447 0.518109 0.67284 0.804367 0.825659 0.415588
 0.456848 0.509374 0.492868 0.405037 0.411173 0.363998 0.507291 0.501426 0.464214 0.629789 0.706057 0.584918 0.700425 0.57242 0.498747 0.432562 0.486467 0.505598 0.391916 0.538449
 0.468474 0.421711 0.38514 0.286458 0.294881 0.301837 0.381652 0.397572 0.369203 0.48046 0.403568 0.478441 0.635861 0.824856 0.619871 0.552342 0.524163 0.629875 0.562601 0.612972
 0.457478 0.384108 0.510939 0.68002 0.40066 0.365069 0.564906 0.459488 0.400032 0.368422 0.357302 0.357796 0.467226 0.39863 0.499706 0.621679 0.443224 0.477488 0.362898 0.370984
 0.448648 0.253442 0.225728 0.394401 0.387431 0.473968 0.443312 0.402068 0.477931 0.5353 0.516446 0.383211 0.36333 0.461856 0.427764 0.758622 0.511144 0.695027 0.642282 0.432084
 0.489299 0.529164 0.522261 0.474193 0.430706 0.544312 0.39644 0.458165 0.580342 0.589199 0.604373 0.612065 0.62959 0.708481 0.704149 0.711599 0.659158 0.650576 0.616735 0.720181
 0.460575 0.430654 0.293698 0.41239 0.406453 0.50626 0.418874 0.411961 0.490587 0.645534 0.798618 0.58728 0.668512 0.899618 0.559554 0.615944 0.596096 0.736445 0.893541 0.714817
 0.445227 0.558731 0.32989 0.312719 0.347081 0.452727 0.591819 0.460348 0.500752 0.641051 0.304928 0.484868 0.316106 0.422388 0.650865 0.590448 0.425123 0.560859 0.309894 0.455159
 0.484171 0.683226 0.420054 0.403161 0.41039 0.365957 0.400414 0.468464 0.457368 0.653265 0.567366 0.615009 1.01277 1.32621 1.57946 1.05775 0.853295 0.827085 0.493091 0.414272
 0.458266 0.441192 0.458973 0.518351 0.414306 0.357641 0.410956 0.480149 0.578396 0.510034 0.621573 0.499942 0.356221 0.297234 0.316393 0.318716 0.441845 0.376872 0.295858 0.333407
 0.465907 0.363493 0.257513 0.303626 0.374909 0.436965 0.434501 0.560906 0.671715 0.570053 0.675912 0.564559 0.339314 0.283782 0.40914 0.333032 0.29815 0.338233 0.412326 0.390032
 0.448395 0.456876 0.563935 0.364858 0.344734 0.329287 0.525315 0.503526 0.460975 0.467447 0.422603 0.44025 0.575571 0.788777 0.582749 0.453807 0.510903 0.572744 0.632484 0.533332
 0.457817 0.292905 0.380262 0.441138 0.499807 0.46347 0.500889 0.457274 0.392795 0.572769 0.565417 0.463643 0.750568 0.813226 0.73106 0.662447 0.469045 0.748149 0.530595 0.944932
 0.47142 0.56957 0.510228 0.573086 0.499179 0.516829 0.607457 0.427921 0.464829 0.567926 0.75093 0.730456 1.06381 0.607757 0.568117 0.620492 0.413095 0.446366 0.440781 0.368967
 0.470238 0.405235 0.455071 0.524159 0.604354 0.462288 0.346192 0.375098 0.391579 0.38401 0.345122 0.393583 0.281349 0.325214 0.291935 0.311501 0.473896 0.456831 0.505289 0.539424
 0.437949 0.439004 0.356822 0.28247 0.354063 0.421769 0.446385 0.544661 0.795362 0.707577 0.666273 0.404294 0.746894 0.478132 0.393012 0.44112 0.432345 0.664226 0.491173 0.641705
 0.455041 0.387351 0.515499 0.346932 0.40207 0.54119 0.396406 0.627929 0.513557 0.438579 0.442122 0.574828 0.819871 0.628665 0.712305 0.596243 0.498543 0.548248 0.695442 0.583861
 0.477202 0.385818 0.38576 0.523832 0.46473 0.38244 0.426167 0.445552 0.617185 0.862876 0.626276 0.852385 1.02916 2.26622 1.02023 0.898627 0.962544 0.757464 0.594936 0.476848
 0.45042 0.417078 0.493314 0.403143 0.433958 0.423138 0.311232 0.356121 0.355124 0.371778 0.376565 0.428019 0.390541 0.547173 0.557179 0.618152 0.577623 0.399958 0.445456 0.611565
 0.467922 0.392417 0.429615 0.583025 0.528502 0.451859 0.491585 0.58744 0.654102 0.799472 0.533248 0.457358 0.555184 0.471826 0.558056 0.476381 0.435836 0.352836 0.451795 0.537416
 0.445945 0.429507 0.431219 0.38245 0.477156 0.342607 0.36189 0.452142 0.528163 0.57975 0.408323 0.424087 0.448983 0.600419 0.330735 0.358175 0.368909 0.306367 0.494183 0.584636
 0.465147 0.400691 0.510624 0.378659 0.392092 0.421701 0.535544 0.54004 0.412521 0.521217 0.413465 0.520716 0.663023 0.53429 0.616343 0.666152 0.654564 0.540444 0.651911 0.790902
 0.453046 0.567719 0.333274 0.362131 0.364257 0.491589 0.503479 0.597505 0.405239 0.342181 0.399623 0.45073 0.33242 0.407611 0.355252 0.496182 0.602076 0.305844 0.403819 0.486057
 0.457001 0.45659 0.365363 0.415787 0.363173 0.250482 0.311291 0.275128 0.267058 0.345214 0.370789 0.514934 0.481847 0.533477 0.504066 0.799077 0.774591 0.879984 0.421718 0.359333
 0.453574 0.423008 0.426239 0.389029 0.651979 0.528432 0.88378 1.01182 1.00829 0.812077 0.879393 0.717697 0.755434 0.540173 0.503052 0.547262 0.602167 0.738157 0.586768 0.434833
 0.453692 0.331277 0.318616 0.294662 0.314596 0.324336 0.381762 0.286029 0.50091 0.423686 0.604276 0.797122 0.570278 0.372074 0.426123 0.415942 0.523028 0.512122 0.457461 0.584652
 0.466616 0.443743 0.512242 0.583418 0.816143 1.01565 0.507512 0.481014 0.598816 0.872103 1.04326 0.750805 0.534509 0.501542 0.453051 0.36133 0.409406 0.464467 0.581871 0.44533
 0.46518 0.526782 0.381637 0.342851 0.381684 0.41702 0.31258 0.340618 0.660295 0.459837 0.461352 0.53117 0.534152 0.626273 0.429555 0.370976 0.390183 0.484191 0.469928 0.338631
 0.473345 0.403142 0.37382 0.471823 0.574636 0.629155 0.578486 0.56721 0.738236 0.760645 0.48453 0.482911 0.547031 0.598837 0.575535 0.553487 0.65732 0.483353 0.735141 0.643636
 0.435032 0.2806 0.261381 0.246926 0.459462 0.41036 0.329098 0.446691 0.719912 0.685306 0.689633 0.866725 0.824463 1.02948 0.782291 0.45454 0.567884 0.447006 0.383641 0.459688
 0.469472 0.451597 0.467579 0.348707 0.320121 0.429654 0.620542 0.507401 0.452325 0.454392 0.372256 0.380987 0.547615 0.509971 0.458673 0.480348 0.607599 0.525751 0.567943 0.523383
 0.457337 0.383458 0.434973 0.421459 0.473051 0.415691 0.417 0.532351 0.435115 0.532695 0.353244 0.271966 0.334217 0.47879 0.484615 0.570542 0.471493 0.638252 0.516752 0.42748
 0.461572 0.561502 0.473858 0.494578 0.530958 0.731621 0.598996 0.490516 0.505001 0.635949 0.594348 0.537983 0.456526 0.390611 0.383004 0.353982 0.404144 0.395491 0.541298 0.746046
 0.451158 0.353885 0.432626 0.483152 0.440031 0.563093 0.577561 0.700965 0.423992 0.499317 0.377471 0.484689 0.3341 0.391561 0.434641 0.60006 0.319038 0.421233 0.686725 0.652645
 0.454518 0.320184 0.354781 0.408376 0.464512 0.551278 0.40229 0.414726 0.438859 0.395714 0.427073 0.394728 0.455448 0.585563 0.755973 0.417958 0.684104 0.543208 0.493017 0.598042
 0.465928 0.398352 0.349025 0.433027 0.524002 0.485656 0.361747 0.445162 0.804794 1.00795 0.52883 0.562648 0.432192 0.591552 0.685581 0.765277 0.515605 0.484124 0.387277 0.316987
 0.462396 0.292342 0.339541 0.324251 0.346393 0.378717 0.438997 0.473811 0.665849 0.505021 0.418649 0.445636 0.313805 0.322043 0.360923 0.444301 0.422309 0.363225 0.408413 0.392231
 0.463252 0.564053 0.508773 0.488262 0.528886 0.440151 0.460677 0.598892 0.681009 0.911425 0.760298 0.867725 1.24143 1.28414 0.631492 0.445631 0.687496 0.499706 0.487688 0.514668
 0.490261 0.433533 0.430785 0.516234 0.602849 0.483258 0.579106 0.528881 0.581736 0.517358 0.587483 0.364868 0.369647 0.335585 0.43487 0.718179 0.43122 0.456734 0.553292 0.472326
 0.474715 0.409068 0.537311 0.581492 0.530121 0.458203 0.635556 0.567932 0.416391 0.542784 0.543397 0.392004 0.433453 0.494383 0.467268 0.373074 0.517333 0.761844 0.960516 1.3817
 0.449749 0.399066 0.354797 0.358401 0.364931 0.316613 0.345062 0.436568 0.521758 0.945967 0.744739 0.511304 0.549755 0.661847 0.534403 0.741664 0.51101 0.78474 0.441439 0.451608
 0.499677 0.496373 0.441977 0.472561 0.415934 0.536775 0.558417 0.787576 0.805508 0.65426 0.68626 0.562866 0.559142 0.757615 1.14289 0.677693 0.925959 0.747758 0.576443 0.515359
 0.491214 0.560994 0.545653 0.558194 0.67498 0.649683 0.533981 0.520308 0.602274 0.626509 0.436889 0.488202 0.38531 0.370422 0.404465 0.445945 0.506911 0.457692 0.417467 0.417566
 0.482297 0.41186 0.386667 0.406669 0.450504 0.628076 0.507889 0.477237 0.648645 0.680399 0.710236 0.615686 0.693593 0.575427 0.472573 0.513174 0.515831 0.485683 0.626917 0.740929
 0.46509 0.585644 0.52908 0.742811 0.506142 0.620309 0.671137 0.776511 1.24656 0.922257 0.797872 0.861184 0.899312 0.479617 0.65339 0.529927 0.545665 0.329324 0.304525 0.392
 0.466905 0.340476 0.331899 0.388746 0.489167 0.373042 0.505049 0.647031 0.862319 0.482275 0.930513 0.757428 0.628614 0.452153 0.483805 0.388382 0.526861 0.4012 0.42596 0.338024
 0.473345 0.509944 0.357205 0.361398 0.414959 0.563027 0.724588 0.726821 0.782949 0.65435 0.699271 0.955753 0.838777 0.853482 0.561795 0.457528 0.431328 0.374697 0.447736 0.451206
 0.474953 0.575759 0.714754 0.660184 0.447766 0.529153 0.608256 0.607634 0.497482 0.519726 0.553245 0.612443 0.482001 0.352853 0.476251 0.3659 0.402795 0.598616 0.49776 0.517302
 0.459685 0.428523 0.557176 0.423741 0.447375 0.465982 0.44836 0.435207 0.50444 0.421467 0.449337 0.451351 0.546047 0.361029 0.440879 0.384359 0.352208 0.338267 0.346698 0.375964
 0.469565 0.44564 0.475687 0.545188 0.394048 0.399029 0.45138 0.332616 0.428713 0.443818 0.51801 0.476088 0.700309 0.697177 0.502896 0.497181 0.469494 0.40904 0.449082 0.47747
 0.464207 0.471529 0.5464 0.480685 0.460676 0.52884 0.347824 0.418955 0.445049 0.379194 0.524436 0.437805 0.590445 0.545938 0.504307 0.602423 0.609784 0.619724 0.680567 0.522645
 0.481471 0.465424 0.486441 0.744819 0.591659 0.621294 0.611262 0.421792 0.539956 0.445733 0.435849 0.430733 0.528368 0.756258 0.544437 0.357765 0.45396 0.432037 0.377919 0.294698
 0.461641 0.325442 0.35966 0.372802 0.663608 0.445635 0.434209 0.54993 0.625083 0.656889 0.576608 0.82348 0.716347 0.586742 0.494158 0.384823 0.423867 0.562459 0.494836 0.470005
 0.483802 0.496209 0.499301 0.599949 0.811604 0.619909 0.594099 0.627187 0.617913 1.23754 0.915148 1.22351 0.935243 0.849449 0.858759 0.617064 0.573792 0.630009 0.494059 0.437644
 0.468739 0.466078 0.405755 0.555846 0.629009 0.803377 0.853472 0.538405 0.626036 0.433652 0.457254 0.624098 0.641416 0.475929 0.525911 0.400614 0.43495 0.424825 0.534432 0.294572
 0.468051 0.38535 0.394468 0.395304 0.327684 0.37941 0.356995 0.400711 0.438639 0.410032 0.367839 0.579155 0.413311 0.452935 0.440764 0.532772 0.48011 0.438171 0.357994 0.383111
 0.486655 0.456887 0.495894 0.422994 0.442636 0.540847 0.659814 0.88969 0.835016 0.584406 0.935017 0.544925 0.653397 0.670248 0.86859 0.675677 0.732985 0.643154 0.689497 0.504928
 0.462777 0.443466 0.436635 0.407635 0.483528 0.625845 0.501089 0.487744 0.561729 1.05046 0.644989 0.577084 0.653458 0.97839 0.469984 0.674834 0.500373 0.679069 0.594831 0.577853
 0.471001 0.405215 0.412936 0.448511 0.428468 0.460083 0.515479 0.637667 0.830086 0.904897 0.76293 0.461063 0.625453 1.03231 1.02725 1.79417 0.7902 0.866144 0.599518 0.498336
 0.458839 0.341823 0.356051 0.373832 0.625422 0.559419 0.610404 0.689528 1.16612 1.27289 1.41822 1.02189 0.710085 0.470602 0.333179 0.30406 0.264094 0.247534 0.294307 0.276998
 0.48254 0.481739 0.470221 0.413567 0.711131 0.632581 0.651979 0.661287 0.389439 0.383466 0.575659 0.780988 0.690781 0.454882 0.448875 0.43839 0.534021 0.628505 0.584195 0.392111
 0.48261 0.377363 0.398276 0.478687 0.53484 0.403061 0.403844 0.521085 0.466931 0.549105 0.664185 0.739127 2.16867 0.956329 0.582055 0.77875 0.728036 0.526467 0.539023 0.513013
 0.473102 0.393152 0.375635 0.512506 0.383034 0.481246 0.410554 0.438057 0.378872 0.450842 0.393147 0.41767 0.442523 0.430261 0.553386 0.541622 0.46379 0.5066 0.556747 0.517932
 0.467081 0.562794 0.525935 0.48053 0.330217 0.329711 0.386135 0.419974 0.655613 0.557241 0.471319 0.537241 0.685604 0.893041 0.601253 1.41739 0.810472 0.458185 0.464155 0.491025
 0.462245 0.56118 0.441409 0.640874 0.217235 0.343868 0.514229 0.487531 0.688206 0.590497 0.570657 0.380045 0.430581 0.443427 0.429221 0.495809 0.600722 0.695742 0.471008 0.496914
 0.453746 0.311986 0.369346 0.43937 0.364711 0.434771 0.410087 0.515344 0.63735 0.620035 0.869982 0.746122 0.553004 0.693847 0.680383 0.566558 0.41975 0.494245 0.472741 0.415099
 0.48335 0.419303 0.363482 0.449647 0.420302 0.440743 0.442679 0.492462 0.455246 0.566751 0.393097 0.481691 0.448827 0.411818 0.33461 0.388897 0.507048 0.567765 0.560494 0.53027
 0.453985 0.429678 0.476452 0.536662 0.584872 0.488247 0.609234 0.434499 0.497459 0.630989 0.471214 0.531534 0.435359 0.402449 0.338348 0.414998 0.556445 0.540161 0.400803 0.458086
 0.456344 0.440917 0.390139 0.316699 0.357233 0.344987 0.469472 0.502628 0.614985 0.714928 0.575441 0.554193 0.498745 0.609155 0.527817 0.539758 0.402757 0.587382 0.552513 0.38066
 0.488054 0.59194 0.387733 0.556398 0.580862 0.626924 0.62343 0.59921 0.643138 0.613012 0.462621 0.46208 0.444912 0.515875 0.557878 0.369344 0.375066 0.39824 0.468161 0.517797
 0.45599 0.325082 0.302539 0.436304 0.550615 0.619238 0.4721 0.545965 0.467572 0.380321 0.468224 0.544461 0.393481 0.473265 0.470874 0.43285 0.30991 0.244284 0.431947 0.518876
 0.458363 0.515182 0.387166 0.430936 0.369037 0.386295 0.429156 0.419381 0.564021 0.58026 0.896803 0.785232 0.524933 0.507381 0.564187 0.581526 0.538065 0.574037 0.68637 0.513328
 0.469763 0.435829 0.271653 0.313611 0.392262 0.355139 0.513869 0.426282 0.496193 0.39708 0.457568 0.417253 0.596705 0.779832 0.633375 0.641329 0.647335 1.0102 0.940483 0.600857
 0.48097 0.400665 0.362319 0.41977 0.372963 0.319147 0.387755 0.486182 0.517947 0.420105 0.777543 0.614283 0.456158 0.426178 0.553288 0.663604 0.519376 0.351481 0.397538 0.321559
 0.468984 0.407391 0.383427 0.576368 0.598843 0.591095 0.549531 0.6922 0.971076 0.840401 0.852184 1.20369 1.33863 0.609542 0.758714 0.616302 0.594273 0.427267 0.302808 0.313039
 0.442409 0.326 0.362322 0.311684 0.357963 0.385375 0.481302 0.547434 0.481915 0.543896 0.504426 0.507299 0.563737 0.584969 0.667829 0.78796 0.803301 0.697578 0.611381 0.630837
 0.489879 0.583811 0.436989 0.807184 0.500903 0.439655 0.621258 0.558174 0.49533 0.863939 0.757448 0.549504 0.462322 0.522529 0.593784 0.712711 0.821015 0.754513 0.698077 0.389303
 0.470314 0.319568 0.303453 0.400813 0.26283 0.346274 0.364722 0.400216 0.415164 0.65506 0.701889 0.605927 0.507235 0.610645 0.94613 0.52344 0.465708 0.467073 0.671198 0.582913
 0.457899 0.479987 0.400932 0.366041 0.359909 0.419388 0.562991 0.489433 0.45698 0.554491 0.532203 0.564676 0.58236 0.84873 0.713694 0.741336 0.613431 0.517273 0.41496 0.460222
 0.450229 0.278392 0.387697 0.446423 0.383275 0.393602 0.294852 0.311698 0.383476 0.583347 0.425213 0.485179 0.510547 0.846323 0.644071 0.584693 0.663527 0.528081 0.422331 0.455733
 0.475547 0.515099 0.547234 0.510861 0.629191 0.501303 0.496816 0.45184 0.520718 0.555614 0.405796 0.616098 0.566319 0.488895 0.411577 0.506033 0.513394 0.514972 0.476755 0.530287
 0.456591 0.393301 0.290178 0.450626 0.336089 0.334118 0.457878 0.432179 0.535966 0.429598 0.381738 0.271262 0.314068 0.327248 0.32893 0.301081 0.255636 0.337613 0.37023 0.352897
 0.466065 0.389581 0.472049 0.501383 0.487223 0.440843 0.505911 0.527064 0.445305 0.495443 0.614429 0.761828 0.823434 0.837046 0.705386 0.634826 0.534725 0.597129 0.448449 0.449561
 0.433031 0.356062 0.296229 0.360724 0.475096 0.573805 0.818439 1.36491 0.515468 0.450749 0.436182 0.460327 0.482797 0.638049 0.530127 0.667422 0.4718 0.496757 0.425762 0.340643
 0.44248 0.554163 0.47826 0.512878 0.524889 0.489822 0.490169 0.55484 0.595696 0.543877 0.668605 0.638506 0.602824 0.791644 0.506092 0.391524 0.522298 0.484689 0.604122 0.686712
 0.472989 0.36043 0.356581 0.398357 0.360323 0.575249 0.582604 0.531074 0.529693 0.556122 0.47147 0.567239 0.474323 0.531536 0.617167 0.850452 2.47987 1.67603 2.99602 22.7949
 0.460579 0.403879 0.339606 0.398819 0.501633 0.469457 0.614439 0.606442 0.458371 0.523565 0.515346 0.440924 0.406687 0.431174 0.396779 0.372144 0.421492 0.436852 0.488484 0.49467
 0.428507 0.412923 0.370223 0.482192 0.60627 0.757902 0.487708 0.566522 0.391166 0.363753 0.38172 0.488648 0.408069 0.415133 0.387462 0.483508 0.55431 0.445343 0.575883 0.580488
 0.462655 0.355785 0.533874 0.481943 0.430294 0.438519 0.450118 0.581005 0.411051 0.577463 0.428512 0.400277 0.464255 0.611096 0.671736 0.40673 0.491145 0.57901 0.651184 1.01635
 0.46014 0.453612 0.386682 0.448239 0.465591 0.527593 0.420584 0.500194 0.466312 0.579551 0.746733 0.599088 0.415597 0.4625 0.592135 0.47417 0.433165 0.349668 0.471649 0.508422
 0.458887 0.349259 0.340663 0.333542 0.368521 0.340422 0.32632 0.39913 0.47414 0.564752 0.484055 0.687086 0.510533 0.474533 0.456611 0.447388 0.43077 0.570242 0.59622 1.17287
 0.485841 0.425526 0.351473 0.491028 0.50445 0.515747 0.659246 0.675643 0.514959 0.939131 0.723962 0.473554 0.430886 0.543115 0.508811 0.462391 0.465648 0.645555 0.54754 0.487018
 0.455064 0.446371 0.387456 0.512089 0.465482 0.442107 0.498964 0.467899 0.593689 0.62912 0.714609 0.918981 0.88765 0.698103 0.658462 0.525116 0.464369 0.388008 0.46674 0.482373
 0.47088 0.559115 0.427439 0.434489 0.462374 0.636673 0.512745 0.508428 0.457583 0.467944 0.523692 0.487424 0.660996 0.467949 0.504913 0.484186 0.513364 0.487519 0.57963 0.469129
 0.45995 0.464014 0.376547 0.342247 0.296636 0.26598 0.351279 0.450928 0.535332 0.740435 0.500741 0.471914 0.486623 0.487499 0.594241 0.607464 0.441987 0.52084 0.61314 0.418316
 0.469986 0.517827 0.441002 0.27777 0.440236 0.465876 0.554385 0.806742 0.930708 0.401903 0.430186 0.347241 0.351 0.396637 0.471023 0.536518 0.621535 0.574574 0.541873 0.410161
 0.469917 0.496877 0.418045 0.490151 0.732021 0.568777 0.51603 0.417685 0.395562 0.374944 0.399877 0.443627 0.420094 0.58944 0.561978 0.714562 0.709124 0.750129 0.574214 0.477577
 0.463876 0.508191 0.344939 0.357944 0.523615 0.344462 0.256534 0.339003 0.42095 0.322997 0.275187 0.337993 0.393407 0.390723 0.532367 0.404947 0.439114 0.40774 0.518055 0.578664
 0.455703 0.601389 0.42541 0.325492 0.357502 0.459239 0.437299 0.394009 0.408225 0.593332 0.708718 0.456748 0.584929 0.554071 0.575127 0.7888 0.77407 0.729072 0.808382 0.498916
 0.465129 0.486222 0.440186 0.347251 0.403364 0.403092 0.438976 0.517972 0.585287 0.461359 0.443135 0.302367 0.34181 0.282953 0.332091 0.34237 0.386877 0.319102 0.421042 0.577145
 0.473086 0.506571 0.400941 0.410403 0.289776 0.366109 0.423181 0.652194 0.538866 0.374658 0.398994 0.564761 0.681608 0.649052 0.549258 0.510108 0.605535 0.502044 0.529699 0.387819
 0.443099 0.411156 0.419912 0.315787 0.31856 0.450435 0.474025 0.842574 0.801508 1.09211 0.59907 0.636301 0.783795 0.779947 0.731847 0.798234 0.844297 0.587928 0.35484 0.331973
 0.468441 0.467269 0.408885 0.66375 0.487386 0.401524 0.500065 0.714857 0.786923 0.585752 0.781605 0.51977 0.379405 0.501783 0.556536 0.561058 0.524414 0.543052 0.566238 0.75541
 0.468639 0.512693 0.449815 0.580434 0.415631 0.451483 0.603686 0.528392 0.409923 0.428668 0.451212 0.464559 0.527329 0.429835 0.514373 0.683962 0.806264 0.663151 0.705992 0.663105
 0.430841 0.35955 0.272276 0.364718 0.365774 0.43499 0.531501 0.468554 0.441192 0.522986 0.503581 0.57218 0.83982 1.05877 0.85716 0.726772 0.542393 0.674917 0.51639 0.448999
 0.464637 0.413851 0.422608 0.366158 0.450193 0.496477 0.489873 0.73929 0.535756 0.535359 0.371589 0.40531 0.363016 0.421299 0.555358 0.621495 0.482638 0.657852 0.609237 0.496941
 0.468451 0.360947 0.409522 0.457408 0.550942 0.621276 0.529206 0.841062 0.655958 0.404633 0.536911 0.713817 0.527978 0.498699 0.527289 0.548752 0.469835 0.47861 0.659372 0.669192
 0.452057 0.493812 0.328152 0.352524 0.209792 0.291648 0.405528 0.371342 0.593633 0.671333 0.636291 0.807145 0.573635 0.644758 0.588313 0.371307 0.507277 0.785182 0.528232 0.674016
 0.421639 0.323588 0.353715 0.380807 0.472091 0.541566 0.486612 0.47887 0.496836 0.425333 0.467581 0.551628 0.555491 0.449371 0.530921 0.550977 0.561063 0.617426 0.691224 0.691841
 0.454779 0.323707 0.439511 0.360675 0.530432 0.55424 0.606446 0.559463 0.725781 0.895608 0.698128 0.616028 0.722099 0.714386 0.487067 0.878184 0.475091 0.519631 0.512918 0.392881
 0.474549 0.501797 0.513761 0.523407 0.442856 0.413701 0.584224 0.743644 0.76652 0.809568 0.658669 0.412875 0.405805 0.551213 0.349096 0.345553 0.398097 0.42978 0.433094 0.551582
 0.467575 0.379389 0.430531 0.357338 0.366279 0.481592 0.378618 0.387061 0.493793 0.411594 0.502858 0.392702 0.510795 0.500887 0.483729 0.448207 0.397137 0.415725 0.366751 0.370982
 0.44737 0.436915 0.361165 0.351392 0.387043 0.657735 0.68409 0.421533 0.516635 0.8001 0.681018 0.487018 0.329388 0.344049 0.324353 0.432515 0.543436 0.614052 0.734312 1.49191
 0.477429 0.43043 0.751871 0.390286 0.465194 0.50882 0.58945 0.579388 0.412573 0.498165 0.86727 0.542453 0.508568 0.534089 0.433361 0.40897 0.473229 0.424537 0.533726 0.364377
 0.461371 0.412853 0.45896 0.42414 0.350872 0.447079 0.384158 0.404643 0.328887 0.3519 0.335505 0.349674 0.360795 0.352935 0.434663 0.573754 0.517093 0.895726 0.840845 0.969453
 0.456984 0.486757 0.318566 0.332188 0.41746 0.44313 0.47169 0.709199 0.69335 0.698334 0.870786 0.796414 0.929388 0.731827 0.539066 0.496549 0.552107 0.591601 0.467821 0.511497
 0.47447 0.446951 0.378198 0.362294 0.42471 0.424694 0.261243 0.365106 0.521743 0.685101 0.528862 0.625645 0.41928 0.761368 0.65343 0.401965 0.406285 0.518559 0.745339 0.581157
 0.474141 0.41273 0.481173 0.545136 0.66451 0.531132 0.431138 0.395857 0.488797 0.692631 0.599702 0.558838 0.564049 0.527618 0.464001 0.411674 0.400615 0.429109 0.506467 0.42227
 0.433874 0.511997 0.329095 0.304317 0.386965 0.330334 0.332972 0.377709 0.467673 0.469307 0.492713 0.543117 0.488523 0.51202 0.429152 0.35293 0.431492 0.395885 0.339393 0.431341
 0.440136 0.313765 0.519559 0.326868 0.330574 0.364125 0.402123 0.412022 0.457888 0.454962 0.54769 0.545128 0.515563 0.64526 0.549442 1.00994 0.813401 0.667772 0.609103 0.58527
 0.455074 0.338863 0.23089 0.262658 0.36189 0.371717 0.402051 0.559025 0.658434 0.72237 0.854654 0.4389 0.439334 0.400295 0.430522 0.39784 0.269826 0.402396 0.416039 0.369719
 0.481278 0.369497 0.489508 0.541243 0.521857 0.482502 0.474146 0.365264 0.320029 0.425819 0.436866 0.377056 0.451124 0.325022 0.258621 0.433545 0.451772 0.550491 0.577746 0.542716
 0.471396 0.443233 0.369954 0.336309 0.430654 0.384879 0.415635 0.470815 0.522911 0.770082 0.603884 0.645292 0.529973 0.555475 0.678085 0.634121 0.762971 0.725396 0.622908 0.676137
 0.475126 0.54209 0.417155 0.47689 0.34433 0.321044 0.355119 0.448922 0.359333 0.441723 0.268855 0.288316 0.522758 0.461083 0.560271 0.513298 0.660263 0.833434 1.08736 1.33819
 0.45337 0.453288 0.472188 0.568203 0.31621 0.449098 0.385165 0.440304 0.457514 0.426733 0.455464 0.526548 0.522977 0.505074 0.688004 0.740287 0.527979 0.48534 0.470684 0.390962
 0.469702 0.305656 0.374942 0.359005 0.429393 0.541455 0.781865 0.614441 0.568031 0.982883 1.21173 0.983984 0.64361 0.570579 0.532035 0.540289 0.460327 0.407775 0.414424 0.41837
 0.458705 0.368153 0.313644 0.277316 0.345202 0.322298 0.504711 0.491234 0.578299 0.728455 0.516743 0.461916 0.449421 1.04795 0.655114 0.470581 0.386445 0.313429 0.306777 0.382024
 0.453228 0.433419 0.488549 0.473222 0.44679 0.557457 0.457557 0.632418 0.766066 0.79307 1.00878 0.779386 1.01797 0.969634 0.947804 1.04284 0.645427 0.588513 0.47528 0.480692
 0.469886 0.364309 0.441733 0.432777 0.367357 0.40908 0.467774 0.496686 0.497808 0.546349 0.729253 0.478619 0.388448 0.460497 0.503469 0.303807 0.274348 0.335844 0.458041 0.565267
 0.460951 0.478969 0.367061 0.402892 0.532034 0.429119 0.367433 0.317102 0.420298 0.281665 0.32296 0.27903 0.380517 0.297216 0.53012 0.453428 0.569826 0.494885 0.546894 0.565439
 0.46296 0.4209 0.395062 0.405345 0.387125 0.322953 0.308107 0.323146 0.335871 0.340475 0.379904 0.393575 0.648098 0.4376 0.730924 0.457881 0.421594 0.446763 0.412645 0.445119
 0.442401 0.314565 0.252261 0.415 0.383716 0.318302 0.38681 0.407209 0.541596 0.54075 0.899013 0.810649 0.980778 1.57683 0.856487 0.833822 0.796394 0.961099 0.534859 0.546029
 0.450911 0.418235 0.35133 0.373947 0.484578 0.509778 0.593577 0.751546 0.662799 0.802863 0.604698 0.598501 0.687713 0.545358 0.3674 0.4845 0.413288 0.317376 0.51878 0.458224
 0.461742 0.422459 0.479115 0.31397 0.42431 0.557448 0.791038 0.768915 0.973112 1.07401 0.96954 1.03766 0.795781 0.681094 0.525841 0.665225 0.562399 0.477585 0.483431 0.532944
 0.463633 0.460496 0.431154 0.429398 0.409343 0.401929 0.3985 0.57558 0.350909 0.55322 0.352512 0.465475 0.634727 0.56356 0.54702 0.625672 0.545847 0.614278 0.539004 0.680067
 0.456286 0.336475 0.460558 0.449436 0.393601 0.386012 0.433081 0.498552 0.576313 0.465031 0.673522 0.491195 0.482994 0.359848 0.409249 0.523566 0.407066 0.532651 0.598058 0.532574
 0.467462 0.306637 0.328222 0.340791 0.426273 0.551658 0.42354 0.443974 0.352822 0.485748 0.523474 0.531222 0.660015 0.554889 0.511282 0.598559 0.674515 0.656803 0.630009 0.756271
 0.467223 0.462813 0.4879 0.511151 0.453093 0.527022 0.582909 0.343497 0.373494 0.379156 0.373919 0.344254 0.473708 0.462797 0.450013 0.32529 0.782435 0.717063 0.841359 0.50151
 0.460904 0.36342 0.407166 0.461332 0.421981 0.330708 0.488586 0.792333 0.850034 0.498198 0.431566 0.656949 0.650014 0.720514 0.931091 0.559778 0.453203 0.41999 0.319176 0.409195
