 0.786859 0.924817 1.13198 1.06771 0.798796 0.702375 0.658883 0.614787 0.680849 0.707868 0.710138 0.753426 0.654243 0.732016 0.803304 0.813801 0.917426 1.1021 1.21719 1.23184
 0.781237 0.884734 0.975573 0.869784 0.681538 0.646603 0.555435 0.510299 0.524076 0.54973 0.571474 0.593813 0.493692 0.406744 0.422679 0.506499 0.422186 0.525223 0.65027 0.885394
 0.75972 0.70656 0.724179 0.952344 1.17048 1.30222 1.48075 1.53452 1.51503 1.38025 1.15613 0.893732 0.863451 1.13161 1.05135 0.962692 0.880982 0.883565 0.749707 0.655594
 0.85246 1.08792 1.14789 1.00888 0.944629 0.894667 0.688182 0.604582 0.540895 0.471303 0.433299 0.430738 0.499372 0.437838 0.529336 0.874716 0.988885 0.870472 1.06811 1.08243
 0.909467 1.09129 1.10479 1.18784 1.13675 0.909634 0.748043 0.672712 0.626884 0.420051 0.366459 0.425771 0.485114 0.541218 0.68471 0.802599 0.904945 0.561956 0.382667 0.384274
 0.877211 1.08794 1.36477 1.48849 1.47589 1.38776 1.21772 0.951905 0.601319 0.461214 0.561325 0.525591 0.534063 0.575153 0.595128 0.517096 0.608808 0.760591 0.900709 0.939733
 0.743648 0.844786 1.00898 0.990092 0.909848 0.643963 0.608863 0.595128 0.547116 0.552597 0.441533 0.335783 0.346607 0.32975 0.322085 0.282194 0.240912 0.240343 0.300395 0.318537
 0.76506 0.906267 1.40432 1.637 1.32134 1.26827 1.22427 1.22156 1.19881 1.2213 1.55117 2.09607 2.20157 1.84463 1.72177 1.24212 0.908708 0.809726 1.04745 0.971868
 0.861085 1.50904 1.85621 1.63475 1.16289 1.01418 0.949222 0.980868 0.86015 0.911456 0.727227 0.424441 0.443377 0.580477 0.596254 0.643448 0.559249 0.517274 0.507111 0.466483
 0.831634 1.08866 1.53457 1.91137 1.81921 1.47729 1.09694 1.07898 1.02121 0.823427 0.608022 0.540487 0.390243 0.315319 0.237339 0.143164 0.129928 0.131174 0.145592 0.205844
 0.917282 0.791215 0.752334 0.666226 0.626586 0.596705 0.604783 0.575506 0.64301 0.710179 0.68396 0.615213 0.509678 0.619957 0.671757 0.878843 1.1784 1.08934 0.805424 0.629142
 0.748875 0.82939 0.983345 0.861778 0.852519 0.77853 0.764323 0.724361 0.696215 0.819168 0.679888 0.291695 0.183287 0.125415 0.0718704 0.0382337 0.0339322 0.0309934 0.0257131 0.016927
 0.887094 0.752887 0.714365 0.78447 0.694334 0.536494 0.559294 0.571633 0.709209 0.781377 0.748954 0.827193 0.865991 0.959383 0.937974 0.610869 0.655133 0.639195 0.565121 0.481066
 0.768588 0.940768 1.08253 0.851178 0.799927 0.875499 0.727497 0.613729 0.419501 0.442616 0.545002 0.777766 1.0035 1.07015 1.04165 0.984466 0.857237 0.669323 0.484975 0.397933
 0.824663 0.891165 1.08155 1.53196 1.48056 1.22663 1.21105 1.21723 1.39808 1.25352 0.935848 0.791194 0.859399 0.915329 0.800925 0.64724 0.670384 0.750807 0.610054 0.573082
 0.918114 1.40668 1.59701 1.56662 1.19221 0.765309 0.684901 0.713883 0.605608 0.640709 0.790885 0.901723 0.9169 1.2467 1.37194 0.985094 0.829902 0.887336 1.01618 0.735568
 0.870909 1.02906 1.17957 1.18029 1.26501 1.41151 1.61467 1.6087 1.57229 1.18449 0.914373 0.961724 0.889083 0.79331 0.662058 0.741275 0.637286 0.522876 0.546565 0.533408
 0.893609 1.11941 0.875885 0.797867 0.752368 0.703479 0.747687 0.772468 0.583112 0.561093 0.48853 0.408747 0.581928 0.757515 0.791077 0.770088 0.883326 0.746087 0.462959 0.385911
 0.877147 1.05556 1.11803 1.00837 0.937529 0.87004 0.963313 0.953235 0.819446 0.787688 0.775381 0.679765 0.784031 0.982562 0.985431 0.742936 0.696734 0.585934 0.592974 0.593308
 0.78417 1.07652 0.896205 0.656907 0.619426 0.855731 0.973135 0.791634 0.709213 0.708099 0.76491 1.02713 1.14171 1.36752 1.34512 1.07592 0.869781 0.797093 0.877242 0.749671
 0.68296 0.67737 0.71863 0.851115 1.10768 1.11257 0.968279 0.859653 0.72055 0.610416 0.580999 0.541959 0.435502 0.29605 0.19177 0.219731 0.429947 0.591922 0.814465 1.11461
 0.876582 1.17019 1.45024 1.74186 1.59102 1.46155 1.45384 1.30501 1.05975 0.837486 0.604739 0.570052 0.847028 0.981576 1.09147 0.93574 1.043 0.923799 0.681038 0.459148
 0.784567 1.13098 1.57814 1.41632 1.18513 1.11474 1.1546 1.10517 1.08312 0.76439 0.508002 0.399162 0.338317 0.256395 0.255064 0.321999 0.336201 0.348231 0.437708 0.496908
 0.889635 1.03377 1.1059 1.29177 1.1903 1.09144 0.950248 0.704371 0.512104 0.485761 0.43877 0.487351 0.455311 0.410035 0.388291 0.5128 0.638133 0.606681 0.675275 0.831063
 0.91231 1.02881 1.0525 1.18098 1.33807 1.42657 1.4493 1.24863 1.18036 1.01909 0.956735 0.839829 0.741494 0.774123 0.807009 0.838589 1.01468 0.877665 0.699859 0.854658
 0.894639 0.808378 0.661031 0.717003 0.742625 0.626164 0.544897 0.489633 0.540662 0.434022 0.365207 0.392534 0.414599 0.525379 0.735485 0.844289 0.801048 0.827 0.640822 0.501778
 0.775628 1.12438 1.12363 1.21675 0.998163 0.841706 0.956592 0.757677 0.583613 0.629607 0.567587 0.453436 0.419389 0.479725 0.490899 0.476099 0.468554 0.472946 0.356846 0.376855
 0.834376 0.862722 0.826955 0.892664 0.876037 0.757986 0.853727 0.820287 0.711351 0.717168 0.901213 1.04512 0.783908 0.642262 0.684517 0.56404 0.582845 0.65179 0.736998 0.781173
 0.732573 0.850632 0.951428 1.18465 1.33637 1.15525 1.14154 1.11151 0.86532 0.58248 0.574142 0.612581 0.582599 0.507402 0.525997 0.487219 0.516643 0.714941 0.708003 0.625796
 0.873674 1.26377 1.46369 1.56774 1.41709 1.24994 0.917711 0.506391 0.423378 0.401839 0.390046 0.283437 0.273521 0.378992 0.510384 0.603058 0.647057 0.358614 0.299728 0.454514
 0.881951 1.06926 1.56779 1.81788 1.52303 1.34189 1.14963 0.991043 0.992737 1.06756 0.861686 0.822688 0.761641 0.725273 0.71887 0.942044 0.982234 1.08753 0.996909 0.83088
 0.859232 0.869673 0.731931 0.648616 0.536182 0.504816 0.435978 0.335979 0.319529 0.241408 0.184893 0.273647 0.392607 0.466264 0.49537 0.426583 0.374376 0.411707 0.491143 0.465241
 0.777801 0.936364 1.14668 1.05 0.685205 0.539335 0.524696 0.446219 0.404394 0.477509 0.369739 0.330425 0.432246 0.641083 0.660398 0.847471 1.0732 1.2032 0.92999 0.972532
 0.820368 1.00644 1.08884 1.12121 0.938822 0.639645 0.372033 0.326066 0.292029 0.256965 0.324684 0.375085 0.467708 0.636793 0.596439 0.753047 0.718969 0.690824 0.9277 0.883137
 0.72386 0.7981 0.93474 0.911894 0.864439 0.909426 0.686569 0.576439 0.642158 0.589261 0.40977 0.285229 0.249391 0.34188 0.52843 0.58109 0.479761 0.481092 0.281616 0.248118
 0.860757 0.899002 1.0905 1.26801 1.35481 1.40592 1.1531 1.38339 1.36028 1.04646 1.01409 1.0007 1.21206 1.07867 0.988177 0.890249 0.650887 0.452326 0.429514 0.293791
 0.818452 1.05835 1.40886 1.32449 1.48807 1.54469 1.57254 1.771 1.46431 1.56336 1.67889 1.3996 1.30905 1.21515 0.978741 0.844054 0.575257 0.484696 0.443556 0.463653
 0.881817 1.24255 1.26228 1.08632 0.945149 0.877172 1.13677 1.57187 1.48876 1.72406 1.38883 1.08001 0.81634 0.582133 0.592426 0.482046 0.476485 0.446393 0.379374 0.506844
 0.838238 0.932308 0.945799 0.849748 0.823457 0.777162 0.436094 0.280465 0.242662 0.296134 0.318129 0.264758 0.344287 0.443504 0.451025 0.502036 0.483601 0.431747 0.482943 0.479688
 0.864788 1.06532 1.4522 1.42603 1.05152 0.84069 0.827554 0.678414 0.465001 0.448011 0.5195 0.509909 0.517818 0.546643 0.695455 0.706954 0.651668 0.667664 1.00822 1.47729
 0.75379 0.909901 1.0186 0.860314 0.811715 0.750429 0.68288 0.727604 0.685904 0.573496 0.487308 0.459062 0.495828 0.470217 0.333072 0.234378 0.133831 0.105853 0.139967 0.244821
 0.807479 1.19681 1.29989 1.25932 1.25571 0.982487 0.924819 0.798192 0.696549 0.859863 0.877916 0.814651 0.57453 0.633195 0.656324 0.588135 0.598137 0.701023 0.796949 0.766636
 0.903931 1.05077 0.86863 0.765046 0.770468 0.779449 0.648762 0.671792 0.656553 0.731844 0.964157 1.03817 1.08741 1.16792 0.89544 0.588931 0.504421 0.399955 0.342069 0.283103
 0.83937 0.909873 0.932639 1.00259 0.9498 0.800721 0.708503 0.617926 0.567712 0.634535 0.741858 0.783723 0.802189 0.916849 0.975864 0.917001 0.976851 0.858287 0.852027 0.964279
 0.749394 1.13919 1.35879 1.13843 1.28965 1.15466 0.826967 0.586577 0.456442 0.440602 0.467622 0.579637 0.745438 0.979988 1.07514 0.957629 0.665226 0.728658 0.710959 0.701037
 0.852707 1.0515 1.35839 1.44586 1.15157 0.916841 0.711 0.676486 0.427109 0.398742 0.44534 0.475046 0.458186 0.440503 0.60592 0.722114 0.645487 0.643621 0.604096 0.503177
 0.841505 1.01514 1.0573 1.0594 1.218 1.1034 0.833902 0.812602 0.786639 0.735047 0.803295 0.979583 1.0388 1.17521 1.30931 1.2084 1.12495 0.803506 0.572723 0.626251
 0.807886 0.795193 0.851782 1.08717 1.19778 1.33003 1.11228 0.854744 0.946642 0.761202 0.56458 0.507691 0.532165 0.55334 0.431618 0.375077 0.394971 0.334537 0.300777 0.413433
 0.710275 0.874697 1.21591 1.34952 1.08837 1.06133 1.0297 1.09253 1.06896 0.969182 0.869915 0.804222 0.561992 0.455808 0.363969 0.323188 0.364501 0.512368 0.505032 0.509444
 0.8293 1.05649 1.11719 1.11719 1.31678 1.48871 1.42472 1.18125 0.843881 0.675991 0.758717 0.534843 0.366873 0.330869 0.335212 0.293109 0.345853 0.385673 0.467723 0.443168
 0.909959 0.799477 0.743166 0.674984 0.660264 0.636997 0.725169 0.73696 0.612976 0.623984 0.62895 0.692736 0.84814 1.15261 1.046 0.908902 0.943048 1.1767 1.28735 1.03297
 0.770771 0.996225 1.06079 0.863054 0.835495 0.729507 0.747007 0.917099 0.788056 0.736282 0.816165 0.775546 0.762954 0.597279 0.530835 0.558157 0.426927 0.307582 0.197426 0.18509
 0.813512 0.882051 0.917121 0.742129 0.708894 0.830715 0.727308 0.649824 0.600629 0.63031 0.665463 0.653191 0.611378 0.636364 0.563378 0.478021 0.411402 0.435406 0.459653 0.545268
 0.785798 0.761357 0.73906 0.778141 0.732033 0.66071 0.650722 0.753945 0.864839 0.685777 0.742449 0.793605 0.809049 0.693756 0.658992 0.545111 0.56255 0.646208 0.570465 0.484305
 0.908243 0.828014 0.756462 0.75519 0.787704 0.703027 0.620187 0.559709 0.713085 0.784398 0.695389 0.737452 0.717985 0.75618 0.654768 0.650756 0.574283 0.513897 0.414747 0.332118
 0.854005 1.06809 1.23176 1.28504 1.13389 1.25197 1.28869 0.969001 0.890554 1.15921 1.37349 1.08992 0.880991 0.776388 0.71219 0.626651 0.585201 0.587288 0.696621 0.81211
 0.861175 0.944295 1.00352 0.932594 0.700818 0.478622 0.381154 0.362701 0.293803 0.294177 0.377404 0.475779 0.52874 0.607747 0.680301 0.635169 0.658114 0.531299 0.528781 0.420614
 0.753773 0.769444 0.797091 0.718029 0.703431 0.88447 1.05836 1.07352 0.706971 0.543621 0.562053 0.712233 0.68005 0.485484 0.418437 0.499172 0.461924 0.452311 0.494566 0.462955
 0.738594 1.18509 1.14431 1.27175 1.21251 0.905738 0.860055 0.739313 0.78633 1.08103 1.3433 1.32102 1.24341 1.09466 0.861173 0.821357 0.876529 0.6673 0.667849 0.611981
 0.758563 0.868886 1.10879 0.971449 0.863992 0.849065 0.742443 0.50575 0.345583 0.441692 0.473829 0.396692 0.287615 0.21106 0.196207 0.249578 0.247474 0.308698 0.389862 0.45536
 0.962337 1.32365 1.21538 1.08213 0.877781 0.754063 0.826063 0.851679 0.894048 0.808851 0.702716 0.771939 0.939308 0.992379 0.763655 0.624158 0.55973 0.518759 0.435712 0.365097
 0.898633 1.21316 1.15412 1.01057 1.05068 0.803585 0.708181 0.839851 0.762748 0.725827 0.657703 0.543113 0.653372 0.668097 0.583007 0.55351 0.456806 0.411203 0.332244 0.408272
 0.801253 0.926437 0.809527 0.760977 0.816878 0.948671 1.08201 0.894423 0.861177 0.878571 0.746618 0.538721 0.485147 0.468206 0.434858 0.450468 0.484816 0.383223 0.386728 0.41075
 0.797857 0.758824 0.690681 0.753772 0.856159 1.05986 1.06353 0.888877 0.890053 0.727245 0.636852 0.703992 0.575733 0.420838 0.317275 0.271765 0.269867 0.229889 0.233324 0.236245
 0.77973 0.958337 1.11612 0.837931 0.678524 0.939504 0.973962 0.833855 0.790308 0.889446 1.00877 1.01943 0.905889 0.871896 0.857948 0.628577 0.62403 0.538324 0.552053 0.702393
 0.645155 0.638189 0.922053 1.04438 0.907315 0.587823 0.489835 0.500169 0.6129 0.720583 0.753563 0.790855 0.994713 0.817764 0.701317 0.433947 0.339565 0.377281 0.33601 0.489573
 0.904788 1.05185 1.02707 1.1026 1.23035 1.0455 0.959004 0.988118 0.955468 0.796159 0.635649 0.513112 0.477716 0.440611 0.449214 0.420664 0.396028 0.418781 0.4842 0.40356
 0.89073 1.03858 1.36987 1.25455 1.10861 1.05122 1.00274 1.01085 0.952802 0.757084 0.465711 0.34346 0.454828 0.469514 0.468339 0.46798 0.433703 0.427521 0.373091 0.337146
 0.901234 0.810954 0.69624 0.762188 0.77719 0.681514 0.567399 0.558183 0.694204 0.601829 0.65806 0.745954 0.705236 0.789232 0.761149 0.661781 0.784354 0.848841 0.905188 0.996057
 1.02052 1.06992 1.14019 1.30991 1.31883 1.35737 1.58803 1.52483 1.34705 0.864942 0.540026 0.461862 0.331985 0.216627 0.144879 0.160413 0.25782 0.294894 0.345247 0.481324
 0.831355 0.953614 0.999315 0.872649 0.771681 0.827708 0.8821 0.827878 0.689705 0.640241 0.694704 0.620982 0.650604 0.862648 1.14355 1.24975 1.23215 1.02389 1.11832 1.3476
 0.756984 0.649089 0.758369 0.958296 1.02643 0.840297 0.713868 0.637966 0.540704 0.498828 0.601343 0.649203 0.652071 1.05974 1.20637 1.31115 1.48236 1.47844 1.15709 1.08648
 0.864315 1.09311 0.926143 0.753337 0.697061 0.788466 0.982084 0.845025 0.684324 0.583042 0.583211 0.626783 0.515328 0.422902 0.357072 0.488424 0.468695 0.397036 0.372159 0.453653
 0.68136 0.810878 0.973985 0.933414 0.791551 0.688281 0.560892 0.481532 0.590685 0.502574 0.314481 0.291968 0.368594 0.373754 0.401007 0.425858 0.504264 0.529791 0.657924 0.64096
 0.820461 0.833694 0.863635 1.04844 1.10324 1.01501 0.798292 0.710427 0.684552 0.559352 0.333189 0.309332 0.271213 0.308764 0.495284 0.503499 0.561881 0.59071 0.507757 0.504396
 0.771341 0.784721 0.794468 0.668041 0.572296 0.527738 0.648961 0.808305 0.893894 1.03582 1.06649 1.00392 1.06673 1.0731 0.99588 1.01029 1.00419 0.877388 0.804079 0.947449
 0.878348 1.15534 1.36059 1.5045 1.44614 1.20661 1.14016 1.03928 0.687512 0.459432 0.405958 0.559991 0.78379 0.840111 0.855448 0.723383 0.702834 0.646621 0.618048 0.578538
 0.79577 1.04365 0.969714 0.840471 0.872734 0.639536 0.654452 0.662765 0.654594 0.691465 0.859105 0.925771 0.672017 0.488614 0.416321 0.31971 0.342596 0.445415 0.426646 0.349549
 0.738064 0.686355 0.787011 0.871518 0.839763 0.73911 0.620364 0.626368 0.571042 0.444953 0.460863 0.4705 0.465795 0.23242 0.132333 0.173126 0.217574 0.235878 0.222868 0.265321
 0.828996 1.12433 1.27209 1.31728 1.20969 0.890828 0.791016 0.746263 0.744035 0.708204 0.658678 0.535942 0.564397 0.461448 0.420515 0.474558 0.39069 0.358133 0.369693 0.351066
 0.754413 0.794951 0.883139 0.752145 0.600668 0.539545 0.532993 0.479538 0.48266 0.457311 0.418039 0.467555 0.422507 0.397309 0.406929 0.41986 0.509601 0.700961 0.906414 1.04729
 0.834953 1.07284 0.99658 0.887566 0.751329 0.706839 0.701122 0.701604 0.704468 0.631584 0.646723 0.822103 0.941071 0.886049 0.769554 0.700529 0.596508 0.77008 0.99839 0.772756
 0.77754 0.930065 0.861331 0.763609 0.789795 0.902428 0.809009 0.525897 0.459446 0.427054 0.546915 0.568072 0.477067 0.452721 0.459798 0.445131 0.347831 0.385264 0.376739 0.323615
 0.916059 0.871829 0.783769 0.652043 0.625786 0.585927 0.704737 0.704508 0.722349 0.962555 1.11102 1.06869 1.15788 1.1844 1.32728 1.36306 0.997662 1.0964 1.04675 0.967451
 0.832883 0.879533 0.923292 1.00199 0.978436 1.46597 1.83811 1.74047 1.86177 1.54527 1.3708 1.09783 0.964577 0.897152 0.852237 0.635007 0.616396 0.589525 0.628056 0.954771
 0.817409 0.98699 0.977519 1.08092 0.826474 0.67769 0.54295 0.36341 0.316515 0.365343 0.280127 0.243201 0.196643 0.200729 0.273049 0.315743 0.343103 0.334733 0.305678 0.326849
 0.735885 0.83864 0.92831 1.01159 1.03902 1.14626 1.09323 1.21786 1.23772 1.18896 1.07395 0.856991 0.656633 0.705599 0.836323 1.04538 0.972087 1.00298 1.10005 0.942513
 0.798829 0.905044 0.833291 0.788 0.648582 0.333929 0.299971 0.393449 0.46746 0.432626 0.327335 0.26437 0.276376 0.331372 0.415199 0.589025 0.664178 0.645719 0.435342 0.336384
 0.887805 0.880074 0.852011 1.04849 1.4799 1.21278 0.944207 0.938394 0.693356 0.521858 0.571148 0.555897 0.500251 0.430881 0.442153 0.461588 0.546129 0.698823 0.62033 0.711474
 0.768218 0.730624 0.787314 0.858413 0.762653 0.590943 0.578229 0.558682 0.474621 0.378821 0.341843 0.482752 0.532133 0.52262 0.507087 0.538086 0.487028 0.572053 0.518211 0.511738
 0.717135 0.908209 1.1065 1.57399 1.85964 1.3606 1.30308 1.23097 0.783838 0.441256 0.331873 0.24209 0.23799 0.218466 0.17435 0.269809 0.312572 0.330335 0.43133 0.52833
 0.804858 0.83715 0.63907 0.541544 0.581146 0.69234 0.737253 0.568867 0.581365 0.698402 0.800702 0.86286 0.76726 0.619325 0.61161 0.677733 0.697488 0.687202 0.739241 0.72608
 0.791023 0.977969 1.16755 1.20538 1.08857 1.04608 1.33891 1.2609 1.12836 1.13334 0.924836 1.1137 1.23419 1.10701 0.866528 0.727255 0.803588 0.865405 0.669757 0.574966
 0.902569 0.958732 0.872766 0.808983 0.812079 0.727741 0.567354 0.523188 0.541939 0.502266 0.503481 0.532762 0.49214 0.549545 0.653799 0.702975 0.688361 0.850635 0.871071 0.55536
 0.762841 1.00668 1.11417 1.23547 1.19691 1.05933 1.04261 0.865284 1.03679 1.11896 1.05354 0.935243 0.808235 0.730669 0.757664 0.585591 0.636656 0.899888 0.826801 0.665554
 0.719357 0.865596 1.06669 1.35114 1.36285 0.80107 0.67443 0.878617 1.20859 1.29062 1.15078 1.02184 0.943553 0.864722 0.495902 0.49144 0.424577 0.315915 0.333382 0.32978
 0.771305 0.758586 0.809369 0.995495 0.911324 0.687354 0.701043 0.760898 0.661067 0.429375 0.427252 0.468017 0.544843 0.609974 0.582113 0.544945 0.575594 0.720489 0.709029 0.863617
 0.678591 0.761621 0.873772 0.925951 0.892687 0.859683 0.74978 0.822296 0.670537 0.597628 0.646899 0.745764 0.831306 1.06816 1.192 1.02469 1.07113 0.990134 0.816772 0.709031
 0.949689 1.24319 1.39708 1.35946 1.04166 0.776848 0.656883 0.539078 0.428023 0.296358 0.272364 0.2964 0.276984 0.212624 0.195401 0.28788 0.282459 0.316823 0.436289 0.420745
 0.795212 0.798102 0.898884 0.941721 0.781785 0.716735 0.784808 0.748547 0.686625 0.847021 0.883626 0.89839 0.890963 1.082 1.42769 1.3712 1.06984 0.965202 0.732901 0.620717
 0.802711 1.03899 1.18783 1.09286 1.00412 0.882407 0.683177 0.57616 0.673854 0.731104 0.815243 0.815467 0.862586 0.699632 0.478322 0.439291 0.474992 0.391863 0.302389 0.198192
 0.84645 1.15424 1.4614 1.54708 1.31123 1.0393 0.918308 0.832087 0.754889 0.51559 0.296702 0.30582 0.384183 0.347154 0.361287 0.398309 0.534954 0.48579 0.42579 0.536927
 0.823422 0.708737 0.632259 0.588113 0.610034 0.663231 0.607717 0.511782 0.405803 0.381574 0.349439 0.320295 0.320575 0.289538 0.171684 0.168689 0.218624 0.210115 0.221514 0.312267
 0.812165 0.822529 0.658019 0.518788 0.432871 0.357436 0.390104 0.533966 0.718527 0.784822 1.00344 1.05743 1.0017 1.01269 0.989999 1.00366 0.90192 0.726342 0.721668 0.661523
 0.790044 0.830043 0.882353 0.932653 0.970595 0.875351 0.656111 0.702281 0.722961 0.65811 0.607817 0.608837 0.637456 0.696005 0.878753 0.962036 0.977585 1.0279 0.788057 0.407317
 0.942176 1.0711 1.15636 0.846186 0.697938 0.573451 0.410965 0.374568 0.226272 0.174151 0.196535 0.213978 0.152512 0.186575 0.228474 0.274852 0.277471 0.298254 0.491219 0.647155
 0.743801 0.848891 0.884149 0.854025 0.591124 0.542976 0.62791 0.585415 0.433562 0.492889 0.482054 0.353427 0.302115 0.333962 0.390216 0.488234 0.659589 0.92277 0.942028 0.967216
 0.821695 0.859823 0.857426 0.828332 0.796109 0.757717 0.574816 0.473571 0.392155 0.347175 0.448868 0.48707 0.397132 0.295692 0.285468 0.365102 0.421181 0.533516 0.690917 0.734957
 0.935094 1.13346 1.17962 0.82662 0.894924 0.982686 0.823087 0.63048 0.578343 0.680681 0.648934 0.526151 0.465505 0.57569 0.543137 0.543663 0.657793 0.666045 0.617619 0.5862
 0.839551 1.23348 1.0958 0.979343 1.03992 0.982531 1.04065 1.22667 1.17623 1.07131 0.983491 1.08017 0.887779 1.01015 1.08736 0.990483 0.966342 1.13616 1.24 1.05563
 0.849333 1.07233 1.11924 1.03644 1.18935 1.49963 1.04119 0.944971 0.964443 1.00422 0.761721 0.742771 0.827581 0.574408 0.522546 0.50056 0.46618 0.522504 0.541541 0.460095
 0.880964 1.09176 1.16475 0.971298 0.93385 0.900002 1.07836 1.21542 0.972195 0.927554 0.682587 0.689342 0.7075 0.628602 0.577813 0.568831 0.53269 0.524943 0.46412 0.481045
 0.833686 0.910308 0.955947 0.804494 0.662864 0.785503 0.667502 0.680316 0.549855 0.450073 0.426098 0.517599 0.671929 0.578488 0.469718 0.577218 0.863363 1.04682 1.08402 1.22611
 0.743092 0.941463 1.0452 1.08428 0.803984 0.563053 0.696194 0.825001 0.87565 0.713138 0.676064 0.632613 0.552559 0.544981 0.438246 0.431771 0.610645 0.708112 0.72202 0.784042
 0.864364 0.924712 0.996315 0.994228 0.693836 0.527639 0.490386 0.477489 0.528039 0.359058 0.241303 0.145544 0.131749 0.192516 0.203888 0.238851 0.263909 0.304827 0.355209 0.483768
 0.854342 0.939545 1.00614 0.846529 0.745666 0.643674 0.50902 0.587961 0.590251 0.537427 0.694158 0.832012 0.672142 0.598278 0.474807 0.453417 0.527835 0.680948 0.694997 0.755161
 0.806962 0.989636 1.20437 1.24118 1.18081 0.981274 0.922055 1.05128 1.16123 1.10945 1.35412 1.2169 1.00377 0.832969 0.838495 0.845229 0.852548 0.834569 0.944791 1.05397
 0.820814 0.867141 0.810841 0.749078 0.792997 0.725483 0.603653 0.580863 0.614989 0.645846 0.458853 0.331138 0.300033 0.351327 0.303893 0.263554 0.223173 0.234646 0.251695 0.330936
 0.844893 1.03919 0.951906 0.87209 0.820313 0.606666 0.521534 0.512154 0.528961 0.446261 0.357689 0.448072 0.44942 0.249961 0.237639 0.317651 0.518147 0.650711 0.683382 0.651321
 0.804984 0.925497 0.997068 0.867724 0.814993 0.767596 0.774756 0.761147 0.733325 0.605841 0.337846 0.339032 0.395414 0.308865 0.26456 0.201991 0.192996 0.293951 0.330882 0.443459
 0.765589 0.966375 1.05713 1.07143 0.759497 0.508681 0.36854 0.31821 0.258415 0.228065 0.198231 0.226118 0.26977 0.407872 0.54684 0.852413 1.06131 1.17937 1.11512 1.14833
 0.842557 0.868818 0.706595 0.694193 0.66531 0.589172 0.686729 0.813823 0.850863 0.937746 0.859303 0.670693 0.506959 0.556942 0.777847 0.900703 0.975935 0.962098 0.81911 1.02024
 0.75473 0.792504 0.888107 0.904439 0.948315 1.02371 1.3414 1.14372 0.902949 0.910482 0.707565 0.626739 0.288335 0.137724 0.234801 0.268936 0.229786 0.278439 0.355543 0.358933
 0.797194 0.920179 1.28345 1.43612 1.44214 1.08696 0.813915 0.654734 0.669153 0.704572 0.768565 0.895329 0.824478 0.786732 0.664196 0.551127 0.636771 0.779983 0.782079 0.786073
 0.938989 1.16837 1.15135 0.842828 0.810789 1.04709 1.14397 1.10182 1.04793 0.769572 0.692747 0.636637 0.526128 0.259259 0.236346 0.275661 0.248552 0.362325 0.56205 0.676794
 0.867765 1.09701 1.2664 0.876824 0.883145 1.41369 1.1814 0.920316 0.687176 0.566692 0.430895 0.491329 0.615014 0.687696 0.795545 0.796003 0.59246 0.449685 0.453478 0.476228
 0.73974 1.02545 1.21746 1.01076 1.06082 1.12652 1.1758 1.09686 0.94782 0.650547 0.428087 0.304441 0.377214 0.446054 0.519475 0.532709 0.623376 0.707788 0.756881 0.850558
 0.817537 0.800798 1.05763 1.41126 1.26307 0.93836 0.732214 0.650775 0.683252 0.613502 0.604346 0.593548 0.5519 0.603167 0.769348 0.778001 0.608537 0.462334 0.388202 0.422809
 0.849685 1.21761 1.30152 1.15145 0.993834 1.06276 0.998344 0.918215 0.871392 0.718474 0.683727 0.748074 0.764422 0.755055 0.745013 0.845343 0.836614 0.643372 0.60419 0.667176
 0.85968 1.09383 1.01618 1.06662 1.01153 0.98659 0.963426 0.886937 0.771643 0.618937 0.582149 0.620035 0.674934 0.532687 0.516089 0.437254 0.538234 0.618137 0.50944 0.565204
 0.916436 0.789031 0.814589 0.830309 0.793439 0.667039 0.512094 0.474662 0.48194 0.463763 0.531517 0.543767 0.568492 0.57563 0.481228 0.473794 0.56836 0.668182 0.745767 0.677906
 0.773963 1.03501 1.27865 1.35559 1.26722 0.873372 0.919195 0.954006 0.892273 1.02194 1.05502 0.885727 0.970641 1.37757 1.32802 1.08752 0.834827 1.06453 1.31804 0.923044
 0.840687 1.02385 1.06291 0.919921 0.80204 0.875483 0.859654 0.829081 0.659824 0.621032 0.510327 0.445073 0.538729 0.575667 0.533859 0.51955 0.557657 0.65776 0.599495 0.577241
 0.84756 0.840007 1.02157 1.22589 1.12287 1.36301 1.23218 1.1902 1.07152 1.05527 0.924691 0.970955 0.783835 0.474894 0.325533 0.313698 0.376049 0.461123 0.295794 0.284624
 0.779131 0.80009 0.829818 0.893408 1.05775 1.19667 1.28676 1.15018 0.923646 1.03055 0.8928 0.610295 0.593914 0.733813 0.780233 0.677355 0.490141 0.495379 0.484691 0.557476
 0.799055 0.8895 0.980414 0.874991 0.738729 0.692354 0.680681 0.525648 0.288585 0.195412 0.187783 0.192998 0.151344 0.19481 0.30593 0.310931 0.253472 0.211358 0.260357 0.392643
 0.770883 1.12786 1.13717 1.0895 1.04016 1.02089 0.937832 0.801077 0.703492 0.668529 0.666863 0.660303 0.567243 0.641199 0.739214 0.787063 0.705934 0.515547 0.407978 0.365303
 0.890279 0.73582 0.668389 0.453183 0.33487 0.44203 0.526595 0.476521 0.61187 0.68585 0.661625 0.628127 0.589943 0.498769 0.526098 0.47384 0.367726 0.356684 0.300386 0.372892
 0.722705 0.785189 1.01116 0.971126 1.09538 1.14363 1.24391 1.2539 1.13817 0.902775 0.549343 0.347958 0.342695 0.35046 0.344468 0.332158 0.377102 0.56302 0.700335 0.630806
 0.889888 1.10891 1.18275 1.18183 1.18976 1.03148 0.858796 0.707964 0.62616 0.525279 0.502103 0.593154 0.733331 0.651844 0.429928 0.35524 0.347928 0.382375 0.573321 0.70245
 0.717852 1.044 1.50168 1.38567 1.16622 1.04012 1.02071 1.14179 1.12401 0.902057 0.766913 0.714731 0.751962 0.559612 0.373486 0.38605 0.39449 0.417011 0.534202 0.545945
 0.870958 0.988575 0.833716 0.807793 0.660164 0.521543 0.529054 0.578392 0.461182 0.28073 0.395616 0.56421 0.635599 0.748175 0.842951 0.899002 0.87106 0.819088 1.03109 1.09688
 0.822911 0.923301 1.30119 1.35754 1.26219 1.38877 1.30588 1.18437 0.935565 0.907343 0.845097 1.03792 1.43423 1.38324 1.17803 0.925098 1.25336 1.44001 1.0834 0.957408
 0.812244 1.05616 1.51509 1.58399 1.52267 1.49118 1.25609 0.856491 0.693835 0.693169 0.630003 0.518228 0.377857 0.278034 0.218744 0.210801 0.243594 0.207523 0.242299 0.401242
 0.807346 1.06746 1.16739 1.07672 0.881163 0.782286 0.768738 0.491222 0.394585 0.431507 0.396154 0.372055 0.451202 0.466906 0.597418 0.616626 0.681124 0.965513 0.970814 0.990263
 0.955766 1.39079 1.58715 1.37033 0.888656 0.613839 0.536967 0.559158 0.555328 0.612997 0.634711 0.634552 0.739012 0.710075 0.703499 0.827469 0.752242 0.659723 0.597071 0.444956
 0.761402 0.824784 1.06379 1.00245 0.943057 0.728093 0.581852 0.656163 0.80966 0.870388 0.86656 0.638077 0.527544 0.520619 0.490226 0.36524 0.137919 0.0790813 0.0532661 0.0199485
 0.815267 0.91068 0.996178 1.08445 0.881512 0.867341 0.718753 0.51687 0.637059 0.77205 0.704374 0.688753 0.834688 0.816328 0.796828 0.837382 0.777641 0.71822 0.607806 0.611376
 0.861205 1.25037 1.38759 1.15407 0.823984 0.45491 0.378187 0.308869 0.295836 0.382467 0.791503 0.885296 0.858105 0.79426 0.77813 0.668221 0.466492 0.439005 0.548032 0.630009
 0.766996 1.07216 1.23014 1.07405 0.949227 0.823021 0.704445 0.590085 0.622258 0.591147 0.437776 0.444054 0.518067 0.599988 0.563323 0.563446 0.580373 0.44665 0.417773 0.356673
 0.859039 0.97961 1.06034 1.00731 0.965526 0.789121 0.785471 0.749761 0.702093 0.674789 0.605327 0.493309 0.64504 0.866119 0.960776 0.910884 0.97319 1.24464 1.06104 0.658053
 0.76017 0.899526 0.96147 1.03995 1.18128 1.20206 1.18153 1.1362 1.0451 0.761937 0.696033 0.693398 0.625117 0.683179 0.665326 0.633809 0.658552 0.649289 0.667711 0.483544
 0.783236 0.687764 0.793113 0.953981 0.901346 0.799749 0.615167 0.397267 0.474516 0.518255 0.472416 0.493957 0.586903 0.589428 0.588306 0.654406 0.753009 0.759575 0.686639 0.606943
 0.849819 0.976506 0.974079 0.831969 0.676544 0.700185 0.756605 0.683751 0.622058 0.520676 0.489524 0.410568 0.345604 0.337432 0.370857 0.43265 0.458909 0.528989 0.581093 0.585963
 0.86704 0.956084 1.20913 1.30187 1.40989 1.14058 0.90782 0.782336 0.691518 0.589677 0.615343 0.759285 0.558391 0.500082 0.571464 0.738806 0.774611 0.909875 0.819431 0.721438
 0.876879 1.03338 1.17188 1.2303 1.24257 1.38141 1.27742 1.04492 0.825787 0.593009 0.607654 0.741096 0.680824 0.646462 0.659951 0.407267 0.331137 0.319627 0.336481 0.491414
 0.892479 0.95219 0.740328 0.732795 0.703696 0.682594 0.698188 0.727245 0.582732 0.65926 0.839349 0.888436 0.984754 0.836782 0.731879 0.703815 0.565712 0.438071 0.492282 0.554012
 0.801242 0.852182 0.805153 0.80997 0.692207 0.599575 0.489624 0.556441 0.791098 1.13829 1.35009 1.21699 1.11046 0.880585 0.759662 0.70644 0.693864 0.605291 0.560605 0.554377
 0.831531 0.874676 0.909646 1.27846 1.06355 0.802535 1.01355 1.23903 1.37535 1.10589 1.16548 1.10645 0.956446 0.957555 0.917917 0.861547 0.692031 0.579303 0.523424 0.504912
 0.887882 1.02826 0.830125 0.747482 0.867974 1.05434 1.10721 0.896213 0.894496 0.789684 0.522691 0.433614 0.349871 0.30386 0.371788 0.307866 0.228158 0.217194 0.213727 0.248211
 0.877463 1.01071 0.94695 1.03009 1.05257 1.01425 0.964952 0.782654 0.511424 0.459106 0.560786 0.813595 0.974163 1.11223 1.11253 1.15872 0.92191 0.813847 0.89275 0.850441
 0.879646 0.869967 0.851101 0.701533 0.84349 0.948107 1.00836 0.950906 0.787523 0.818119 1.01691 1.0471 0.898806 0.695253 0.614834 0.643458 0.530189 0.450973 0.380085 0.45685
 0.849902 1.094 1.07637 1.0206 1.02018 0.852264 0.935455 0.870515 0.764754 0.465209 0.365211 0.36543 0.320622 0.329828 0.379626 0.370332 0.279377 0.23865 0.319397 0.541218
 0.8448 0.879571 0.955401 0.812104 0.503495 0.461711 0.493192 0.607409 0.486917 0.507808 0.571581 0.551881 0.688775 1.01538 1.13419 0.957343 0.776298 0.688848 0.669473 0.580292
 0.876949 0.907789 0.839365 0.63749 0.638784 0.752439 0.757455 0.619108 0.719016 0.921224 1.05306 1.16526 0.986449 0.814106 0.675166 0.468649 0.287165 0.266113 0.285134 0.343191
 0.827012 1.04827 1.39748 1.41325 1.42029 1.52025 1.43365 1.10786 0.908227 0.68428 0.557236 0.509187 0.368418 0.237534 0.201403 0.280265 0.462257 0.530862 0.482959 0.531724
 0.806821 0.930893 0.880145 0.909417 0.851764 0.658038 0.658842 0.848535 0.867618 0.776368 0.818531 0.819449 0.765914 0.863741 0.812617 0.715008 0.711276 0.624149 0.545412 0.628429
 0.750608 0.835166 0.850142 0.684064 0.505461 0.428383 0.513132 0.608574 0.511635 0.607956 0.720582 0.541924 0.463383 0.497137 0.536765 0.507974 0.457275 0.566068 0.577677 0.487922
 0.897851 0.986279 1.07074 0.975623 1.22175 1.41967 1.24132 1.24071 1.37096 0.937421 0.651592 0.470729 0.441197 0.476903 0.36355 0.432318 0.586673 0.488512 0.360647 0.385685
 0.800958 1.2742 1.57859 1.40228 0.955108 0.625669 0.549184 0.620163 0.610093 0.569088 0.562228 0.511405 0.410734 0.407592 0.38886 0.343144 0.37627 0.398714 0.366684 0.362554
 0.74073 0.941789 0.947892 0.939501 0.766291 0.654656 0.51749 0.466111 0.446878 0.386158 0.338397 0.355947 0.317286 0.220725 0.274389 0.285333 0.242612 0.274508 0.317396 0.406794
 0.869222 0.944205 0.865604 0.742412 0.696858 0.753188 0.916324 0.757048 0.59909 0.482523 0.338 0.395874 0.635998 0.782499 0.894188 1.02599 1.05051 0.952741 0.892306 0.66598
 0.781212 0.913287 0.869884 0.850961 1.01455 1.20179 1.26656 1.58143 1.26678 1.06731 0.828254 0.853633 0.839852 0.743231 0.699563 0.76627 0.977909 1.07095 1.12987 1.08926
 0.870071 1.09909 1.21102 1.22779 1.24285 1.20596 0.806579 0.767228 0.918272 0.728004 0.551665 0.503459 0.629239 0.664439 0.618978 0.547741 0.411835 0.349881 0.349734 0.189871
 0.808059 0.978372 0.858175 0.762313 0.933822 0.942 0.725692 0.541355 0.560115 0.622724 0.578793 0.500759 0.539046 0.630721 0.720389 0.819944 0.691481 0.618903 0.443044 0.438494
 0.828151 1.05492 1.22827 1.14659 1.31925 1.36607 1.37687 1.06982 0.943992 0.977429 1.06567 1.03725 0.917688 0.989462 0.986573 1.01982 1.00382 0.681243 0.422314 0.34223
 0.819098 0.873522 0.846337 0.909008 0.845448 0.673079 0.601644 0.579023 0.488027 0.395629 0.27905 0.277845 0.300033 0.300338 0.345794 0.403253 0.506055 0.457364 0.405823 0.403442
 0.835943 0.841971 0.869173 1.0044 1.10807 0.721064 0.688862 0.858538 0.990235 0.830956 0.749941 0.694412 0.83231 1.01514 0.705179 0.580417 0.692187 0.951085 0.95434 0.687907
 0.78899 0.897288 0.946369 0.94096 0.711305 0.463571 0.510932 0.762753 1.00999 0.797722 0.475408 0.368728 0.380481 0.530835 0.758724 0.984631 0.959465 0.891443 0.754229 0.767864
 0.942877 1.2267 1.30784 1.46557 1.54992 1.52328 1.74926 1.80835 1.35926 0.951494 0.710588 0.578176 0.564099 0.613325 0.698305 1.14852 1.30926 0.998442 0.804817 0.637269
 0.78871 1.23214 1.70455 1.68626 1.59248 1.60701 1.27335 0.979598 0.80174 0.739237 0.69653 0.648908 0.639085 0.429169 0.399333 0.348483 0.312145 0.425138 0.50354 0.425076
 0.774513 0.790125 0.992337 1.32874 1.27375 1.01998 0.910327 0.873412 0.83188 0.684518 0.553112 0.571392 0.76554 1.09732 1.21229 1.10268 1.29755 1.20336 0.804093 0.714827
 0.732957 0.797689 0.816689 0.751382 0.750856 0.840821 0.944811 1.0746 1.42299 1.83838 1.42195 1.30312 1.13492 0.901249 1.28322 1.22845 0.857709 0.728445 0.532604 0.427245
 0.837945 0.866972 0.877501 1.21154 1.13568 0.913559 0.781839 0.662241 0.697367 0.73838 0.645635 0.456777 0.347012 0.348411 0.397819 0.470773 0.475356 0.438621 0.441938 0.398131
 0.830083 0.836956 0.835788 0.757653 0.696717 0.855541 1.0137 0.976334 0.947819 0.880341 0.89358 1.2008 1.30678 1.09282 0.678709 0.525411 0.47005 0.4433 0.413592 0.267283
 0.861943 1.16179 1.2021 0.981331 0.999663 1.1604 1.50408 1.65579 1.35214 1.16662 1.19013 0.989586 0.731838 0.745692 0.764105 0.703047 0.652597 0.610858 0.473949 0.371374
 0.711849 0.816697 1.045 1.12596 1.00343 0.745688 0.507223 0.346998 0.335124 0.328017 0.229237 0.189224 0.208441 0.272082 0.345362 0.373589 0.386113 0.444201 0.573638 0.589611
 0.78912 0.880494 0.979585 1.23506 1.36109 1.63515 1.49346 1.26375 1.04641 0.788293 0.52561 0.446677 0.589803 0.585142 0.487685 0.503699 0.569957 0.615751 0.749147 0.748577
 0.845409 1.14488 1.17973 0.952168 0.933222 0.845393 0.743506 0.705469 0.553988 0.501785 0.406745 0.364376 0.296262 0.228687 0.254592 0.230893 0.281417 0.418049 0.648966 0.939751
 0.758032 0.902102 1.01073 0.978642 0.991862 0.823083 0.593463 0.492285 0.513964 0.593297 0.825811 1.00592 1.39543 1.55755 1.1402 0.814726 1.00145 1.31373 1.22001 0.825304
 0.873643 0.930891 0.951534 1.01556 0.951668 0.899443 0.868383 1.12357 1.17816 1.27777 1.47435 1.53228 1.29139 1.24287 1.2024 1.07414 1.01527 0.890757 0.910111 0.846853
 0.828646 0.944012 0.96841 0.962484 0.844422 0.847745 0.909656 1.03679 1.00642 0.932262 0.949379 1.17643 1.01701 0.971929 0.799372 0.596161 0.525236 0.447216 0.457118 0.509657
 0.767867 0.936254 1.36251 1.55793 1.33558 1.23342 1.13188 1.03274 0.806068 0.747858 0.571977 0.463791 0.331981 0.181285 0.159091 0.163632 0.20624 0.208431 0.285336 0.346389
 0.780076 0.940607 0.919883 0.88622 0.718271 0.640247 0.643907 0.548275 0.476837 0.532549 0.507149 0.540271 0.670064 0.722642 0.980774 1.16542 1.01052 1.16529 1.10875 1.01519
 0.83617 1.0714 1.06697 1.18198 1.15923 0.960681 0.548143 0.320123 0.259513 0.219056 0.196013 0.184793 0.242824 0.344333 0.458132 0.506253 0.415564 0.354827 0.338782 0.3516
 0.853099 1.01335 1.1245 1.36893 1.45444 1.43708 1.49404 0.956166 0.84105 0.862706 0.921451 0.872676 0.59734 0.464091 0.519395 0.57348 0.603465 0.485654 0.430622 0.361887
 0.763366 1.04994 1.29939 1.11143 1.0194 1.03865 1.03016 1.19717 1.09224 0.921895 0.7208 0.634793 0.569202 0.582167 0.679397 0.515036 0.456689 0.581613 0.58589 0.516961
 0.724428 0.805268 1.161 1.37288 1.37914 1.15368 1.08354 0.911423 1.04552 1.14363 0.936678 0.842473 0.835973 0.797088 0.810836 0.797385 0.616971 0.415374 0.332628 0.272416
 0.850842 0.981518 0.929688 0.722855 0.676294 0.805737 0.68557 0.724655 1.19912 1.38546 1.37476 1.56284 1.50914 1.08477 0.588495 0.652988 0.74465 0.499107 0.392962 0.389029
 0.780461 0.978129 1.22107 1.1263 0.80609 0.732938 0.658562 0.494899 0.377663 0.328544 0.406957 0.415973 0.374372 0.446049 0.393127 0.373878 0.51465 0.571919 0.710474 0.868994
