 552396 408502 434580 612557 441997 290771 161161 99706.2 336126 337895 150800 167875 194684 169464 146337 121860 163131 208702 309068 369038
 213219 451405 276733 238391 232243 126469 100792 193615 258881 252321 224120 137872 88151.7 117284 131503 178271 431311 512890 356745 365349
 764303 508855 228218 261715 511302 549650 315883 224322 274497 277445 209188 136860 136784 213349 382183 195992 129672 147114 341537 483763
 459508 424617 340373 359246 271265 265834 214130 248930 276381 159777 126447 133288 171740 167226 152345 177687 202919 174348 104501 189429
 523282 366257 427973 666879 494967 292173 181803 137605 329209 376472 224942 209654 303548 313240 429096 368788 252691 253402 230304 277021
 523852 483072 398501 275808 398956 523595 346311 210183 173570 212065 266866 298251 207280 138891 122859 115615 142531 149840 129471 234453
 472785 589244 324598 366314 391617 268426 231033 222804 267672 279826 370151 358769 301155 213358 187747 300710 554868 564819 587762 546470
 489991 237896 177092 232385 246383 282218 312811 284002 455260 459138 416854 257175 168578 219289 305636 258143 241274 227476 218544 165172
 454363 416921 406404 343741 397683 300447 345131 355625 443380 327186 189127 138510 211198 185622 283266 327684 393219 263902 160894 500564
 552425 260821 153452 367528 416833 265988 243793 258319 272171 296630 220570 192889 330131 436008 325373 312910 307931 369366 342003 217299
 512677 370824 330765 362823 315239 379007 268274 121968 214585 360444 266149 231761 234498 228460 227269 147449 86975.2 94454.2 119368 219517
 543521 500222 172175 101873 88436.1 238227 324994 425496 504333 315893 341947 331639 225671 212153 356024 409995 272548 253366 241836 131262
 691331 773128 451733 832039 1.51291e+06 1.02398e+06 523076 301101 241485 224879 215703 225106 360516 528714 458103 232419 359372 428856 285741 200232
 985358 486856 161986 126846 171834 231279 903314 682797 613288 384375 249597 135032 79178.9 173658 244393 218502 208403 169208 230756 275469
 758199 634435 386604 680037 599878 513291 452632 393343 385201 338261 447168 318105 219811 275905 269053 164214 216903 221949 187762 170838
 541603 370395 200810 289935 319978 496515 885844 507407 239780 128024 174553 337738 357168 145955 103563 131850 142832 119681 163862 199352
 654359 409668 216965 157182 117476 70789.8 81935.1 74598.9 284754 509585 438154 435304 339972 210343 148903 203368 196621 274496 426908 668525
 217666 219847 190202 120969 127603 376298 640180 431881 172124 103000 149969 193571 126882 134570 169531 209506 270109 247236 239619 319578
 763177 1.10488e+06 640289 576672 481954 304179 227219 238190 179237 145067 195362 150090 206670 301612 384687 302146 198723 147949 154433 156603
 492732 415626 313329 203654 179354 195476 194304 225561 205464 155973 165878 190455 217058 259150 255502 241701 181170 232287 206422 160235
 504139 422984 371595 395998 414111 256183 254557 228440 178402 295966 394785 379698 311072 327618 294613 246214 229687 271630 367128 286141
 549362 473843 196674 153964 140136 171782 260185 476550 578194 289668 132681 94154.3 320862 444614 280273 233607 192663 127689 89831.7 179260
 344339 210254 135153 246745 361002 294214 320641 485424 385636 298841 297324 515610 397871 237811 224490 227144 364222 276980 202537 212409
 414555 343764 192729 118660 344151 424198 330482 343170 291141 374155 543543 471998 353336 291651 356248 413730 230762 239040 413218 357243
 474166 251536 200334 244608 351651 311935 389927 522077 525981 335012 285011 558112 517010 308895 305299 254664 170306 173940 381631 352991
 384459 388243 281631 222070 500171 534381 368394 341992 287865 234392 203351 172423 134612 134058 132003 120593 99772.8 91654.3 131715 260526
 405908 306153 242556 256727 342466 388011 352939 404188 321293 311879 268744 239519 249102 558199 585355 424047 395943 552915 521334 359125
 411844 561499 421366 358165 296469 238037 266474 306855 436892 424663 345871 346511 420372 619694 654922 477015 366160 261015 216259 202211
 536190 329138 239914 151234 147375 409706 373183 412337 423801 237016 125833 101574 85012.1 64914.1 129907 141698 115042 141906 271435 575507
 821649 489665 385941 424415 303758 213436 189013 156777 111173 195934 233484 396846 365718 170309 107453 124192 176865 300777 345993 296826
 419699 476262 280149 225995 181424 301757 341242 408442 569248 777312 610439 316568 187346 184854 255025 255771 161957 264892 433120 220801
 371544 240224 150247 214952 190757 146218 238088 329025 298403 270195 225778 308932 299210 267021 242830 202628 181971 176467 113127 288623
 700386 543838 313467 127848 81477.6 98138.4 145964 125061 198609 262690 369509 392135 334264 375908 319167 392661 333763 240286 741518 766171
 356562 299449 263196 302225 422822 419792 245096 193313 230951 272505 441618 519424 274074 213722 226380 268511 229445 226638 221334 252593
 416771 319222 228831 185791 301791 448490 465988 494032 419699 297654 175089 192469 485843 477275 298589 602982 754155 250168 326019 385705
 1.00934e+06 862746 357088 151985 107345 97997.9 190185 275834 253926 253731 212880 231115 237600 178897 210966 160265 142939 205074 143177 91741.4
 608222 515002 388186 330601 636791 778885 512715 328764 215106 208176 365353 475838 395436 309933 160460 154959 105007 148962 287610 269005
 282798 345907 488276 407904 174606 265592 458983 633507 434988 287011 346245 474536 578352 567279 299772 186911 159010 140194 101984 97521.2
 393498 290988 241841 203193 220495 268723 265365 142230 71108.3 65332 91278.7 159544 243896 244624 229692 277226 313105 188084 202140 526633
 426304 356050 401422 691892 676904 334599 183039 185026 119550 87121.7 108843 139998 135956 172988 145378 129842 148047 172771 150705 226074
 632500 530165 399506 160524 149631 208345 320200 479991 407773 294024 210405 309535 330451 396957 325346 286269 280849 291167 209550 147571
 457846 303922 548189 644941 574569 622955 420377 347572 216659 171125 179106 157815 169130 374390 405477 376580 231375 150917 253590 215143
 498672 303206 473655 407033 454528 496892 343495 416774 382425 341560 277058 244796 122387 345140 346806 414615 496076 312135 390616 399769
 810515 896488 476430 201474 155693 189065 201766 282570 212028 211195 200946 544869 519635 338663 243062 183081 180999 194831 127795 97146.2
 704520 421582 260541 323279 212135 234204 344383 367043 292748 262067 244465 216523 227154 232966 222369 263825 290580 238087 215136 279065
 199400 311523 249145 153910 134059 120932 256052 356758 442024 287226 224675 174017 92657.2 124433 108211 68887 60176.6 69292.3 116431 123603
 548217 288529 203792 187956 173436 211914 237092 203597 291905 237167 195352 160018 184663 174978 124522 200819 289951 291492 255356 180653
 509246 313459 398816 378871 147762 187164 295340 367067 285701 245611 373531 525711 305670 211376 182852 205121 255715 181664 84673.7 93774.2
 402745 280038 178605 141397 162048 164963 124150 180904 237624 252210 200229 166151 147119 133912 246764 353872 382358 308283 388018 328186
 772661 702704 559342 302802 253552 461653 534596 315293 149560 216425 343843 374277 353920 275554 302777 264937 183933 227744 281417 255890
 601531 403400 322262 240819 140129 224673 396192 217580 169892 132921 195930 269750 301499 236457 189240 126338 112129 92671.3 60615.7 130105
 580168 268697 173672 340264 393100 352161 251493 117726 71326.7 112189 152724 268806 558595 488878 367343 253686 222023 215861 143631 138232
 522196 504568 280159 123035 104928 106366 145389 162256 219621 302586 246751 225907 160368 134248 141632 248333 274374 339282 293802 201914
 456901 396320 275496 176072 151876 191352 351974 276152 135651 166573 253225 271922 231611 153870 238605 756166 631364 337142 260210 365788
 565049 536528 336958 182473 116340 239767 341671 259133 178802 121878 99357.2 197299 221202 215260 180053 169442 207015 398883 374382 262301
 493731 405798 498674 612041 435872 465870 382792 542092 371828 204527 126559 379446 347668 146104 172977 458652 497271 307179 248120 217622
 633316 630345 478643 441082 377891 293943 130558 176683 325723 245391 365506 448354 499769 490206 272592 168055 128409 78965.9 61864.2 68899.2
 222403 281352 166814 203455 543684 836682 717354 455877 442595 423416 316371 311992 285654 222062 218488 159091 212559 189268 76041.8 81069.3
 356505 337053 316068 248236 131455 94359.9 146163 145165 93444.3 70382.6 121424 301087 409127 283804 127442 95752.2 127113 146233 155857 164880
 579608 436341 312406 188129 149486 171424 375949 369934 273564 385653 325765 391796 461734 348440 270215 205999 156036 148430 191911 404064
 493240 468913 369817 270740 387409 251421 272480 254259 334135 482626 375355 449943 515246 447701 427459 368494 337119 597672 896180 627971
 487977 304224 134824 218832 330931 336981 183100 225876 304740 393734 366010 297455 176496 284499 429394 603739 518108 291335 315011 422689
 541636 348030 213750 293667 304658 189011 239404 203156 115073 102872 185797 277901 310884 221036 200699 429960 484156 339719 196271 152232
 1.09472e+06 850652 404023 489373 381896 485239 397038 360815 280421 315145 228883 227636 268802 251704 226285 173338 267251 266543 228698 149031
 462406 548991 273569 232620 417735 392960 354976 389851 395542 349081 375553 290941 206378 388261 576123 464520 406976 368038 328172 236690
 526690 361276 248562 270030 281035 174306 252520 241063 456852 494998 399657 322719 415480 490274 355014 269290 185106 137007 134432 137107
 671631 508298 269753 263411 318778 299190 299688 353230 242157 249420 237455 152289 219589 309130 383572 263329 332835 434730 345460 270296
 917122 655752 355955 270993 259423 320262 305432 459460 876707 743733 440984 348466 389500 314084 248583 161500 123422 139461 167809 231447
 457355 777304 708711 443248 312027 250091 238284 368226 562514 486287 243268 197714 168462 164483 133342 86570.4 70870.4 56912.5 95606.3 287935
 529847 267636 309750 376574 454603 387297 414162 430850 444526 649287 794506 456251 218864 280345 283002 230736 170661 230263 205231 158031
 630404 359694 286458 547077 449263 363542 368454 254691 243842 296052 520948 317479 194712 154698 146032 88955.8 464479 591414 424411 201349
 1.03276e+06 847938 524138 606837 434227 257359 216541 191750 185972 112933 102989 85588.4 94429.4 159395 301611 414704 614597 458860 232588 153568
 453016 408907 392371 551121 379846 293262 246797 179571 187944 209324 234396 285098 278074 206367 192826 372708 502181 485438 404813 259586
 437693 399084 515939 420515 226476 197092 152438 202057 269574 213562 282000 283286 444358 378670 311110 412460 293874 131551 140129 213304
 493286 299860 235811 316591 573654 532190 409068 240993 260934 601358 571041 251157 160697 165730 178064 118568 229522 289256 204243 198647
 452033 202009 239440 286945 138739 160642 252332 276535 164702 344519 359818 250151 222093 211510 180369 294402 323924 213098 139125 103435
 497220 575757 497431 280114 145617 107325 297954 321830 248697 178105 151421 223924 332507 339574 353399 334832 434625 466805 383219 264619
 349700 285844 443541 539916 479236 249310 131422 172979 192305 217095 189646 137622 133754 124818 160729 192532 148158 137174 165258 200563
 328682 283258 397306 459381 638672 798933 736804 483375 254828 189322 229380 304010 290823 239897 169819 203762 233601 208768 156758 185573
 683722 863331 558826 398227 497810 382601 399301 352157 242744 162856 557059 681492 478186 198536 239686 229196 137087 93329.1 86147.2 112292
 325084 150684 97883 144962 200838 207620 248255 224659 174628 212248 282910 274597 296698 240220 133198 118125 160299 236386 390041 597339
 427139 338808 344767 257465 171353 277813 281986 179984 363221 415567 283639 286721 358612 354951 239452 155730 118554 98536.5 232722 223847
 489373 627363 398032 212962 249992 511477 631999 420744 267832 149152 95576.5 95751.3 139985 232515 252856 230368 240959 165581 144213 178541
 643578 479806 645252 573441 313629 153520 99114.9 157106 246127 351739 205463 165039 219968 273959 244273 192417 224931 243591 249485 268245
 726275 550297 396394 246561 203364 255517 211866 144988 162896 222782 263436 321510 256829 222111 200861 196367 243926 235796 146251 94307.6
 373446 348739 337197 245732 156504 133131 142192 190111 213231 151830 208223 277255 296605 266278 232661 229554 248283 254532 313076 212270
 829001 756121 383175 349773 495298 376998 272304 591581 579709 473490 299089 270963 265516 290588 241641 213454 241669 553952 596941 331313
 410692 672526 485061 289589 343524 382805 719177 755668 355490 171301 138508 109328 120123 164921 140371 158809 138064 90871 121646 167048
 437684 282125 454619 480515 144016 137008 297772 267189 271843 205901 137024 125424 155920 212379 204964 230084 254524 236595 207522 440555
 602578 560055 497935 445276 253321 164712 193144 190482 196711 185707 128953 172022 218541 189848 197365 213864 241760 250511 209597 136077
 394431 379560 197836 137532 210559 96690.9 208382 175336 194450 217701 334400 255115 175474 227093 242198 261359 312695 251106 203017 199645
 251312 505361 310071 121898 400546 297828 368356 359467 393340 264083 294313 313117 223485 154613 129707 222741 307131 304095 272200 258935
 547665 981639 1.00042e+06 524365 549181 503895 230163 100043 225205 306745 282247 200751 168386 215150 164825 243360 415221 401770 439328 368650
 563605 483806 441497 424885 286722 263607 246891 153095 91146.9 117983 185259 226112 273402 202474 227542 380063 547952 361725 137122 97176.4
 344924 471375 477458 345372 272231 200928 197816 181623 211563 315354 438228 558614 409605 321365 266230 243388 232427 275344 173722 150795
 568276 605296 270579 108969 147979 365930 415604 428101 253286 219495 299561 317446 298406 237408 560004 638540 470173 446976 255310 325381
 400716 591723 692142 208272 303081 260744 592829 863636 460239 325959 288471 227630 181210 215151 262967 393498 340520 199727 188521 129461
 307257 254948 355664 449103 183223 136099 171725 297415 325848 228755 283983 451115 298351 364281 476008 463537 459392 637293 547687 378645
 522147 431311 369603 382254 325439 277285 401467 530647 322830 216699 160811 126171 119837 278514 307789 203186 109495 213167 329683 239456
 473002 565075 626361 538702 497055 410743 251389 253307 191683 270520 330925 269903 140869 166838 192785 191332 280994 400897 320406 147067
 739885 756072 447949 211714 369346 381815 184056 127954 107955 79722.7 61190.7 84933.4 159431 286030 339862 435499 314355 188817 197948 199997
 544024 409113 357641 773067 1.01299e+06 825587 585492 401248 454298 406554 152201 236658 338776 194738 101129 93505.2 169366 229484 248304 328758
 601262 370492 220084 148503 159282 201581 189860 257768 280773 216481 188951 215088 238720 407059 331363 209960 156980 141556 72480.8 68072.6
 333721 227658 133592 103994 98480.4 99542.6 53466.4 61280.6 150624 426599 573955 332198 277712 250373 169676 138743 142772 151991 162505 273861
 589870 414130 231302 305979 508311 507215 424482 481654 477855 350849 271065 200491 194900 147628 115324 102150 107187 167803 247665 192180
 508227 299645 226318 364551 372622 313065 458283 283904 147139 112364 127351 161281 136097 239248 386827 227206 116353 114512 168863 234801
 857284 559307 269913 328588 324462 232027 389029 522975 570379 475868 402510 333934 232924 316936 562298 406234 265593 213479 292344 405897
 525506 378588 330195 252034 242167 320839 407220 183254 176981 143415 167622 285385 396767 417099 460940 332473 176216 148810 223222 195463
 417182 473375 374869 406245 332442 240026 475894 547975 319743 163631 227995 230675 231019 226505 215980 246850 244289 212582 148518 162931
 560956 422574 210871 266793 294840 342075 453260 420469 352868 308758 277167 358384 367924 406213 639922 669026 340533 284013 215818 194408
 637210 599622 245270 164173 172609 247557 374554 327458 222981 176484 152487 253867 334495 328607 291948 344932 322904 277744 307475 354930
 535170 277166 183465 187165 132876 145581 144772 199421 223593 284572 395758 257447 190946 226654 300799 298046 218711 193138 169780 237182
 580595 488859 171267 93126.5 78549.5 134445 186448 370751 358223 166667 165314 343301 398297 283014 166459 149207 309688 307447 200114 122973
 720920 875755 738262 305460 149931 200509 263629 176832 115234 76758.7 249867 400760 354873 204334 77471.6 140524 441785 612421 518283 393639
 270645 922927 775872 325758 229801 142632 218055 300185 226858 171212 136610 101304 105647 158632 230727 225634 409285 354222 268170 202423
 390433 327707 219902 275615 284101 403042 467545 334661 312769 151632 68956.2 69986.6 112323 123013 116298 202568 313925 422986 401645 243348
 564523 475269 459980 273678 155065 167274 305860 257735 230792 316039 294151 309476 176953 98752 99985.5 151980 212283 145898 95598.9 184814
 404825 332886 236759 249577 368050 238242 335482 361344 205426 159481 345515 452543 365877 207750 256428 299294 188420 161835 194751 199014
 598182 655880 400313 184609 114465 94177.5 128987 140396 74042.2 41454.7 62274 102235 164385 208096 241154 148184 124492 173480 329018 537261
 325057 559650 279403 257479 568886 677059 618655 669132 624746 260888 107279 93853.5 107573 110983 134805 225900 321681 336079 267790 247081
 465495 546722 683146 460711 195099 157028 194428 244128 293402 474133 379062 260995 266059 300799 205452 126132 149411 189453 158567 153160
 475657 183352 204450 311960 246962 260023 292652 280779 248234 282966 265197 197772 145335 119592 165711 484708 525831 346684 270969 217647
 629187 523097 375859 379365 346278 279146 315595 317865 211013 112665 191549 302793 341985 277176 172184 138793 182966 179359 199743 260279
 647760 579441 472337 366490 280073 342393 421521 334095 375126 392719 487518 578965 687847 557755 245826 281109 357454 355035 220796 233239
 441020 326609 218058 162291 161943 253710 439404 390075 300564 224965 249793 267832 400176 464571 310308 187664 205754 242274 308208 300560
 454135 301356 320519 201857 228686 207756 217965 209313 218070 494219 594909 572783 622636 394035 309610 339703 396714 371259 295078 305956
 521520 646596 655366 840275 942656 445592 268364 392762 506224 1.3506e+06 1.39256e+06 557989 274027 291511 351983 358066 361217 305300 289523 307103
 275187 318587 352825 289085 318076 288878 382242 272480 315303 306469 609349 655123 523839 430866 284372 181754 136337 258645 388943 558104
 862626 650849 379311 237238 101104 149154 242132 215841 283825 167511 123342 90509.1 113577 242290 275110 199446 267439 289975 153146 235753
 711196 389916 427050 901549 349170 247263 219037 325186 256288 291289 383919 491605 293829 178806 120809 74012.2 101858 160929 154260 164941
 401862 238757 141448 177324 219168 391123 433413 235913 230712 217657 188069 157419 339806 543705 367312 225642 290826 260267 153364 163198
 526186 433851 315530 322847 275632 286504 390549 295603 181842 194239 206286 223759 241261 342454 289573 146480 91038.6 124577 201607 204134
 527415 342373 257396 219226 333758 597047 507754 352131 499474 409076 262166 202282 225847 266611 340767 356028 414738 407207 278888 162624
 414530 245383 206923 183274 156230 168222 334638 431203 193447 235910 305775 316844 303062 211591 168206 180285 217130 268475 167273 105111
 475299 465589 587600 901521 636080 394022 276293 215257 153306 312697 462620 318194 210131 290746 352967 287602 283250 249169 396414 286869
 387718 759120 890462 467093 312217 280518 363146 281642 401036 411601 310094 295153 334836 360931 265067 154216 206197 257221 282743 217694
 555981 543918 456802 519242 419911 350556 592232 826923 432827 212013 236000 245760 332438 236106 161286 213170 199519 165820 285343 266117
 448768 426903 373982 130166 269215 372967 355680 423711 367067 147070 183635 199894 248842 211379 263648 296617 261149 147827 180719 185904
 517746 446274 398455 262558 237202 178460 212444 171950 300768 267889 197853 186694 175687 163433 285428 210627 293968 226616 183922 234925
 309588 218814 116865 180951 420379 347056 373425 366651 516839 397583 184461 133624 175236 245073 245099 184779 153293 483689 630205 530821
 389392 268829 246614 432666 426832 326491 258120 269638 301416 298733 475238 392467 261039 193874 147345 472251 643231 333933 176840 301597
 814399 939794 696725 432576 361607 270029 244422 476036 447264 255697 264653 359023 252932 286243 269028 227625 127941 172363 205654 231300
 795282 1.07339e+06 664975 425720 334982 285839 191037 134099 167715 171737 104717 135802 238495 442476 440871 389110 328801 187762 144199 152262
 610317 748966 404871 663540 563327 421412 718287 847732 688289 327067 170202 265180 403957 370044 358400 240926 151290 162970 313732 431259
 442633 491088 609220 554461 561257 489736 415747 321307 271897 329564 285321 195666 346680 432575 316918 235860 159602 161776 195412 208664
 224792 388041 192787 155625 222190 357770 321595 246702 173125 101645 72477.2 122314 209405 201094 166218 180177 158761 120101 180331 191866
 454972 432014 290436 351421 305291 178929 166676 157002 177494 222224 251256 226665 390501 461302 338697 242974 470730 497197 276136 165312
 468414 297539 197602 234212 310509 395358 462874 400982 351494 199782 162307 139721 338514 379613 227112 120317 121211 162649 393174 473448
 484132 378899 204812 245164 231049 236306 265767 568643 595646 201789 85701.6 136455 218439 240131 243423 290313 201731 124762 130706 165100
 552080 272887 330615 388474 251169 291376 313206 277208 141304 189358 171980 175831 233198 512750 619842 342941 213774 293390 265113 164549
 600083 242384 230780 271517 158262 324745 407492 375088 370191 442379 783964 701170 458125 278178 393421 542746 456541 373380 284973 225041
 517926 349954 183802 241747 223364 367591 457028 290916 181348 172159 276524 231188 145093 168147 210765 130623 105703 134259 116781 92675.9
 384464 305902 218916 132417 219039 318351 253186 368788 499368 403556 454194 373414 157925 152924 230107 330169 358406 389489 384008 186544
 343575 115764 69230.7 63145.3 91429.4 281951 373917 373859 298564 211366 182313 232034 350977 579223 484787 334888 203922 216353 238475 199453
 593730 534794 287153 235667 236658 192739 138532 122490 161475 206653 371799 316169 342862 309667 295943 305673 329251 491448 420935 266413
 514070 262794 186571 227551 334554 254544 139699 130439 223953 295008 210101 130759 231629 372135 295033 186964 462227 548291 463317 317065
 536835 420357 333175 387357 406361 242395 145366 197468 228784 177077 156504 203131 341604 263008 199153 290826 397126 380469 206521 139284
 431921 348268 441664 597588 592102 436251 467395 330979 360400 277174 134422 133868 177450 159964 129785 134894 119195 215637 223573 156730
 568153 209725 157255 173980 210565 117634 304533 264181 218329 266043 300386 240861 156164 165333 262742 212935 195408 181241 191334 332888
 647436 537922 428528 442156 352780 365502 302001 230616 267732 444893 596193 367525 169886 156042 161576 251891 342583 209396 151841 175887
 597963 419894 145001 117971 155680 205074 169760 97622.9 383246 495124 268619 159102 129993 122219 144625 147012 86727.1 75559.1 88320.5 126032
 558050 446711 406224 463298 651982 491803 360922 273128 216787 174924 203767 354964 238773 176456 216718 238229 189032 187591 229016 157294
 524067 372845 202679 177961 309762 310498 235468 204069 158135 175172 350966 262952 262776 154912 72816.1 105496 155057 106093 89463.3 85749.5
 811403 588922 685481 598183 218163 85189.7 70316.4 78480.7 124955 282263 337254 254645 232584 192122 154648 142253 292530 271687 164238 113964
 518167 396350 334266 128182 412126 350485 393243 414121 225978 142731 241464 353008 439821 398336 311808 265754 348896 307798 255328 297321
 629043 402702 292370 107383 177363 352033 463496 395506 404679 454827 335337 169566 84796.1 82533.5 146881 178286 179486 160422 125830 260098
 399458 734650 528680 338161 503406 362941 301807 229964 154313 230073 290387 297671 219148 147204 156442 216431 309224 303347 192652 129305
 387968 464195 510977 468768 373455 192918 133942 93699.2 200087 251219 353114 267908 207952 231834 224819 250789 465217 385090 317713 208204
 493952 309026 352649 404865 302155 346306 570110 623315 424629 308063 196321 249705 268653 239731 228985 320966 388071 294334 476244 450695
 316153 177794 262288 208320 144773 202869 420942 330626 233770 153910 102203 136091 163070 206922 228861 330501 346794 365065 357137 277010
 575372 578556 339810 205282 233987 200351 95944.7 93941 103261 158906 305682 314662 233084 223508 229972 137082 69537.3 89515.1 110505 140661
 459713 260984 188173 114638 255488 280367 189094 247225 294624 172060 268414 272273 191257 135123 139920 186170 196667 162366 226042 237251
 624538 837168 570182 376675 227086 156718 122432 219862 268344 287718 149494 111067 174614 174836 174402 138120 171100 218189 178151 155764
 353113 302671 247077 221930 274842 322925 473023 471985 451919 432335 251107 152620 143303 313126 401874 275355 200381 132762 136961 180131
 398055 549117 277139 101014 78042.9 75524.6 81967.9 154476 213773 142879 121800 152481 226634 248941 308426 355492 389709 245995 228693 212824
 497092 226301 358681 345729 231184 185057 353749 362208 417934 210586 124087 75577.5 57943.4 71654.6 119055 223366 220648 246323 347673 357576
 472178 443633 243506 154590 172757 207665 269065 214024 189005 229280 278149 360963 404225 319340 419466 565939 524464 341504 215821 206338
 484236 202778 110279 267089 436839 314566 230676 151658 84015.1 326019 546002 389455 202592 210229 208262 155415 173593 279335 298738 179008
 477200 245659 155680 226548 183496 178228 176780 151806 126958 179299 256827 226999 334621 266352 121112 145936 233751 384944 267154 166365
 810684 302782 228189 187323 256007 246651 221951 215737 190915 151663 118842 124114 140991 281183 312911 201702 374549 332433 414855 585202
 523743 247174 208584 200033 241902 278031 345082 730920 968802 795684 319715 191657 165967 208221 239869 190752 140808 149721 316911 555221
 431350 290334 376229 515844 783415 658904 343547 270034 249072 204040 260568 222460 231605 230428 140825 174807 358819 376651 189601 169926
 616859 404577 152364 123451 155860 126861 258519 349554 298142 403616 508904 664372 408238 269287 439446 369117 256871 265730 292635 309131
 488677 447854 291368 237962 264023 316498 342089 270842 308782 232244 276784 417397 468430 536247 365202 279154 274517 275774 202465 230970
 589326 251784 115264 127356 128524 157755 389504 615881 520948 216001 174497 364802 409306 282156 174621 236439 198033 294809 293125 221990
 498106 379443 337125 345302 469136 421949 441695 465473 246918 301410 273372 126369 89038.7 79225.2 100346 183127 247851 304315 230913 230566
 281305 622309 371414 291326 556834 557958 267014 117979 157510 131778 159547 127817 374298 417011 285386 188468 146153 162915 175025 326246
 528310 451465 366636 283266 236235 180176 240206 338566 467764 401222 235382 254435 333162 313861 318094 259882 215086 280384 317917 323840
 382914 306547 186139 269524 588888 473220 293542 408603 517754 421451 318026 306417 288423 208865 214452 340799 324213 146555 105944 146857
 771486 585256 394190 436340 677950 710925 325733 308770 384315 278675 206447 274881 358153 343761 262938 181015 159848 181327 238695 187092
 549947 521317 510956 530080 280873 157136 262974 342750 352005 308248 470100 518224 354818 174176 118813 108295 200814 246066 202891 200060
 515121 408206 328877 183981 213175 289505 181252 197110 137688 136108 127459 125254 166894 228513 372922 483067 390414 433008 580465 402448
 983240 1.04712e+06 717292 156927 262023 325016 395543 414817 173952 164451 163732 259447 289283 191970 170086 191605 258295 194226 120598 137904
 395801 683864 643162 405845 263572 139363 219288 264015 255102 362407 329732 258624 269105 639033 669740 416161 262866 316474 349671 348821
 540775 294102 301585 471325 602371 523203 356253 392033 378717 361376 698238 751568 546863 336181 337013 334019 252387 171000 158012 141756
 437953 490732 269419 235273 275165 186452 184867 214779 207374 372124 386823 373156 340332 229163 235415 238352 202309 273779 220788 151704
 417790 598966 420343 274442 304088 472307 501754 520093 630617 526429 385583 244264 246854 330628 234531 223332 192188 174184 230725 248308
 445756 247266 172714 179422 361274 369981 230859 254774 303446 332582 284278 158089 205903 224707 258493 284784 279905 237424 262017 237565
 624456 359550 262541 240037 195298 241544 222840 136615 100709 134381 252583 227541 228870 316457 224260 164449 198473 221582 258426 169928
 437093 365998 387626 453885 243075 257927 283878 349530 310034 290247 332928 360164 293465 238165 174368 118559 97216.2 250588 284338 201061
