 395004 385704 403254 508997 430526 260889 161881 122876 436004 370187 151245 234472 240241 227182 178326 144520 271739 269567 451523 503248
 436564 283779 241675 236032 186978 136352 112670 253063 307936 291130 239184 151818 114927 167795 146445 245573 704966 667577 411592 570586
 657971 441840 206766 301507 441321 510051 302026 289513 323114 283004 274537 168115 170725 385742 374219 243088 184647 240509 474883 510769
 381974 309071 310337 316047 281174 239068 245005 283269 254553 152852 160801 173329 227274 220575 238904 262918 248246 193414 128529 356825
 403436 310388 427710 636551 445421 251592 211780 136255 424695 402184 246375 285871 361091 354060 570269 448714 315778 287811 347030 406144
 440776 318474 293842 235379 385321 388680 307431 183059 178734 236247 318516 304977 224697 152066 149257 152504 181473 187217 150285 324440
 403753 403715 299876 343215 344113 253677 190727 258947 281046 290195 411336 349070 301155 258943 224975 397619 531416 641364 595448 573148
 341786 193354 172814 225882 229897 266970 275042 236974 445949 399181 352504 227926 176260 282940 319888 279218 277669 235712 237165 175794
 306056 322748 332178 283032 308835 242771 313812 360563 304336 245858 185749 149448 222690 192328 367917 450848 372501 240568 189102 497219
 364813 211731 137578 352437 361858 231162 207810 223763 243832 268160 229929 214683 411230 438204 348131 309457 349027 459932 320279 199143
 373890 277533 243561 246504 266003 317030 208698 136022 248082 322972 254677 259352 291173 261563 205049 157529 116185 125809 141842 315723
 336157 301904 146627 83905.8 71593.4 212397 253162 353242 376487 213168 305477 277898 178670 242698 377261 345980 280738 270689 224118 135685
 464221 437187 346127 658148 1.08477e+06 744370 446769 291359 241714 189318 236765 204987 375110 563613 418056 231868 478951 429357 292083 175997
 549818 364690 131522 103090 146351 529481 726121 546951 481413 381216 224341 129344 92602.5 216347 252039 252004 224148 154850 243625 321630
 506697 472728 372909 586190 457493 535990 439883 373761 416836 356733 500579 354793 246913 398199 283304 207580 253025 286113 203011 247564
 405951 243537 159124 260639 253427 575179 632623 462875 235319 121985 216455 376312 306217 162663 135025 140024 142930 122692 221729 210610
 471915 344583 179775 152772 106263 78949.1 97238.6 75755.2 377423 486654 389741 457830 318987 208821 165503 221753 202500 316706 481146 807706
 337059 166816 143054 102866 118252 389771 504470 359157 162311 113348 220995 190678 129517 183325 209701 272481 332340 275125 347758 413684
 666602 726713 578610 691164 498619 302453 213380 261745 176185 179128 203779 189817 308702 361486 416159 309245 245360 194203 265352 222160
 357551 326812 254523 220837 191524 193420 187207 210505 183205 153012 196284 209274 245143 233949 302025 268816 239893 258886 288968 186728
 437327 368277 330253 322204 308140 241231 234733 221162 209071 319889 419706 469264 376461 315941 308936 321130 237049 371947 380014 284856
 421758 339744 192182 133439 139957 166476 300811 553719 482113 281910 117192 106139 517159 502130 293387 314010 214751 135798 132063 256187
 269153 149666 118323 202750 234539 226950 292416 472254 318222 242119 265912 427047 326518 292060 263307 252264 396206 294271 224177 222612
 365353 278725 173030 120890 395753 389502 303723 266850 332270 435845 534209 463909 423599 307316 319691 383845 250045 272819 430231 296153
 336183 189027 187659 204808 293025 262029 360224 500124 504659 334440 270977 617379 461724 306944 387719 282084 214881 226750 381953 351281
 299700 303025 239864 256686 527095 409325 382815 323071 264020 232068 225001 177073 153593 173923 179409 124968 130309 118667 200785 325812
 359147 234069 205331 197433 322640 361879 351417 381899 358114 314015 255530 316277 287113 677255 581166 466913 400704 625543 558793 420213
 363135 451848 314632 341583 283317 228663 248624 291359 382826 403611 364747 302244 503464 803061 636035 496434 373623 282383 252751 259563
 388841 295835 173560 139591 134047 368703 294522 531580 391852 222341 126019 123781 103148 85863.8 174132 169065 152336 176105 340048 909677
 519860 380252 316614 296098 221552 214365 179209 160286 114059 275149 264216 422522 361478 187931 121584 160691 245382 433266 426204 334643
 328205 396872 286278 195952 170791 299607 296739 382490 587776 797751 545722 305320 191292 200611 308463 311982 209562 390378 452455 284517
 283771 196222 131497 213776 167301 167911 278550 316171 248480 252453 235154 334727 264156 304798 299088 237163 210273 219007 150246 460867
 577391 412949 218449 130817 86961 111946 168609 123211 271337 271983 436400 472991 403762 399274 395580 452263 399105 355548 1.05749e+06 856646
 348023 239550 223186 315197 343585 351147 242938 220423 263537 319438 708759 585015 292079 236585 309982 329553 280447 280115 262783 314615
 307808 238593 241474 154816 342129 341204 552636 472172 413580 305189 183076 269845 566162 510934 338503 810867 647448 288654 530789 469734
 898044 676450 304871 131415 100938 105469 233869 284090 266244 259987 211707 282075 274782 231242 234900 174352 207979 248291 173395 165356
 564658 430655 339152 297468 784414 709303 571394 319094 215729 254393 531773 483477 584415 388879 239500 221373 132151 256163 386054 341759
 330647 349545 427558 372409 197912 287823 567272 710542 478823 342778 405668 515653 769539 705630 373911 273114 207097 192234 137797 156877
 354243 249397 209458 183174 223420 294601 236150 152144 82488.1 72997.2 115114 199316 298422 285067 251421 361865 341080 199878 288994 985462
 313418 317817 381215 560004 525613 333290 190111 183014 142237 123488 159378 163274 150930 215105 168464 167137 217586 237295 222395 345458
 451236 406237 278552 186359 138336 221086 350772 556378 371126 265506 203282 439680 375279 403772 371203 409426 301009 316102 248664 168673
 378502 249076 487620 415514 581131 499604 319905 310901 189068 205016 157607 193027 217920 475456 477558 405614 258861 181019 275748 253813
 386306 223982 445614 407098 515097 446394 311492 340513 464337 298357 334198 252226 129982 365519 423304 551037 567216 379151 560639 525932
 706437 684236 404478 198485 199298 240456 273297 315335 231468 270020 284136 877840 755793 430465 300442 258116 291756 246906 168361 144211
 599574 356293 278035 294352 234760 332690 396953 376862 301400 353502 296639 262743 327379 302842 286462 442907 365460 248014 341066 370401
 355155 217924 213683 188091 120136 125414 312367 456257 448923 268497 236661 173107 117998 162957 134356 97352.2 97245.4 94995.8 201061 166322
 410811 277711 223855 213916 200157 221155 290462 231717 319970 269274 246847 190310 239771 244678 161484 305635 437472 389994 294976 267018
 406798 273898 362339 314396 166279 227294 341245 377064 307240 270755 444735 542760 377801 253570 249077 277836 344130 228535 105731 157782
 372125 262100 170965 132660 165864 162153 133097 200758 255433 283285 202775 188936 159396 174368 453576 517634 533266 393607 523977 434539
 695774 664062 519586 313591 294503 586064 563020 319139 186502 314121 472562 537529 434561 401593 414586 339280 279880 505053 420221 338608
 477515 339900 316267 242266 182661 321144 442871 326356 237736 171228 251163 484456 409382 303269 251849 197714 164154 125399 92408.2 290276
 523627 252740 214770 411135 429728 428032 303520 147982 106422 170850 210313 416456 898464 665413 501127 400740 376213 302482 211810 218822
 485048 399522 248182 145810 145176 131834 257854 183155 345695 322389 255700 314344 238813 244417 177601 359336 401914 528726 414602 276822
 399785 371972 292688 171890 171923 232531 390179 266131 175613 253060 348214 371151 248559 217608 445060 1.2794e+06 904076 461470 347536 565949
 580052 449828 333816 194273 122928 309097 398808 301650 205860 164468 151915 295768 362712 297650 242736 279566 313145 610275 489613 383716
 392725 342709 479163 611079 488879 413644 426465 556541 369022 248233 149046 554560 461916 183718 299508 606629 617333 387920 318165 330374
 469895 546365 391752 470527 398898 261042 147575 249690 327696 270934 563644 569343 609778 528046 315123 240955 163550 112608 104303 121098
 395625 235867 145117 221991 694537 782890 711697 459777 508018 421738 389832 369082 355973 299802 281687 230803 385177 247506 110714 145897
 334252 333539 286903 229609 132485 115416 151177 142515 133702 94272.3 181577 434531 472977 289138 195135 166128 207580 227982 224273 245779
 553498 395766 305233 194428 187700 225440 472164 413209 358305 449045 392831 557154 499404 448652 327485 268332 223936 219831 338644 659619
 386967 446741 295535 271170 310647 217232 385924 277716 453166 583016 465780 484369 671234 495114 464490 544238 382293 1.13817e+06 1.11021e+06 700190
 388501 247883 143490 203253 316473 316654 186438 285871 369039 469003 416494 326087 182361 393421 530437 772182 583641 361864 491852 610133
 392216 298798 222655 357201 262147 145759 259225 205258 125433 129455 260902 365876 347558 341157 243115 793019 637399 394527 226973 188820
 945419 654872 402532 410262 285634 559514 429090 409135 359237 308183 245657 389854 307482 296977 238318 208253 295142 346756 263561 187779
 412525 405362 264523 262621 449046 368770 405348 490841 459300 391622 413765 304201 340742 487530 559817 573109 530829 436669 368194 294741
 431153 304897 262905 246716 232355 196875 269748 270910 561987 470439 411003 362990 532161 561489 404845 314998 231383 169689 229043 188741
 552788 449490 261357 273543 283403 316736 274665 343755 250543 281904 235135 154228 280501 376481 437346 272035 516570 512981 454214 307562
 702684 459524 325004 260682 247804 315540 348140 440189 965704 719670 520019 449293 477694 348860 243461 192966 149903 188930 199131 299107
 503711 716590 564157 420719 330218 281875 235952 384997 733284 490749 265981 234626 213355 223273 164212 120701 84707.9 73356.4 121695 435599
 402334 236759 276896 371174 368079 405773 452294 461037 433533 672797 803756 436523 245675 378233 353240 300796 221870 278415 266513 209573
 452668 279800 352669 468509 384324 416538 378205 241435 253794 385559 486971 324312 223874 194223 174724 109182 561202 677355 435035 256808
 789315 685676 461106 578628 404182 269796 203190 197795 178352 128799 128837 79958.3 139816 189122 438686 634365 712030 527807 310083 181749
 441217 346811 373096 451474 387684 272321 280028 190699 205834 233740 255179 315459 318356 207774 239178 464834 612708 572825 485475 324982
 353726 346324 472289 399921 201786 214735 164798 245721 295241 221063 269465 320675 536953 503491 383418 472427 340788 169117 233682 258087
 346928 286648 188970 292014 525326 435500 375570 260823 354875 694053 549472 286527 220152 224518 214094 179641 349739 351278 209965 316806
 333353 186476 247661 219904 136072 177360 308106 258564 165841 405006 407736 258716 281660 223259 215995 378272 392434 252174 171737 126286
 420469 423733 366429 219551 124700 112725 300132 294494 280270 182796 203074 284108 364651 396641 427991 328602 717889 609839 385130 421658
 268115 279531 372547 491525 390624 252172 145362 181115 174714 224431 222776 162283 176217 175302 178640 233510 162648 197182 191667 280502
 290836 243545 294367 367016 671764 735055 740375 430517 312846 181579 305790 324119 408086 266390 179618 229796 296362 228486 211602 307142
 602250 621890 456598 471755 444716 366281 455553 370450 247930 180085 707681 843826 532292 250552 312136 256512 155664 119313 151468 178309
 267695 140172 102722 111943 174986 205518 248241 226404 192819 258149 292485 252347 348529 233336 159017 141770 225285 328055 560359 704287
 430389 298745 311657 287255 184635 312026 265645 183680 425894 455550 281114 386340 411210 379281 275162 223010 162202 155003 343810 281857
 601385 505936 334904 238646 313199 688375 698251 425294 286252 152412 136976 141223 188593 333710 378293 343843 273925 195554 255319 228593
 528601 438144 618853 537822 323705 147646 150746 196180 347626 364502 274244 238846 336455 382675 286596 264420 378502 376376 300372 383663
 711060 535002 417109 224106 282430 306965 231931 195675 195067 265599 432177 404563 341168 304126 308640 261664 346703 293097 200329 131964
 380243 364429 307907 236032 144399 129291 167517 272115 227285 169871 275811 304429 350238 283169 321869 301680 326938 328244 392380 267764
 762788 602482 327647 407139 471592 369380 307361 820847 647158 493527 317759 420659 343471 386563 322884 252011 340325 916211 806162 412616
 370118 574039 424987 350683 389508 392300 904079 726918 395558 210671 156795 148005 195459 220646 162495 229506 194289 146420 227910 213327
 360213 238763 462084 344799 148338 172367 338381 274187 296009 223999 182628 139482 185843 285669 280443 303182 339283 257414 277945 631707
 516454 508132 447482 363191 301010 194189 209637 247783 254402 203043 147609 278115 265060 249539 285572 256462 291794 318331 268595 166867
 381236 269137 192979 157179 234830 259658 202974 192114 271642 295931 356730 293798 243423 330245 330671 280652 388432 336078 263231 309111
 454264 376833 271050 306853 330433 286914 413266 371962 284978 266022 308874 338558 217684 205670 144131 304634 439468 341284 351976 345877
 416596 912718 789460 453038 513215 420064 215662 130549 334691 307557 307211 215552 224309 252844 198847 397160 429776 463732 610651 511947
 453233 402933 531264 410860 302617 289284 260449 164506 127080 167308 288354 286999 371945 286207 319022 468574 640425 432685 171536 187050
 412539 460713 395147 329520 293659 224021 235115 205040 253842 376754 483301 600767 458212 431011 312674 287187 346086 356285 269243 244885
 650094 525554 253478 131381 193459 497474 486851 439620 305339 325184 421978 450836 377789 266836 838197 918428 761119 526334 391641 513262
 311577 705549 643231 435432 303891 252204 854666 794132 541493 326719 352589 251786 194213 331725 313206 502442 407202 279402 210221 163216
 283507 247335 371654 340024 187921 163386 193737 408373 353529 239719 415248 492591 347525 651665 692565 430495 695213 712599 584984 578337
 471135 361760 378548 395760 290817 305053 448553 431790 309707 273674 194266 150583 159051 360210 349925 208147 178068 319419 402737 352421
 535774 548379 608386 496183 570659 404060 311575 254217 243566 344472 397579 263338 185178 240828 295072 293681 455371 525057 349473 181582
 513207 615151 432118 228171 487587 394047 226360 154801 125721 112713 82896.1 131108 239655 401161 432312 541745 413688 221903 300578 286406
 429661 464605 334362 782899 992563 835532 489976 443693 403765 306954 160394 332049 363355 230504 128118 125714 276262 265762 380386 388463
 420541 307899 199221 129734 175592 191928 213252 275575 330613 230853 260580 258889 315665 446179 335971 234961 229227 151227 85076.6 105680
 267107 192900 137969 96454.1 109569 88879.7 52305.4 84510.2 191639 570538 595035 357244 307060 255912 164892 172499 182602 199967 179818 333510
 428916 363054 225047 345072 426905 528648 460646 626767 556863 401633 238738 245330 220616 175568 121138 114800 146568 237618 340229 258390
 366605 243316 211909 314152 331391 351641 428579 308052 159405 144232 178340 174551 172161 366333 383846 238117 173475 127694 281318 287034
 569320 487994 231447 336374 269266 260069 369009 594005 502195 409879 390413 347480 252364 422042 605669 400923 335494 297922 418388 472479
 293479 340289 251261 231893 246766 263384 174192 261770 175942 144314 198468 429226 414293 441335 440976 323722 179699 160202 262471 242783
 308178 343869 303949 339381 290881 230564 495232 452887 272805 149106 224740 246283 235110 271711 247532 299744 255701 224265 164528 254290
 469926 306537 201408 222140 259925 354319 359612 394412 316341 289284 303824 412069 421268 437570 857750 750018 366009 343147 239176 254830
 448909 407135 206380 168443 170445 224099 339686 297544 248721 224056 186720 267652 348677 342396 331452 440017 467337 319312 389683 402355
 380464 254682 200577 168686 136609 165596 151634 217050 267026 388762 370578 273103 239820 315607 308344 309590 236218 218826 180128 375554
 517026 357889 180905 95587.8 95035.9 161106 184434 432387 343552 188036 213920 354406 457935 302333 211037 185385 463385 398640 234742 169652
 595465 812574 563138 287263 174916 212486 242312 177156 123364 95631.8 365336 460386 393726 219139 101917 199453 613354 811821 663835 494236
 471267 573555 567642 300681 207825 149700 260054 329554 228334 167817 162517 126668 137864 176811 277032 253165 556512 418085 325357 274244
 343929 297098 232547 230448 258923 470314 362705 377471 280452 138264 88894.4 106550 160347 160803 206582 321340 529933 561084 455710 308778
 488662 424350 347716 268234 183983 216418 354341 310292 277032 294737 345627 324027 216434 123842 123984 197299 221278 186802 134687 323617
 405435 285026 223970 315026 301603 234655 374138 315722 209367 209363 482672 551325 405287 252385 402405 339516 277632 179226 277332 269921
 575931 496767 326905 162278 101999 85713.2 179470 151369 95042.3 44011.5 107642 140294 176143 323297 299756 169996 202517 254354 509968 691141
 639861 426497 265650 261497 667872 785972 589131 729549 520774 286401 124997 145227 157403 143317 178030 312384 502449 409889 286958 316006
 362509 360372 491767 310279 181421 158809 187982 256857 279171 520550 380046 224262 300693 310265 218329 128252 205163 208949 167430 201014
 358829 180059 204882 245455 210675 249996 290647 275116 217137 314189 285639 188342 163552 129289 214366 636907 593810 367097 285775 283741
 466394 449260 283993 342217 295418 233987 309524 274334 181863 141432 219074 333305 355370 262501 199500 193580 282471 223960 316495 367468
 559745 500830 413093 319727 235500 277215 343689 352989 473721 404524 538141 662572 806378 542620 245964 363671 439541 314474 262683 279315
 395519 245886 166974 186131 174119 292484 441226 354376 320066 277090 324811 350468 559709 473674 349346 234744 292255 332465 407527 381235
 411204 262495 272311 173571 206430 209437 210948 193691 199876 599314 544982 599609 594668 396773 377100 363278 509678 471135 345457 398086
 376658 479105 520489 744516 753505 458754 224434 367781 486403 1.37788e+06 1.08175e+06 585835 298088 374622 361508 409013 446449 330104 335849 422216
 212582 269712 287252 213967 254766 259665 311794 282113 309684 249864 564831 609721 482576 429888 274393 187491 148520 344716 556399 608899
 649588 529107 309964 187669 106052 156688 236444 235162 262860 167143 138718 104784 137950 333196 305700 213253 345514 269668 175743 391568
 423378 299854 420606 334299 346561 231822 254499 331803 267386 382251 396081 520835 297999 197120 135636 95126.8 158929 221424 205739 222531
 347656 192625 147450 162121 183766 403243 364374 214385 228251 216879 188391 155051 485221 574032 382233 327406 310270 255132 184061 209365
 378592 331792 239042 267427 259075 282334 297032 262851 170860 253978 190520 250375 279017 401776 291341 154086 109330 170322 214313 242769
 439599 254070 244726 207565 350935 611560 422886 343136 545344 423165 253195 210590 259258 325379 375911 444080 582362 494932 317754 212193
 361427 197617 194900 162445 158370 160934 371146 357526 186391 269630 317878 380046 348622 255140 179986 212784 306038 276683 195118 179276
 354571 391702 489462 811702 526841 368538 246201 218211 160809 357861 489613 318211 233530 377462 390750 349758 355650 362278 547989 398071
 340757 662432 718106 375643 329742 305156 327384 238013 346409 395362 314276 343038 375240 396620 239576 228323 286430 293265 356628 303100
 439575 407989 328935 451926 376867 321653 533718 709968 447672 260468 283845 242302 347650 244275 220666 270523 235330 208237 373852 276076
 428143 351185 334842 308876 276384 344813 356551 415754 306264 160113 249900 234655 242825 316408 355419 341396 266803 171307 269384 234125
 464310 377561 329913 240897 207128 199080 214628 195702 348703 305628 240212 238308 228235 225659 347910 297512 433830 289860 256961 291960
 275445 184322 113007 221765 405823 347982 419923 277695 528160 376103 180734 191668 225264 291829 285737 235997 185463 778099 745236 549702
 377749 229586 265960 484846 373447 339162 257231 307520 272797 355054 533345 467627 284460 197762 205768 699263 715779 392761 233745 419845
 721831 689967 546872 409311 315549 295194 272234 511795 442295 286200 288678 397375 296319 309261 278990 247662 147435 259077 259013 323284
 705804 747380 617404 432558 337664 273292 226569 132219 213813 181710 138349 225531 360492 601672 546236 544983 361475 247791 213361 234113
 517465 482328 383756 682589 535993 493282 838776 960501 645239 371249 207291 466278 511234 576492 446132 309837 165965 269488 544777 572776
 462291 402374 574851 554670 644764 539549 443597 262158 369302 335450 274646 222976 476352 440589 407567 277946 217377 225639 266446 310624
 444803 259852 175660 165449 241938 384081 328207 291116 190249 117622 95356.4 178103 240167 231391 220074 296687 241041 172419 268876 240385
 428194 342030 267298 336742 297142 192162 186373 171714 218087 233494 299006 259664 513879 459644 407177 323898 614718 604948 305054 233838
 457160 262173 203519 251542 331596 475938 397294 373518 319081 215166 203808 138772 597262 484178 255727 158404 184392 220215 657071 569973
 415322 281454 216656 241049 271453 241284 269811 637404 513864 216936 99389 192751 309547 291189 328157 390101 244632 181595 197507 250154
 446416 236786 339860 364435 243095 347758 268795 209954 144313 222111 191861 209106 254491 738733 603074 392973 249093 387330 336018 199606
 460173 228649 247133 205017 164309 377401 503475 387284 506546 575810 1.07082e+06 876194 522094 366795 489865 646210 528821 422459 358773 307754
 480999 324313 170364 222364 211788 393550 485529 285955 181220 234251 330472 227697 163116 251497 240476 155238 171101 144581 141516 125386
 346635 272919 182871 123379 256013 284184 231444 437445 590180 429374 552614 363174 203278 164024 306136 417581 374321 559431 431824 219985
 241684 126847 62032.1 68262.1 108635 351361 370987 386166 302719 211100 198015 215695 471326 621168 486495 327141 207873 314631 270128 215817
 589706 435142 257632 233825 229018 193494 131622 167800 158951 269164 393225 336200 451239 457735 379110 376792 369198 607642 484854 278337
 412109 217482 197018 259919 310974 239281 162089 120268 272646 315474 231081 166596 292345 385566 313513 281131 680576 616304 536759 364810
 447586 367013 272257 455489 384863 200950 167713 226549 243554 195319 178468 275295 332705 316548 257979 434796 560421 397770 251493 185493
 350723 306114 335249 538732 493172 477764 475652 324975 369237 247624 151348 153331 227318 170074 147888 162856 164301 292558 246876 207819
 364897 193545 137932 134287 211972 204592 290565 254601 276144 271184 321100 234678 153932 162478 319527 241472 235531 197786 240675 433271
 527578 344848 371389 358534 283610 311175 301491 287264 239742 567310 523865 337221 173518 196432 173376 379461 358670 232262 173676 224784
 400357 265015 144481 104437 148805 193913 155851 83489 434894 454447 253290 185759 125771 132723 184754 148037 106871 115578 110116 171224
 463613 323115 342247 349590 604099 480687 286137 252566 206266 170576 282059 369940 226274 218485 242945 272006 208943 249776 250435 192480
 380371 265569 181476 188210 297879 301276 246462 216943 181132 180623 375915 334790 267330 155534 89991.4 181361 178155 130132 125165 115573
 636620 469965 615389 470473 204883 99897.5 90469.9 95027.2 180597 350261 316926 312064 191985 226339 196102 175961 368967 293096 179661 180379
 451653 467730 308710 318766 376265 376996 432784 369884 272643 154177 305153 423587 502313 439201 335593 382142 424929 346565 354580 344826
 411386 403432 285121 230942 181792 475583 425317 370590 413235 435550 322935 168834 95023.9 132714 180546 201243 265477 184523 180171 413512
 371878 586716 414511 352411 435455 372592 302166 244361 189018 344138 326549 316132 268888 180830 246447 304560 412572 350861 207946 151861
 383739 439979 408508 477194 352201 218157 137302 115209 269576 250967 386417 320522 218042 284257 245312 358419 561198 562291 386736 264051
 352959 256481 347409 358361 237514 326070 676368 541419 369862 257238 223479 274173 298615 212633 247813 401041 326909 313214 569176 464048
 247348 158133 205671 162133 139486 264503 396432 308623 259286 161485 120781 179784 227367 287415 255016 481023 401415 436621 423831 299786
 483057 422611 247194 196512 219151 156812 125788 95233.7 111713 197799 393318 340305 256133 258774 248427 158768 87081 125745 142979 193863
 311893 235053 170059 125413 268294 291776 192564 246951 292314 201070 343672 317677 224317 204775 219453 298540 242932 173287 254118 348640
 448076 707340 563789 354107 221608 160195 128866 280755 344783 293707 154004 145575 239668 216255 199139 138873 246029 254063 248359 246487
 296828 230408 206584 203779 316500 354413 505579 494710 406870 393465 256493 194478 157944 431215 454225 297568 233844 189195 182590 245091
 365576 391652 243135 103754 97758.9 87873.8 105069 242282 248067 161448 155886 231979 303127 282731 428018 456480 482476 306922 325042 258748
 338655 201031 317369 353648 227566 250107 465267 417145 401664 231640 158144 98702.1 91067.6 94352.9 196178 331209 268166 348211 474023 545426
 358547 379992 237392 147933 211136 197440 305871 229745 244331 304615 346943 333122 421814 280713 566140 652220 545099 342241 313017 254648
 322627 178888 106100 277517 360249 298414 214463 152869 105711 529823 561232 386920 241403 218941 271591 214908 200002 333333 305286 224300
 349375 205331 154276 232697 215984 190126 199636 194648 153764 212857 315917 265218 404855 332029 154159 229661 346193 539079 327602 222931
 530569 289842 217987 204588 290175 209431 226499 252901 182380 164826 152480 172799 172093 372776 336239 215384 573485 407599 629273 751758
 401366 225817 196735 194985 233381 254689 451347 830957 925801 716711 320371 250608 249670 334007 292659 218422 178029 192071 453053 616920
 333250 230429 394858 483165 687763 524902 341927 285905 271359 213894 310145 243456 264226 237122 152380 244967 526156 443044 209511 242487
 448369 309424 153776 132499 162570 142126 329098 330924 341329 433117 491297 656340 446666 321516 544488 420618 384403 307862 342267 451793
 406676 307761 238237 220762 235605 327903 333056 224258 315070 223183 268808 422748 473404 564368 431898 329788 286040 326985 217493 301563
 376476 199936 104884 118745 116890 183824 445060 688939 443408 215227 192955 368663 357335 242883 174712 269537 183490 351809 317254 247401
 342684 307858 236196 308767 392504 385952 434747 302374 260285 302735 260730 126778 117115 88905.1 136672 217941 334769 321875 239956 318695
 436430 265359 268802 231970 505737 454993 254906 103212 145333 135579 161549 141715 421931 395783 295624 222976 150121 204148 191233 347517
 375391 304299 241198 258039 186905 136150 197143 338859 405869 305456 255893 286478 355531 320642 323934 270701 258486 324775 349164 299121
 283227 209506 163661 268490 439102 373635 246227 327883 458677 399412 266257 359691 279342 221990 213431 423176 301334 153444 129568 182805
 547543 427486 410719 436400 576073 465078 324228 299422 325701 314194 210416 278674 338470 401558 258218 229414 175957 258732 297053 228936
 364028 433497 467840 431821 251217 182333 262234 344513 333250 308058 494790 483247 299968 169451 149911 141646 257195 280003 245361 201077
 450351 374705 221598 158053 202569 257637 173506 172738 168670 155341 166866 196846 215114 266445 421996 554993 436206 617631 567572 411430
 708900 806211 536351 243380 323508 307896 499592 347770 202025 165977 212421 251222 289983 181740 199508 305274 295494 224316 183334 174938
 358976 567895 534101 381145 234425 160797 229573 292048 345460 369401 354337 289742 317194 855117 660963 421848 317354 426864 446904 407185
 340632 263712 254096 435164 495556 430100 324901 361156 367424 394790 731657 720307 491652 380257 362161 346248 254281 217648 187947 159212
 424767 464268 309184 231583 283706 188623 251216 244786 281254 473742 499094 506799 413114 264620 309324 279846 295517 339375 290527 209484
 514599 643990 462850 325296 426016 557003 541919 632770 970921 702120 456220 315732 357306 413847 341794 309194 276794 228547 326423 341075
 386320 202658 165570 215994 350674 357944 257739 320461 313668 393063 298449 168130 291810 305377 379680 378237 328678 339329 304627 364835
 586919 357781 388029 300599 192985 283152 217736 155341 137897 204237 340009 306910 308728 429194 282971 253132 262805 259194 300876 227191
 403795 302301 481841 378237 231768 325404 328410 409281 329153 345853 378130 431407 368538 297743 215707 151144 117709 329584 415750 299703
