 109449 71125.8 92298 128115 85016.1 55955.2 26355.9 15200 71609.3 74402.4 25177.5 31226.6 39283.1 32212.7 27823.4 21834.5 31463.7 43746 65492.4 81510.4
 43424.3 110612 49305 46231.6 48421.7 18859.4 16818.2 37251.8 56520.6 51008.1 44579.1 23986.7 13683.2 21147.7 25282.7 35039.6 91226.8 117630 76785.1 78167.8
 148582 93266 39370.1 55518.8 107526 111790 59878 42163.8 55559.1 56117 38777.7 24739.8 24572.7 41983.4 83217.4 31934.5 23001.3 27697.1 71028.2 108831
 86789.3 79670.9 62502 71500.3 50486.5 52273.2 39660.9 49573.6 56651.4 27325.4 21944.7 24513.5 33114.3 32450.1 28593.4 35377.5 41697.9 34451.7 17289.7 37012.5
 101427 65228.5 85074.4 137353 103422 54331.6 30650.2 24827.8 65311 81105.9 41454.7 40615.1 63044.4 65107.7 91098.2 80521.7 50390.5 52425.9 46391.5 58474.2
 99977.4 94515.1 75401.6 50246.3 79710.9 110649 63093.1 38640.8 31448.1 40914.2 53322.8 61468.9 38979 24516.2 21578.5 20136.8 26586.7 28535.5 23840.5 46961.3
 90168.7 116150 55303.1 72959.8 78895.8 49033.9 43677 41397.5 53437.5 55627.4 75557.8 75493.8 60016.7 39867.8 35826.8 61137.5 120381 122563 130266 119559
 93387.6 34135.7 33984.7 45667.2 47988 55436.7 62584.6 55188.6 99814.8 98831.8 85286 48944.2 29972.8 42950.9 64207.7 51763.3 48331.4 46287.4 43746.9 31622.6
 89056.4 77323.2 78876.8 65767.6 79476.1 56796.6 68408.3 76294.6 93100.2 61840.3 32829.2 24194.2 41098 36108.1 57115.1 69850.9 86152.4 52676.2 28995.3 103912
 106558 38992.2 28584.5 73867.8 86497.3 49572 47080.2 50844.6 57973.3 60604.4 41711.2 37146.9 67884.9 95685.5 66899.7 65977.7 64929.4 79875.2 76949.9 42367.7
 108723 69331 68124.7 74382.6 59978 81509.2 52560.8 16459.9 44448.6 76485.1 51851.5 45298.4 47088 46267.5 46461 26057.8 13165.4 16008.7 22112.9 44454.7
 108471 96113.2 19836.1 16579.9 13812.8 45752.5 68234.9 87763.4 114255 63951.2 69232.7 70321.5 43834.7 41457.9 75488 90640.5 54032.3 53033.1 51230.1 22161.3
 149366 160601 76211.9 167414 317150 203962 101025 56958.9 45934.2 43922.7 40786.2 45122.6 73756.9 113703 100033 41661.5 73306.9 96524.7 56811.4 38970.7
 219197 84082.8 25923.7 22139.1 32756.4 69150.5 221583 141850 127838 74476 49791.2 22014.8 10889.5 32952 51831 44412.3 43087.4 33713.6 47595.7 59347.5
 171752 122573 67604.1 150738 130483 110264 96896.9 85709 84939 69371.2 93927.6 65660.2 42226.1 56174.8 58462.9 28374.2 43155.3 44847.9 37558.9 32481.8
 112407 65806 34845.4 62254.8 66442.3 100430 189893 89587.5 46652.1 20845.4 32910.4 70093.1 76950.6 20857.9 17398.9 24706.4 27040.7 21424.8 31637.1 41625
 130477 69702 39561 27502.7 21692.3 8972.07 13212.3 11895.8 55405.6 111983 92382.2 91376.8 73191.9 40286.9 27783.1 41117 40271.8 57671.7 94595.2 151071
 45149 54118.3 34296.7 20306 22325.5 73908.9 136543 83398.7 26411.1 16474.4 28012.4 40099.6 21441.8 24881.3 33792.9 42576.6 57197.2 52207.5 49203.7 69116.2
 165968 235168 108728 123034 104977 56444.3 42930.6 45755.9 33714.3 24838.3 37894.1 26131.7 39981.3 63348.2 81404.5 62998.2 37285.6 27312.2 28984.4 30977.3
 97523 76795.3 58059.5 34306 33605.3 37586.9 39316.7 44441.3 41976.7 27690.2 31154.3 37430.1 43031.1 53800.8 51559.1 50188.9 34428.6 47565.6 41061.3 32092.2
 96553.6 84095.7 73819.2 77592.8 81180.6 43239 48284.9 45710 34199.9 57247.5 80712.7 76478 62568.6 67220.5 59133.1 47732 46399.4 53822.8 77860.9 56827.7
 106763 85799.7 25200.3 27421.7 24086.6 31725.2 49996.9 95282.4 122642 47295.6 21295.2 13504.8 58825.5 96801.2 53127 44071.1 38480.3 21271 13285.1 32237.5
 58059.9 35314.6 21457.2 51226.7 74982.8 55162.7 62911.7 98069 84755.8 61899.1 58404.4 105060 81493.8 42456.8 44344.9 44669.1 74389.1 56426.3 38185.3 42002.2
 72654.2 64716.5 33489.8 20371.1 66884.3 89780.2 68280.7 75447.3 56403.5 76429.5 115536 98356.7 70494.5 60351.2 74158.7 88064.4 43160.9 47704.6 88438.3 78590.5
 92031.8 38764.3 35772.5 48096.1 70157.9 61764.2 77953.6 107462 108782 64675.1 56360.2 115302 116324 58452 61441.9 52967.5 30367.7 33027.7 78650.6 75065.6
 75830.1 76470.4 54159.5 40681.8 99985.6 116040 67612.6 68801.2 61058.7 44141.3 38303.7 32621.2 23325 23799.7 23720.3 21978.7 15964.6 15078.7 23834.5 52797.2
 71485.3 56270.9 46968.4 50549.4 66953.8 77835.4 73765.7 82483.7 66023.1 62550.2 52739.1 45846.6 50796.7 115844 132653 87599.8 84645.4 119392 120817 76336.9
 82557.9 114832 86432.4 68680.7 57182.6 44080.3 51726.4 61149.2 97186.3 86694.7 68540.4 71403.8 86631.3 132875 147768 98739.1 75962.5 50908.3 41913.9 39373.2
 115089 59602.8 48444.3 24421.2 26599.8 81502.1 78292.4 89080.7 101112 41246.3 20080.9 16504.3 13462.5 8664.21 23219.8 27285.2 20033.4 26849.6 55315.4 122656
 164590 88034.6 81198.8 89214.6 56102.1 37876.6 36090.1 28015.3 18397.6 37452.7 48432.5 82021 77843.1 28176.6 17939.3 22432.9 34673.2 62734.4 75490.2 62840.8
 85976.5 94550.5 48145.3 45681.5 33399.6 64506.4 72648.9 88776.8 122076 166979 132079 59390.8 34913.9 35886.1 52527.7 53266.9 29979 54369 100264 40997.8
 70749.4 39180.8 24287.5 40630.8 36414.2 24779 46208.1 67459.1 59693.8 52443 43579.7 62812.1 63075.5 52722.5 48766.3 40061.2 35322.7 34240.7 19363.7 57582.9
 132645 103335 55201.1 15474.5 12433.5 16616.4 29108.3 23057.3 38538 55323.5 77127.4 83495.6 69819.9 79922.8 66255.6 84742.7 70878.3 48312.9 158864 184174
 72678.7 56870.3 48510.6 58418.6 86773.3 89063.7 44491.2 35218.2 45229.7 54599.3 90786.7 116184 49753.4 40481.3 44364.2 54958.7 45678 45390.3 44808.1 55674.7
 77202.7 56630.4 39750.2 35473.8 58777.3 94646.1 91641.3 104475 89076 62230.1 30736.4 36065.2 98622.1 101746 57799.8 124209 177049 32604.7 63676.8 85679.8
 192930 177082 53801.2 24555.4 16963.2 15865.8 36331.5 56760.8 53136.6 51531 41733.8 46252.4 49213.1 34036.9 42668.7 30462.5 26629.4 42129.6 26833 14639.4
 117262 107027 76534.2 64427.1 129294 170310 104046 68875.1 39266.8 43092.9 74300.4 104951 79854.5 66903.9 26098.1 28781.9 17798.9 27121.1 59794.5 55706.6
 50264.7 68512.3 99074.8 79444.8 25729.8 51552.6 95495.2 144104 91947.4 55597 71588.4 101822 124967 125189 59414.4 34759.7 30843.7 25947.3 17321.2 16366.7
 71024.8 53751.5 45241 37666.4 42538.5 54275.4 54870.5 22930.6 9682.42 9668.09 15840.9 31639 51530 51755.9 48067.5 59430.5 72857.4 37334.7 42011.5 117155
 91744 67293.7 78951 142191 139052 54705.4 32277 35774.5 20950.1 13265.9 19399.1 27049.5 25751 34386.4 28425 24366.3 29323.3 35561.5 29846.5 47695.8
 124075 100212 77049.2 19574 28452.5 43736.5 71304.8 110052 95135 58954 41048.5 64363.4 73453 85690.4 68587.3 60302.1 62149.9 62292.2 42306.4 29729.2
 87289.6 57993.4 111125 138527 112077 132053 79647.6 67647.8 42627.7 30091.3 35275.1 28317.3 32351.1 77409.5 88382.4 80479.5 45060.9 27585.2 52129.3 43553.2
 101961 50426.8 92142 84706.4 100423 107938 65087.4 84369.4 81444.9 79006.3 52641.2 50057.5 18266 67539.7 73308.3 88785.6 110451 63234.3 83294.3 89254
 160637 180973 82175.7 31770.7 27518.1 36492 39296.9 58026.9 41024 41253.1 39968.4 113437 117979 70864.7 48826.4 35438.6 35936.8 40349.7 22386.5 16149.3
 158541 78618 50615.8 66943 37635 49295.4 72938.2 76359.8 58751.4 51747.3 50461.5 42669.9 45529.1 48169.4 44972 54678.8 64286 49282.6 43214.5 60329.7
 38905.3 72080.2 44289.8 26542.3 24850.9 20444.7 49950.9 79232.3 102203 58635.2 43270 33588.1 13428.4 22851.3 19601 9585.2 8585.94 11137.1 21648.5 24680.8
 121652 41198.8 38819 35412.2 31605.5 40487.4 45651.7 39161.2 57976.9 46781 36969.6 30514.7 35772.9 33833.6 22820.7 39821.9 61885 62748.8 53974.7 35060
 98927.7 53941.3 78744.8 76115.5 18813.7 35663.7 65282.4 77683.2 56751.2 48674.5 78454 115042 59103.1 41945.7 35871.2 41862.7 54229 36563.7 12011.7 15846.9
 76084.1 54446.1 34467.9 25168.2 30195.3 31409.8 21554.1 35006.4 48435.8 51272.2 40109.9 31599.3 28293.8 25043.1 50869 78648.1 84340 67493.2 85228.5 72768.5
 173229 153568 122270 58989.4 49722.5 95723.8 114964 60488.2 25302.9 45629 73277 79727.4 76186.6 55711.1 64338.4 55617.9 35221.6 46757.2 62785.9 53767.6
 124563 70306.3 65471.7 46278.4 22153.8 44264 83852.1 36285.6 34786.8 24423.2 39063.5 56553.9 66343.1 48447.6 37873.1 22877.2 20777.6 16041.3 8088.49 24547.3
 122217 38508.9 30072.1 67858.8 81526.7 70325.6 52284.4 19603.9 9502.47 20058.8 29857.3 55586.6 121441 111476 77943.7 51550.8 45880.1 45408.4 26518.1 26579.1
 112283 102032 47631.7 17137.3 17502.8 18705 28963.5 35635.8 46714.7 65207 48165.2 44146.4 30562 24714.8 28285.3 50758.7 58677.8 72854 63885.7 40450
 90743.4 74866.4 49904.2 31789.2 27230.7 36901.5 78197.4 61169 21283.8 31752.1 52185.1 56163.9 48671.8 27828.7 48710.4 163175 151650 68410.1 53141.2 77831.5
 123065 109059 63356.8 33991.7 19353.1 46935.9 76691.5 54725.9 33602.4 20909.8 16715.8 39212.5 45578.5 44900.5 35879.9 33600.8 43327.3 87297.7 85895.6 54624.5
 103744 72946.2 97416.2 123330 82361.9 95254.2 74246.1 122888 76473.5 35681.4 22066.1 76189.6 76495.5 24765.1 33139 98263.3 111108 63264.9 50914.5 44207.9
 126374 121730 94160 85359.2 80035.1 59194.7 18168.9 36031 68988.2 46796.8 75635.1 99322 108538 107663 52834.2 31429.9 24158.7 11276.4 8258.53 10273.3
 46985.4 67553.2 29338 38520.5 121326 185772 146734 97408 99464.9 91445.4 63472.9 65655.3 59168.7 44977.1 45161.7 30409.3 44029.5 41840 9604.04 12265.5
 73454.1 64141.1 61197.9 45502.4 20334.2 14894.2 27576.2 26825.4 14078.3 10654.3 22358.1 62657.9 90250.8 59295.7 20409.9 16932.6 24594.8 29261.9 31450.9 33355.2
 112564 81543.1 57420.6 33094.1 26659.6 32877.6 77039.4 81514.8 57249 82108.2 67512.2 82705.4 103320 71810.4 56812.2 41047.8 29532 28449.2 39025 92687
 106718 92509.9 74656.5 48885.1 78727.7 44951.7 58006.8 57441.2 67481.8 103263 77132.5 95476.8 110387 98472.3 91874.2 78015.5 74643.2 131618 225364 146919
 96779.3 51767.5 18698.2 42888.9 68165.7 69167.6 32217.9 45149.8 67880.3 85300.3 78818.4 62418.3 33925.2 59801 97008.6 137715 119752 60127.8 68572.7 100079
 117440 63465.7 39960.4 60177.2 65137.8 33315 47547.9 42408.4 18639 18153.7 37503.2 60052.5 68152.7 44118.9 44722.3 94846.1 115807 73890.3 39186.3 29930.9
 216125 174630 66715.9 99757.4 76762.2 99030.4 84291.3 72979 58484.3 66047.2 43375.1 45181.1 58709 51516.3 46834.3 33063.6 56265.3 56120.9 48348.2 27513.1
 86793.8 109717 42241.2 44828.9 86813 81799.8 75333.8 82100.1 87962.5 73425.5 79381.7 60162.1 39374.4 83284.9 130431 100029 89413.7 81147.7 73785.1 49347.6
 110869 66737.7 47168.4 54367 55479.1 30293.1 53396.8 48389.7 100533 110732 81128.8 65544.3 87539.1 107777 74142.7 54838 35253.7 24676.7 24392.5 26403.3
 129151 93269.1 46220.9 50662.6 64597 58191.8 60736.7 76141.2 49185.5 49213.4 48385.9 26415 43072.5 65558.2 82777.6 54848.3 69806.5 98189.6 73011.7 60286
 181571 123087 65704.8 52648.3 49932.4 63872.5 63485.5 103058 199838 166729 83480.5 69809.4 80652.1 64462 48967.4 28392.1 21161.8 25102.4 32316.3 46220.3
 96057 159124 144297 86039.5 60321.7 47332.6 46397.8 74457.2 127417 109365 42382 37301.5 31108.1 30684 23931.9 12493.6 10241.2 6804.66 15838.4 57645.5
 118305 41056.6 59056 74243.6 93256.7 80488.8 86059.4 89065.7 98474.1 138810 173575 95947.6 38427.5 56446.8 58793.3 45648.5 32348.4 46599.9 40893.9 29989.2
 125664 58338 57181.3 113911 88220.5 69940.7 75652.3 50892.1 50577.4 59472.2 110960 60561.1 35988.5 28440.5 27179.4 13317.6 93900.3 137116 95006.7 36459.8
 202644 162893 97274.1 123772 87051 45687.1 41746.1 36001.3 38092 17276 17036.5 13911.1 15102.7 30372.8 61627.9 89230.7 135730 98714.8 43736.4 28986.8
 81685.3 78642.2 81521.8 115546 74715.4 58400.6 46436.3 33585.6 35688.5 41240.4 46998.9 58448 56905.8 41052.5 37236.6 78175.9 111364 107357 87756.1 52852.3
 83243.8 81978.7 105551 81255.5 38712.1 35995 27671.2 38489.8 54757.7 41153.9 56781 57088.1 93239.3 79750.2 65121.9 88687.8 61156.1 21021 25887.1 44253
 107225 56684.8 46620.1 68063 120381 109972 79952 43993.7 55709.5 138207 126459 42328.9 29186.7 31616.3 34764.4 19584.4 45686.8 63004.9 41132.1 39383.4
 95344.6 32040.5 46243.9 58228.5 18584.6 29557.8 49962.7 61000.6 28551.3 67855.5 76209.6 49448.1 43111.9 43082.6 34361.6 60376.4 69782.4 42404.4 25235.7 17865.7
 92703.7 115598 103802 50416.3 22653.4 17789.5 64283.8 69327 51072.5 34964 27810.1 45855.4 71253.2 72632 75948.8 73237.5 94320.3 108480 90199.6 52320.3
 63897.3 51588.5 88599.2 117552 101199 41485.2 21230.6 32717.1 37956.7 42763.4 36405.1 24678.8 24721.4 23080.8 31878.3 39078.2 29135.5 25816.1 33725.9 41335.5
 60025 55021.1 79192.2 92475.1 130346 180181 157321 101096 47908.7 39992.8 44316.8 63444.7 58032.2 50732.8 30993.8 39799.2 47336 42676.6 28647 36511.5
 146759 185040 101797 74647.7 104755 74787.3 86612.4 77651.5 49698.2 29180.2 114210 153370 105208 34082.2 48748.9 48763.4 24053.8 15016.6 13867.4 20481.5
 64584 23847.3 14789.5 26380.7 38395.3 40235.3 52951.3 47441.6 33209.2 42329 59330 56921.7 61640.1 51843 22503 21811.6 31683.9 49868.2 85346.4 144664
 85703.3 71814.4 68501.9 50335.8 31328.2 55139.3 58624.5 31679.1 73353.7 89071.9 56610.6 57640.4 77075.4 75457.6 47379.1 28461.3 21639.9 16562.1 47118.5 48364.5
 100390 131986 75897.8 39073.4 49312.5 104767 144580 85569.1 49925.3 26121 14317.5 15897.6 25781.3 46435.7 51697.5 46384.8 50074.6 30750.7 26543.7 36332.7
 128607 87540.5 140950 120689 59065.8 25842.4 14331.2 28969.7 48417.6 73557.4 35064.3 30391.9 43198.2 56468.9 50290.4 36509 44852.6 50522 51992.3 54942.8
 158972 116918 82928.5 49780.4 37181.4 50734.7 39510.7 24380.4 33598 43390.8 52443.2 67988 50428.5 44014.6 39450.5 39468.6 49766.6 49322.2 25812.1 15096.7
 74650.8 68233.7 67127 44804.9 26874.6 23084.2 25802.5 39114.4 44362.8 26810.6 40852.8 57986.3 61578.6 55836.2 46332.2 47587.3 51639 53575.2 66926.9 43369.8
 160470 151400 64479 67451.3 102896 73006.1 51286.3 120568 128474 104047 57946.4 52882.3 55180.3 58936.9 48612.6 42126.8 48548.6 118092 137152 67607.7
 79465.1 133139 93781.9 50852.9 68947.3 77729.8 147809 176906 67010.8 29041 24617 17898.3 21001.7 32070.6 25992 29994 26038.3 14258.2 22106.8 33792.7
 89931.3 47465.3 88419.5 101914 13237 24612.9 58356.9 53219.5 52776.4 39126.5 23000.7 22663.4 28933.7 42298.1 40979.3 46772.6 52809.1 49782.4 41420.6 93791.8
 115037 108407 104225 91534.9 42042.7 29750.3 39259 36453.7 40284 36251.4 22119.4 32922 45653.8 36788 39150.9 44152.4 50122 52512.9 42744.2 25071.9
 73608.4 73267 29397.8 23633.5 40825.2 16758.7 47346.8 32150 39569.4 43812.1 69583.5 50629 32779.3 45872.9 50713.8 55261.6 66393.1 52564.6 41261.4 40458.1
 57586.7 122188 58630 25748.8 96013 56525.1 80914.5 75425 89641.4 48433.6 59910.6 65608.1 44999.7 27733.4 24490.5 44927.6 66526.5 67021.2 57011.5 55024.6
 108984 194628 212043 90790.3 108901 104093 36250.1 13294.3 42812.3 66085.7 55591.2 38894.5 30971.3 43239.3 30862.1 48923.5 91559.7 85548.2 95197.5 80494.3
 120944 95927.9 91734.8 90600.7 52185.8 50522.6 47851.7 26290.4 13196.2 20841.9 36080.9 46387.1 55717.4 39855.6 45642.8 81392.2 121334 77189.3 22169.9 15854.4
 65165.3 95955.3 96609.3 62268.8 51136 36758.6 37082.4 34523.1 43759.6 63701.1 91095.7 118385 84636.2 64080.4 55378.5 48042.5 46162.8 57377.4 31542.7 28153.9
 103318 124425 43930.3 16241.1 26481.3 71684.2 86150.6 86144.3 45902.7 40957.6 60211.7 64927.4 61149.6 47311.6 114363 143969 99406.1 99766.2 47966.8 67572.1
 74071.8 114584 146561 29739.2 77773.6 50199.5 116212 194030 77696.8 64800.1 53974.4 44319.2 32153.3 40422 53955.4 79992.9 72097.4 35205 36403.3 21134.2
 55915.8 46926.2 69065.7 92555.2 23188.2 23432.5 32397.1 58377.2 69118.8 42759.3 55486.5 95000.6 57398.1 72974.1 104091 102845 95533.1 142469 118176 77236.7
 98308.7 82729.2 69190 76572.6 64655.4 52304.8 81328.4 112956 58538.6 39691.6 30037.6 21400.3 20618.7 54669.8 65719.1 39068.9 16461.7 41429.6 71067.1 47507
 96005.3 117337 124124 105369 96168.1 84255.8 42544.4 49316.6 33020.5 52085.2 67160.7 54540.4 20905 30318.9 36919.8 36818.6 56349.5 85592.4 67510.9 22678.2
 146744 143622 79609 36810.6 73452 81521.4 27353.2 23497.4 17368.3 11238 7905.49 13266 29695.3 57543.7 70714.1 90975.1 63891.8 35832.8 38045.6 40342.8
 108359 70989.3 76420.5 153819 208543 178211 121637 73261.3 93344.8 81722.5 17687.5 43253.5 70773.4 32879 14847.6 14409.9 30918.9 47021.1 48534.9 68747.8
 117340 59303.6 37871.6 25641.4 28974 39204.6 34889 50558.1 55811.7 41924.6 35003.8 42908.7 47319.5 84793.2 69551.8 39657.6 28659.5 27253.6 8554.58 9612.01
 58685.4 38381.7 20486.3 16909 15805.2 16847.6 5302.24 8745.17 27819.9 85307 123679 62789.2 54893.8 51111.9 31871.3 25158.1 27138.2 29224.5 32188.8 56198.4
 115140 71506.2 42104.4 60625.2 113296 103455 91172.7 98511.5 108633 69728.4 54954.8 36689.5 38004 25878.2 19645.9 16560.1 17990.3 31955.4 50835.2 37947.5
 97650.5 48398.4 43762.9 74697.5 74911.7 63838.7 96048.3 54501.3 24486.6 18425 22870.5 31104 24214.9 47346.2 84248.5 42424.3 18905.4 21198.3 32493 49492.9
 185802 111211 52451.9 65949.9 68387.9 41791.6 79520.4 109397 124185 98348.3 82576.6 68532.8 45480.3 65312.5 123762 88001.5 52321 42720.3 61571.2 95600.1
 101549 71023 67547.5 46092.8 46765.2 65897.4 106291 20731 36598.8 25710.1 31979.7 58341.6 86770.3 88481.2 100062 68726.3 32107.5 27962.8 45690.2 39605.9
 77100.5 91789.5 70466.2 80122.6 64675.6 44708.1 96327.3 118898 58698.2 27393.5 44083.8 45350.6 46010.6 44986.5 43550.7 50407.2 51191.4 42496 27362.2 31157.4
 106630 80427 35404.1 57510.3 59519.7 73996 96517.1 84659.6 71931.7 61503.4 54875.7 74370 77858.9 86714.9 139069 153339 67603.1 57714 43982.6 37786.7
 123482 116035 37023.5 29373.9 32346.3 48760.4 76247.5 65518.2 40645.8 32472.2 28254.7 50525.2 70085.7 68731 59942.6 72505.3 68132.3 59743.7 64475 77271
 102540 41738.6 32788 38231.4 23886.5 26631.9 26644.6 38281.3 43891.5 57430.7 85292 48360.7 36188 45481.3 64070.6 62195.1 43612.6 38035.5 33352.2 48141.5
 109185 96537.1 18811.4 14734.1 11663 24519.8 36614.7 74637 81203.8 26769.6 30974.8 69875.8 83729.4 58771.4 29888.5 28257.8 63368.1 67657.7 39398.6 20952.7
 155726 196871 157419 44429.8 24383.7 38371.4 52709.1 31230.8 18800 10579.6 47651.5 86582.5 74405.1 39297.7 8991.52 25551 92401.3 138312 115856 85707
 64769.1 215338 149172 49779.6 42434.5 24950.2 42135.6 61809.4 44290 31306.2 23840.3 16638.4 18047.6 30431.4 46812.5 46648 86355.2 79719.7 54566.6 40219.5
 72582.8 60069.4 38127.1 53966 55065.6 81127.7 114883 59254.5 64651.4 23283.5 8021.54 10172.6 19791.6 22490.2 20295.1 40025.7 65738.1 92447.4 87268.2 47417.4
 121584 101570 94640.8 46395.4 25500.1 31296.7 61869.9 50915.8 45357.2 65718.7 58590.4 64461.5 30920.1 15836.2 17048.8 29035.2 43886.4 26090.8 15682.7 36156.5
 75669 62344.6 41899.1 47302 76391.8 41325.2 65638 76306 34620.2 28204.3 68693.6 96875.2 75495.7 37189.4 50574.9 65088.2 33675.5 31989.6 37820.9 40269.2
 127223 137409 75708.7 29885.9 18063 14925.3 23138.1 27109 9095.32 4126.1 8860.69 18320.2 32033.6 41381.2 50675.8 27086.8 22439 34588.9 68615.1 118228
 84545.7 148611 47888.6 50328.5 116542 142823 130980 138706 147438 44516.4 15674.5 14576.9 18591.2 19385.3 24683.6 45373.8 68052.3 74011.6 55273.3 50276
 99745 110944 136072 89566.5 29561.9 30214.8 40121.4 48857.4 59861.7 98404.2 80950.7 50607.7 52885.2 62913.5 39186.8 22005.4 27980.6 38623.6 30355.4 29096.4
 94882.6 23128.8 39214.7 72883.8 45689.8 54157.1 59822.4 59100.1 52544.4 57449.3 54508.8 38918.5 26300.1 21719.7 32393.6 103329 120287 73620.9 56482.1 43939.1
 123828 105232 75603.1 74340.3 69166 53961 63464.8 69279.9 41499.2 17048.7 37346 63810.4 72792.2 57706 31718.2 25752.2 36741.8 37002.5 40585.6 55904.2
 139785 125914 95886.4 72478.8 54260.3 69241.9 87660.3 65942.3 81506.8 84989.6 103700 126406 152155 125113 43598.6 57499.7 78088 78507.8 41334.7 50257.8
 92908.3 62548.1 37521.9 27424.8 30299.9 53697.7 92394.8 80904.6 62492 43457.1 49712.7 54738.7 84444 104017 61854.2 35658.4 41335.7 50966.1 66078.9 64881.2
 84015.8 53430.1 66534.3 37156.7 43666.2 38933.4 41911 40230.4 42499.9 100301 132688 119929 135207 79676.9 62502.6 72348.6 84315.8 79977.5 61224.5 63707.7
 97696.2 127072 128575 169921 197126 71966.8 50911.4 77750.3 112608 276808 320152 91747.7 51731.4 57579.5 74111 73804.9 75466.8 63726.8 58886.8 63536.7
 49922.5 60907.5 69037.5 54064.3 61309 55480.2 76584.1 49326.3 67886.3 62978.4 125037 142201 110326 89805.1 57299.3 33440.6 24171.6 51814.8 84216.7 124392
 167952 130566 76985.8 44715.5 12531.7 27792.4 49488.4 44459 58952.9 29485.3 21600.8 14602.6 20496.6 49825 60307 39892.5 56309.6 64846.1 26668.5 48561.1
 139354 59487.2 84063.8 245709 37866.3 48771.3 41829.2 66905 49887.5 59013.9 82717.1 105220 61308.6 32372 20987.1 9772.26 17225.3 31386.2 29831.4 32239.3
 83388.9 45199.2 22505.1 33259.5 42543.1 78507.5 97317.1 41670.1 44058.7 42672 35425.3 28614.2 68206.8 120094 75453.9 42983 61691.1 53962 26944.2 31376.4
 107640 79273.5 58302.1 62306.2 52237.1 60400.2 82430.3 56017.3 32489 37174.9 42842.2 44151.6 48997 71893.6 61745.8 24543 14399.9 22925.4 41352.9 41420.4
 101642 61288.2 46305.8 43759.1 72564.2 125513 107703 66708.8 111565 85478.9 49621.5 37762.1 44504.5 54404.1 71985.5 75393.1 89586.5 90038.7 57286.2 29363.8
 84130.3 42590.5 40748.6 36865.4 28028.9 31603.1 67175.6 91972.3 29873.7 45673.2 63589.5 64425.2 62770.8 40690 32484.8 35333.3 44174.4 57749.7 30803.1 17381.4
 92402.8 87830.5 117408 199126 134696 72849.8 52835.8 39498.7 26929.9 61663.3 98159.1 63538.9 38786.1 59128.2 75702.1 58480.7 58815.7 50949.8 85158 59918.6
 69428.8 148827 179277 82742.2 57287.7 58380.4 74570.1 54817.6 88493.4 85643.8 61619.2 59405.3 70050 76173.4 55299.5 26147.8 41130 54152.3 59289.4 43754.2
 107647 104691 87583.7 103723 83371.9 68897.4 122947 188576 85755 37086.4 46909.9 50711.6 69041 47367.6 29062.9 42957.4 40010.5 31646.7 59326.4 61417.4
 93233.8 92142.5 73442.9 20608.8 66659.3 77461.1 70617.7 93634 81820.4 19427.2 34404.3 39884.2 50119.1 40296 54439.7 63046.1 54310.4 25264.5 34975.3 38260.9
 98961.1 91731.7 79933.9 49806 46289.3 33362.1 41898.5 33163.5 64655.2 55269.5 37730.5 36515.2 34288.3 31612.3 59522.8 41859.8 61955.4 48597.8 36310.3 49456.5
 57659.1 39604.8 16522.7 37084.1 87756.7 69236.6 81503.1 81302.4 116750 90893.3 30942 23459.3 34671.4 50725.2 50802.9 35940.7 29674.2 102142 147652 118610
 75941.7 54926.8 46300.6 87479.2 89468.4 66379.2 51275.9 56834.3 62616.3 59206.4 98843.6 81040.8 52207.9 37098.6 26143.9 96812 148395 65466.8 32669.8 62558.5
 159005 193076 131915 78440.9 71849.5 50100.3 50253.5 106201 101899 47831 53388.8 75718.2 49802.2 59006.9 56285.4 45870 21824.3 33336.1 43105.2 50981.6
 173430 228869 118900 81571.1 65910.4 56284.9 34187.4 24196.8 31579.4 34123.1 16034.4 25268.9 49382.3 96020.4 97670.5 83747.1 73471 34579.2 27224 29743.8
 134347 158892 66056.6 134851 119488 81154.2 148765 181019 148904 61273.2 29745.9 52455.8 87943.4 76268.2 77904.6 46797.5 28125.2 30411.6 65684 96330.6
 90918.3 101165 133438 124713 117029 101889 83943.3 71622.6 50941 69253.3 56526.6 35745.4 70536.6 96424.9 62834 48352.4 28795.4 31056.6 39074.9 42142.2
 47592.5 98271.5 27534.2 28106.8 43691.9 73318 66252.2 51297.6 35717.5 14895 10634.2 22323.2 42915.3 40562.5 32109.7 35933.9 32060.7 22095.4 36227.1 40578.2
 95120.9 87455.3 51736.3 75232.9 62559.6 30876.1 30953.9 29244.5 33750 44800.8 50785.7 46065.4 81746.7 104321 69193.8 49232.5 100962 113060 57496.4 30432.3
 99878.4 55333 33981.7 49157.8 63416.6 80349.9 99096.9 79445 71259.7 34699.7 29728.5 26528.3 68241.5 87574.6 43160.5 19482 21641.8 31761.7 81711.9 108956
 94518.5 70216 34280.8 48295 43879.9 46865 52845.4 117129 140454 27136.1 12396.9 24866.6 44143.3 49799.6 49409.5 61369.1 41085.9 21594.6 24385.4 32515.2
 120918 43661.1 63240.8 78056.1 47756.2 56790.8 65743.3 53083.6 20570.9 35131.4 32678.8 32749.5 46554.9 105382 142534 63948.8 41272.2 59187.5 54926.4 30125.2
 122210 28366.8 43439 55275.5 24065 63033 83693.3 77385.4 73518.4 91378.8 163455 153038 93918.2 53474.1 81679.8 118215 98353.4 78183.8 57711.5 44562.2
 96706.5 62527 32365.9 46645.2 42147.9 73472.8 102196 57459.2 32176.3 31731.3 55790.6 47296.5 24835.6 31644.5 43051.1 22112.3 17670.6 25662.4 20348.7 15236.9
 67811.9 61511.3 41354.1 21085.3 41810.3 65772.8 51219.4 74605.9 105569 84338.5 94477.1 82158.3 23888.9 28816.6 46019.7 70055.2 77819.5 83059.7 86342.1 32704.6
 60996.7 10757.1 10761.7 8169.85 16170.7 54505 78546.1 74608.6 59277.5 39617.6 34148.1 46120.5 71854.4 124956 103003 68567.7 38988.1 42887.5 50460.7 39405.6
 126700 111203 47333.9 46693 46451.1 35503.9 24033 22332.3 33270.8 39707.7 77003 64629.7 70625.4 64449.2 62357.7 64342.9 70519.4 106801 93611.8 54596.4
 97560.7 41511.3 33206.3 44097.6 68187.5 47958.2 22344.3 23704.4 47135.9 61220.3 40008.1 22212.4 45966.3 80272.3 60734.1 34991.6 96743.1 126097 100991 67084.5
 101219 77573.9 62908.8 76775 83087.6 43484.2 25323.8 40635.3 44933.5 32315 28504 39376.4 71307.3 51373.9 38830.4 59679 85754.3 84176.2 37075.1 24661.9
 88764.7 66109.6 88285.6 120733 122284 82703.7 95742 64161.4 79546.6 57174.3 20358.3 24008.7 34280.4 31122.6 22934.5 24871.9 21031.3 43212.5 47352.9 29039.5
 126900 22589.1 28570.7 32563.5 40552.8 25541.4 68512.1 53094.6 44759.4 55873.6 62343.6 49612.4 28624.6 32090.9 54779.3 44554.8 39511.1 37321 39118.2 72309.6
 139180 112588 81128.3 89343 72578.6 74561.1 62637.1 43951.3 55378.6 93186.4 134210 72749.2 29143.5 29276.1 31889.5 52004.9 76560.9 40051.6 28764.8 35059
 117521 75230.9 16463.7 21290.1 29607.5 40579.4 32179.1 14991.8 76715.6 111424 51720.2 29512.7 24966.1 22742.8 28295.9 29653.6 13213.3 12307.6 15855.8 24488.9
 118666 89765.7 78909.4 95507.3 133751 99365 72100.7 51734.9 41337.6 32461.6 39828.8 75251.7 47474.2 33020.4 44250.8 49179 37627.8 37260.3 48306.9 29193
 100762 66791.3 32400.2 32823.4 62504.8 62077.8 44801.3 39272.5 28810.8 33911 72278.9 51952.7 54180.8 27888.2 9345.23 18450.7 31214.2 17654.1 14975 14649.1
 155154 108798 147533 128285 29206.6 10834.6 9704.12 12909.1 23662.1 56144.4 70928.4 47647.9 48390.8 35340.3 28676.9 25991.3 58371.1 58122.5 29499.9 18948.6
 99991.7 77021.4 73548.7 23195.4 95498.8 67413.7 78226.8 86416.9 37739.7 25394.7 46515.6 73776.9 92741.2 84167.5 63782.9 52836.5 73953.9 64774.2 51336 62996.9
 123485 65527.8 54982.4 17479.4 39293.9 69570.2 106824 78184.1 81265.9 94139.2 66246.5 28215.9 10995.2 12269.7 26955.5 34618 34149.6 31907.9 21661.3 51035.6
 76535.7 148814 101399 59845.9 100174 65857.4 57545.6 42461 25891.2 43661.9 60024.2 59157.8 41122.7 25933.1 28381 42873.6 63564.4 63974.8 36418.7 22022.2
 66302.1 90462.2 101956 88805.6 72642.5 29630.3 22859.9 14708.3 36428.6 50943.1 69973 52308.8 39726.5 44943.9 45168.7 49454 97131.2 79318.8 66955.6 39291.9
 89868.9 50670.6 73229.3 83300.3 56386.7 66515.1 114004 142754 80990.8 57995 32569.5 47661.7 53100.2 47623.5 43559.1 64407.6 83530.8 56449.7 96862.7 97991
 54708.6 27045.4 49596.4 37214 23848.6 38078.6 84645.3 63425.6 42963.8 27331.9 15611.7 24364.5 30664.2 40343.6 46569 67161.4 75627.3 75763.4 75634.2 57098.9
 112089 113705 58850 34378.4 45026.7 37891.4 11667.4 15787.8 17397.1 29557.5 61164.3 65531 44598.4 43625 46159.3 23339.9 9160.27 14606.9 19900 26435.2
 89437.6 39982.1 33378 17467.8 49555.9 56639.7 34678 48933.4 60517.8 30583.5 53857.9 56918.3 36498.8 24227.3 26665.6 37585.1 41228.2 31894.5 46636.8 49660.7
 119752 165721 111998 74276.2 40649.4 27698.1 20939.4 42665.6 55231.9 59402.6 24936.9 18642.9 33901.6 34651 34137.9 25702.8 33187.8 45806.2 34768 30278.9
 60118.8 55575.9 45068.4 41282.4 53867.6 65507.4 97447.6 97881.5 94159.3 89605.3 46354 26318.6 26879.3 63774 88849.5 55965.2 39136 23367.8 25833.8 36123.4
 72585.3 108152 42239.2 13723.9 11607.6 11420.8 13070.2 28902.3 43415.5 25297 21636.5 28969.4 46021.4 51736.9 64211.1 77035.3 84355.4 50169.7 46875.5 44758.5
 94492.8 32325.1 70387.5 70704.9 43675.8 33414.6 71697.3 75754.5 87035.2 35659.8 20804.4 10929.8 7099.13 10928 21466.9 45282.5 46079.7 50276.2 74321.5 76336.5
 90409.6 84527.5 41489.3 26389.1 31980.5 40831 53166.7 43600.9 37670.8 45481.1 56760.1 76811.8 85453.2 68325.4 88675.5 127114 116202 71567 41118.5 44175
 92191.9 23733.4 17923.8 56533.4 94186.6 59574.2 44900.8 26855.2 12566.2 64683 123818 80253.5 37399.1 43188 42648 30284.5 35081.5 59850.2 65709.5 33799.7
 92704.9 37336.7 28169.5 44605 33461.7 34452.6 35627.1 28385.5 24499.9 35585.4 53797 46755 71293 56013.8 20251.5 28286.1 49961.2 85649.4 60337.3 32176.2
 162439 31122.7 43935.4 36047 51599.2 51108.9 42592.9 45087.7 38222.2 27729.5 20987.2 22942.8 27155.3 58970.2 69505.3 40136.5 80986.6 77760.1 91383 135290
 102913 37483.5 39309.1 37429.4 47116.5 55472.5 73336.8 153665 210234 167712 55651.6 34853.8 31309.7 41081.3 50154.5 37068.6 25441.2 28379.6 66030.7 130237
 82954.6 48968.2 73202 104668 159476 142668 61740.9 52212.2 48454.1 38553.9 51336.5 44124.9 45551.9 46600.4 24255.1 33182.8 75029.8 83680.2 35081.7 32230.1
 134962 74600.4 20711.2 23175 29653.5 22383.9 55270.8 75800.5 62892.6 85918.4 110062 144617 82954.6 54083.1 94296.1 80930.9 51575.3 57132.6 62334.4 66377.6
 104363 89092.6 50379.2 47271.3 53006.4 63320.4 70083.3 54011.1 66247.1 46664.6 55614 88039 100880 116352 75248.9 57392.3 57785.4 57546.1 41116.1 47049.7
 119850 30092.9 17612.7 24125.4 23246.2 29738.1 79590.6 132037 119057 35387.2 33115 76059.5 88670.1 56669.1 32393.9 48721.1 41782.4 62096.4 64301.4 45491.5
 100747 74637 67980.2 66396.3 96235.4 84243.6 96229.2 102205 42815.8 60562.1 54845.5 19551.7 13708.9 12333.6 17092.8 36195.1 51623.5 69757.6 46265.5 47210.9
 68339.7 160448 66935.7 57038.1 113928 118109 44759.4 18728.2 31542.2 23579.7 30424.6 22892.7 77319.5 94083 58636.6 37189.1 28551.7 32327.5 36223.7 74294.6
 105072 84273.8 69506.4 55226.2 46990.1 32552.2 50748.8 74464.2 106868 85168.4 42520.4 51963.4 70730.7 66492.6 67480.5 53916 43368.9 62900.3 71930 73757.6
 76119.5 57786.1 29983.5 56906.6 125430 94779.7 55496 84591.8 110406 87591.2 65310.8 62778.7 62099.1 40582 43926.5 73040.9 73164.4 23754.9 18097.7 29854.1
 148963 109863 72456.1 89212.3 141688 160106 52947.9 61777.8 80576.1 53326.6 40719.7 55891.1 76141.1 71783.5 55811.4 33764 31359.1 35553.5 53267.4 36322.3
 105572 98672.9 108000 111699 48529.8 25668.4 55419.7 75165.6 77593.9 62233.7 97969.2 111904 72402.5 29206.3 20113.9 18602.3 39630.3 51931.6 40503.3 43266.3
 98269.1 75782.7 68580.6 29806.5 40606.3 58381 32728.1 37750.3 24459.3 25174.2 22907 22727 32918.6 46767.2 79464.9 106701 85018 94370 138759 88170.5
 193750 206411 139496 15376.8 55410.4 68974.3 85454.4 93361.5 25268.9 30527 29925.3 52281.4 59237.4 36811.7 31787.6 37466.4 54389.2 37663.9 20280.4 26110.7
 80396.9 137774 127511 72449.6 48873.6 22377.9 42073.5 52600.6 52491 75728.4 66273.1 50836.6 54212 134347 156804 84453.4 51131.9 65629.6 78749.6 77190.3
 109365 44500.8 57929.1 94883.1 123818 103196 70898.8 84666.7 81949 72434.7 145472 164061 114821 65173.9 69963.3 69875.1 50512.1 30782.9 29545.8 25636.9
 81800.6 95257.7 45363.5 44700.5 53182.2 33271 36429.4 42851.7 39121.7 75819.9 81088.9 77420.4 71879 44839.7 46988.9 49439.3 39503.6 57291 44388.9 28173.7
 74085.5 117928 83133.6 50828.1 58746.2 97101.9 103012 113950 141703 114758 77700.8 45796.9 48776.1 69245.9 44805.7 44419.5 37009.4 33329.2 46359.3 51318.7
 83594.9 42587.6 30586 32973.8 72625.7 74162.8 43544 50316.1 66489.1 67200.9 58596.7 27031.4 39765.9 46226.8 53047.7 60186.9 58804.2 47792.7 55162.2 48003.4
 118447 63902.4 53227.9 48549.2 36750.6 46996 44461 22442.8 16212.8 24405.4 50801 45360.1 45917.3 66363.2 45784.4 30926.4 40333.6 45688 54023.8 31923.4
 94058.5 70226.5 80290.3 97738.8 38239.6 48606.7 56560.1 69895.1 62070.4 56400.1 67791.3 73628.3 58535.3 46785.9 32453.3 19679.6 15743.1 48975 60035.7 39831.2
