 101258 68215.9 90425.9 113013 97103.8 58716.8 31231.2 22858.9 85807.9 109097 33661.5 41552.3 62999.9 50532.3 43600.6 30410.4 54493.4 73608.3 96834.4 133825
 109540 81687.6 38663.5 47311.7 43239.3 22798.5 22039.2 49661.8 77032.5 69250.6 56800.8 33933.8 21544.5 33989.2 36699.1 48135 153325 199155 109181 122458
 153219 103710 37199.3 58364.4 104644 112083 73505.1 55638.5 79343.7 68034.3 58718.9 44497.2 32576.5 81138.4 107387 52981.7 39517.1 53777.4 106831 135886
 98654 58221.2 59174.7 68628.3 60908.7 52913.2 50388.3 63619.4 61466.4 31156.6 28528 39908.8 49227.8 54171.9 53694.3 64519.2 61899.4 45642.6 27140 69303.7
 101881 57062 86268.5 146025 113148 49999.1 41264.1 32104.7 80500.4 113402 55748.3 59107.1 87678.7 86129 124083 129884 73390.7 67594.9 77373.8 100760
 104575 66323.8 49020.5 46198 75372.2 94689.3 57787.8 38273.9 32110.5 49945.4 71010.4 74827.3 50391.3 32048 29095.9 32675.2 38717.1 42683.7 33873.6 63942.9
 97193.8 81910.9 56565.4 68618.2 81271.5 52984.5 39157.3 49294.3 67074.3 64522.5 88811.4 89698.1 63208.3 58211.7 51296.7 83615.8 131338 144702 150215 132800
 80561.1 28593.6 29386.1 48120.2 50534.5 54934.5 60732.1 49449.5 86579 102596 70677.2 49794.6 31201.7 57547.3 78605.5 63266 60204.1 55920.1 48767.9 40595.5
 77343.1 51729.5 69743.4 58214.9 61259.5 50252.6 58745.3 81588.1 70852.4 42253.6 32830.7 30058.6 44043.5 45438.1 71961.3 114843 97132.4 52615 35258.7 101197
 85593 30340.3 22554 68784.4 89071.3 47570 39350.7 45633.8 49606.2 56599.9 49825.7 45292.3 86222.4 113520 80070.6 69368.6 76387.7 104701 89267.8 37796.8
 89654.9 51232.6 45421.1 47877.9 49018.4 65571.5 47303.1 20144.3 49506.6 77225.7 56286 52613.3 67625.2 63770.3 47104 30311.6 22923.6 24845.7 30342.2 64049.9
 81900.1 47247.3 19064.6 10589.3 11179.8 39030.7 58213.1 71221.5 84825.2 43153.5 53723.3 66882.7 34307.5 45603.1 87365.4 85790 57795.3 60381.7 52569.1 26363
 107399 85325.4 53726.6 129542 241381 162459 77317.8 65515 49841.6 41473.4 43927.4 48605.3 73117.9 131257 109090 46685.2 94191.1 122412 62620.7 38112.7
 132043 57506.1 18916.7 15737 26484.9 105220 205053 126137 94217.4 85518.3 49789.3 23826.8 14105.6 40878.7 61911.7 54485.4 52239.7 34121.7 45048.3 74288.9
 141896 87938.5 77533.4 127699 116338 105326 117459 82785.2 94242.3 89216.9 110604 97477.4 53294.1 87562.5 83283.2 41529.7 56669.4 67472.3 51322.1 50703.9
 117611 38711.5 23621.6 50018.5 60576.9 114719 168800 89167.8 51457.1 23886.9 40007 87963 79322.7 30266 25514.9 31018.1 28639.8 24384 43368.9 55056.1
 122495 62910.6 35726.3 27084 22395.1 11441.8 17676.3 15841.9 72419.6 130785 91551.5 97744.6 86581.9 41622.7 35595.4 46600.3 48898.6 65519 115028 188577
 91458.3 41060.1 24489.9 16587.6 19189.2 76610.7 124037 76078.3 30473.6 18946.3 43815.9 52513 24372.4 34890.9 51255 60394.9 80194.2 70659.7 74447.4 105617
 152142 169258 109057 143589 148608 64269 46433.3 51321.3 45367.6 30991.9 46720.7 40774.6 64140.7 93362 96007.7 79079.7 50879.4 46757.3 55490.3 62530.9
 93588.7 53026.5 53257.8 40242.2 42979.2 40013 39254.4 41794.4 39371.9 27915.2 37583.1 48244.7 51343 54548.1 58982.2 67805.7 51831.9 58822.8 64568.8 51023.3
 116097 71487.6 71444.9 67926.2 62388 45438 46335.1 47360.4 42085.9 66591.8 95853.4 107100 96986.6 72201.3 65654.2 70332.1 60971.2 70876.6 99869.8 64019.2
 109803 60024.5 34510.6 22766.6 26305.4 32029.9 59069.9 120424 129432 54575.8 23296.1 14401.8 93511.6 152262 68035.9 61744.2 61595.1 24500.9 24476.5 50645.5
 55846.8 23962.8 16832.7 37490.6 50250.9 38306.6 55670.8 100128 84020.8 40950 53966.3 86330.2 77056.4 52015.4 65712.6 55613.2 82922.9 78980.6 43878 49147
 80766.1 58190 33205.4 21317.8 76715.2 105912 63054.4 58184.1 66103.8 101460 128074 111540 94044.1 80195.2 66873.6 83304.9 59484.4 53390.8 97146.9 77814.8
 81349.4 27509.4 30291.2 43950.2 56213 57503.4 67854.4 110397 116425 79409.6 54669.9 121799 133810 56045.1 81113 77964.2 42603.8 49592.4 80722.6 85632.5
 65016.9 55716.6 50798.8 47710.6 111764 112328 65746.3 79907.7 55067.8 47596.4 47134.8 40183.9 29531.2 35271.4 40421 29491.4 22019.3 26020.9 38339.8 74852.6
 79590.6 48696.7 35238.3 40426.1 60567.5 83837.1 76420.4 84961.4 81743.2 72658.2 57711.5 62757.4 74862.9 135151 169453 98101.8 98410.4 130134 150701 96703.6
 83537.6 91414.5 73436.1 58446 70046 45555 51632.8 61514.3 81422.4 90098 81028.4 69990 98914 188683 180879 106485 90234.2 62084.4 54320.8 57493.7
 94185.8 54911.1 37087 21188.5 25737.4 70903 75340.2 97218 122028 41921.4 24762.8 21502.5 22259.8 15274.1 32938.5 42701 31614.6 38503.6 72100 198123
 125445 63165.5 58124.6 65263.9 38573.7 36565 40319.8 30398.8 23494.4 48942.3 73576.5 83973.2 96094.3 40161.6 22757.5 30439.8 52842.3 95927.8 115673 81576.5
 79585.2 76248 66262.3 39928.3 34218.5 60092.3 72377.1 78190.9 132107 188470 144885 61932.1 40370.8 40116.9 66462.3 77249.1 51592.1 80726.5 119909 70110.4
 73173 29931 25099.1 39423.1 41054.4 29664.2 60625.7 77062.2 56032.4 49159.1 52421.7 71155.1 68380.5 59311.5 74227.1 57634.3 47041.6 48791.2 37090.5 91306.2
 132257 92723.1 36738.4 19216.6 15986 20940.9 35911.3 29561.2 53435.2 73839.1 94483.2 122491 102391 96987.4 95097.5 109682 102561 85779.2 236153 266528
 93730.2 48286 43577.4 62628.2 81993.8 71690.1 53867.4 44265.1 59469.7 72816 151913 182179 70207.2 47056.8 69105.6 82111.5 68736.3 63153.8 63692.8 69288.1
 73005.9 39020.8 45501.1 37583.4 61137.9 90341 103778 130716 87391.1 73330.9 40224.8 51443.3 126938 137590 78322.9 163647 201079 54001.1 102499 144858
 192270 172428 51371.7 23066.4 15015.2 19007.2 45660.6 69843 59944 58009.7 48614.6 57183.8 69413.2 53211 53706.1 41463.6 40739.3 60318.9 43253.6 32826.7
 134677 100687 68977.6 64466.9 158184 204396 120694 87784.8 41637.9 52893.6 115683 138236 124763 119523 54118.5 51298.1 34863.3 47268.5 96968.3 89092.7
 85996.7 74759 99752.2 82588.7 43526.2 57275.8 128466 178674 131054 77124.8 94053.8 122971 177398 194114 104359 59236.5 54167.7 41324.8 33183.6 30862.1
 80470.3 52141.8 41503.7 37156.3 45244.6 65893.8 58385.9 29324.7 15613.6 11723.8 21454.3 43166.1 69509 72152.2 59358.8 80353.8 90716.7 48994.8 58455.7 219907
 78176.3 57735.6 84714.9 123959 118184 66553.1 41243 37211.7 30565.3 24136.7 34319.2 38914 32543 44821 43150.9 33961.8 49313.3 58570.5 54419.4 78518.1
 104186 80824.5 55848.9 31373.6 30593.8 45729.2 81423.1 133148 106179 54093.3 44607 93970.8 109519 92185.4 91524.6 96882.6 85109.2 69464.2 62092.2 38400.8
 92279.5 49121.8 99522.2 104258 107569 130045 64005.1 59091 43804.5 36723 39361.2 35718.7 51229.7 105503 129123 98981.3 64572.6 38502.4 59757 62368.9
 104911 37889.3 83614.9 104014 109232 121112 65842.6 70187 98991.1 84776.5 63277.4 67623 26106.3 69215.1 107503 125951 150599 98401 120556 149536
 171935 154498 82473.9 36336.4 39148 55837.5 63850.3 74946.4 57998.9 54332.6 70994.1 182143 239600 114548 73053.8 60141.7 67786.5 66191.3 38775.2 29749.5
 168455 78433.1 51163.2 68632.1 52050.2 67785.1 102522 90550.6 70097 74955.3 80344.3 58874.6 73485.7 79760.8 66716.6 98068.5 108808 58249.8 69327.8 98293.9
 96875.5 54468.3 38273 37386.4 28715.6 20728.1 62463.9 110920 115208 67905.8 44556.8 42412.6 21433.5 32471 33589.9 18691.6 19287.6 20472 39710.4 48220.5
 125374 44182.5 48302.6 48240.1 45559 48776.8 63653.2 59779.4 67138.6 69098.5 53563.2 48246.6 50012.7 61195.7 41426.3 61830.3 110935 106030 75052.8 61104.5
 104827 51586.6 73544.4 75639.7 30849.6 45277.6 81156.3 91959.6 73565 60932.6 98279.8 136306 95897.8 59839 57168.9 66017.1 82172.7 63350.3 21989 28946.2
 97696.7 53047.7 37413.5 25462.5 32696 35939.3 27027.8 40803.3 59569 65083 50590.6 38248.5 37215.6 36040.1 98105 146976 135927 110289 118752 124122
 183171 153803 124868 73967 62595.2 131389 152936 78076 37793.8 66367.7 116566 136787 118033 95589.4 104673 89040.9 66611.3 114137 131091 83090.9
 138841 63975.3 66356.5 58139.8 39233 72034.7 113344 84347.4 59632 43315.2 54765.6 114875 122391 76732.4 61622.3 49046.9 39686.5 29533.6 18893.1 61156.9
 159585 49110.4 41680.1 94540.5 111027 101114 79984.9 35565 20027.2 36721.4 51482.5 95007.9 218389 208493 125360 107158 96716.6 83768.3 53174 50615.6
 132249 86782.1 50662.8 26157.8 30259.9 30751 52849.5 56427.2 68136.3 92691.5 56875.1 67817.7 66137.2 55409.5 50785.9 73312.9 108026 126429 121614 70139.2
 109413 74258.1 68366.3 39072.9 33380.2 51856.2 89290.2 72845.6 33698.1 56129.8 86574.4 94224.4 67628 45929.8 100232 300876 302662 121895 87869.2 130519
 158806 107212 69756.5 44498.6 24630 61502.1 101690 77236 47907.3 36118 34136.9 64430.2 93832.6 81074.9 59551.1 64657.3 80170.6 140052 148211 92628.4
 116576 62631.9 103928 143387 121025 97993.6 94624.4 130750 98956.7 51013.7 36676.2 114513 140532 48087.1 60546.2 149061 166421 104465 75037.1 80741.7
 123043 108102 92280.7 96109.3 102800 61582.4 28462 50741.3 83122.4 63450.4 122293 162975 148939 139686 78818.6 53519.9 42254.6 22605.2 20724.5 25807.1
 109273 64154.5 28446 44507.8 161117 215811 169101 114775 117460 113003 89694.9 93836.6 88094.2 75877.3 69699.4 57740.7 90088.3 78085.5 23060.5 28979.6
 93117.9 68662.1 69289.4 48189.5 27329.3 21188.7 32936.9 31075.6 26814.7 22034.2 37629.1 102331 128994 75985.8 41753.5 41234.9 49888.2 58143 56868.7 60182.2
 137146 92768.9 63609.7 44664.3 37864.3 52521.7 106259 113879 82718.3 108713 101345 126892 140253 104668 86772.5 62746.6 54160 51580.1 77987.1 159209
 103579 91158.4 74243.5 51650.1 71876.1 45026 79212.2 83664.9 97506.3 152570 123112 117002 161141 140696 107934 132191 110604 250491 343700 189784
 102484 45948.8 26032.6 42964.2 71777.8 74795 42161.5 60323.9 93810.8 115407 109221 80413.7 44396.4 83565.9 139883 190851 167531 89537.4 115788 163545
 100598 56934.6 47344.4 80763.9 72142 25989 51717.4 52692.2 24759.2 26206 58953.4 93062.7 91152.4 82494.9 67860 178976 206245 102449 56786.1 42005
 218781 162271 72052.7 94703.7 63317 110745 122759 89819.7 91057.5 75213.3 55086.2 84005.6 91834.6 65017 59139.1 44658 65718.3 82943.7 68384.5 42329.7
 104028 85040.6 52687.3 53158.6 103555 95562.4 85852.4 120238 118756 96485.1 96984.6 77335.1 73081.2 121905 141129 134372 135860 114186 89161.2 70405.1
 109542 61235.1 51530 56118.5 48420.7 38367.5 55852.7 65072.1 115076 135355 84154.6 86147.7 114792 145812 102228 71486.8 55516.2 37018.5 46279.9 50857.5
 134564 93816.1 55156.9 54428.1 65362.5 65108.1 64746.4 69631.8 61352.9 55712.1 58398.7 30556.4 53266.6 90831.5 102881 72587.8 99458.7 146002 106385 81837.4
 169615 96462.6 48102.5 59177.4 50055.9 64327.9 77135.9 96699.5 197117 211647 104458 110116 110260 91728.6 51116.4 38496.3 30736.9 35704.5 44952.1 59620.4
 140170 153585 141782 78451 76289.1 63188 54075.8 77939 162006 150350 53797.5 49551.8 49257.7 48627.8 40744.7 23454.2 16763.3 11066.5 21463.8 87384.4
 114404 40467.5 54902.6 81827 85303.8 84077.8 106632 111537 102827 148333 196842 116741 47198 81845.3 94103.5 70967.6 55053.8 60224.7 65377.5 49386.7
 122364 46628.3 67738 117069 86727.5 85914.1 96743.5 56367.3 50751.7 86664.4 120849 78119 45904.8 44592.3 38907.1 23928.3 111880 181572 114806 57968.2
 182081 151813 93510.2 123515 104442 53788 46359.1 39283.7 38818.4 25090.7 24401.3 17523.8 22520.7 44396.5 93180.1 161508 186783 140463 76374.1 44859.8
 102940 79791.5 76312.2 103784 86172.3 62856.5 58986.3 47890.1 40668.8 53356.2 57522.2 70859.8 76286.2 51598.9 46956.2 104168 153489 147814 121480 84464.2
 91604.1 64517.7 103520 96133.3 44398.3 38776.4 40766.7 47961.2 72096.2 53013.3 54827.7 72485 118573 135505 97084.5 108376 92535.3 38139.4 46570.5 67160.9
 91231 49669.7 44672.8 55686.9 117764 107898 74685.1 61059.5 74653.5 163843 155305 62488.3 47747.4 53661 50871.7 41002.8 75323.6 97079.3 52441.6 63161.3
 83210.8 30698.5 47569.9 55026.6 21714.5 33209.6 68153.2 68352 33517.4 79167.5 110694 62494.4 58615.5 59006.3 44229.5 82332.9 103104 64866.7 37308.5 27756.7
 93835.5 89688.4 73749.5 42273.8 19782 18966 59963.1 74838.2 57791.8 46907.5 39258.1 66506.8 87094.8 94579.4 102762 86599.2 147311 190926 97903.7 91058.7
 62404.7 51020.5 85637.6 108142 95207.2 50676.4 30990 36980.5 39942.5 45405.8 52049.4 38093.7 37298.8 41868.1 41491.6 51538.3 41737.1 39751.2 48861.6 61392.4
 63858.8 49398.6 62570.8 75116.9 142737 186691 172432 113609 61410.2 48303.8 59159.8 84744.9 90899.2 77176 36756.6 47815.6 68252.9 58622.9 44646.1 70057
 136111 147762 91739.7 96215.6 115492 80459.8 98910.2 99548.5 56181.1 38452 145284 230441 147157 61105.3 65210.8 69965.4 32822.4 22986.9 30433.8 42275.4
 65968.2 22282.3 18905.9 21741.8 32974 43787.2 54523.8 53169.1 42301.1 56606.1 71844.5 59063.2 73501.7 65239.6 30234.6 31366 48173.3 79482.9 133331 184570
 106704 69607.7 63583 64827.6 44215 61914.4 70425.5 35863.3 84835.9 120350 69519.7 77149.7 108504 89954.3 66573.9 49149.3 40600.9 32218.4 72701.7 82392.6
 153931 129899 68845.4 45739.2 68879.2 151729 193019 110323 60960.7 36635.6 22943 32225.7 40288 73429.7 97283.7 88418.4 71074 44615.2 52319.1 63389.2
 139612 87513.8 126013 140995 70636 33775.4 24167.3 45029.7 73236.8 95647 63049.3 54023.7 75797.9 97055.4 76650.9 56237.1 84930.4 102288 77284.1 81804.8
 177272 135127 90760 60598.7 48885.3 79811 55861.5 40570.2 44556.1 56220.6 95347.7 113296 81268.6 73516.9 73450 67863.9 74850.4 80223.2 45920.6 30051.9
 104298 74727.4 75828.2 48255.5 30579.1 22196.1 33077.5 58437.7 62013.8 35165.6 55995 77469.6 77803.3 72639.3 68088.7 78624.6 75726.6 81562.8 91233.7 74327.6
 176408 147103 61646 80129.8 117490 85865.7 66080.3 172808 199114 109623 80971 85862 99532.2 85243.5 85632.9 59393.3 73343.9 201190 247108 113227
 99099.9 113410 105468 67124.6 94659.9 93993.3 190753 215295 87475.6 49483.6 33332.7 30300.7 41542.7 53968.9 39768.6 45362.8 51840.2 32458.6 48702.3 58479.1
 102650 40444.8 91591.8 92459 17608.7 30928.9 75160 70966 60271.9 56120.3 37175.8 32926.1 36130 63216.4 71077 70682.7 81848.7 67353.4 58320 138444
 132882 106258 101554 81933.4 61545.1 47820.6 44060.1 55623.8 60936.7 49838.6 31052 56307.1 73186 56153.2 66860.3 65993.8 65099.6 76314.5 67054.2 40851.7
 99486.9 54551.2 32735.7 30440.7 48773.2 60526.4 56106.9 38880.9 56106.4 74458.9 82224.2 72156.4 53634 74254.8 85724.7 68859 81879.9 88907.8 62801.1 68982.8
 129790 95341 56627 58786.5 92498.3 60391.5 85046.3 98124.4 63070.3 49558 66802.5 78636.3 53617.6 38819.3 36446.7 58372.4 108852 94273.2 76632.7 86981
 110307 169718 207354 85192.9 101265 103830 40587.3 22295.4 65069.8 87717 61572.7 53839.8 43534.8 59648.7 47151.6 78325.4 118719 101647 140676 143168
 114994 80985.6 108517 115437 62940.9 63321.9 60912 37180.6 23165.3 34643.6 62636.2 76270.2 81169.2 80359.2 68751.8 110421 151542 123044 41168.5 33725.9
 98527.2 100457 96418.3 61694.1 64035.5 51678.9 47260.6 49407.3 49713.9 82625 111562 135550 119630 90679.1 88047.6 57974.3 77123.7 88481.7 68137.3 54287.3
 131594 143495 50043.3 21572.8 36497.9 99363.7 136762 96970.5 76587.8 64497.6 101809 110965 98028.1 65436.1 149809 267077 192478 153299 88679.7 113039
 73668 115187 188674 86464.8 84558.2 55324.8 145857 247920 105788 84852.2 66102 69159.7 35636.3 62340.5 86235.1 95510.1 118641 58994.8 51388.1 32590.6
 64022 44772.8 75416.9 83822.7 32860.2 27285.6 43343.8 77225.9 103437 49846 77942.6 128397 86696.9 119974 203482 119961 123817 203236 137291 128110
 100252 82359.7 70387.8 91830 69462.3 57037.3 96938.6 107652 61361.3 54480 50481.4 29225.6 32022.9 69779.6 94559.3 48330.6 32703.9 66235.4 100321 86491.4
 127558 126755 133593 118064 111807 114198 58730.5 62364.8 48270.5 71747.2 95798 68536 33009.7 48615.5 69357 71205.4 96616.3 136556 95985 37810.1
 129621 109953 99602.6 47756.1 90944.9 119631 44786 34437.6 25239.8 21395.8 17286.3 22426.4 51129.4 90517.3 110768 122126 115161 55444.1 57779.5 77584.6
 118221 81876.8 90657.7 142958 245337 195670 126222 80821.4 98438.5 64296.1 26092.2 56330.8 98000.3 52097.1 25934.9 22315.3 52458.5 73014 74637.9 103316
 107173 51344.2 38843.8 25295 30814 44255.7 43159.7 60324.2 75233.1 59916.8 51249 65903.2 68875.6 103785 88412.2 47892.2 50303.8 39825.9 13524.7 17029.1
 63744.5 30783.8 27583.1 17683.3 18920.9 18445.1 6394.59 12260.4 39452.7 120196 165015 87905.6 64910.1 63730.4 35669.8 32574.6 42047 44477.5 42939.7 66861.4
 105914 64954 48543.4 66166.2 103482 110638 113949 134776 152849 97038.6 58352.4 43689.3 53086.9 37236.2 24824 19120.7 27477 49479.7 78494.4 69810.3
 89204.4 39555.6 38414.4 64448.5 73078.4 72376.7 98200.5 74632.1 33462.3 27169.8 37492.8 41071.3 34984 73600.4 105060 54412 33547.4 31346.6 51582.5 79585.8
 126920 98867.7 51725.8 62500.3 70565.5 47363.8 82471.4 130025 133262 85671.6 83156.4 79643.1 58456.6 85747.5 148936 107755 66471.5 75099.3 92647.9 121145
 63397.5 51961.7 60074 42495.9 52646.7 59261.5 35518.8 31360 49491.8 27369.9 39975.5 94222.4 116276 98493.8 106852 76643.7 39072.8 30824.8 55292.6 60903.2
 70947.4 61396.8 62628.9 66181.3 64971.5 45958.3 99995.9 119689 53110.9 27440.8 41006.4 56556.4 51073.3 58211.1 59837 64522.6 64633.8 46847.8 36507.5 49265
 107743 66976.3 32185.8 46502 55263.4 74897.9 87676.3 80758.1 74262.9 60188.9 66371.4 92796.8 105043 102840 189306 217324 94857.2 69323.5 64658.9 50290.9
 104722 77835.2 34404.7 28637.4 38422.8 46027.8 73034.3 69311.2 51707.6 51628 44250.4 57268.2 80483.9 80667.3 75929.6 100256 119413 88584.7 83685.3 103066
 92304.1 42369.6 39598.8 38703.4 25559.4 32055 35013.1 42431.1 61276.5 86212.5 98589.4 59401.9 51279.7 71132.9 79118 67302 55935.8 45526.1 41656.5 73086.1
 115284 83702.8 27309.4 18384.8 16597.7 32025.4 42946 87881.2 97494 37837 43912.6 80868.6 106521 81681.4 44274.1 42821 96012.7 118648 57491 36767.9
 132273 181461 147947 50078.7 34250.8 45534.3 54518.1 37932.3 23236 17956.4 71038.1 123348 96607.8 55538.9 18806.2 37467 134133 213274 181667 127830
 114414 142441 111836 56109 40314 31226.9 49507.4 80523.7 56411 32631 32635.9 27926.1 26899.8 38297.8 58970.3 64048.5 114016 129920 70022.9 69006.3
 88915 55245.2 52183 47415.2 52966.4 94671.2 102930 66732.5 73796.6 25762.1 11962.5 20109.8 33413 38387.2 43167.3 75074.3 124767 153351 118663 76027.4
 122469 91318.8 77770.2 51528.7 38959 45202.1 78646.2 79973.8 61623.5 68495.8 73425.1 78991.8 50878.9 26070.4 23298.5 39823.2 52151.5 40541.6 29837.1 63293.2
 106529 59972.9 44620.5 62261.4 78221.8 44859.7 73387 84727.7 38862.9 42323.1 100282 146669 103852 59254.2 81006 100297 59072.9 48252.5 51996.9 71517.7
 140853 116667 63894.6 29699.7 16239.4 13361.2 31347.4 40452.1 17050 7052.9 15616.5 33314.4 37909 66813.8 83566.1 42751.3 38159.3 62948.1 110621 177714
 155464 136799 48527.2 51511 138011 203225 151759 152702 145123 53747.7 27760.2 24388.2 36896.1 31504.2 36052.3 66844.4 117361 118492 67403 66832.9
 95681.9 65827.7 94460.5 64550.7 22795.3 31554.9 38191.4 53216.5 63849.1 106480 107167 44789.6 57998.7 75466.9 50152 25823.3 37227.7 52481.6 35561.4 39623.9
 93468 27257.4 38464.4 56112.3 41102.7 48887.6 65415.3 62311.4 48260 62151.5 72219.8 42510.9 31183.6 28113.7 41459.5 137132 169663 90691.1 63715.8 63779.2
 120572 86339.9 65871.5 65308.6 69456.7 46979.1 63220.8 65627.9 36288.3 25413.8 46616.2 76897 85871.9 62926.2 41178.7 42836.9 64499.4 61937.9 68141.4 96354
 134964 114222 91923.3 70182 48721 54892.3 72494.2 75172 106165 109659 115820 162169 194498 152663 52656.4 70762.9 111995 81352 51203.7 63367.1
 104256 50348.8 28571.5 33226.5 40581.1 60598.1 103810 87941.2 65891.3 66452.9 73508.6 86816 127487 134285 78156.3 56226.9 62898.2 83011.4 96768.8 98311.3
 97982.5 56195.9 52290.1 39991.8 35786.5 46677.6 43825.5 41967.6 39872.2 120047 154290 124422 147640 95334.6 79255.6 91072.8 110764 125737 86632.7 87620
 82562.5 93381.3 110161 156585 179236 98944.5 49479.5 71503.2 112258 293722 304929 109159 73045.3 78307.2 93228 88984.8 106955 85457.7 71453.8 97762.8
 46355.4 44839 64389.7 41483.4 45586.1 53866.7 63612.6 60035.2 65297 59374 106790 149940 108375 94294 66237.8 35632.6 29663 66304.9 132791 156575
 139948 115630 62568.5 37443.6 16426.8 29520.3 52400.1 53026.7 58533.9 37969.5 25059.7 22613.1 26074 71925.4 83914.2 48904.3 73314.6 75299.3 34329.8 81986.9
 96650.5 44497.1 82016.9 86634.4 35211 53374.2 53603.3 76642.3 64777.7 81043.6 103946 116816 82133.2 37291.8 30632.2 16861.6 30944.1 52406.6 50488.4 50422.6
 91129.7 36243.9 26228.5 33645.4 37903.2 81150.7 94129.8 42921.3 44398.5 49806.9 39638.6 32658.1 96848.5 156042 95336.7 70566 79645.2 58578.2 38598.9 44097.8
 102430 57918.7 47865.5 50603.7 55741.6 60525.8 68230 52318.7 35139.6 50706.6 51443.2 48706.8 66748.8 91261.1 78413.3 31108 20075.2 34195.3 50495.4 53984.5
 110446 50485.7 42607 47737.5 71843.8 142221 113004 65222.4 120392 115015 55807.9 43165.7 55571.9 75171.4 89851.7 103658 139783 136753 79874.6 47316.1
 95837.4 37489.9 35218.4 36055.6 29784.3 34127.2 75192.2 93418.7 36197.9 50931.9 78786 84540.5 88491.3 61718.2 41352.8 43648.8 68940.5 72761.3 42901.3 37636.3
 91484.6 74505.5 109635 179522 139719 71252.6 57259.9 43186.3 35991.3 74362.9 121712 81614.9 48445.8 84115.5 102257 83262.2 85705 89777.7 131625 116026
 82980.9 134349 172372 78882.2 60438.4 74768.7 73693 53768 67383 91062.4 72141.4 74716.8 90432.2 93476.3 61167.5 41996.7 68495.6 72715.1 80035.5 77972.7
 111079 78623.8 65613.4 85507.8 89403.8 65735.3 111931 162142 109908 55079.5 63472.2 59377 69996.2 63498.4 42166.4 62943.6 57761.6 45164.1 79290.2 78718.1
 109510 76507.1 70771.5 67132.1 73984.2 76244.7 79695 91528 76481.6 28196.6 47171.2 62864.3 51057.7 67982.8 88677.3 85480.1 63766.7 37010.4 52598.8 65017.9
 112351 82282.7 70016.5 50905.2 41660.1 41126.9 46962 43701.6 73421.1 81267.6 53908 54953.3 54346.2 52578.7 78752.4 78302.6 96838.9 89120.5 54321.4 71542
 65151.1 35165.9 21223.9 43793 97191.2 85341.3 92983.7 76925.1 105222 105480 35899.9 38299.4 55047.3 68606.5 70667.6 56566.2 44331.7 167648 225471 138527
 89446.3 52066 51374.7 107721 101565 66268.9 63747.6 63478.3 68559.5 72125.6 124782 121166 71281.7 42652.5 41955.8 146637 206600 101481 51962.8 90288
 164906 161337 107067 84424.7 70265.3 61452.7 62957.4 109804 118500 63363.1 63147.7 89368.3 76490.1 65880.5 67338.8 53137.3 34424.3 48722.1 69182.9 70654.2
 165780 176780 121986 98941.3 78536.9 61386.1 48589.6 31243.8 39343.7 47225.4 26793.4 46831.7 87251.4 144075 151321 130401 105530 53847.4 50243.1 54744.5
 132850 103062 69179.4 137864 150124 98487 190639 244268 172863 80143.7 48622.5 91991.5 145055 133924 128309 74433.9 41409.7 49268.4 125839 159533
 116450 92906.6 117470 137455 144526 143593 102617 66898.9 65981.8 92642.8 58496.7 47414.5 96680.6 125564 87263.3 75777.5 46251.6 51226.4 61394.6 73181.6
 112578 77236 26143.2 30011.5 51056.3 83242.1 83595.7 61110.4 49559.8 21687 17642.2 33677.9 57133.8 53677 48838.9 65774.6 68477.3 40881.1 55756.9 66232.4
 107832 75357.8 53901.1 68403.6 73091.7 41147.3 37889.3 39114.2 44563.5 55830 63922.2 65867.6 105953 131995 87559.9 83373.3 131572 168983 83847.8 45830
 122977 58632.2 37474.9 52665.2 73800.8 105197 105259 73560.2 71994.1 45590.9 40504.5 34732.4 108432 160885 59378.9 33899.3 37144.1 51660.1 132958 177705
 111173 54378.8 38887 51996.4 60752.1 57390.4 58080.1 135324 143559 42650.2 17249.9 37015.5 72526 75610 74204.6 95197.5 69005.5 37366.1 45485.1 58154.8
 122971 44604 61851.2 89418.4 53170.6 67340.4 74059 36931.8 25622.6 40705.8 48766.9 40741.3 57409.8 148223 186203 81990.5 61115.4 78470.5 92269.5 47535.1
 127183 37739 44627.8 52275.8 25952.4 74594 123766 101199 106042 147793 237792 259229 132062 86648.3 108826 156295 138325 99164.2 84810.4 72960.1
 115155 74005.9 34048.2 42971.1 48211.3 80228.5 119500 75318.2 34835.4 48432.1 78195 60281.8 30553.3 52732.4 63315.2 34862.4 33794.9 36859.4 27146.3 26948.7
 78838.8 56815.3 39592.5 21499.8 50077.9 71648.2 48723.2 90145.4 147839 115346 119874 106478 39156.5 36827.7 63597.1 102917 96448.9 122220 127289 51611.7
 54792.4 14415.3 11352.6 9120.58 20148.9 72349.8 99313.9 84905.1 74963.4 46495.4 41410 47839.7 97616.6 159762 124340 74611.9 46453.9 63256.1 75433.7 46773.1
 141914 110740 49989 47027.1 52448.6 41934.7 27603.7 31905 38880.5 54707.1 95580.9 83690.7 99024.2 121961 99921.5 91207.8 91259.8 137200 137114 67222.4
 100647 41401.3 35903.5 60067.4 74083.5 54810.2 32882.5 25981.7 55426.3 80363.9 55242.9 36522.7 64420.5 96346 76729.4 63903.1 157164 181110 129043 97427.1
 108028 77374.4 58352.9 93993.2 105104 42643.5 29088.6 50298.3 57545.3 44440 38255.8 60066.7 83062.2 72290.3 62621 98008.4 146118 112851 55773.6 42461
 90871.1 59963.3 73939.7 113120 118992 101875 116480 80006 78067.3 63862 26453.5 31541.6 49290.8 43289 28709 34719.8 36615.1 64582.8 66822.6 44879.4
 95851.7 26220 25822.7 26833.5 40563 48073.9 67377.5 61652.3 58255 68426.1 71602 58586 31023.9 32330.8 68065.4 65942.1 50174.7 48727.3 51337.6 100130
 123956 79121.4 65878.1 82989 59312.4 64261.9 67322.8 65287.8 59843.7 120653 147096 72523.1 35487.7 39223.9 42100.2 80283.1 101047 53057.6 36998.6 48869.1
 96087.4 43487.8 17725 19824.1 28874.7 41704.3 34206.1 14394 87126.6 122998 56745.1 37349.1 29533.4 24552.1 39679.1 36510.6 19984.1 23007.4 25121.5 35592.2
 113076 70321.5 64125.4 77377.1 123659 121883 62972.4 48160.6 44441.8 34514.8 57415.6 91687.8 56632.6 40565.5 57914.7 61254.6 50548.6 52194.8 62287.9 43454.4
 89237.2 47731.8 30224.1 37662.2 65338.6 70629.9 54629.4 48402.4 40548.2 39123.3 79705.2 86714.7 63546.9 35895.5 14105.7 35450 47322.8 27514.4 25165.9 25767.3
 141577 102188 113523 123410 33977.7 15332.4 16075 17699.6 33687.7 76764.7 82931.8 62807.7 51657.3 38012.5 48025.3 37597.4 74210.1 82448.3 36492.2 35873.2
 119210 92255.9 85185.9 62050.2 97481 84815.5 93993.5 92777.3 55154.8 37133.9 56522.8 102040 117345 109330 78239 81698.3 105407 86633.3 76268.5 86128.7
 101196 67008 68320.7 47919.2 46675 92019.6 122206 74870.9 88972.3 99831.2 74813.7 34866.4 14995 22485.1 40093.8 43987.8 55328.2 51289 33559.3 85297
 83894.8 121211 98276.5 61485.6 99998 82957.5 66090.2 55027 40414.2 70771.3 89545.6 69168.1 62592.3 42604.2 49714.8 74882.7 95423.9 92854.2 49090.5 29138.7
 85643.2 91919.1 94998.6 92624.3 89176.2 43866.6 29295.4 20815.4 50726.7 67730.1 74388.3 84022.1 48516.8 56939.3 61790.7 71079.7 131575 142245 105013 61803.7
 74366.3 45630.5 66009.5 87288.2 50923.8 59102.7 143832 152152 74309.3 53357.9 41696.2 58541.3 68134.9 49846.3 45354.9 86134.7 87311.4 58520.7 119905 128911
 57073.3 23614.2 40266.8 32866.1 22466.9 53017.9 94689.6 73426.5 51990.4 40510.9 21560.7 36361.3 53027.1 66796.4 65821.5 99546.5 118127 95020.4 107773 75549.5
 117095 88936.5 45762.9 31607.2 46637.4 34223.7 19499.5 20636.9 19785.7 39727.8 87189.9 92746.7 56922.4 57309.4 58494.6 36701.6 16101.2 22616.9 32554.8 40904.2
 78207.7 36602.3 35820.2 24267.8 55434.2 72033.4 44581.5 51461.4 68011.9 47112 73247.2 86103.2 52800.4 46108.9 53188.8 71608.3 67132.8 39606.3 53340.2 82553.6
 104880 144148 134309 82264.2 48638.6 32094.3 26276.7 57696.6 87008.7 74206.2 34646.3 26449.9 53651.9 55518.6 44714.8 31683.8 48836.4 66293.2 56728.9 60082.6
 69214.2 44013.3 40290.8 41486.8 68614.3 88163.5 117751 124758 97922.2 87533 59054.3 40661.6 37064.8 91974.2 124350 74143.3 51664.1 44135.2 41904.9 56029.1
 89455.8 83315.4 46713.5 15984.8 17610 18181.8 20283.2 52203.9 67099 38162 32301.8 52951.6 75640.1 72656.9 96947.4 121800 120429 84792.2 72782.5 71090.2
 81806.2 28247.5 60801.1 81749.7 53592.6 50066.8 104593 113856 90722.6 56961.2 29551.5 23083.6 15110.7 19379 38418.1 78136.6 74076.9 74302.9 116418 136653
 85574.2 71699.9 54214.5 27644.7 41988 48503.8 61790.4 60492 49593 72439.9 84216.9 81950.9 90035.1 73124.7 110890 175499 136633 83751.2 65584.7 66835.1
 72647.1 24636.6 17447.1 54344.8 86980.1 63714.8 46098.5 31279.5 19999 104434 164131 90983.3 54336.9 48564.1 59276.8 55280.6 44922.6 71763.5 78904.3 49457.8
 87922.9 31808.7 27559.6 48212.9 50714.4 42283.1 43453.4 43932.1 36326.8 44481.9 72559.7 68379.1 87874.2 90073.3 38548.5 45422.2 84950.8 129655 100852 47861.1
 131151 45355.7 41726.8 47101.2 62673.4 54558.7 42906 57916.7 44637.2 32230.7 33036 38029.4 40838.2 81051.2 92394 49548.5 121697 130190 137947 204845
 98591.9 40133.9 36538.3 42590.1 47751.7 56129 93250.2 195610 234474 171330 74873 46912.2 61455.7 76030.6 79570.3 50112.6 38208.9 41225.2 95475.2 156826
 87773.3 38943.1 79566.5 117903 153330 126465 68063.5 64183.7 62112.1 49562.2 65372.7 63635.4 55547.7 57422.6 32455 48828.8 121885 127587 52225.1 47749.1
 115984 59031.9 26289.5 25105.6 35000.3 31125 69414 89000.7 74710.6 103426 119745 150907 117111 72923 125007 118475 87528.7 84223.5 77476.7 107509
 112608 60528.7 42967.3 43216.3 51354.7 69881.9 79889.1 51373.2 61629.2 57478.7 53228.6 95259.1 113350 130765 111257 78368.3 68666.1 72187.5 56531 61125.5
 99599.8 24233.9 15806.6 22489.4 23205.7 36968.5 101258 170481 123048 41176.4 40043.9 83114.3 88812.1 52000.2 34497 57355.2 48066.1 71380.8 85554.4 56309.8
 91243.9 51415.8 51187 58439.3 88128.9 85172.7 95909.3 76290.7 41977.4 68319.6 61827.1 25492.7 19613.2 19378.5 24978 49272 77031.1 84075.3 55867.9 68271.9
 105648 76694.2 30159.8 45376.7 105747 112589 50317.1 19222.8 24676.9 28398.9 31746.9 30770.7 87611 106690 64619.5 51506.8 34454.7 40774.5 46882.4 74023.7
 96956.7 53711.1 43250.7 46891.5 42604.7 23537.1 37102.5 73109.7 97522 70295 48851.7 66092.5 84310.4 78255.2 73486.5 64448 57418.8 76155.8 85227.5 71981.7
 64284.2 37279.5 28020.2 55146.1 102895 80257.4 48372.1 68549.2 101495 93889.6 60732.9 74284.3 74460.9 46468.9 47475.9 92300.8 85886.2 28437.6 24502.5 39251
 117123 87388.4 76617.5 105271 130544 108448 55437.2 66124.1 73477.7 66770.1 51552.1 56549.9 78125 89003.2 69242.2 44892 43206.4 52389.7 74420.3 56166.8
 82122 77382.9 102302 99549.1 53275.9 32464.6 56693.2 77338.9 77828 67937.5 105131 121972 67821 30516.6 27705.7 30783.4 52289 69613.7 55934.1 46393.7
 109274 78375.6 48830.5 22565.3 38404.3 55710.9 37584.5 31473.2 34569 33273.5 35427.5 43574.9 51972.1 60168.1 93964.1 132305 114450 133691 159344 94678.5
 158301 165585 112696 41834.9 64608.3 81865.7 99663.9 102763 33963.5 34150.6 42916 57226.1 61738.5 42500.7 35589.2 66788.4 77381.3 51430.7 38847.1 40008.5
 96410.6 108352 124828 75722.8 51692.5 29117.6 45441.6 65023.4 76692.3 90166.7 79872 66591.3 68667.9 176259 202039 88294.5 72267 91723.6 113896 98214.4
 89368.2 35601.2 52165.8 87597.1 113805 90923.8 66462 74285.4 83167.6 85552.4 157215 183472 113357 79694.1 82841.6 79138.8 57654.7 43130.5 42158.2 32833.9
 106707 97874 75898.3 48966.3 60701.9 45653.1 47731.2 63235.4 60675.2 107417 128797 122595 109935 65354.2 64557 71830.3 64507.1 82080.5 72140.3 49819.7
 133851 149348 122097 73704.4 97849.9 138880 136562 146187 232652 215905 114103 77148.7 80896.8 103672 86388.8 74504.6 68438.5 55142.2 71533.7 86908.5
 102070 38006.8 29729.5 46383.1 80729.5 85156.9 58642.2 71139.4 80504.1 87906.2 78720.5 36594.4 59600.1 80906.1 89585 99871.8 82717.9 79616.7 78838 83603.8
 153119 81921.8 81784.6 87250.5 45278.8 58296.1 56982.9 30283.2 29099.5 44695.8 80606.6 81385.5 73389.3 102949 81475.7 55339.5 66574.5 62583.7 69081.7 57225.9
 117143 59734.2 98001.7 106542 43235.8 64113.8 84980.6 90497.9 85688.4 73538.6 90993.2 99848.6 93070.6 71298.3 52137.6 32820 23846.6 64262.9 105557 81363.3
