 15075.3 28463.1 27381.3 37090.8 19522 11742.2 7779.34 8056.88 46674.2 7731.3 2878.86 24400.1 10978.4 14828.4 8353.9 8601.03 25494.6 12238.2 40248.2 27520.5
 20147.1 12106.1 14060 18217.5 7714.98 8202.28 7430.49 24641.8 17862.3 17068.9 12484.1 5870.16 7709.05 14257.3 6135.44 22828.1 67838.9 23646.7 15282.9 50653.7
 47166.7 10289.1 10262.1 28246.3 31422.9 32688.5 7173.54 24641.2 19998.3 14572.6 18516.8 4266.59 14159.4 35934.4 15616.3 9133.73 12912.8 18125.6 41827.1 25770
 13485.1 20335.6 21419.1 21040.3 15451.6 14692.4 16376.3 20477.2 12644.6 5370.9 14054.5 10514.2 17645.8 11651.6 16985.4 16843.8 13741.4 9399.32 5997.14 37789.3
 16709.8 18202.9 37199.1 47108.7 11447.7 13611.4 13981.7 4966.66 45875.2 13133.2 10728.1 23861.3 24207.1 19736.3 49444.3 12521.6 18050.9 17886.6 25194 27035.7
 24024.9 14729 21936.4 12484.6 36131.3 18711.3 17452.1 7783.62 14165.9 18047.9 23515.2 16347.2 10542.9 8039.94 10867.9 9786.89 13465.1 11282.8 7687.67 32232.9
 19600.8 28886 12600.4 30633.3 17451 13146.7 11319.7 21923.9 17192.7 18810.3 33527 14058.6 20065.9 14476.8 13785 36054.5 35269 44189.7 33042.5 35880.5
 14056.8 7936.89 14885.3 16450.2 13647.3 19878.6 16728.2 13374.3 42323.1 14847.1 24303.5 7465.29 12934.5 24574.5 18665.7 15052.3 19276.4 11695.9 16794 7160.79
 7546.91 27934.7 20595.1 16098.4 23330.3 10410.7 28100.4 22124.1 16262.3 13854.4 11658.9 8964.75 19401.1 7775.85 36266.1 26200.5 18010.9 9191.33 13399.2 50169.5
 16705.5 8095.37 10418.8 35204 15903.1 10228.6 15539.6 14825 16919.9 18270.6 12031.4 14693.1 37285.2 22200.1 17761.2 20075.3 24149.2 34495.5 7920.4 10991.8
 16728.8 15759.6 16770.8 16645.5 18722.8 23868.4 5256.69 9517.06 23732.6 20315.7 11335.4 20254.3 18888.2 14156.7 10568.9 8804.17 6680.82 9604.01 9487.26 30285.6
 12363.6 21514.6 2578.3 7459.09 3938.6 22309.3 13600.9 28912.2 21957.7 5234.06 30077.4 11456.3 8637.81 21470.1 28694.1 15929.4 16403.4 18249.6 10720.4 5390.82
 28302 26467.9 20018.2 65842.2 80502.7 19437.4 29899.5 12866.4 16229 9333.3 19931.2 9651.24 35778.7 40829.1 13509.9 10154.8 49328 13371.5 15404.9 7399.01
 34783.8 10932 6150.53 8115.79 12335.5 56152.8 44572.4 17435.1 38545.1 15992 10596.7 5397.56 6541.22 22136.5 13800.7 16744.7 12792 6549.08 23420.8 21719.3
 18988.6 31590.9 20186.3 51917.2 12084.7 46437.4 16961.9 23537.7 29133 17118.9 41521 7902.85 15827.9 34013.5 5670.48 13445.9 19357 17579.8 7856.91 20360.1
 8744 13202 9764.82 25294.6 11559 58900.8 31567.2 20986.6 10085.6 4757.41 22291 29711.9 10879.9 6079.27 11051.8 8679.73 9684.9 7044.58 21384.5 9181.29
 22264 17389.9 7577.03 11750.1 4202.08 5451.43 8336.49 2978.97 44244.9 25999.6 19038.4 37646.8 7791.65 12964.3 9699.44 18795.7 9488.57 29321.8 36109.8 67257.9
 7052.84 7768.3 9682.42 5368 10631.4 41665 29724.1 14230.2 5403.9 8806.96 21356.3 6428.78 7003.44 17204.4 12672.3 21462 22831.8 12329.3 29576.2 26788.7
 52063.5 45127.8 29390 62806.9 9679.15 17203 11471.7 22563 3655.17 16521 13564.5 11204.8 29364.9 21427.4 30258.8 11000.6 17066.5 9850.66 23645.2 8100
 10559 26551.9 12365.2 16041.4 11347.6 13711.2 11831.3 16243.3 9483.56 10225.9 16885.9 12832.1 18860.4 13298.9 25503.4 12964.8 15886.5 18709.7 19542.7 5145.08
 16648.4 24848.9 20848.6 21411.6 19708.5 12983.6 18379.4 12477.9 14612.8 28118.9 29079.2 31934 17213.6 19814.3 20197.9 22379.9 9304.75 35878.2 19029.3 13748.3
 16643.6 22565.8 6105.85 11042.8 9525.37 13563.4 28058.5 48910.4 17815 11811.7 3513.1 9910.45 61722.3 14089.6 12103.5 27787.8 3992.28 8811.69 9971.81 25400.2
 11168.6 7376.92 9088.44 19552.2 14156.7 15550.9 25188.6 39818 5101.82 19830.9 18853.2 38199.9 8911.24 24895.5 13940.1 16819.4 35229 6737.59 16753 14404
 20143.8 15310.7 7399.74 8111.86 43194.8 13795.6 18801.4 16723.4 26121.3 32764.6 36296.6 22787.7 28655.1 12177.2 24802.4 26836.5 6984.42 24636.1 33982.6 6127.86
 12327.5 8547.75 17096.4 12997.4 24969.8 12351.6 32935.6 36567.3 29892.3 12249.7 19537.3 61695.6 6390.95 21397.6 31874.2 7474.38 14776.1 16050.4 33702.5 14817.7
 13154.1 24930 10248.9 22135.5 49828.1 8218.79 32886.4 15700.8 15835.6 15013.7 15185.3 8731.3 10481.2 13305.4 11311.4 4878.38 10979.4 6637.32 19260.2 25989.3
 19312.4 10465.9 15871.1 12857.8 30094.7 21997.4 23068.8 27641 20238.5 19936.2 13183 27355.4 13731.8 71642.5 14288.4 33352.3 21958.4 57365 22121.4 24500
 17749.2 38633.1 6918.91 32608.1 10853.6 15417.9 18190.7 20868.1 29877.9 24608 22404.3 16800.7 47035.9 63069 20448.1 31711.7 18341.2 15709.4 16787.5 17495.2
 17752.9 17066 7129.24 9953.07 9447.67 38254.6 5808.63 55980.4 5091.09 11884.2 5576.5 10133.5 5028.47 5682.45 17225 7297.73 10359 12937 30932.6 87463.2
 31152.8 16221.1 26593.9 16325.9 12072.7 17403.7 9238.76 11047.2 5173.85 30678.8 9465.48 41188.7 11764.3 6895.57 8110.72 13946.5 20221.4 38021.8 20273.6 17959.3
 11393.6 33184.5 8328.42 12723.6 9649.61 27031.2 13738.4 30509.7 44756.8 55320.9 14160.4 14891.7 9508.7 14945.3 24354.8 16438.9 7996.95 36875.9 24003.5 7769.13
 4742.3 14442.5 5905.89 20634.7 4586.57 14007 23439.2 18433.9 11806.4 18951.2 13357.4 28145.9 8545.92 25654 16146.7 12038.8 13177.9 14645.8 5099.88 49805.4
 41060.6 12900 10940.9 7062.06 5289.83 8994.64 13037.7 3858.11 27036.3 11565.7 37377.3 25427.9 21172.5 25458.6 22972.8 31386.7 18507.8 21811.5 103526 16235.7
 8490.58 15993.2 14619.8 27594.6 20693.3 23676.9 9944.28 17214.6 19014.9 22987.5 69172.3 14398.2 8399.22 19188.8 23567.4 20364.9 14525 20072.5 14862.8 24648.8
 10687.8 16985.4 17732.3 4779.1 37311.9 14112.2 52479.7 17746.4 27914 13747.4 7746.93 26272.6 51008.2 18792.3 17391.1 85973.2 10009.5 9021.07 58786.9 11477.6
 81740.1 13746.5 13375.8 5041.59 7811.41 7460.06 22850.7 16635 15728.7 17114.4 10356 24145.3 13925.4 13202.1 16145.9 6560.79 17962.2 16109.7 5474.28 13156.8
 36651.2 17743 22412.1 17618.8 81155.3 21679 36722.8 7226.38 13981.6 20035.8 49024.2 17794.2 47519 7674.2 12784.6 15273.9 2122.84 27368.6 26791.8 15648.4
 8540.65 29140.9 27336.8 19252.6 5476.66 27894.5 46253.9 45093.3 13103 21405.6 29587 35416.9 59582.6 32136.5 6758.13 19583.5 8362.76 13076.8 5341.71 12779.7
 17043.2 12604 13235 10654.5 17072.3 20811.2 9679.18 7108.58 3551.21 5403.7 9649.19 16008.3 21605 14285.6 14539.3 28667.4 15910 5661.67 26437.2 94378.4
 8781.08 25561.4 26035.3 43304.6 25360.5 14721.3 9065.21 13053.4 6200.94 8533.08 12013.3 9210.13 8936.35 17522 5727.14 12511 15671.1 14312.9 12399 28608.9
 27304.5 22393.5 13743.7 9737.54 8645.71 17960.7 26366.5 41511.3 7006.6 17045.9 10030.7 41193.9 11344.6 29589.2 18225.6 28809.5 9856.44 22950.7 10070.3 8417.18
 16522.4 11601.8 47013.3 12478.8 51741.2 20886.7 13497.3 24238.1 3929.86 18159.8 5511.03 15955.3 13827 43049.6 20878.9 23328.6 8312.65 11013 23018.8 11090.3
 11236.1 10575.3 46466.8 14126.5 45180.6 17348.3 15927.3 27249.4 34610 6764.21 28936.1 8552.61 4232.48 40777.6 20429.4 45131.5 30091.3 13262.7 52312.1 21090.2
 49186 37668 13564.6 10112.8 16354.7 16748.2 18482.7 22035.1 7889.39 23827.1 16061.1 93912.3 16053.8 18426.4 15996.5 15874.2 21320.7 11082 7642.24 10101
 26173.1 10990.3 22765.3 19756.3 10832.2 31963.2 24381.2 22273.5 16036.5 29330.8 12449.1 17836.5 25827.2 15329.5 19142.9 39147.6 11903.3 12775.3 31225.9 21463.3
 8219.99 12762.7 13890.4 12357.3 4288.09 10544.4 31587.1 31405.6 25433.9 6236.01 19888.7 5847.59 7240.61 14590.3 4763.9 6094.22 7070.57 5932.22 19893.6 4590.65
 5235.75 18370 14166.9 13442.6 12093.7 15766.5 21719.1 9368.1 28043.5 9789.15 17912.7 7811.67 20260.3 13246.3 5845.11 30335.8 29335.2 18531.3 14495.3 17098.6
 16155.5 13715.7 32191.2 12270.7 6095.29 21811.6 24112.2 23272.6 14607 17596.9 37973.6 33455.3 12406 14810.9 16113.4 18879.2 24105.5 5390 3691.29 15328
 11886.3 15489.2 7550.39 8505.43 13155.6 9104.11 7584.76 17685.4 16710.5 18727.7 7459.48 13903.7 7972.57 13052 44068.1 26125.8 33616 14474.4 44196.1 14786.6
 39001.6 37222.2 26314.6 10798.8 22178.4 50223.1 23886.5 9173.31 10260.5 27999.8 32722.1 32410.9 19126.3 24911.8 25641.6 14963.3 16010.6 43850.3 12543 19256.3
 13520.5 18183.4 21700.3 10283.1 10173.8 27475.9 27973.5 10880.5 13766.3 6657.99 20900.5 38056.3 14412.2 14745.6 13936.2 9444.65 9193.16 5771.05 4893.14 28429
 12429 6898 17152.1 33289.8 20877.3 26509.3 10983.6 3810.23 7130.95 13825.4 12701.7 34756.2 71930.7 13678.9 29259.6 18359.7 22505.2 12856.1 9184.33 15044.3
 18689.3 23954.3 8477.58 8611.46 10521.8 6922.76 23882.8 2780.52 33937.3 12189.1 14001.3 24580.9 7848.26 18196 5432.36 34676.3 20438.8 40136.3 13342.6 13278.2
 11639.7 26699.4 13306.2 6661.25 13126.7 17041.9 30961.2 4818.37 11225.4 20771.5 23366.4 21473.7 7927.11 14788.2 39690.8 115957 7044.29 20245.7 19014.5 47134.8
 26230.9 22699.7 17334 7673.28 6498.87 31154.6 23249.2 12330.2 10405.6 9502.8 9552.48 26613.7 21204.2 13770.8 13124.1 20302.9 19365 53354.7 12749.6 23608.6
 6044.95 25274.3 36781 40314 20735.6 25528.4 26177.7 41336.1 7158.28 15940.5 4573.05 57699.1 9218.98 2651.05 29076.6 47703.9 28995.4 12928.7 20272.6 20151.5
 20619.7 40144.6 14633.6 38238.1 16697 11516.5 5636.58 23609.1 19850.1 12173.3 52674.8 24117.8 40776.6 24469 9945.06 15733 5709.39 6103.44 7010.22 8454.86
 10959.6 10731.8 4901.21 19611.4 61109.9 37670.4 38140.6 16958.3 37066 16741.4 23909.8 20585.1 19831.4 14916.2 16488.8 10661.3 31324.4 2606.59 3830.93 12346.6
 5440.41 26029.9 12662.4 12958.9 4315.04 8557.34 10755.5 7294.56 8530.69 3990 16136.9 36026.1 23108.6 7932.17 11256.6 9373.11 14343 13097.5 12615.2 15450.1
 31649.8 15117.5 19022 6803.94 14075.7 14916.3 40730 14072.8 22663.2 31630 16952.6 45098.1 19980.4 26911.8 13650.2 15294.2 11826.5 13828.5 26383.6 53078.8
 12027.5 34329.7 7636.77 20001.2 20349.7 7125.49 35883.2 4782.7 40191.2 34742.6 18986.5 33192.3 46548.9 15767.5 30775 35140.3 12074 109998 39986.8 23423.7
 12988.1 11739.5 6820.47 16937.4 21932 16981.6 5444.97 25107.4 21883.9 31155.5 18929.3 16337.7 4904.83 36717.7 30980.6 54823.7 17736.9 15678 38329 35936.5
 14790.9 16174.5 11993.2 28480.4 6499.83 6314.62 22922.3 6138.68 6015.49 9167.88 21181.1 22983.1 17101.8 19960.1 9100.29 73887.9 13419.4 16663.7 7937.15 11786.6
 77077.9 10736.6 26586.2 27467.4 8861.89 53763.1 9241.87 30186.2 16699 17756.2 11570.6 33526.6 8764.82 20250.1 10666.5 12676.8 23012.1 20735.8 11147.4 9211.21
 17553.1 27478.4 8274.96 21723.9 34860.4 12924.8 30861 31848 23581.7 20907.5 27332.3 11016.8 26249.6 34955.5 32538.6 34500.1 29953.8 20802.5 20350.9 14753.3
 18547.8 15479.1 18111.3 14993.4 14105.4 11452 23076.4 13708.6 54353.4 12536.8 29181.3 19748.4 45061.3 29871.6 16677.1 19095.1 10341.7 9480.45 19142 7190.54
 31895.2 21585.9 10997.7 21658.8 16169.4 22078.8 14070.4 26630.5 8000.48 23319.6 9359.3 7488.12 26592.1 23997.3 28759.2 5584.86 51443.6 20843.1 26827.9 11271.4
 46416 10321.6 26538.3 13329.5 17075.9 24450.6 22153.1 33875.8 90028.8 12189.6 36109.8 25071.1 33047.4 11821.3 14212.7 10967.2 8719.19 15585.4 11973.8 25652.3
 18112.1 61100.6 16462.3 27945.4 17436.9 16571.3 12905.1 33617.9 60425.1 6522.01 13425.5 16389.9 11500 15493 6118.1 7180.25 4173.19 5042.52 11001 43800.3
 9201.3 11468 23144.1 24991.3 21102.4 27389.1 29850.6 26387.7 25014.5 54238.8 48012.8 5014.87 15674.8 31522.9 15161.9 17348 9694.27 21811.3 13014.7 10998.7
 16846.9 11604 31903.8 30776.2 15852.5 32604.5 18442.9 8785.69 20079.5 29427.3 31910.6 8109.13 15140.9 10585.6 10557.2 3516.47 61342.9 32111 15028.6 11505.8
 62532.9 27446.3 27117.8 46872.6 9712.41 17469.8 10296 13834.3 10316.3 6183.13 10123.6 1792.44 14443.8 12789.8 41196.6 42937.2 43973.8 18912.8 13429.3 7505.64
 25778.6 17523.3 28474.7 32002.7 18449.2 15118.9 19850.3 6431.81 17129.3 15106.7 17360.3 23133.3 18591.3 7172.77 20587.7 40994.6 39932.7 30885.1 26773.8 12400.3
 11059.7 27513 37001.7 16986.7 5886.98 19534.8 5501.38 23355.7 18029.2 9235.83 23100 20773.9 47214.7 21489 20916.6 36691.1 9194.44 6504.01 22033.7 14227.7
 9722.84 20557.1 7691.96 26952.1 43140.8 15618.8 26665.9 10104.7 31826.2 58406.8 14779.5 11103.8 15483.2 13972.7 12663 9655.88 33224.3 15274.6 6716 30039.6
 11138.7 8797.78 24137 8327.27 6714.82 17093.2 25432.6 9908.11 8043.74 43848.6 15941.8 11401 23057 8541.09 16183.8 34135.5 19826.2 8953.73 10157.8 6517.44
 25714.2 27970.6 20340.6 8805.58 6863.3 8562.07 30378.7 11671.1 20188 5399.16 17310.4 21159.9 25227.8 24805.3 28502 13092.5 71915.7 16397 17188.3 32760.6
 7213.35 23400.5 26598.9 34327.1 16840.7 11696.1 6786.24 14902.4 8851.27 17778.4 12238.8 7483.66 13144.9 9906.64 11503.3 17058.8 4826.67 16610.6 9714.37 22656.2
 11788.2 16777.8 21144.1 25674.4 58109.1 39804.9 46588.7 8806.25 21864.4 4456.07 29019.9 16436.9 30374.3 5855.06 10562.7 18314.2 20201 9052.04 14444.7 24221.6
 45375.8 35470.5 20772.2 37997.3 23134.6 19365 37122.7 13720.1 12391.8 9886.26 76725.1 41082.9 16781 6898.67 28768.3 7972.7 7424.47 7594.99 12152.1 11814.5
 4964.25 8065.2 6418.24 8258.46 14316.6 13555 17927.5 11654.3 11503.3 20510.9 17655.3 12966 28835.9 4448.2 10268.1 8862.89 18930.7 23570.9 45087 44087.8
 20682.8 14192.2 24116.2 15477.3 7638.08 30409 8418.82 10862.2 44013.9 20936.7 9939.15 36095.2 21913.5 22635.1 11997.5 14420.5 7006.99 11236.4 33367.6 6867.42
 34669.4 26538.1 12974.9 16758.4 25657.3 64320.7 31625.3 13750.7 17559.9 3243.06 12083 8805.14 15288.9 28891.4 22229.7 19512.7 13589.1 9277.33 22701.1 9766.02
 25685.7 26285.4 57910.7 20023.3 15006.3 3563.37 14752.2 14664.4 31789.4 19645.6 12954 17408.2 27884.6 24279.1 11329.2 19829.4 32073.9 19526.3 15656.7 32872.3
 47018.5 19790 28246.4 2478.32 29134.6 16861.8 10480.4 13347.9 13084.6 21538.7 36581.2 18646.4 19823.1 18824.7 20425.4 13241.2 29415.6 11385.2 10183.7 6414.2
 9945.61 28981.4 13837.6 13556.2 5689.04 10030.9 13050.3 22793.9 8330.79 9755.24 25383.9 16632.9 25346.6 12188 25404.5 15508.8 23046.9 19195.5 28758 6445.93
 58422.9 20351.8 14517.6 36231.9 28113.6 16239.5 20074.6 81198.6 11393.9 32800.4 9690.24 37631.7 11166.3 29960.6 13335.8 14269.2 27256.6 87160.7 23595.5 10495.2
 10485.5 53918.5 8894.25 27737.3 25382.9 22956.2 86970.6 16394.7 16753.3 8818.73 9516.08 9491.58 15502.8 13599.8 6289.18 20515.7 7233.43 8404.52 19856.7 9218.35
 6069.75 15289.9 43650.1 6557.54 5361.96 16818.5 27713 8806.96 23618.5 7633.22 12232.9 6472.4 15420.5 21899.9 14439.3 20853.3 21499.2 10202.8 20904.8 57847
 25370.8 32357.1 25320.3 19234.2 17337.6 8091.26 15674.1 16222.7 15479.6 9275.94 7591.31 25729.2 10935.3 15806.6 19528.5 12547.1 20779 19490.1 13185.4 5954.54
 12594.1 15928.7 9727.26 11276.1 19494.2 15306.9 9842.84 11881.8 23055.7 16877.5 26068.3 12048 15949.1 26095.7 17176.4 15423.7 31872.7 14000.2 15065.5 23044.3
 13013.3 25214.4 8581.22 27875.7 18465.1 13918.7 37267.2 14834.6 16323.6 17336.4 23628.2 20816.5 6703.5 16331.1 4783.66 30877.9 29482 12689 26157.6 19617.3
 14919.7 94108.1 23636.2 21589.1 44831 15175.7 7689.17 8678.79 35028.7 9659.52 23351.2 7195.67 18540 16360.2 8695.29 40040.6 20737.6 32446.2 46876.8 20284
 21327.3 26708.7 44913.4 13602.7 18257.2 20497.6 14385.4 6084.21 9273.5 13968 25011.7 14382.7 30889.6 8877.62 27321.4 36366.6 47624 9040.83 3833.53 18433.5
 20965.3 38329.9 16620.1 23640.2 18620.3 11275.8 19236.3 10080.4 22620.8 31014.1 35487.2 45345.6 16474.5 34942.1 9414.24 23061.6 25974.9 22410.9 11383.1 18587.1
 58848.7 17256.3 6916.58 9386.47 18899.3 52362.2 18809.7 32042.8 9962.76 30396.2 30742.9 29141.4 19503.5 12490.2 101787 37875.4 46795.8 19171.6 23597.6 46370.1
 11099.2 85222.5 17231.8 26600.8 16450.7 13605.2 107121 17125.3 33938.4 12912.5 31501 6528.04 15046.7 33467.1 13379.4 51772.4 9801.75 18639.3 10837.5 9719.27
 9902.72 21492.5 33112.3 15832.3 5875.91 16379.4 13185.6 43548.2 9717.38 14555.4 43848.9 29328.9 12354 74464.3 30256.6 13469.4 75942 33120.9 33594.7 43433.7
 33587.7 15740.8 32272.1 24936 12372.9 25767.7 37693.9 21697.5 15425.8 21195.2 6520.43 10526.7 11744.6 37413.3 13708.9 8198.26 13938.4 30748.3 25614.9 18634.3
 33611.6 38565.5 43612.7 24078.9 50230.1 9370.83 23949 13456.8 17554.5 31132.1 25266.5 7925.55 13007.9 21830.1 20343.7 18652.9 42410.9 31960.9 9760.18 8090.59
 26845 49739.5 15188.1 10579.4 53580 6298.57 12536.6 8746.07 7536.95 7729.11 4020.4 13162.8 21006 33504.3 24731.1 43195.8 12896.7 8573.09 28957.1 12874.8
 13768.8 40432.2 10964.3 88232.1 57990 45996.1 15225.5 36817.5 22711.1 15321.2 5516.17 39265.1 16193.9 8926.44 6503.69 10347.5 28373.6 10815 35719.8 20544.6
 18167.8 17368.8 11416.3 6278.74 16738 11531.5 15820 21714 22763.5 7704.04 22961.9 14120.7 24909.1 35038.1 9760.37 15444.3 15838.8 4535.8 4163.28 10274.5
 6157.24 14878.6 6387.81 5982.5 8880.13 4313.82 2361.26 9057.81 17931.4 57214.5 26033.1 11452.2 24085.7 11411.8 7569.26 14228.4 11548.4 14039.5 9759.52 32186.4
 20229.1 22691 9489.93 33431.7 26366 39481.4 23011.8 53442 22907.4 20430 8301.81 20492 11555.6 9647.63 6040.35 8656.72 11755.1 20243.8 25224.8 8532.39
 15060.2 12764.3 16421 26445.9 18951.7 25912.4 31448.9 9002.35 7695.7 10768.5 13617.3 9914.66 11584.1 36266.4 17832.9 7667.55 12583.8 5480.13 29328.3 12740.2
 41468.3 22494.9 6989.7 32951.4 7468.47 20757.9 29304.1 47023.4 20481 24987.1 25890.3 19697.3 11810.7 39690.9 42003.6 8211.48 26395.1 15185.8 34962.7 27646.6
 12539.4 28166.4 10720.1 16030.1 17130.1 16839.7 5643.74 25346.6 5540.91 9053.27 16518.6 38139.8 17591.1 30906 25914.3 13526.8 7019.59 12015.9 21970.6 10969.4
 11940.5 29425.1 15222.1 27970.8 13442.9 14848.6 49373.5 15832.5 12571 7073.5 21921.8 13716 15684.8 19808.5 13415.2 23585.5 11363.6 14853.8 7472.58 24170
 29621.5 9677.32 13363.1 17289.8 17078.4 28121.1 20133.5 27635.5 15354.5 19399.3 20414.9 32017.7 23154.2 29333.1 77086 25859.6 7238.9 29444.4 5641.33 21518.3
 26474.4 24106.7 5172.39 15181.7 9723.95 17983 26528.6 13636.8 16040.1 13521.7 9980.72 22590.2 23529.3 20016.2 20998.4 34102.5 26764.3 11169.2 32281.5 22061
 16990.7 12779 14811.8 8679.35 8280.92 13911.8 7643.6 19474.5 17739.2 32135.1 17945.3 13159.5 17192.2 24558.7 16422.9 20890.9 10720.7 15849.4 8857.66 38284.7
 36288.6 11174.9 8262.69 5376.32 7027.99 14379 10975.5 42405.5 7650.35 8875.35 18214.4 28454.7 30752.1 8285.59 13239.2 11236.9 46145.8 10948.3 10052.4 9876.16
 45539.6 59738.4 15978.9 11926.8 11294.7 16678.8 15492.5 7447.57 7621.75 5495.99 40342.2 24637 20720.8 5565.53 4301.54 20742.1 59402.3 49243.2 29630.9 25096.5
 26424 44968.4 28242.6 11675.9 14936.5 6361.67 26400 20519.3 7818 11199.3 11076.9 6350.25 11034.4 13228.3 23179.7 11804.1 56864.8 5340.53 24200.6 13604.6
 10125.8 23106.5 10794.7 17971.7 17473.2 44747.1 8245.53 32710.6 10068.5 3766.81 7203.17 8643.71 13359.8 8823.68 17173.1 26236 43228.6 30766.1 22162.7 13677.2
 25228.4 25587.6 19912.1 14295.7 10329.2 17521.1 29513.1 12423.7 19365.8 19360.7 24805.1 18608.1 7786.04 6257.51 9635.2 17013.3 13452.8 9996.99 7215.39 33790.9
 14670.6 16579.6 13159.9 28487.7 14486.2 12757.6 36676.2 9556.88 12185.4 16373.6 47859.5 29080 17635 11077.2 39495.7 9870.68 18612.9 5978.49 27093.2 12512.1
 35031.3 26355.6 13808.5 6936.07 6403.87 5823.34 18242.7 4797.58 4904.33 1321.77 12346.8 8847.59 13265.4 28928.4 12874.3 4518.38 19003.3 16770.1 47262.6 45580.3
 42239 11411.8 11814.6 22574.2 65970.7 43139.5 26190.2 61518.2 12567.5 13837.4 3390.31 13966.7 9318.26 8645.89 14316 27371.5 39650.3 14372.6 14967.4 24702
 10488.2 29222.8 38126.1 6879.51 13062.7 10997.8 13858.9 20029.7 17412 48040.9 6856.54 13117.6 26016.7 17332.9 8978.19 6042.24 19847.3 10428.3 9144.4 16417.5
 10865.4 6659.99 19306.7 14671.9 11470.8 20205.1 18837.9 15897.4 11169.3 27130.2 12744.1 8275.29 11288.3 6486.01 19604 61387.4 20207.3 15318.2 17555.9 18244.5
 21080.2 29282.3 10307.3 28417.4 13171.6 13764 24631.6 12573.1 8327.94 9135.42 18544.3 23842.4 20592.8 11097.9 11611.9 12783.5 21832.9 7582.22 26666.8 21399.3
 34792.7 26684.6 23894.7 16366.6 12747.9 21825.6 23681.9 22013.3 37337.5 16216.8 44263.3 42543.1 55575.4 13388.5 7365.13 35327.2 25291 11675.6 17243.7 19459.9
 13418.3 11871.7 9197.9 14896.5 9504.42 25375.9 31754.9 13289.9 22402.1 14424.4 24016.4 20615.3 45891.2 16672.9 18681.5 10620.6 23512.4 19855.7 28601.7 19181.4
 20834.9 10586.1 22458.9 3365.15 19788.5 10925.2 15051.2 10829.9 14306.7 61310.8 17003.6 47585.9 33138.8 14157.8 29325 19690.4 41540.8 21912 16525.1 30780.5
 21522.5 37474.1 32618.1 60286.7 40394 14977.6 10466.4 33704.9 31942.7 134492 19671.9 29765.7 11412.3 31510.8 17646.1 29480 28171.9 12853.9 24723 29730.9
 2879.45 27149.9 15025 11129 21081.3 15273.6 24030.1 14089.8 24038.8 9830.18 57132.8 29097.6 26747 26654.9 8980.32 11554.4 8482.4 34244.4 40179.7 35839
 52080.9 18852.3 16038.5 8096.77 4984.36 14257.5 16587.4 12967.4 18376.9 3800.6 10772.4 4296.32 11580.5 29497.4 11505.7 10209.7 29857.5 7464.13 9090.71 37268.3
 24244.9 12835.7 38938.8 9510.01 26832.6 12231.9 17694.1 23811.3 10355.7 32596.8 19958.3 38805.5 2237.04 14294.7 5151.75 5607.19 14053.2 14932 10398.6 15301.7
 9748.23 9170.33 9873.89 11802.2 12104.4 37783.9 13646.6 8879.04 18973.9 11113.2 11603 8510.05 50104 29116.4 12808.6 23419.1 17294.1 12585.6 9687.28 16279
 10515.9 22992.2 11080.9 20800.3 14234 19782.8 17795.1 14215.3 7887.68 21905.3 5299.41 20914.4 16356.1 30593.1 7890.84 6359.22 6859.69 14232.3 13589.2 15521.2
 20352 8217.42 20476.7 9744.58 31422.8 47042.7 8655.96 25290.6 44787.9 12383.9 12087.9 13526.5 19273.4 22198.1 24392.4 29690 41718.1 20571.9 12515.2 10982.1
 10336.4 8933.82 15723.3 7690.55 11465.4 10402.2 35633.2 14614.6 4903.74 27077.4 17624.6 27739.9 17852.5 11771.5 9334.24 16601.2 23292 12903.3 8875.45 12941.6
 11387.5 30700.4 33760.2 64587.9 8630.91 25475.5 9411.55 15146.7 6953.35 34174.3 30161.6 8510.55 15247.7 31150.1 19725.3 19719.8 22787.9 21227.3 42852.3 9254.83
 12655.6 62942.8 35366.9 8516.25 27891 15349.5 22680.4 8402.72 31325.3 22584.9 15839.6 25008 23049.4 24821.4 5483.44 18344.9 20023.8 16201.5 25734.3 13579
 19748.6 26991.1 17627.7 38787.4 15105.2 21770.1 45906.5 47314.1 10473.4 15670.8 20477 11024.1 29856 5349.34 17598 18792.4 11002 13247.9 33231.8 5575.39
 18639.8 22078.6 21808.6 19159.5 16902.8 25029 22206.6 31259.7 10321.1 6599.01 25626 9043.57 18608.3 23769.8 23597.6 19071.6 13321.2 7430.72 26336.2 8022.06
 25018.9 19879.2 20747.4 10683.5 14260.7 11923.6 15086.4 10184.7 31431.2 10811.9 14504 15188.4 13170.8 14063.4 28066.2 11197.6 37329.5 3181.08 19912.3 18378.4
 7345.22 11630.3 4116.57 21224.7 30176.6 13534.7 32741.8 5468.45 49559.1 6533.89 7531.61 15167.7 14090.1 20125.6 15108.8 12217.1 9549.4 78264.6 24146 27210.8
 17784.1 9181.88 22349.9 40912.6 9910.55 25488.2 10807.9 24813.5 12613.9 28879.4 40890.2 19536.9 11396.5 10873.9 14931.3 71832.7 27610.4 9993.76 13673.5 38223.9
 55495.9 33848 31485.5 22636.7 17817 18897.8 16484 45974.5 15045 14296.4 21161.9 29504.5 9692.69 24463.7 13200.3 15859.2 3895.73 25928 11383.5 25292.6
 51980.2 43077.9 32833.1 23667.3 18072.8 15388.8 12974.1 4273.2 20608.5 6442.62 8422.92 20277.6 27001.1 47621.4 22876.8 37364.5 9256.4 14283.4 13038.6 15911.4
 26466.8 31024.6 20072.7 68996.8 9936.22 41236.7 71978.7 55899.1 21348.3 16953.3 9112.27 49075.4 24252.2 41992.2 16930.9 15232.7 4739.98 27476.1 47365.1 28787.9
 22995.3 25278.7 48802.2 28956.8 50393.5 22718.9 27768 6338.84 37021.8 13842.1 16485.7 13110 48541.6 15317 29119 9333.65 14252.8 15875.1 19004.3 21564
 20699 8887.13 8942.77 14328.4 19582.8 32102.3 13102 20937.8 5541.06 6773.1 6417.89 17596.5 16474.3 13281 14774.6 24295.1 8637.24 9484.42 25011.4 9185.16
 19884.6 20590.2 14472 29553.3 12798.9 9367.2 14499 9415.16 18295.1 14158.4 23731.8 12093.9 51595.7 15023.3 28609.1 15614.9 60451.6 24964.1 5249.57 18840.2
 17225.7 9852.14 14530.4 19595.3 24259.5 37178.3 15910.4 26395.6 17438.8 9402.26 15900.5 3864.78 69268.9 5225.88 11323.3 8002.96 15287 14589 68079.4 13929.8
 14086.1 14811.6 13234.9 18128 16739.1 13403.2 18864.8 59034.9 12658.6 4863.48 6090.49 18111.5 22593.9 14065.1 23382.6 25649.1 4782.82 12379.4 13221.3 17585.7
 14745.4 8133.64 34344.4 18349.1 10125.6 32738.6 6769.61 14660.1 6453.05 21937.4 6512.38 17359.4 17469.1 75753.9 11832 22176.5 11003 35819.5 11869.5 8198.86
 15591.8 6110.87 24463.8 6319.58 11426.8 38082.1 30822.5 16304 42762.9 34713.6 95292.4 24246.9 23125 19370 40747.1 43589.8 22545.3 24945 19889.6 17904
 27880.8 12021.9 7397.54 19897.5 10092.4 37058.7 28823.8 5941.2 11645.4 18870.9 24251.9 5369.33 11001 21631.5 11213.8 5945.15 14272.7 6187.09 9902.3 7261.98
 16706.3 16316 7899.02 7000.99 25174.4 14567.2 12342 41273.7 37719.2 14628.1 46914.2 4918.39 11343.2 10462.1 27216.6 28065.6 18135.1 47247.4 12487 6510.71
 5219.32 7847.68 2736.28 5874.66 9428.67 35508.5 16348.5 27438.6 13017.7 11115.9 13697 14624.6 44341.7 39530.3 19137.4 17125.3 8868.69 29228.7 9580.85 13073
 38719.6 15946.9 11625.5 17654.1 13202.7 10751.2 6047.57 14291.3 8106.79 23642 28151.6 14173.3 37889.6 23201.1 19740.7 23937.9 21622 51051.2 14752.1 11510.3
 19879.8 5334 16722.7 17827.9 20141.7 9595.56 8882.88 6493.34 25295.5 17038.4 9589.33 9245.64 25240.8 23911.2 13621.2 18084.1 61817 20182.5 32856.6 12644.5
 24244.8 19664 14854.2 40315.5 13783.9 5906.59 13267.1 17170.6 14170.6 9745.25 11744.2 22458.1 20701.7 17425.3 14309.5 37239.2 34973.2 12312.3 12146.6 10634.5
 10634.8 21271.1 22243.2 42857.5 22962.6 31657.3 28709.7 10731.7 29619.8 5367.7 8906.06 11078.2 17257.7 5600 10076.9 11004.8 9827.26 24877.7 8381.37 13081
 11112.6 7629.05 10489.3 7627.87 17888.8 10245.8 23261.9 9744.55 20882.6 14550.1 22260.7 8371.29 7981.95 11916.8 27212.9 6303.89 17443 8848.45 18275.4 34806.5
 33901.9 9756.47 30544.4 19675.1 14379.9 22992.9 16501 18071.4 11849.5 52324.6 19587 13905.2 6962.93 15934.9 7867.55 34920.3 14179.6 9141.45 10700.8 16746
 19287.7 11274.3 7831.87 7051.88 11476.9 13372.8 6836.16 3086.45 46245.6 17173.3 8064.82 12411.5 4727.31 9984.9 13671.1 5875.81 5781.69 8586.27 5961.45 13923.9
 24473.1 13514.3 26703.7 20767.1 51770.4 15612.3 13744.8 16745.2 11053.5 9988.62 24479.9 23984.4 3876.28 18506.3 14758.8 17908.4 8817.87 19695.1 13490.6 9009.83
 18535.1 12791.3 10969.7 14008.9 23723.8 15603.1 13806.3 13039.3 9685.98 12240.9 33544.7 12421.7 16321.7 3371.29 5776.1 17179.8 7824.93 6276.43 8997.48 6410.47
 47576.1 14706.3 58587.3 11881.5 6271.7 6526.35 6365.18 6648.22 16833.7 29793 12666.4 22677.8 4515.41 20280.7 9076.69 11535 35185 6860.49 9850.79 13498.5
 17901 34924.3 9072.84 25353.2 25686.1 19949.5 33629.2 15895.9 15069.4 5508.23 30876.8 27805.9 34341.7 21502.3 17767.6 29167.6 26807.8 15482.3 26100.9 19496
 18837.9 29257.1 13382.5 14176.4 10013.6 48872.4 13219.2 25631.2 29904.5 27682.4 13687.6 6038.51 5500.77 12461.4 13162.7 13077.1 21187.2 4686.97 14671.3 40282.2
 19331 52330.3 7241.94 30054.3 30626.4 17099.5 19534.6 12240.5 10928.3 31885 13455.2 21385.5 13841 8123.71 21367.4 19627.1 30758.9 14737.9 7547.73 9882.87
 20981.5 34375.8 21153.3 37849.5 12605 10984.5 7054.49 7595.53 27624.2 8977.41 36065.7 10692 12454.6 23732.2 10669.7 32327 43457.9 29134.6 16153.7 12686.6
 20491.5 12952.3 32157.8 18715.9 9546.53 30566.5 60189.6 15234.5 21455.5 13263.6 15313 21540.4 18213.9 8863.43 20946.9 33359.8 11428.3 23364.5 51957.2 13149.7
 5210 11401.3 17347.2 5859.23 11059.8 24524.1 28705.8 10789.7 18966 4174.04 8671.09 15435.6 15224.6 20949.7 12063.2 45483.2 11784.5 34490.9 22516.8 12637.2
 26678.1 24022.8 8479.87 15556.9 15370.9 5630.17 9075.03 5126.86 8662.01 17301.2 33404.7 12274.2 14674.3 17787.9 14226.5 5373.44 4296.48 11546 8566.29 15291.5
 8575.75 15516.7 9221.65 6466.03 25322.1 14067.6 7896.6 20288.2 17765.4 7245.58 31380.7 12032.2 11105.3 13006.5 14015.2 21442.7 9175.82 8610.32 21115.3 23447.2
 25224.1 56330.9 20972.8 17460.5 8941.7 9518.45 7026.18 25575.6 19431.5 14407.9 3129.88 12039.6 18429.9 9339.95 12380.9 5260.95 22131.3 12298.3 15080 14750
 10053.6 14711.3 12141.9 13286 24712.9 20064.7 37215.7 24316.7 21314.6 24086.5 8713.17 12373.5 7908.24 40134.3 20102.6 10919.1 14182.3 9413.54 11617.7 17352.8
 14878.8 28421.2 5322.82 5683.45 7203.73 4821.52 7818.87 21403.4 11341 5841.94 11398.1 17314.2 19804.1 13948.9 33993.1 23977.7 29791.6 7614.37 25071.2 9239.64
 12387.2 9356.53 30555.1 18012.5 9085.81 19588.7 38946.3 15657.3 27257.7 3404.18 11854.5 2625.2 7237.15 5939.05 17930.9 24852.4 9147.18 28564 32157.2 33661.8
 15076.2 28410.4 6152 9380.5 17432 9468.33 25937.9 6562.04 19364.7 20392.9 21949.2 18434.6 31264.9 7048.08 55715.1 33797.4 26926 12441.7 22486.5 11456
 14069.1 6973.9 7457.34 27468.1 21376 14680 11863.7 7493.91 5804.18 57922 21294.4 16816.5 11429.6 14891.1 19227.9 8996.44 13385 27746.9 13202.5 11544
 11388.1 9439.02 10610.2 18459 9936.37 11683.1 12529.9 11419.7 7339.21 16857.2 22376.9 10863.4 33514.9 10837 3417.49 20945.3 23383.7 39493.4 2664.37 14668.4
 29320.8 4883.65 18915.9 9279.95 23239.6 5319.68 17600.2 15507 7002.04 10851 8812.87 11776.3 9564.54 32480.3 12253.7 9067.97 54537 4144.28 55196.5 40878
 17493.2 7488.79 16161 10639.2 17538.4 15591.4 38806.9 65846.6 49957.6 32873.7 4043.88 21111.9 13424.1 25504.8 12220.1 10951.2 10390.6 13346.6 41548 38412.1
 8174.24 14191.6 35049.7 28658 51742.2 17633.9 18951.8 17477.3 15931 10388 25554 7936.85 20168.1 11354.8 6198.99 22118.4 43429.8 14364.2 4175.75 21334
 19237.6 14158.6 5904.43 10157.9 10913.1 7172.74 30499.4 14034.1 22563.2 30321.2 29127.6 47148.2 11289.8 20154.5 44180.9 11456.1 26373.3 13008.7 23682.2 31236.8
 11448.9 18705.4 12721.9 15444.7 15119.1 24791.8 18324.7 8483.47 27267.9 5379.59 22789 31356.8 27994.4 38881.5 16124.6 19128.7 15465.2 22885.9 6033.07 26265.3
 11804.7 7483.99 6996.54 8726.49 6725.25 15099.7 38129.6 46131.5 9015.34 8783.51 14244.6 30008.7 16004.1 10977.5 9841.74 22210.3 3650.93 32883.5 11516.5 13749.8
 8450.2 22424.9 11654.1 24591.2 26683.3 21444.7 30717.7 9280.53 18058.8 22260.1 11167.3 3192.62 9805.83 3525.82 12051.5 16237.7 24530.1 16010.9 10796.1 25785.4
 22234.7 8676.56 18717.8 15784.7 44981.6 17164.4 9931.09 2942.87 13561.9 6241.84 12672.7 6638.18 41552 13415.8 16531.5 11267.5 6636.54 16706 9203.31 30107.9
 13051.9 18805.8 13819.4 18841 7718.06 7767.22 16620.6 26329.7 25073.1 12191.4 16738.9 19874.2 23402.7 15961.8 21204.7 12877.4 16819.9 22766.8 20151.5 15311.4
 9576.19 13128.3 8947.6 23336.1 31446.5 15378.5 13265.1 25996 31279.8 19163.7 11757.4 28934.4 9554.65 13086.9 13345.3 35882.3 5985.3 6374.16 9323.9 13591.6
 42060.1 15706.9 32810.4 26850.4 42486.7 18345.8 18607.9 21305.7 20176.6 19001.6 8481.32 23457.6 21529.4 27815 6615.2 17014.2 7612.26 22238.8 17653.3 9678.57
 18491.3 34152 30608.9 24739.7 6677.9 13955.5 21128.1 23559.1 19043.5 18803.6 42695.6 22733.8 11165.2 8358.4 11161.4 8387.55 23403.5 14883.6 14094.8 11012.1
 22711.2 20841.2 7802.42 10184.4 16905.6 17204.2 5479.07 14167.3 9213.9 10147.2 10859.7 13800 13272.8 18650.7 33142.7 36798.9 17159.2 52065.9 23597.5 19010.1
 53669.6 48105.8 21739.4 7287.05 31201 11551.2 44289.6 5973.83 10554 11492.8 15384.6 16947.9 18866.4 5115.47 16984.8 23310 14767.1 10320.3 11307 10793.4
 8923.18 53569.1 21854.8 21551.1 9442.07 9366.8 19868.2 18814.7 24072.3 22634.8 20066 15671.9 22687.1 82391.4 10927.8 24093.6 16893.4 34618 23867.3 23297.6
 8712.01 18235.5 18353.9 36673.8 29507.7 23536.2 17549.9 27668 20989.9 27431.5 63811.9 32361.7 22372.8 22822 23375.5 19930.7 11559.3 14384.6 10579.5 9084.85
 18574.3 34456 8050.58 16269.5 20066 5275.43 22836 11588 20522.9 38812.5 25584.4 32789.7 18234.7 10392.4 25058.4 12755.3 20854.2 22375.2 13394.2 10533.7
 24268.3 47730.3 12528.6 19668 31642.7 36788.9 28005.4 44346.2 72768.7 16988.1 22380.6 14209.1 26400.4 25213.8 15264.9 19294.5 14223.9 12173.9 25686.8 18140.7
 12654.5 7221.57 12431.2 15638.7 27017.3 18100.5 12110.8 24913.6 15491.2 28611.2 10558.2 6434.76 26697.9 14560.5 27359.3 19619.8 17208.7 21697.7 15687.5 25452.3
 30591.6 9808.14 32361.1 9280.44 8701.25 23746.1 6705.15 8988.14 8671.04 16053.1 25629.2 12988 20545.1 30791.2 5561.8 18409.9 15153.1 14912.8 20442.7 8519.4
 8199.73 20097.5 41149.6 11937.1 10330.8 29846.4 15684.3 31306.5 12446.1 25955.1 23374.8 28970.4 17612.3 16531.6 9643.82 7812.95 6814.14 33326.6 23481 11534
