 0.170593 0.62384 0.314611 0.579228 0.801096 0.884298 0.856127 0.539222 0.89641 0.483841 1.23072 1.24606 1.31448 2.01375 0.832298 0.929932 0.403501 0.273739 1.0576 0.994279 1.20518 0.859565 0.578908 0.923995 0.539691 0.645736 0.731536 0.402785 0.450401 0.633209 0.566493 0.476259 0.242806 0.530612 0.573444 0.562618
 0.170593 0.62384 0.314611 0.579228 0.801096 0.884298 0.856127 0.539222 0.89641 0.483841 1.23072 1.24606 1.31448 2.01375 0.832298 0.929932 0.403501 0.273739 1.0576 0.994279 1.20518 0.859565 0.578908 0.923995 0.539691 0.645736 0.731536 0.402785 0.450401 0.633209 0.566493 0.476259 0.242806 0.530612 0.573444 0.562618
 0.170593 0.62384 0.314611 0.579228 0.801096 0.884298 0.856127 0.539222 0.89641 0.483841 1.23072 1.24606 1.31448 2.01375 0.832298 0.929932 0.403501 0.273739 1.0576 0.994279 1.20518 0.859565 0.578908 0.923995 0.539691 0.645736 0.731536 0.402785 0.450401 0.633209 0.566493 0.476259 0.242806 0.530612 0.573444 0.562618
 0.170593 0.62384 0.314611 0.579228 0.801096 0.884298 0.856127 0.539222 0.89641 0.483841 1.23072 1.24606 1.31448 2.01375 0.832298 0.929932 0.403501 0.273739 1.0576 0.994279 1.20518 0.859565 0.578908 0.923995 0.539691 0.645736 0.731536 0.402785 0.450401 0.633209 0.566493 0.476259 0.242806 0.530612 0.573444 0.562618
 0.182313 0.643547 0.319978 0.585858 0.805388 0.889024 0.869779 0.543386 0.905625 0.490052 1.25164 1.26687 1.31776 2.01375 0.836262 0.944337 0.410193 0.281033 1.07154 1.01585 1.22977 0.870871 0.588645 0.928698 0.541291 0.646711 0.741105 0.411237 0.455502 0.633896 0.570808 0.485862 0.248369 0.535873 0.574963 0.570401
 0.15004 0.651246 0.319672 0.586337 0.818882 0.856458 0.90256 0.563889 0.839832 0.476724 1.28325 1.35919 1.33443 2.01375 0.866025 0.956747 0.41863 0.28675 1.13625 1.04687 1.17308 0.939855 0.610264 0.970386 0.546658 0.632102 0.743179 0.419476 0.456217 0.725582 0.65878 0.554356 0.280281 0.566572 0.589057 0.616814
 0.145875 0.626749 0.32136 0.597698 0.970297 0.92065 0.939547 0.658312 0.851252 0.477083 1.2328 1.39437 1.42681 2.01371 0.860984 0.953044 0.438086 0.322645 1.1517 1.01709 1.10679 0.910599 0.619841 0.910641 0.507364 0.601685 0.7115 0.409402 0.472067 0.742763 0.625797 0.575223 0.297935 0.577028 0.544906 0.58563
 0.173772 0.560607 0.28575 0.683983 1.02 1.04685 1.06099 0.697853 0.947786 0.500772 1.25039 1.40766 1.39099 2.01367 0.945065 1.05693 0.462514 0.357023 1.19161 1.06857 1.13364 1.00304 0.627564 0.96558 0.516 0.711439 0.778178 0.435305 0.535359 0.846448 0.672218 0.613071 0.302299 0.561366 0.5693 0.636019
 0.174903 0.637559 0.293078 0.678622 1.06001 1.0274 1.12643 0.780827 1.07691 0.534844 1.32836 1.55167 1.66266 2.01368 0.955436 1.19973 0.478988 0.367011 1.19295 1.14451 1.24226 1.02005 0.649799 1.04584 0.560113 0.728392 0.86441 0.499353 0.606031 0.91548 0.710419 0.606809 0.276679 0.588277 0.575929 0.601088
 0.143686 0.560263 0.293351 0.623209 0.757856 0.802812 0.986459 0.653513 1.05136 0.561511 1.23561 1.65499 1.80549 2.0137 0.943884 1.16 0.532135 0.364998 1.24469 1.13127 1.33738 1.05594 0.679981 1.17948 0.547432 0.682915 0.900193 0.524995 0.625382 0.974336 0.751096 0.647357 0.293692 0.760018 0.592677 0.595785
 0.172328 0.650912 0.366933 0.687501 0.859748 0.790725 0.946269 0.728549 1.26501 0.668086 1.30327 1.71541 1.71891 2.01372 0.996214 1.12248 0.478503 0.337303 1.25158 1.14818 1.46458 1.12924 0.709323 1.25146 0.593537 0.660366 0.87827 0.523885 0.556371 0.822919 0.743664 0.634533 0.301076 0.730197 0.610648 0.590685
 0.218183 0.624827 0.353803 0.745903 0.762272 0.782489 1.03893 0.694452 1.34351 0.591247 1.24177 1.72498 1.72175 2.01374 1.01302 1.16086 0.520016 0.366953 1.32047 1.38998 1.65011 1.02499 0.651398 1.17278 0.622008 0.69807 0.90208 0.512947 0.615656 0.848935 0.7945 0.712819 0.350502 0.734178 0.681217 0.644988
 0.204772 0.624426 0.406954 0.769037 0.773484 0.822893 0.906995 0.7163 1.26875 0.583676 1.32034 1.68659 1.46522 2.01372 0.917864 1.12942 0.530969 0.382373 1.39856 1.14399 1.46555 1.06243 0.702267 1.18598 0.588618 0.6495 1.04232 0.599292 0.670235 0.823572 0.809615 0.688128 0.337377 0.747743 0.800364 0.663644
 0.227579 0.576501 0.397165 0.852253 0.888112 0.892001 1.0586 0.573737 1.24927 0.624177 1.25976 1.60205 1.56708 2.01371 0.956566 1.03931 0.552228 0.396896 1.41097 1.28837 1.58971 1.09107 0.667033 1.10947 0.652912 0.69364 0.960871 0.543984 0.638653 0.944133 0.95439 0.689976 0.335162 0.81832 0.755804 0.532032
 0.22243 0.571063 0.348014 0.734425 0.869371 0.906798 1.01976 0.651945 1.11986 0.561219 1.12717 1.40456 1.54048 2.01366 0.943539 0.887941 0.47282 0.34629 1.18791 1.14218 1.42231 0.958051 0.627865 0.930823 0.522954 0.585714 0.764273 0.425214 0.486649 0.714813 0.679476 0.544319 0.301394 0.579855 0.54285 0.397492
 0.209279 0.580595 0.336733 0.646891 0.840019 0.859112 1.03921 0.79071 1.32052 0.609899 1.33124 1.44695 1.62149 2.01365 0.92724 0.987267 0.464982 0.356901 1.22505 1.25676 1.40876 0.992965 0.671571 0.935333 0.59324 0.620728 0.812269 0.421578 0.535762 0.756391 0.709948 0.505519 0.291539 0.695632 0.655317 0.437302
 0.190319 0.684394 0.365008 0.623316 0.920951 0.891088 1.02935 0.822892 1.31914 0.592735 1.42268 1.48579 1.71021 2.01363 0.967092 1.03066 0.431272 0.369009 1.28157 1.19198 1.25046 0.98075 0.624028 1.00223 0.609554 0.615117 0.785329 0.428624 0.50108 0.75497 0.647327 0.463956 0.253333 0.608474 0.621271 0.471539
 0.185769 0.613846 0.313507 0.655622 0.922758 0.888824 1.20329 0.934903 1.29043 0.623627 1.36104 1.3064 1.71259 2.01361 0.956934 1.05185 0.409854 0.339107 1.3191 1.23522 1.21857 1.02426 0.645822 0.968044 0.634867 0.662324 0.812365 0.431315 0.494461 0.736406 0.577358 0.461643 0.254825 0.572349 0.634645 0.514855
 0.236271 0.614338 0.300705 0.574961 0.957684 0.951182 0.988418 0.843406 1.35059 0.615528 1.36235 1.3049 1.57213 2.01359 0.960857 1.04529 0.38838 0.315299 1.24132 1.10998 1.20507 0.857902 0.544326 0.858902 0.564059 0.59202 0.758251 0.397892 0.443465 0.679844 0.532271 0.398876 0.227134 0.481488 0.532798 0.51908
 0.253387 0.705379 0.282874 0.639944 1.05717 0.971868 1.07072 0.973743 1.39204 0.631203 1.33774 1.53288 1.85602 2.01357 0.990518 1.0766 0.369741 0.294416 1.34637 1.18666 1.35396 1.01494 0.623198 0.890895 0.59585 0.64142 0.810276 0.430672 0.411833 0.650301 0.563395 0.445953 0.222119 0.527238 0.590037 0.539493
 0.216501 0.563084 0.248747 0.547685 1.09534 1.03893 0.934195 0.814886 1.15625 0.510607 1.22032 1.41357 1.68392 2.0135 1.04237 0.929249 0.344532 0.265214 1.2967 1.05373 1.34223 0.925173 0.575467 0.829114 0.514396 0.594453 0.72756 0.378592 0.37607 0.654617 0.568953 0.494935 0.211635 0.473303 0.556113 0.493852
 0.259501 0.669353 0.298616 0.67507 1.05889 1.13219 1.06312 0.732592 1.22558 0.559866 1.29454 1.35829 1.53 2.01347 1.02972 1.01017 0.355106 0.314614 1.16945 1.01264 1.47278 0.913385 0.638856 1.04064 0.567581 0.619289 0.717669 0.386633 0.392168 0.70926 0.615922 0.560018 0.25962 0.539745 0.573929 0.524784
 0.282423 0.757572 0.317853 0.881162 1.15282 1.04358 1.02582 0.670625 1.21875 0.610779 1.48134 1.59844 1.88433 2.01348 1.13548 1.16975 0.459032 0.315548 1.2017 1.17921 1.60913 1.00615 0.726981 1.18256 0.651734 0.655639 0.770741 0.442096 0.451244 0.783494 0.671669 0.603818 0.302335 0.69359 0.71693 0.739433
 0.225661 0.705881 0.309356 0.766425 1.12283 0.971359 0.898434 0.617998 1.08112 0.544396 1.48099 1.61285 1.5703 2.01351 1.05716 1.10148 0.436988 0.28338 1.19964 1.23054 1.37352 0.857378 0.700705 1.04778 0.554484 0.614966 0.70014 0.399722 0.457109 0.846017 0.656154 0.604246 0.315628 0.672176 0.603607 0.623006
 0.236918 0.679772 0.293005 0.654471 1.02761 0.933812 0.900069 0.562082 0.955292 0.577675 1.40011 1.49711 1.27782 2.01349 1.0496 0.965982 0.405501 0.28659 1.15246 1.02306 1.3368 0.873192 0.699782 0.937074 0.553924 0.731523 0.776471 0.36984 0.427788 0.750111 0.598329 0.592637 0.295059 0.629652 0.65427 0.604916
 0.198634 0.70614 0.308823 0.568962 1.12557 0.917224 0.829764 0.558662 1.02531 0.527094 1.39146 1.39121 1.23459 2.01346 1.02395 0.974956 0.408193 0.267136 1.03425 0.981589 1.29989 0.912937 0.620828 0.921394 0.545888 0.650198 0.749957 0.388983 0.425596 0.772638 0.550383 0.578189 0.283558 0.627878 0.663074 0.723004
 0.212337 0.737651 0.339815 0.582444 0.861439 0.953508 0.921472 0.608958 0.978743 0.45872 1.2165 1.2459 1.16096 2.01344 1.03739 0.966703 0.417326 0.235242 0.981304 0.926079 1.1415 0.88567 0.639069 0.992902 0.597901 0.720543 0.728085 0.393784 0.462407 0.740442 0.556581 0.497452 0.264918 0.553065 0.658215 0.707407
 0.184771 0.860334 0.362285 0.511341 0.803671 0.965377 0.854343 0.520637 0.919913 0.419761 1.13781 1.15092 1.10783 2.0134 1.02012 1.0081 0.377386 0.246592 1.15588 1.01007 1.18677 0.959628 0.648727 1.01235 0.586246 0.762775 0.876919 0.432509 0.535161 0.774069 0.598677 0.495762 0.271997 0.560645 0.64131 0.63306
 0.237354 0.855991 0.428282 0.733883 0.948812 1.05034 0.933049 0.576334 1.04953 0.501912 1.40645 1.41237 1.50955 2.01348 0.860191 1.06844 0.445518 0.314969 1.24454 1.20195 1.43488 1.06443 0.671189 1.07878 0.568846 0.81764 0.921044 0.428567 0.546434 0.777671 0.686425 0.545086 0.293328 0.637467 0.731294 0.639217
 0.233965 0.87754 0.422671 0.707589 1.04515 1.01027 0.859619 0.580384 0.94119 0.484655 1.33505 1.44564 1.5659 2.01351 0.855879 1.08444 0.441681 0.30989 1.27448 1.18871 1.55215 1.01935 0.618123 1.06098 0.549062 0.721479 0.930905 0.422672 0.489403 0.741055 0.616871 0.546554 0.296928 0.542165 0.669728 0.577903
 0.243702 1.00336 0.466672 0.739932 1.1294 1.12567 1.06849 0.751278 1.09011 0.478564 1.35727 1.38841 1.54946 2.01349 0.879511 1.07219 0.539258 0.318932 1.33067 1.32854 1.58934 1.03469 0.628023 1.13106 0.577664 0.780731 0.853583 0.424156 0.532989 0.673498 0.584602 0.506789 0.275478 0.62388 0.706813 0.68608
 0.24025 0.869224 0.40182 0.552547 0.957617 1.44321 1.20749 0.679765 1.0755 0.480769 1.28318 1.39108 1.50342 2.01351 0.895579 1.05227 0.504501 0.310514 1.2634 1.22831 1.47745 0.956818 0.605682 1.05724 0.597078 0.839046 0.835311 0.406361 0.53373 0.64892 0.595731 0.499717 0.271148 0.612961 0.612771 0.634901
 0.211907 0.792715 0.379877 0.572366 0.850805 1.19792 1.1495 0.679587 1.08429 0.465503 1.29499 1.35162 1.56985 2.01348 0.839628 1.0369 0.519032 0.288399 1.23419 1.1664 1.35787 0.803365 0.533323 0.927677 0.57769 0.842498 0.773757 0.394402 0.514629 0.627267 0.540693 0.451833 0.235091 0.535463 0.584347 0.6446
 0.211762 0.800904 0.363375 0.509344 0.795603 1.05127 1.03057 0.588027 1.08204 0.439824 1.14966 1.49712 1.72907 2.01353 0.782089 1.03638 0.534012 0.305469 1.29646 1.17299 1.35886 0.809139 0.525329 0.957685 0.562523 0.778403 0.729947 0.346663 0.469705 0.61262 0.569161 0.482098 0.235632 0.643151 0.605753 0.568575
 0.209676 1.05276 0.381629 0.45408 0.826048 1.09028 0.942686 0.534207 0.967687 0.432777 1.12452 1.41998 1.53293 2.01347 0.754951 0.960624 0.510957 0.316119 1.17441 1.0986 1.28672 0.847217 0.533146 0.99514 0.598927 0.762719 0.778581 0.390832 0.52918 0.65643 0.644649 0.567139 0.242242 0.610947 0.6417 0.649027
 0.208784 1.01379 0.387585 0.535803 1.0196 1.03219 0.971366 0.556153 1.02937 0.544472 1.21624 1.46825 1.39911 2.01348 0.796841 0.97152 0.529069 0.310305 1.26395 1.19578 1.28386 0.896275 0.596278 1.1044 0.615495 0.736662 0.749347 0.412816 0.517496 0.704792 0.646356 0.497324 0.227753 0.595811 0.597723 0.601811
 0.212484 1.07447 0.407199 0.585973 1.01507 0.965444 0.863593 0.509993 1.00752 0.606352 1.2876 1.48543 1.3291 2.01346 0.810299 0.912839 0.478747 0.280839 1.25419 1.2381 1.33312 0.787561 0.545755 0.910919 0.531068 0.654426 0.756993 0.406009 0.497823 0.611071 0.516461 0.439646 0.227766 0.545823 0.562071 0.537848
 0.169929 0.850567 0.343716 0.608061 0.865927 0.754295 0.642424 0.414613 1.03418 0.629792 1.35089 1.31476 1.32159 2.01344 0.848446 0.8768 0.414388 0.245046 1.20038 1.17034 1.3482 0.857101 0.571845 1.00354 0.506206 0.6721 0.751112 0.402288 0.483331 0.602063 0.458859 0.460303 0.235913 0.529093 0.507954 0.607325
 0.211908 0.880717 0.423485 0.726724 0.808049 0.693888 0.767542 0.453851 0.958778 0.665159 1.49925 1.4507 1.59563 2.01344 0.85042 0.897903 0.4149 0.287539 1.28673 1.3173 1.57811 1.02301 0.639671 1.16444 0.608164 0.746798 0.840831 0.421684 0.465006 0.672339 0.554859 0.557725 0.277036 0.596031 0.566615 0.697921
 0.19909 0.9123 0.449072 0.744664 0.817224 0.752345 0.886903 0.538431 0.941782 0.673007 1.80049 1.61159 1.58612 2.01348 0.899672 1.06963 0.448426 0.27636 1.38664 1.35797 1.89983 1.10692 0.619193 1.22074 0.652371 0.727837 0.929032 0.471437 0.451976 0.674997 0.599915 0.556274 0.300344 0.614028 0.588663 0.670741
 0.230612 0.949586 0.450931 0.901397 1.05842 0.975617 1.07282 0.552046 1.02365 0.657804 1.65409 1.49983 1.60926 2.01346 0.850077 1.04186 0.478094 0.277319 1.41021 1.38898 1.86542 1.19141 0.676497 1.30983 0.664864 0.823894 0.95132 0.535702 0.537781 0.739578 0.673727 0.590262 0.323643 0.611655 0.640499 0.756036
 0.203643 0.948261 0.449861 1.01486 1.15649 0.873818 1.02674 0.493088 0.892104 0.72906 1.62459 1.3174 1.37953 2.01349 0.925865 0.977149 0.517252 0.309552 1.43833 1.41411 1.82415 1.2569 0.691304 1.35938 0.602324 0.779066 0.935054 0.530496 0.525327 0.656052 0.653802 0.583477 0.325148 0.60766 0.676653 0.687007
 0.224299 0.919144 0.388721 0.820309 1.05858 0.931864 1.05603 0.492595 0.861245 0.718562 1.35767 1.2231 1.22551 2.0135 0.839777 0.896363 0.472057 0.317341 1.39607 1.31695 1.5909 1.13929 0.651129 1.23048 0.566636 0.694348 0.815371 0.445144 0.523513 0.61936 0.610015 0.50574 0.272454 0.549784 0.664135 0.596465
 0.18328 0.788084 0.333178 0.735662 0.873004 0.830021 0.94772 0.429334 0.73451 0.646453 1.30304 1.16112 1.15378 2.01347 0.767538 0.868928 0.395609 0.271501 1.26053 1.15074 1.39119 1.04086 0.6258 1.06883 0.496782 0.631768 0.731884 0.376138 0.430563 0.552407 0.485499 0.449453 0.224563 0.436166 0.5261 0.541251
 0.173636 0.715895 0.331125 0.819039 0.8099 0.693798 0.822558 0.377398 0.714572 0.625116 1.1562 1.04659 1.10115 2.01345 0.844053 0.896994 0.380949 0.284281 1.07396 0.85382 1.36523 1.05143 0.653117 0.98637 0.462132 0.543602 0.732478 0.37754 0.406361 0.533222 0.437568 0.400145 0.221943 0.473945 0.547818 0.475393
 0.215572 0.667733 0.312438 0.93757 0.861772 0.853322 0.931393 0.402555 0.870185 0.668127 1.29436 1.12399 0.946022 2.0135 0.994951 0.913761 0.382897 0.277355 1.02225 0.958949 1.38063 1.03302 0.716737 1.08972 0.458719 0.557812 0.702369 0.355186 0.43297 0.59582 0.523203 0.401502 0.206196 0.486097 0.588852 0.578423
 0.187109 0.598795 0.336992 0.954255 0.79076 0.725303 1.05832 0.464471 0.986604 0.645952 1.33475 1.25472 1.13693 2.01353 0.901694 0.887914 0.390034 0.306248 1.07597 0.943844 1.3008 0.923519 0.632016 1.01833 0.47656 0.612981 0.72765 0.375422 0.409607 0.56188 0.491046 0.383218 0.22779 0.502693 0.587043 0.501774
 0.192192 0.648289 0.340507 0.729304 0.701695 0.824235 1.02149 0.453867 1.06088 0.629415 1.35348 1.24639 1.33751 2.0135 0.909961 0.865113 0.401305 0.276492 0.971163 0.914548 1.2489 0.886923 0.61689 1.0074 0.436373 0.576499 0.628143 0.344856 0.404949 0.557364 0.506484 0.391542 0.229106 0.434053 0.510422 0.568169
 0.167622 0.606784 0.331382 0.769331 0.762808 0.800929 1.00089 0.388659 0.934922 0.626146 1.38464 1.37312 1.35235 2.01351 0.94118 0.950647 0.469138 0.310081 1.00957 0.906895 1.32923 0.845413 0.564355 1.05679 0.446596 0.620444 0.612948 0.330634 0.391552 0.589036 0.514045 0.423599 0.246425 0.514234 0.586993 0.583124
 0.225593 0.621442 0.285915 0.604731 0.800832 0.739728 0.731952 0.413197 0.893783 0.567807 1.27001 1.36911 1.34698 2.01349 0.769096 0.801351 0.366207 0.313259 1.0968 0.98842 1.21727 0.7618 0.52144 0.927991 0.436034 0.520542 0.546975 0.315145 0.381468 0.523329 0.433371 0.358479 0.194968 0.403669 0.496015 0.447425
 0.202474 0.615222 0.338521 0.574378 0.859226 0.832146 0.759247 0.40525 0.771055 0.49827 1.24955 1.31094 1.32716 2.01353 0.822029 0.852032 0.396173 0.307677 0.983227 0.924885 1.17966 0.819668 0.519805 0.878244 0.448414 0.526875 0.572741 0.330507 0.38432 0.531297 0.437012 0.377628 0.21601 0.463676 0.497066 0.445128
 0.212326 0.62196 0.300603 0.525677 0.89995 0.841154 0.738073 0.388258 0.82313 0.49845 1.25218 1.285 1.34213 2.01355 0.860209 0.861776 0.387472 0.318334 0.98818 0.953615 1.12554 0.862945 0.62235 0.922962 0.471631 0.498599 0.584908 0.322995 0.403853 0.517484 0.421154 0.374501 0.22082 0.463357 0.476436 0.372897
 0.244106 0.578333 0.267297 0.455508 0.735817 0.85157 0.803342 0.429148 0.788886 0.488182 1.28625 1.27925 1.12028 2.01354 0.855443 0.859652 0.375794 0.3176 0.977612 0.897932 1.12598 0.817062 0.592686 0.994622 0.461692 0.510808 0.617054 0.340024 0.46554 0.592516 0.420272 0.376221 0.221535 0.437164 0.467618 0.454581
 0.24803 0.584463 0.263058 0.436344 0.74811 1.04245 0.86746 0.475026 0.836249 0.503367 1.45266 1.32134 1.11797 2.01353 0.844078 0.939032 0.431267 0.307519 1.07161 0.941644 1.33245 0.825472 0.615029 1.05118 0.520501 0.610961 0.607177 0.327783 0.471276 0.644833 0.498605 0.367921 0.212558 0.425842 0.490687 0.480107
 0.214506 0.563466 0.243101 0.46145 0.80722 1.10142 0.938087 0.488374 0.649843 0.420124 1.21116 1.23704 1.0203 2.01348 0.856921 0.87686 0.35984 0.279101 0.942294 0.8848 1.38058 0.836602 0.559691 0.923887 0.480049 0.581361 0.547478 0.334725 0.469187 0.642705 0.464544 0.336181 0.184148 0.37928 0.451716 0.419355
 0.200485 0.62976 0.272722 0.469095 0.70387 0.984253 0.88029 0.393438 0.562855 0.392755 1.17159 1.17533 1.0392 2.01349 0.873733 0.934662 0.393829 0.266886 0.971029 0.904883 1.4408 0.920214 0.590534 0.981327 0.526836 0.623451 0.625005 0.351455 0.488013 0.651721 0.491944 0.360768 0.217036 0.432074 0.420459 0.415039
 0.208517 0.667881 0.319876 0.535704 0.660692 0.956838 1.05583 0.45162 0.656264 0.437386 1.35711 1.38882 1.23093 2.01346 0.880049 1.05295 0.39072 0.274234 1.01108 0.995854 1.54678 0.920517 0.604007 0.97715 0.549593 0.603 0.584703 0.373398 0.442747 0.54097 0.450731 0.362727 0.223764 0.463297 0.420223 0.477225
 0.253654 0.806745 0.37368 0.662494 0.735997 0.884518 0.868746 0.467848 0.676584 0.423088 1.2742 1.31974 1.22539 2.01345 0.906513 0.990604 0.349236 0.256675 1.03988 0.9617 1.45008 0.940547 0.5696 0.913609 0.591048 0.643264 0.590252 0.363398 0.41125 0.523879 0.434178 0.366618 0.200859 0.449146 0.43066 0.489326
 0.220315 0.786081 0.430306 0.75118 0.779546 0.913664 0.856059 0.410192 0.766057 0.487425 1.37751 1.1822 1.0574 2.01341 0.821147 0.826052 0.346427 0.248527 0.942604 0.85204 1.31085 0.888826 0.594692 0.927643 0.532642 0.665914 0.624883 0.33044 0.415281 0.538896 0.442356 0.416149 0.220238 0.45397 0.464268 0.515718
 0.216849 0.678949 0.366841 0.675365 0.767019 0.884002 0.744163 0.418375 0.749274 0.556204 1.6755 1.29091 1.16286 2.01343 0.907071 0.862484 0.325524 0.240024 0.982065 1.04843 1.34633 0.833422 0.525384 0.81526 0.520513 0.683677 0.624488 0.364972 0.420897 0.506053 0.515397 0.411084 0.237957 0.506222 0.458427 0.532013
 0.199938 0.650021 0.389312 0.642476 0.770621 0.889896 0.733684 0.522855 0.806448 0.542198 1.74492 1.24552 1.135 2.01341 0.940595 0.981835 0.364576 0.251176 1.07067 1.1216 1.56745 0.889723 0.6185 0.921509 0.495227 0.709305 0.675361 0.394814 0.452027 0.589125 0.569974 0.445274 0.260958 0.556954 0.532187 0.537675
 0.193968 0.737347 0.419596 0.727793 0.768548 0.810623 0.941936 0.508228 0.662962 0.491181 1.86821 1.41085 1.21363 2.01347 0.882904 0.98284 0.403473 0.255987 1.07872 1.16378 1.57264 0.936915 0.626922 0.933697 0.473472 0.732421 0.668938 0.36304 0.41006 0.56031 0.460998 0.395365 0.220825 0.537133 0.496407 0.498109
 0.165912 0.661336 0.353688 0.645214 0.713976 0.802774 0.977764 0.509715 0.645603 0.445956 1.63875 1.34662 1.40419 2.01348 0.912292 0.875997 0.367476 0.291047 1.09621 1.1661 1.47755 0.98122 0.697757 0.910048 0.452546 0.719636 0.73066 0.385221 0.425615 0.619858 0.507775 0.447013 0.248822 0.523068 0.566972 0.597131
 0.175479 0.792237 0.41182 0.676703 0.892258 0.949355 1.27614 0.628332 0.90756 0.51635 1.49875 1.32464 1.55301 2.01347 0.900073 0.986286 0.412709 0.323464 1.08835 1.07504 1.65921 1.13501 0.774154 0.898261 0.507875 0.737299 0.704041 0.377567 0.447637 0.632176 0.536404 0.451075 0.252483 0.538929 0.534418 0.615113
 0.170188 0.646994 0.354302 0.708356 1.03614 1.00021 1.21572 0.550502 0.85795 0.529792 1.46462 1.15069 1.31879 2.01351 0.918659 0.997185 0.360878 0.29076 0.967227 0.948023 1.36536 0.961263 0.669781 0.819238 0.479623 0.645812 0.67723 0.386349 0.401224 0.565105 0.498552 0.39781 0.221809 0.4465 0.500808 0.594069
 0.194933 0.787906 0.343062 0.705977 1.12101 1.10541 1.68547 0.685402 0.874265 0.527787 1.45699 1.14792 1.25727 2.01346 0.935011 1.17121 0.429013 0.344285 1.15448 1.07422 1.42466 0.900773 0.672374 0.999433 0.556257 0.706657 0.844955 0.456331 0.501316 0.648262 0.643498 0.52105 0.237162 0.559289 0.593278 0.637995
 0.156863 0.699836 0.305246 0.6032 1.11875 1.17178 1.62629 0.753015 1.00593 0.54634 1.37193 1.13959 1.29988 2.01344 0.886681 1.15321 0.427543 0.327932 1.11395 1.05871 1.48025 0.922993 0.642876 0.948197 0.623705 0.699629 0.819853 0.476561 0.477748 0.653243 0.613379 0.50434 0.240942 0.544426 0.594295 0.636876
 0.176992 0.705829 0.29838 0.541071 1.18259 1.43293 1.37089 0.648144 1.06474 0.535297 1.25172 1.12867 1.25059 2.01339 0.845355 1.07336 0.425214 0.267556 1.05242 1.0423 1.28923 0.835156 0.566192 0.850509 0.579391 0.586469 0.884168 0.465149 0.446609 0.615254 0.610875 0.480772 0.266603 0.560864 0.547764 0.56572
 0.160783 0.586394 0.316895 0.569444 1.11939 1.50005 1.2321 0.633362 1.02243 0.539682 1.19717 0.973581 1.14182 2.01336 0.81375 0.913374 0.336919 0.257537 0.943698 1.00176 1.28406 0.816455 0.55633 0.845238 0.502075 0.617725 0.825572 0.446265 0.417774 0.584038 0.560871 0.490868 0.236242 0.479255 0.525262 0.555072
 0.16394 0.638298 0.320789 0.643882 1.07698 1.22446 1.08412 0.642321 1.14789 0.607425 1.31655 1.22527 1.31752 2.01336 0.871032 0.982803 0.413984 0.278936 0.980555 0.944773 1.19295 0.816401 0.597996 1.01697 0.539023 0.63775 0.895234 0.505872 0.460926 0.643552 0.694491 0.56291 0.24689 0.512125 0.66534 0.656737
 0.169129 0.669825 0.303 0.574934 0.92394 1.11645 0.893721 0.546621 1.05491 0.566939 1.25709 1.249 1.39516 2.01337 0.815287 0.865748 0.425936 0.240558 0.851491 0.929173 1.08987 0.779548 0.593107 0.944256 0.490593 0.591884 0.756005 0.46221 0.44399 0.604955 0.590884 0.478877 0.214009 0.506413 0.642494 0.616804
 0.168883 0.75036 0.38101 0.729234 1.02126 1.13661 0.949661 0.533588 1.02721 0.586814 1.24149 1.34867 1.50746 2.01339 0.857823 0.907098 0.399832 0.239734 0.918912 0.919365 1.19052 0.832651 0.627603 0.993239 0.485623 0.608574 0.821952 0.47344 0.479516 0.628334 0.534199 0.496436 0.232878 0.491836 0.647364 0.670317
 0.139628 0.677966 0.273275 0.556176 0.957169 0.872936 0.801342 0.509677 0.896075 0.525591 1.1194 1.10818 1.45546 2.01332 0.798656 0.934806 0.393461 0.2265 0.872023 0.891412 1.05302 0.765353 0.509039 0.902886 0.53123 0.604422 0.800063 0.417599 0.426861 0.595873 0.477155 0.431573 0.207288 0.418262 0.609348 0.722334
 0.15557 0.640226 0.258014 0.544652 0.895189 0.835248 0.83718 0.540738 0.954492 0.515973 1.15408 1.21233 1.62338 2.01336 0.726646 0.970294 0.388066 0.226415 0.829033 0.862079 1.0209 0.773525 0.547694 0.929429 0.569853 0.628846 0.782015 0.424003 0.434721 0.59079 0.51629 0.458284 0.227224 0.480112 0.551404 0.650201
 0.170908 0.727745 0.307951 0.618568 1.0029 0.982116 0.888581 0.649198 1.01685 0.551356 1.19965 1.14963 1.70984 2.01344 0.848356 1.08738 0.428586 0.254789 0.957515 0.935532 1.1454 0.811459 0.550766 0.896731 0.614254 0.67234 0.800356 0.463195 0.463447 0.630185 0.5909 0.506672 0.246049 0.515793 0.585109 0.602376
 0.170812 0.746661 0.335871 0.566758 1.05053 0.97417 0.716315 0.528755 1.07528 0.581848 1.21809 1.09938 1.51944 2.01343 0.81488 0.885144 0.377549 0.204418 0.951292 0.962164 1.06214 0.815338 0.516993 0.922015 0.557697 0.572352 0.684385 0.422354 0.487418 0.621277 0.50862 0.454822 0.235507 0.547102 0.583637 0.617935
 0.21003 0.710848 0.382479 0.692336 1.32161 1.21003 0.740472 0.46975 0.939381 0.581798 1.35608 1.27699 1.4216 2.01345 0.825258 0.9719 0.448373 0.267998 1.08547 1.00248 1.24893 0.853152 0.621749 0.974288 0.653514 0.637653 0.720669 0.432746 0.534392 0.683521 0.623206 0.587939 0.261647 0.664448 0.633506 0.707822
 0.235088 0.676272 0.409722 0.888596 1.37074 1.215 0.799898 0.458708 0.888247 0.49848 1.25575 1.23485 1.60115 2.01343 0.877037 0.883182 0.389758 0.258266 1.0982 1.10877 1.24065 0.841896 0.725978 0.891545 0.563743 0.703164 0.69118 0.42249 0.477412 0.593773 0.57513 0.486807 0.247559 0.596915 0.634717 0.677037
 0.199727 0.667755 0.365378 0.77412 1.33045 1.07951 0.806937 0.57967 0.896577 0.498127 1.19706 1.21542 1.42329 2.01343 0.834421 0.952806 0.388999 0.253682 1.16286 1.11661 1.34077 0.874689 0.766587 0.997049 0.54939 0.622695 0.659588 0.415994 0.460902 0.583865 0.539796 0.46644 0.234995 0.60021 0.625261 0.71376
 0.193179 0.758174 0.377011 0.758732 1.15324 1.01579 0.939996 0.590571 0.764989 0.473777 1.29049 1.28501 1.34413 2.01342 0.764568 0.921151 0.390241 0.280732 1.15411 1.03293 1.29074 0.92991 0.777165 1.05298 0.571181 0.64105 0.718472 0.415254 0.458942 0.593156 0.553005 0.526058 0.242139 0.562888 0.737625 0.656315
 0.205633 0.74045 0.370473 0.623826 1.18566 1.07733 0.977967 0.631056 0.998432 0.523496 1.37293 1.37172 1.27165 2.01338 0.777557 0.898739 0.37174 0.273047 1.12192 1.06744 1.35085 1.04147 0.822874 1.12076 0.627427 0.685272 0.794193 0.433249 0.468002 0.630038 0.57661 0.594179 0.274452 0.609767 0.775766 0.69909
 0.180403 0.80535 0.368041 0.60317 1.1684 0.950471 0.725025 0.520136 0.89014 0.447777 1.29722 1.31852 1.2692 2.01338 0.803558 0.875507 0.380226 0.232128 1.03765 1.04965 1.30378 0.999276 0.719823 1.00395 0.578635 0.664464 0.765194 0.419239 0.462009 0.690849 0.628326 0.548643 0.224804 0.59869 0.693487 0.654308
 0.152667 0.68252 0.345556 0.620198 1.01632 0.923701 0.845322 0.483512 0.815842 0.401323 1.06927 1.13873 1.12027 2.01344 0.698488 0.719997 0.309292 0.214937 0.92829 0.948048 1.20737 0.795361 0.611775 0.981463 0.540772 0.591352 0.675908 0.362129 0.41071 0.524548 0.565994 0.440797 0.19837 0.521622 0.511211 0.48392
 0.169195 0.68612 0.28395 0.506834 0.846773 0.836103 0.731207 0.344821 0.781498 0.427491 1.0465 1.09368 1.0033 2.01348 0.710082 0.763708 0.318691 0.231775 0.929407 0.923351 1.15012 0.767095 0.540133 0.985873 0.548663 0.5455 0.641655 0.3723 0.37798 0.528567 0.501005 0.387266 0.200285 0.559832 0.514389 0.480063
 0.171826 0.606043 0.254935 0.503251 0.944893 0.949342 0.855238 0.362967 0.738276 0.409024 1.06752 1.12126 1.09291 2.0135 0.737859 0.812522 0.345259 0.236832 0.995885 1.04306 1.26782 0.824611 0.552449 0.957166 0.525855 0.558212 0.581267 0.347917 0.369305 0.569726 0.477442 0.374216 0.201036 0.565995 0.534795 0.471465
 0.147794 0.533151 0.259923 0.552827 1.06535 1.01225 0.784219 0.335727 0.838745 0.470275 1.2217 1.14018 1.16643 2.01346 0.805694 0.850301 0.347695 0.265533 0.911142 0.972155 1.15526 0.86638 0.603894 0.944727 0.551735 0.590292 0.70426 0.425464 0.460045 0.641874 0.510293 0.430451 0.216841 0.601923 0.597615 0.478319
 0.163671 0.583383 0.312199 0.611395 0.904781 0.891491 0.785183 0.349534 0.696184 0.408608 1.12053 1.05616 1.1863 2.01343 0.87322 0.852997 0.342113 0.26407 0.906127 0.858043 1.14069 0.86889 0.587162 0.918631 0.501945 0.509889 0.654868 0.442368 0.409279 0.591356 0.519916 0.376491 0.209761 0.544187 0.570294 0.504695
 0.168964 0.640237 0.293327 0.637188 0.855417 0.83178 0.81495 0.385799 0.792175 0.417992 1.0195 0.990912 1.15602 2.01343 0.916484 0.890288 0.378045 0.252606 0.905026 0.987195 1.23734 0.764065 0.55067 0.885472 0.493818 0.516836 0.652168 0.420597 0.407215 0.616959 0.503623 0.37991 0.199304 0.560063 0.587486 0.53648
 0.214183 0.847808 0.344934 0.555335 0.878064 0.827178 0.760356 0.561668 1.02212 0.451271 1.07088 1.09884 1.26552 2.01337 1.01021 1.04551 0.368092 0.290998 0.930014 0.976314 1.30833 0.727201 0.522827 0.885767 0.487263 0.56618 0.661518 0.41471 0.375799 0.604034 0.507958 0.398595 0.196827 0.518376 0.575926 0.496084
 0.164408 0.681228 0.276347 0.515881 0.978709 0.707518 0.746427 0.538208 1.07507 0.470888 1.10583 0.961343 1.30121 2.01332 0.987374 1.17559 0.429196 0.300266 0.967612 0.95866 1.27019 0.66353 0.487789 0.749301 0.430126 0.557238 0.654809 0.418957 0.380373 0.607294 0.540542 0.379977 0.185979 0.50159 0.545 0.527624
 0.138231 0.637528 0.269728 0.452201 0.909104 0.710471 0.761109 0.447309 0.959093 0.464773 1.07631 1.0165 1.4325 2.01332 0.874172 1.0075 0.38408 0.281858 0.912732 0.981505 1.21968 0.733309 0.557938 0.764562 0.475082 0.529749 0.645168 0.402935 0.404043 0.603485 0.578644 0.36348 0.188256 0.453639 0.540819 0.558045
 0.133568 0.552564 0.33631 0.476302 0.775783 0.731268 0.720792 0.481968 0.934964 0.461082 1.2258 1.02356 1.43423 2.01334 0.796706 1.10637 0.48027 0.304159 1.03637 1.02579 1.07725 0.735539 0.575824 1.00295 0.563221 0.625543 0.734269 0.409133 0.374965 0.622713 0.573952 0.454031 0.221675 0.46583 0.620213 0.515958
 0.12534 0.615496 0.354866 0.59534 0.821286 0.719225 0.788377 0.474089 0.948325 0.468375 1.24763 1.10038 1.27851 2.01334 0.737167 1.13754 0.53271 0.328109 1.1082 0.977214 1.16131 0.853504 0.615771 1.03251 0.595237 0.638708 0.789368 0.447487 0.372414 0.664737 0.583517 0.504917 0.219171 0.472551 0.634794 0.575264
 0.119125 0.609375 0.328984 0.469047 0.776865 0.702635 0.698324 0.393963 0.854476 0.416624 1.22478 1.08285 1.27775 2.01333 0.76676 1.06765 0.423465 0.289564 1.06119 0.854004 1.02622 0.72736 0.500969 0.908185 0.503431 0.54485 0.737734 0.4164 0.367843 0.55097 0.493599 0.467579 0.209321 0.458433 0.593714 0.568813
 0.107465 0.475736 0.256522 0.377227 0.680021 0.648235 0.631548 0.312828 0.790639 0.428082 1.18171 0.950349 1.07581 2.01327 0.687417 0.89136 0.379443 0.264415 0.858112 0.753507 0.948518 0.674848 0.473851 0.799105 0.469761 0.519326 0.702423 0.392866 0.353856 0.526834 0.479805 0.426178 0.216861 0.418816 0.51416 0.542569
 0.107491 0.401537 0.239944 0.395227 0.646066 0.752311 0.640872 0.326621 0.693089 0.360643 1.06633 0.955024 1.08474 2.01327 0.697825 0.897386 0.372627 0.230756 0.841818 0.800933 0.920727 0.671116 0.462942 0.844111 0.484092 0.539276 0.703083 0.399099 0.387626 0.530818 0.494495 0.403828 0.204221 0.39918 0.559941 0.622747
 0.133854 0.416295 0.253087 0.546246 0.692261 0.716684 0.641593 0.389077 0.660678 0.38624 1.26831 0.972536 1.0468 2.01328 0.682669 0.883337 0.399296 0.268462 0.892432 0.757707 1.05365 0.788995 0.496873 0.8522 0.493885 0.587463 0.797078 0.414048 0.419909 0.60938 0.530635 0.487713 0.23786 0.444764 0.59116 0.643448
 0.144475 0.457139 0.262885 0.501129 0.560036 0.711683 0.749656 0.40165 0.751687 0.456423 1.32252 1.00667 1.02625 2.01325 0.65259 0.843661 0.381771 0.250712 0.890631 0.750748 1.04524 0.765423 0.479587 0.817269 0.502658 0.575422 0.748122 0.401006 0.393821 0.564438 0.524503 0.421275 0.222379 0.429163 0.564981 0.625589
 0.116974 0.458136 0.334353 0.611742 0.518831 0.596558 0.831127 0.458109 0.865785 0.509672 1.42519 1.07737 1.12825 2.01318 0.658578 0.790217 0.34584 0.2405 0.868563 0.720925 1.09523 0.773813 0.489474 0.841018 0.520967 0.578846 0.703628 0.440605 0.419626 0.666112 0.57434 0.496383 0.248243 0.54402 0.593951 0.617735
 0.114703 0.430075 0.2576 0.413835 0.468408 0.671028 0.827524 0.488886 0.748529 0.416414 1.26204 1.18763 1.11172 2.01315 0.611331 0.661026 0.332308 0.242239 0.851049 0.656367 0.892722 0.657669 0.454803 0.815321 0.501394 0.525651 0.592794 0.388382 0.366067 0.556345 0.541712 0.46981 0.213991 0.442915 0.495803 0.49116
 0.125303 0.480582 0.276444 0.44188 0.503705 0.69519 0.998563 0.467519 0.834288 0.476662 1.20603 1.17381 1.32356 2.01318 0.621729 0.730415 0.373795 0.269287 0.956428 0.709537 0.952342 0.742554 0.531139 0.938242 0.468683 0.554733 0.724581 0.429207 0.421177 0.581843 0.60365 0.498145 0.2384 0.512956 0.574734 0.509156
 0.137383 0.610414 0.295594 0.532943 0.649773 0.706762 0.958029 0.526703 0.910514 0.525857 1.17215 1.17461 1.23086 2.01317 0.6525 0.719522 0.36851 0.284008 1.04224 0.72606 1.00585 0.910782 0.583927 0.9398 0.492747 0.565157 0.759569 0.464552 0.417727 0.619506 0.648284 0.499307 0.257594 0.537545 0.560099 0.474421
 0.156993 0.614647 0.292882 0.48874 0.701688 0.726163 0.875799 0.543949 0.838004 0.50354 1.14593 1.18584 1.13971 2.01308 0.79299 0.844636 0.360846 0.278672 1.04093 0.781155 1.05738 0.885942 0.590269 0.942483 0.488845 0.534112 0.770055 0.483103 0.417516 0.691818 0.66853 0.528227 0.246496 0.486112 0.563448 0.519148
 0.158981 0.704107 0.386871 0.613739 0.82884 0.829739 0.839606 0.613118 1.04126 0.522881 1.29589 1.22233 1.11202 2.01307 0.763445 0.92283 0.388256 0.291931 0.994698 0.716594 1.13266 1.06207 0.664781 0.97808 0.547997 0.560251 0.79609 0.481899 0.449903 0.685293 0.681715 0.480314 0.239636 0.506048 0.634189 0.644136
 0.183622 0.799101 0.397995 0.629432 0.813955 0.770086 0.783392 0.590777 1.08495 0.557073 1.26361 1.18739 1.19539 2.01308 0.73308 0.937335 0.425289 0.279767 1.05522 0.857699 1.20636 0.992255 0.632997 1.03077 0.548238 0.557569 0.830181 0.465945 0.404991 0.622631 0.641903 0.472292 0.228764 0.493907 0.654669 0.589829
 0.148703 0.797257 0.411613 0.598361 0.83327 0.860235 1.02973 0.52866 0.890731 0.539948 1.28138 1.31649 1.38736 2.01309 0.689728 0.906547 0.447942 0.292191 1.06925 0.839145 1.32315 1.10053 0.672617 1.02724 0.525738 0.547326 0.740637 0.421851 0.377254 0.667261 0.692931 0.488196 0.246816 0.57283 0.782669 0.646461
 0.147377 0.717406 0.405758 0.571673 0.813661 0.965424 0.985201 0.578148 1.00662 0.599888 1.33508 1.38025 1.55827 2.01308 0.774747 0.946969 0.453639 0.314521 1.18006 0.943374 1.24751 0.987463 0.670397 1.06205 0.49432 0.603137 0.852232 0.466031 0.431774 0.64231 0.633406 0.55548 0.308561 0.702147 0.810741 0.72937
 0.16039 0.813068 0.420822 0.618793 0.954358 0.933691 1.01565 0.575583 1.18315 0.688406 1.25416 1.36071 1.50394 2.01305 0.845408 1.05158 0.461472 0.307665 1.30715 1.15308 1.40557 0.970656 0.712727 1.11228 0.521988 0.74204 0.907387 0.466073 0.501031 0.756124 0.662037 0.551703 0.347873 0.828471 0.887187 0.806699
 0.172377 0.789505 0.360862 0.586142 1.03516 0.909216 1.04302 0.655976 1.30126 0.652465 1.16072 1.30319 1.60107 2.01297 0.780179 1.00112 0.454134 0.314855 1.20077 1.13035 1.48336 1.07228 0.796617 1.15543 0.515072 0.776533 0.945603 0.447651 0.490835 0.712093 0.653094 0.508294 0.343928 0.786992 0.809851 0.747052
 0.164224 0.697791 0.340223 0.620729 0.9621 0.94934 0.996749 0.631808 1.30625 0.647027 1.12273 1.12074 1.59071 2.01298 0.815556 0.940055 0.398324 0.296923 1.15329 1.08708 1.33143 0.912739 0.712017 0.970936 0.46093 0.678409 0.832778 0.413528 0.447795 0.694046 0.635192 0.466153 0.298246 0.661845 0.714894 0.668158
 0.171163 0.743365 0.329753 0.547608 0.840683 0.845626 0.989473 0.609577 1.21833 0.667949 1.22804 1.1471 1.5866 2.01296 0.816996 0.919806 0.415067 0.306587 1.11522 1.03276 1.35696 0.860776 0.657951 0.984766 0.484129 0.646205 0.802111 0.436369 0.467241 0.59927 0.583583 0.450108 0.259841 0.605873 0.602196 0.603336
 0.143633 0.645385 0.352598 0.476091 0.784315 0.889185 0.950755 0.504441 1.14026 0.632353 1.33113 1.13086 1.24585 2.01301 0.832743 0.913766 0.434156 0.306249 1.05426 0.936033 1.44917 0.941623 0.622305 0.814845 0.479445 0.605109 0.745813 0.413851 0.49004 0.640003 0.579981 0.401377 0.232861 0.619503 0.680165 0.609182
 0.156682 0.594122 0.322352 0.457552 0.639269 0.867534 0.853047 0.495295 1.01819 0.604143 1.37194 1.13583 1.33225 2.01305 0.920894 0.853818 0.422648 0.279448 0.978761 0.916066 1.41378 0.965467 0.665424 0.792516 0.457639 0.600455 0.651887 0.396144 0.485536 0.659012 0.549493 0.439521 0.258288 0.599828 0.607494 0.617174
 0.170838 0.639427 0.316003 0.425807 0.606391 1.00777 0.896694 0.499634 1.02216 0.595645 1.46919 1.13611 1.41277 2.01299 0.876892 0.884158 0.432866 0.300962 1.0453 0.931581 1.36399 0.911265 0.725719 0.840593 0.497813 0.655852 0.669107 0.383823 0.472877 0.723312 0.587214 0.47305 0.247416 0.553031 0.625799 0.630662
 0.151122 0.682358 0.306669 0.409384 0.687524 0.979373 0.801156 0.608127 1.08023 0.564111 1.37105 1.19246 1.35848 2.01297 0.845164 0.919306 0.416572 0.306871 1.04486 0.935083 1.31011 0.867841 0.650063 0.973382 0.573292 0.667765 0.714396 0.384594 0.442728 0.604159 0.552264 0.447511 0.240298 0.549893 0.587722 0.524838
 0.175209 0.730843 0.316606 0.486513 0.681959 1.01711 0.985128 0.581181 1.29456 0.588892 1.41679 1.19015 1.39181 2.01299 0.817928 0.923027 0.3986 0.325194 1.06606 0.947178 1.27223 0.8638 0.651037 0.97399 0.510938 0.686521 0.753567 0.416183 0.470199 0.646258 0.535019 0.400758 0.21916 0.486248 0.526631 0.530617
 0.206833 0.794339 0.333643 0.59049 0.77571 1.08893 0.891287 0.620043 1.31634 0.55978 1.48923 1.24053 1.43387 2.01299 0.807217 0.935242 0.38469 0.299088 1.03136 0.981071 1.33667 0.956762 0.620717 0.91989 0.54009 0.736979 0.723553 0.409038 0.45942 0.690877 0.527594 0.391555 0.216173 0.513316 0.537712 0.483698
 0.225431 0.955517 0.370919 0.651774 0.837872 1.07733 0.80795 0.596721 1.26717 0.601346 1.50776 1.31134 1.44849 2.01296 0.833673 0.951284 0.37984 0.319722 1.13537 1.04067 1.36132 0.950774 0.549064 0.888945 0.519658 0.764266 0.823645 0.440921 0.461808 0.675248 0.518781 0.395014 0.206481 0.474595 0.532375 0.508105
 0.241806 0.803284 0.337491 0.635425 0.861084 1.20161 0.8232 0.568607 1.14598 0.588446 1.49469 1.30065 1.44774 2.01296 0.812031 0.953704 0.395058 0.311393 1.08842 1.03906 1.30838 0.87869 0.540096 0.884691 0.53779 0.826888 0.868367 0.434773 0.433545 0.697981 0.571928 0.417328 0.206735 0.496988 0.572201 0.526799
 0.241353 0.773522 0.392913 0.628961 0.855178 1.14239 0.828865 0.478751 1.21138 0.602222 1.31836 1.15418 1.35177 2.01295 0.745501 0.835475 0.397837 0.305259 1.16737 1.0325 1.40949 0.949958 0.550725 0.918113 0.602048 0.819971 0.859395 0.41673 0.418942 0.643021 0.518579 0.42365 0.218429 0.498796 0.507531 0.466735
 0.316078 0.890508 0.428543 0.77954 0.767531 0.842791 1.0874 0.542305 1.25728 0.708282 1.54374 1.3253 1.47722 2.01292 0.812838 0.916419 0.425024 0.319169 1.35354 1.13402 1.60942 1.03234 0.638368 1.1536 0.673808 0.965707 0.989178 0.442934 0.44209 0.748681 0.674578 0.51257 0.273629 0.703866 0.688268 0.591901
 0.315049 0.89441 0.38894 0.826358 0.756713 0.85557 1.02328 0.51144 1.30316 0.701278 1.55709 1.3607 1.49574 2.01293 0.88424 0.957025 0.422954 0.292114 1.29933 1.14085 1.61698 1.03615 0.60809 1.01286 0.587243 0.889836 1.0047 0.411815 0.472852 0.791919 0.579714 0.46222 0.26854 0.702493 0.620704 0.540279
 0.256974 0.744584 0.357583 0.726047 0.769211 1.0136 0.917864 0.569646 1.13639 0.620798 1.60772 1.29561 1.50426 2.01292 0.993423 1.07932 0.476249 0.286925 1.20183 1.32434 1.4154 0.95709 0.565992 1.01309 0.594215 0.80808 1.02164 0.40484 0.417327 0.749474 0.638041 0.451055 0.269338 0.694711 0.525838 0.493361
 0.213189 0.748038 0.3144 0.756783 0.753084 1.00732 0.950417 0.498582 1.08441 0.607881 1.43465 1.30537 1.41031 2.0129 0.949187 1.0482 0.50331 0.259663 1.1966 1.16093 1.3609 0.886302 0.546721 0.983382 0.579757 0.697646 1.01551 0.44983 0.401999 0.682694 0.587438 0.469359 0.273661 0.66625 0.529982 0.520733
 0.224323 0.698326 0.325234 0.793546 0.643775 0.784085 0.856909 0.501543 0.973172 0.520377 1.29554 1.2046 1.3403 2.01286 0.949773 1.08726 0.495095 0.247764 1.2556 1.23769 1.24677 0.815483 0.52918 0.972119 0.509338 0.580821 0.896743 0.423874 0.420965 0.686546 0.55203 0.480887 0.269206 0.659721 0.5407 0.466909
 0.265233 0.735531 0.33319 0.695848 0.756364 0.873964 1.02701 0.539883 0.973447 0.569942 1.28637 1.30551 1.38904 2.01283 0.932691 1.05626 0.521817 0.289215 1.21314 1.14769 1.35049 0.892287 0.589953 1.10845 0.579185 0.661262 0.923482 0.436835 0.481732 0.699334 0.615124 0.577371 0.314493 0.693821 0.594089 0.52678
 0.238493 0.727366 0.347598 0.682925 0.642387 0.83643 0.925914 0.398376 0.810499 0.549093 1.36115 1.18955 1.38427 2.01284 0.952117 0.986069 0.460402 0.266297 1.1198 1.07702 1.31862 0.910428 0.631709 1.00178 0.573989 0.71613 0.947521 0.458509 0.4829 0.701488 0.595259 0.575889 0.335186 0.733536 0.676771 0.62131
 0.238264 0.923644 0.376155 0.673171 0.78083 0.911 0.977365 0.385992 0.773512 0.53428 1.43761 1.16125 1.38669 2.01289 0.938013 1.06085 0.431538 0.281926 1.15061 1.04612 1.35619 0.962717 0.667932 1.05448 0.566643 0.711168 0.822934 0.409929 0.438578 0.752686 0.545377 0.544534 0.356307 0.762217 0.68754 0.686652
 0.262197 0.93227 0.424127 0.716607 0.88648 0.992844 0.975996 0.462177 1.00051 0.593813 1.65747 1.33716 1.68682 2.0129 0.951281 1.10674 0.435768 0.300349 1.21792 1.21346 1.34693 0.938377 0.720296 1.08403 0.573059 0.733573 0.837718 0.392306 0.447475 0.831637 0.553821 0.561893 0.339132 0.650497 0.589473 0.633988
 0.275523 0.92005 0.358485 0.588373 0.727185 1.04735 0.828727 0.48516 0.93415 0.516423 1.43376 1.25789 1.6365 2.01285 0.950163 1.0902 0.431411 0.264153 0.981335 1.12514 1.37841 0.921411 0.675621 1.02324 0.622488 0.699068 0.756875 0.370649 0.454439 0.796984 0.571764 0.530085 0.293777 0.589273 0.543581 0.536551
 0.269458 0.892899 0.386026 0.659057 0.851005 1.03795 0.718381 0.553185 0.769357 0.451149 1.32575 1.37134 1.4984 2.01284 0.895785 1.09574 0.41345 0.245391 1.00897 1.06725 1.25818 0.899008 0.684759 0.943743 0.672419 0.70706 0.761833 0.40623 0.440949 0.705439 0.626358 0.555977 0.303621 0.633479 0.535185 0.438629
 0.269631 0.781891 0.354715 0.754132 0.687033 0.879677 0.934362 0.57546 0.874995 0.495998 1.48747 1.56984 1.55429 2.01291 0.911933 0.955475 0.385607 0.305665 1.05382 1.04595 1.10059 0.909376 0.680139 0.948583 0.684608 0.772069 0.727634 0.412931 0.451577 0.775386 0.661042 0.573591 0.298178 0.638792 0.526712 0.431471
 0.212088 0.613387 0.353284 0.542443 0.560164 0.777457 0.678384 0.533552 0.8468 0.42252 1.19879 1.37178 1.3387 2.01287 0.922194 0.869624 0.34087 0.275302 1.03055 0.942086 1.13832 0.777569 0.556981 0.875251 0.653366 0.726786 0.677357 0.394771 0.435848 0.639654 0.662353 0.515718 0.299113 0.592565 0.551711 0.470307
 0.180594 0.638949 0.331534 0.547745 0.713406 0.87102 0.751019 0.614518 0.786626 0.397115 1.20813 1.3614 1.53248 2.01286 0.852901 0.837672 0.394155 0.309547 1.04519 0.975832 1.08376 0.789921 0.515839 0.83945 0.648141 0.686786 0.679389 0.397926 0.454539 0.591007 0.62679 0.530158 0.317446 0.613013 0.554371 0.460652
 0.161952 0.646304 0.300162 0.522818 0.67527 0.828137 0.758414 0.68321 0.733237 0.382022 1.15343 1.29282 1.50439 2.01285 0.90259 0.928933 0.413475 0.272292 0.963108 0.862937 1.14502 0.816895 0.526208 0.888097 0.534741 0.632776 0.637738 0.409182 0.496466 0.621522 0.610806 0.551243 0.291742 0.595182 0.508986 0.463559
 0.175774 0.683279 0.333183 0.490027 0.664464 0.880613 0.776012 0.648283 0.867312 0.420491 1.1592 1.28938 1.44609 2.01286 0.890618 0.967647 0.407005 0.288449 1.00888 0.856183 1.22686 0.800731 0.535633 0.914807 0.541874 0.676345 0.684592 0.408057 0.488919 0.715243 0.674856 0.548424 0.299949 0.645524 0.518573 0.560322
 0.190972 0.790143 0.354715 0.561063 0.606251 0.722747 0.887574 0.74192 0.836809 0.417103 1.19162 1.36907 1.45307 2.01287 0.910841 1.04739 0.392637 0.259599 1.02276 0.981354 1.31257 0.92242 0.590488 0.929533 0.560371 0.730802 0.765169 0.451598 0.532236 0.787392 0.755939 0.620171 0.331537 0.657243 0.519799 0.503198
 0.199579 0.720942 0.327792 0.455736 0.519149 0.77137 0.858277 0.627391 0.708959 0.412527 1.27989 1.22579 1.12014 2.01287 0.85013 0.989544 0.381729 0.275102 1.07426 0.997967 1.27569 0.862353 0.509441 0.810833 0.50651 0.686863 0.666452 0.384968 0.479904 0.676047 0.70646 0.54009 0.288003 0.569754 0.432105 0.451012
 0.170819 0.702217 0.311174 0.417124 0.617742 0.772671 0.787297 0.679479 0.689992 0.419751 1.41723 1.26402 1.12477 2.01294 0.865661 0.926234 0.38239 0.286313 1.12597 1.12632 1.33536 0.905488 0.497714 0.862595 0.502261 0.613206 0.630226 0.386586 0.458097 0.723131 0.713054 0.501397 0.249625 0.517108 0.509302 0.537224
 0.186448 0.640992 0.32883 0.473695 0.69778 0.784945 0.710488 0.593041 0.630918 0.395323 1.36838 1.17757 1.02692 2.01295 0.933938 0.956235 0.379091 0.281135 1.08128 1.08252 1.25059 0.875466 0.546066 0.982068 0.546009 0.592434 0.604122 0.354633 0.427286 0.717873 0.63302 0.498541 0.245989 0.502475 0.547098 0.62461
 0.168603 0.671017 0.326889 0.526405 0.774686 0.960772 0.822715 0.531212 0.685117 0.421694 1.22845 1.20599 0.988336 2.01293 1.01059 1.0243 0.363235 0.292577 1.13873 1.01507 1.24988 0.951987 0.566087 1.01109 0.538128 0.64891 0.699254 0.370962 0.466681 0.729921 0.618018 0.519874 0.244981 0.552546 0.591807 0.614029
 0.188348 0.627457 0.314772 0.5512 0.895846 1.08339 0.812849 0.427958 0.625572 0.46782 1.23489 1.28537 1.09853 2.01295 1.02805 0.993199 0.357462 0.285544 1.08987 0.992801 1.16876 0.916119 0.5662 1.02262 0.578385 0.67205 0.79899 0.386006 0.516193 0.76477 0.592462 0.545664 0.254542 0.581606 0.610149 0.572088
 0.182769 0.651958 0.357036 0.549375 0.920138 1.08612 0.720513 0.428914 0.639449 0.435603 1.17178 1.31531 1.26342 2.01297 0.923684 0.9518 0.348767 0.260183 0.96017 0.938848 1.24865 0.934407 0.539567 0.909116 0.52113 0.615873 0.763119 0.391976 0.483627 0.67201 0.543081 0.487211 0.228361 0.547465 0.553711 0.504312
 0.172924 0.667357 0.410525 0.488731 0.757977 0.836659 0.597589 0.428282 0.662843 0.446987 1.12736 1.24476 1.19968 2.01304 0.880607 0.879646 0.311587 0.234052 0.912831 0.867663 1.2294 0.888284 0.505177 0.886645 0.535938 0.554771 0.769136 0.388647 0.460035 0.626182 0.499085 0.46009 0.224129 0.520539 0.551718 0.493947
 0.16845 0.64813 0.406726 0.530661 0.749706 0.874732 0.6491 0.44469 0.856101 0.488018 1.05828 1.09432 1.13046 2.01302 0.832514 0.924893 0.368368 0.243773 0.915561 0.85156 1.14079 0.838746 0.48909 0.859617 0.537102 0.612452 0.893829 0.429275 0.527117 0.662313 0.551924 0.501575 0.254169 0.566534 0.598547 0.478441
 0.147125 0.647736 0.371979 0.447522 0.783241 0.884132 0.60813 0.514852 0.922732 0.474634 1.05212 1.29316 1.16952 2.01297 0.819725 0.856476 0.370937 0.242614 0.939389 0.822451 1.35383 0.785328 0.493071 0.83186 0.528865 0.653973 0.809443 0.407234 0.445601 0.567304 0.45049 0.438824 0.253278 0.495647 0.524965 0.488547
 0.211407 0.72921 0.359088 0.417023 0.784888 0.995962 0.684403 0.559468 0.897169 0.462807 1.12406 1.2724 1.38721 2.01304 0.843979 0.870741 0.383109 0.276385 1.04546 0.928159 1.53716 0.803095 0.526198 0.820328 0.503085 0.606483 0.718341 0.36743 0.447706 0.580545 0.406173 0.42394 0.249771 0.470039 0.436229 0.471828
 0.194907 0.779931 0.391563 0.520365 0.852564 0.98507 0.694405 0.560452 1.1032 0.545123 1.26599 1.31233 1.29392 2.01298 0.855078 0.825434 0.359118 0.32381 1.04397 0.912472 1.43389 0.799592 0.51658 0.838658 0.530172 0.65924 0.781962 0.414645 0.431529 0.669744 0.475925 0.400489 0.232956 0.498315 0.46916 0.439196
 0.22748 0.894044 0.361748 0.598594 0.899172 0.984038 0.884519 0.511394 1.0784 0.56829 1.24826 1.33494 1.55905 2.01296 0.909292 0.952968 0.377465 0.308798 1.13386 1.05865 1.47106 0.81626 0.49194 0.929499 0.582717 0.730622 0.730396 0.391137 0.438408 0.649496 0.563464 0.443818 0.250663 0.546564 0.493974 0.443054
 0.161165 0.761688 0.366908 0.54023 0.82675 0.833164 0.867788 0.560012 1.09141 0.545154 1.11604 1.21221 1.44138 2.01298 0.8707 1.0374 0.356468 0.290816 1.12003 1.07088 1.43647 0.896872 0.504745 0.944447 0.55053 0.674504 0.723292 0.383285 0.408409 0.603097 0.525483 0.436266 0.244485 0.537234 0.477136 0.440107
 0.142831 0.65445 0.3527 0.527999 0.753011 0.783923 0.841313 0.503129 1.05747 0.49063 1.1165 1.26965 1.31662 2.01295 0.922223 1.00254 0.317881 0.248402 0.889581 0.959588 1.30076 0.8327 0.465091 0.851747 0.515693 0.572371 0.660787 0.349804 0.3595 0.543928 0.49087 0.387149 0.225084 0.540018 0.441332 0.416972
 0.109719 0.633722 0.363979 0.506728 0.686343 0.730108 0.852481 0.471335 0.967352 0.47788 1.14079 1.11543 1.28266 2.01298 1.02224 0.971129 0.330106 0.270293 0.948239 0.982815 1.2884 0.77438 0.498965 0.916625 0.51473 0.592243 0.675434 0.356379 0.386232 0.534457 0.500675 0.397656 0.224081 0.532667 0.463496 0.516006
 0.11321 0.641783 0.394578 0.621289 0.685671 0.758536 0.92841 0.473725 0.999609 0.486179 1.17824 1.46484 1.47361 2.01302 1.02902 1.1244 0.347794 0.252496 1.0077 1.0416 1.36773 0.821865 0.595752 1.0648 0.567121 0.625112 0.694115 0.404099 0.449325 0.575057 0.621313 0.473486 0.238499 0.517963 0.46862 0.518365
 0.156233 0.73591 0.372661 0.619405 0.762553 0.899828 1.08089 0.486886 0.84016 0.453598 1.371 1.54088 1.45665 2.01309 1.09868 1.16998 0.35543 0.261016 1.07537 0.993558 1.27869 0.819811 0.579434 1.02354 0.53191 0.680556 0.586319 0.369619 0.429208 0.614815 0.606142 0.502043 0.251068 0.539161 0.495357 0.567944
 0.167621 0.814681 0.402036 0.616472 0.975548 0.973975 0.914783 0.50411 0.998929 0.479594 1.29421 1.39327 1.4197 2.01314 1.02721 1.19644 0.386702 0.271928 1.11253 0.969082 1.20271 0.795212 0.569906 1.00606 0.494161 0.608878 0.572815 0.375762 0.410795 0.591474 0.576219 0.494517 0.242091 0.515694 0.497427 0.46914
 0.169319 0.817704 0.39997 0.567013 1.08862 1.00133 0.859805 0.483256 0.960194 0.472092 1.30025 1.30198 1.32617 2.01315 0.99927 1.15219 0.325135 0.270262 1.20811 0.972414 1.17566 0.787877 0.614033 1.01852 0.513181 0.64421 0.590567 0.428175 0.450666 0.661255 0.609635 0.491297 0.228388 0.477551 0.487558 0.514837
 0.136125 0.625963 0.35273 0.553198 0.862094 0.848226 0.86634 0.498396 1.0445 0.465087 1.2659 1.35281 1.28898 2.01316 0.973407 1.09821 0.326837 0.246546 1.12328 0.823728 0.98291 0.739355 0.529185 1.04306 0.508965 0.631128 0.646251 0.433844 0.479327 0.729056 0.672609 0.513224 0.211446 0.50244 0.503356 0.510653
 0.14539 0.655548 0.351834 0.557284 0.986247 1.03037 0.834632 0.561622 1.37092 0.569446 1.42715 1.43831 1.45274 2.01315 1.08576 1.06836 0.383963 0.248496 1.15266 0.88619 1.12698 0.901116 0.605636 1.04569 0.572738 0.72029 0.736075 0.501273 0.489893 0.685889 0.686316 0.523258 0.226071 0.555879 0.510619 0.47388
 0.158859 0.68947 0.396583 0.744762 1.17575 0.983311 0.860398 0.718792 1.10726 0.529683 1.28744 1.36109 1.58715 2.01313 0.989482 1.16026 0.414677 0.273498 1.156 0.964232 1.15796 0.991197 0.681471 1.02564 0.612345 0.8007 0.865512 0.475753 0.452411 0.728407 0.775202 0.612354 0.270252 0.608771 0.577397 0.496683
 0.158422 0.663382 0.419672 0.751267 1.06305 1.10301 1.07016 0.748281 1.15232 0.499041 1.18817 1.29196 1.52723 2.01315 1.00391 1.09218 0.366693 0.285545 1.25278 1.0604 1.26507 1.00621 0.673914 1.06642 0.618405 0.802723 0.861134 0.503473 0.495407 0.742235 0.717371 0.584447 0.271664 0.570628 0.608024 0.556296
 0.170861 0.876309 0.427491 0.64366 1.21291 1.25435 1.03341 0.663482 1.01231 0.516139 1.39862 1.39713 1.59339 2.01314 0.945864 1.20813 0.477766 0.299608 1.34992 1.19703 1.40784 1.00914 0.670063 1.06091 0.624022 0.866636 0.943164 0.5211 0.524148 0.757811 0.772769 0.645349 0.305438 0.703714 0.693413 0.597922
 0.140269 0.78764 0.376357 0.593864 1.1642 1.20884 0.900083 0.639187 0.918954 0.482655 1.44291 1.36431 1.46197 2.01307 0.995218 1.10779 0.405268 0.291146 1.35663 1.04898 1.1904 0.90812 0.623897 0.954253 0.611966 0.772787 0.917809 0.513534 0.536441 0.739182 0.776626 0.607436 0.292731 0.681931 0.690659 0.581995
 0.156337 0.714846 0.409819 0.659478 1.17376 1.24811 0.900166 0.582146 0.83172 0.427233 1.23897 1.28179 1.49117 2.01304 0.912683 1.04026 0.361726 0.263045 1.24899 1.18207 1.30511 0.876867 0.574531 0.881113 0.536979 0.682795 0.858607 0.496524 0.450222 0.628014 0.691184 0.572466 0.283317 0.677329 0.739763 0.669339
 0.160184 0.656848 0.377238 0.634027 1.13393 1.13566 0.778498 0.527625 0.873738 0.477705 1.26722 1.31472 1.33366 2.01301 0.883952 0.968898 0.349998 0.256647 1.14744 1.09118 1.36871 0.945227 0.517356 0.849937 0.533025 0.675129 0.831197 0.444464 0.424823 0.571924 0.612082 0.555356 0.283325 0.630308 0.656184 0.569126
 0.149786 0.614157 0.328598 0.573283 1.12599 0.934935 0.611125 0.40908 0.799352 0.460712 1.22768 1.35368 1.40385 2.01301 0.865405 0.964174 0.372679 0.257579 1.06859 0.918688 1.23421 0.931272 0.51761 0.798551 0.508213 0.649723 0.751129 0.424064 0.409656 0.561865 0.533159 0.506821 0.255565 0.552139 0.562418 0.502709
 0.160134 0.588568 0.260596 0.481432 0.892928 0.693357 0.450743 0.325645 0.692909 0.387722 1.14539 1.14381 1.16922 2.01306 0.863606 0.765366 0.341249 0.234727 0.902901 0.815357 1.10412 0.863898 0.521682 0.850124 0.477936 0.53147 0.676808 0.37268 0.385433 0.569711 0.487753 0.487101 0.241899 0.488994 0.561317 0.532715
 0.152946 0.563262 0.256696 0.465394 0.826198 0.764428 0.552231 0.336476 0.663904 0.394488 1.16051 1.13903 1.12723 2.0131 0.873124 0.796693 0.37342 0.270852 1.01255 0.883951 1.20074 0.888249 0.527477 0.828628 0.51943 0.57784 0.741085 0.377141 0.363294 0.534232 0.515643 0.438778 0.225654 0.470968 0.525898 0.545574
 0.157737 0.581669 0.302498 0.442378 0.770278 0.714114 0.483423 0.331233 0.73937 0.419343 1.18999 1.18768 1.07333 2.01315 0.803179 0.835871 0.364698 0.271567 1.00227 0.778285 1.09326 0.911792 0.550893 0.896791 0.504833 0.581501 0.775451 0.348903 0.351193 0.556327 0.553249 0.453825 0.233629 0.442384 0.554617 0.577002
 0.162196 0.630063 0.384226 0.612325 0.875846 0.815682 0.616388 0.410728 0.850497 0.464948 1.2957 1.21805 1.28772 2.01318 0.845324 0.876263 0.45457 0.345777 1.07994 0.949111 1.46562 0.937978 0.570411 0.871401 0.585574 0.683931 0.766201 0.39814 0.369677 0.606389 0.668372 0.543171 0.25973 0.529448 0.651106 0.6537
 0.126744 0.541925 0.357971 0.609301 0.783792 0.698506 0.618662 0.418827 0.790092 0.496237 1.29306 1.11597 1.11139 2.01314 0.911393 0.856679 0.368556 0.312228 0.985901 0.913453 1.33471 0.886319 0.606658 0.905427 0.528046 0.638625 0.649886 0.375419 0.386326 0.579628 0.579 0.506163 0.262171 0.530319 0.718431 0.706348
 0.154679 0.56714 0.340492 0.605035 0.834095 0.76361 0.690461 0.469646 0.906135 0.531593 1.25367 1.12949 1.14248 2.01312 0.810354 0.753212 0.384628 0.354384 1.00187 0.959833 1.24136 0.956318 0.66598 0.977299 0.554926 0.689638 0.706798 0.436301 0.454976 0.642183 0.612656 0.499758 0.249694 0.527305 0.679983 0.635988
 0.151327 0.492523 0.304844 0.655495 0.902969 0.81773 0.716381 0.543348 0.968124 0.520294 1.36974 1.10553 1.22603 2.01312 0.893156 0.824344 0.359704 0.317764 0.938119 0.994646 1.23642 0.899763 0.67863 0.973528 0.481026 0.66917 0.750548 0.419629 0.436028 0.573035 0.578192 0.469883 0.25629 0.534757 0.599917 0.604257
 0.171433 0.498535 0.309022 0.671835 0.818366 0.816905 0.767044 0.574426 0.943185 0.470087 1.42024 1.07128 1.1238 2.01313 0.92002 0.786235 0.331427 0.291447 0.993492 0.993684 1.11976 0.844073 0.613116 0.969487 0.463293 0.630686 0.706096 0.412209 0.400253 0.546672 0.574426 0.464756 0.263641 0.553294 0.648169 0.644381
 0.150592 0.488243 0.319708 0.632711 0.907586 0.96645 0.824208 0.580484 1.02654 0.50472 1.42367 0.973754 1.17526 2.01316 0.872419 0.79802 0.341292 0.279761 1.01568 1.04836 1.06526 0.877438 0.6502 0.939456 0.467454 0.626903 0.669946 0.395706 0.437605 0.603461 0.580617 0.45539 0.257045 0.511213 0.648099 0.685083
 0.176253 0.54708 0.286744 0.457941 0.76027 0.800068 0.745556 0.632748 0.829118 0.484884 1.29435 0.956166 1.19104 2.01318 0.842623 0.795674 0.319771 0.264096 0.9406 0.96907 1.10664 0.745218 0.563438 0.785515 0.438314 0.570895 0.550686 0.334359 0.369335 0.563795 0.561614 0.391884 0.237184 0.47816 0.556461 0.598563
 0.152021 0.512646 0.300204 0.476025 0.734661 0.72866 0.733144 0.636424 0.948353 0.503822 1.47991 1.09407 1.08621 2.01318 0.771846 0.908808 0.36553 0.278773 1.04509 1.00658 1.30978 0.802981 0.590613 0.861467 0.493437 0.632205 0.591519 0.378208 0.431653 0.557717 0.567219 0.392965 0.254865 0.521769 0.592235 0.646122
 0.153972 0.518785 0.267648 0.419297 0.741926 0.721045 0.815577 0.658863 1.05238 0.525256 1.46807 1.0705 1.09443 2.01316 0.778869 0.884661 0.347835 0.277551 0.982974 0.983246 1.47127 0.819186 0.602412 0.880944 0.53926 0.663426 0.635018 0.386915 0.414447 0.571847 0.594618 0.445082 0.294904 0.621458 0.620931 0.625745
 0.16101 0.580454 0.294544 0.411058 0.778159 0.730326 0.690934 0.604727 0.875117 0.47863 1.2952 0.971742 1.23576 2.01317 0.888447 0.967705 0.404619 0.277115 1.03099 1.11362 1.69096 0.990492 0.772134 1.06542 0.572992 0.687207 0.76489 0.435005 0.476917 0.649082 0.603579 0.499429 0.298713 0.629393 0.659147 0.659392
 0.163901 0.506469 0.264563 0.478248 1.08501 0.801586 0.644038 0.491758 0.702553 0.425581 1.1042 0.88811 1.15927 2.01315 0.895454 0.997249 0.389483 0.249248 1.051 1.01573 1.52322 0.887243 0.639755 0.996191 0.547248 0.64547 0.812597 0.44684 0.467751 0.609347 0.482586 0.413238 0.270029 0.521981 0.611162 0.602808
 0.195262 0.529934 0.294483 0.609209 1.05862 0.90408 0.769154 0.579706 0.781972 0.407298 1.11082 1.04441 1.40226 2.01313 1.02164 1.06001 0.412122 0.279164 1.13788 0.978914 1.41178 0.956579 0.632877 0.992653 0.569063 0.744814 0.771085 0.399864 0.476099 0.612591 0.465988 0.395824 0.264001 0.535733 0.685485 0.645749
 0.151775 0.494364 0.246034 0.479214 0.939273 0.854766 0.728737 0.517242 0.737002 0.403645 1.16817 1.13074 1.46183 2.01316 0.97079 1.02304 0.356644 0.289728 1.15771 0.905246 1.35282 0.884337 0.555084 0.931363 0.580959 0.680684 0.732315 0.406285 0.444897 0.688725 0.497731 0.465106 0.28665 0.594974 0.762931 0.707007
 0.213346 0.593504 0.269858 0.506524 0.895151 0.861186 0.79258 0.520328 0.772707 0.399529 1.10401 1.12166 1.83956 2.01318 0.887605 1.08494 0.347186 0.295342 1.12658 0.897339 1.27117 0.847251 0.60565 1.00047 0.583557 0.66734 0.727035 0.440837 0.475483 0.677435 0.483706 0.419022 0.261008 0.56958 0.655647 0.587961
 0.206329 0.616629 0.290638 0.513216 0.842898 0.784698 0.742328 0.530834 0.882337 0.46014 1.19144 1.03656 1.70907 2.01314 0.851505 1.08746 0.354074 0.29745 1.05049 0.948392 1.38788 0.881955 0.644516 1.0298 0.591073 0.677763 0.781888 0.428296 0.465023 0.661434 0.534909 0.462169 0.27986 0.611208 0.601042 0.536252
 0.208477 0.667465 0.346258 0.622797 0.971173 0.887763 0.921323 0.531509 0.920605 0.503265 1.08158 0.984235 1.55598 2.01307 0.820619 0.986713 0.387974 0.293303 1.20655 1.11257 1.24572 0.910652 0.68966 1.07364 0.591198 0.682106 0.802087 0.434309 0.490101 0.614134 0.554894 0.490479 0.301764 0.553478 0.569771 0.508119
 0.172631 0.656695 0.362941 0.50227 0.992406 0.943911 1.02693 0.59629 0.901483 0.523762 1.19283 1.00571 1.53502 2.01308 0.891335 1.11688 0.416871 0.264293 1.32123 1.01394 1.33468 0.96554 0.699375 1.16624 0.568045 0.670994 0.871152 0.457384 0.527299 0.684663 0.588613 0.47943 0.295052 0.58434 0.58924 0.52511
 0.208548 0.659103 0.387141 0.588878 1.1248 1.11482 0.949987 0.526859 0.906392 0.55658 1.25625 1.04087 1.42257 2.01312 0.918278 1.12251 0.429369 0.281653 1.33875 1.06981 1.47266 0.991824 0.727355 1.12206 0.581759 0.719166 0.876309 0.483486 0.516652 0.759992 0.623184 0.529407 0.302688 0.648057 0.624527 0.529564
 0.222728 0.728459 0.465206 0.733475 0.957422 0.994203 0.849346 0.485353 0.830009 0.549255 1.14619 1.04334 1.44916 2.0131 0.922539 1.17052 0.455779 0.289964 1.44722 1.18799 1.42453 1.06275 0.716754 1.12189 0.601829 0.815181 1.03472 0.53059 0.603446 0.834719 0.757488 0.637964 0.33049 0.756133 0.840452 0.689292
 0.213037 0.663684 0.372274 0.625242 0.953578 1.02675 0.868455 0.479648 0.891101 0.527323 1.09293 1.1161 1.65884 2.01308 0.88623 1.152 0.460975 0.29496 1.46691 1.26881 1.39749 0.923547 0.735516 1.20225 0.613974 0.818706 1.07742 0.541774 0.620035 0.808214 0.706141 0.652598 0.33259 0.684061 0.766266 0.644365
 0.239726 0.819232 0.381442 0.658821 0.981664 1.18947 1.09105 0.5662 1.11165 0.559386 1.14404 1.10455 1.58327 2.01306 0.948254 1.24743 0.504345 0.296696 1.60414 1.41465 1.60051 1.01688 0.725413 1.19057 0.686214 0.901045 1.10528 0.547653 0.647135 0.874173 0.713663 0.701603 0.341324 0.720179 0.889238 0.864642
 0.211913 0.752967 0.342274 0.54934 0.824244 1.03386 1.15631 0.575332 1.08385 0.549903 0.977568 1.02342 1.28516 2.01308 0.973849 1.25951 0.453275 0.281156 1.3305 1.10376 1.24227 1.01236 0.759394 1.215 0.693541 0.844774 0.876927 0.474367 0.550787 0.736978 0.613982 0.619446 0.307524 0.662271 0.731517 0.767253
 0.233641 0.741772 0.372318 0.654424 0.756432 0.953611 1.16627 0.625449 1.20993 0.580556 0.996488 1.23476 1.46379 2.01305 0.906896 1.21985 0.499793 0.29792 1.1753 1.08974 1.22296 1.01908 0.68532 1.17718 0.685826 0.825922 0.919235 0.470313 0.518928 0.807541 0.646127 0.628178 0.287956 0.65901 0.783206 0.781825
 0.176925 0.569306 0.324921 0.61346 0.702425 0.727537 0.78789 0.520888 1.07384 0.544298 0.936544 1.03389 1.28921 2.01306 0.847969 1.10095 0.452443 0.287561 1.10819 1.03412 1.09853 1.02901 0.674344 1.01754 0.587519 0.659317 0.805915 0.407672 0.446127 0.693685 0.56774 0.518678 0.251207 0.571257 0.689221 0.653744
 0.167147 0.550273 0.301246 0.651242 0.673486 0.707094 0.827461 0.487295 0.959058 0.505491 0.948801 1.10172 1.37184 2.01304 0.878563 1.07448 0.490043 0.320099 1.08614 1.00143 1.16822 0.992181 0.681487 1.02189 0.553478 0.610754 0.871234 0.407332 0.434281 0.645146 0.562155 0.505293 0.245227 0.584267 0.724701 0.705927
 0.17932 0.574556 0.300531 0.645954 0.685869 0.795905 0.87256 0.426614 0.711776 0.483417 1.06936 1.03198 1.18379 2.01303 0.93354 1.04779 0.390552 0.289894 1.00813 0.947568 1.11834 0.930745 0.660454 1.05524 0.537471 0.605439 0.809176 0.421227 0.446228 0.644985 0.575168 0.486492 0.233093 0.568853 0.640936 0.668187
 0.182894 0.556757 0.304101 0.576119 0.599409 0.759214 0.855484 0.520136 0.766535 0.501929 1.23527 1.07151 1.22193 2.01299 0.878125 1.00523 0.412068 0.309351 0.993018 0.943609 1.1729 0.990847 0.672725 1.08282 0.533028 0.643985 0.780781 0.411414 0.490518 0.63177 0.594364 0.47923 0.23651 0.64717 0.662267 0.681403
 0.159488 0.462762 0.253255 0.435586 0.478922 0.680735 0.717584 0.423081 0.62087 0.404506 1.07853 1.02594 1.39903 2.01305 0.738038 0.884142 0.332914 0.251899 0.809013 0.789058 1.11242 0.892305 0.52079 0.844692 0.50604 0.571316 0.646569 0.367265 0.422154 0.555167 0.59185 0.425734 0.213586 0.516697 0.534456 0.55289
 0.145767 0.427277 0.263406 0.488564 0.428654 0.572747 0.669102 0.343015 0.529516 0.404398 1.1993 0.952143 1.20712 2.01299 0.740455 0.722639 0.300716 0.232654 0.812853 0.80645 0.971121 0.703255 0.475905 0.772443 0.422201 0.485224 0.640414 0.323223 0.374358 0.48601 0.469839 0.324733 0.177575 0.44336 0.447504 0.473487
 0.16761 0.525713 0.315222 0.493523 0.500162 0.708882 0.812809 0.42742 0.580161 0.454455 1.47317 0.994243 1.11053 2.01302 0.790922 0.782566 0.354292 0.268904 0.953735 0.849568 0.994876 0.783004 0.539652 0.830667 0.48737 0.55294 0.666954 0.375617 0.423009 0.596228 0.577225 0.40473 0.226141 0.519093 0.513609 0.520181
 0.142722 0.491419 0.294228 0.605496 0.560194 0.68115 0.905677 0.425409 0.575345 0.427084 1.43693 1.05819 1.03882 2.01301 0.767549 0.776211 0.34213 0.24644 0.903592 0.773833 1.07929 0.722947 0.47112 0.79279 0.478272 0.565394 0.717459 0.387537 0.44539 0.631002 0.525013 0.393159 0.185479 0.498377 0.45716 0.448548
 0.148134 0.520052 0.279944 0.654265 0.608174 0.651259 0.863046 0.444491 0.518695 0.394281 1.34946 1.06165 0.984743 2.01306 0.78446 0.819143 0.355198 0.258506 0.937009 0.792098 1.07824 0.749455 0.470319 0.897393 0.521902 0.535416 0.718768 0.420893 0.454402 0.687729 0.538419 0.429739 0.188556 0.498205 0.515907 0.446767
