 0.921689 0.620927 0.823091 1.02869 0.883875 0.534463 0.284278 0.208071 0.781056 0.993044 0.3064 0.378225 0.573449 0.459964 0.396869 0.276807 0.49602 0.670011 0.881423 1.21813
 0.997075 0.743552 0.35193 0.430649 0.393581 0.20752 0.200609 0.45204 0.701179 0.630345 0.517023 0.308878 0.196106 0.309382 0.334049 0.438143 1.39562 1.81279 0.99381 1.11466
 1.39466 0.944009 0.338602 0.531255 0.952507 1.02022 0.669071 0.506443 0.722216 0.619274 0.534482 0.40503 0.296524 0.738553 0.97748 0.48226 0.3597 0.489502 0.97242 1.23689
 0.897986 0.529952 0.53863 0.624681 0.554414 0.481636 0.458654 0.579088 0.55949 0.283599 0.259673 0.363265 0.44809 0.493093 0.488746 0.587278 0.563432 0.415456 0.247038 0.630828
 0.934679 0.523498 0.791444 1.33966 1.03804 0.458702 0.378566 0.294535 0.738527 1.04037 0.511446 0.542261 0.804383 0.790165 1.13836 1.19158 0.673301 0.620129 0.709843 0.924391
 0.971734 0.616298 0.455511 0.429283 0.700378 0.879878 0.536979 0.355651 0.298379 0.464106 0.659846 0.695315 0.468249 0.297798 0.270366 0.303626 0.359769 0.396628 0.314762 0.594174
 0.947262 0.798313 0.551293 0.668761 0.792082 0.516394 0.381632 0.480428 0.653714 0.628844 0.865566 0.874208 0.616035 0.567338 0.499944 0.814929 1.28004 1.41028 1.46401 1.29428
 0.810013 0.287499 0.295467 0.483832 0.508107 0.552347 0.61064 0.497198 0.870521 1.03157 0.710634 0.500667 0.313723 0.578618 0.790351 0.636117 0.605331 0.562257 0.490344 0.408173
 0.789482 0.52803 0.711908 0.59423 0.625309 0.512955 0.599645 0.832813 0.723228 0.431305 0.33512 0.306824 0.449575 0.46381 0.734547 1.17226 0.991482 0.537069 0.359904 1.03297
 0.860344 0.304968 0.226703 0.691392 0.895307 0.478153 0.395537 0.458692 0.49862 0.568918 0.500827 0.455259 0.866671 1.14105 0.804836 0.697264 0.767817 1.05241 0.897282 0.379918
 0.90279 0.515892 0.457373 0.482112 0.493596 0.66028 0.476324 0.202845 0.498513 0.777634 0.566779 0.529796 0.68096 0.642142 0.474319 0.305226 0.230832 0.250186 0.305534 0.644958
 0.823498 0.475067 0.191693 0.106474 0.112412 0.392451 0.585328 0.716126 0.85291 0.433905 0.540183 0.672499 0.344958 0.458535 0.878451 0.862611 0.581127 0.607133 0.528578 0.265078
 1.10918 0.881217 0.554873 1.33788 2.49292 1.67783 0.798517 0.676621 0.51475 0.428326 0.45367 0.501982 0.755141 1.35559 1.12666 0.482152 0.97278 1.26424 0.646729 0.393617
 1.32547 0.577257 0.189889 0.157971 0.265861 1.05622 2.05836 1.26619 0.945772 0.858449 0.499795 0.239178 0.141595 0.410348 0.621481 0.546935 0.524392 0.34252 0.452203 0.745726
 1.32136 0.818898 0.722004 1.18915 1.08336 0.98081 1.0938 0.770909 0.8776 0.830802 1.02996 0.907725 0.496284 0.815396 0.775546 0.386731 0.527715 0.628313 0.477919 0.472163
 1.12057 0.368836 0.225062 0.476567 0.577165 1.09302 1.60829 0.849574 0.490273 0.22759 0.381179 0.838094 0.755771 0.288368 0.243101 0.295535 0.272874 0.232326 0.41321 0.524564
 1.14057 0.585769 0.332652 0.252182 0.208523 0.106536 0.164586 0.147506 0.674308 1.21775 0.852447 0.910112 0.806174 0.387554 0.331433 0.433901 0.455301 0.610055 1.07104 1.75587
 0.843723 0.378789 0.225925 0.153025 0.177025 0.706751 1.14427 0.701839 0.281126 0.174784 0.404212 0.484444 0.22484 0.321877 0.472839 0.557157 0.739809 0.651852 0.686794 0.974342
 1.30615 1.45309 0.936257 1.23272 1.2758 0.551752 0.398632 0.440596 0.389483 0.266067 0.4011 0.350052 0.550651 0.801518 0.824231 0.678903 0.436802 0.401414 0.476387 0.536831
 0.855022 0.484448 0.48656 0.367651 0.392656 0.365556 0.358626 0.381832 0.359699 0.255032 0.343357 0.440761 0.469067 0.498349 0.538858 0.619469 0.473534 0.537402 0.589897 0.466146
 1.06843 0.657892 0.657499 0.625117 0.574149 0.41816 0.426416 0.435852 0.387312 0.612837 0.882128 0.985628 0.892556 0.66446 0.604208 0.647258 0.561111 0.652269 0.91909 0.589161
 1.04078 0.568952 0.327114 0.215797 0.249341 0.3036 0.559904 1.14146 1.22684 0.517306 0.220816 0.13651 0.886365 1.44324 0.64489 0.585252 0.583839 0.232236 0.232004 0.480052
 0.558949 0.239834 0.168472 0.375229 0.502942 0.383395 0.557187 1.00214 0.840931 0.409853 0.540128 0.864045 0.771226 0.520602 0.657691 0.556611 0.829943 0.790485 0.439157 0.491893
 0.803317 0.578771 0.330269 0.212032 0.763027 1.05342 0.627153 0.578712 0.657483 1.00915 1.27385 1.1094 0.935384 0.797639 0.66514 0.82857 0.591645 0.531037 0.966245 0.773964
 0.78004 0.263781 0.290455 0.421428 0.539012 0.551386 0.650639 1.05857 1.11637 0.761439 0.524216 1.1679 1.28307 0.537402 0.777773 0.747579 0.408517 0.47553 0.774029 0.821109
 0.615065 0.527084 0.480561 0.451346 1.0573 1.06263 0.621966 0.755934 0.520946 0.450266 0.445899 0.380143 0.279368 0.333671 0.382387 0.278991 0.208305 0.24616 0.362698 0.708113
 0.732587 0.448225 0.324349 0.372099 0.557489 0.771672 0.703406 0.782022 0.7524 0.668777 0.531202 0.577646 0.68907 1.24399 1.55972 0.902971 0.905812 1.19781 1.38712 0.890101
 0.751977 0.822882 0.661047 0.526111 0.63053 0.41007 0.464781 0.553731 0.732937 0.811032 0.72939 0.630026 0.890391 1.69846 1.62821 0.958539 0.812258 0.558862 0.488978 0.517539
 0.907539 0.529103 0.357356 0.204165 0.247996 0.683195 0.72595 0.936756 1.17582 0.403939 0.238605 0.20719 0.214487 0.147176 0.317383 0.411451 0.304627 0.371006 0.694729 1.90904
 1.20793 0.608233 0.559694 0.62844 0.371434 0.352092 0.388248 0.292717 0.226232 0.471276 0.708483 0.808596 0.925312 0.386725 0.219136 0.293111 0.50883 0.923708 1.11383 0.785517
 0.794546 0.761229 0.661535 0.398627 0.341624 0.599937 0.722583 0.780626 1.3189 1.88161 1.44647 0.618305 0.403046 0.400511 0.663533 0.771223 0.515074 0.805941 1.19713 0.699954
 0.723277 0.295852 0.248092 0.389677 0.405801 0.293215 0.599253 0.761719 0.553851 0.485912 0.518161 0.703331 0.675905 0.586263 0.733696 0.569684 0.464982 0.482275 0.36662 0.902514
 1.30558 0.91532 0.362665 0.189698 0.157806 0.206719 0.3545 0.291815 0.527488 0.728906 0.932695 1.20917 1.01076 0.957415 0.938759 1.08273 1.01244 0.846773 2.33119 2.63104
 0.90015 0.46372 0.4185 0.601457 0.787438 0.688485 0.517322 0.425105 0.571124 0.699297 1.45891 1.74958 0.674243 0.451916 0.663664 0.788568 0.660117 0.606505 0.611682 0.665417
 0.713017 0.381099 0.44439 0.367061 0.597108 0.882321 1.01355 1.27665 0.853511 0.716191 0.392858 0.502424 1.23974 1.34378 0.764945 1.59827 1.96385 0.527406 1.00106 1.41477
 1.87486 1.68139 0.500937 0.224926 0.146416 0.185344 0.445247 0.681055 0.584528 0.565666 0.474052 0.557612 0.676863 0.518873 0.523701 0.404321 0.397258 0.588183 0.421776 0.320101
 1.236 0.924054 0.633041 0.591645 1.45173 1.87585 1.10767 0.805645 0.382131 0.48543 1.06168 1.26866 1.14501 1.09692 0.496672 0.470788 0.319958 0.433807 0.889926 0.817648
 0.765835 0.665759 0.888334 0.735486 0.387618 0.510064 1.14404 1.59117 1.16709 0.686827 0.837587 1.09511 1.5798 1.72866 0.929356 0.527525 0.482385 0.368014 0.295514 0.27484
 0.742494 0.481108 0.382952 0.342839 0.417469 0.607997 0.538723 0.270577 0.144065 0.108175 0.197957 0.398291 0.641355 0.665743 0.547699 0.741419 0.837036 0.452071 0.539367 2.02907
 0.723531 0.53435 0.784047 1.14725 1.09381 0.615957 0.381709 0.344399 0.282885 0.223389 0.317629 0.360154 0.30119 0.414824 0.399367 0.314321 0.456401 0.542077 0.503658 0.726695
 0.998654 0.77473 0.53533 0.300726 0.293252 0.43833 0.780468 1.27626 1.01776 0.518502 0.427572 0.900741 1.04978 0.883627 0.877294 0.928652 0.8158 0.665837 0.595174 0.368084
 0.909122 0.483939 0.980476 1.02713 1.05975 1.28118 0.630567 0.582155 0.431555 0.361789 0.38778 0.351894 0.504706 1.03939 1.2721 0.975147 0.636158 0.379319 0.588716 0.614448
 0.966107 0.348918 0.769999 0.957854 1.0059 1.1153 0.606336 0.646343 0.911595 0.780696 0.582713 0.622731 0.240409 0.637392 0.989981 1.15987 1.38685 0.906162 1.11018 1.37706
 1.52001 1.36586 0.729118 0.321235 0.346091 0.493636 0.564474 0.66257 0.512744 0.480332 0.62763 1.61025 2.1182 1.01267 0.645838 0.531688 0.599272 0.58517 0.342795 0.263003
 1.48042 0.689285 0.449632 0.603153 0.457427 0.595709 0.900979 0.795776 0.616027 0.658722 0.706081 0.517401 0.645807 0.700954 0.586319 0.861845 0.95623 0.51191 0.609266 0.863826
 0.919117 0.516774 0.363119 0.354707 0.272443 0.19666 0.592633 1.05237 1.09305 0.644263 0.422738 0.402394 0.203353 0.308072 0.318688 0.177339 0.182993 0.19423 0.376757 0.457498
 1.23265 0.434393 0.474901 0.474286 0.447926 0.479563 0.625824 0.587738 0.660092 0.679361 0.526622 0.47435 0.491714 0.601663 0.407294 0.607902 1.09069 1.04246 0.737903 0.600766
 1.04694 0.515209 0.734508 0.755434 0.308103 0.4522 0.810529 0.918425 0.734713 0.60855 0.981547 1.36132 0.957757 0.597628 0.570961 0.65933 0.820681 0.632697 0.21961 0.289094
 0.975535 0.529699 0.373586 0.254251 0.32648 0.358866 0.269881 0.407435 0.594816 0.649876 0.505164 0.381925 0.37161 0.359872 0.979611 1.46761 1.35727 1.10128 1.18577 1.2394
 1.63433 1.3723 1.11413 0.659967 0.558503 1.17232 1.36457 0.696629 0.337214 0.592162 1.04006 1.22048 1.05314 0.852891 0.933937 0.794462 0.594336 1.01838 1.16965 0.741374
 1.24546 0.573883 0.595244 0.521537 0.351936 0.64618 1.01674 0.75663 0.534923 0.388554 0.491269 1.03047 1.0979 0.68832 0.552777 0.43997 0.356003 0.264928 0.169479 0.548601
 1.3513 0.415847 0.352931 0.800532 0.940136 0.85619 0.677281 0.301151 0.169583 0.310942 0.435934 0.80449 1.84923 1.76544 1.0615 0.907375 0.818959 0.709317 0.450256 0.428593
 1.17935 0.773891 0.451792 0.233265 0.269847 0.274226 0.471292 0.503197 0.607615 0.826589 0.507192 0.604773 0.589787 0.494122 0.45289 0.653778 0.96334 1.12745 1.08451 0.625475
 0.999711 0.678499 0.624666 0.357011 0.304996 0.473812 0.815848 0.665593 0.307901 0.51286 0.791034 0.860932 0.617919 0.419662 0.915827 2.74912 2.76544 1.11376 0.802864 1.19255
 1.46141 0.986618 0.641932 0.409497 0.226657 0.565971 0.935802 0.710763 0.440866 0.332374 0.314144 0.592917 0.863492 0.74609 0.548018 0.595007 0.737768 1.28883 1.36391 0.85241
 1.05665 0.567697 0.942008 1.29966 1.09697 0.888216 0.857678 1.18512 0.896946 0.462389 0.332433 1.03794 1.27379 0.435863 0.548792 1.35109 1.50845 0.946875 0.680138 0.731845
 1.12038 0.984332 0.840271 0.875132 0.936058 0.560744 0.259164 0.462029 0.756879 0.577754 1.11355 1.48399 1.35618 1.27193 0.71769 0.48733 0.384753 0.205834 0.188709 0.234989
 0.981795 0.576413 0.255581 0.399892 1.4476 1.93902 1.51933 1.03123 1.05535 1.0153 0.805888 0.843101 0.791506 0.68174 0.626233 0.518787 0.809423 0.70158 0.207193 0.260375
 0.844255 0.622526 0.628213 0.436911 0.247782 0.192108 0.298623 0.281748 0.243116 0.199774 0.341165 0.927791 1.16953 0.688926 0.378559 0.373857 0.452312 0.527154 0.515601 0.545643
 1.24615 0.842926 0.577977 0.405833 0.344047 0.477228 0.965506 1.03474 0.751603 0.987803 0.920854 1.15298 1.27438 0.951041 0.788441 0.570134 0.492114 0.468672 0.708614 1.44662
 0.938615 0.826065 0.672785 0.468047 0.651332 0.40802 0.71781 0.75816 0.883589 1.38257 1.11563 1.06026 1.46024 1.27497 0.978082 1.1979 1.00228 2.26991 3.11456 1.7198
 0.918469 0.411798 0.233307 0.38505 0.643279 0.67032 0.377855 0.540629 0.840741 1.03429 0.978853 0.720676 0.397885 0.748926 1.25364 1.71043 1.50143 0.802443 1.03771 1.4657
 0.936162 0.529832 0.440587 0.751588 0.671352 0.241853 0.481281 0.490353 0.230409 0.243872 0.54862 0.86604 0.848263 0.767697 0.631504 1.66555 1.91932 0.953389 0.52845 0.390898
 2.01267 1.49281 0.662848 0.871225 0.582484 1.0188 1.12932 0.826295 0.837682 0.691923 0.506764 0.772808 0.844831 0.598123 0.544049 0.410831 0.604574 0.763039 0.629102 0.389411
 0.909654 0.743625 0.460716 0.464838 0.905518 0.835631 0.750723 1.0514 1.03844 0.843699 0.848067 0.676245 0.639047 1.06598 1.23408 1.17499 1.18801 0.998483 0.779657 0.615647
 0.999719 0.558852 0.470281 0.512157 0.441904 0.350155 0.509731 0.593871 1.05022 1.2353 0.768024 0.786213 1.04763 1.33073 0.93297 0.652413 0.50666 0.337843 0.422366 0.464143
 1.23111 0.858313 0.504625 0.497957 0.597994 0.595667 0.592357 0.637054 0.561311 0.509704 0.534283 0.279557 0.48733 0.831007 0.941243 0.664098 0.909937 1.33575 0.973304 0.748721
 1.48788 0.846177 0.421959 0.519109 0.439094 0.56429 0.676642 0.848256 1.72913 1.85659 0.916314 0.965946 0.967207 0.804651 0.448397 0.337692 0.269626 0.313202 0.394323 0.522995
 1.24478 1.36391 1.2591 0.696687 0.677487 0.561143 0.480222 0.69214 1.43869 1.33518 0.47775 0.440046 0.437434 0.43184 0.361834 0.208285 0.148867 0.0982761 0.19061 0.77602
 1.06821 0.37785 0.512633 0.76403 0.796493 0.785046 0.995638 1.04143 0.960108 1.38501 1.83794 1.09003 0.440694 0.7642 0.878658 0.662634 0.514045 0.562326 0.610439 0.46113
 1.09134 0.415867 0.604139 1.04411 0.773502 0.766248 0.862833 0.502727 0.452643 0.77294 1.07782 0.696725 0.409414 0.397708 0.347003 0.213411 0.997834 1.6194 1.02393 0.517005
 1.64615 1.3725 0.845401 1.11666 0.944229 0.486284 0.419121 0.355154 0.350947 0.226839 0.220606 0.158428 0.203604 0.401378 0.842417 1.46015 1.68866 1.26989 0.690479 0.405566
 0.924943 0.716949 0.685686 0.93253 0.774282 0.564783 0.530008 0.430306 0.36542 0.479421 0.516853 0.636695 0.685452 0.463631 0.421914 0.935975 1.37914 1.32815 1.09153 0.758935
 0.809065 0.569833 0.914311 0.849068 0.392134 0.342481 0.360059 0.423602 0.636768 0.468224 0.484249 0.640202 1.04726 1.1968 0.857469 0.957201 0.817289 0.336854 0.41132 0.593177
 0.847489 0.461406 0.414987 0.517302 1.09397 1.00232 0.693786 0.567212 0.693493 1.52202 1.44271 0.580484 0.443549 0.498483 0.472571 0.380895 0.699718 0.901817 0.487155 0.586736
 0.749335 0.276448 0.428379 0.495528 0.195545 0.299061 0.613737 0.615528 0.301833 0.712924 0.996832 0.562778 0.527848 0.531367 0.398299 0.741429 0.92848 0.584141 0.335972 0.249956
 0.902561 0.862672 0.709364 0.406612 0.190275 0.182426 0.576758 0.719835 0.555874 0.451182 0.377606 0.639699 0.837725 0.909717 0.988417 0.832958 1.41692 1.83643 0.941692 0.875853
 0.60218 0.492327 0.826368 1.04353 0.918712 0.489006 0.299041 0.356847 0.385429 0.438148 0.502256 0.367589 0.359919 0.40401 0.400378 0.497324 0.402746 0.383583 0.471494 0.592412
 0.614288 0.475188 0.601898 0.722584 1.37305 1.79587 1.6587 1.09286 0.590733 0.464656 0.569085 0.8152 0.874402 0.742392 0.353579 0.45996 0.656556 0.563921 0.429471 0.673911
 1.30219 1.41366 0.877684 0.920505 1.10493 0.769768 0.946285 0.952391 0.53749 0.367875 1.38994 2.20465 1.40786 0.584601 0.623879 0.669366 0.314016 0.219918 0.291163 0.404454
 0.642803 0.217122 0.184221 0.211855 0.321303 0.426668 0.531287 0.518087 0.412188 0.551577 0.700062 0.575519 0.71621 0.635704 0.29461 0.305635 0.469407 0.774491 1.29919 1.79847
 1.00196 0.653622 0.59705 0.608736 0.415183 0.581381 0.661302 0.336759 0.796616 1.1301 0.652796 0.724442 1.01886 0.844678 0.625134 0.461516 0.381245 0.302533 0.682675 0.773673
 1.38428 1.16816 0.619116 0.411325 0.61942 1.36448 1.73579 0.992116 0.54821 0.329458 0.206323 0.289801 0.362304 0.660342 0.874857 0.795133 0.639158 0.401218 0.470498 0.570049
 1.22865 0.770159 1.10897 1.24081 0.621628 0.297238 0.212683 0.396281 0.644516 0.841736 0.554862 0.475432 0.667055 0.85413 0.674561 0.494911 0.747425 0.900184 0.680134 0.719918
 1.55253 1.18344 0.794868 0.530718 0.428134 0.698978 0.48923 0.35531 0.390219 0.492376 0.835047 0.992241 0.711744 0.643855 0.643269 0.594346 0.655534 0.702588 0.402169 0.263192
 0.961046 0.688573 0.698716 0.444648 0.28177 0.204525 0.304792 0.538471 0.571424 0.324031 0.515964 0.71384 0.716915 0.669332 0.6274 0.724482 0.697779 0.751557 0.840669 0.684888
 1.56422 1.30437 0.546618 0.710516 1.04179 0.761376 0.585938 1.5323 1.76555 0.972037 0.717975 0.761344 0.882558 0.755859 0.759311 0.526643 0.650345 1.78396 2.19112 1.00399
 0.879793 1.00684 0.936329 0.595921 0.840375 0.834457 1.69347 1.91135 0.776594 0.439307 0.295922 0.269004 0.368809 0.479127 0.353059 0.402723 0.460229 0.288162 0.432371 0.519168
 0.901586 0.355232 0.804463 0.81208 0.154659 0.271653 0.66014 0.623304 0.529376 0.492912 0.32652 0.289194 0.317335 0.555238 0.624279 0.620815 0.718888 0.591574 0.512233 1.21597
 1.17557 0.940035 0.898417 0.72484 0.544471 0.423054 0.389787 0.492087 0.539089 0.440907 0.274707 0.498132 0.647454 0.49677 0.591493 0.583827 0.575916 0.675131 0.593208 0.361402
 0.841119 0.461207 0.276766 0.257363 0.412357 0.511725 0.474359 0.328721 0.474355 0.629518 0.69517 0.610051 0.453453 0.627793 0.724765 0.582173 0.692259 0.751677 0.530956 0.58322
 1.15535 0.848696 0.504076 0.523299 0.823391 0.537586 0.757055 0.873472 0.561432 0.44115 0.594654 0.699996 0.477287 0.345557 0.324437 0.519613 0.968967 0.83919 0.68216 0.774277
 1.00834 1.55142 1.89546 0.778764 0.925685 0.949133 0.371015 0.203807 0.594814 0.801837 0.562847 0.49216 0.397959 0.54526 0.431021 0.715987 1.08523 0.929177 1.28594 1.30872
 1.00878 0.710441 0.951955 1.01267 0.552145 0.555487 0.534347 0.326164 0.203216 0.303909 0.549472 0.669075 0.712051 0.704945 0.603121 0.968659 1.32939 1.0794 0.361148 0.295859
 0.845411 0.861974 0.827316 0.529366 0.549456 0.44343 0.405519 0.423939 0.42657 0.708963 0.957254 1.16309 1.02648 0.778071 0.755492 0.497448 0.661759 0.759216 0.584651 0.465812
 1.1217 1.22315 0.426567 0.183886 0.311107 0.846972 1.16575 0.826573 0.652832 0.549775 0.867812 0.945857 0.835588 0.557774 1.27697 2.27656 1.64067 1.30672 0.755902 0.963544
 0.656558 1.02659 1.68153 0.770607 0.753615 0.493076 1.29993 2.20956 0.942827 0.756236 0.589127 0.616378 0.317604 0.555603 0.76856 0.851223 1.05737 0.525784 0.45799 0.29046
 0.563691 0.394208 0.664018 0.738028 0.289322 0.24024 0.381626 0.679946 0.910726 0.438876 0.686256 1.13049 0.763334 1.05633 1.79159 1.05621 1.09016 1.78942 1.2088 1.12796
 0.902015 0.741026 0.63331 0.826235 0.624983 0.513189 0.8722 0.968593 0.552094 0.490181 0.454203 0.262955 0.288124 0.627838 0.850792 0.434852 0.294251 0.595949 0.902636 0.778201
 1.12422 1.11715 1.17741 1.04055 0.985402 1.00648 0.517617 0.549648 0.425428 0.632338 0.844308 0.604037 0.290929 0.428469 0.611273 0.627563 0.851521 1.20352 0.845957 0.333237
 1.1606 0.984497 0.891821 0.427598 0.814302 1.07115 0.401005 0.308347 0.225992 0.191573 0.154778 0.200802 0.457802 0.810474 0.991796 1.09349 1.03113 0.496435 0.517346 0.694677
 1.07037 0.741308 0.820809 1.29434 2.22127 1.77159 1.14281 0.731752 0.891256 0.582133 0.236237 0.510016 0.887289 0.471684 0.234813 0.202042 0.474956 0.661064 0.675767 0.935417
 0.983965 0.471395 0.356628 0.232235 0.282906 0.406315 0.396253 0.553842 0.690721 0.550101 0.470522 0.605063 0.632353 0.952861 0.811719 0.439702 0.461843 0.365645 0.124171 0.156345
 0.615313 0.29715 0.266254 0.170694 0.18264 0.178047 0.0617257 0.118347 0.380829 1.16023 1.59285 0.848535 0.626564 0.615177 0.344313 0.314436 0.405871 0.429333 0.414488 0.6454
 1.02084 0.626052 0.46788 0.637734 0.997394 1.06637 1.09828 1.29902 1.47321 0.935295 0.562423 0.421094 0.511671 0.358896 0.239263 0.184292 0.264834 0.476904 0.756558 0.672858
 0.861119 0.381843 0.370826 0.622142 0.705449 0.698675 0.94796 0.720447 0.323022 0.262278 0.36193 0.396474 0.337712 0.710488 1.01418 0.525256 0.323844 0.302599 0.497942 0.768267
 1.19334 0.929587 0.486343 0.587649 0.66348 0.44533 0.775424 1.22254 1.25297 0.805513 0.781864 0.748831 0.549628 0.806227 1.40035 1.01315 0.624987 0.706108 0.871107 1.13904
 0.614417 0.503587 0.582208 0.411849 0.510225 0.574333 0.344231 0.303925 0.47965 0.265255 0.387422 0.913157 1.12689 0.954553 1.03555 0.742793 0.378674 0.298739 0.535868 0.590243
 0.711504 0.615724 0.628081 0.663706 0.651574 0.460898 1.00282 1.20032 0.532628 0.275193 0.411237 0.567182 0.512194 0.583776 0.600082 0.647072 0.648187 0.469818 0.366119 0.494059
 1.04711 0.650913 0.312799 0.451932 0.53708 0.727899 0.852086 0.784851 0.721727 0.584948 0.645033 0.90185 1.02087 0.999458 1.83978 2.11208 0.921874 0.673724 0.628391 0.488755
 1.00394 0.746184 0.329828 0.274539 0.368349 0.441256 0.70016 0.664468 0.495706 0.494944 0.424216 0.549014 0.771577 0.773336 0.727916 0.961124 1.14478 0.849238 0.802269 0.988068
 0.839789 0.385481 0.360272 0.352126 0.232541 0.291639 0.318551 0.386041 0.557498 0.784367 0.896973 0.540443 0.466546 0.647172 0.719821 0.612318 0.508907 0.4142 0.378993 0.664942
 1.05538 0.766267 0.250007 0.168306 0.151946 0.29318 0.393154 0.804519 0.89252 0.346383 0.402003 0.740321 0.975156 0.747762 0.405312 0.39201 0.878959 1.08618 0.526309 0.336596
 1.2321 1.69027 1.3781 0.466474 0.31904 0.424143 0.507826 0.353333 0.216439 0.167261 0.661707 1.14896 0.899884 0.517335 0.175176 0.348998 1.24942 1.98661 1.6922 1.19072
 1.09593 1.36439 1.07124 0.537449 0.386155 0.299112 0.474215 0.77131 0.540342 0.312562 0.312609 0.267495 0.257664 0.366842 0.564857 0.613499 1.09212 1.24446 0.670726 0.660989
 0.865432 0.537715 0.50791 0.461504 0.515535 0.921459 1.00184 0.649524 0.718281 0.250749 0.116434 0.195733 0.325217 0.373632 0.420159 0.730717 1.21439 1.4926 1.15498 0.739994
 1.21079 0.902828 0.768879 0.509441 0.38517 0.446893 0.777539 0.790665 0.609244 0.677187 0.72592 0.780956 0.503017 0.257746 0.230342 0.393714 0.515598 0.400817 0.294986 0.625752
 1.02127 0.574948 0.427768 0.596888 0.749897 0.430061 0.703546 0.812268 0.372571 0.405743 0.961384 1.40609 0.995608 0.568057 0.776588 0.961529 0.566319 0.462587 0.498484 0.685626
 1.31385 1.08825 0.595997 0.277033 0.151478 0.124631 0.292403 0.377329 0.159039 0.0657881 0.145668 0.310751 0.353608 0.623226 0.779488 0.398776 0.355942 0.587167 1.03185 1.65769
 1.47655 1.29928 0.460898 0.489238 1.31079 1.93017 1.44136 1.45032 1.37834 0.510482 0.263659 0.231633 0.35043 0.299219 0.342416 0.634871 1.11467 1.1254 0.640176 0.634761
 0.980106 0.674298 0.967595 0.661217 0.2335 0.323228 0.391209 0.545117 0.65403 1.09072 1.09775 0.458797 0.594102 0.773036 0.513725 0.264518 0.381337 0.537588 0.364269 0.405882
 0.928366 0.270732 0.382046 0.557333 0.408251 0.485574 0.649735 0.618905 0.47934 0.617316 0.71732 0.422237 0.309729 0.279238 0.411795 1.36205 1.68517 0.900785 0.632854 0.633484
 1.16877 0.836935 0.638525 0.633068 0.673278 0.455391 0.612831 0.636163 0.351761 0.246349 0.451874 0.745401 0.832399 0.609975 0.399165 0.415239 0.625224 0.600394 0.660528 0.934007
 1.27792 1.08152 0.870384 0.664525 0.461319 0.519753 0.686418 0.711773 1.00523 1.03831 1.09665 1.53551 1.84162 1.4455 0.498582 0.670025 1.06043 0.770289 0.484827 0.599998
 0.97191 0.469369 0.266353 0.309749 0.378311 0.564916 0.967752 0.819819 0.614262 0.619497 0.685273 0.80933 1.18848 1.25185 0.7286 0.524166 0.586359 0.773862 0.902112 0.916492
 0.954653 0.547522 0.509467 0.389644 0.348671 0.454784 0.426996 0.408895 0.388479 1.16963 1.50326 1.21226 1.43847 0.928855 0.772195 0.887332 1.07918 1.22507 0.844071 0.85369
 0.784632 0.887449 1.04692 1.4881 1.70337 0.940318 0.470228 0.67953 1.06684 2.79139 2.89789 1.03739 0.694186 0.744191 0.885992 0.845666 1.01644 0.812146 0.679061 0.929087
 0.432536 0.418387 0.600811 0.387076 0.425358 0.502623 0.593561 0.56018 0.609277 0.554011 0.996445 1.39907 1.01123 0.879845 0.618055 0.332483 0.276782 0.618682 1.23905 1.46098
 1.33902 1.10634 0.598652 0.358258 0.15717 0.282449 0.501362 0.507356 0.56005 0.36329 0.23977 0.216361 0.249475 0.688178 0.802886 0.467914 0.70147 0.72046 0.328466 0.784446
 0.895367 0.412219 0.759802 0.802578 0.326193 0.494457 0.496579 0.710012 0.600098 0.750785 0.962948 1.08218 0.760879 0.34547 0.283776 0.156205 0.286665 0.485493 0.467723 0.467113
 0.8412 0.33456 0.24211 0.310574 0.349877 0.749086 0.868893 0.396198 0.409834 0.459758 0.365896 0.301461 0.893989 1.44039 0.880034 0.651381 0.735189 0.540724 0.356299 0.407058
 0.937886 0.530324 0.438273 0.463345 0.51039 0.554195 0.624738 0.479049 0.321751 0.464287 0.471032 0.445976 0.611175 0.835619 0.71798 0.284836 0.183815 0.313104 0.462353 0.494301
 0.966058 0.441594 0.37268 0.417556 0.628412 1.244 0.988435 0.570495 1.05306 1.00603 0.488147 0.377567 0.486083 0.657518 0.785925 0.906686 1.22267 1.19617 0.698656 0.41387
 0.857455 0.335421 0.315098 0.322588 0.266479 0.305335 0.672742 0.835815 0.323861 0.455687 0.704897 0.756382 0.791729 0.552191 0.369982 0.390525 0.616809 0.650993 0.383837 0.336731
 0.834398 0.679539 0.999941 1.63736 1.27433 0.64987 0.522248 0.393887 0.328264 0.678238 1.11009 0.744381 0.441857 0.767188 0.932653 0.759405 0.781685 0.818831 1.2005 1.05823
 0.759738 1.23005 1.57817 0.722212 0.553348 0.684551 0.674702 0.492277 0.61693 0.833729 0.660496 0.684076 0.827959 0.85583 0.560024 0.384504 0.627117 0.665749 0.732771 0.713885
 1.05875 0.749398 0.625391 0.815013 0.852148 0.626553 1.06687 1.54545 1.04758 0.524988 0.604982 0.565949 0.667165 0.605232 0.401907 0.599943 0.550552 0.430479 0.75575 0.750297
 1.0094 0.705198 0.652331 0.618784 0.681943 0.702779 0.734581 0.843652 0.704963 0.2599 0.434797 0.579446 0.47062 0.626625 0.817375 0.787905 0.587764 0.34114 0.484825 0.599297
 1.04728 0.767004 0.652664 0.474517 0.388338 0.383367 0.43776 0.407367 0.6844 0.757542 0.502508 0.512251 0.506592 0.490117 0.734096 0.729903 0.902691 0.830744 0.506361 0.666884
 0.602835 0.325386 0.196382 0.405211 0.899298 0.789652 0.860367 0.711779 0.97361 0.975997 0.332177 0.35438 0.509346 0.634808 0.653879 0.5234 0.410196 1.55123 2.08625 1.28177
 0.813168 0.473339 0.467054 0.979309 0.923345 0.602459 0.579538 0.57709 0.623284 0.655704 1.13441 1.10153 0.648032 0.38776 0.381426 1.3331 1.87822 0.922578 0.472401 0.82082
 1.502 1.46949 0.975182 0.768955 0.639989 0.559722 0.573427 1.00011 1.07932 0.577123 0.575161 0.813982 0.696685 0.600051 0.613334 0.483984 0.313542 0.443769 0.63013 0.643531
 1.48459 1.5831 1.0924 0.886035 0.70331 0.549722 0.435127 0.279793 0.352329 0.42291 0.239939 0.419385 0.781349 1.29021 1.3551 1.16776 0.945037 0.482212 0.449934 0.490245
 1.16647 0.904913 0.607417 1.21049 1.31814 0.864747 1.67387 2.14475 1.51779 0.703687 0.426921 0.807714 1.27363 1.1759 1.12659 0.653553 0.36359 0.432592 1.10491 1.40075
 1.04529 0.833959 1.05445 1.23384 1.29731 1.28894 0.921122 0.600505 0.592273 0.83159 0.525084 0.425607 0.867835 1.1271 0.783303 0.680203 0.415169 0.459824 0.551097 0.656901
 1.05465 0.723564 0.244915 0.281154 0.478306 0.779831 0.783143 0.572495 0.464287 0.203169 0.165276 0.315502 0.535242 0.502858 0.457534 0.616191 0.641511 0.382983 0.522343 0.62048
 0.99792 0.69739 0.498822 0.633033 0.676418 0.380793 0.350642 0.361977 0.412407 0.516672 0.59156 0.609564 0.980526 1.22154 0.810312 0.771569 1.21762 1.56383 0.775959 0.424129
 1.14117 0.544081 0.347751 0.48871 0.684839 0.976181 0.97676 0.682606 0.668074 0.423064 0.375864 0.322301 1.0062 1.49294 0.55101 0.314571 0.344681 0.479383 1.23379 1.64902
 1.01644 0.497174 0.355535 0.475393 0.555444 0.524709 0.531014 1.23724 1.31253 0.389942 0.157712 0.338425 0.66309 0.691286 0.678437 0.870371 0.630903 0.341631 0.415861 0.531698
 1.11188 0.403297 0.559243 0.808498 0.480755 0.608875 0.669622 0.333928 0.231673 0.368051 0.440938 0.368373 0.519084 1.34019 1.6836 0.741337 0.55259 0.70951 0.834277 0.4298
 1.14591 0.340026 0.402095 0.471003 0.23383 0.672088 1.11513 0.911795 0.955433 1.33161 2.14249 2.33564 1.18987 0.780697 0.98052 1.40821 1.2463 0.893465 0.764138 0.657367
 1.04948 0.674462 0.310303 0.391622 0.439379 0.731172 1.08908 0.686421 0.317477 0.441392 0.71264 0.549385 0.278452 0.480583 0.57703 0.317723 0.307994 0.335923 0.247401 0.2456
 0.740029 0.533303 0.371639 0.20181 0.470062 0.672534 0.457346 0.84616 1.3877 1.0827 1.12521 0.999469 0.367547 0.345688 0.596961 0.966041 0.905329 1.14723 1.19481 0.484459
 0.50226 0.132139 0.104064 0.0836047 0.184696 0.663202 0.910371 0.778291 0.687159 0.426205 0.379589 0.438527 0.894812 1.46448 1.13978 0.683937 0.425824 0.579843 0.691471 0.42875
 1.30741 1.02022 0.460533 0.433246 0.483194 0.386332 0.254304 0.293931 0.358195 0.504 0.880559 0.771017 0.91228 1.12359 0.920547 0.84027 0.84075 1.26398 1.26319 0.6193
 0.938366 0.385996 0.334739 0.560026 0.690702 0.511011 0.306573 0.242235 0.516756 0.749256 0.515045 0.340512 0.600611 0.898262 0.71537 0.595787 1.46529 1.68854 1.20311 0.908342
 1.00673 0.72107 0.543804 0.875944 0.97949 0.397404 0.271083 0.468741 0.536277 0.414146 0.356514 0.559776 0.774075 0.67369 0.58358 0.913363 1.36171 1.05168 0.519767 0.395704
 0.853038 0.562897 0.694098 1.0619 1.11702 0.95634 1.09343 0.751044 0.732844 0.599494 0.248328 0.296092 0.46271 0.406369 0.269501 0.325927 0.343719 0.606262 0.627287 0.421298
 0.917933 0.251098 0.247293 0.256974 0.388456 0.460385 0.645247 0.590419 0.557884 0.655289 0.685704 0.561055 0.297103 0.309619 0.651835 0.631501 0.480503 0.466642 0.49164 0.958905
 1.20852 0.771404 0.642287 0.809111 0.578273 0.626529 0.656371 0.636531 0.583453 1.17632 1.43412 0.707072 0.345991 0.382418 0.410461 0.78273 0.985168 0.517292 0.360722 0.476455
 0.971982 0.439906 0.1793 0.200533 0.292086 0.421865 0.346015 0.145604 0.881339 1.2442 0.574011 0.377809 0.298748 0.248359 0.401378 0.369327 0.202152 0.232734 0.25412 0.360037
 1.08879 0.677114 0.617454 0.745052 1.19069 1.17359 0.606351 0.463731 0.427923 0.332338 0.552846 0.882847 0.545307 0.390598 0.557651 0.58981 0.486724 0.502575 0.59976 0.418415
 0.880634 0.471039 0.298265 0.371668 0.644791 0.697009 0.539109 0.477657 0.400148 0.386086 0.786568 0.855741 0.627111 0.354233 0.139202 0.349837 0.467003 0.271525 0.248349 0.254284
 1.38376 0.998774 1.10957 1.2062 0.332095 0.149858 0.157115 0.172995 0.329261 0.750292 0.810569 0.613877 0.504895 0.371531 0.469395 0.367474 0.725324 0.805843 0.356672 0.350622
 1.08803 0.842017 0.777489 0.566331 0.889707 0.774108 0.857876 0.846776 0.503397 0.33892 0.515882 0.931312 1.07101 0.997853 0.714085 0.745658 0.962044 0.7907 0.696101 0.786095
 0.903237 0.598088 0.609805 0.427708 0.416603 0.821332 1.09076 0.668269 0.794133 0.891056 0.667759 0.311204 0.13384 0.200693 0.357862 0.392618 0.493839 0.457786 0.299538 0.761329
 0.758473 1.09584 0.888494 0.555877 0.904057 0.749999 0.597505 0.497486 0.365375 0.639827 0.809561 0.625332 0.565882 0.385174 0.44946 0.676996 0.862704 0.839472 0.443815 0.263436
 0.795817 0.854134 0.88275 0.860687 0.828647 0.407618 0.272219 0.193421 0.471365 0.629364 0.691234 0.780753 0.45083 0.529093 0.574174 0.66049 1.22262 1.32177 0.975809 0.574295
 0.768889 0.471784 0.682486 0.902492 0.526512 0.611075 1.48711 1.57314 0.7683 0.551679 0.431106 0.605271 0.704461 0.515371 0.468934 0.890565 0.902732 0.605058 1.23972 1.33283
 0.569703 0.235716 0.401941 0.328068 0.224263 0.529222 0.945187 0.73294 0.518965 0.404378 0.215218 0.362957 0.529314 0.666759 0.657028 0.993669 1.17914 0.94849 1.07578 0.754132
 1.18654 0.901206 0.463722 0.320281 0.472583 0.346794 0.197592 0.209116 0.200491 0.402567 0.883507 0.939815 0.576802 0.580724 0.592734 0.371903 0.163156 0.22918 0.329883 0.414488
 0.771801 0.361213 0.353496 0.239489 0.547059 0.710869 0.439957 0.507852 0.671183 0.46493 0.722848 0.849718 0.521066 0.455031 0.524899 0.706674 0.662508 0.390859 0.526393 0.814689
 1.02669 1.41109 1.31478 0.805301 0.476133 0.314178 0.257227 0.564803 0.851746 0.726419 0.33916 0.258924 0.52521 0.543483 0.437722 0.31016 0.478069 0.648957 0.555331 0.588161
 0.669646 0.425828 0.389813 0.401384 0.663842 0.852981 1.13924 1.20703 0.947396 0.846881 0.571349 0.3934 0.358601 0.889849 1.20308 0.717335 0.499849 0.427007 0.405429 0.542081
 0.81939 0.763145 0.427883 0.146416 0.161302 0.16654 0.185788 0.478172 0.614607 0.349553 0.295875 0.485022 0.692841 0.665516 0.88801 1.11565 1.1031 0.776673 0.666667 0.651166
 0.773221 0.266992 0.574684 0.772687 0.506551 0.473225 0.9886 1.07615 0.857498 0.53839 0.279317 0.218183 0.142824 0.183168 0.363123 0.738537 0.700165 0.702301 1.10037 1.29163
 0.813131 0.681296 0.51515 0.262681 0.398973 0.460886 0.587137 0.574798 0.471236 0.688328 0.800234 0.778703 0.855518 0.694836 1.05368 1.6676 1.2983 0.795809 0.623189 0.635071
 0.686741 0.232892 0.16493 0.513727 0.822233 0.602303 0.435774 0.295689 0.189053 0.987231 1.55155 0.860075 0.513653 0.459082 0.56035 0.522574 0.424658 0.678388 0.745891 0.46753
 0.822039 0.297397 0.25767 0.450769 0.474156 0.395328 0.40627 0.410745 0.339639 0.415886 0.6784 0.639314 0.821584 0.842145 0.360411 0.424677 0.794252 1.21222 0.94292 0.447479
 1.23777 0.428057 0.393808 0.444531 0.591497 0.514913 0.404937 0.546605 0.421275 0.304186 0.311787 0.358913 0.385422 0.764943 0.871993 0.467627 1.14854 1.2287 1.30192 1.93328
 0.939057 0.382263 0.348015 0.405657 0.454819 0.534611 0.888179 1.86312 2.2333 1.63187 0.713142 0.446824 0.585346 0.724167 0.757882 0.477307 0.363928 0.392657 0.909371 1.49371
 0.840899 0.373089 0.762275 1.12955 1.46895 1.21158 0.652073 0.614903 0.595056 0.474824 0.626294 0.60965 0.532167 0.550129 0.31093 0.467797 1.1677 1.22233 0.500335 0.457454
 1.09672 0.558197 0.24859 0.237395 0.330957 0.294313 0.656369 0.841578 0.706453 0.977977 1.13229 1.42696 1.10738 0.68955 1.18205 1.12028 0.827658 0.796405 0.732608 1.01659
 1.03719 0.557505 0.395754 0.398047 0.473007 0.643653 0.735826 0.473177 0.567641 0.529412 0.490267 0.877392 1.04402 1.20442 1.02474 0.721818 0.632455 0.664889 0.520683 0.563001
 0.898887 0.218711 0.142655 0.202967 0.209431 0.33364 0.913854 1.53859 1.11051 0.371617 0.361396 0.750106 0.801528 0.469302 0.311335 0.51763 0.433797 0.644211 0.772128 0.508195
 0.846454 0.476976 0.474853 0.542132 0.817557 0.790133 0.889734 0.707735 0.389418 0.633789 0.573559 0.236491 0.181948 0.179771 0.231716 0.457088 0.714604 0.779952 0.518277 0.633346
 1.03582 0.751947 0.295702 0.444895 1.03679 1.10387 0.493334 0.18847 0.241945 0.278436 0.311262 0.301691 0.85898 1.04604 0.633561 0.504998 0.337811 0.399773 0.459658 0.725764
 0.961882 0.532853 0.429079 0.465198 0.42267 0.233505 0.368084 0.725302 0.96749 0.697378 0.484645 0.655686 0.836421 0.776349 0.72904 0.639371 0.569636 0.755522 0.84552 0.714111
 0.661868 0.383828 0.288495 0.567782 1.0594 0.826328 0.498037 0.705781 1.04499 0.966684 0.625304 0.764828 0.766647 0.478443 0.488811 0.950326 0.884282 0.292792 0.252277 0.404127
 1.1587 0.864538 0.757981 1.04145 1.29148 1.07288 0.548444 0.654169 0.726919 0.66056 0.510008 0.559452 0.772895 0.880514 0.685017 0.444119 0.427443 0.518294 0.736244 0.555661
 0.835323 0.787118 1.04059 1.01259 0.541908 0.330221 0.576668 0.78667 0.791646 0.691041 1.06937 1.24067 0.689857 0.310407 0.281815 0.31312 0.531869 0.708091 0.568947 0.471904
 1.04632 0.750461 0.467561 0.216067 0.367729 0.533442 0.359879 0.301362 0.331004 0.3186 0.339225 0.417238 0.497643 0.576121 0.899724 1.26685 1.09588 1.28012 1.52575 0.906564
 1.48983 1.55838 1.06062 0.393723 0.608053 0.770468 0.937974 0.967142 0.319643 0.321404 0.403899 0.538576 0.581043 0.399989 0.334943 0.62857 0.728264 0.484033 0.365605 0.376535
 0.86829 0.975839 1.12422 0.681972 0.465551 0.262238 0.409254 0.585611 0.690703 0.812056 0.71934 0.599732 0.618434 1.58742 1.8196 0.795195 0.650849 0.826078 1.02576 0.884535
 0.805854 0.321024 0.470391 0.789884 1.02621 0.819881 0.599303 0.669849 0.749941 0.771446 1.41764 1.65441 1.02216 0.718621 0.747002 0.713613 0.519886 0.388917 0.380151 0.296071
 0.912852 0.837284 0.649289 0.418893 0.519288 0.39055 0.408327 0.540961 0.519059 0.91892 1.10182 1.04877 0.940464 0.559087 0.552267 0.614488 0.55184 0.702176 0.61714 0.426193
 1.13089 1.26182 1.03158 0.622719 0.826721 1.17338 1.15379 1.23512 1.96565 1.82416 0.964041 0.651819 0.683487 0.875915 0.729888 0.62948 0.578228 0.465889 0.60438 0.734279
 0.93044 0.346458 0.271005 0.422814 0.735905 0.776264 0.534564 0.648485 0.73385 0.801326 0.717592 0.333583 0.543296 0.737515 0.816629 0.9104 0.754031 0.725761 0.718663 0.762106
 1.37899 0.737787 0.736552 0.785778 0.407781 0.525015 0.513188 0.27273 0.26207 0.402531 0.725943 0.732958 0.660944 0.927158 0.73377 0.498387 0.59957 0.563628 0.62215 0.515377
 1.04054 0.530599 0.870517 0.946374 0.384049 0.569501 0.754854 0.803863 0.761142 0.653219 0.808263 0.886922 0.826715 0.633319 0.463121 0.291529 0.211821 0.570826 0.937629 0.722723
