 75039.7 49330.4 30486.8 19523.2 9847.51 2912.66 24.0163 1.1644e-06 5.19158e-10 2.81665e-17 1.03167e-20 7.49669e-28 3.10458e-31 2.2428e-38 9.65204e-42 8.77979e-49 4.15564e-52 3.50245e-59 1.23475e-62 1.15049e-69
 80865 71919.3 52320.4 39859.3 34400.3 31207.7 27340.9 27362.9 32631.9 38209.2 47788.5 65386 67496.7 76067.9 83140.5 74986.6 58402.9 52046.7 47893.3 43467.8
 80613.2 67509.6 60044.6 53074.6 58906.5 78270 90562.3 106698 118608 133190 157656 173421 184821 200325 187743 194047 195796 180993 157084 120032
 76727.6 52615.4 31512.5 16242.4 10183.4 3024.48 31.059 1.63479e-06 1.72493e-09 1.12279e-16 1.54639e-19 1.08139e-26 7.88599e-30 6.7394e-37 3.99885e-40 3.58909e-47 2.21466e-50 1.96342e-57 1.48195e-60 1.43984e-67
 72542.5 48477.1 27213.6 18816 12560.6 8423.15 386.253 0.00695857 2.2486e-08 5.55213e-13 1.8281e-18 4.75498e-23 1.0752e-28 4.33937e-33 1.58699e-38 4.77885e-43 1.19086e-48 3.45454e-53 7.58491e-59 1.03477e-63
 90655.7 80428.3 59287.6 56985.3 62467.7 61258.2 63240.8 73388.2 86809 109267 132777 161879 218242 304486 335568 324550 272975 211924 161477 120361
 85944.3 64819.1 38848.7 24563.9 23045.1 21010.3 18082.4 17677.1 15489.3 11080.3 2055.39 10.379 9.79143e-07 8.67711e-10 9.81655e-17 7.226e-20 8.23652e-27 4.09715e-30 5.36109e-37 2.9823e-40
 97827.8 74420.2 60315 31766.2 22797.4 15516.5 9177.5 425.786 0.0193099 1.8632e-08 1.39642e-12 1.18009e-18 1.01923e-22 9.31934e-29 8.34868e-33 1.10513e-38 1.14051e-42 7.69277e-49 7.18561e-53 4.99094e-59
 104347 88901.9 77156.6 52300.4 34537.7 31819.2 31791.2 30850.5 28879.1 25154.2 22742.7 19897.8 17999.2 8828.08 77.8591 3.92123e-06 2.53112e-09 1.26928e-16 6.35678e-20 3.84816e-27
 104837 84376 70779.6 56469.4 59351.8 76533.4 85499.9 90547 108007 127194 125273 111153 108508 106650 128686 149388 195657 226909 213657 182484
 109109 93490.7 87207.8 77259.9 85181.9 105810 125649 114888 106077 101150 88043.1 78518.8 74004.7 75508.7 67918.5 59642.2 51082.3 47781.4 51708.1 53143.8
 81701 63212.1 43065.3 27851.4 23370 28693.9 33067.6 45968.2 55281.5 58973.8 63378.1 60500.3 51841.4 50144.5 60179.8 65526.2 64462.9 59065.5 52175 50239
 93534.8 67544.1 47673.4 39234.2 46579.1 53690.8 56910.5 54436.7 48752.2 37282.4 30764.8 32535.5 33852.8 35661.2 43284.3 57221.1 59685.4 54369.2 49873.7 47630.8
 77577.5 49458.4 30615.3 23025.1 23007.8 26064.9 31315.5 48460.3 57879.9 50743.5 61155 61615.7 65076.7 64736.4 67578.7 70531.4 58454.1 46017.4 42727.8 44707
 65855.1 37364 12230.9 4626.56 30.072 7.677e-08 5.56214e-12 1.69168e-20 9.87609e-25 3.47435e-33 1.08352e-37 5.86902e-46 3.12135e-50 1.90853e-58 1.18749e-62 7.7011e-71 3.54413e-75 1.99013e-83 8.45888e-88 5.21591e-96
 88196.9 78101.4 87900.8 94026.8 96318 91254.2 93243.4 119965 140086 150168 162601 238974 285250 306599 338956 348874 356461 369213 332928 250881
 83273.5 48730.2 22102.5 9183.98 1518.89 5.18255 3.21367e-08 7.2738e-13 5.65386e-21 2.05552e-25 2.00805e-33 6.7715e-38 7.41206e-46 2.89934e-50 3.51113e-58 1.3233e-62 1.64607e-70 4.7968e-75 5.53977e-83 1.17031e-87
 76635.1 44770.1 32522 28104.8 20972.9 19825.2 17603.3 15985.3 12009.8 1236.6 1.35076 2.51805e-09 7.13246e-14 1.66702e-22 2.01624e-27 5.2036e-36 3.96325e-41 1.22714e-49 1.23802e-54 5.42435e-63
 80647.7 64759.2 47119.6 41394.9 47064.5 59129.3 60802.7 77835.8 89897.6 100153 124093 174814 229272 265519 266658 243947 235184 242190 230036 192597
 80149.2 67823.5 45419.2 34896.3 31216.9 30916.9 30509.5 31298.3 36011.2 38761.8 43550.5 57995.3 59567.9 66281.4 68619 76650.8 79678.1 93099.3 153338 212025
 89921.3 88385.6 89350.9 98406.4 121434 144092 169152 171925 172606 192101 211307 247494 297044 375587 466381 523809 491945 402063 337373 305058
 74371 54011 33922.7 22420 13411.5 6549.49 53.1045 6.80698e-06 3.47736e-09 7.00878e-16 2.3136e-19 6.4756e-26 1.96126e-29 5.53579e-36 1.37019e-39 2.66814e-46 7.50229e-50 1.12068e-56 5.12866e-60 1.02733e-66
 66745.3 36286.7 14226 166.025 0.000100024 4.14139e-09 3.50277e-15 1.31647e-19 9.0963e-26 4.44459e-30 4.59308e-36 1.85977e-40 1.72569e-46 1.27479e-50 8.78894e-57 5.06788e-61 4.77238e-67 5.78736e-71 3.98202e-77 3.82246e-81
 77776.9 64200.2 42657.6 42665.8 52133 66816.3 80592.8 96498.4 88415 70844.5 63488.4 65934.5 62153.6 55703.7 54591.2 57230.9 67654.7 88248.6 107761 102532
 122815 143982 161053 154142 134229 117850 120929 109455 109320 126987 148831 179055 193820 213563 240910 239502 231687 240423 249150 251039
 100433 98743.9 91054.7 77261.8 71537 100320 126039 133757 125589 126565 116502 91870.7 60848.4 76266.9 135972 208012 243669 253480 266969 284609
 124424 134567 121838 147235 162415 192854 251287 259481 256638 266712 240342 198953 160736 125202 95823 82978.4 83256.2 99110.9 158671 215059
 87685 61652.9 41943 26884 15104.5 8437.32 317.175 0.0276636 4.27998e-08 6.00691e-12 8.11445e-18 9.04962e-22 1.78594e-27 1.95215e-31 3.59456e-37 5.83194e-41 1.2883e-46 2.24788e-50 4.44157e-56 8.81695e-60
 116069 93664 56980.6 40727.4 40942.8 44880.7 52177.5 55940.7 57951 59353.9 62992.3 65417.2 70859.7 82382.4 79055.1 69586.6 60782.1 55953.2 54051.9 50609.4
 137900 123042 96798.6 108968 123575 132115 129682 134291 132285 110680 122843 139369 143087 139077 134307 113814 101284 112014 105949 85619.1
 79933 46753.8 24002 12473.6 3603.97 8.13573 9.45824e-07 8.9337e-10 1.62192e-16 1.36868e-19 2.28538e-26 2.14411e-29 5.48753e-36 5.77209e-39 1.98794e-45 3.08299e-48 1.10271e-54 1.78909e-57 1.19361e-63 9.71959e-67
 76119.6 51237.8 28182.5 723.16 0.0055686 1.49444e-07 2.4445e-12 9.87236e-17 2.66995e-21 9.18371e-26 3.51553e-30 8.29647e-35 3.03484e-39 8.05105e-44 2.48839e-48 8.23736e-53 2.68263e-57 9.25367e-62 3.86133e-66 1.3792e-70
 63077.6 46966.9 22268.9 17687.2 12285.5 1958.38 3.66893 1.19227e-06 1.79291e-09 8.91401e-16 1.36616e-18 7.41532e-25 1.42492e-27 9.98554e-34 3.15292e-36 2.25475e-42 6.39307e-45 4.99922e-51 1.46803e-53 1.28216e-59
 59035.3 43198.7 17443.2 12692.6 2721.76 5.39261 7.6124e-07 1.03106e-09 1.81586e-16 2.80513e-19 4.50871e-26 3.08603e-29 8.4175e-36 8.83732e-39 2.43349e-45 2.16563e-48 5.42877e-55 5.00277e-58 1.15092e-64 1.01039e-67
 62972.4 59258.1 42786.9 14293.5 5469.48 35.9586 1.63583e-05 4.56885e-08 4.39881e-14 8.46943e-17 7.52261e-23 1.04332e-25 1.24437e-31 1.67922e-34 1.47263e-40 2.54714e-43 3.09122e-49 2.9566e-52 4.4988e-58 3.77497e-61
 99041.1 92973.8 67207.1 42013.2 48968.3 56865.4 76922.6 93718.3 119486 143658 134758 120468 148314 160039 172135 171306 161932 142715 138293 129348
 90115.9 89395.6 78292.8 70581.1 60572.6 48784.1 53611.4 53816.1 58610.2 51338.6 44007.5 46777.8 53804.4 59458.2 72590.9 89410 102626 113302 114544 105183
 79640 63124 54164.8 42090.8 30986 27801.9 24693.5 17034.8 13506.7 7668.5 39.8946 5.17758e-05 2.55694e-08 6.07928e-14 3.11799e-17 7.33584e-23 2.87124e-26 8.17433e-32 2.34243e-35 8.91531e-41
 98941.2 83178.6 71113.1 76071.3 85823.9 90809.2 105661 130763 159526 168237 179078 172992 166233 164471 168689 131912 84114.6 53386.4 34116.1 23792.4
 68513.2 53991.5 50290.3 47866.8 52039.2 66562 82581.7 104003 106607 95617.3 76550.3 67357.5 59659.2 55323.9 59097.7 69585 79821.3 95564.7 103296 107862
 84087.7 69994.6 62978.1 61235.4 70862.3 74668.4 73809.7 73471.3 72485.8 78728 83158.7 83951.7 88090.2 81612.2 81682.2 88988.2 87976.9 95636 98783.6 92228
 86768.8 93436.2 86469.7 86525.5 99837.9 111056 111734 112365 107364 105046 117734 139089 140780 129109 115296 113778 117156 129683 136096 139625
 122845 114828 110911 93052.7 88722.3 90958.7 106458 126236 171672 200858 255863 267050 280985 287153 285203 258987 224057 187608 155291 119504
 97368.4 96857.9 90218.4 70446.9 57204.7 48685.4 41115.4 38635.6 41104.8 41666.6 49630.3 56965.7 70797.1 88742.6 124144 150876 172097 172206 161383 152745
 94414 75178.3 66960.2 46626 28514.3 26451.6 34356.7 49563.9 71513.4 100224 99295.2 79550.6 62006.9 58369.6 59621.8 75216.6 99253.1 112580 138565 149481
 91570.6 55763.2 31623.7 12028.2 2206.62 15.0557 7.65079e-06 1.63015e-08 1.28639e-14 2.31038e-17 2.23558e-23 3.31085e-26 4.38781e-32 8.84754e-35 1.27571e-40 2.86772e-43 3.03698e-49 5.81284e-52 7.61475e-58 1.71917e-60
 90257.1 70804.8 57218.1 44693.7 42202 55105.4 74265.4 92799.1 88038.6 81755.5 72496.2 82274.2 86993.8 83913.7 77518.6 63139.7 63241.8 64300.4 62557.6 71365.2
 67896.7 58977.4 46180.8 36723.5 32895.6 25996.3 17566.7 9352.81 83.863 6.10688e-05 1.90238e-10 1.66634e-16 4.79427e-22 5.0652e-28 1.50502e-33 2.36688e-39 8.28892e-45 1.01159e-50 3.70268e-56 7.65459e-62
 74157.3 51017.1 32380.1 21577.3 22340.9 17597.3 12082.5 2773.61 18.3138 3.03749e-06 2.53242e-09 5.15111e-16 4.50644e-19 1.08758e-25 1.34674e-28 3.57846e-35 4.92607e-38 1.67721e-44 2.4374e-47 8.72581e-54
 81747.1 71285 72366.2 120068 159820 163221 171377 200495 228086 207361 187862 171623 169550 153392 163144 194953 249721 290386 295415 288227
 72999.6 48750.5 32594 23502 19376.5 17632.7 16038.1 15232.7 11496.9 5356.87 89.3634 4.1569e-06 2.52088e-09 1.34787e-16 7.25668e-20 4.61195e-27 5.4079e-30 3.55618e-37 4.34385e-40 3.31927e-47
 62691 50206 34874.9 21649.3 20647.1 21348.3 20567.7 19926.5 21024.7 21396.4 21757.5 19890.3 18777.3 24471.5 30407.7 35953.4 41538.5 47797.6 51841.2 62282.3
 106763 101541 100619 114969 135153 156279 168094 182586 182794 158718 153852 186397 215533 221676 239829 269323 263675 224960 186379 188486
 86693.5 70458.3 59694.2 64608.3 73531.1 67278.7 71289.3 99989 138297 194841 213289 188643 167208 177079 203118 228601 244079 227071 204569 210217
 91496.1 84845.9 92040.7 83683.5 79734.3 80620.5 82661.8 79714.5 85665.6 101755 115562 130743 148424 183251 206693 209179 172449 139548 120933 108301
 87472.2 65775 61226.8 58644.9 68509.9 87547.2 119097 158680 232528 284209 270866 237828 212113 187226 172551 172731 169514 152188 127104 103613
 111191 100197 94091 99920.9 122038 124789 122013 149835 167763 162619 154767 162570 176048 189402 193620 197562 204813 191071 170045 160023
 81998.7 96684.3 104238 105425 107141 106271 93140 76010.8 60584.4 53799.1 45008.8 40723.8 35598.5 33835.6 29237.2 22151.1 16715.8 7738.6 87.0759 8.68211e-06
 60219.9 40779.6 13473.3 5485.07 45.5418 7.52556e-07 9.98047e-11 2.0475e-18 2.14692e-22 5.2423e-30 8.00756e-34 2.22573e-41 2.78348e-45 1.25102e-52 1.5324e-56 6.65854e-64 5.82115e-68 2.47913e-75 2.14742e-79 9.43929e-87
 75663.3 46667.1 18752.2 1567.95 1.33584 2.53594e-08 1.49198e-12 3.06576e-20 1.53144e-24 3.83886e-32 2.37813e-36 7.04081e-44 4.11821e-48 1.51052e-55 1.11322e-59 4.82717e-67 2.25937e-71 7.71516e-79 2.26792e-83 7.09497e-91
 52434.8 32639.2 14543.9 9734.97 707.703 0.0296007 1.22308e-07 5.61498e-12 2.24534e-17 1.60426e-21 8.27547e-27 4.8322e-31 3.61075e-36 3.45201e-40 1.7816e-45 1.77757e-49 8.65078e-55 8.90681e-59 2.15919e-64 3.38021e-68
 56045.7 36260.9 17079.5 12271.3 5091.48 60.4653 2.07405e-06 6.58156e-10 2.6634e-17 7.93512e-21 3.27144e-28 6.62535e-32 3.28328e-39 6.08372e-43 3.68018e-50 8.79541e-54 5.52221e-61 6.12275e-65 3.88294e-72 5.5851e-76
 58009.8 32400.7 19279.4 12150.4 9659.6 912.358 0.355034 2.69774e-09 1.32486e-13 1.13499e-21 4.26973e-26 5.47784e-34 2.29636e-38 2.99303e-46 1.85122e-50 2.65584e-58 1.11995e-62 1.81141e-70 7.85228e-75 1.77274e-82
 69656.3 53577.5 28626.2 22184.1 17954.8 14934.8 9833.36 1484.09 1.68663 1.81243e-08 1.03896e-11 1.4095e-19 1.16143e-22 1.93341e-30 8.79532e-34 2.07055e-41 1.50031e-44 3.48071e-52 2.66351e-55 6.83936e-63
 90907.1 88046.4 96474.7 102053 88929.1 71772.5 67696.5 58985.6 51364.6 50806.9 48100.8 37952.3 27411.8 21061.9 11289 90.7605 5.35563e-06 1.22559e-11 7.13938e-19 1.73618e-24
 79319.4 49706.7 24041.6 9644.7 1404.83 2.25096 2.59494e-08 1.43421e-11 2.23152e-19 1.93564e-22 4.052e-30 2.11341e-33 4.97412e-41 2.20084e-44 4.856e-52 1.81927e-55 4.7699e-63 1.70551e-66 4.04655e-74 1.25396e-77
 71932.2 45645.3 23390.5 10271.1 2526.85 4.22493 1.44642e-08 3.43434e-12 1.38608e-20 2.01702e-24 1.12133e-32 1.37309e-36 1.02608e-44 1.34553e-48 1.26865e-56 1.20677e-60 1.08158e-68 1.40768e-72 9.97511e-81 9.89812e-85
 57414.6 32515.9 10259.4 1655.2 1.64983 2.53324e-09 2.91345e-13 5.18096e-22 5.13358e-26 1.07784e-34 9.76937e-39 2.08747e-47 1.34167e-51 4.04704e-60 3.61474e-64 9.70448e-73 5.88397e-77 1.63151e-85 4.7303e-90 1.72044e-98
 80228.4 55192.7 32190.6 14793.2 11143.9 3877.71 34.8518 3.80309e-07 1.06221e-10 1.32725e-18 3.2355e-22 4.19182e-30 6.92648e-34 9.07278e-42 1.18434e-45 1.93555e-53 3.06665e-57 6.22783e-65 1.47888e-68 3.16753e-76
 64717 40965.2 24478.9 16969.9 8428.05 550.565 0.0213115 1.86133e-09 1.1566e-13 1.14177e-20 8.75779e-25 1.34756e-31 8.89446e-36 1.39224e-42 9.96119e-47 1.8906e-53 1.47181e-57 2.44096e-64 1.56976e-68 3.05102e-75
 81507.2 49765.2 22629.7 3981.66 22.2626 4.48836e-07 3.4948e-10 8.47285e-18 7.71144e-21 1.96816e-28 1.80562e-31 4.48357e-39 2.85545e-42 7.29033e-50 3.78385e-53 1.19339e-60 9.44651e-64 3.38477e-71 1.51008e-74 7.2489e-82
 99133.1 71619.8 43353.2 26131.3 16744.1 7601.19 442.107 3.12675e-05 2.00098e-09 1.77844e-16 1.04969e-20 9.81543e-28 5.01249e-32 5.44444e-39 2.27865e-43 2.67219e-50 7.64465e-55 1.02627e-61 3.73458e-66 5.59926e-73
 90352.2 74005 55822.5 55046 61701.6 63430.7 65870.8 73223 76866.3 76831.8 74490.5 72212.7 80119 81331 77118.2 82480.6 80847.6 70485.2 65269.2 64505.5
 92087.8 76260.2 66396.6 56359 57595.1 67225.7 76855.4 83670.5 88626.5 90641 91367.2 126569 169447 173023 155885 133714 107638 82856.9 63617.1 51538.8
 73226.8 58459 50752.7 50651.3 68100.7 86252.5 76359.6 62721.2 61898.5 69282.1 85858 93337.7 113779 167174 228037 287161 325765 312325 255724 243992
 67353.5 45362.6 31072.2 23077.8 16275.9 13353.4 9241.79 2639.4 27.2032 1.08268e-06 2.1692e-10 9.50269e-18 7.99792e-22 3.95069e-29 3.2354e-33 1.79861e-40 1.22297e-44 8.84475e-52 5.06773e-56 4.22493e-63
 90301.4 69379.5 49544 39312.7 35835 29295 25770.2 23620 20025.5 14070.3 5901.79 129.394 3.35408e-05 6.36605e-09 1.96055e-15 7.21021e-19 2.48087e-25 1.06541e-28 3.87375e-35 1.60045e-38
 65934.1 48423.9 35509.1 25940.2 24214.1 21805.1 19300.2 7302.93 66.4286 9.8623e-06 1.46832e-08 3.04604e-15 4.82743e-18 1.23135e-24 1.37541e-27 3.40056e-34 3.98764e-37 1.40716e-43 1.29876e-46 3.99468e-53
 82575.7 58302.2 35340.5 28068.4 14392.3 10327.2 2157.86 3.9655 7.22012e-07 1.21257e-09 3.0852e-16 5.77681e-19 1.66469e-25 2.76508e-28 1.19976e-34 2.0853e-37 1.22762e-43 1.71597e-46 1.03389e-52 1.11916e-55
 63021.1 44839.7 35076.8 34808.3 37032.3 41829.4 51363.9 60456.8 67251.5 80211.1 101564 105000 97782.1 98579.8 88105.2 73048 65663.7 63407 82628.3 86198.6
 95514.4 71223 71467.8 87700.2 109283 114926 102562 84333.7 77281.1 81144 74005.9 56837 41356.5 35947.2 39364.5 42616.8 49745.8 53234 47238.6 39213.7
 93751.3 61557 31327.5 11498.6 3132.44 5.77493 2.29998e-08 6.10824e-12 3.08295e-20 7.79229e-24 5.1854e-32 1.53826e-35 1.06278e-43 2.56545e-47 2.47985e-55 6.87094e-59 7.02756e-67 1.64299e-70 1.58211e-78 3.72836e-82
 85639 57156.4 42594 45055.1 51187.6 52553.2 52072.3 57910.4 77668.3 99563.4 120056 140010 205901 275776 335587 340316 289997 271111 277077 300466
 100224 66016.3 49824.4 45905.3 47028.8 40646.2 44063.9 55252.9 73458.7 101228 114503 114556 104148 98819 113776 126799 149391 152932 127189 100805
 85686.1 71603.3 53150.1 38673 30345.7 23913.5 20278.8 25888.1 34739.9 48213.2 61150.1 78561.6 88010.3 119460 151118 179938 209280 214759 209909 203018
 93511.7 60425.8 32016.5 24460.7 22598.7 20338.7 20880 19742.1 18375.4 12064.5 3640.03 8.69878 1.40734e-08 1.61904e-12 3.32141e-21 3.9355e-25 8.37141e-34 7.19231e-38 1.75009e-46 1.84942e-50
 97210.2 72449.9 56568.8 40260.7 47634.1 49495.9 54969.8 61405.8 61702.7 61424.6 70333 71394 72119.6 79412 99764 110792 128959 154667 147201 154006
 77750.7 43668.5 18070.4 838.091 0.17376 1.91067e-09 2.85899e-13 4.01577e-21 8.49805e-25 1.47307e-32 2.83951e-36 6.18831e-44 1.62232e-47 3.07838e-55 5.97308e-59 9.33679e-67 1.41702e-70 2.31162e-78 2.35485e-82 4.04118e-90
 73759.6 49176.5 30291.9 22924.6 20001.4 18913.5 17589.3 14722.1 12133.9 3714.03 13.0586 5.5965e-08 1.17507e-11 5.80315e-20 1.05826e-23 6.62263e-32 1.26191e-35 8.8369e-44 1.6445e-47 1.4505e-55
 78174.1 65410.8 55588.9 52504.6 46805.3 42696.9 33127.5 26875.8 19310.5 16064.8 10408.2 232.459 0.0011823 4.50779e-11 3.5194e-16 9.19806e-24 8.33384e-29 2.42818e-36 1.43135e-41 3.65345e-49
 63395.8 36947.7 20680.8 6694.28 28.8751 1.09937e-07 3.64378e-12 2.01798e-20 7.17704e-25 3.77817e-33 1.53244e-37 1.01985e-45 8.85544e-50 5.43413e-58 3.5829e-62 2.09388e-70 1.17799e-74 6.69195e-83 2.43861e-87 1.69703e-95
 77022.7 51723.7 31834.2 29273.1 32544.9 33993.1 34167.9 35816.5 45330.8 53797.3 63156.4 80710.4 101531 150901 211202 249224 235090 189258 149509 125732
 72209.9 53627.7 36539.6 22945.6 16608.8 9796.58 1480.13 1.71318 1.65306e-09 2.07102e-13 2.39994e-22 3.32999e-26 4.81441e-35 4.04966e-39 7.26538e-48 7.19772e-52 1.40106e-60 1.30074e-64 3.08586e-73 2.93092e-77
 46423.4 22517.5 10852.6 1272.77 1.05434 1.03287e-08 3.84875e-12 4.02111e-20 1.48682e-23 1.64124e-31 3.15223e-35 3.84062e-43 1.00762e-46 1.65045e-54 8.69315e-58 1.5827e-65 9.30113e-69 1.62975e-76 8.09404e-80 1.34075e-87
 64192.4 42090.1 19814.9 8860.47 236.292 0.00583731 2.7584e-09 8.22515e-14 5.75498e-20 3.04391e-24 2.77369e-30 8.64692e-35 8.9663e-41 2.31458e-45 1.78538e-51 3.90634e-56 4.28224e-62 1.02372e-66 1.73177e-72 2.51939e-77
 87679.3 75622.2 53576.8 42486.3 52306.9 67104.9 64593.1 57001.3 56774.2 63558.9 87012.1 115238 152859 157284 145018 181218 203643 199420 179468 152812
 83751.9 55963.5 28101.3 16733.4 8870.8 840.858 1.15819 3.37474e-08 1.12762e-11 3.73621e-19 1.26354e-22 4.60547e-30 1.70705e-33 7.51584e-41 2.898e-44 1.43407e-51 5.78243e-55 3.5141e-62 1.11079e-65 7.7548e-73
 71398.2 57020.2 42854.9 39291.5 64893.4 96976.5 107010 131049 164933 182096 190867 182788 153176 128959 118885 101306 85107.7 69207.3 60309.3 60756.8
 73514.5 51617.9 44037.7 32892.2 28173.4 28949.5 27010.4 24926.4 19735.8 13518.5 5298.91 7.83645 5.5064e-09 1.47062e-13 1.33667e-22 3.56469e-27 4.06353e-36 1.09901e-40 1.36595e-49 2.90886e-54
 70218.5 56741.2 61285.9 63648.4 68710.9 70180.2 74042.1 109520 157298 174694 178427 168427 164783 183752 197951 215221 251050 297773 319646 339964
 85705.5 53771.7 34057.4 24656.6 21283.1 20781.8 20112 20863.1 21626.4 24671.4 27753.1 30550.5 32207.6 35346.5 38857.5 45278.5 69841.1 107494 128453 126573
 80223.2 53296.8 25876.3 22347.4 26757.6 39741.6 72191.5 87892.5 113515 135185 132941 128638 123141 94322.9 79444.1 76978.7 82635.9 83705.8 100524 147222
 100611 71553.9 47564.8 34090.3 28056 27841.5 39951.7 58852.5 84214.3 116841 140887 147877 136693 130346 132971 146037 157498 164941 189209 267836
 102302 90030.5 93327.1 107155 127459 143059 158225 169118 171172 192725 191004 164979 138172 124507 115806 117741 112529 100362 114016 118018
 81941.7 69520.9 47776.1 37577.5 41111.7 54675 66031.9 81948.8 104504 122242 142868 168089 160014 148799 170058 178727 192925 197103 196082 222084
 78815 66441.9 55464.6 53562.6 61682.9 89977.8 103348 104726 98276.5 97405.1 95513.1 82584.2 72138.7 72848.8 93859 131078 174700 181808 171852 183113
 77772.4 53047.6 34301.3 25966.7 29136 40528.2 55508.3 79175.3 110784 130670 148153 170044 189276 216058 273240 319204 337880 308485 270235 230437
 79095.3 60039.2 50249.2 48180.5 57782.6 73353.4 91702.9 115467 124402 122102 123210 123632 151789 155495 145088 181865 211234 197278 189971 187274
 93462.2 74139.3 49397.4 32203.3 33025.6 35191.7 38217.1 46515.2 54394.6 74431.4 89452.5 100199 117993 125755 130556 138722 143238 134837 128749 122720
 66329.6 53775.3 48213.1 48412.5 48512.8 56524.6 59893.2 66348.3 68082.1 53326.6 43630.4 37840.4 34786.4 34281.2 34606.4 33156.1 33005.1 33126.6 42994.5 63307.6
 80169.4 68962.2 50961.3 58521.6 56907.8 58708.1 58175.5 51900.4 44120 40611.7 42403.6 47983.1 52201.2 65595.9 79481.2 73745.9 75359.2 86139.6 89474.6 96886.5
 74028.6 56182.4 42366.7 34307.3 44780.3 52101 60537.9 72969.9 99007.4 140709 177220 199221 200427 176705 127952 87646.8 61821.9 40127.7 26677.6 11731.7
 67614.7 61220.9 51706.9 55459.8 63775.2 66819.8 70987.9 72186.3 61646.2 47917.6 35101.8 33284.4 35379.8 40949.9 43743.1 57273.5 68000.9 68297.8 69729.5 76643.5
 57506 45412 38106.7 47069.6 63187 92680.9 138497 189533 221952 246426 255136 262391 290859 281582 234155 212303 224517 253791 278195 265139
 82400.6 71758 57596.6 52309 53178.2 60345.3 93433 173672 257961 322576 378802 408035 430449 438484 374796 289855 231348 219192 218679 219002
 74460.6 56660.4 44372.3 47100.1 43204 40850.3 39471.1 45026.2 51419.1 63964 105734 145077 187128 218801 224475 222917 246071 292257 335237 371933
 46437.8 27137.2 21586.3 17494.4 14967.9 12176 7347.67 78.1518 5.7889e-07 6.67971e-11 4.63431e-19 4.00534e-23 3.28615e-31 1.76044e-35 1.49403e-43 1.06132e-47 7.16323e-56 4.66188e-60 2.72805e-68 1.147e-72
 56425.9 28476.6 11892.9 2397.11 13.0888 1.71916e-07 1.99348e-11 3.27895e-19 5.17069e-23 9.52288e-31 8.33428e-35 1.85197e-42 1.43828e-46 3.21811e-54 2.22835e-58 5.08749e-66 2.69849e-70 6.35592e-78 2.44308e-82 6.77565e-90
 62473.1 34922.6 12608.3 900.61 0.346653 1.08244e-08 3.06211e-12 1.56678e-19 7.95687e-23 3.51475e-30 1.48391e-33 9.08745e-41 5.64629e-44 3.60807e-51 2.62349e-54 2.07497e-61 1.03609e-64 9.8081e-72 3.46975e-75 3.63424e-82
 88621.5 80070.5 68474.3 73786.7 94399.2 111766 121645 140045 126718 109065 73995.8 63556.1 60513.7 48018.8 46262.5 48487.6 61432.7 78653.6 92176.2 101829
 95582.3 68780.8 45671 38012.7 41215.5 48066.9 51611.5 62946.9 81511.8 90776.4 110724 116545 108197 128328 143233 139240 113360 118512 163086 197134
 91561.8 74382.1 64491.1 59842.4 52395.8 46214.7 48036.3 48564.5 56473.4 59989.8 75577 103304 125303 130241 122089 118304 104866 101105 97912.8 87898.4
 55847.4 34568 20040.1 10347.4 3001.49 17.0784 3.41887e-07 2.16676e-10 5.14781e-18 3.43637e-21 8.53612e-29 2.61011e-32 9.84861e-40 5.01942e-43 2.03753e-50 7.5174e-54 2.62249e-61 9.36507e-65 4.92576e-72 1.66621e-75
 84049.3 64193.6 54538.7 69054.5 94060.8 123267 124184 107644 90380.8 78027.9 73503.2 68246.7 68462.6 65552.4 76203.6 111400 153786 161114 148805 132118
 74241.1 55630.1 39344.8 34556.8 41815.4 50735.7 53338.2 45661.4 48681.4 52072.7 63919.3 79001.9 98582.4 110683 101089 91386.1 89025.1 75724.7 59662.6 56712.9
 58928.1 41653.4 31804.3 17839 13197.9 8705.68 267.046 0.000502173 5.09536e-09 1.52489e-14 1.78614e-19 3.66345e-25 7.88273e-30 1.30135e-35 2.44818e-40 3.88403e-46 9.14104e-51 1.49782e-56 4.81036e-61 8.68204e-67
 59424 29202.3 11456.7 130.967 4.22573e-06 1.51788e-10 7.94312e-18 2.79476e-22 2.05014e-29 5.74762e-34 4.85815e-41 1.30712e-45 1.58847e-52 5.54905e-57 1.31008e-63 4.26941e-68 2.11936e-74 7.34224e-79 3.65208e-85 8.04643e-90
 54739.4 36523.2 16631.1 9686.47 305.035 0.00119537 2.14204e-08 8.43563e-14 1.82891e-18 5.94993e-24 1.13742e-28 3.5468e-34 5.62002e-39 2.29711e-44 4.93547e-49 1.77461e-54 3.57557e-59 1.16091e-64 2.41099e-69 6.29139e-75
 48468 24843.6 9005.96 405.832 0.0024091 1.17155e-07 6.15516e-13 4.68227e-17 2.52207e-22 2.50895e-26 1.27027e-31 1.19769e-35 7.54107e-41 7.91331e-45 5.0144e-50 3.15601e-54 2.04032e-59 9.4276e-64 9.3408e-69 3.34058e-73
 62918.9 41731.1 23349.1 19601.3 18603.1 16579.6 15844.8 13097 8256.15 175.113 5.92605e-05 2.43181e-08 1.03963e-14 4.73093e-18 2.2273e-24 1.87245e-27 7.14923e-34 3.39024e-37 1.50318e-43 6.91285e-47
 76559 54193.4 37222.5 27069 23293.1 21710.7 18675.2 16710.6 12658.9 7644.85 131.843 3.94203e-05 3.94869e-08 1.42948e-14 1.15201e-17 4.97541e-24 3.08908e-27 1.33193e-33 6.96962e-37 3.49153e-43
 84023.2 71593.2 51403.6 31380.7 19669.7 15228.3 12243.7 6145.49 59.9817 1.69221e-06 1.29841e-09 4.07431e-17 2.39465e-20 7.38925e-28 3.91287e-31 1.30619e-38 5.10831e-42 2.17617e-49 6.236e-53 2.45536e-60
 84075.1 70484 51245.3 40427.1 28449.9 30946.2 37564.5 43729.4 56115.7 56491.1 51650.1 46128.4 35557.1 33105.3 31153.8 31133.2 33168 35426.2 35548.3 40735.4
 87221.5 63338 38396.3 15401.1 6387.77 137.035 3.88484e-05 7.43555e-08 2.40798e-14 3.66557e-17 1.25054e-23 1.488e-26 5.99463e-33 7.07809e-36 3.20587e-42 3.88181e-45 1.75856e-51 1.91201e-54 9.35961e-61 9.35475e-64
 71020.4 44340 33128.4 24407.8 20952.1 17195.9 11830 1422.9 0.899161 7.15532e-09 2.21215e-12 2.0978e-20 9.60826e-24 1.22592e-31 9.81964e-35 1.42442e-42 9.74038e-46 1.45315e-53 1.05622e-56 2.3673e-64
 68658.4 50792.2 28368.2 19602.3 13848.5 6924.34 138.582 2.93504e-05 8.91718e-09 2.43335e-15 8.15144e-19 3.40519e-25 8.33126e-29 2.66263e-35 8.97587e-39 2.60488e-45 9.64343e-49 4.05677e-55 1.41684e-58 6.52649e-65
 74419.2 66801.1 67838.8 73689.8 85882.6 102052 109820 125898 129457 117294 99145.6 81694.9 82486.6 87361.9 104762 118883 129168 119610 116293 123263
 87444.5 87906.2 80244.9 61612.9 46861.2 61271 88884.7 104418 101675 97278.9 97074.5 97751.4 111503 141870 161559 181408 168520 144120 113755 90260
 66162.3 41974.4 23343.1 13283.2 7113.09 30.8481 1.01446e-06 5.2062e-11 1.96631e-18 1.01291e-22 2.97729e-30 2.45826e-34 7.11303e-42 6.90924e-46 2.18146e-53 1.38817e-57 4.01986e-65 2.48511e-69 9.25196e-77 8.60576e-81
 46938.8 25131.3 8396.11 89.558 1.73883e-06 3.92569e-11 9.15819e-19 2.0942e-23 6.15645e-31 1.41547e-35 4.43899e-43 8.29462e-48 2.50873e-55 5.41699e-60 1.61576e-67 3.74827e-72 1.38991e-79 2.18906e-84 9.49851e-92 2.18295e-96
 56553.4 42277.5 37955 37388 36584.3 40918.2 46861.3 63747.8 79376 98286.7 113634 115453 142184 175244 221390 240173 214933 190493 180240 191491
 68933.7 57507.3 45335.3 43667.6 77791.6 117681 134968 157004 211441 236358 214526 192683 178971 155561 121375 105259 94491.1 86391 78471.3 75853.2
 42906.3 22556.2 6576.8 96.483 1.37936e-05 5.39884e-09 9.00306e-16 3.72099e-19 6.82436e-26 2.367e-29 4.40848e-36 1.96629e-39 4.1049e-46 2.08906e-49 4.1474e-56 2.04487e-59 3.7258e-66 1.44783e-69 3.00593e-76 1.32247e-79
 53736.1 37622.8 27167.7 30383.9 35380.5 52662.4 82676.3 100079 101951 92075.7 92379.7 84374.8 78203.2 70720.1 69786.9 66615.5 90672.3 92504.3 93041.6 120384
 83506.6 64652.5 40793.9 39981.1 61255.3 92188.1 115991 127544 139694 130593 109517 95841.2 91101.9 113333 131106 124813 92871.2 64325.7 56432.5 56578.8
 90859.7 82203.9 53851.8 37758.2 25873.4 17905.3 14458.2 9080.67 361.011 0.00367423 9.43521e-07 9.76271e-12 2.44086e-15 3.26174e-20 6.40372e-24 9.69648e-29 1.32492e-32 1.5296e-37 2.63758e-41 2.55107e-46
 110347 112788 122753 124439 118018 106499 106882 112082 129727 143848 152599 145651 120083 88928.9 65610.4 53289.3 44102.8 40859.8 46696.8 66568.4
 111247 106982 91771.7 81374.2 73553.7 67254.8 55463.5 54466 68914.6 70723.9 59003.4 45802 35907.8 36897.8 33892.8 36354.5 33924.1 33481.5 43930.6 48818.5
 112169 107583 95950 94470.8 95893.3 108043 106738 100378 93763.8 91377.3 99145 95589.7 97194.1 107237 108362 107198 95123.9 80860.1 76457.9 71591.4
 93657.3 74862.7 72177.6 71098.5 72406.2 81323.3 83363.6 76458.5 62198.8 44386.3 43580.3 46075.1 44436 44763 54115.9 66847.8 76123.4 81047.9 105598 119468
 100479 86411.3 73732.3 66192.7 64898.3 59421.7 53040.4 55354.9 59776.4 64054.8 59768.9 46455.4 34218.1 23063.2 25831.2 26289.5 21915.1 18826.6 15256.8 9007.72
 71272.9 43307.9 33278.2 31134.3 20736.5 16222.6 14596.6 14246.9 12975.8 8346.22 81.5172 0.000540105 2.4064e-07 1.93127e-12 9.40194e-16 5.19417e-21 2.39614e-24 1.72327e-29 6.65214e-33 5.08576e-38
 71244.5 49891 37861.6 36952.9 38800.2 46847.4 45992.9 41901.7 40700.4 38875.1 39311.2 44909.8 51065.6 51553.7 53927.7 53911.7 57911 73384.6 100696 137019
 91549.3 84619.1 70122.7 62051.3 80215.9 92930.2 97012.8 95528.5 92011.1 90031 91465.4 98229.7 102560 104719 90451.8 73491.2 64908.8 62376.7 56452.1 50084.9
 82855.6 65412.8 50876.3 41766.6 41067.8 47407.1 57129.4 70331.4 77731.9 78321.7 78675.2 82293 99912.6 121113 103607 91699.2 84918.5 92902.3 87240.8 78475.3
 63762.9 42781.3 32162 15409.9 9087.02 163.103 0.000805016 1.71804e-06 1.14478e-11 2.62184e-14 1.94178e-19 4.42856e-22 4.68241e-27 1.11261e-29 1.18656e-34 2.36866e-37 3.07605e-42 8.37345e-45 1.36996e-49 2.57347e-52
 69087.8 50274.3 29950.3 9628.71 159.205 0.00248405 2.44285e-07 9.08208e-12 9.4606e-16 3.36424e-20 5.05526e-24 1.46604e-28 1.34999e-32 7.65282e-37 7.38769e-41 3.19575e-45 6.8668e-49 3.35723e-53 7.54863e-57 2.3043e-61
 46521.1 22701.7 1071.47 0.0437542 1.0342e-05 8.9203e-10 3.11944e-13 1.9312e-17 6.82673e-21 4.90528e-25 1.86429e-28 1.66231e-32 4.32492e-36 6.94941e-40 9.6482e-44 1.44616e-47 2.11627e-51 4.93144e-55 8.88928e-59 1.27671e-62
 78286.6 68458.9 64575.5 50510.7 42513.9 37133.3 34510.1 32963.3 31360.8 31857.9 34498.4 36655.1 34919.3 39794.3 45100.1 48085.3 56368.9 61896.9 61769.5 77942.6
 65272.1 43838.4 20890.1 292.8 0.000720564 8.82239e-07 2.84905e-12 3.51104e-15 1.25452e-20 1.39126e-23 8.94595e-29 1.11816e-31 1.08534e-36 1.14292e-39 6.78334e-45 7.0054e-48 5.06154e-53 7.94721e-56 5.20064e-61 5.63055e-64
 64552.6 46786 40387.4 42095.5 44148.2 40401.4 41599.5 48739.1 65357.6 91730.5 105033 100468 90763.5 81073.6 71451 64234 57845.9 57916.6 71088.9 93972.4
 60347.9 40031.7 22234.4 17859.5 15243.7 14241.4 16002.1 19373.7 28309.5 43968.2 50680.4 51459.8 63866.5 74628 72126.5 76823.8 78801.6 80601.9 83138.9 92875.7
 75260.8 62673.8 46179 33976.9 23462.8 18011 14200.7 8475.1 786.251 0.0879339 9.70551e-07 2.17466e-10 2.08857e-15 4.83103e-19 4.85717e-24 1.70371e-27 1.41548e-32 3.92999e-36 4.39893e-41 1.04313e-44
 68901.3 55510.9 43412 22638.5 20637.6 21646.7 19102.1 19364.7 16969.2 11991.6 3171.02 13.5378 4.91322e-07 3.46849e-10 1.58422e-17 1.48009e-20 6.64352e-28 3.25205e-31 1.50587e-38 7.03189e-42
 68446 46777.4 27454.9 10760 3053.6 27.0059 1.28855e-06 2.47886e-09 1.35396e-16 3.11315e-19 1.97865e-26 3.76293e-29 2.19458e-36 1.93878e-39 1.42561e-46 1.72854e-49 1.12807e-56 8.67342e-60 7.44458e-67 7.98501e-70
 75138.8 58093.4 49189.4 45412.7 55439.7 62954.6 56289.3 46939.2 49456 58663.8 76887.2 109051 113197 160177 195845 220433 235306 226146 191608 155334
 51389.6 24407.3 761.243 0.0516646 6.62697e-09 3.63978e-13 4.24996e-20 1.94089e-24 3.01723e-31 2.17844e-35 2.29264e-42 1.67714e-46 2.75713e-53 2.39745e-57 3.24764e-64 3.32612e-68 4.25426e-75 3.53453e-79 5.72479e-86 2.67283e-90
 62437.2 39187.1 18808 12886.7 6193.87 45.06 1.80313e-06 9.86603e-10 4.36407e-17 1.82515e-20 1.21718e-27 3.84003e-31 1.92513e-38 3.96203e-42 2.54826e-49 8.027e-53 4.22564e-60 1.44888e-63 8.22855e-71 2.27065e-74
 62461.7 32445.4 10264.5 417.798 0.0409645 1.4099e-09 2.49578e-13 1.12438e-20 1.7191e-24 7.50815e-32 7.30869e-36 3.67628e-43 2.91011e-47 1.77122e-54 1.22952e-58 7.56068e-66 5.78388e-70 3.51256e-77 2.54873e-81 1.06649e-88
 65097.3 42793.2 24806.7 14660.2 8723.22 311.19 0.00769698 4.34599e-09 1.29191e-13 7.99857e-20 1.47086e-24 9.45629e-31 1.77194e-35 1.39537e-41 2.68239e-46 2.36278e-52 3.36153e-57 3.59852e-63 3.57798e-68 4.70183e-74
 83876.7 76300.6 63259.6 58127.1 59943.1 56025 46095.1 35177.1 34063.4 27581.7 25172.2 20892.4 19661.5 16770.8 9248.95 65.6942 9.13475e-07 1.40239e-10 1.62137e-18 1.84055e-22
 67581.1 52713.3 34764.6 25105.4 23689.2 26007.5 34372 49182.8 62773.4 85746.9 105862 118110 112972 95795.6 86765.6 79264.8 74417.3 79619.2 91803.5 94525.2
 53469.1 32442.5 14515.9 356.262 0.000514447 1.94213e-07 5.56926e-13 1.94578e-16 6.38189e-22 2.19829e-25 5.75384e-31 1.8471e-34 3.35816e-40 1.24782e-43 2.2818e-49 8.66252e-53 1.97009e-58 1.18797e-61 3.07481e-67 1.53766e-70
 60927.4 41734.6 20312.4 13755.9 6687.6 133.006 1.84591e-05 8.02672e-09 1.26672e-15 7.73315e-19 1.41449e-25 1.18641e-28 2.44349e-35 2.48776e-38 6.84274e-45 8.08409e-48 2.7967e-54 1.30424e-57 4.22835e-64 2.28146e-67
 66198.2 53266.1 32251.1 27565.3 27221.6 32062.1 43192.1 45632.9 40643.1 37146.6 38798.4 37345.3 41337.6 45174.3 49475.6 56942 63413.5 70724.2 89962.2 87036.4
 93846.6 105134 131422 164828 182079 180135 154053 114349 101781 99017 95808.1 98470.1 100221 104904 107571 112263 142079 154255 147638 136645
 82540.8 73816 56117.2 56444.8 53086.9 49728.9 54445.4 51010.3 52518.5 53177.7 59268.5 65336.5 71130.7 88923.5 127887 179903 226002 254188 265881 314352
 78401.5 69494.6 51533.2 38534.8 32771.3 36195.2 44642.6 48326.3 47788.8 39334.5 31844.4 29534.6 25759.1 25966.1 33370.4 46331.9 63658.2 104468 147006 153504
 85057.4 65634.6 57583.2 39769.1 33836.6 39217.5 40762.5 38234.9 37910.4 45294.2 59877.7 85647.7 109660 122018 134437 139681 144419 148945 146573 160181
 123401 153581 210035 247367 240010 214838 183719 158972 137648 124578 107623 101770 101749 102718 104952 111660 116925 139002 160592 158046
 102445 99997.1 93820 81337.4 71628.8 64322.3 54496.2 52183.4 53383.8 52968.1 55707.2 64208.9 76098.3 86936.5 84230.3 74444.3 66247.4 53369.9 43112.4 56841.8
 123368 143159 152942 171595 179864 170270 165524 177048 229993 287606 339758 358322 366693 357795 366905 343798 279072 223489 183979 170930
 83727 82162.3 80554.6 67347.6 83171.8 108157 135694 165287 188654 180928 170786 151000 128962 110248 85529.7 71155.6 62914.7 57279.1 60039.8 52013.6
 150924 190067 253709 294263 284431 230738 164507 116530 81079.1 60084 55582.5 45911.2 47570.5 55217.3 77935.8 118824 174883 232642 256139 245145
 66888.6 50519.3 29207.1 24995.7 30670.9 35349.5 36958.1 39484.8 44435.2 46333.7 47340.2 45392 52403.7 59127.2 70865 89719.8 103616 118754 134894 160633
 59067.5 40339.6 22482.4 11746.3 6137.95 96.2372 1.43471e-05 2.03077e-08 3.37104e-15 3.13093e-18 5.54353e-25 5.18527e-28 1.00957e-34 6.54101e-38 1.50901e-44 1.04303e-47 3.36901e-54 3.289e-57 1.05519e-63 8.50502e-67
 79252.9 65909.4 48304.6 41034 31261.8 37048.5 42679.9 48357.9 67178.8 80454 72710.3 58773.5 49894.4 39430.1 27551.9 20763.4 15290.3 6069.53 40.3317 1.61098e-06
 61774.3 38244.5 25306.4 12737.6 8369.59 114.826 4.49515e-05 6.64365e-09 3.53304e-15 5.96302e-19 2.47149e-25 2.96736e-29 1.19931e-35 8.92065e-40 5.30553e-46 4.60993e-50 3.25021e-56 3.18448e-60 2.80212e-66 1.82912e-70
 60963 54686.2 51473.7 51768.7 57993.8 72286.4 92811.1 98058.1 94721.4 107106 103173 95049.5 105629 111215 98197.3 73753.3 66211.8 72364.6 76400.5 76624.6
 94367.9 98783.5 87927.4 84361.8 96309.9 104651 98145.4 90854.6 101224 109885 117554 137164 162859 171836 170794 178249 170070 160709 174167 180949
 52250.7 30891.1 8560.08 72.5896 1.05204e-05 7.97299e-09 1.22392e-15 9.82359e-19 1.95049e-25 1.66343e-28 3.16289e-35 1.95843e-38 4.02072e-45 2.55645e-48 7.08381e-55 3.1556e-58 7.36372e-65 2.11651e-68 4.85581e-75 1.75647e-78
 84692.7 89819.5 80396.4 59885.3 51641.1 42898.3 36020.5 35538.4 32205.2 32146.3 39503.8 44263.7 50434 60181.1 83572.1 120602 153258 186893 182943 155184
 82221.3 58860.9 43293 36023 31999.9 27270.9 24991.7 21581.5 20131.8 29762.8 41986.3 64495 90747.8 98210.8 95040.3 89278.4 90086.8 90492.1 82002.5 74599.3
 88503.6 65543 44413.7 33888.3 23852.1 23504.1 28736.7 44102.1 63825.4 88355.3 128269 158789 163913 148977 134786 126334 105751 77705.5 61715 61087.1
 67823.5 36659.2 13929.9 68.8418 3.95426e-05 1.18237e-09 1.15913e-15 3.26758e-20 2.29124e-26 8.32595e-31 1.00795e-36 3.19026e-41 4.12458e-47 1.34477e-51 2.00463e-57 7.86654e-62 1.28254e-67 5.21599e-72 7.92327e-78 2.65593e-82
 75408.8 64994.5 51257.6 43309.3 43441.3 40836.1 39561.6 41926.7 44195 46628.4 51059.2 72069.2 94343 102820 107594 121335 125289 99771.8 71969.8 54247.6
 60594.2 47745.3 42724.3 44769.8 48113.9 43813.6 30773.1 19130 17780.9 15194.5 15548.3 14725.1 18550.5 24732.4 33430.5 44523.1 60188.3 73093.6 103104 132892
 64013 49508.4 28676.6 16436.6 9098.75 1625 4.78672 1.1083e-06 1.89033e-09 5.25477e-16 6.8677e-19 2.50383e-25 1.84995e-28 7.55443e-35 6.35722e-38 2.93341e-44 3.0897e-47 1.31085e-53 1.14425e-56 4.70944e-63
 86045.7 72219.9 68693.7 62126.2 61150.5 74151.4 87013.2 82184.7 70502.3 81510.6 112748 149218 155157 156460 145575 120998 100474 84203.8 70497.4 58151.3
 68277.5 52031.4 40062.4 27704.3 22392.2 18722.3 15465.8 13134.4 7288.75 164.393 0.000928538 2.16354e-06 1.14571e-11 1.78782e-14 8.41669e-20 1.57192e-22 1.01878e-27 2.79296e-30 1.97999e-35 4.11982e-38
