 100436 64109.1 36334.5 17841.8 9264.35 3039.33 910.719 105.18 19.7019 3.14603 0.208864 0.116041 0.00435553 0.00225749 0.00128167 4.12895e-05 0.0305868 5.59627e-07 0.0036934 1.26243e-07
 110308 72124.9 54417 36749.9 35012.2 29868.9 23239.3 18777.4 28396.5 31826.6 38531.7 56412.8 50104.6 51025.9 32585.8 60813 52360.3 47783.6 39210.1 37116.5
 92740.9 100265 73664.6 68010.7 77001.6 70437.1 95848.4 115581 121329 142611 139326 139879 149480 184741 169897 162710 157928 126829 128939 101319
 103223 81174.9 32633.2 15116.3 9188.36 3348.84 1026.62 120.461 22.6827 3.57238 0.706036 0.0364649 0.0167527 0.000660779 9.63242e-05 0.000100427 0.0509932 5.23788e-06 4.17404e-09 1.70113e-08
 100661 57106.9 30832.1 17088.9 10778.5 5427.2 1389.14 478.948 98.138 19.651 1.16325 0.204201 0.031933 0.00453154 0.0467864 0.000599039 0.12664 2.95658e-06 0.0154231 0.00520194
 127838 102074 62448.7 68482.6 76848.6 68681.3 76980.4 72368.4 88351.2 96794.8 111548 151080 235262 272472 303966 275457 229824 200897 164575 129597
 136128 88216.5 35255.4 23720.4 25274.1 19279.9 14544.6 13801.2 13384 9362.79 3030.17 922.338 151.572 21.7059 3.44183 2.46372 0.105572 0.00401334 0.000390746 0.000165579
 141741 129292 70483.5 40783 24955.5 12985.1 6035.13 1398.5 529.504 51.3836 21.2195 1.21464 0.238459 0.0305939 0.00444398 0.000170408 2.03367e-05 6.91285e-06 0.05926 5.47549e-07
 149677 134007 115379 53611.7 27358.8 27175.6 28626.2 24343.7 22211.2 22705.6 18410.6 18423.3 16352 5188.94 1218.12 129.705 22.0155 10.6944 0.638059 0.0987028
 145175 118704 83401.8 50382.8 46447 72004.7 89021.8 73949.6 86182.5 126100 129962 112621 86548.9 83070.9 99328.1 119535 128686 149744 156627 137193
 108685 114596 86071 72094.3 79626.3 121716 130498 109180 99703.9 90482 88067.5 66026.3 64262.6 66747.8 54439.8 47243.3 37721 34008 34818 40071
 112471 88478.2 45537.7 25009.4 22348.9 25067.6 32535.4 40701.1 42828.8 51037.5 56410.5 45714.9 40275.2 37424.5 53325.1 57617.3 52145.7 45733.1 32159.6 36106.6
 138435 106403 51514.8 34158.7 40132.4 60426 61369.8 57913.9 51053 37769.8 28287 30755.2 25674.6 27273.4 35243.4 46846 55559.1 50469.8 40017.3 33391.5
 93799.1 64001 34757.8 20929.1 24650.8 23309.8 26978.4 45780.3 47467.8 61379.2 53261 54696.3 65931.6 60346.6 64247.8 65956.3 50611.5 38048.8 32016.3 32687.6
 104025 43246.8 13813.5 3795.93 820.819 88.049 6.59788 0.908026 0.1557 0.109339 0.00417379 0.000490779 1.66768e-05 2.11571e-06 2.56899e-07 1.37177e-07 6.99007e-13 1.51619e-09 5.05667e-11 1.77194e-11
 98694.9 101343 83999.8 85282 92729.4 72440.9 82381.2 100167 117522 156706 166343 184268 202178 241490 280904 298459 265986 280306 299796 199333
 106948 65406.1 22215.8 8955.72 2650.71 678.441 90.7387 17.0177 0.896112 0.0506772 0.12579 0.00350771 0.000433269 6.2795e-05 1.99947e-06 4.44812e-08 4.23874e-07 2.50625e-08 8.84024e-09 8.43449e-17
 80655.5 53407 37406.6 24144.9 20520.9 17344.8 14789.5 14317 9597.8 2723.68 667.593 88.9972 16.6197 3.46015 0.139888 0.00383048 0.00181097 0.000180094 6.82206e-05 2.08316e-06
 109474 72219.4 47731.1 40747.6 40956.6 40125.1 52193.5 70987.8 83557.9 81721.8 102101 104600 174668 207445 203226 199177 182001 194811 197325 71195.7
 106067 84260.3 53876.4 30196.9 24440.5 29226.7 26971.1 27891.9 40555.3 33513 37095.2 44551.1 57593.9 57343.3 48935.7 62138.8 59314.9 70896.9 98338.7 145779
 117938 111443 84209.8 101702 125683 151053 179648 192856 164545 188848 214460 264544 278464 327710 406451 387061 347355 373396 322171 295532
 97245.6 66354.4 40836.6 22183.4 12631.8 4237.31 1049.36 188.26 103.737 5.86321 1.13228 0.216714 0.00958948 0.00383038 0.564619 0.00033712 0.0891737 1.21053e-06 2.38812e-10 3.37944e-09
 85885.9 55330.1 10270.6 1661.23 290.805 52.7068 8.15502 1.55291 0.279221 0.0498168 0.00173405 1.33245 0.364061 0.173257 0.0460654 3.39693e-11 2.69639e-08 2.02617e-09 1.3418e-09 2.58747e-18
 117729 70865.2 43267 48686.8 53401.7 66824.4 104163 114337 85996.2 68498.2 61004.2 60144 55682.5 45245.3 45039.8 47243.9 60302.2 59881.2 69499.3 73417.3
 156110 167816 200945 217502 189498 149602 128786 102949 95383 104176 100085 195261 191154 178781 207371 221621 228050 219955 225583 260978
 133526 141312 105683 67547.5 63200 87117.3 118682 128325 124238 99839.2 121026 81502.1 57076.5 55404.9 99235.3 147746 252961 191549 234872 258203
 139559 144894 138130 140772 148613 164428 257816 273317 240051 269020 221647 185653 161377 118995 81338.4 79165.5 74714.4 70983.7 98611.2 144645
 89630.7 71382.3 56061.3 27050.5 12622.4 5238.69 1341.72 484.384 56.4637 19.3103 1.22618 0.780823 0.034456 0.00516808 0.000676993 3.52033e-05 4.21035 2.30589e-05 0.00102638 0.0123326
 138720 109387 65673.4 38234.4 37232.4 35774.2 49527.7 52783.8 47393.9 44146.8 58044.7 58206.4 53965 67330.5 74338.7 56022.8 49549.2 44872.8 40651.5 33617.7
 135679 125268 88443.8 92876.5 114157 105177 110319 110721 101031 82246.5 98921.1 109652 102280 100855 102331 78010.6 75907.1 71986 68878.3 62714.1
 91850.1 50403.5 23095.3 11758 2736.96 817.563 108.09 20.8217 1.54928 0.270492 0.488343 0.0065464 0.00284401 0.696632 0.205147 0.0755588 3.05797e-10 1.9875e-08 4.08065e-08 6.74702e-14
 107017 98558.6 22319.3 2883.05 704.379 157.272 13.3131 5.5877 0.425763 0.0800916 10.8304 3.73744 4.11075 7.26451e-09 2.3528e-05 1.69589e-06 0.00051894 3.3928e-07 0.000130592 7.97914e-10
 119952 52223.4 24627 20057 10651.5 2513.24 840.836 118.639 23.7509 3.79001 0.781686 0.524299 0.025684 0.00116507 1.53403 0.29096 0.210391 0.00947282 0.000890598 2.11633e-06
 119009 47164.6 19195.3 12626.5 3070.98 813.235 117.299 20.4563 3.33404 0.702227 0.0416802 0.00701472 0.000906225 0.00169469 0.286434 1.76392e-05 0.0378593 0.0118709 2.58028e-06 4.70897e-14
 106636 111491 42278.3 13768.5 4432.28 1224.64 425.963 126.243 10.7662 2.34384 1.16199 0.0660672 0.00869873 4.64195 1.7455 2.84009e-09 0.0149762 7.18347e-11 4.30206e-08 0.000132175
 134327 156535 83033.4 51804.5 49268 61790.9 73276.9 93343.5 134739 136158 227187 125336 151930 156646 158767 191372 191175 188950 166634 173262
 124328 161210 134111 101597 67811.4 63327.6 53459.8 58721.5 59731.2 52637.9 35117.8 41455.8 42178.8 55192.7 66846.7 72420 64163.3 91532.7 105095 115178
 81910.8 91365.5 70422.1 44974.9 28307.7 29342.1 24164 15653.1 10433.1 4028.83 1066.13 244.357 52.2878 8.69206 1.72592 0.263509 0.0413994 0.0156987 0.000577331 0.000216433
 107033 93668.1 92254 74446 83841 94721.5 104114 121671 159121 166312 183520 151730 162772 159732 169778 121898 88695.6 57927.9 27188.2 18985.5
 99294.8 75710.3 53610.7 47712.9 52075.4 59611.9 85380.8 94628.5 104202 94503.1 83167.9 73079.1 64070.8 41310.7 58963.6 62464.4 79944.2 71559.1 66754.8 97002.7
 98466.1 101400 73833.3 64368.6 72472.4 73425.2 82471.4 62507 47761.8 57476.4 39273.1 61836.8 70813 61903.2 66279.2 72714.1 65060.2 66580.8 83035.1 78471.2
 113820 105242 99741.8 110737 100485 99307 127727 115182 101499 86750.6 96596.4 115222 125628 108232 99783.7 88403.5 100771 98142.5 94964.3 81102
 107703 129817 112292 76874.8 77956.2 87330.4 90078.9 123900 127066 147792 167228 180052 189294 192055 207469 206006 182890 143093 103812 79245.8
 117046 130708 95745.4 71049.4 71307.7 52487.3 37127.2 34505.6 35058.7 38455.1 39647.4 45828.9 50256.6 71096.8 100045 114522 132205 136166 120569 103962
 148035 126710 102745 49144.9 25053.1 22416 25802.7 33195.4 66709.4 90574.9 104455 70551.9 52133.2 48872.9 50567.7 60835.2 68257.7 78321.4 107910 130513
 114200 89901.5 31582.4 11351.9 2961.23 957.31 124.04 28.3102 4.26717 0.560532 0.0797898 0.0308553 4.06097 1.70297 0.647293 0.302091 0.108191 0.000701075 1.2558e-07 2.20672e-07
 120862 109897 77967 44643 41635.8 53091 78365.8 90596.2 97620.1 79361 84072 83026.4 66333.7 87542.9 68325.7 51099.2 55317.6 57248.2 53387.5 57690.7
 113924 101014 51677.6 42175.6 43185.5 30790.7 17982.8 5683.11 1091.42 194.96 31.1966 5.25936 0.316996 0.0434799 0.00183163 0.00238035 7.61085e-05 1.95874e-07 2.2679e-07 9.26272e-08
 104778 72725.8 31020.2 24779.5 21163.5 19961.7 11217.4 3078.99 970.816 146.218 21.7244 3.36774 0.670845 0.0383166 0.0177784 0.00860216 0.00125002 0.00028737 0.429733 0.0360175
 98884.4 95354.3 91063.8 125341 190374 201469 179619 206268 242354 215990 112016 177021 187546 145842 173084 186640 235054 291682 283274 296964
 91833.4 70071.2 36909.4 22074.7 20822 16979.2 14230.4 11783.6 10368.6 4417.58 1272.48 384.425 40.2843 5.90902 1.22595 0.187692 0.00728729 0.00265954 0.000331907 0.000158201
 101647 79948.2 36547.9 25399.2 21608.6 20402.8 21478.8 21012 16231.1 17304.8 16530.8 12863.1 10421.1 23679.2 27711.3 31264 36209.2 35954.4 48228.8 59507.8
 147719 190358 177963 182886 218859 215260 216594 239281 214261 234990 214560 239637 260601 247317 263995 287030 308682 288546 295327 239317
 119547 92096.9 63884.3 83834.1 80669.1 74356.7 87422.5 92911.4 122265 159503 204421 211144 202988 179225 202703 204223 223230 201024 199829 176073
 143408 137920 123701 125314 93637.7 89347.5 100827 88030 89847.4 111869 126568 95986.8 131395 192908 203034 212907 187302 170986 138300 101379
 92984.7 94679.7 79721 78262 73896.7 85521.4 111649 154674 189776 255601 268192 258225 221682 206828 169012 149652 159729 145846 113445 95052.9
 171548 185489 177347 161908 166354 180951 168710 217761 206498 230954 206621 222789 242697 238975 211156 225191 222374 220214 206561 151696
 131147 173016 151681 161901 168030 167640 135650 94845.9 83295.9 66639 51358.9 43152.5 33176.1 31399 23275.9 17935.9 15145.1 5695.17 1425.62 150.53
 119942 49698.6 17546.2 4723.18 1062.49 101.45 19.5071 1.14491 0.177193 0.12092 0.00472903 0.000153317 2.3635e-05 4.55804e-05 3.80898e-07 5.55393e-07 1.14362e-06 2.95138e-16 3.07234e-10 8.13505e-11
 120843 75073.5 18317.7 2866.98 741.66 120.953 8.88554 1.32935 0.209663 0.1759 0.00372298 0.00433256 0.000425062 3.2113e-06 1.52259e-06 5.03525e-08 3.78016e-13 1.27202e-10 1.85936e-10 2.11465e-12
 89876.6 36688.3 15225.2 7033.83 1522.04 536.147 101.426 21.6273 4.20568 0.87677 0.0215838 0.0062586 2.49489 0.983709 0.31158 0.244427 4.5173e-11 0.000909025 2.51507e-08 7.02881e-13
 100101 43940.2 18667.7 13860.9 4156.77 1065.41 161.609 30.3146 4.96519 1.14331 0.0556726 0.00969868 0.00392162 0.00253104 1.61926e-05 2.22328e-05 2.23692e-07 0.00564413 7.90316e-08 0.000152336
 78319.7 44279.2 18357.8 13117.3 7764.54 1951.88 588.822 86.9278 5.2927 0.79095 0.0468059 0.00514647 0.000733549 0.000644691 1.34309e-05 2.72224e-05 9.08127e-05 9.48042e-08 1.14e-08 1.10467e-09
 137007 74544.4 34498.7 24276 21155.5 13957.8 8313.4 2529.59 671.865 88.7744 14.3307 2.96092 0.607263 0.0967734 0.00313258 0.000104559 0.000186314 5.85072e-06 6.88331e-07 7.37751e-08
 127480 110865 91770.6 105007 90587.4 69078.2 75486.8 57654.4 48964.7 43422.1 42341.9 33473.6 26605.6 17854.8 6299 1236.96 117.226 17.9505 3.04588 0.568231
 111101 70524.5 24159.3 8957.04 2467.83 675.766 94.6013 18.2847 1.09182 0.20516 0.0296124 1.01544 0.000569297 2.18752e-05 1.21898e-05 0.0213802 5.00218e-06 0.00269578 0.000439953 0.000346339
 97083.9 63562.6 23546.7 9683.97 2966.07 675.792 86.9368 16.0962 2.91329 0.148232 0.0278069 0.0161129 0.00203765 5.80247e-05 2.04475e-06 2.85323e-05 3.17402e-08 1.7371e-08 9.1706e-09 1.24319e-09
 99952.7 39676.2 10735 2507.3 570.557 83.4523 6.00689 0.932597 0.0538272 0.0079089 0.00401731 0.000542086 4.5162e-06 9.0075e-06 5.54637e-06 1.46076e-07 1.36108e-07 0.000155721 9.11652e-18 2.94494e-11
 116197 93935 32800.3 13847.7 9609.56 3584.23 957.001 104.875 16.3272 0.995938 0.628555 0.0295738 0.015969 0.000126884 1.65455e-05 6.5382e-06 1.86147e-07 9.29816e-08 5.47992e-08 4.96458e-10
 91719.6 51809.3 33653.7 16880.8 6004.01 1358.38 368.802 82.9904 6.01798 1.04853 0.197294 0.0303904 0.00401565 0.000514424 0.000310048 3.64198e-05 1.21191e-06 3.6919e-08 0.0272641 0.000850701
 116257 80038.8 23693.5 4278.76 1089.67 134.538 24.7777 1.5374 0.763219 0.0471261 0.0262212 0.000236285 0.000451107 3.65719e-06 7.74369e-05 4.96733e-05 0.00473127 2.85158e-13 6.89578e-09 1.83738e-10
 121063 97406.2 44273 31343.4 16681.9 4800.76 1332.29 186.872 35.8901 5.71557 4.35414 0.0514448 0.0071773 0.000929035 0.000116721 0.000212364 3.41376e-07 4.75057e-09 2.12237e-08 2.12547e-09
 132557 109738 56660 51331.3 55844.3 52704.2 58720.9 81472.8 64208.6 65027.5 59724.7 51599.1 73036.6 77507.8 81759.8 83087 65889 55649 50898.2 46953.4
 98467.2 103803 76023.7 65715.4 59765 64614.3 77764.5 86168.8 87306.8 91781.2 77083.6 99890.7 134905 177345 137766 114248 86930.9 69322.6 42785.2 33846.3
 84994.7 63522.4 53664 54270.1 76892.6 84811.1 62303.4 65727.2 55781 58229.8 67756.1 74180.2 107294 128514 153220 198701 218665 218980 237332 213442
 86844.8 51024.1 34023.7 22908.6 15082.7 10804 8617.31 3122.09 930.043 98.3395 17.6091 2.40176 0.572943 0.0219982 0.00281208 0.000384285 4.58182e-05 1.31437e-06 6.77272e-07 1.5181e-08
 117823 85725.5 45036.5 44251.5 28805.8 22880.6 19308.7 16575.3 15729.3 11688.8 4222.99 1226.7 208.259 41.8259 6.04301 1.38267 0.20489 0.0227681 0.00283215 0.000323757
 86731.6 65174.8 38516.4 30599 25121 26296.8 19229.4 4724.35 1181.1 236.046 55.0211 8.00529 1.45851 0.97041 0.0385032 0.00145217 0.00223116 5.86853e-05 8.69267e-05 0.0980315
 114916 70810.9 52862.6 25241 12058 7938.87 2529.21 797.795 115.054 20.0658 3.27439 0.72861 0.134232 0.00514731 0.000564657 0.839327 0.294092 0.121498 0.043967 2.6048e-12
 99475.3 63297.5 44702.1 37862.1 39607 45784.7 48049.4 61681 72863.1 83533.8 80975.6 96073.4 100202 97315.5 95026.1 81725.5 65346.7 69189.4 80067.3 77446.6
 106870 110334 92027.5 94002.1 109777 141624 118017 69860.4 68400.8 72457.5 73299.3 59085.3 38682.6 31415.7 24382.4 24683.6 41880.8 46667.5 37691.6 33089.6
 131149 97148.9 32111.2 11486.8 3244.31 720.478 64.9579 16.8337 3.08452 0.176915 0.00851128 0.00100052 0.00209448 6.40081e-05 8.46792e-06 2.97917e-06 5.87153e-07 2.85577e-08 9.25891e-09 2.1129e-07
 96879.1 64564.4 48520.5 43228.6 50654.8 53664.6 43452.6 48924.2 68135.2 80441 101785 117069 152572 209783 279757 310144 289337 228852 235670 231996
 106947 95088.9 54901.5 42561.5 45940.3 37740.3 42535.9 53670.7 64083.9 80624.1 104375 94372.2 80233.3 79049.2 88758.5 92617 116752 113976 94930.8 170591
 115917 91563.3 58172.6 39067.8 29857.8 21129.4 15904.9 16506.9 24586.3 36865.6 52310.1 60295.9 66146.1 91686.3 137331 140452 157767 174451 165443 158046
 114853 78336.4 33881.8 24325.3 22916.3 22976.1 19263.3 18407.1 15049.4 10522.6 3659.42 752.531 83.9286 5.57069 0.75855 0.136613 0.00420664 0.00156561 0.000158688 1.45778e-05
 148577 117326 71907.9 52646.2 45218.5 49355.6 56278.8 64108.9 62005.4 61879.3 64760.3 75985.9 67557.6 70173 90525.4 86454 89952.3 132950 115986 118179
 100278 67306.4 17012.3 2544.26 663.434 114.633 22.3702 1.2657 0.247254 0.0424858 0.00516481 0.00324066 0.000102838 1.31366e-05 0.0215063 4.07848e-08 0.00605712 1.50133e-09 0.0114744 5.62532e-07
 103049 62483.3 28101.8 19105 18775.3 17843.7 14744.5 12982.5 9915.2 3497.67 821.937 88.0719 15.5197 0.802218 0.14439 0.0671225 0.00215088 0.000211305 0.000108137 3.21344e-06
 111657 99739.7 93366.7 65026.4 53732.8 48177.9 39129.1 25570.5 16367.5 13805.9 6690.68 1353.87 291.576 95.0597 4.96747 1.01094 0.143557 0.00357405 0.00038725 1.08613e-05
 84994.7 57633.9 20965.6 4256.16 894.76 104.002 7.00406 3.14015 0.177055 0.0316652 0.00430013 0.000539336 1.37998e-05 9.23596e-06 1.49753e-06 3.32724e-08 1.91916e-08 3.12909e-08 2.03372e-16 3.0763e-11
 101790 55854 32392.7 35458.7 35405.3 37272 33373.2 35740.7 32401.7 40771.3 49697.4 79751.3 96218.7 131663 179083 200685 234770 178243 135683 123529
 94005.2 65894.7 35436.8 24680 16976.1 8694.24 2743.62 718.715 80.7979 15.1417 2.79463 0.0404342 0.0201125 0.000613212 0.00121905 3.25117e-05 2.03019e-07 1.25857e-07 6.80737e-08 2.11581e-09
 63757.4 28539.9 10096.3 2173.62 712.539 89.3333 6.39368 0.964622 0.166444 0.0329093 0.0010722 0.000619936 6.54377e-06 0.000258212 0.0127025 1.62873e-07 0.00140579 0.000576528 1.04975e-09 4.07834e-07
 95552.7 51348.6 20248.2 6115.54 1340.74 297.634 87.9637 5.13434 1.04532 0.177738 0.0090515 0.00158248 0.0027305 0.291617 0.0714818 0.0310266 110.896 0.0040687 0.00126879 1.84305e-07
 107436 88854.8 61389.3 37387.9 51904.3 64344.3 54867.7 56119.2 49959.8 51323.7 72441.3 92876.2 110649 184360 134276 152163 179030 180162 171025 152675
 108033 58893.8 27299.6 14408.7 6999.83 2111.95 716.204 97.6919 8.15924 1.07363 0.20412 0.00950916 0.128945 0.000147766 0.000316599 9.50324e-06 1.94772e-05 1.52759e-07 4.45387e-11 4.49339e-10
 115942 82933.3 52697.7 34886.4 65800.2 91900.8 102873 115112 160826 190076 151874 190111 148235 146533 108831 90413.6 72894.6 67179.1 50218 48320.1
 90114.3 70111.4 50708.5 26067.6 27116 27207.1 22723.4 20155.4 14979.7 11866.5 3913.37 801.18 78.7078 13.8134 0.68701 0.0982731 0.00335146 0.00142842 0.00013694 1.59966e-05
 76799.7 69183.3 50861.8 61313.3 85301.5 69016.8 62128.3 86802.1 120761 125795 76729.4 132124 138414 146710 154758 208348 251852 259183 274984 263444
 76633.2 64473.8 33551.1 18347 15868.5 16862.7 14941.9 14759.5 15585.9 21020.2 20220.2 24447.9 22018.9 27881.3 33501.5 35422.7 44031.3 71186 97982.2 84667.4
 114721 62148.7 23636.4 17604.4 19254.3 30526.8 60874.2 73794.1 97244.9 114171 94582 101037 104502 87046.9 59295.7 60127.6 74308.4 73194.6 70233.7 89592
 113849 96351.5 55313.6 28787.2 21043.1 20248.8 28386.3 37395.8 59941.8 92595.8 106523 109560 105114 97491 88934.2 94240.8 91579.8 112727 125838 149526
 124791 110907 96379.1 104835 110421 137329 135908 129427 147846 160898 160141 155204 128679 111097 93157.8 80313.3 43981.5 66271.6 72997.1 76396.1
 119480 95587.8 52074 35501 35353.2 41215.5 54890.6 81323.8 94576.9 98813.8 113598 136806 135208 121687 143693 154136 154976 193093 163637 168221
 108153 74795.6 59725.5 41977.9 49469.2 67107.9 86822.2 86357.7 86904.1 96656.3 91983.9 79426.9 55249.3 57249.7 73637.9 91537.4 122380 144744 147579 147308
 88778.7 63173.1 27854.5 18954.6 23220.3 31210.4 42678.8 65547.8 90145.6 86623.4 107393 115628 127619 149006 172177 209094 226918 230574 189366 154451
 95169.8 81458.7 51248 40473.2 63140.9 79733.6 88982.7 105607 110083 101240 98471.4 103538 144718 145456 139871 134964 150689 158878 144968 152179
 120818 106762 44772.9 25564.4 31011.2 27706.3 28893.5 28586.2 39395.1 56050.5 61058.8 82394.1 98742.8 96191.8 95516.5 113499 116302 121038 102192 82655.9
 99596.6 80416.3 48306.2 45864 56652.6 56604.5 58221.7 73908 71771 54953 39578.5 35453.4 28234.8 26765.5 27068.8 24658.7 21825.2 26057.4 33381.8 42943.8
 119957 91260.4 77727.1 62223.7 59955 61911.7 61742.8 54972.9 38644.6 35824 37061.7 43822.8 43439.4 54168.6 68944.5 64191.6 62699 58192.9 68418.8 77433.1
 99117.4 86265.7 42998.4 37576.3 45088.5 45942.2 64989.6 72965.5 62776.1 117087 144429 186595 171403 156919 126559 80314.7 47780.8 44722.6 22812.3 7858.6
 103014 79426.3 61798.6 65690.9 70894.5 70243.1 80689.3 75760.6 71046.2 45857 35353.1 29477 30680.5 36187.3 34969.4 37446 47892.2 62598.2 59181.8 67424.4
 94624.3 46743 42014.5 45574.8 61965.3 84655.1 142111 193370 246526 244598 280465 253232 276956 270887 251875 246828 204879 194276 205949 205514
 120731 94693.1 57757.9 53225 53828.6 57121.1 78299 137600 185002 259641 322867 319628 384187 386446 374413 310442 211612 209997 201324 185507
 104819 64283.8 52400 45000.8 37946.1 37393.2 31281.2 43307.5 49105.6 59836.9 75871 106302 151843 197204 208703 200757 191514 213107 250600 294596
 60972.5 34104.9 20358.4 16057.9 14595.3 12260.1 4566.67 981.773 341.84 88.6513 4.80495 1.11489 0.147446 0.00464493 0.000545793 7.92333e-05 2.0337e-06 2.41666e-07 9.99621e-08 1.65323e-08
 75572.6 35846.9 11950.6 3041.65 769.223 96.2811 17.6863 0.948424 0.186397 0.0319497 0.00122122 0.000153566 8.28102e-05 4.18013e-06 5.94271e-06 3.76457e-08 9.40175e-08 2.61445e-09 1.52311e-15 3.10117e-19
 94406 45654.5 10867.1 2123.79 584.913 57.3615 8.96647 1.57388 0.232721 0.0437609 0.00597423 0.00021649 0.316731 0.0891247 0.952269 0.014788 8.1444e-06 0.00214578 0.00151311 0.000397201
 120361 100517 78709.2 73160.9 94322.1 101670 108672 74910.3 118185 103267 66211.1 65464.3 49401.1 45466.5 40443.7 34391 37704.3 51353.5 72379.4 78574.7
 129534 108195 45473.2 32980.8 32790.7 43900.5 42169.1 46741.9 52422.9 69189.4 92819.4 91736.9 88369.4 92811 118841 129822 190543 110447 142652 153264
 111020 97612.8 89327.1 63306.6 47991.9 43558.1 35408.9 40517.2 49170.1 56701.3 62658.7 81324.8 108468 106508 99374.9 95303.8 91818.2 94217.4 84178.4 63326.6
 77150.4 48449 21143.7 9932.8 3231.55 875.06 100.152 18.3371 1.12844 0.618784 0.0318059 0.00431026 0.000550062 8.06019e-05 6.03906e-06 0.0185922 6.69082e-07 0.0291533 0.00123581 5.62968e-08
 111829 69520.5 62193.3 53404.1 96161.3 123220 128796 104364 73396.4 75002.9 70913.4 58524.9 38495.1 47302 61465.4 69688.5 93685.6 117388 131820 96195.1
 101373 91588.5 45230.1 37044.3 34902.8 53780.5 53451.7 46691.5 39468.2 47692 42374 60023 100124 93086.3 72000 74185.2 85409 67169.9 53567.1 112251
 82196 73444.9 32997.5 16991.1 13826.1 5787.39 1302.34 411.666 92.9775 18.3668 0.968415 0.810313 0.0299953 0.00359727 0.0001341 6.99041e-05 6.03995e-07 2.54921e-07 0.0113324 0.00528761
 75097 42321.6 7985.54 1370.01 140.369 21.1059 3.72875 0.694883 0.0377332 0.0960718 0.00331456 0.000412091 5.65111e-05 0.00997851 0.0045179 0.000615359 4.79265e-07 2.15786e-08 0.000122854 4.65882e-08
 96992.1 44527.3 19448.4 6679.56 1376.08 446.16 108.958 7.45021 1.3384 0.938206 0.186369 0.00166993 0.000781974 0.469868 0.153954 0.0614219 0.704476 0.000247885 0.00337296 5.14279e-15
 72446.6 29021.3 6076.19 1544.22 381.471 72.9289 10.4394 1.88808 0.33403 0.220307 5.27499 3.8755 1.07126 0.447624 3.398e-10 0.00179311 1.02039e-06 0.000117825 4.86723e-05 1.29174e-07
 94358.4 44252.1 20878.6 17326.5 14239.1 12797.7 12821.6 10053.8 4684.83 1396.57 372.533 42.8011 6.07544 1.16036 0.197314 0.0915211 0.0126214 0.000412564 4.83377e-05 0.00024348
 96475.9 66049.5 32948.9 21678.4 22750 17643.9 15389.5 12709.7 9824.37 4648.34 1197.85 403.03 106.626 7.57292 1.39099 0.861253 0.0331329 0.00148175 0.000203941 4.10007e-05
 97251.3 88966.8 67213.4 32960.6 14914.4 13474.1 11185.9 4356.57 1097.48 118.179 20.6436 3.25092 0.636809 0.0263971 0.0128957 0.000452176 5.58514e-05 6.1535e-06 5.22303e-12 3.06833e-07
 134058 101303 77553.4 38031.5 27290.8 31976.2 31381.4 40096.8 50539 49889.4 57611.6 43849.3 29818.3 31259.9 23152.3 24169.6 28938.9 24762.5 25698.1 28433.6
 122118 105250 43398.8 13996.8 4396.23 1376.15 253.339 63.5329 23.2207 1.80144 1.06038 0.0261568 0.00666627 3.292 1.00042 0.478834 4.50821e-09 1.51002e-07 7.26668e-08 6.94495e-10
 78087.3 66703.3 34663.4 23886.3 21098.7 18159.2 10036.1 2227.55 648.389 89.3143 16.8712 3.07655 0.146415 0.0978628 0.00282965 0.00162428 1.11991e-05 5.68625e-06 3.31215e-06 6.61787e-07
 107591 67969.4 30927.8 21316.4 13010 4163.16 1118.08 201.136 38.4484 5.55874 1.19867 0.897809 0.0325094 0.00118947 0.000590549 2.00844e-05 0.154947 5.38427e-05 0.0179846 2.92789e-06
 88721 84565.5 77325.6 80015.6 79941.4 99400.1 102270 109222 120984 101487 87939.3 75325.3 63046.6 72484.6 65962.4 88117.9 116895 93321.8 97904.6 102477
 140117 135861 109816 67940.2 49503.7 57927 95317.4 106548 106485 100317 86585.7 86628.4 105659 112443 138036 162612 171925 136020 125067 88405.5
 96025.7 57625.1 25288.7 11994.2 4254.33 905.892 153.932 93.3509 1.8203 1.04074 0.0464545 0.00191396 0.000867822 0.000123959 3.10759e-06 5.79631e-07 2.11055e-07 1.13667e-07 7.3304e-08 0.00040076
 77539.1 32532.8 5719.37 1080.97 123.106 19.7447 3.32901 0.187229 0.120969 0.0167049 0.0006548 8.4819e-05 2.76434e-06 1.45751e-06 1.06098e-06 0.000886881 4.29087e-08 7.40641e-05 4.37327e-18 6.03851e-12
 76158.7 59634.5 43020.6 38975.4 47804.3 41115.7 45044.4 69288.1 93204.3 106540 83839.8 116132 139260 169931 197471 267700 227966 208543 193050 191570
 99196.8 82205.4 55239.9 44379 76673.3 112530 156949 196605 259356 296182 274089 266966 242256 178204 147356 114731 99287.2 83575.3 69132.3 71944.4
 71129.2 24767.5 4813.93 1269.1 149.811 26.5611 3.9996 0.781167 0.0464387 0.0269641 0.00395506 0.613354 6.31681e-07 6.64043e-06 7.93648e-07 2.41498e-07 1.33858e-08 6.34421e-05 2.42773e-05 2.86896e-08
 90321.8 46687.4 24621.8 26559 34147.6 56677.8 83820.7 98351.5 108815 111788 97666.2 80981.8 68190.3 71902.6 127983 57517.6 87874.3 82335.1 84972.7 79063.8
 122725 91622.8 43993.5 37427.2 64763.6 99613.2 105763 123836 163420 131957 110430 70777.6 85639.5 106900 114340 105768 92939.3 59549.2 44925.8 42388.5
 123943 98699.4 75655.6 46438.9 23235.6 17611.6 13939.2 5464.64 1553.74 456.95 80.2541 22.435 2.24803 0.397391 0.0704666 0.0227327 0.00290384 1.48425 0.00143062 1.08347e-05
 145424 139522 147315 142089 115038 97281.2 100071 110159 132692 122850 137940 125753 110144 81899.8 53817.7 38736.8 33233.1 28839.4 43101.2 43842.1
 113774 161379 132775 81323.4 80940.4 77983.7 50580 48914.7 71569.1 68526.8 45903 33070.3 29625.8 29124 28155 29159.5 25996.8 23933 32268.4 32690
 138225 152777 123175 102283 115448 118542 118692 115470 95982.2 102035 93411 92108 112073 99334.9 93528.1 97883.4 92757.2 66826.6 64501 67083
 106615 93441.9 95060.9 88923.1 82460.1 92133.2 81177.8 90460.9 70310.6 42618.7 42788.7 39663 39501.2 36051.6 44373.7 58628.3 63157 72242.6 93659.5 101995
 102949 86273.1 78246.7 70671.8 71022.7 63947 53767.4 50976.4 52857.9 56689.4 48311.5 42453.7 63484.2 13786.9 24302.3 22507.7 17777.4 16499.7 11726.9 6070.74
 75342.5 40657.9 46261.5 29736.8 15796.8 12036.1 10770.8 10734.5 9531.03 3977.32 1155.98 409.832 106.054 21.1251 4.5896 0.406796 0.144791 0.0667215 0.00126444 1.54218
 106638 63445.8 42992.3 34215 40123.1 36357.9 38017.2 38802.8 40704.6 37697.9 31313.8 38419.6 40455.6 47592 51674.3 45697.6 57935.7 57708.1 78917 107101
 132078 114741 72858.6 66669.7 88786.7 94825.3 88361 98077.6 93675.8 75602.6 85754.1 102729 88471.4 79017.8 76505 67509.4 61591.6 56957.4 53779.6 43766
 106032 86807.1 65703.4 46129.8 37885.5 55192.1 62956.3 65302.4 75642.3 86383.7 73139.2 129433 103500 113678 99132.2 83997 75431.9 90683 77727 61542
 79492.2 66861.6 29709.8 15752.8 5350.91 1420.96 712.099 95.1454 24.6664 5.87334 0.711746 31.7314 22.9707 25.2392 4.08596 2.02141 0.000206983 0.492406 7.93507e-06 0.108472
 95034.3 75632.6 29610.7 5794.78 1408.4 398.11 121.236 16.2519 3.08541 0.591987 40.0273 17.1502 7.36067 0.0370968 1.29397 0.563594 0.301548 0.143686 0.0502215 0.0268331
 78563.1 18282.7 2821.31 697.311 171.483 34.8465 7.96607 81.6825 58.4239 27.4602 9.62046 6.19828 11.4238 1.34714 0.000253537 0.307502 0.16963 0.0820129 0.0410226 0.0225392
 98953 105315 87093.3 66038.3 43355.7 36681.6 30511.1 27728.4 23601.8 25038.3 27484.5 33378.9 28725.8 31228.6 41540.1 36266.6 43756.4 53670.1 57856.9 67138
 98473.1 77193.2 15312.9 2418.24 559.183 101.653 29.4875 3.63834 0.527771 24.0012 17.3651 8.87398 3.48187 1.61065 0.718378 0.316619 0.142188 0.0739639 0.0294089 0.0144311
 88873.4 61357.9 41590.2 47708.2 50560.3 47790.5 38599.5 47236.5 58133.9 83519.3 95646.4 89195.6 85933.3 75520.1 61326.2 58104.1 58487.1 52092.7 51618.8 66803
 88511.2 43584.9 20877.6 17573.2 12894.7 11920.9 11780.1 14563.8 23325.5 36082.7 38529.6 39681.5 52578.9 66111.9 66527.7 62479.8 64107.5 71193.6 64917.7 72249.4
 111138 85486.2 57641.7 33133.8 21921 17884.3 12091.3 5335.37 1570.89 591.459 112.949 15.974 2.34298 0.469736 0.069991 0.0117241 0.00294638 1.63602 0.580722 39.1588
 102369 110424 46205.5 23258.5 25856.3 19395.5 18327.1 17439.5 15820.3 10934.2 3043.07 938.524 96.7997 15.9341 2.85452 0.594473 3.21217e-05 0.000594893 0.000578529 4.67015e-05
 97475.5 77778.2 28798.5 10507 3568.47 1010.06 191.903 41.8408 6.7436 0.629291 0.275121 0.0401817 0.00140943 1.50978 0.000451749 0.168413 0.541993 0.0228455 7.89884e-08 0.00387202
 111102 93289.2 64210.1 49158.3 53330.8 69848.7 54318.8 41247.7 50909.9 55476.2 77115.5 90673 104093 113030 147600 232393 244494 219259 186390 168202
 97677.8 23884.9 2941.15 764.404 129.583 24.9562 4.74977 0.239914 0.0228933 0.0323306 0.000944287 0.252805 0.0615409 0.0932029 0.000294233 0.0283789 2.53214e-07 0.000639471 0.000409439 6.65636e-18
 104437 46306.2 21160.7 11842.2 3856.09 996.074 176.968 33.5973 5.86109 1.18069 0.0610615 0.0340508 0.00442909 0.00059626 8.45584e-05 8.71567e-06 1.34667e-06 0.00775618 0.00289982 0.00151533
 98806.1 38569.6 8421.74 1638.56 427.498 46.963 7.34928 1.18403 0.0701467 0.0424565 0.0030751 0.000184524 0.000102496 1.19135e-05 0.020261 0.00662239 6.74878e-08 0.000714356 0.0951896 7.86876e-11
 98754.2 59105 25997.7 13688.8 6052.13 1394.39 450.649 91.9072 21.1034 1.02524 0.0673817 0.00823561 0.0209763 0.000486965 0.208391 1.03931e-05 2.92688e-06 0.00714366 8.93429e-12 3.01456e-08
 125896 127254 83393 67402.1 74934.5 74804 45428.4 41583.8 36275.5 32815.6 20447.3 18655.7 17179.7 13975.8 5289.03 1128.71 146.733 18.3195 2.42543 0.520216
 110853 83117.3 42637.6 29816.8 24336.5 25485.5 30985.2 45463.6 59655.2 82048 97937.3 108154 99542.5 99968.8 86640 75406.8 80307.3 70204.9 85737.9 75282.8
 86037.4 50115 10359.2 1967.78 371.533 80.9801 26.9361 5.62935 0.230645 17.3322 0.22024 0.00085488 9.60504e-05 0.000160325 1.55702e-09 1.83882e-10 1.45313e-07 2.87077e-13 2.7925e-05 7.27828e-11
 104342 47986 22789.9 12745.6 4352.16 1225.23 205.081 101.456 6.28872 1.26955 0.0792123 0.0361109 0.00139443 1.59045 0.00248454 5.00148e-08 9.30627e-07 2.85674e-08 7.63762e-08 1.77139e-05
 119882 69076.8 39061.6 33615.2 30258.7 36248.1 46781 47595.6 45642.1 34323.8 38795.1 31851.2 32901.6 42777.7 45132.8 48949.9 119332 63594.2 87730.7 84638.8
 145591 169860 205366 265832 291187 304850 226292 180712 180981 177029 166003 168195 165048 188947 189902 182850 219101 240973 228166 209841
 129287 85482.9 59908.7 70285.3 44749.9 38814.6 49388.9 56922.9 49564.3 46923.8 46466.8 55306.4 65416 69650.5 102254 140661 168448 196215 209420 280739
 132117 112712 62939.7 38822.1 33335.5 37269.6 32575.7 43474.1 53804.6 42343 30327.1 28608.4 23744.9 20563.1 25478.9 37461.5 52760.7 80783.8 112195 124532
 146082 122947 74721.7 34329.5 30478.2 42708.3 47045.9 39219.2 41126.6 48835.7 58150.1 56475.7 107979 108685 137109 118769 116561 116165 112823 123566
 189025 259422 309181 355099 391568 359727 341760 301642 255913 223030 168382 142400 101380 110219 108437 100157 100613 109481 118704 125359
 128366 148532 142443 96586.5 71505.1 69522 59917.7 54453.4 58232.9 51649.1 46273.5 51956.1 66221.5 77716.3 78696.2 72257.8 54108.3 104608 30269.1 40656.4
 155161 223761 255938 284621 274305 250211 253163 241242 306622 354454 400662 440056 421546 417550 417554 407234 322713 284877 216411 181062
 119118 150663 111650 78044.9 88434.1 115197 154421 200418 238118 228752 214668 202026 153694 108901 87745.9 76937.4 51217.8 48290.3 54947.2 56089.5
 164809 253927 376850 386114 415297 360572 292631 204406 147670 96127.9 59647.9 47964.4 45717.9 41395.5 67274.6 97539.5 136099 187259 219468 202016
 122962 69023.3 28960.5 22041.9 31736.9 41900.9 37390.9 34246.8 40672.4 46576.5 52107.1 40797.7 45749.3 54020.9 58425.2 76678.7 93546.7 98951.2 111877 142083
 91313.4 57579.2 21716.8 12147.1 4671.72 1242.81 390.251 104.437 20.4688 0.749869 0.0899415 0.0138228 0.0209561 0.983437 0.000398948 9.47937e-08 2.91943e-07 1.03753e-07 1.09343e-08 1.5491e-09
 123094 89943.8 71563.4 43114.9 30350.8 43034.9 44097.9 41503.4 69997.6 84269.7 73405.5 54835.6 49574 43114.3 25021 18490.1 12839.4 4196.65 1088.97 110.114
 82433.2 58461.6 23233.1 13862.2 5676.7 1225.06 373.783 91.4515 5.68096 1.10475 0.198882 0.0329298 0.00400115 0.000172144 8.48289e-05 0.102288 5.56021e-07 0.0139161 4.84879e-07 0.00245447
 96919.7 80049 60501.3 55561.3 64113.2 75714 107617 103264 82617.5 93241.3 92251.4 95621.1 93167.5 94462.8 86877 72212.3 66441.9 64182 66987.2 67677.4
 133874 131516 119188 96625.1 105435 124484 93499.4 75344.2 87092.8 97078 104023 112120 138099 148874 156615 140807 140121 118485 141096 149716
 90465.5 40510.4 6367.77 1367.12 168.971 30.5577 3.96661 0.860692 0.0547341 0.00981096 0.00163316 0.481144 0.00378042 0.0543679 1.63336e-09 1.19607e-07 1.30282e-08 1.89453e-09 6.8454e-10 6.49005e-10
 110904 138451 99761.1 76478.9 58188.3 46614.8 43901.5 35583 26247.8 28157 36864.9 43037.3 38177.5 49988.1 71455.4 166430 115836 157722 156715 114143
 102972 74300.2 46294.5 37290.3 26514.3 27194.4 23191.3 18988.6 17967.3 19260 30955.3 52083.6 63709.7 74971.7 82630.3 73099.1 74451.7 59797 52807.9 57056.3
 108960 91361.8 68477.7 31001.1 20956 18790.6 24321.2 31908.9 55341.9 82539.8 96200 110703 107465 129019 128601 90182.2 79216.3 67487.4 48915.4 46689.4
 88783.2 47459.2 9415.54 1432.76 279.554 46.4889 8.25513 5.3867 0.0946863 0.0493716 0.00720758 0.00021501 3.46344e-07 1.2822e-05 1.33705e-06 1.32727e-07 5.02426e-09 0.0221181 4.95831e-10 1.48885e-17
 110044 93617.4 53596.9 42764.2 51507.1 50646.4 35473.6 34903.7 41937.8 43200.7 49222.1 59475 76022.6 78027.1 82155.5 103813 97468 82076 73634.1 56081.9
 97495.1 61158.3 47664.9 44473.2 55085 57735.7 29790 16889 10578.3 11726.2 10799.4 11125.1 16349.7 21684.2 24820.3 37669.5 51690 57765.6 85956.1 130899
 105942 68247.7 30028.5 14116.4 7620.29 2334.52 1093.49 119.121 24.5079 12.5792 0.771387 0.0467539 0.00731324 0.00291295 0.886151 3.36072 6.69189e-05 2.98479e-10 2.41895e-08 9.76625e-09
 109036 105847 72928.1 64741.8 69154.9 72191.2 78174.1 75316.3 69265.7 73358.8 97107.2 124520 141516 174629 137930 108846 84167.1 73326.4 54173.6 43232
 105008 78753 45686.9 24365.8 20527.4 17102.6 14744.9 11059.1 4360.77 1413.21 442.324 102.633 24.5895 4.00047 0.994821 0.215465 0.0887549 8.38743 3.5607 1.55775
