 24751.5 11584.8 4968.53 1451.04 556.895 203.926 79.2221 14.6625 2.80503 0.498759 0.0310666 0.0187111 0.000691985 0.000368626 0.000210128 6.64759e-06 0.000511143 9.22768e-08 2.40603e-05 3.26015e-08
 25555.1 10726.8 10907.9 6020.81 4908.02 4662.08 2866.91 2082.52 3262.18 6158.34 7609.3 10942.4 9562.34 9067.11 3824.74 10606.4 9634.54 9375.22 6806.94 6485.57
 20152.8 20113.1 12841.7 11401.3 13682.6 12452 18299.8 23455.5 26579.6 30402.5 32084.9 32866.9 32564.5 43341.6 47209.7 40118.6 41641.9 31431.7 30932.6 25439.5
 25381.3 15638.2 3063.97 1305.07 558.328 198.339 88.3035 16.1774 3.10276 0.556649 0.10903 0.00568227 0.00267872 0.000103728 1.48133e-05 1.67503e-05 0.000874146 1.86025e-09 6.94274e-10 2.75136e-09
 25529.5 8182.25 4570.98 1376.62 666.596 346.32 135.477 56.0682 14.3664 3.04499 0.175201 0.0312053 0.00500748 0.000708368 0.00671248 9.83787e-05 0.00344654 4.78655e-07 0.000149471 3.77626e-05
 28380 18403.6 10966.6 11384.6 14972.3 12241.5 14574 13407.9 16974.3 19302 23487.1 33151.9 50971.3 72094.1 93721.6 88415.8 78810.7 64561.6 49777.3 37238.6
 31910.3 15196.3 3447.55 3247.42 3194.88 2178.53 1262.7 1130.79 991.824 516.612 218.02 79.1277 20.8599 3.00386 0.535292 0.395315 0.0168685 0.000557398 6.07719e-05 2.61813e-05
 31279.2 31261.6 11686.9 6519.77 3000.54 766.83 329.546 136.509 57.3196 6.79285 3.25354 0.183871 0.0365433 0.00479989 0.000657711 2.54436e-05 3.29803e-06 1.12637e-06 0.00160416 9.11091e-08
 32543.8 32378.3 24986.5 7789.18 3222.62 3889.8 4113.39 3144.31 2884.79 3113.66 1763.83 2218.47 956.007 326.964 125.382 17.4969 3.10172 1.71351 0.0995113 0.0158434
 30860.2 29024.2 16420.6 7878.81 6895.54 13020.9 18512.9 13663.6 15832.1 25829.1 30764.6 25456 17176.3 18010.6 18899.7 26147.5 28051.3 33969.1 40913.8 35556.5
 24906.3 23026.8 15822.5 14151.9 14534.5 24004.5 27421.8 24348.7 21115.2 19410.5 19134.6 13288.1 12020.4 13156.3 10778.4 8608.56 6491.95 5185.39 5402.41 6603.47
 26672.9 16918.7 6174.86 2937.84 2802.5 3101.54 4660.29 6242.45 7056.21 9061.43 10520.6 7651.08 7218.88 5851.01 8952.07 11248.3 9902.88 8490.19 5082.5 5287.29
 30453.3 20357.5 6317.56 4224.05 5576.7 9821.4 11029.1 9838.03 9219.07 5758.82 3584.86 3773.87 2948.85 2423.16 5167.01 7099.93 9528.5 8811.22 5433.11 6082.45
 21810 10986.8 4109.58 2159.11 2732.36 2661.07 2829.3 5989.15 5824.03 11970.9 9137.07 9249.05 11058.3 11019.1 10648.1 11951.9 9032.8 5818.6 4163.21 4212.6
 25139.3 4431.25 980.846 261.114 82.4444 13.2726 0.998761 0.146163 0.0253117 0.0181576 0.000695113 8.24601e-05 2.72513e-06 3.54655e-07 4.29608e-08 2.2979e-08 1.02646e-16 2.5624e-10 8.5802e-12 2.95097e-12
 23112.1 17605.7 13831 14674.3 17477.5 13388.3 14442.9 18548.1 24014.2 34710.2 37301.2 41403.8 52923 60884.4 75966.4 85677.7 80266.5 79671.2 103279 73150.1
 26444.8 11089.5 1425.98 496.398 177.46 63.5206 13.8051 2.71144 0.144183 0.00806984 0.0209132 0.000589132 7.29546e-05 1.03629e-05 3.3348e-07 7.44606e-09 7.21519e-08 4.16173e-09 1.47431e-09 3.84797e-20
 20224.1 9034.48 5131.33 2688.81 2408.12 1595.05 1061.4 1007.31 510.027 208.512 72.3431 13.8189 2.66228 0.569099 0.0227802 0.000609901 0.000298059 2.92365e-05 1.19555e-05 3.52004e-07
 24676.8 11304 7188.5 6251.72 5965.47 6157.11 8547.62 12708.7 16335.8 16007.6 19015.7 17884.9 40116.4 54448 57157 62280.4 52866.4 52852.3 57359.4 17390.9
 22332.1 15475.4 8844.74 3447.16 2961.81 4218.27 3616.38 3802.55 5821.22 4764.41 5002.62 7199.02 9924.18 10417.1 8511.65 10551.6 11381.5 13869.1 17803.5 29214.1
 27095.9 21159.4 14389.7 20020.3 26525.1 31638.2 40932.8 51387.3 45346.6 46373.1 56973.8 68064.9 82393.7 91372.6 121613 127959 122058 126768 112699 96042.4
 24468.8 12006.2 6783.59 2351.66 969.056 316.501 102.661 22.0113 15.7149 0.891675 0.171939 0.0342791 0.00141145 0.000639288 0.00178211 5.43447e-05 0.000253498 2.00214e-07 2.57536e-13 5.63569e-10
 22023.8 11303.8 934.323 184.812 34.6143 7.18487 1.26045 0.241894 0.0445391 0.00793138 0.000272784 0.0681585 0.0117665 0.0058229 0.000766806 2.95128e-14 4.50533e-09 3.2747e-10 2.23865e-10 6.87704e-21
 26904.1 11851.7 7025.85 8172.3 9402.86 12152.9 20807.8 24418.8 18927.4 15057.4 12429.8 11816.9 11044.9 8968.64 8448.66 8830.12 11220.7 11700 14492.9 17805.5
 33507.6 41187 56903.9 65910.3 63472.8 47032.7 30660.1 23894.1 21183.5 23457.8 17278.6 52378.3 63707 60423 62870.6 76858.2 78132.3 74765 75601.1 89365
 30721.3 30078.9 21842.2 12889.1 12558.5 17122.7 26433.5 30550.4 30552.1 23043 29494 19721.8 12521.6 10268.4 18078.6 34539.9 83245.5 64960.5 83942.8 93498.4
 30409 32988.7 32170.1 29568 37141.5 37525.1 60873.8 83935.6 76194.4 79575.2 73224.4 60934.5 48233.8 32873.9 19167.6 17797.2 16725.4 14448.7 19805.2 34602.6
 24984.7 15443.1 11422.7 3260.79 850.31 351.639 126.111 50.4011 7.25593 2.92066 0.194626 0.123487 0.00528827 0.000725179 0.000103519 4.79412e-06 0.259917 4.80401e-06 0.000180851 0.000130107
 34343.5 22280.2 14122 5331.93 6273.85 6244.33 8003.11 10383.9 8750.31 8387.2 11179.2 11899.7 10345.6 13772.9 17262.6 12026.3 10384 9153.26 7576.5 6245.16
 31030.8 27828.9 19636.5 17523.1 25308 24264.8 25337.4 25260.7 23702.7 20433.9 20500.2 25858.4 23455.2 24401.4 24161.2 19614.9 16416.4 15623.5 16169.1 15664.9
 26233 9327.92 2919.92 784.908 224.053 71.7742 14.3535 2.92883 0.224372 0.0373686 0.0791959 0.00097138 0.000457816 0.0833947 0.00227556 0.000150351 7.80331e-13 3.27944e-09 6.81236e-09 3.76174e-17
 26982.6 21404 2085.08 342.441 89.2507 22.4157 1.83172 0.875449 0.0617929 0.0117064 0.469095 0.154349 0.278684 1.35699e-10 3.93407e-06 2.85988e-07 9.84875e-06 5.55698e-08 1.45984e-06 1.35486e-10
 29384.9 5188.95 3397.3 2681.76 710.033 208.076 67.606 15.2322 3.09918 0.571456 0.114219 0.0842377 0.00380107 0.000161261 0.0550986 0.000843389 0.00272489 0.00171087 0.000102727 2.46229e-07
 32942.1 4007.47 2408.07 888.452 239.825 76.7712 15.0362 2.88863 0.515415 0.108041 0.00628196 0.0010351 0.000140927 0.000275016 0.0109955 3.03599e-06 0.000801315 0.000115807 4.65239e-07 5.78713e-17
 23389.4 22084 3410.5 1297.49 323.892 112.616 52.5047 17.5332 1.45854 0.298211 0.182122 0.00896958 0.00126419 0.145313 0.0394381 1.95906e-10 0.00147409 1.19896e-13 7.17043e-09 2.04644e-05
 30064.5 32170 13537.2 8468.41 7691.73 10872.7 13375.4 18679.6 27004.1 30403.5 76816.7 38642.5 48826.1 56573.2 54823.6 65994.6 70843.4 72719.6 61643.7 65565.9
 28328.9 31921.5 29198.7 18672.8 10788 12085.6 9187.78 11451.7 10931.7 10906.2 5087.21 7417.44 7659.02 9829.55 13178.7 14186.5 13295.7 18215.5 25099.4 26446
 20743.8 18867.4 13631 7181.75 4331.41 4225.95 3551.16 1673.05 627.264 277.365 106.82 24.8547 5.96582 1.13891 0.225261 0.0442209 0.00575227 0.00245488 8.55034e-05 3.57899e-05
 26112.9 19019.8 20072.2 14250.2 15495.3 20769.4 21756.3 26129.4 35053.9 43402.4 48751.3 43519.6 42172.6 40455.8 42134.3 35692 23676 12490.4 3441.5 1759
 23621.4 13206.4 8479.33 7933.3 8987.99 10937 16273.3 19203.4 23273 21927.4 20500.9 14253.3 14755.4 6585.71 9109.83 12887.4 15240 14372.9 12483.7 25524
 22598.9 20005.2 12587 10763.5 13387.1 14252.3 16283.7 11954.9 8318.74 10717.5 5194.83 13613.2 15025.7 12795.7 12784.6 15464 13476.6 13315.3 18097.2 17734.6
 26046.8 19947.3 20174.2 22495.3 19090.3 19763.4 27597.8 25213.4 21125.8 18240.3 19058.9 24597.2 29831.5 25104.5 22776.2 19180.9 21417 21466.9 21069 18108.6
 27023 26602.3 23115.8 14717.7 14764.3 18916.1 16706.6 25011.7 26472.2 32681.7 38526.5 49391.2 49532 54242.1 56560.8 61314.8 54248.6 41891.8 25512.8 18209.3
 27230.4 25389 18226.5 13515.7 13072.8 9050.01 5670.58 5444.6 5251.07 6359.95 6182.43 7777.98 8732.07 13042.6 19710.8 24936.5 29039.4 32678.9 28310.7 23622.4
 29761.9 29250.6 20741.5 6309.89 2904.21 2374.61 3099.92 4525.4 9745.63 17028.9 25955 13234.7 9264.66 8453.86 8447.14 10229.5 12361.4 15322.3 20473.7 28741.7
 32298.1 20796.6 2380.68 781.447 229.916 75.0836 15.4416 3.40819 0.57738 0.0638576 0.0107258 0.00442028 0.152455 0.0334071 0.0113171 0.00403285 0.00142708 1.12104e-05 1.90576e-08 3.46488e-08
 29778 21992.5 13900.1 6723.95 6124.52 9363.29 15228.6 17584.2 21803.9 17913.4 17413.1 17304.7 12998.9 17981 14680.2 10069.9 10552.9 11681.6 10638.7 10954
 25238.6 18181.3 6089.39 6102.37 7639.07 4339.33 1727.17 418.592 120.125 23.2183 4.48263 0.825955 0.048864 0.00688368 0.000283559 0.000400205 1.27128e-05 2.60504e-08 3.64569e-08 1.5508e-08
 26492.7 13106.3 2750.33 3581.2 2228.97 2679.51 831.003 217.353 84.4852 19.769 2.93253 0.518746 0.101567 0.00568648 0.00276744 0.00139937 0.000204023 4.82501e-05 0.00207803 0.000636449
 23192.8 17839.6 15771.2 20712.8 38164.5 49156.1 42536.2 48485.7 62158.3 63372 27824 50927.2 59167.4 48784.3 50110.9 54515.7 66763.5 90568.4 95863 100478
 20973.3 13867.4 4516.07 2244.99 2547.68 1741.39 1062.65 744.758 561.226 274.665 135.134 54.4796 5.00678 0.904175 0.186914 0.0298154 0.0010592 0.000423666 5.18232e-05 2.54171e-05
 24424.2 15881.9 3658.58 3856.3 2480.54 2484.53 3238.65 2951.09 1774.94 2148.51 2054.75 1894.13 2202.18 4387.61 4163.4 5294.12 6360.06 6573.38 9157.59 11712.5
 33473.5 45503.9 51847.1 49731.7 60583.7 62850.6 68638.6 72322.6 69027.7 81244.3 68208.9 70304.9 83362.9 83117.1 83092.3 92200.4 110248 105180 102764 82622.6
 29258.7 18157.6 11161.8 15892.7 16073.1 15461.1 17642.6 18271.5 25973.5 34351.4 56222.9 64093.3 59550.8 49722.8 52607.1 58490.3 63690.6 63899.4 58910.4 47669.4
 30620.1 31915.5 24426.6 24611.4 18524.9 15608.8 21282.2 18837.7 16538.8 23925.2 27637.1 17812 30554.8 42375.1 53655.3 59617.4 56890.3 46778.3 35580.6 22680.7
 23742.8 17955.9 14214.6 13775.9 13275.7 16033.2 21378.7 31377.8 43839.2 66087.7 82715 82537.9 69794 61498.3 49047.7 40768.4 41635.8 39590.3 30510.2 21445.5
 33406 45252.4 48551.1 42747.7 39868.9 52365.5 48368.9 56132.3 61792.1 68851 64787.9 64490.2 71686.5 73081.9 68610.1 67324.8 69780.5 68859.4 67412.8 46937.4
 26174.2 32349.2 31059.2 33169 34878.9 38246 30281.8 18068.8 16037.4 12613.5 8677 6706.2 4905.51 3968.53 2702.15 1544.37 931.859 378.229 143.084 19.9815
 27502.1 4067.02 2053.4 347.8 105.029 14.6708 2.97548 0.179868 0.0278289 0.019905 0.000773876 2.55197e-05 3.73168e-06 7.6494e-06 6.32097e-08 9.38941e-08 1.59569e-07 1.27987e-17 5.12739e-11 1.64745e-11
 28419.4 12751 1272.46 288.881 70.7477 18.4349 1.33972 0.212909 0.0337128 0.0290122 0.000622616 0.000731489 7.12113e-05 5.35688e-07 2.54874e-07 8.37176e-09 9.73144e-16 2.12943e-11 3.17523e-11 3.51275e-13
 22060.2 2947.58 1610.44 455.595 151.558 56.4299 14.5144 3.26917 0.661048 0.137992 0.00298109 0.000953996 0.128623 0.0292269 0.00436328 0.00302388 3.87072e-13 9.53942e-05 4.2065e-09 2.33941e-16
 24096 4239.26 1909.99 1077.42 306.86 100.022 21.3634 4.1545 0.808631 0.179605 0.0087669 0.00148001 0.000636594 0.000415687 2.59806e-06 3.46996e-06 3.73316e-08 3.76929e-05 1.31702e-08 1.59761e-07
 18609.8 7019.03 1251.82 990.66 472.529 171.117 62.5946 13.3381 0.802158 0.127326 0.00734639 0.000840001 0.000119205 9.88517e-05 2.15918e-06 6.39542e-06 8.12342e-06 1.58837e-08 1.90471e-09 1.85162e-10
 29862.6 10389.5 4273.62 3148.4 2548.17 1005.19 451.274 177.157 66.3087 13.118 2.1716 0.47552 0.0976949 0.0158407 0.000499798 1.57475e-05 3.0748e-05 9.33387e-07 1.13893e-07 1.23118e-08
 29217.5 20600.6 16388.3 21115.3 19457.3 13415.1 14661.4 10770.5 8775.42 7338.48 7103.2 4483.52 3873.68 1573.54 411.192 141.204 16.6707 2.78505 0.490771 0.0925967
 28975.4 13732.7 1718.41 582.759 176.118 60.5953 13.979 2.82511 0.169647 0.0318273 0.0047831 0.00566418 9.24199e-05 3.62307e-06 2.03354e-06 0.000543095 1.95121e-06 4.29901e-05 8.34369e-09 2.46348e-06
 24132 11518.4 1825.72 563.45 198.046 68.0984 13.08 2.53181 0.473818 0.0239306 0.00458408 0.00266894 0.000340073 9.6948e-06 3.41269e-07 4.71316e-06 5.29389e-09 2.89229e-09 1.53933e-09 2.06363e-10
 23736.4 3142.17 697.613 188.674 56.492 12.8342 0.923705 0.15063 0.00856792 0.0012996 0.000667826 9.05912e-05 7.29287e-07 1.51336e-06 9.30301e-07 2.44586e-08 2.09479e-08 7.82757e-06 1.40457e-20 4.91303e-12
 26025.2 18263.9 2317.88 1280.01 528.635 197.928 87.7887 15.1348 2.44643 0.155469 0.101309 0.00478408 0.00262458 2.03277e-05 2.51273e-06 1.09787e-06 3.07613e-08 1.55924e-08 9.1603e-09 8.22002e-11
 22450 7253.45 4310.93 1119.53 345.781 131.237 33.6996 13.2014 0.885427 0.166572 0.0312186 0.00492991 0.00061923 8.55287e-05 5.05174e-05 6.10263e-06 2.01826e-07 6.11239e-09 0.0013526 9.47699e-06
 30078.6 14985.8 1788.91 372.546 99.3749 19.2396 3.68225 0.23661 0.122254 0.00750135 0.00427271 3.7207e-05 7.44662e-05 6.05558e-07 1.28714e-05 8.41407e-06 6.09738e-05 1.71171e-16 1.15157e-09 3.07826e-11
 24606.2 19706.6 5273.33 4613.41 1144.86 302.843 111.504 24.335 4.97514 0.899534 0.705253 0.00814063 0.00113431 0.00014408 1.94732e-05 3.57099e-05 5.69077e-08 7.96671e-10 3.52632e-09 3.56078e-10
 26876.6 21256.2 7280.59 6893.93 9351.71 8780.28 9829.94 17854.5 10907.5 11266.6 11265.1 8588.9 12315.6 15302.8 15640.6 15712.3 12765.5 11025.6 8180.62 7763.1
 21494.7 19480.9 12289.4 10648.4 10077.1 11019.9 14095.3 16279 16829.2 17934.1 14853.3 16083.8 28212.7 40691.2 33651.5 26338.7 18422.7 14105 7129.82 4809.54
 19100.3 11056.9 8546.25 8892.65 12130.3 16327 12201.2 12485.1 9870.37 10023.8 12843.5 14286.4 20189 25091.6 32083.1 45820.8 56769.2 64664.9 71703.8 57792.2
 19691.6 7306.21 4446.53 2643.89 1077.74 528.041 392.174 196.81 83.5426 13.986 2.58941 0.38188 0.0916672 0.00352459 0.000448953 6.19289e-05 7.29843e-06 2.06628e-07 1.07277e-07 2.535e-09
 26446.5 15453.6 5522.67 6832.54 3629.84 2710.45 2201.51 1437.59 1443.58 652.303 260.861 111.337 26.25 5.22813 0.927921 0.205379 0.0320229 0.00348643 0.000445757 4.95007e-05
 21443.6 11572.5 5688.95 4113.66 3186.16 4215.27 1326.54 339.183 115.263 26.5733 6.28511 1.16204 0.206197 0.155875 0.00579562 0.000212435 0.000337628 9.37545e-06 1.67913e-05 0.0015702
 29900 13171.4 10505.4 1945.87 1125.21 492.852 179.71 71.8163 14.5918 2.64071 0.495233 0.108516 0.0209342 0.000637275 7.42961e-05 0.0148908 0.00237279 0.00115648 0.000673654 1.35068e-13
 24160.3 10864.3 6145.18 5369.22 6188.14 7798.62 8541.09 11296.8 14800 16383.9 15123.5 21713.6 23393.1 20632.8 23007.4 18202.1 13342.9 13297 15708.9 17175.1
 26863.5 23130.8 15364.4 15924.8 22055.7 30190.4 26400.8 12869.4 13538.6 14591.1 15833.3 12804.6 6486.05 4884.33 3004.57 3440.25 6484.43 8557.44 6889.1 5613.74
 30129.9 17876.3 2154.75 747.074 228.204 73.4395 9.51461 2.64025 0.500191 0.0282139 0.00136091 0.0001606 0.000350065 1.04972e-05 1.41975e-06 4.95245e-07 9.83006e-08 4.78528e-09 1.54177e-09 1.30495e-07
 24468.8 10658.9 7329.88 6570.15 8064.08 9529.48 6879.11 7742.23 11957 15902.6 20202 24841.8 29617.3 49042.2 69735.9 92936.9 95477.3 70483.1 67374.6 64529.4
 24114.9 19870 7855.03 6023.59 7538.4 5919.08 6306.26 8842.9 11015.2 14578.7 21222.1 19931.7 16566.4 16170.1 16860.2 19124.1 22969.9 25842.6 21375.6 59527
 26137.2 15534.8 9151.43 5571.69 4243.98 2376.56 1303.57 1321.91 2657.72 4902.05 8308.12 10569.5 12532.5 15780.2 27298.2 31783.4 37113.3 44450.1 44066.8 41620.3
 26366.1 13920 3834.91 2544.31 2761.85 2718.52 1981.3 1763.84 741.369 422.515 216.361 82.1179 12.7284 0.835401 0.121396 0.0219746 0.00067977 0.000255527 2.6275e-05 2.52322e-06
 31038.1 27182.3 11871.1 7615.8 6592.25 7892.62 9782.08 11036.4 11311.8 11242.7 11187 14892.1 12847.6 12229.7 16645.1 17855 16865.4 26277 28991.1 25728.8
 24739 12958 1311.82 274.079 74.6654 17.7352 3.56328 0.202649 0.0398009 0.00691515 0.000864223 0.000540738 1.68244e-05 2.19872e-06 0.000923485 6.80367e-09 0.000732651 2.63695e-10 0.00072137 9.58139e-08
 24819.2 9636.81 2785.8 2070.27 2008.99 1679.09 1123.38 867.922 474.509 201.879 84.3554 13.1448 2.38183 0.126186 0.0229143 0.0112943 0.000347978 3.37422e-05 1.73236e-05 5.39138e-07
 24998.4 17497.4 16188 9597.38 8054.59 7860.91 6300.34 2908.12 1304.97 761.563 387.858 148.461 33.1001 14.8519 0.776375 0.163675 0.0233735 0.000580242 6.29194e-05 1.76225e-06
 20837 9716.68 1421.49 335.129 90.7681 15.6521 1.06366 0.512446 0.0285317 0.00519421 0.000675517 8.98574e-05 2.31066e-06 1.55085e-06 2.27699e-07 5.55882e-09 3.20227e-09 5.31992e-09 4.37869e-20 5.12428e-12
 24002.1 8676.95 4245.92 5163.77 5212.13 5876.11 4786.76 5449.26 4792.65 5997.53 10608.9 15663.4 19210.9 25936.6 40515.4 53886.6 68115.9 57560.6 39911.1 30186.2
 22633.4 11089.5 4823.32 3541.19 1396.88 513.545 186.455 81.7093 12.4629 2.42335 0.457366 0.00642401 0.00331507 0.000102312 0.000203924 5.13657e-06 3.41255e-08 2.10623e-08 1.13984e-08 3.52521e-10
 14427.5 3389.66 622.971 191.401 74.5951 13.3997 0.945916 0.15259 0.027513 0.00541057 0.000172403 9.82088e-05 1.0148e-06 4.04032e-05 0.000255114 2.71931e-08 1.29386e-05 4.25135e-06 1.75762e-10 3.62578e-08
 22977 7992.55 1841.01 444.168 135.218 29.774 13.5024 0.840345 0.164125 0.0281015 0.00141421 0.000261404 0.000447105 0.0124053 0.00176224 0.000805659 16.4086 5.21252e-05 8.00865e-06 3.94798e-08
 24656.7 17594.1 11887.8 5336.61 7467.65 12453.1 10064.4 10947.3 9321.47 8545.12 12888.9 19589.7 23094.3 58385 38558.8 48184.2 60479.1 65702.9 64120.9 59097.2
 25000.9 8686.98 3647.27 1140.72 435.032 159.68 64.1998 14.4623 1.14373 0.166694 0.0315668 0.00147752 0.0212817 2.34138e-05 5.12169e-05 1.57352e-06 3.26248e-06 2.53699e-08 1.93961e-14 7.49749e-11
 26912.1 14020.6 7887.52 4356.79 9746.74 18283.4 21321 22897.7 32708.7 47927.3 32597.1 55906.5 43033.6 35636 24269.1 19722.5 15540.4 13722.6 9206.28 8062.4
 22144.9 11485.8 7267.28 2665.1 3324.91 3468.98 2837.2 2000.19 1001.99 498.46 247.548 90.7118 12.1825 2.2006 0.111376 0.0159982 0.00054762 0.000234859 2.26482e-05 2.62336e-06
 16864.9 11998.8 7254.7 9478.56 15735 12012.5 10692.5 14732.9 23046.5 26974.7 10861.4 31900.4 40153 39726.5 44819.1 55057 73189.9 80151.6 85562.6 84952.8
 17470.6 11852.3 4116.71 1671.59 1423.16 1483.22 1202.03 1052 1182.08 1783.27 1885.09 2240.64 2054.45 2663.27 4308.74 4459.1 5743.04 10676.8 18558.1 17050.9
 26704.7 9870.04 2259.22 1602.62 2098.17 3969.27 8934.31 14771 17865.7 24361.7 20669.1 21230.5 23590.2 20662.5 11354 11358.3 14432.6 14841.3 13227.2 16963.7
 27369.7 19703.3 8867.64 3326.57 2468.64 2353.66 3521.76 5371.69 12153.5 16963.4 21768.8 23996.1 24916.7 20962.3 19159.5 19239.9 19793.5 24726.4 27497.8 31109.4
 28176.6 21482.1 16548.4 19034.8 21012.1 31392.7 29936.1 28484.2 31349.3 36358.4 42303.2 40906.8 32009.5 25210.6 19260 15966.9 7761.03 17874.2 15672.6 15083.7
 28179.7 17010.1 7864.64 5338.07 5388.69 6554.34 9989.72 15630.2 19216.2 21311.8 24256 31567.8 34627.2 28500.6 32192.6 39741.7 39536 51947.8 47763.1 43125.9
 26611 13173.9 10713 6777.31 8302.19 12003.6 18182.3 19826.9 18686.3 21461.2 20831.2 18177.4 11253 11128.8 14134.4 18692.9 27168.2 37411.7 36847.8 34953.5
 21744.8 12116.5 2931.63 2162.96 3133.46 4509.21 7284.52 10934.3 17845.8 18603.6 22692.4 26430.1 29323.6 33507.6 39563.1 54600.5 64228.9 72267.5 58414.1 45746.7
 24536.2 15931.8 7810.32 5553.8 11211.1 15544.8 16674.4 21174.5 24541.2 22389.8 21485.3 23703.3 28037.1 41157.4 35199.5 28749.6 35555.7 41511.4 34095.8 35772.6
 28339.9 22495.4 5217.69 3429.89 4809.5 3827.93 4075.28 4233.99 6360.95 9670.84 12274.8 16328.3 20774.5 21368.1 21022 25386.5 26813.3 28636.2 23722.7 18028.8
 24627.2 14764.9 6614.85 7132.08 10341.5 10300.5 11371.9 13620.6 14992.3 11321.7 6666.75 6010.33 4274.67 3901.14 4132.81 3109.59 3093.88 3637.61 4791.81 7133.34
 26991.8 17107.2 13260.9 9642.25 10870 10797.7 11727.8 10524.7 6424.25 5542.46 6027.28 7091.58 7765.33 8838.29 13528.6 14124.3 12026.4 11092.3 13999.1 15827.7
 23849.6 15988.5 5111.42 5820.12 7117.28 7373.44 11759 13585.7 12327.3 25236.8 33877.9 41952.3 44807.2 40563.5 34973.5 17640.4 9148.34 8501.62 1995.73 493.85
 22001.1 14043.5 9723.42 11243.4 12183.2 12956.4 14952.9 14882.2 14472.5 8095.26 5217.44 4018.65 4181.42 5399.81 5250.66 5353.74 8162.81 11571.4 11258 11922
 21054.8 4661.05 5429 7085.22 9248.47 14944.4 25882.5 40394.5 64238 69978.3 80690.1 74318.3 79249.9 84072.8 78997.4 73489.9 60320.5 54476.5 56110.3 59962.5
 26064.3 15663.5 8127.95 7777.21 8764.37 9147.54 12646.5 24292.5 41412.8 65334.3 88108 97310 111299 122683 129193 106438 72519.7 59217 58964.3 53574.8
 23858.7 9524.56 7649.92 7050.69 5650.94 5535.65 4580.14 5637.84 8224.39 9959.29 13213.1 20100.1 30553 43799.5 55398.6 55452.6 49285.3 53009.5 64895.4 79356.4
 13048.9 4584.1 1849.83 1586.99 1292.03 811.805 303.028 105.544 50.6741 14.0072 0.769232 0.177569 0.0241924 0.000758907 9.20437e-05 1.27596e-05 3.14582e-07 4.02575e-08 1.67746e-08 2.76032e-09
 18580.8 4562.59 733.017 216.965 70.2307 14.2837 2.75308 0.149837 0.029383 0.00523421 0.00019524 2.47865e-05 1.35421e-05 6.98874e-07 9.95568e-07 6.26858e-09 1.57043e-08 4.3475e-10 2.64844e-19 5.27131e-20
 24229.3 6286.57 802.914 205.842 52.2412 8.05321 1.27597 0.246129 0.0361975 0.0070058 0.000968699 3.4332e-05 0.00774744 0.00110579 0.0829548 0.000204599 1.42545e-06 1.97344e-05 2.53276e-05 3.71076e-05
 27475.1 19828 14314.3 12775.5 17285 21079.8 23038.5 11636.2 34006.6 27235.1 14034.3 12393.6 8985.37 8614.95 7132.09 5474.66 5871.2 9031.99 14566.3 16990.2
 32443.7 23465.6 5585.46 4143.55 5507.34 7277.5 7658.11 7949.45 9733.71 13502.7 19876.8 21392.5 20713.8 20194.1 33645.6 35484.6 62621 31214.1 33641.7 39759.1
 23718.3 19007 16175.1 10924.8 8110.68 7648.61 5027.35 6852.42 8085.16 10440.9 11302.1 14675.2 23001.6 23787.8 21866.2 21095.6 20797.5 19872.6 17900.4 12883.4
 18461.9 7984.02 1860.2 586.791 220.109 81.0214 14.3447 2.73255 0.172739 0.0985584 0.00509882 0.000688513 8.96528e-05 1.29702e-05 9.8504e-07 0.000188276 1.11767e-07 0.00072494 2.2421e-05 3.3439e-08
 26163.3 11461.5 9841.03 8781.11 15650.1 25819 29393.4 23255.8 15170.4 15355.4 15037.9 11324.8 3922.31 11117.3 11947.3 13621.2 18980.3 27851.7 32082.8 22789.4
 23989.5 16481 5766.97 4535.03 4985.9 8409.91 10028.8 8369.51 6010.33 8071.81 6705.42 10157.4 19016.1 19933.6 14621.8 15002.5 17305.4 14307.6 10312 37715.6
 18947.2 13661.2 2773.89 1960.97 1350.61 400.212 135.229 53.7451 13.8888 2.92047 0.149111 0.131222 0.00475862 0.000579721 1.95842e-05 1.06088e-05 8.38317e-08 4.13191e-08 0.000162274 0.000104552
 18711.5 7132.33 675.314 148.073 20.0627 3.27829 0.600307 0.112763 0.00613642 0.0160204 0.000554231 6.8843e-05 9.47759e-06 0.000198431 0.00013565 4.89117e-05 8.37951e-08 4.68756e-09 1.22053e-06 8.31118e-09
 22597.3 4961.47 2081.1 492.238 142.507 59.0785 16.0665 1.09117 0.203053 0.151044 0.0301454 0.000234281 0.000123689 0.0196158 0.00234507 0.00132516 0.0347914 1.33643e-05 2.26503e-05 3.39654e-18
 17278.9 2600.18 450.925 135.138 37.317 8.53543 1.48059 0.267884 0.0454777 0.0365887 0.0296068 0.14444 0.0176744 0.00541496 4.4028e-12 0.000182147 3.01779e-07 2.54949e-06 8.58077e-07 1.49987e-11
 22641.6 5859.9 2123.1 1952.64 1315.44 1172.41 971.738 591.255 280.318 136.541 49.9154 5.07209 0.875146 0.167673 0.0303187 0.0145303 0.00202928 6.22575e-05 7.48574e-06 5.08741e-05
 23522.7 12097.7 4169.46 2665.61 3176.9 1936.64 1443.42 1027.46 556.113 256.869 118.874 54.2769 14.854 1.07014 0.194705 0.137657 0.0048773 0.000209066 2.60866e-05 6.65803e-06
 21285.8 16487.3 12814.5 4270.96 932.789 1055.93 662.697 272.578 109.833 16.054 2.94106 0.512973 0.100472 0.00421074 0.00199551 6.96899e-05 8.83767e-06 9.47355e-07 7.35924e-13 5.15548e-08
 29537.7 20611.4 13753 4729.17 3491.33 4918.2 4305.12 6527.04 8854.49 9875.12 11122 7968.19 4727.11 4578.26 3084.78 2876.98 4450.54 3408.37 3719.45 3980.03
 30471.6 20932.5 4846.75 1004.8 304.651 110.368 28.2654 6.72511 3.62659 0.244469 0.169172 0.00319149 0.000962684 0.115503 0.0325404 0.00761623 8.44471e-12 2.49911e-08 1.21463e-08 1.13572e-10
 18922.9 14008.4 4187.99 2910.13 2889.81 2045.23 654.465 199.813 65.4103 13.4115 2.63181 0.497508 0.0230661 0.0159413 0.000459322 0.000266864 1.85925e-06 9.12151e-07 5.57529e-07 1.19395e-07
 25741.3 11533.9 3904.01 2373.58 1049.03 302.509 101.672 23.288 4.89308 0.84856 0.180084 0.144941 0.00511003 0.000180644 9.826e-05 2.85962e-06 0.00221315 1.09143e-05 0.000199076 4.52762e-07
 22906 17203.3 15624.2 15779.5 15836.1 21154.5 24103.9 23897.2 30598.4 25099.5 21780.5 18447.5 12943.9 16118.1 13899.4 19348.1 28145.8 23999.8 22088.1 25089.3
 31841.7 26437.1 20442.2 12807.2 8661.14 9645.13 17562.8 23866.8 24128.8 22740.4 19142 18622.9 22156.7 24384.5 32704 37696.9 47464.5 37016.7 32828.3 20740.1
 23724.3 9555.63 2393.87 740.401 292.314 95.2214 20.166 14.7248 0.280007 0.167394 0.00751886 0.000298635 0.000141003 1.99167e-05 5.20526e-07 9.49663e-08 3.52733e-08 1.89559e-08 1.22368e-08 5.92358e-06
 17598.7 3118.64 444.166 110.488 17.772 3.08829 0.540821 0.0299471 0.0199272 0.00258816 0.000108597 1.41551e-05 4.61653e-07 2.43755e-07 1.79401e-07 3.57756e-05 7.91798e-09 5.37888e-07 5.6051e-21 1.00279e-12
 17610.8 9688.64 6426.08 5523.38 7872.8 6348.97 7225.36 11741.6 17834.1 20981.9 18952.2 30214.4 39871.5 52011.8 60822.2 86629.2 83438.3 74948.3 67024.7 63860.9
 22117.3 15283.4 8819.94 6897.95 11593.1 21778.5 34774 44046.9 65458.9 85773.1 89199.7 82780.2 76323.1 57113.1 42056.9 29423.1 21935 17455.2 14138.4 13950.3
 16553.6 1910.79 379.416 107.52 20.0723 3.7262 0.626277 0.120819 0.00720377 0.00431464 0.000645178 0.0228477 8.64265e-10 1.11191e-06 1.32886e-07 3.89194e-08 2.18874e-09 1.34269e-06 4.49939e-07 3.23591e-09
 21386 6160.16 2512.91 3601.71 5420.28 8760.69 15774.3 20508.7 24067.2 25616.7 20994.7 17915.9 13626.7 15467.3 42486.3 14982.8 19334.3 18056.1 18070.9 16103.9
 29380.1 17071.8 6211.08 4989.71 10061.6 19310.8 21977.5 26184.3 35740.6 34090.4 27362.4 14235.8 16653.6 22218.9 25136.9 25552.1 23618.1 12802.4 7592.21 7433.46
 27762.2 20894.1 16349.6 7522.55 2642.43 2197.29 1176.32 394.197 152.635 53.5953 8.33627 3.21921 0.279042 0.052038 0.0086604 0.00342065 0.000420386 0.0486152 0.000293701 1.73359e-06
 30313.8 33011.9 31867 29365.9 24416.2 19986.1 20569.9 23332.1 27510.8 27798.3 29103.2 33682.9 26485.3 19210.3 10755.2 6411.71 5536.71 4442.15 7496.16 6363.9
 25976.5 33505.3 36139.9 15732.8 15539.8 16685.9 8512.94 9214.68 12747.3 15133.2 8141.64 5884.45 6588.2 5087.08 4160.85 4643.02 4077.46 3404.06 4712.79 5810.39
 34300.9 35180.5 25439.2 21517.9 25309.5 26040.8 29193.2 26997 21787.8 22880.6 20004 22555.3 26562.1 22308.3 21840.7 23994.1 23751.7 15811 13765.9 16017.2
 31044.4 21438.7 18668.4 18959.9 16905.2 19600.7 17876.8 21912.3 17718.4 8647.8 7516.9 7850.62 7913.34 6896.03 8277.43 13198.2 14126.7 16356.4 21104.7 26124.6
 28811.4 19711.6 18047.5 14649.7 14881.7 14955.7 11392.9 9799.21 11381.5 12180.9 11191.1 10410.7 23131.6 3516.57 6004.09 4133.6 2708.43 2528.17 1322.28 434.106
 23862.9 7633.47 8655.17 4290.48 1594.75 1362.48 1060.85 921.317 920.064 308.463 114.294 46.9128 13.2399 2.99263 0.649414 0.0522701 0.0212781 0.0106547 0.000144348 0.0271129
 32066.6 12190.5 6742.49 5138.6 7455.91 5973.34 7633.73 8789.52 7736.16 7690.8 5460.95 7207.3 7646 11237.3 11755.5 9637.2 12079.6 11905 15969.8 24792
 31162.8 22270.1 12680.2 12925.8 15872 20271.6 18388.7 22042.1 21378.9 15548.9 17740.5 23028 19148.1 17092.8 19472.4 15204.9 12917.9 11390.2 11725.1 8433.71
 31066.5 17615 14391.1 8407.77 6292 9935.15 13011.2 13484.7 17190 20800 16965.8 43237.7 29765.3 31802.1 25008.6 22029.9 17965.5 21184.8 19897 14292
 24043.4 13992.8 3173.61 1913.24 441.374 134.346 88.5997 8.80935 3.41792 0.759259 0.0840473 0.168152 0.675849 0.0539474 0.0600188 0.0270162 4.02164e-05 0.00587928 1.56319e-06 0.000998303
 25358.8 16052.8 3003.67 474.772 135.214 36.84 16.0421 1.97146 0.37802 0.0625533 1.36983 0.7608 0.184956 0.0047397 0.022945 0.00717234 0.00358778 0.00154689 0.000476136 0.000232304
 24394.2 1752.08 304.308 76.9348 19.9278 4.59428 0.847598 0.678957 1.68022 0.888387 0.0520815 0.106295 0.371729 0.0305224 4.74663e-05 0.00488149 0.0022822 0.000868937 0.000374938 0.000148552
 25015.9 22173 16714.7 13220.3 6458.05 6275.19 5522.47 4118.48 3762.2 3878.07 4638.09 5678.11 4865.69 4705.37 7826.23 6861.53 7814.3 11766.4 12598.4 13384.1
 26123.8 16729.9 1446.63 266.446 69.5352 10.4861 4.40485 0.410569 0.0696042 0.148934 0.507666 0.223137 0.0624127 0.0205677 0.0049459 0.00528492 0.00200175 0.000718757 0.000149521 8.17374e-05
 24157 11129.7 6574.06 7940.4 10035.5 9174.68 6457.91 8199.51 11264.2 16243.8 22967.4 21464.8 21291.7 17905 14279 12709.2 13318.5 10679.8 10064.5 13456.3
 21077.8 5602.38 2280.46 1865.02 1046.29 898.189 728.432 1184.97 2736.83 5263.76 7067.01 6379.05 8849.26 12684.6 14299.7 11435 13129.8 14104.7 13392.2 13932.3
 25885.5 15965.3 10330.6 4403.89 2874.2 2271.71 740.246 342.908 142.171 54.527 14.5776 1.80335 0.30569 0.0555567 0.00905869 0.0013897 0.000433812 0.0265761 0.00893935 5.82675
 23133.6 21418.4 4203.83 2897.37 3542.88 1892.49 1945.67 1729.23 1526.49 662.103 210.55 90.7256 13.5634 2.34901 0.444568 0.0936793 4.95039e-06 9.92418e-05 9.5614e-05 7.86712e-06
 24355.5 14548.1 2128.14 678.569 243.086 89.5761 23.637 5.29298 1.02953 0.0837838 0.0436369 0.00632071 0.000216646 0.0667531 7.2787e-05 0.00187705 0.000384247 0.000176955 1.31754e-08 2.22589e-05
 26300.2 18254.3 9817.5 7933.13 8428.52 14022.1 9745.9 7227.48 8901.62 8362.62 16792.8 19276.9 23818.6 18257.6 37756.7 51177.7 68985.5 64880 55625.1 47016.1
 24797.1 2333.9 358.739 92.3512 19.9546 3.9616 0.770679 0.0384136 0.00380238 0.00537023 0.00015526 0.0139303 0.00168389 0.00340782 4.65148e-05 0.000119615 4.54666e-08 4.55327e-06 1.1297e-05 5.08784e-21
 25879.4 5045.87 2332.38 778.48 243.542 94.227 21.7466 4.618 0.913135 0.184412 0.009555 0.00518967 0.000720605 9.59692e-05 1.35529e-05 1.45726e-06 2.24405e-07 7.93583e-05 2.51322e-05 2.0506e-05
 28062.2 3685.28 618.991 155.997 39.7963 6.62899 1.09467 0.187036 0.01084 0.00693979 0.000505587 2.95858e-05 1.66865e-05 1.98746e-06 0.000678434 0.000166281 1.14603e-08 5.81688e-06 2.58825e-06 1.52123e-11
 23870.6 9874.16 2494.73 1081.99 399.963 138.922 54.3399 13.8845 3.36376 0.160635 0.0101505 0.00128878 0.00352386 8.12735e-05 0.00890654 1.56272e-06 4.60381e-07 0.00015725 5.23304e-15 5.03367e-09
 27934.8 23102.4 14081.8 11122.3 13347.8 14194.3 6954.8 7918.13 5018.42 4355.55 1644.5 1621.64 1354.68 777.431 318.274 122.297 20.936 2.74639 0.391366 0.0836818
 25945.7 13967.3 5691.03 3749.24 2937.56 3108.37 4001.75 7047.06 10672.6 14777.5 20382.5 22653.6 22350.2 21407.9 18695.2 14843.9 16878.3 13553.9 16028.2 15991.9
 22438.8 7862.57 841.835 202.913 41.3969 8.96019 4.12329 0.863645 0.0307214 0.103241 4.02848e-05 0.000137614 1.54515e-05 2.6727e-05 7.92887e-13 2.4456e-13 2.42556e-08 8.84887e-16 6.64439e-07 4.59836e-12
 24757.4 5710.66 2548.35 855.14 289.883 106.63 24.4044 14.8341 0.952824 0.189905 0.0117769 0.00561756 0.000195463 0.0593785 0.000528438 1.00499e-10 1.54972e-07 4.49766e-09 1.21575e-08 3.50594e-06
 28430.8 10072.8 4980.69 5304.15 4262.25 5229.58 7442.93 8724.31 8269.82 6230.59 6085.08 5118.66 4821.15 7408.33 7992.91 8800.71 37688.9 17402.9 20918.6 18631.5
 30366.1 38894.8 50573.4 66637.3 87123.4 98159.9 79382.1 71377.7 62926.1 62361.3 62119.5 60411.1 59364.5 64321.9 69255.4 66473.1 70516 87909.4 86911.8 79105.5
 28583.8 14598.5 9627.24 12983.7 6662.22 5734.06 8967.68 13310.1 7714.15 7749.25 8040.02 10257 12659.9 13056.6 18545.9 29769.4 40040.4 51055.7 59079.4 71064.8
 29766.8 20944.9 9226.53 5765.96 5377.83 5602.48 4868.69 7188.43 10696 7960.09 4474.87 4062.23 3436.63 2278.58 3253.26 5432.57 9025.84 14318.7 23594.3 30724.1
 31953.3 30962.3 13171.6 3969.73 4580.33 6432.92 8364.22 6818.37 6670.54 7931.13 10491.6 10553.4 21339.7 25102.4 28938.8 31697.4 27095.8 26662 26431.8 27284.8
 33913.9 57841.8 80786.3 103913 126510 118994 116111 99600.7 85103.1 72300.3 55109.2 40370.2 26710.2 23891.4 22499.4 20661.7 21714.6 21504.8 25755.4 29077.5
 30801.6 30504.8 29592.3 18229.2 12014.7 14494.4 12338.1 9808.72 11154.6 9832.3 8040.8 9369.45 12960 16264.3 18052.6 15815 10913.9 38087.7 8599.94 7976.39
 33587 54712.1 78363.4 83424.5 92447.5 83654.4 82121.9 75758.4 85957.8 112132 130375 158487 147906 153684 142493 157865 127807 107315 78736.2 59343.9
 25941.6 32518.2 21876.1 13627.9 16563.3 24090.8 32231.7 48090.9 66181.8 72317.7 64943.9 62938.5 46528.4 26753.1 20184 17244.9 9578.66 9286.55 10375.4 13270.7
 32569.8 58152.7 99285.4 121136 142509 137087 112584 73122 50506.3 28916.6 9960.73 7926.16 8435.46 6682.23 11235.9 19488.8 28687.2 46260.5 63620.8 64490.6
 27651.8 10370.9 2998.06 2785.24 4323.66 7188.65 5888.57 5167.82 6669.53 8579.96 9274.33 7189.87 7199.85 10560.8 10971.4 14574.2 20324.6 21657.3 24444.6 31244.7
 22425 10249.3 1535.71 981.885 341.67 115.646 53.0177 15.0236 3.23838 0.0966469 0.0131581 0.00188344 0.00337682 0.00320498 6.38424e-05 1.24151e-10 4.85115e-08 1.73304e-08 1.8291e-09 2.55788e-10
 29217.9 17323.4 12438 6132.06 4375.85 6403.42 7931.11 7126.77 11491.7 18296.1 15662.5 11469.1 9474.02 8570.14 3402.4 2005.15 823.056 260.443 111.818 15.1186
 20969.2 10980 1609.17 1435.02 416.456 129.126 50.8328 13.7649 0.856472 0.167242 0.0314572 0.00519067 0.000645684 2.63693e-05 1.34083e-05 0.00158752 9.4411e-08 0.000130427 8.25264e-08 0.00021586
 23338.5 14268.7 10654.8 9714.72 12032.4 14828 20443.1 24134.2 18473.5 19249.4 22968.9 21858.3 21246.4 21475 22053.8 18098.4 14318.6 13205.5 14501 15229.4
 28631.4 26319.8 25046.5 19206 19530.5 28014.9 19038.2 15146.4 17406.7 21321.3 22503.2 24231.1 30364.2 37179.7 37475.9 33618.6 35788.8 28634.7 30659.3 39397.6
 21008.6 4798.37 543.331 133.045 22.4484 4.19547 0.613672 0.132011 0.00829823 0.00144821 0.000277689 0.0348718 0.000610183 0.00200212 1.27345e-12 1.99559e-08 2.17197e-09 3.1845e-10 1.13279e-10 1.38197e-10
 22876.2 27313.7 18760.5 14663 10303 7531.24 7726.38 5075.58 3494.4 3754.49 5534.44 7443.17 6024 8043.23 13191.4 46120.4 31525.6 40383.6 37533.2 29547.4
 24968.9 15154.1 7168.15 6086.55 3595.22 4088.37 3240.2 2113.6 2078.98 2107.64 4147.67 8421.22 12376.6 16317.2 18537.6 16035.5 15773.7 12608.3 11236.1 12013.2
 25154.7 17821.2 12143.7 2844.28 2381.85 2075.4 2630.62 4254.15 8412.43 15291.9 18508.8 21188.3 23760.4 35543.7 32503.8 18723.4 18880.9 15103.7 8986.92 7638.08
 24093.8 9783.86 841.379 163.047 33.052 6.62233 1.27435 0.901496 0.0145997 0.00790528 0.0011641 3.35145e-05 2.54866e-10 2.15151e-06 2.24068e-07 2.21906e-08 8.43803e-10 2.86831e-05 8.37574e-11 1.49256e-20
 26309.3 17900.9 8619.17 6402.91 9843.26 9482.45 5489.01 5447.15 7494.55 7759.49 8909.49 10790.4 15695 17167.2 17985.6 22442.1 22852.6 21111.5 17893.7 11989.9
 26367.6 10474.5 7732.73 7752.02 10108.2 13029.8 4498.14 1995.98 854.162 1114.21 844.096 1358.51 1844.94 2644.07 3642.6 6061.08 10058.1 12216.5 17135.6 30260.3
 27105.4 11742.4 3680.26 1069.57 498.619 176.22 83.4517 15.2077 3.18225 2.01239 0.114205 0.00692002 0.000985137 0.000462057 0.0219147 0.174931 1.14507e-05 4.56404e-13 3.99908e-09 1.62455e-09
 28002.1 22098.2 13077.1 11960.2 14852.2 13830.1 16111.8 17350.8 15824.8 14089.1 20131.2 27508.2 36621.7 41433.2 38184.4 28150.5 20319.2 17094 11661.6 8907.01
 29790.6 16199.1 6996.03 3144.58 2910.23 2596.19 1667.78 931.471 327.495 137.497 52.4537 9.23126 3.36816 0.394506 0.146997 0.028451 0.0137941 0.146652 0.185191 0.023823
