 8174.41 4550.32 3143.4 1378.74 814.782 267.259 59.8632 1.83323 0.42753 0.0274864 0.00375289 0.000778122 4.19206e-05 1.19366e-05 6.14197e-06 2.69161e-07 0.00913143 2.52125e-09 0.000804028 6.33945e-10
 10405.3 6038.85 3796.09 2719.24 3456.51 2257.66 2114.16 1632.92 3183.45 2497.49 3648.1 4466.36 3712.66 4395.51 3124.1 4526.56 4326.14 3386.03 3132.99 2927.15
 8540.14 8496.69 5893.63 6483.93 6990 5946.3 8477.08 9704.72 8955.42 11513.2 10273.8 9573.65 11776.9 13743.3 9526.83 11930.3 9540.91 8120.19 8826.57 5400.05
 8540.24 6149.33 2476.43 1355.34 788.205 328.822 68.1044 2.72209 0.582075 0.0387797 0.00912865 0.000340153 0.000134172 6.68988e-06 1.20793e-06 3.24139e-07 0.0107133 8.47551e-07 1.57045e-11 1.52532e-10
 8322.37 4583.15 2395.73 1457 1021.28 461.74 71.3272 19.573 1.465 0.224758 0.0174496 0.0027731 0.000331159 4.81656e-05 0.00118593 4.08381e-06 0.0233719 2.81812e-08 0.00297678 0.001039
 12931.6 7808.19 4703.59 6790.24 5958.14 5616.15 6454.27 5728.35 7554.52 7573.56 8724.34 12088.8 20560.8 18437.6 17014 15022.3 9924.53 10609.6 8746.79 7005.21
 13183.6 6345.73 2987.89 1948.05 2483.49 1528.56 1377.8 1323.95 1292.27 881.306 239.655 60.505 2.98936 0.512602 0.036391 0.0186541 0.000825533 0.000182723 4.18364e-06 1.53638e-06
 14547.5 9395.51 4863.37 3292.49 2012.38 1145.3 584.441 69.056 25.9565 1.07649 0.267832 0.0167064 0.00320314 0.000308077 0.000140385 2.67716e-06 1.86555e-07 3.94933e-08 0.00953039 2.17139e-09
 15747.8 9815.36 8411.44 3834.67 2365.47 2418.37 2459.58 2080.93 1925.78 1951.09 1654.61 1760.08 1567.35 460.936 57.223 3.01724 0.45221 0.0779948 0.00707227 0.000711888
 15493.9 8120.74 6184.3 4143.45 4326.97 6642.11 6754.07 5841.01 7622.45 10308 8414.98 8145.1 6577.88 5997.62 8656.58 8919.07 10032.4 10774.9 9520.92 8391.78
 9695.47 9305.52 6843.44 5444.33 7200.61 10614.9 9942.02 7303.56 7545.7 6275.33 6298.7 4485.43 5463.73 4968.76 3663.86 3644.12 2701.18 2929.87 2845.13 3348.97
 10418.8 6705.67 3646.72 2108.33 2090.86 2416.07 3073.72 3918.41 3586.64 4398.03 4528.18 3758.45 2954.56 3439.07 4896.85 4288.02 4034.06 3444.79 2406.43 3518.45
 13832.5 7798.38 4713.1 3292.15 4204.66 5943.03 5211.05 5283.35 4189.99 3298.48 2764.38 3335.43 2408.86 3206.94 3621.74 4666.34 5078.77 4194.03 3743.54 3106.61
 8235.29 5071.73 3234.64 1975.51 2773.37 2180.83 3159.03 5185.77 4866.8 5549.69 4576.92 5214.78 6523.35 4960.22 6466.73 5601.96 4005.05 3447.03 3183.71 3350.5
 9536.96 2946.92 1206.44 334.909 42.1831 1.00436 0.0962278 0.00627176 0.00091935 0.000333739 1.35449e-05 1.04705e-06 8.39932e-08 5.39305e-09 7.92385e-10 3.71717e-10 2.36921e-13 2.3797e-12 3.37453e-15 6.84465e-14
 8679.53 9483.99 7419.61 7864.29 7887.53 5784.96 8073.66 8912.7 9573.66 12285.3 13360 15264.3 13718.9 18516.5 19576.9 19450.6 16284.5 18924.7 16937.8 9759.02
 8711.59 4737.27 1893.16 824.501 238.514 39.5576 0.91977 0.141533 0.00616742 0.000426877 0.000393372 7.86598e-06 5.96594e-07 2.46156e-07 6.0708e-09 1.26878e-10 2.17419e-09 9.27668e-11 3.15157e-11 2.81846e-17
 6224.82 4455.51 3573.03 2153.66 2012.55 1705.7 1596.99 1596.91 978.86 225.675 31.2322 0.845458 0.127424 0.0146854 0.000788516 5.57034e-05 7.69945e-06 1.95529e-06 3.27576e-07 8.29469e-10
 10836.1 6087.36 4364.19 3668.27 4043.88 3699.15 5054.44 6609.77 7086.2 6833.97 9568.76 9875.68 14366.1 14995 13764.3 11485.1 12105.1 14179.1 12510.6 5077.75
 10372.4 6381.57 4393.32 2670.77 2364.44 2793.78 2379.36 2695.69 4153.73 2764.89 3992.81 3972.33 5225.95 4648.92 4013.81 5836.45 4348.74 7190.44 8974.68 12409.8
 11518.5 9373.05 7175.38 9154.69 10231 12440.3 13994.5 12250.2 10248.3 14223.6 14298.6 19899 16675.5 23106.8 25232.5 20317.3 15709.3 19854.7 15653.6 16273.4
 7913.98 4979.52 2982.84 1871.62 1047.15 321.159 54.4502 7.0274 1.34076 0.078601 0.0167839 0.00197651 0.000176733 1.26746e-05 0.14189 2.14847e-06 0.0418935 5.8097e-09 7.88032e-11 1.08316e-11
 6480.91 3382.19 627.006 58.1341 10.5613 1.18683 0.0941486 0.0177236 0.00222908 0.000412814 1.67188e-05 0.122703 0.056541 0.0243484 0.00884444 1.12768e-11 8.02101e-11 2.57246e-11 5.24554e-12 8.58992e-19
 11338.1 4792.03 3556.23 4449.17 4649.64 6123.79 9240.56 8572.33 5385.69 4709.28 4575.59 4746.23 4011.62 3190.86 3639.49 3704.36 5264.16 4575 5450.91 4282.46
 16601.4 12446.6 12936.7 13002.1 9334.71 8216.6 8979.36 6527.23 6885.18 7516.94 9395.53 13657.6 9238.17 9539.61 13441.8 10181.5 12272.5 11444.4 12284.7 13382.8
 13010 10693.9 7484.96 4689.14 5176.15 7577.02 8744.15 8601.97 7852.61 6518.75 8331.52 3788.67 3919.7 4580.38 9934.11 10279.4 12639 10147.4 11965.4 13150.6
 14554.4 9064.71 10107.3 11406.7 9096.82 12688.8 20046.2 13448.8 13474 16415.9 9339.24 8702.89 8378.58 6001.18 4931.8 5693.07 4849.41 5416.95 8584.25 9841.73
 6134.66 5074.41 3855.73 2037.09 1063.92 418.471 60.4915 25.7705 1.40701 0.284026 0.0118805 0.00764789 0.000459013 0.000221405 8.80119e-06 9.27761e-07 1.01368e-06 1.19313e-09 1.75777e-05 0.00236126
 12735.6 7811.99 3732.43 3385.66 3214.31 2683.56 4878.24 3758.9 3832.38 3245.39 4969.03 4046.3 4334.01 5319.08 4718.78 3683.65 3520.71 3114.01 3127.81 2292.06
 13440.7 7978.27 5791.7 8507.55 8249.82 7017.27 7755.59 7791.54 6458.49 4478.86 8600.81 6818.84 7254.47 6338.33 7145.22 3799.14 6026.62 4825.43 4228.9 3442.56
 6157.84 3275.84 1653.01 971.554 179.454 50.1699 2.73412 0.444981 0.0282253 0.00733712 0.00296108 0.000116835 2.06665e-05 0.00018898 0.0661911 0.0260669 1.00823e-10 8.61206e-11 1.38633e-10 2.249e-14
 8973.31 6957.41 1284.89 78.9006 22.7364 2.88546 0.310534 0.0603238 0.00838505 0.00151231 2.0639 1.26813 0.609126 2.10587e-09 6.62654e-08 5.72719e-10 0.000113009 1.83632e-09 2.26839e-05 1.10627e-12
 10184.5 3728.68 2050.95 1599.38 886.776 152.076 60.4753 3.31651 0.706068 0.0556624 0.0157634 0.00378988 0.00132439 2.7772e-05 0.213996 0.0647227 0.0450274 0.000175702 1.39614e-07 1.16328e-08
 8806.44 3267.58 1565.27 1183.92 211.149 44.8296 3.64691 0.413487 0.0404038 0.00920916 0.00061991 0.000131482 3.3256e-06 1.0672e-05 0.0378262 2.1331e-09 0.00654808 0.00224295 1.66254e-10 1.55056e-14
 10374.7 8838.08 2951.95 970.083 329.013 64.4229 16.3709 2.72607 0.27163 0.0875715 0.0122499 0.00196042 0.000169598 1.46509 0.650143 3.58288e-10 0.000336613 2.39463e-11 2.23636e-10 6.92564e-06
 13564.9 12320 5667.51 4621.93 4428.31 5424.39 6347.95 7581.9 11667.2 9300.99 11809.8 7793.52 9592.83 7504.65 9087.5 10003.2 9197.49 8237.89 8570.71 7507.09
 12113.8 14109.8 9944.27 8394.78 5456.65 4928.17 4383.37 4525.85 4928.53 3354.23 2974.81 3461.92 3178.9 4887.68 5165.07 5727.02 4340.46 7880.44 6413.25 8436.83
 6153.4 7422.71 4924.31 3676.13 1928.21 2756.1 1693.18 1318.03 936.801 312.046 47.1761 12.5063 2.23208 0.244736 0.0518344 0.000145627 0.00104161 0.000163086 1.0545e-05 1.11338e-06
 9405.81 6766.22 7035.42 5650.06 7650.03 6724 8477.68 9303.79 12481 10351.3 12147 8012.76 10686.5 10332.5 11552.7 4668.14 4987.48 3497.63 1831.89 1826.62
 8958.26 6372.12 4692.15 4098.74 4910.12 5130.62 7720.17 7680.3 7701.63 6251.1 5842.06 6071.36 4248.59 3228.61 6497.48 4215.06 7400.75 5089.47 6641.21 6742.88
 9056.6 8261.18 6115.44 5874.93 6210.74 5854.18 6839.04 4361.7 3870.11 4933.81 3589.09 4867.71 5232.23 4429.33 5502.95 5315.1 4602.3 5321.48 6085.04 5190.34
 10757 8601.13 7570.61 8970.61 8052.38 7901.89 9579.7 7852.78 7453.96 6062.07 8025.53 8533.04 8182.55 6891.27 6748.12 6105.54 7708.72 6708.34 6567.46 5169.36
 8924.2 10866.4 7827.15 5353.27 6483.39 6316.3 7582.03 10040.8 9455.22 10841.3 12357.7 10226.7 12833.7 11021.1 13293.4 11040.9 10111.8 7318.11 5853.17 4857.49
 10874 10933.9 6880.69 5401.57 5873.41 3824.21 3000.01 2845.73 3026.77 3132.29 3400.3 3821.07 4166.9 6096.18 8148.74 8212.65 9885.43 8587.13 7903.14 6868.72
 14929.3 9434.75 7785.76 3915.15 2057.72 2232.72 2519.7 3182.25 7012.3 7416.76 6488.9 5198.45 4050.63 4004.86 4324.75 5465.51 5609.68 6221.33 9477.98 9335.72
 8309.74 5655.45 2600.98 809.576 192.208 69.0499 3.69359 1.09438 0.203604 0.0282412 0.0021043 0.000692561 0.671999 0.436306 0.14416 0.0618522 0.0218161 0.000551474 8.99351e-10 3.27712e-09
 10819.2 8738.74 6254.11 3330.18 4059.67 4540.17 6780.23 7299.61 6787.11 5163.89 6838.14 6167.14 4771.74 7223.19 4043.28 3806.98 4471.66 4117.29 3909.76 4720.85
 11272.4 8421.29 4530.16 4005.87 3410.45 2561.18 1532.21 435.043 40.8428 7.0824 0.520505 0.0509334 0.0038575 0.0003909 2.1441e-05 4.77919e-06 2.28811e-07 7.07916e-09 1.43772e-09 2.59869e-10
 8636.55 5634.31 2650.16 2208.94 1928.25 1761.6 795.929 248.219 57.7193 3.14484 0.57411 0.0404995 0.0103184 0.000626236 0.000206678 4.97302e-05 6.71957e-06 8.11075e-07 0.0771214 0.00664528
 8661.6 8240.58 8312.45 13102 16485.2 14796.5 13671 16549.2 17541.7 12124.9 8213.68 12086.7 11272.1 7713.68 12581.9 12542.7 17204.4 18026.9 15579.2 16939.1
 8341.79 4889.24 3214.98 2043.67 2026.15 1503.32 1507.99 1223.59 1013.37 418.377 61.6969 7.5928 1.49246 0.0761309 0.0182443 0.00167587 0.000155085 2.24622e-05 3.65395e-06 1.12817e-06
 8757.86 5600.28 3037.68 2045.39 1973.59 1919.49 1703.27 1872.72 1328.78 1595.36 1316.56 1066.55 737.634 1897.63 2544.01 2545.48 3027.86 2737.71 4120.74 4846.1
 14133.2 15240.4 10953.6 13408.5 15120.3 14344.9 12129.8 15490.2 10987.5 11414.6 13152.8 16040.9 14259.5 12830.4 16621.1 16362 13545.7 12961.9 15330.7 12751.8
 10290.4 6745.74 5234.68 7405.73 6097.53 5565.56 7427.12 7590.54 9834.24 12758.4 11715.4 11133.3 12206.1 11110.7 14044.8 11932.5 13645.9 9455.73 12128.2 11682.7
 15388.3 10835.2 10448.4 10878.5 6817.64 8698.81 7622.84 6497.96 8053.38 8839.65 9906.68 7817.47 10315.4 16029.3 13087.1 13115.2 9206.55 11197 8540.98 6966.14
 7338.34 8665.73 6540.03 7151.94 6216.19 7448.14 9762.42 13236.5 14767.1 17883.8 14812.3 14305.1 12053.4 12246 9974.84 9381.92 10602.2 8723.3 6416.47 6834.87
 19871.3 13891.8 12461.3 11952.8 13551.3 10982.6 11229 16789.8 12122.5 14859.9 11967.6 15110.3 15477.7 14890.9 11453.3 14573 12754.1 12864.9 11206.1 8646.62
 13649.3 15205.5 12240.8 13305.9 13529.7 12023.7 9555.59 7121.56 6562.03 4850.47 4165.14 3593.58 2558.47 3038.26 1749.97 1738.83 1468.3 471.797 71.4028 3.5831
 11718.2 3494.8 1480.89 366.621 56.5147 1.44228 0.255689 0.0110451 0.00184343 0.000519739 2.63892e-05 5.26447e-07 2.10553e-07 1.07074e-07 1.73096e-09 2.67488e-10 5.19792e-08 7.25317e-17 1.00817e-12 5.69855e-14
 11502.2 5318.82 1447.47 144.626 45.0536 1.20301 0.134082 0.0098142 0.00149628 0.000681991 1.0945e-05 6.26047e-06 1.09163e-06 1.06429e-08 4.422e-09 2.0585e-10 1.22454e-13 3.3399e-13 8.0295e-13 9.1603e-15
 7374.64 2770.48 1210.63 596.224 70.0844 27.7376 1.73412 0.305283 0.0415885 0.00867794 0.000522519 8.61852e-05 0.296706 0.164937 0.0704926 0.0541697 1.42936e-11 4.64632e-05 1.14713e-10 2.36469e-13
 8477.93 3332.94 1686.3 1331.98 326.371 63.1765 3.57644 0.77338 0.0165878 0.012001 0.00053124 0.000405361 2.23925e-05 1.14978e-05 1.11321e-07 2.55877e-07 7.48217e-10 0.00116804 2.91989e-10 0.000130811
 6051.46 3359.91 1654.33 1356.71 699.431 129.604 29.8653 0.83196 0.0762953 0.00515671 0.000489409 2.69697e-05 4.46341e-06 1.37767e-05 9.02807e-08 1.36605e-07 3.719e-05 2.53552e-10 3.72586e-11 6.17932e-12
 14341.8 5214.65 3261.72 1936.78 2029.86 1169.51 815.774 216.577 35.5696 1.21055 0.206834 0.0216227 0.00452651 0.000485462 2.59254e-05 2.83103e-06 7.48787e-07 4.46195e-08 3.21176e-09 2.42822e-10
 12659.1 8978.53 7995.08 8603.54 6244.77 5439.04 6408.04 4112.15 4232.17 3489.11 3662.38 2796.5 2428.69 1492.95 582.995 46.0085 2.20188 0.177487 0.0202903 0.0030681
 9213.78 4616.09 1865.05 732.449 205.227 41.4285 1.25166 0.223102 0.012039 0.00245383 0.000195735 0.241833 3.31916e-06 1.08571e-07 3.78216e-08 0.00423111 9.31572e-08 0.000443041 0.000382528 6.09105e-05
 7865.03 4626.16 1826.03 872.099 264.724 33.0532 1.0398 0.162931 0.0166715 0.00100236 0.00011846 5.9922e-05 5.66632e-06 1.66609e-07 6.38234e-09 1.95331e-07 1.79503e-10 6.833e-11 1.88215e-11 5.63707e-12
 9190.53 2947.29 903.408 199.402 30.1651 0.796867 0.077938 0.0061493 0.000472499 3.67606e-05 1.37422e-05 1.43631e-06 2.84971e-08 1.93019e-08 1.39519e-08 4.08078e-10 2.29559e-09 1.25376e-05 3.22726e-18 9.87979e-14
 10933.7 7348.73 2658.09 1221.29 935.033 378.259 56.9444 1.58476 0.253371 0.0104498 0.00457044 0.000190353 7.65257e-05 9.27735e-07 4.37162e-07 1.45072e-08 8.2926e-10 2.59433e-10 1.74402e-10 2.42102e-12
 7324.59 4200.34 3227.76 1374.7 574.491 69.8511 23.3128 0.304428 0.108106 0.00893528 0.00182927 0.000182731 9.16082e-05 1.78034e-06 1.62271e-06 9.02135e-08 4.72885e-09 1.7975e-10 7.64697e-06 0.000144526
 9215.05 5989.5 1725.56 290.348 67.8154 2.2736 0.409508 0.0186891 0.00609901 0.000401332 0.000155073 2.32603e-06 2.0764e-06 1.66601e-08 1.41537e-06 4.21125e-08 0.000823443 9.51053e-14 2.20228e-11 4.34963e-13
 12435 6716.4 3792.66 2766.38 1325.27 452.9 92.4316 4.42574 0.829574 0.0541001 0.0280707 0.000465044 6.84157e-05 1.94183e-05 4.12423e-07 4.21173e-07 1.25624e-09 1.13149e-11 8.3792e-11 5.72764e-12
 13750.1 7918.05 5061.6 5173.39 4801.94 4521.11 5340.38 7041.37 5092.42 5876.46 4440.52 4565.91 6932.86 5824.58 7155.03 6825.77 4747.71 4393.99 4643.86 3924.07
 9427.01 8898.47 6497.96 6070.88 5214.45 5892.94 6758.51 7310.67 7129.78 7590.74 5867.39 10445.8 10559.4 13873.3 8885.6 7795.36 6160.72 5146.44 3014.33 3072.8
 7584.17 5043.87 4782.37 4967.08 8074.73 6522.77 4160.91 5686.06 4302.61 5432.21 5614.88 6029.39 10242.8 10683.3 12291.2 15188.6 14699.3 11996 13388.2 14909.8
 7838.67 4133.89 3230.53 1868.24 1529.38 1123.42 923.784 289.155 58.6989 1.51888 0.310344 0.0197322 0.00461921 0.000165273 2.31173e-05 2.52554e-06 3.71568e-07 1.2252e-08 5.68979e-09 4.91097e-11
 11506.8 6362.84 4006.47 4056.12 2191.38 2159.01 1611.07 1640.12 1452.91 1069.49 376.698 71.078 4.81288 1.44978 0.0704671 0.024047 0.0021238 0.000306829 2.71473e-05 4.38921e-06
 7046.65 5350.82 2881.36 2906.08 2230.69 2320.09 1595.64 371.113 54.348 10.1879 2.33048 0.14677 0.0354755 0.00725121 0.000629134 2.61184e-05 6.07482e-05 4.60011e-07 1.52344e-07 0.0179083
 9528.11 4596.71 4260.15 1958.81 951.788 692.694 195.287 45.7544 3.60055 0.565133 0.0476213 0.013051 0.0015125 0.00020778 1.64216e-05 0.189345 0.0943355 0.0333378 0.00832218 5.0008e-13
 8337.65 4800.9 4399.43 3401.89 3723.83 4075.55 4189.91 5590.06 5819.09 7391.17 6823.75 7127.15 7197.43 7946.32 5841.27 6080.33 4843.36 6089.19 6861.3 5127.14
 9139.68 8850.65 8682.43 9020.76 9045.43 11450.9 7828.19 5199.54 5590.06 5712.21 5207.97 3888.73 3075.46 2741.67 2155.46 2404.32 4047.28 3656.47 2640.59 2735.71
 13081 7258.65 2738.27 902.056 275.505 34.5061 0.91095 0.176314 0.0188773 0.00152773 6.73642e-05 7.87701e-06 5.48849e-06 3.05768e-07 2.14032e-08 2.06644e-09 1.65651e-09 1.199e-10 3.56743e-11 2.64886e-09
 7798.42 5415.79 4597.53 3982.99 4982.56 4544.62 3903.96 4815.03 6554.94 6726.69 9070.71 9398.67 14607.8 16617.9 22333.2 18541.4 15446.7 14282.3 15724 16103.8
 9971.75 7013.45 4724.32 4009.57 4031.51 3058.64 4379.31 4958.46 5982.31 7357.12 8658.66 6974.96 6172.75 6308.96 7907.73 7150.09 10595.3 7537.34 6789.6 9862.66
 11314.3 7862.89 4763.18 3342.64 2561.95 1787.05 1579 1797.77 2685.47 3775.08 4965.15 5208.49 5471.34 9056.76 11751.3 10813.7 12037 12206.2 11073 10666.7
 10851.5 5884.88 2941.74 2586.11 2174.3 2309.5 1776.45 2028.82 1590.65 1273.39 371.218 30.9415 0.943394 0.0897532 0.00585894 0.00101957 2.77112e-05 8.46071e-06 5.51713e-07 1.87512e-08
 16410.6 8877.26 5718.43 5261.46 4166.24 4698.51 5162.02 5954.48 5178.51 5473.94 5928.2 6355.3 5476.11 6678.57 8363.23 6458.14 8322.31 11928.9 7449.83 9733.84
 8391.53 4581.16 1259.21 104.332 30.0487 1.04692 0.194104 0.00965251 0.00179265 0.000235771 1.52857e-05 9.44046e-06 5.19688e-07 3.72822e-08 0.00530547 1.30207e-10 8.70817e-05 2.50905e-14 0.000839336 1.41337e-08
 8742.92 4917.61 2602.12 1803.74 1892.72 1860.34 1503.99 1385.36 1071.18 360.128 38.5382 1.10501 0.206481 0.0077487 0.00133238 0.000122485 1.41876e-05 3.06022e-06 1.5327e-06 9.69181e-09
 10463.7 8704.12 8607.89 5851.13 5286.3 4221.08 3383.14 2402.64 1627.42 1672.75 661.341 57.6393 12.7304 0.807523 0.0531201 0.00641976 0.000833909 2.1282e-05 2.26232e-06 6.5443e-08
 6727.85 4664.15 1717.86 324.752 44.052 1.21893 0.0959604 0.0166477 0.0012512 0.000146651 8.0607e-05 1.62679e-06 3.74697e-08 2.07404e-08 4.03463e-08 1.06564e-10 6.75296e-11 1.72131e-10 6.86831e-17 1.11764e-13
 9431.73 4011.19 3090.97 3516.89 3310.59 3496.81 3096.1 3521.95 2860.65 4882.29 4029.93 7507.45 8420.69 12389.8 15006.3 13951.9 15150 9261.57 8244.75 8678.08
 7941.16 5593.81 2943.83 2091.88 1625.44 824.114 262.598 29.2413 0.780886 0.12331 0.0143711 0.000372329 8.47764e-05 1.9062e-06 2.92917e-06 5.56343e-07 4.09779e-10 3.70603e-10 1.90422e-10 8.05569e-12
 4711.54 2281.95 886.48 133.11 37.1916 1.09957 0.116233 0.00881571 0.00072553 0.000157174 8.52202e-06 9.24728e-06 7.27771e-08 4.87013e-06 0.00240882 5.40705e-10 0.00030561 0.000106058 1.38841e-12 2.40517e-08
 7903.41 3542.46 1575.85 461.803 36.6326 15.6783 0.885437 0.0283723 0.0104397 0.00166585 9.45642e-05 4.79187e-06 1.31985e-05 0.0360877 0.012703 0.00500708 5.30295 0.000779181 0.000237619 5.38729e-12
 9643.35 6510.72 4272.51 3186.32 5709.97 4912.75 4200.11 4427.35 3889.59 4663.14 6621.92 7097.25 8991.64 9633.04 9514 9564.24 10022.5 8901.39 8128.9 6726.85
 10177.5 4219 2112.4 1190.54 610.548 163.416 46.6896 1.29842 0.201216 0.0120325 0.002573 0.000105899 0.000729382 1.32198e-06 1.96534e-06 3.99326e-08 5.437e-08 6.56429e-10 1.48331e-11 1.42626e-12
 11004.7 6780.6 4628.23 3098.59 7290.09 7167.3 8289.01 9764.95 14010.4 13096 12656.7 10800.5 8303.14 10553.5 7253.15 6495.52 5009.63 5218.07 3636.13 4424.93
 7302.37 6446.09 4675.37 2116.41 2994.4 2429.64 2139.4 1985.36 1468.42 1350.78 368.221 30.5222 0.694882 0.113223 0.0040749 0.000552033 1.68743e-05 6.0781e-06 4.81087e-07 7.10447e-08
 6590.77 6324.15 4568.04 6225.69 7527.75 5628.83 5632.58 8508.56 10647.5 9471.95 7329.34 10570.1 8847.12 10846.3 10094.1 16123.7 16921.2 16273.1 17264 15831.8
 6590.34 5317.25 2677.79 1810.19 1567.49 1883.82 1458.67 1667.5 1673.24 2500.55 1916.65 2900.4 2066.23 3373.65 3207.38 3632.97 4681.12 7447.4 8372.65 6229.05
 10837.9 3998.59 2006.62 1799.02 1884.85 3289.39 6459.18 5448.83 9160.12 8399.54 6407.64 8062.97 7213.56 5257.65 4534.51 4970.14 6140.67 5414.31 5839.48 7840.32
 10344.1 7100.49 4357.09 2402.1 1930.26 1906.9 3054.35 3554.26 5426.84 8271.68 8472.02 7981.04 6928.5 7511.59 6440.03 7749.49 6486.62 8993.74 9583.32 12720.3
 11775.4 8445.87 8843.51 9321.54 9575.23 11073.2 10662.2 9403.89 12249.3 12672.1 9985.98 10164.5 8657.05 7842.15 7080.46 6249.13 2847.71 4535.09 5255.95 6376.03
 11416.8 7842.51 4120.36 3144.67 3281.51 4008.94 4978.35 7471.62 7851.42 7655.23 9492.59 10281.7 8048.01 9067.78 11672.8 9978.43 11367.2 12942.6 9467.14 12732.6
 9540.89 5865.82 4983.07 3164.61 4817.63 6142.61 6734.01 5931.5 6612.49 7354.96 6323.38 5277.97 3787.27 4873.28 6394.87 7558.64 9574.27 8674.39 10176.7 10563.4
 7216.13 4457.13 2108.65 1727.12 2166.73 2958.14 3788.43 6229.31 7239.97 5921.22 8614.64 7735.04 9378.5 10937.4 12951 13487.4 13796.5 11392.9 10104.2 7902.46
 7308.77 6713.97 4181.24 3883.95 6014.61 6575.66 7684.03 8655.64 7657.03 7268.2 7234.72 7256.25 13367.1 7256.95 9456.14 10812.5 9995.19 9530.85 10374.6 10470.5
 11271.9 7423.24 3203.83 2149.21 2800.87 2253.49 2710.97 2426.98 3685.2 5108.26 4423.27 7192.64 7552.24 6660.4 7004.59 8501.67 7901.92 8381.01 6595.95 5660.63
 8368.91 6583.5 4089.28 4365.14 4741.64 4974.72 4435.83 6971.27 4875.32 3813.44 3152.58 2856.28 2268.96 2385.81 2219.38 2202.48 1705.06 2497.5 3225.11 3861.89
 11573.5 6574.21 6867.09 5511.92 4814.69 5289.31 4712.71 4058.39 2835.23 3146.59 3038.32 3972.98 3241.87 5114.11 5286.42 4042.72 5140.08 4282.92 5272.31 5919.61
 8570.35 7270.01 3424.63 3510.37 4210.63 3964.55 6025.69 5935.73 5437.85 9566.59 10252.9 14836.2 10352 9908.95 6156.36 5456.38 2985.81 3463.26 1564.82 672.993
 10360.5 6134.92 5673.62 5920.35 6382.73 5844.56 7214.93 5805.72 5507.53 3177.78 3309.64 2599.99 3010.55 3355.86 3063.34 3667.99 4218.71 5421.19 4612.99 6254.55
 8955.06 3942.4 4448.35 3998.43 6432.62 7593.03 13693.4 16850.6 17840.3 16026 18649.4 16340.9 18675.2 15504.9 14714.1 15817.3 12767.5 12955.4 14154.4 12585.6
 12006.6 8077.95 5206.11 5093.17 4733.1 5304.97 7691.09 13428.1 15037.3 19723.1 22883.6 19613.8 26278.1 22327.6 18450.7 16478.5 10501.7 14588.5 12228.2 11703
 9553.53 5386.59 5217.11 3799.45 3413.99 3514.03 2730.1 4929.41 4156.89 5970.28 7050.23 9600.24 13433.5 16548.8 14042 13244.8 14140 16118.8 18235.6 20955.2
 4740.26 2970.48 1974.64 1590.4 1474.17 1294.28 417.663 44.5479 5.1469 0.77129 0.036885 0.00832968 0.000687337 2.49814e-05 7.05605e-07 5.39258e-07 4.476e-08 8.92178e-10 2.35473e-10 5.60873e-11
 5655.04 2763.03 1048.26 260.185 46.5161 1.20273 0.200378 0.00844423 0.00185908 0.00016019 1.03029e-05 9.83912e-07 4.23969e-07 2.03705e-08 1.63276e-08 1.42594e-10 3.1204e-10 1.06994e-11 5.21925e-16 3.28073e-22
 7633.49 3227.84 782.148 106.982 37.9247 0.925528 0.198546 0.0191513 0.0027069 0.000327253 4.00071e-05 1.93297e-06 0.0763739 0.0207733 0.00939421 0.0054573 4.65425e-07 0.000407664 0.000212602 2.0786e-05
 11845 7304.05 6602.09 6560 8916.3 7812.57 8642.26 6731.39 7145.42 5414.08 4760.1 5744.19 3551.8 3707.98 3228.45 2878.25 3486.27 4544.78 5899.39 5689.83
 11759.5 7281.47 3470.46 3320.83 2485.44 4156.8 2994.19 4578.78 4142.94 6043.02 7558.63 5840.17 6122.1 8360.57 7274.44 7061.49 12383 7944.54 9429.17 11685.6
 10910.4 7765.15 8025.85 4848.23 4081.36 3470.46 3199.59 3564.05 4730.17 4873.23 5532.02 7629.36 8595.04 7766.2 7460.26 6991.94 6470.68 7593.35 6066.36 4570.58
 6242.57 3749.79 1713 899.419 282.285 52.4108 1.80219 0.293519 0.0143291 0.00549911 0.000238625 3.73294e-05 3.21734e-06 6.43136e-07 6.28815e-08 0.00404318 2.15218e-09 0.0179818 0.000210904 1.03091e-09
 10615.8 5262.78 6395.54 4501.66 10441.8 9342.99 9455.81 7125.34 5363.56 6180.86 5165.3 4511.15 4111.44 3466.46 5384.31 5877.5 7939.09 8085.4 9317.34 5746.68
 8774.9 7946.06 3480.86 4044.76 2993.64 5643.28 3895.15 3907.24 3386.34 4347.52 3498.75 5820.44 8928.52 6640.41 5472.83 5869.17 6870.27 4232.53 4189.74 7415.86
 7076.4 5960.78 2776.09 1398.62 1235.47 471.403 60.4657 12.061 1.22547 0.167691 0.0121662 0.00502193 0.000266276 2.49631e-05 4.59392e-06 1.84489e-06 2.67755e-08 1.82633e-09 0.00213212 0.000858481
 5449.93 3007.36 555.731 57.2875 2.44303 0.214407 0.0259292 0.00423269 0.000217045 0.000286049 8.85983e-06 1.22714e-06 1.40297e-07 0.00279243 0.00071431 2.94884e-05 4.80588e-11 5.77988e-13 2.22314e-05 1.4444e-09
 8710.91 3332.73 1682.18 505.753 62.5667 12.9235 1.60882 0.128816 0.0193416 0.00641397 0.00119231 6.9557e-05 6.87552e-06 0.0632368 0.0336738 0.0110851 0.0140111 3.01141e-10 0.000666308 1.7099e-15
 5576.47 2196.51 444.9 91.4792 19.666 2.55679 0.208111 0.043249 0.0158519 0.000969315 1.06741 0.538553 0.306502 0.106144 1.03849e-10 8.00946e-05 1.56531e-08 2.24179e-05 7.6816e-06 4.29811e-08
 8039.6 2884.01 1858.67 1543.4 1262.59 1168.88 1261.72 882.927 425.156 36.0336 9.60381 1.60337 0.112365 0.024322 0.00247286 0.000821163 8.90957e-05 6.30008e-06 5.31935e-07 1.32164e-08
 8076.88 4740.45 2607.22 1813.05 2127.32 1446.06 1488.8 1082.3 890.614 447.316 59.6517 11.0665 2.26669 0.151235 0.0344231 0.00676844 0.00061522 3.09777e-05 7.10056e-06 2.40726e-07
 9370.73 7211.98 4891.88 2495.93 1350.88 1416.94 1011.31 402.641 56.5883 2.64024 0.410602 0.0300071 0.00626607 0.000208067 0.000284012 9.98926e-06 5.19428e-07 1.4006e-07 1.91459e-13 6.24585e-10
 12885.7 6766.36 6625.68 2551.6 2679.39 2895.69 2818.59 3594.48 4301.1 3423.42 4883.35 2893.1 2362.16 2894.69 1625 2493.3 2362.08 2028.75 2205.46 2573.55
 10893.2 8151.62 3083.39 986.194 361.612 97.0664 9.72292 3.27284 0.239884 0.0548841 0.00872332 0.00113095 0.000236294 0.514514 0.16658 0.113743 1.50099e-09 5.87968e-10 2.27531e-10 5.27294e-12
 5931.32 4973.75 2784.54 2328.3 1706.54 1726.51 841.817 146.606 35.6998 1.08291 0.186014 0.0198786 0.001479 0.000543043 1.74124e-05 7.12228e-06 5.00534e-08 3.95562e-08 3.30055e-09 1.283e-09
 9792.39 4893.12 2389.84 2027.81 957.723 342.481 67.8348 7.41299 1.18927 0.0712841 0.0192327 0.00597497 0.000341737 1.62983e-05 2.36101e-06 6.61113e-07 0.032301 2.95047e-09 0.00353109 5.25135e-09
 6815.17 6715.33 5715.49 6694.77 6434 7996.45 6513.96 8676.2 7053.89 6277.78 5270 4537.79 4742.09 5201.62 4667.84 6876.81 7954.04 4790.6 7702.35 6238.66
 14020.7 11166.2 9180.61 4301.03 4199.02 5447.11 8821.96 7175.04 7700.68 6871.91 6038.19 6413.81 8852.79 8483.54 9803.85 11838.1 9381.78 7662.85 7346.95 5338.27
 8080.48 4329.2 2237.07 1035.04 360.268 41.1307 4.06149 0.795526 0.0218776 0.00754973 0.000287492 2.11452e-05 4.93029e-06 8.40874e-07 7.75638e-09 4.12569e-09 6.57997e-10 4.11782e-10 2.48751e-10 6.01996e-05
 6412.98 2504.82 436.202 50.6262 2.01891 0.187278 0.0192645 0.00149419 0.000486621 6.17759e-05 2.26898e-06 2.6535e-07 8.61101e-09 4.46637e-09 1.38985e-09 8.64544e-05 3.70202e-12 1.3024e-05 1.45729e-18 2.53868e-14
 6142.63 5362.26 3694.22 3772.29 4399.61 3514.45 4344.05 6805.48 8210.59 9294.81 5667.56 8962.86 9701.39 11125.3 13004.2 16630.4 10752.4 11171.7 10423.7 11216.3
 9409.44 6367.76 4704.4 3930.1 8541.54 9251.76 12326.4 15946.9 19295.1 18182.9 14584.7 15954.5 13268.2 8814.97 8852.75 7397.13 6987.16 6076.71 4900.57 6037.25
 5598.97 1771.52 344.75 79.7753 3.34816 0.588732 0.040451 0.00979572 0.000521078 0.00021215 2.20158e-05 0.0843308 2.10169e-07 1.78547e-08 2.22e-09 4.66573e-09 8.23989e-11 9.20532e-06 3.29103e-06 3.7455e-12
 7777.83 3566.05 2291.66 2505.68 3014.84 5760.43 7105 7431.51 7897.78 7668.9 7163.91 5189.76 5166.12 5090.56 8484.21 4244.48 6625.01 5597.11 6435.44 5905.88
 11369.4 6885.31 3350.37 3863.91 6463.05 8697.8 7876.51 9756.17 12769.6 7541.12 6779.21 4783.45 7430.35 8367.65 8228.04 6425.75 5183.86 3658.21 3772.73 3226.22
 12290.9 6019.5 5242.98 3452.81 1808.67 1438.04 1316.3 397.08 64.9865 18.0788 3.80706 0.411701 0.0843162 0.0119165 0.00278893 0.000351099 5.92755e-05 0.418616 7.85867e-08 1.4184e-07
 15736.8 10337.1 11781.2 11180.7 7973.01 7612.84 8043.45 8529.1 11057.1 8052.54 11663 6632.09 7328.08 4751.97 3744.89 2975.79 2599.62 2356.12 4302.15 3802.77
 10532.7 14437.5 7178.25 5960.2 6889.87 5280.86 4047.59 4073.28 6824.4 4205.19 3565.5 2352.65 2295.02 2112.49 2630.8 2495.49 2020.12 2143.78 3347.92 2316.65
 12507.8 10798 9466.04 7449.75 8642.72 8857.43 7228.95 8151.61 6298.09 7775.8 6623.03 5793.18 8169.22 6607.27 6220.53 6213.63 5257.62 3887.91 4879.69 3923.65
 6840.46 6467.15 8535.66 6113.21 6778.82 6872.74 5578.55 6024.82 3416.84 2898.66 3878.63 2578.13 3061 2601.89 3990.98 4006.77 4571.57 5098.05 7568.87 5436.14
 7319.9 5830.56 5085.41 5545.63 5569.06 3763.04 3969.56 4138.04 3756.37 4163.81 2744.82 2437 3145.02 998.607 1740.08 1592.97 1367.11 1394.91 801.442 478.826
 3465.26 2868.46 4048.17 2031.28 1371.91 986.042 1011.56 1110.62 803.965 281.499 53.2437 18.3459 3.49508 0.450066 0.111276 0.0130752 0.00283552 0.000558899 6.14055e-05 0.361059
 6792.84 4513.46 3782.45 2843.05 3393.88 3017.46 2788.5 2503.66 3439.31 2473.37 2646.24 3209.92 3161.46 3258.37 3567.05 3179.31 4757.26 4242.26 6909.91 7598.91
 12724.9 9073.57 5441.76 5347.48 8750.7 6542.9 6836.56 6910.89 6420.59 5423.67 6905.07 7422.46 6084.83 5639.71 3977.25 4838.72 4361.67 4306.03 3471.2 3172.71
 6934.58 6700.08 4142.25 3409.14 3110.95 5015.07 4607.12 5036.22 5093.13 5805.81 4530.34 7756.69 7056.3 5448.29 6608.27 4349.99 5092.15 6490.6 3736.15 4176.79
 4201.28 5354.85 1961.16 1294.73 355.169 59.5165 25.7165 5.68561 0.554878 0.214278 0.026708 8.13397 5.74818 5.17405 1.16001 0.471458 1.27141e-08 0.106382 4.15391e-10 0.0217699
 7143.19 5254.57 1829.94 360.365 53.4364 22.607 3.22744 0.55558 0.116858 0.0412415 9.54323 2.46785 1.98941 0.000367199 0.240549 0.121791 0.0637305 0.0285276 0.00915085 0.00508755
 3916.2 1130.84 67.6261 31.3947 6.68868 0.966152 0.768447 19.7618 20.4042 8.13943 2.49857 1.63598 1.88024 0.233758 1.48824e-08 0.056534 0.032037 0.0165129 0.00752854 0.00429914
 8168.17 8331.23 6715.71 4624.94 3691.23 2894.71 2192.03 2430.7 1723.42 2174.46 2214.32 2832.99 2047.41 2954.66 3251.05 2539.67 3898.61 3582.85 4191.8 5531.68
 7601.87 5021.88 870.785 67.5944 19.3384 5.04741 0.431892 0.188742 0.0152598 5.48637 5.60729 2.69882 1.0291 0.408428 0.439854 0.0589726 0.0266784 0.0143434 0.0112207 0.00271556
 6334.73 4928.73 3350.78 4365.7 3681.55 3722.77 3090.76 4297.61 4672.75 7398.46 5740.58 5870.91 5164.89 4871.74 3677.99 4197.84 3767.97 3901.83 4047.77 5433.14
 7517.76 3230.4 1705.45 1719.67 1068.91 1264.47 1186.76 1615.47 2448.56 3557.87 2772.1 3548.54 4823.12 5245.62 4561.3 5258.57 4580.94 5793.12 4461.19 6180.14
 10360.2 6478.26 4336.61 2501.77 1809.49 1439.74 1095.88 426.426 69.3494 37.2866 3.03219 0.702657 0.0661405 0.0203612 0.00220301 0.000503024 5.20179e-05 0.427659 0.122586 2.05387
 9728.26 9466.17 3494.38 2101.15 2505.65 1716.72 1882.34 1678.08 1489.02 972.003 260.771 51.9679 1.79966 0.268421 0.0311676 0.00580013 1.41878e-07 1.92334e-06 2.12354e-06 7.89715e-08
 8158.72 6377.22 2225.28 856.597 305.487 65.4307 6.46547 1.39429 0.0899651 0.0202225 0.00227799 0.000428256 1.73869e-05 0.381499 2.95028e-06 0.0501539 0.100805 0.00494372 1.37439e-11 0.000747807
 9843.66 7227.27 5996.9 4149.28 5403.86 5517.33 4102.74 3483.79 4680.77 5368.32 6967.84 6894.98 7742.45 12860.1 9118.63 20262.4 14441.6 12887.9 10006.4 10098.4
 7548.75 1287.2 69.275 29.2292 1.21186 0.219126 0.0278393 0.00183498 9.47779e-05 0.000118136 4.23968e-06 0.0230511 0.0135322 0.0120206 8.07972e-06 0.0147414 1.61933e-11 0.000103032 4.17556e-05 2.19566e-18
 8639.77 3305.3 1921.28 963.748 352.456 54.5209 5.85638 0.790278 0.0552864 0.0132472 0.000625485 0.00086745 2.49433e-05 4.03613e-06 5.92332e-07 2.72481e-08 4.95142e-09 0.00154537 0.000552393 0.000284144
 7010.1 2756.55 606.883 82.5393 25.2043 0.77421 0.1213 0.0109892 0.000856416 0.000223342 2.07841e-05 1.30096e-06 5.63673e-07 3.63205e-08 0.00296926 0.00113766 6.29262e-12 0.000130301 0.0827594 8.18158e-14
 8635.47 4178.85 2282.36 1143.3 508.726 64.0393 17.2605 1.07177 0.134963 0.0104789 0.00102342 8.62676e-05 4.93484e-06 1.33833e-06 0.0414313 2.99572e-07 3.17911e-08 0.00120479 2.95969e-12 1.84254e-10
 12933.8 11193 6639.43 6185.81 6596.89 6262.81 3463.55 3623.76 3259.86 3218.83 1800.04 2240.62 1741.25 1645.46 512.531 48.649 2.6872 0.271347 0.0156097 0.00374463
 9822.3 7005.95 3558.14 2822.58 2214.74 2532 3110.08 4612.62 5107.71 7530.92 7542.2 8612.85 6757.94 8073.62 6078.35 6196.62 6123.09 5505.48 7692.84 4872.09
 6404.63 4011.38 670.878 80.5943 15.4517 3.51663 0.330473 0.0763524 0.00623477 4.5565 0.0692468 5.63307e-06 6.39417e-07 1.58992e-07 5.23471e-10 6.10331e-11 4.92707e-10 9.25139e-14 1.2306e-05 5.41528e-12
 9457.91 3240.46 2051.48 1025.27 370.968 79.0513 6.68005 1.71356 0.0855419 0.0216874 0.00126347 0.000424228 5.74409e-05 0.307923 7.00358e-07 1.64242e-08 2.67408e-09 2.49186e-10 8.38117e-10 1.94467e-07
 11034.5 5307.83 3530.41 2853.82 2619.74 3419.79 4199.31 3594.62 3581.56 2574.54 3341.46 2310.53 3085.59 3567.82 3582.36 3953.62 7318.1 4386.75 5726.65 5997.75
 14918.4 13725.5 16356.5 21684.5 18035.3 17515.9 11540.2 7616.31 10719.5 9455.37 7937.48 9066.92 8378.9 11090.7 9175.73 9462.45 14024.4 10879.8 10780.2 9799.36
 12498.8 6191.88 5534.76 6057.56 3295.56 3817.61 4055.64 3948.64 4586.56 4010.71 3865.26 4620.09 5495.07 6075.76 9549.6 11046.3 12392.6 13190.7 12988.4 21530
 13070.2 8946.67 4966.07 3023.41 2680.53 3473.53 2639.7 4033.49 3934.71 2885.7 2529.1 2563.04 1772.84 1960.68 2411.12 3551.6 4571.56 7302.26 8433.17 7515.52
 14333.1 8215.25 5373.83 2853.72 2641.93 4205.96 3696.1 3074.64 3761.46 4365.04 4859.2 4860.68 9463.62 6787.24 11480.4 6602.3 8354.47 8018.24 7540.25 9409.13
 22955 21539.6 23481 23176 22201.8 20313.4 18326.5 17031.6 13816 12443.8 8417.84 9296.74 6269.54 8479.72 8258.25 7488.15 7266.85 9084.57 8535.99 8499.43
 11126 11936.5 10901.2 7020.62 5860.8 4751.04 4135.88 4388.8 4418.91 3691.52 3693.09 4195.78 5216.8 5639.79 4914.09 4882.35 3494.99 4426.91 1947.23 3031.21
 15192.6 16732.2 14267.4 20004.2 13142.1 13619.9 14335.4 13937.6 21663.1 19987.9 22454.3 19538.3 21317.3 17579.7 22919.4 13969.9 11864.2 12508.1 9095.66 9562.41
 11247.6 12042.8 8239.84 6044.98 7521.52 8750.14 12987.4 14435.6 14753.3 11072.7 12473.6 9856.78 8056.01 5964.84 5688.99 4871.88 3410.97 3545.3 4259.32 3073.15
 17665.3 21396.4 28521.6 22177.5 22152 14297.4 11951.3 9730.08 6674.61 5585.63 4415.64 4129.55 3419.67 3513.31 6410.7 7968.38 10993.5 13242.9 12687.7 10350.5
 12164 4814.25 2601.98 1924.35 3331.89 3493.72 3090.98 3013.41 3607.47 3686.07 4442.91 2929.88 4421.25 4008.67 4847.21 6559.77 6870.93 7316.48 8488.22 11087.1
 7243.4 3974.79 1697.39 1085.86 351.352 73.2057 9.86282 1.94802 0.182349 0.0268534 0.00160004 0.000398464 0.000140585 0.216145 2.91706e-06 3.14809e-08 1.03162e-09 3.4328e-10 3.4433e-11 8.71172e-12
 11581.7 6404.22 6287.53 3281.38 2634.04 4525.38 3320.09 3556.69 7096.33 5931.65 5207.79 3618.92 4005.07 2889.05 1877.42 1751.97 1084.99 398.122 50.7568 2.42627
 6237.81 4378.21 1906.67 1260.28 443.105 52.4681 9.5245 1.18777 0.0827767 0.0169117 0.00182513 0.00033088 2.8005e-05 2.3345e-06 7.37807e-07 0.023225 6.61111e-11 0.00292029 8.8804e-09 0.000106763
 8318.72 6634.81 4793.8 4763.97 5366.42 6315.93 9504.22 6101.4 5635.59 7423.99 4991.35 7091.9 6196.09 6492.08 4647.04 4127.65 4867.09 4618.17 4665.17 4455.88
 13226.2 10067.8 8900.08 7322.03 9543.21 8543.52 6421.42 5535.56 7090.64 6783.09 7809.29 8312.76 10506.7 8960.36 10906.5 9215.42 8291.65 7417.82 11281 8764.27
 7884.34 2679.45 413.11 62.9494 4.29101 0.730895 0.045641 0.0118824 0.000765594 0.000182939 1.56267e-07 0.0343766 6.00054e-05 0.007216 5.42103e-10 3.97404e-10 4.73341e-11 1.15456e-11 3.47367e-12 1.91829e-14
 11027.9 11425.4 7224.62 5973.03 4485.69 4008.04 3540.2 3103.65 2141.06 2786.78 3462.84 3557.67 3224.92 4808.21 6363.38 14000.2 8235.57 10036.5 11080.6 5524.53
 8982.18 4749.05 3907.6 2946.7 2132.22 2423.91 1859.08 1743.15 1598.83 1877.61 3103.98 4912.72 4909.94 5359.35 5794.62 4904.11 5600.95 3762.5 3744.27 4127.09
 9738.53 6970.9 5668.64 2483.93 2024.96 1638 2666.53 3065.73 5613 7102.1 8063.62 10903.2 7550.54 8522.02 7904.51 6654.4 4674.78 4531.79 3639.51 4158.9
 6335.3 2514.44 589.308 46.8532 10.5567 0.815719 0.0975529 0.015342 0.00113564 0.000373673 4.63759e-05 2.23752e-06 1.15942e-07 2.90974e-08 3.55688e-09 4.16643e-10 1.13039e-11 0.00729901 5.94887e-13 4.82301e-18
 9950.47 7224.02 3916.07 3930.35 4212.93 3858.76 2731.33 3050.67 3337.05 3454.82 4150.98 5071.12 5786.84 5367.33 6006.75 7984.09 6073.52 4380.15 4630.63 3625.54
 7301.83 4833.47 4135.18 3447.72 4853.26 3629.43 1905.21 1373.06 914.14 1028.03 969.328 965.536 1567.36 2084.01 2082.45 3439.68 3997.58 4049.54 7299.8 9184.9
 8358.77 5020.91 2185.07 1132.47 598.888 171.347 85.1513 3.29167 0.727252 0.0965655 0.0141835 0.000758641 0.000198585 2.53709e-05 0.197744 0.000527526 4.56937e-08 9.88914e-11 1.13764e-10 3.95385e-11
 8941.72 8283.1 5491.4 5132.92 5036.31 5972.44 5689.27 4612.55 4575.14 6140.74 7619.45 9204.75 8169.11 12974 6807.17 6167.85 5007.26 4559.95 3279.17 2821.6
 7343.6 5760.16 3437.64 1735.76 1777.38 1121.46 1356.55 874.009 303.859 52.9046 15.7503 6.25729 0.548033 0.241467 0.0164849 0.00708793 0.0010391 2.37225 0.361194 0.309542
