 0.399574 0.831808 0.950752 1.9306 2.22554 2.22554 2.22554 2.22554 2.22554 2.22554 2.22554 2.22554 2.2255 2.22554 2.22554 2.22554 2.22554 2.22554 2.22554 1.46044
 0.376315 0.959608 0.544496 0.911459 0.658512 0.866759 1.00241 1.19816 0.614757 1.46624 0.229024 0.47834 0.611397 0.507567 1.75861 0.761366 0.511167 0.601301 0.681479 0.639872
 0.477009 0.433712 0.729868 0.505926 0.475016 0.572279 0.337932 0.394303 0.400143 0.331399 0.336388 0.38989 0.345516 0.268985 0.290302 0.307974 0.312119 0.408413 0.362837 0.519074
 0.386451 0.643739 1.78807 1.56965 2.22554 2.22554 2.22554 2.22554 2.22554 2.22554 2.22554 2.22526 2.22554 2.22554 2.22554 2.22554 2.22554 2.22474 2.22554 2.22472
 0.394754 1.12148 0.907714 1.86538 2.05648 2.22554 2.22554 2.22554 2.22554 2.22554 2.22554 2.22554 2.22554 2.22554 2.1987 2.22262 2.22554 2.22552 2.22554 2.22554
 0.326968 0.714993 0.732634 0.448803 0.48152 0.582526 0.42156 0.559231 0.366462 0.444693 0.363047 0.299343 0.184058 0.15383 0.134568 0.149159 0.178313 0.2063 0.258031 0.337344
 0.29785 0.915021 1.47705 0.904765 0.829194 1.31982 1.48272 1.47622 1.64621 2.22554 2.22554 2.22554 2.22554 2.22554 2.22554 2.22554 2.22554 2.22554 2.22554 2.22554
 0.296567 0.284827 1.07277 0.726795 1.26421 2.22554 2.22554 2.22554 2.22554 2.22554 2.22554 2.22554 2.22554 2.22554 2.22554 2.22554 2.22554 2.22554 2.22554 2.22554
 0.279797 0.274381 0.547328 1.14032 1.10033 0.728496 0.816528 1.0054 0.948722 0.902647 1.40196 1.07773 2.22517 2.22554 2.22554 2.22554 2.22554 2.22554 2.22554 2.22554
 0.293045 0.309795 0.707262 0.792009 0.614876 0.351626 0.421216 0.589863 0.380721 0.313055 0.409849 0.436088 0.547284 0.428747 0.36735 0.365327 0.370524 0.329066 0.307582 0.362668
 0.37993 0.46412 0.655024 0.526628 0.445987 0.307892 0.436183 0.487462 0.434796 0.482225 0.435244 0.641477 0.472574 0.499155 0.642793 0.612014 0.808376 0.709864 0.726658 0.596594
 0.361775 0.657337 1.08046 1.16506 0.885375 0.841589 0.630634 0.576559 0.627959 0.479487 0.510353 0.683393 0.76491 0.609221 0.428804 0.525119 0.568347 0.622858 0.923088 0.571783
 0.295544 0.685003 1.07045 0.862548 0.564277 0.425515 0.561134 0.542323 0.598912 0.825231 0.914268 0.71173 1.10048 1.37486 0.473428 0.568205 0.493358 0.646701 1.8082 0.375454
 0.44003 0.774286 1.08438 1.21766 0.710069 1.05287 0.744268 0.436867 0.918619 0.366985 0.674198 0.476396 0.446311 0.580885 0.44331 0.511578 0.696116 0.76031 0.822335 0.738891
 0.388902 1.86826 2.00664 2.22554 2.22554 2.22554 2.22554 2.22554 2.22554 2.22554 2.22554 2.22554 2.22554 2.22554 2.22554 2.22554 2.12774 2.22554 2.20775 2.22554
 0.413012 0.488246 0.620065 0.452522 0.441199 0.614287 0.373725 0.39552 0.358471 0.442751 0.242306 0.217853 0.195234 0.160566 0.136527 0.128061 0.144802 0.136492 2.22554 0.0188329
 0.363245 0.915514 2.22554 2.22554 2.22554 2.22554 2.22554 2.22554 2.22554 2.22554 2.22554 2.22554 2.22553 2.22554 2.22554 2.22554 2.21116 2.22486 2.22554 2.22548
 0.497642 0.780767 0.801872 1.19343 0.939222 1.34389 1.51144 1.44158 2.22554 2.22554 2.22554 2.22554 2.22554 2.22554 2.22554 2.22554 2.22554 2.22554 2.21637 2.22554
 0.381843 0.890383 0.700152 0.695569 0.624418 0.657685 0.443422 0.395306 0.413003 0.461812 0.331653 0.674873 0.17057 0.141769 0.152316 0.148616 0.163599 0.151889 0.149748 0.910665
 0.404691 0.670329 0.757307 1.18821 0.863325 0.664643 0.897463 0.725191 0.503516 0.92864 0.556605 0.561888 0.436719 0.560225 0.621986 0.404857 0.583416 0.408247 0.325413 0.288388
 0.350098 0.550002 0.652062 0.359878 0.378841 0.354691 0.28241 0.249675 0.291828 0.248392 0.21251 0.170944 0.157208 0.133324 0.10439 0.109788 0.122337 0.114236 0.13135 0.144614
 0.416307 0.776171 0.829715 1.45245 1.92304 2.22554 2.22554 2.22554 2.22553 2.22554 2.22554 2.22554 2.22554 2.22554 2.22554 2.22554 2.22055 2.22554 2.22528 2.22554
 0.46887 0.757865 2.22554 2.22554 2.22554 2.22554 2.22554 2.22554 2.22554 2.22554 2.22554 2.22554 2.22554 2.22554 2.22554 2.22553 2.22554 2.20715 2.22352 2.22542
 0.354625 0.99963 0.719532 0.527084 0.555267 0.436311 0.323121 0.433209 0.574926 0.50451 0.533591 0.501399 0.568283 0.644802 0.545375 0.560019 0.421117 0.554372 0.395599 0.449883
 0.273653 0.221875 0.167817 0.149616 0.163707 0.212403 0.490898 0.483637 0.441003 0.390911 0.959179 0.120767 0.118802 0.126593 0.110767 0.0997756 0.0974892 0.100831 0.0988841 0.0833475
 0.311521 0.471929 0.594211 0.716043 0.485439 0.3709 0.352482 0.395388 0.405799 0.505653 0.313426 0.684048 0.557282 0.548293 0.28807 0.318506 2.22554 0.0213203 0.0171645 0.0155491
 0.307858 0.479436 0.411566 0.43206 0.38403 0.358776 0.212325 0.185058 0.213626 0.189311 0.225317 0.271823 0.320221 0.45895 0.585868 0.435803 0.525711 0.515627 0.350394 0.312611
 0.43887 0.563479 0.630636 1.47597 2.16189 2.22554 2.22554 2.22554 2.22554 2.22554 2.22553 2.22554 2.22554 2.22554 2.22554 2.22554 2.05033 2.22554 2.16424 2.22554
 0.291352 0.664992 0.68835 0.997407 0.581056 0.723962 0.459562 0.575059 0.602382 0.608111 0.404176 0.560969 0.536151 0.397773 0.440284 0.623234 0.524539 0.591129 0.620183 0.734646
 0.309346 0.54229 0.570738 0.428189 0.387613 0.474199 0.389354 0.428821 0.458065 0.5048 0.338668 0.419966 0.439131 0.416404 0.401837 0.567345 0.414824 0.521396 0.470561 0.499582
 0.419931 0.952002 1.34805 2.22554 2.22554 2.22554 2.22554 2.22554 2.22554 2.22554 2.22554 2.22554 2.22554 1.9893 2.22554 2.22404 2.22554 2.22554 2.22554 2.22541
 0.377183 0.512793 2.22554 2.22554 2.22554 2.22554 2.22554 2.22554 2.22554 2.22554 2.22554 2.22554 2.18359 2.22554 2.22554 2.22538 2.22554 2.21295 2.22554 2.22389
 0.338508 1.93794 0.864061 1.09611 2.22554 2.22554 2.22554 2.22554 2.22554 2.22554 2.22554 2.22554 2.22494 2.22554 2.22554 2.22554 2.22554 2.12033 2.22514 2.22554
 0.323804 2.22554 1.06346 2.13601 2.22554 2.22554 2.22554 2.22554 2.22554 2.22553 2.22554 2.22554 2.21792 2.22554 2.22554 2.16623 2.22554 2.22554 2.22554 2.22554
 0.408577 0.482066 2.22554 1.73864 2.22554 2.22554 2.22554 2.22554 2.22554 2.22554 2.22554 2.22554 2.22554 2.22554 2.22554 2.22554 2.22554 2.22552 2.22286 1.99865
 0.312052 0.431721 1.02487 0.647416 0.640288 0.461523 0.469773 0.387665 0.316255 0.443062 2.22554 0.0326357 0.0262575 0.0247774 0.0246749 0.020372 0.0200746 0.020178 0.022926 0.0219252
 0.336992 0.385447 0.444895 0.617828 0.75884 0.501572 0.675625 0.461665 0.552697 0.592285 0.964462 0.502294 0.630387 0.42616 0.452753 0.455046 0.553308 0.30593 0.404243 0.351497
 0.507753 0.406256 0.694769 0.809146 1.01499 0.666969 1.04929 1.40791 2.22554 2.22554 2.22554 2.22554 2.22554 2.22554 2.22554 2.21032 2.22554 2.22554 2.22546 2.22554
 0.382683 0.585129 0.42113 0.631046 0.414713 0.434099 0.399227 0.378258 0.31448 0.287208 0.251777 0.306669 0.32818 0.33427 0.313185 0.446179 0.478205 0.689603 1.45304 1.33472
 0.419473 0.714634 0.712764 0.642903 0.51698 0.490239 0.35276 0.448886 0.38378 0.466865 0.441953 0.510396 0.546542 0.904723 0.351277 0.553126 0.342868 0.581847 1.06359 0.15214
 0.431124 0.477322 0.717708 0.556426 0.459651 0.51132 0.417806 0.686719 0.629952 0.443759 1.06894 0.309512 0.468234 0.540583 0.439775 0.437625 0.530016 0.442059 0.369936 0.47942
 0.36946 0.56318 0.475661 0.404469 0.540177 0.446064 0.342001 0.496006 0.466438 0.517269 0.390952 0.383655 0.378676 0.472921 0.424898 0.490079 0.369738 0.466182 0.430196 0.520905
 0.372793 0.38967 0.553381 0.658605 0.443488 0.430349 0.472305 0.328434 0.450216 0.337102 0.290854 0.256261 0.246158 0.235424 0.218028 0.215736 0.24682 0.321848 0.539609 0.515139
 0.352156 0.444783 0.665334 0.582999 0.494225 0.775738 0.789596 0.697445 0.70419 0.612387 0.65689 0.538518 0.551654 0.374919 0.349389 0.387327 0.344904 0.384575 0.425257 0.452926
 0.291728 0.299912 0.595564 1.16505 1.14577 0.992204 0.789212 0.641248 0.333623 0.4162 0.417225 0.657119 0.635087 0.57958 0.565904 0.466131 0.481576 0.423345 0.329985 0.3631
 0.333501 0.57523 2.22498 2.22554 2.22554 2.22554 2.22554 2.22554 2.22554 2.22554 2.22554 2.22554 2.22554 2.22554 2.22554 2.22554 2.22554 2.22554 2.22553 2.22554
 0.333034 0.556826 0.673182 0.960585 0.604282 0.491389 0.362697 0.45681 0.41012 0.535913 0.396333 0.476616 0.591316 0.330163 0.666498 0.586632 0.483467 0.519283 0.558608 0.474888
 0.368677 0.613257 1.20473 0.60925 0.619087 0.979743 1.50831 2.22554 2.22554 2.22554 2.22554 2.22554 2.22554 2.22554 2.22554 2.22554 2.22553 2.22554 2.22554 2.22554
 0.385169 0.784502 1.73247 0.693628 1.32552 0.866895 2.22554 2.22554 2.22554 2.22554 2.22554 2.22554 2.22554 2.22554 2.22554 2.22554 2.22553 2.21677 2.19699 2.22554
 0.412455 0.51287 0.515158 0.35105 0.30872 0.269845 0.305552 0.253156 0.203256 0.22772 1.0169 0.103821 0.0960247 0.125417 0.104151 0.0965731 0.0759117 0.0601775 0.0621188 0.0589379
 0.463325 0.651026 1.1853 1.24714 0.896625 1.3689 1.56082 2.21998 2.22554 2.22554 2.22554 2.22553 2.22554 2.22554 2.22554 2.22554 2.22554 2.22554 2.22554 2.22554
 0.410119 0.651191 1.60106 0.761051 1.21023 0.95892 0.860794 0.89696 1.38491 0.946491 1.18381 2.19656 0.715675 0.623432 0.719669 0.634096 0.579339 0.643455 0.427803 0.462555
 0.280983 0.197947 0.190969 0.186289 0.148915 0.149413 0.141961 0.12847 0.141354 0.125046 0.139867 0.125021 0.111748 0.117808 0.111671 0.101119 0.0913286 0.0983022 0.0968539 0.120798
 0.339754 0.673402 0.670721 0.367158 0.567647 0.493069 0.397802 0.468291 0.328941 0.33716 0.23705 0.226875 0.237876 0.272394 0.240392 0.232043 0.210871 0.230675 0.236214 0.275871
 0.297803 0.276009 0.562973 0.41628 0.640205 0.452097 0.423632 0.508108 0.442245 0.354695 0.378549 0.614636 0.272315 0.278595 0.254618 0.239641 0.274982 0.305999 0.391589 0.532411
 0.43114 0.481645 0.620209 0.493595 0.556783 0.408053 0.373592 0.320759 0.242765 0.172578 0.158609 0.162567 0.190582 0.206549 0.257848 0.293599 0.270577 0.301352 0.401091 0.47988
 0.25615 0.194524 0.188181 0.202378 0.197352 0.166215 0.177618 0.133273 0.138663 0.122632 0.136823 0.126335 0.11457 0.116824 0.131822 0.123029 0.12362 0.125909 0.133335 0.186926
 0.333479 0.390717 0.427368 0.397511 0.37253 0.348225 0.441704 0.620447 0.477879 0.62572 0.673048 0.717067 0.903633 0.805674 1.3078 1.42843 1.89072 2.22554 2.22554 2.22554
 0.342968 2.22554 1.25078 2.22554 2.22554 2.22554 2.22554 2.22554 2.22554 2.22554 2.22554 2.22554 2.22554 2.22554 2.22554 2.22551 2.22304 2.22554 2.22554 1.90484
 0.335437 0.930415 2.22554 2.22554 2.22554 2.22554 2.22554 2.22554 2.22554 2.22554 2.22511 2.22503 2.22554 2.22554 2.22554 2.22554 2.22492 2.22554 2.18517 2.22554
 0.452959 2.15259 1.35746 2.22554 2.22554 2.22554 2.22554 2.22554 2.22554 2.22554 2.22554 2.22554 2.22554 2.22554 2.22554 2.22534 2.22554 2.22554 2.20586 2.2204
 0.399867 1.82576 1.24738 1.64868 2.22554 2.22554 2.22554 2.22554 2.22549 2.22554 2.22554 2.20861 2.22554 2.22554 2.22554 2.22538 2.22554 2.22554 2.22554 1.95856
 0.529826 0.970795 2.02059 1.46098 2.22554 2.22554 2.22554 2.22554 2.22554 2.22554 2.22554 2.22554 2.22554 2.22428 2.22554 1.61111 2.22507 2.22554 2.22554 2.22458
 0.306936 1.30717 0.924529 1.09767 0.981929 2.07857 2.22554 2.22554 2.22554 2.22554 2.22554 2.22554 2.22554 2.22554 2.22554 2.22554 2.22554 2.22554 2.22554 2.22554
 0.319839 0.610102 0.52146 0.389243 0.535778 0.571068 0.409058 0.719179 0.545138 0.684131 0.605164 0.996114 0.826932 1.74837 2.22554 2.22554 2.22554 2.22554 2.22554 2.22554
 0.350157 0.810416 2.22554 2.2241 2.22554 2.22554 2.22554 2.22554 2.22554 2.22554 2.22554 2.22554 2.22554 2.22554 2.22544 2.22554 0.588789 2.22554 2.09456 2.22554
 0.409439 0.802735 2.05601 2.22554 2.22554 2.22554 2.22554 2.22554 2.22554 2.22554 2.22554 2.22554 2.22554 2.22554 2.22554 2.22208 2.22552 2.22554 2.22551 2.22554
 0.410145 2.22526 2.22554 2.22554 2.22554 2.22554 2.22554 2.22554 2.22554 2.22554 2.22554 2.22554 2.22554 2.22554 2.22554 2.22554 2.22398 2.22554 2.22553 2.22554
 0.360341 0.627938 2.22554 1.45482 2.22554 2.22554 2.22554 2.22554 2.22554 2.22554 2.22554 2.22554 2.22554 2.22554 2.22554 2.22554 2.22554 2.22443 2.22554 2.22554
 0.436391 1.08657 0.819761 2.22554 2.22554 2.22554 2.22554 2.22417 2.22554 2.22554 2.22554 2.22554 2.22554 2.22546 2.22554 2.22554 2.22554 2.22554 2.07251 2.22554
 0.326032 0.759044 2.22554 2.22554 2.22554 2.22554 2.22554 2.22554 2.22554 2.22554 2.22554 2.22554 2.22554 2.22554 2.13457 2.22529 2.22554 2.22553 2.22554 2.22518
 0.364581 0.624159 1.24843 0.712728 2.22554 2.22554 2.22554 2.22554 2.22554 2.22554 2.22554 2.22554 2.22554 2.22554 2.22554 2.22554 2.22554 2.22554 2.22554 2.22554
 0.325669 0.638193 1.02393 0.581042 0.557528 0.611668 0.487504 0.356309 0.706056 0.43848 0.5979 0.582958 0.369631 0.494933 0.423416 0.462503 0.604841 0.596938 0.605875 0.625644
 0.441222 0.477161 0.73957 0.563206 0.602172 0.477877 0.438748 0.442198 0.463355 0.425248 0.569735 0.332287 0.35098 0.304738 0.390531 0.454264 0.532995 0.547734 0.910687 0.77925
 0.508485 0.704265 0.629466 0.568509 0.397408 0.494211 0.662868 0.41967 0.67236 0.460368 0.459209 0.450948 0.312711 0.392827 0.335669 0.24521 0.219351 0.214162 0.194609 0.224108
 0.491079 1.02077 0.807733 1.2323 1.6964 2.22554 2.22554 2.22554 2.22554 2.22554 2.22554 2.22554 2.22554 2.22554 2.22554 2.22554 2.22554 2.22554 2.22554 2.22554
 0.355042 0.754655 1.0459 0.547871 1.23758 0.903872 1.19013 1.34141 1.31501 2.22554 2.22554 2.22554 2.22554 2.22554 2.22554 2.22554 2.22554 2.22554 2.22554 2.22554
 0.474692 0.680887 0.988074 0.800677 0.991163 0.728034 2.22459 2.22554 2.22554 2.22554 2.22554 2.22554 2.22554 2.22554 2.22554 2.22554 2.22554 2.22554 1.89416 2.22554
 0.347059 0.892874 0.547798 2.17565 1.62623 2.22554 2.22554 2.22554 2.22554 2.22554 2.22554 2.22554 2.22554 2.22554 2.22554 2.22554 2.22554 2.22554 2.22554 2.22554
 0.408237 0.860377 0.741757 0.796513 0.60084 0.552661 0.557871 0.422274 0.435172 0.412437 0.505099 0.354506 0.406454 0.421533 0.422136 0.469235 0.559864 0.425718 0.416838 0.481239
 0.380151 0.454893 0.623674 0.4827 0.410678 0.344819 0.535998 0.740593 0.440252 0.48356 0.47131 0.59595 0.841462 0.745471 1.10955 0.79801 0.528605 0.578706 0.755843 0.702757
 0.314803 0.746589 2.22554 2.22554 2.22554 2.22554 2.22554 2.22554 2.22554 2.22554 2.22554 2.22554 2.22554 2.22554 2.22554 2.22545 2.22554 2.21178 2.22554 0.000858554
 0.404615 0.828418 0.659641 0.681358 0.500206 0.559003 0.725292 0.488471 0.40056 0.421808 0.342341 0.373137 0.296299 0.203027 0.149585 0.13271 0.141897 0.184309 0.176654 0.180394
 0.397779 0.536508 0.946114 0.674933 0.575048 0.812292 0.52146 0.504906 0.460002 0.404465 0.355175 0.497865 0.483967 0.439232 0.40193 0.436664 0.32385 0.451433 0.460631 2.22554
 0.359976 0.707894 0.772737 0.851932 0.842241 1.24707 1.45279 1.22188 0.733135 0.585468 0.475019 0.505548 0.47278 0.344989 0.307141 0.298617 0.260228 0.230663 0.243902 0.256824
 0.356358 0.812547 1.30895 0.958488 0.950175 0.906046 1.43502 1.23716 2.22554 2.22554 2.22554 2.22554 2.22554 2.22554 2.22554 2.22554 2.22554 2.22554 2.22554 2.18234
 0.286585 0.317573 0.917348 0.602015 0.725225 0.515387 0.495901 0.471541 0.541617 0.485924 0.485179 0.411579 0.550056 0.439684 0.367883 0.492657 0.392437 0.286994 0.336637 0.382886
 0.399652 0.768476 2.22554 2.22554 2.22554 2.22554 2.22554 2.22554 2.22554 2.22554 2.22554 2.22554 2.22554 2.22554 2.22554 2.22551 1.84574 2.16882 1.70513 2.22194
 0.384724 0.971096 1.35275 1.09754 1.05401 1.21428 1.56784 1.66337 2.22554 2.22554 2.22554 2.22554 2.22554 2.22554 2.22554 2.22554 2.22554 2.22554 2.22554 2.21932
 0.3672 0.587379 0.489012 0.810116 0.593069 0.650522 0.717975 1.15988 1.605 1.74912 2.22554 2.22554 2.22554 2.22554 2.22554 2.22554 2.22554 2.22554 2.22554 2.22554
 0.473776 0.77651 2.22554 2.22554 2.22554 2.22554 2.22554 2.22554 2.22554 2.22554 2.22554 2.22554 2.22554 2.22554 2.22554 2.22554 2.22554 2.22407 2.22326 2.22554
 0.404214 1.0903 0.862284 0.617067 0.72672 0.611059 0.808427 0.583448 0.807878 1.0202 0.285619 0.353597 0.388724 0.296839 0.208982 0.183722 0.154205 0.208555 0.282832 0.410321
 0.427406 0.775923 1.04451 0.896707 1.69379 2.22554 2.22554 2.22554 2.22554 2.22554 2.22554 2.22554 2.22554 2.22554 2.22554 2.13064 2.22554 2.22554 2.22554 2.22554
 0.693561 1.39835 2.22554 2.22554 2.22554 2.22554 2.22554 2.22554 2.22554 2.22554 2.22554 2.22553 2.22554 2.22532 2.22554 2.22554 2.22554 2.22554 2.22546 2.18345
 0.428255 1.10637 1.73295 2.22554 2.22554 2.22554 2.22554 2.22441 2.22554 2.22554 2.22554 2.2115 2.22554 2.22554 2.22554 2.22554 2.22456 2.2255 2.22554 2.22554
 0.385046 0.605831 0.666286 0.964498 0.415816 0.489698 0.638603 0.479342 0.627345 0.522544 0.382896 0.378333 0.358613 2.22554 0.0268859 0.0234639 0.019676 0.0193472 0.0202926 0.0225576
 0.387147 1.16138 1.07286 1.9306 2.22554 2.22554 2.22554 2.22554 2.22554 2.22554 2.22554 2.22554 2.22405 2.22554 2.22554 2.22554 2.22554 2.22554 2.22529 2.22554
 0.357012 0.801326 0.771361 1.02847 0.294586 0.423906 0.405106 0.397737 0.301316 0.235348 0.372684 0.227731 0.301267 0.368081 0.54068 0.458903 0.562726 0.492445 0.745341 0.555905
 0.444652 0.680638 0.750388 1.47014 0.613466 0.923565 0.937723 1.15351 1.82958 2.22554 2.22554 2.22554 2.22554 2.22554 2.22554 2.22554 2.22554 2.22554 2.22554 2.22554
 0.57389 0.538562 0.812825 0.423676 0.382858 0.657502 0.486323 0.343928 0.331175 0.399769 1.3871 0.132518 0.124982 0.117639 0.110921 0.0811645 0.066551 0.0645667 0.0607821 0.0635263
 0.561748 0.577759 1.2944 1.3159 1.32124 1.13771 1.53045 1.38826 1.38856 0.912839 1.33833 0.85463 1.37193 0.742191 0.788417 0.767272 0.599541 0.394051 0.393445 0.572315
 0.359674 1.14395 1.53093 1.21485 1.01107 0.583632 0.377097 0.481415 0.352 0.400508 0.513213 0.368081 0.422489 0.496381 0.661432 0.464637 0.414378 0.507919 0.484893 0.368128
 0.359197 0.612603 0.876924 1.24738 1.03994 1.03086 0.649374 0.648595 0.357634 0.387735 0.409911 0.416265 0.419654 0.43988 0.469878 0.399947 0.46326 0.324528 0.38297 0.327874
 0.326229 0.580044 0.518089 0.444493 0.448449 0.311135 0.339256 0.443067 0.329711 0.293606 0.284508 0.293487 0.367376 0.455296 0.485544 0.510803 2.09314 0.14758 0.540771 0.426977
 0.346572 0.699258 0.960978 0.785897 0.688487 0.584251 0.461173 0.359526 0.434298 0.41908 0.367704 0.338341 0.391927 0.405336 0.317628 0.288766 0.290049 0.220574 0.264264 0.260452
 0.377276 0.803763 0.564984 0.884408 0.447118 0.458817 0.395224 0.459748 0.434507 0.391469 0.459691 0.486759 0.670001 0.44413 0.410784 0.385482 0.31889 0.335033 0.353011 0.370686
 0.466499 0.718343 1.61204 1.03003 0.76734 0.6356 0.509608 0.408441 0.388886 0.493872 0.333767 0.410479 0.350893 0.346041 0.293554 0.228845 0.207412 0.198461 0.248782 0.310664
 0.421284 0.572484 0.915427 0.741421 0.370492 0.449814 0.449569 0.395259 0.428258 0.453063 0.429309 0.395941 0.299912 0.271121 0.388657 0.396465 0.350759 0.348712 0.399974 0.35645
 0.342807 0.566689 1.51826 0.909176 0.629873 0.97885 0.718629 0.805356 0.502174 0.458851 0.512064 0.353754 0.410692 0.449277 0.418989 0.350051 0.412862 0.372546 0.488797 0.499807
 0.407259 0.643433 0.972814 0.56513 0.501547 0.559344 0.513212 0.400468 0.537817 0.604325 0.750994 0.664938 0.891612 0.757845 0.785188 1.0873 0.985661 0.695976 0.635743 0.520678
 0.351561 0.720113 0.534062 0.728452 0.528539 0.542204 0.535614 0.590301 0.830435 0.649764 0.659384 0.537652 0.634708 0.454936 0.4348 0.526187 0.478083 0.563114 0.400295 0.432966
 0.414586 0.59171 1.31673 0.549511 0.591159 0.634667 0.38285 0.502187 0.531389 0.247382 0.358928 0.285714 0.308232 0.340696 0.427333 0.599122 0.792954 0.556539 2.03649 2.22554
 0.420742 0.702098 0.628227 0.491227 0.508609 0.511776 0.41457 0.528188 0.470128 0.846704 0.706782 0.888248 0.691889 0.632604 0.735871 0.636255 0.500885 0.433964 0.577906 0.417346
 0.448404 1.58742 0.498787 0.653842 0.424538 0.400014 0.263388 0.184273 0.135312 0.133195 0.114308 0.127789 0.115077 0.117027 0.12671 0.129171 0.158128 0.167297 0.156485 0.156535
 0.348393 0.733071 0.828544 0.588147 0.587626 0.531236 0.389786 0.271069 0.187171 0.126326 0.0993942 0.100155 0.08204 0.0808905 0.0830012 0.101405 0.152452 0.153375 0.159382 0.174211
 0.394334 0.986841 0.565661 0.728356 0.719058 0.660438 0.826551 0.477703 0.581609 0.436458 0.410974 0.325264 0.293902 0.219398 0.202575 0.210244 0.22464 0.197561 0.165379 0.138888
 0.745514 0.99433 1.41528 1.18702 1.37948 1.789 2.22554 2.22554 2.22554 2.22554 2.22554 2.22543 2.22554 2.22554 2.22494 2.22554 2.22554 2.22554 2.22554 2.22554
 0.538537 1.32343 2.22554 2.22554 2.22554 2.22554 2.22554 2.22553 2.22554 2.22554 2.22554 2.22554 2.22554 2.21645 2.22554 2.22554 2.22554 2.22554 2.22553 2.22554
 0.422356 1.33259 2.22554 2.22554 2.22554 2.22554 2.22554 2.21638 2.22554 2.22554 2.22554 2.22554 2.22554 2.22554 2.17131 2.22554 1.07282 2.22554 2.22554 2.22215
 0.34355 0.618017 0.568021 0.545624 0.380872 0.456343 0.394544 1.41184 0.136782 0.527237 0.605196 0.471349 0.75324 0.546466 0.695316 0.752827 0.611152 0.462192 0.379963 0.447956
 0.306133 0.579509 1.38783 0.730618 0.733064 0.479245 0.710022 0.506447 0.53546 0.396981 0.35727 0.454171 0.408005 0.941925 0.140652 0.391591 2.22554 0.0305198 1.18381 0.112114
 0.391063 0.57564 0.487837 0.744652 0.630791 0.637341 0.814489 0.530225 0.523458 0.484992 0.467842 0.380993 0.336856 0.435303 0.412324 0.422671 0.422281 0.399625 0.489688 0.596203
 0.543844 0.86257 1.79567 2.22554 2.22554 2.22554 2.22554 2.22554 2.22554 2.22554 2.22554 2.22554 2.22554 2.22554 2.22489 2.22554 2.22554 2.11443 2.22554 0.0681333
 0.368949 0.940742 0.49164 0.724258 0.268339 0.409847 0.378535 0.514092 0.583684 0.423543 0.509237 0.591452 1.54148 0.284233 0.483153 0.432196 0.345298 0.34216 0.337708 0.557892
 0.397628 0.575539 1.24878 0.651471 0.808657 0.389109 0.627887 0.584972 0.736974 0.472872 0.737684 0.368847 0.309521 0.539395 0.516031 0.427246 0.397044 0.612665 0.563209 2.22554
 0.5185 0.559079 1.90673 1.15406 1.47406 2.22554 2.22554 2.22554 2.22554 2.22554 2.22554 2.22554 2.22554 2.22554 2.22554 2.22554 2.22554 2.22554 2.22554 2.22554
 0.543598 0.939664 2.22554 2.22554 2.22554 2.22554 2.22554 2.22554 2.22554 2.22554 2.22554 2.22554 2.22554 2.22554 2.22554 1.93999 2.22554 2.22554 2.22554 2.14157
 0.432238 1.60684 1.2503 2.22554 2.22554 2.22554 2.22554 2.22554 2.22554 2.22554 2.22554 2.22554 2.22554 2.22554 2.22554 2.22551 2.22426 2.21288 2.22554 2.22554
 0.588296 1.92836 2.22554 2.22554 2.22554 2.22554 2.22554 2.22554 2.22554 2.22554 2.22554 2.22554 2.22554 2.22554 2.22554 2.22554 1.19425 2.22554 2.22554 2.1772
 0.43869 1.42862 1.30179 1.13019 1.50984 1.43062 1.61671 2.22554 2.22554 2.22554 2.22554 2.22554 2.22554 2.22554 2.22554 2.22554 2.22554 2.22554 2.22554 2.22554
 0.425786 0.778413 1.19367 1.08757 0.785179 1.36639 1.26913 1.74737 2.22554 2.22554 2.22554 2.22554 2.22554 2.22554 2.22554 2.22554 2.22554 2.22554 2.22554 2.22551
 0.444598 0.559672 0.636864 1.27689 2.13046 1.36157 2.22523 2.22554 2.22554 2.22554 2.22554 2.22554 2.22554 2.22554 2.22554 2.22554 2.22554 2.22554 2.22554 2.22554
 0.312881 0.719762 0.568144 1.41653 0.810936 0.660397 0.851257 0.527434 0.523589 0.591714 0.449388 0.79726 0.864917 0.664929 1.20198 0.789123 0.724969 0.990178 0.779241 0.776265
 0.329398 0.594564 1.58669 2.22554 2.22554 2.22554 2.22554 2.22554 2.22554 2.22554 2.22554 2.22554 2.22554 2.22554 2.22554 2.22554 2.22554 2.22554 2.22554 2.22554
 0.538838 0.520401 1.34161 0.887327 1.00159 1.12929 2.22554 2.22554 2.22554 2.22554 2.22554 2.22554 2.22554 2.22554 2.22554 2.22554 2.22554 2.22554 2.22501 2.07563
 0.380425 0.913917 1.21213 1.09311 2.04544 2.22554 2.22554 2.22554 2.22554 2.22554 2.22554 2.22554 2.22554 2.22554 2.22554 2.22554 2.22554 2.22554 2.22554 2.22449
 0.455803 0.488554 0.53579 0.46403 0.507802 0.360736 0.443478 0.382135 0.375055 0.472359 0.448386 0.484317 0.553291 0.400529 0.555223 0.326975 0.335579 0.522528 0.349788 0.414243
 0.298716 0.550354 0.567879 0.789105 0.635659 0.49861 0.33383 0.444047 0.412594 0.45501 0.489508 0.436467 0.362243 0.427588 0.320204 0.339204 0.306085 0.402394 0.383789 0.575803
 0.424545 0.936673 1.54436 2.22554 2.22554 2.22554 2.22554 2.22554 2.22554 2.22554 2.22554 2.22554 2.22554 2.22554 2.22552 2.22554 2.22554 2.22554 2.22554 2.22554
 0.551454 1.77254 2.22554 2.22554 2.22554 2.22554 2.22554 2.22554 2.22554 2.22402 2.22554 2.22554 2.22554 2.22554 2.22274 2.22554 2.08358 2.22554 2.22549 2.22554
 0.555364 0.65621 0.804156 0.670042 0.503222 0.753462 0.514289 0.363801 0.376274 0.390949 1.74274 0.0804894 0.0657874 0.052916 0.0452082 0.0346088 0.038858 0.04234 0.045561 0.0459132
 0.429801 0.624049 0.770859 0.675798 0.332233 0.374824 0.296671 0.230888 0.16282 0.137713 0.147857 0.150522 0.164649 0.229745 0.287531 0.384176 0.464781 0.506373 0.557083 0.461756
 0.603671 2.22554 2.22554 2.22554 2.22554 2.22554 2.22554 2.22554 2.22554 2.22554 2.22554 2.22554 2.21285 2.22554 2.22554 2.16761 2.2239 2.22554 2.22554 2.1482
 0.464398 1.26248 1.1952 0.710333 0.610649 0.405828 0.387249 0.412986 0.387064 0.405496 0.473595 0.509705 0.526578 0.43425 2.22554 0.0435362 0.400076 0.477582 0.407623 0.49439
 0.331784 0.737686 1.08842 0.677701 0.383903 0.359485 0.459892 0.358943 0.319259 0.385964 0.44582 0.68595 0.344363 0.388714 0.401956 0.441486 0.446271 0.702084 0.665126 0.654947
 0.341473 0.642618 0.523836 0.927757 1.37769 1.09853 1.64665 2.22554 2.22554 2.22554 2.22554 2.22554 2.22554 2.22554 2.22554 2.22554 2.22554 2.22554 2.22554 2.21741
 0.299226 0.27003 0.443971 0.446099 0.535298 0.491636 0.431201 0.409096 0.358683 0.478549 0.339289 0.354111 0.444797 0.560347 0.68432 0.78815 0.750886 0.856415 0.457028 0.796756
 0.375821 0.329295 0.366664 0.740259 0.416159 0.52463 0.818692 0.49747 0.390779 0.547257 0.767381 1.60127 0.335651 0.854711 0.730729 0.722281 0.851472 0.848506 0.576399 0.717355
 0.295591 0.430505 0.562583 0.515343 0.3904 0.445347 0.41351 0.425297 0.524359 0.38748 0.523904 0.416807 0.343151 0.521624 0.430911 0.404148 0.439664 0.600816 0.464035 0.472363
 0.35724 0.515249 0.464165 0.537031 0.490969 0.435559 0.5396 0.374771 0.579758 0.749517 0.551244 0.667212 0.549142 0.679953 0.464234 0.416881 0.460783 0.414747 0.342614 0.407052
 0.381257 0.544525 0.485317 0.549868 0.484456 0.534138 0.567171 0.575139 0.497274 0.488536 0.587166 0.528441 2.22554 0.157016 0.399887 0.845587 0.973498 0.857519 1.57253 2.22554
 0.495777 0.903069 0.444559 1.24607 1.52932 1.39275 1.5054 1.58397 1.59343 2.22554 2.22554 2.22554 2.22554 2.22554 2.22554 2.22554 2.22554 2.22554 2.22554 2.22554
 0.353954 0.848695 0.741966 0.866259 0.491929 0.803185 0.540006 0.541065 0.552514 0.626394 0.71859 0.486042 0.717116 0.37371 0.475847 0.573542 0.374759 0.534503 0.329517 0.340221
 0.314776 0.610411 0.765017 0.491688 0.398396 0.480938 0.47537 0.397218 0.457288 0.565019 0.385986 0.382577 0.526803 0.471321 0.446293 0.493059 0.527415 0.535278 0.531021 0.66726
 0.357121 0.598158 0.592205 0.747378 0.722604 0.416362 0.506451 0.478503 0.418384 0.387553 0.539886 2.22554 0.0254205 0.446885 0.406682 0.471692 0.443026 0.354282 0.519871 0.505999
 0.47914 0.52636 1.82256 1.19503 2.22554 2.22554 2.22554 2.22554 2.22554 2.22554 2.22554 2.22554 2.22554 2.22549 2.22554 2.22554 2.22554 2.22554 2.22554 2.22554
 0.421799 0.593768 1.93183 2.22554 2.22554 2.22554 2.22554 2.22554 2.22554 2.22554 2.22554 2.22554 2.22554 2.22411 2.22554 2.22554 2.22554 2.22524 2.22554 2.22554
 0.478138 2.22554 2.22554 2.22554 2.22554 2.22554 2.22554 2.22554 2.22554 2.22554 2.22554 2.22554 2.22254 2.22554 2.22554 2.22554 2.22554 2.22553 2.22554 2.22554
 0.411626 0.439309 0.604225 0.608309 0.905103 0.667555 0.769514 0.807619 0.895382 0.730209 0.7189 0.632447 0.825555 0.641346 0.497978 0.715322 0.465474 0.456944 0.457488 0.421319
 0.404543 0.604426 2.22554 2.22554 2.22554 2.22554 2.22554 2.22554 2.22554 2.22554 2.22554 2.22554 2.22554 2.22554 2.22553 2.22554 2.22554 2.22554 2.22554 2.22554
 0.451241 0.74635 0.813548 0.518974 0.561649 0.587942 0.757846 0.469948 0.477819 0.357832 0.415584 0.439004 0.422496 0.47815 0.534557 0.475154 0.477878 0.553265 0.5153 0.392172
 0.475619 1.35078 1.29075 1.11381 1.83321 1.50247 1.93706 1.20897 0.752244 0.5718 0.665474 0.640871 0.475561 0.460877 0.503265 0.536459 0.495726 0.441958 0.560107 0.419038
 0.374874 0.695143 0.689654 1.15705 1.02995 1.12587 2.22554 2.22554 2.22554 2.22554 2.22554 2.22554 2.22554 2.22554 2.22554 2.22554 2.22554 2.22554 2.22554 2.20384
 0.413406 0.46073 1.92499 0.911227 0.755925 1.45385 1.02358 1.24967 1.32389 2.22554 2.22554 2.22554 2.22554 2.22554 2.22554 2.22553 2.22554 2.2199 2.22554 2.22554
 0.41189 0.645308 2.22554 2.22554 2.22554 2.22554 2.22554 2.22554 2.22554 2.22554 2.22554 2.22554 2.22554 2.22554 2.22554 2.22554 2.21698 2.22554 2.22554 2.22554
 0.364121 0.601176 0.742682 0.695638 0.525349 0.410197 0.747443 0.657016 0.453835 1.26735 0.17997 0.466756 0.345129 0.502488 0.299661 0.220119 0.202996 0.231728 0.273906 0.306053
 0.398457 2.22554 2.22554 2.22554 2.22554 2.22554 2.22554 2.22554 2.22554 2.22554 2.22554 2.22554 2.22554 2.22452 1.98617 2.22427 2.22554 2.22554 2.22554 2.22375
 0.381532 1.70766 1.11343 2.22554 2.22554 2.22554 2.22554 2.22554 2.2255 2.22554 2.22554 2.22554 2.22554 2.22554 2.22554 2.22554 2.22554 2.22554 2.22554 2.22554
 0.385529 2.0283 2.22554 2.22554 2.22554 2.22554 2.22554 2.22554 2.22554 2.22554 2.22337 2.22554 2.22554 2.22554 2.22554 2.22554 2.2234 2.22554 2.22531 1.99163
 0.415862 0.953493 1.48379 1.842 2.22554 2.22554 2.22554 2.22554 2.22554 2.22554 2.22554 2.22554 2.22551 2.22546 2.22554 2.22554 2.21207 2.22554 2.22359 2.21228
 0.332262 0.521306 0.743205 0.543339 0.466806 0.502749 0.95533 0.545792 0.890164 0.729675 1.77826 1.03268 1.5472 2.02138 2.22554 2.22554 2.22554 2.22554 2.22554 2.22554
 0.360856 0.750796 1.05297 0.879877 1.01079 0.821744 0.71793 0.468481 0.468541 0.371396 0.398993 0.378615 0.461638 0.392322 0.50979 0.488206 0.418812 0.55037 0.361035 0.572521
 0.466936 0.966835 2.22554 2.22554 2.22554 2.22554 2.22554 2.22554 2.22554 2.22554 2.21726 2.22554 2.22554 2.22522 2.22553 2.22404 2.22554 2.22502 2.2255 2.22537
 0.39464 1.58959 1.10745 2.22554 2.22554 2.22554 2.22554 2.22554 2.22554 2.22554 2.22554 2.22554 2.22554 2.22554 1.8385 2.22554 2.22554 2.22554 2.22349 1.8884
 0.338746 1.13807 0.894377 0.718352 0.831253 0.609445 0.539788 0.599952 0.590691 0.765179 0.66112 0.826874 0.649147 0.521506 0.587747 0.522791 2.22554 0.0345572 0.415177 0.429916
 0.288678 0.216951 0.167403 0.124991 0.104835 0.0955637 2.22554 0.0156072 0.0157981 0.0159111 0.0168365 0.0164637 0.0167947 0.0146258 0.0144374 0.0149867 0.012512 0.0113845 0.0119539 0.0130093
 0.317882 0.880105 0.617579 0.43741 1.04787 0.596106 0.494784 0.474394 0.701515 0.583411 0.589708 0.456565 0.450381 0.469411 0.311763 0.324033 0.261389 0.218813 0.200748 0.147326
 0.316127 0.648214 0.938898 0.868213 0.726777 0.625907 0.844263 0.4727 0.496615 0.731077 0.868779 0.757307 0.969991 1.03895 0.726172 0.551907 0.465119 0.355582 0.3487 0.37288
 0.283458 0.293831 0.889706 1.20505 0.673046 0.540083 0.588545 0.713313 0.570259 0.533003 0.473922 0.552306 0.256026 0.468834 0.283019 0.324813 0.391588 0.3901 0.402446 0.349515
 0.240266 0.142635 0.109118 0.0878794 0.0750823 0.0806755 0.0832676 0.0946117 0.111498 0.127509 0.170834 0.207334 0.303379 0.39573 0.426131 0.455538 0.405847 0.388718 0.386163 0.36923
 0.314457 0.421109 0.472721 0.695037 0.633664 0.494691 0.582998 0.580159 0.507062 0.627414 0.623497 0.51151 0.426496 0.430515 0.455101 0.489694 0.660978 2.22554 0.0641026 0.62111
 0.271195 0.164446 0.128753 0.117175 0.112175 0.1243 0.121715 0.1282 0.102043 0.0841719 0.0738783 0.0649457 0.0687105 0.0680624 0.0698282 0.0686079 0.0877973 0.100643 0.133836 0.164616
 0.369143 0.375226 0.662077 0.657681 0.408261 0.380303 0.335299 0.238546 0.187398 0.188131 0.204035 0.212368 0.290227 0.563493 0.463407 0.517026 0.778531 0.550072 0.524933 0.531349
 0.260377 0.146059 0.0889628 0.0811547 0.0718487 0.079395 0.097191 0.14301 0.200367 0.311128 0.906854 0.573298 0.642798 0.666629 0.353226 0.365537 0.306953 0.210662 0.175962 0.192013
 0.339896 1.14904 1.27324 0.963268 0.580754 0.554421 0.772128 0.709739 0.552493 0.53863 0.514121 0.77041 0.489852 0.499543 0.481532 0.378508 0.379097 0.398425 0.355919 0.309863
 0.439095 0.845273 2.21537 1.66313 2.22554 2.22554 2.22554 2.22554 2.22554 2.22554 2.22554 2.22554 2.22554 2.22554 2.22554 2.22498 2.22554 2.22554 2.22546 2.22554
 0.33065 0.729016 0.552963 1.07227 0.814641 0.496263 0.651981 0.613616 0.345006 0.440201 0.516796 0.625461 0.538921 0.649609 1.22096 1.14659 2.22553 2.22554 2.22554 2.22554
 0.494433 0.701368 2.22554 1.21459 2.22554 2.22554 2.22554 2.22554 2.22554 2.22554 2.22554 2.22554 2.22554 2.22554 2.22554 2.22554 2.22534 2.22554 2.22322 2.22192
 0.431928 0.649435 0.668702 0.581497 0.470853 0.443608 0.358388 0.489369 0.504128 0.387857 0.451791 0.384402 0.449417 0.412944 0.457095 0.484799 0.47582 0.507222 0.454137 0.46771
 0.319782 0.528006 0.470592 0.5635 0.415725 0.390571 0.619081 0.529863 0.404411 0.426969 0.408169 0.406362 0.338991 0.375612 0.351114 0.397401 0.37416 0.455486 0.319029 0.287493
 0.470134 1.59859 2.22554 2.22554 2.22554 2.22554 2.22554 2.22554 2.22554 2.22554 2.20921 2.22554 2.20212 2.22554 2.22537 2.22554 2.22554 2.22551 2.22554 2.22554
 0.396656 0.397822 0.699396 0.53741 0.690196 0.68688 0.605978 0.848923 1.00664 0.713581 0.588617 0.569593 0.757538 0.450782 0.396238 2.22554 0.0288633 0.351337 0.355925 0.50835
 0.400403 0.701057 0.81525 0.725971 1.05196 0.698915 1.02049 1.13184 1.07854 1.00196 0.584919 0.431922 0.477179 0.410575 0.415833 0.5163 0.422335 0.61835 0.514539 0.464067
 0.377466 0.605807 0.624058 1.72236 0.926502 1.22347 0.773676 0.694635 0.39845 0.38849 0.422315 0.387244 0.812092 0.192904 0.427232 0.553028 0.457297 0.52252 0.709862 0.573726
 0.442482 0.94959 2.22554 2.22554 2.22554 2.22554 2.22554 2.22554 2.22554 2.22554 2.22554 2.22554 2.22547 2.22554 2.22554 2.22554 2.22303 0.836906 2.22554 2.2255
 0.373746 0.608163 0.907936 0.677017 0.470887 0.600859 0.896214 0.628276 0.554387 0.595933 0.503598 0.463667 0.390174 0.459611 0.408671 0.33989 0.463653 0.457162 0.444781 0.613489
 0.406148 0.872898 0.636272 0.667104 0.457727 0.508614 1.25718 1.26463 2.21962 1.48377 2.22008 1.01781 1.02543 0.85808 0.79705 0.512171 0.463982 0.488014 0.322582 0.302473
 0.372215 0.874327 1.3401 2.06354 2.22554 2.22554 2.22554 2.22554 2.22554 2.22554 2.22554 2.22554 2.22552 2.22554 2.22554 1.86082 2.22448 2.22554 2.22554 2.22554
 0.365099 0.496375 0.739051 0.534516 0.460104 0.491124 0.456894 0.484267 0.478183 0.459053 0.35807 0.350243 0.350242 0.296801 0.372262 0.460696 0.495516 0.482799 0.654743 0.628559
 0.367264 0.642317 0.959176 1.26218 0.886301 1.09801 1.24277 1.87853 2.22554 2.22554 2.22554 2.22554 2.22554 2.22554 2.22554 2.22554 2.22554 2.22554 2.22553 2.22554
