 0.402048 0.297132 0.370219 0.47985 0.325068 0.588193 0.708919 0.934828 0.377364 0.332176 0.281901 0.32225 0.402711 0.385386 0.455013 0.526181 0.275548 0.266738 0.276402
 0.402048 0.297132 0.370219 0.47985 0.325068 0.588193 0.708919 0.934828 0.377364 0.332176 0.281901 0.32225 0.402711 0.385386 0.455013 0.526181 0.275548 0.266738 0.276402
 0.402048 0.297132 0.370219 0.47985 0.325068 0.588193 0.708919 0.934828 0.377364 0.332176 0.281901 0.32225 0.402711 0.385386 0.455013 0.526181 0.275548 0.266738 0.276402
 0.402048 0.297132 0.370219 0.47985 0.325068 0.588193 0.708919 0.934828 0.377364 0.332176 0.281901 0.32225 0.402711 0.385386 0.455013 0.526181 0.275548 0.266738 0.276402
 0.419865 0.315449 0.382417 0.487096 0.326993 0.596021 0.716533 0.96137 0.381268 0.331602 0.288597 0.335955 0.427067 0.404292 0.481219 0.553201 0.285474 0.275754 0.286116
 0.542671 0.288082 0.322089 0.451146 0.346511 0.591684 0.681887 0.996043 0.410298 0.334011 0.269562 0.422954 0.470536 0.434854 0.474312 0.554417 0.325829 0.284318 0.288955
 0.441565 0.357292 0.352505 0.388396 0.28924 0.537777 0.715304 0.913344 0.378492 0.328698 0.250879 0.434695 0.469478 0.367658 0.448396 0.483193 0.302368 0.262869 0.243057
 0.531138 0.294504 0.382775 0.354455 0.24794 0.534905 0.708712 0.974776 0.512535 0.440114 0.263682 0.428781 0.505033 0.414233 0.440833 0.521238 0.286496 0.271815 0.237688
 0.532809 0.242694 0.467607 0.376963 0.210089 0.468728 0.744499 0.889266 0.387636 0.317472 0.227254 0.378107 0.438842 0.372487 0.426735 0.533714 0.273015 0.228783 0.216434
 0.989307 0.351978 0.545214 0.648705 0.287028 0.46717 0.654212 0.767253 0.32241 0.237196 0.221705 0.366535 0.394096 0.345615 0.362828 0.519878 0.227223 0.224383 0.217761
 0.862692 0.316917 0.31662 0.640841 0.262479 0.388786 0.619497 0.728272 0.358623 0.228803 0.260444 0.34795 0.465677 0.377594 0.411795 0.502355 0.240516 0.207368 0.228622
 0.740093 0.139985 0.239282 0.616446 0.260639 0.490506 0.778003 0.906454 0.392079 0.255815 0.24557 0.351048 0.468548 0.396762 0.486759 0.618806 0.2755 0.279184 0.26946
 0.576381 0.189399 0.257392 0.655115 0.254638 0.354377 0.59285 0.612408 0.331884 0.259346 0.225283 0.254938 0.400115 0.361923 0.470482 0.523481 0.209692 0.209539 0.210395
 0.894059 0.183121 0.348571 0.657012 0.340029 0.397249 0.624329 0.729038 0.338265 0.230608 0.229385 0.232592 0.409628 0.411173 0.449529 0.615229 0.28491 0.227906 0.247861
 0.46938 0.136677 0.349231 0.474272 0.275123 0.498679 0.669554 0.964951 0.379091 0.30381 0.264013 0.299261 0.358244 0.355222 0.475769 0.571544 0.350111 0.259008 0.283061
 0.339188 0.187854 0.288265 0.361655 0.266402 0.389454 0.549537 0.678012 0.245994 0.243331 0.203133 0.264532 0.309362 0.285038 0.326538 0.371078 0.222714 0.170362 0.204411
 0.412652 0.165629 0.23818 0.341604 0.239519 0.47397 0.50999 0.727856 0.268365 0.270715 0.236205 0.321162 0.291195 0.307988 0.317156 0.387235 0.191417 0.213196 0.201903
 0.456563 0.160506 0.281083 0.358933 0.29463 0.572167 0.616769 0.669483 0.270031 0.300721 0.208544 0.281223 0.293327 0.269169 0.306347 0.319494 0.15933 0.200668 0.21783
 0.207352 0.202463 0.204811 0.177138 0.208393 0.424849 0.587566 0.658701 0.310256 0.270913 0.192693 0.242219 0.283223 0.250225 0.267715 0.254724 0.161076 0.173885 0.232971
 0.162386 0.164717 0.38901 0.238999 0.254792 0.393692 0.61273 0.839206 0.393509 0.390773 0.253988 0.222431 0.262624 0.317377 0.274746 0.404253 0.23907 0.220764 0.322469
 0.653853 0.202076 0.409901 0.244429 0.303663 0.441593 0.650666 0.885723 0.341535 0.373976 0.273554 0.244494 0.308608 0.313598 0.341346 0.472273 0.238829 0.173081 0.305994
 0.399557 0.211488 0.354378 0.327071 0.357846 0.544489 0.786663 1.2126 0.416224 0.433735 0.341428 0.286971 0.375541 0.305031 0.385247 0.53273 0.297025 0.238439 0.344799
 0.77616 0.38945 0.499691 0.422369 0.354525 0.516962 0.673122 1.14221 0.406629 0.502028 0.307589 0.335479 0.361968 0.31074 0.343078 0.482378 0.319845 0.227992 0.349159
 0.93411 0.387285 0.381455 0.350996 0.338971 0.756103 1.00223 1.67846 0.577661 0.52129 0.36397 0.351767 0.369787 0.321504 0.448067 0.570917 0.301739 0.218927 0.345744
 1.52695 0.404264 0.416965 0.378086 0.308322 0.736832 0.935972 1.58063 0.534557 0.469351 0.355892 0.361071 0.393054 0.396365 0.625714 0.729952 0.343397 0.27199 0.337049
 0.878586 0.473321 0.321485 0.277479 0.267077 0.750219 0.944967 1.19059 0.448196 0.360685 0.336512 0.346247 0.343001 0.376778 0.504859 0.573055 0.320483 0.25674 0.37824
 1.16545 0.431332 0.440839 0.335647 0.305419 0.665708 0.753054 1.05108 0.461527 0.355519 0.403486 0.306581 0.382119 0.38688 0.423621 0.608968 0.284226 0.254452 0.388903
 1.1397 0.608749 0.680866 0.559574 0.351064 0.784441 0.610529 1.0009 0.419886 0.349006 0.301404 0.27751 0.321675 0.40572 0.465345 0.465374 0.235282 0.231411 0.290965
 0.621837 0.287365 0.503482 0.466976 0.26106 0.533187 0.520547 0.95634 0.508531 0.403045 0.418751 0.273651 0.295386 0.325371 0.409618 0.454938 0.210446 0.209661 0.236267
 0.519336 0.366716 0.350145 0.413238 0.23984 0.463535 0.485611 0.962276 0.555118 0.469237 0.353295 0.265185 0.313356 0.291779 0.365809 0.447633 0.165213 0.202771 0.216605
 0.414043 0.383306 0.36493 0.478162 0.244217 0.535529 0.563509 1.0181 0.641921 0.542939 0.395553 0.291029 0.387755 0.28174 0.386955 0.426661 0.177277 0.205445 0.281058
 0.52908 0.471415 0.493052 1.00119 0.364834 0.789144 0.93435 1.21192 0.749906 0.668708 0.526876 0.35833 0.514832 0.45706 0.584064 0.667845 0.310616 0.31149 0.284799
 0.46868 0.389186 0.537459 0.660078 0.367674 0.732644 0.935724 1.76603 1.09992 0.781822 0.725677 0.464412 0.548662 0.530242 0.505802 0.651194 0.456565 0.399362 0.374276
 1.04072 0.494043 0.540912 0.674371 0.417105 0.681635 0.838974 1.656 0.856633 0.643219 0.563076 0.463067 0.537619 0.463762 0.475432 0.793949 0.535635 0.379543 0.365941
 0.931612 0.513459 0.36754 0.457569 0.504527 0.72386 0.91145 1.57374 0.679621 0.528643 0.514572 0.406796 0.506979 0.466003 0.532509 0.86126 0.4133 0.490676 0.477917
 0.692163 0.286561 0.348569 0.34166 0.511097 0.736997 1.04169 1.7249 0.742367 0.556423 0.529961 0.376453 0.513076 0.458213 0.533602 0.677026 0.388127 0.300909 0.271912
 0.953628 0.451892 0.656935 0.415929 0.589053 0.905953 1.29383 2.06498 0.806532 0.643056 0.534295 0.444227 0.509772 0.50518 0.575021 0.758387 0.44355 0.422633 0.320664
 0.965612 0.500017 0.593716 0.372675 0.503086 0.652975 1.10541 1.78296 0.683182 0.631433 0.511526 0.40657 0.498254 0.501801 0.577041 0.685794 0.402787 0.349678 0.324845
 0.585635 0.345882 0.47412 0.430426 0.394757 0.719277 0.820385 0.877662 0.41296 0.502106 0.406764 0.274768 0.326735 0.403443 0.420274 0.469789 0.289427 0.331102 0.328283
 0.629882 0.55463 0.393832 0.528849 0.391845 0.525757 0.666032 0.928161 0.582932 0.472358 0.448145 0.278877 0.388297 0.41561 0.490436 0.452434 0.256453 0.269675 0.350372
 0.599365 0.345628 0.376347 0.558231 0.450786 0.542076 0.863785 1.4296 0.541055 0.359688 0.425738 0.282611 0.334549 0.426231 0.45706 0.567781 0.25362 0.250992 0.301673
 0.77753 0.363192 0.464821 0.546977 0.413847 0.606233 0.877597 1.29687 0.564162 0.419985 0.491644 0.41363 0.483805 0.503092 0.613795 0.603416 0.345595 0.311643 0.312073
 0.749793 0.317617 0.421181 0.455118 0.316812 0.497244 0.670401 0.880497 0.42831 0.313302 0.354556 0.27746 0.382592 0.435633 0.46436 0.426613 0.278666 0.251655 0.205206
 0.680918 0.298291 0.406048 0.549539 0.341293 0.516478 0.791199 0.932226 0.513493 0.419359 0.411667 0.332424 0.512075 0.461693 0.541375 0.509053 0.337264 0.255891 0.259009
 0.888748 0.373882 0.559845 0.801793 0.340088 0.523721 0.659104 1.20474 0.514394 0.433563 0.339683 0.354064 0.493995 0.452292 0.475855 0.541422 0.310359 0.223297 0.215204
 1.04414 0.491378 0.59346 0.871319 0.382855 0.572022 0.775855 1.31984 0.669931 0.560884 0.36307 0.438451 0.621971 0.572736 0.562019 0.703904 0.282777 0.206361 0.205368
 0.970055 0.486204 0.515312 1.03314 0.466867 0.766461 0.967442 1.52137 0.583051 0.489154 0.305269 0.409497 0.52617 0.498323 0.577743 0.625521 0.295653 0.228191 0.227203
 1.16904 0.650973 0.569876 1.33474 0.533198 0.809148 0.903817 1.8716 0.614928 0.446338 0.359837 0.42842 0.532118 0.640109 0.631638 0.66009 0.361031 0.308008 0.32191
 0.615557 0.593985 0.469195 0.754538 0.430365 0.914487 0.967905 1.5741 0.58868 0.539479 0.391093 0.460549 0.501871 0.514949 0.605705 0.67525 0.341587 0.254915 0.296079
 0.44787 0.318501 0.23068 0.375126 0.276269 0.725843 0.73236 1.21594 0.443547 0.4315 0.34182 0.347146 0.371786 0.333722 0.431582 0.358774 0.251955 0.217667 0.225027
 0.536691 0.450393 0.306846 0.465452 0.271093 0.682543 0.759941 1.38508 0.492036 0.408213 0.40061 0.427147 0.490621 0.382905 0.478476 0.441694 0.289959 0.285404 0.329874
 1.18135 0.478763 0.299296 0.44978 0.341394 0.841317 0.965946 1.44899 0.618817 0.514424 0.438692 0.546189 0.59965 0.668422 0.635923 0.783286 0.502969 0.480477 0.518113
 0.438046 0.160661 0.220066 0.335647 0.280006 0.638278 0.966141 1.0787 0.487753 0.445322 0.451735 0.476704 0.599297 0.632167 0.662741 0.722397 0.501593 0.446634 0.315525
 0.241521 0.128773 0.211311 0.319584 0.305287 0.53938 0.74201 0.895955 0.498839 0.521158 0.435998 0.496849 0.712308 0.567727 0.60308 0.821948 0.452838 0.412262 0.262077
 0.159076 0.17128 0.279143 0.303377 0.366067 0.615404 0.738885 0.981163 0.529241 0.510016 0.477256 0.428892 0.623285 0.503278 0.603766 0.642611 0.402932 0.372367 0.292518
 0.273937 0.313178 0.257399 0.236317 0.314926 0.474325 0.559084 0.889919 0.432237 0.322055 0.322128 0.342492 0.503819 0.379717 0.47701 0.463738 0.291109 0.266578 0.246677
 0.285908 0.224486 0.246154 0.286632 0.338927 0.575804 0.710378 0.980267 0.483299 0.381211 0.324298 0.416345 0.62556 0.42099 0.602538 0.591624 0.330449 0.275442 0.301794
 0.403299 0.191305 0.451855 0.528555 0.469177 0.785836 1.07946 1.5097 0.531664 0.447069 0.399301 0.454538 0.748438 0.518599 0.6473 0.76634 0.514325 0.344543 0.406545
 0.27381 0.189488 0.371297 0.561584 0.537287 0.859551 0.882432 1.52759 0.529287 0.452005 0.43473 0.388333 0.552047 0.426373 0.634043 0.679282 0.482218 0.314085 0.332207
 0.389966 0.171303 0.357042 0.727691 0.472539 0.622378 0.62258 1.05337 0.438523 0.326865 0.324726 0.282018 0.386581 0.347676 0.413964 0.584848 0.339545 0.252998 0.243195
 0.351957 0.446177 0.526617 0.738512 0.561095 0.799179 0.769364 1.29482 0.553195 0.349626 0.33585 0.383838 0.464022 0.493363 0.559898 0.750506 0.419688 0.382147 0.374565
 0.472969 0.435982 0.651756 0.71307 0.4882 0.641246 0.766097 1.22174 0.476885 0.335856 0.317379 0.349439 0.351555 0.469448 0.511722 0.569447 0.337656 0.326424 0.339038
 0.26332 0.256488 0.474143 0.697425 0.436841 0.602043 0.756578 1.13741 0.437826 0.33844 0.27479 0.320017 0.339931 0.410489 0.475783 0.468913 0.281291 0.267326 0.27381
 0.466016 0.333568 0.596592 0.714061 0.436864 0.660208 0.93145 1.32744 0.509123 0.324237 0.278145 0.348697 0.379291 0.530233 0.527792 0.568915 0.353172 0.333088 0.296459
 0.332454 0.147391 0.312067 0.767617 0.322571 0.482685 0.621993 0.842557 0.27104 0.224278 0.220616 0.298872 0.356335 0.417789 0.439409 0.484733 0.272607 0.234695 0.240036
 0.426105 0.30555 0.339525 0.45518 0.375708 0.511719 0.610305 0.815262 0.283056 0.302467 0.250707 0.303496 0.419204 0.467672 0.5695 0.67968 0.361531 0.26155 0.216509
 0.237917 0.231055 0.344476 0.428652 0.307643 0.462511 0.654178 1.0035 0.411656 0.362384 0.25219 0.271168 0.351409 0.387715 0.543397 0.671844 0.377747 0.284706 0.247761
 0.225319 0.233452 0.319711 0.359077 0.329049 0.611507 0.830945 0.899862 0.375483 0.365202 0.314346 0.221524 0.324863 0.336951 0.542457 0.596862 0.348117 0.328448 0.266061
 0.56784 0.265755 0.392647 0.418808 0.340348 0.517192 0.804225 1.00337 0.402723 0.399058 0.29954 0.262242 0.362614 0.321202 0.406698 0.663251 0.327954 0.284366 0.211653
 0.724905 0.262339 0.40592 0.351084 0.365945 0.617186 0.792674 0.953357 0.455175 0.369178 0.29128 0.316285 0.377947 0.354195 0.474987 0.699852 0.368129 0.296449 0.250251
 0.261648 0.289935 0.305893 0.625767 0.400807 0.719147 0.732064 0.991654 0.506087 0.440695 0.319517 0.267727 0.344845 0.356798 0.433014 0.669439 0.3802 0.298346 0.229154
 0.282814 0.312183 0.347937 0.433898 0.334686 0.770598 0.840748 0.849427 0.451024 0.373974 0.298559 0.279318 0.368602 0.326728 0.404762 0.489861 0.270198 0.275348 0.205287
 0.244183 0.264961 0.214054 0.286838 0.303826 0.533882 0.684352 0.736743 0.413733 0.291541 0.325413 0.299357 0.307775 0.419611 0.527317 0.60066 0.25814 0.287743 0.299549
 0.448886 0.292945 0.253673 0.314514 0.277534 0.557406 0.669714 0.702839 0.461208 0.294103 0.289883 0.273114 0.320574 0.385911 0.497455 0.636197 0.329617 0.252648 0.249062
 0.348169 0.285399 0.277275 0.427409 0.352867 0.613954 0.719171 0.858711 0.468798 0.365529 0.350242 0.305288 0.332364 0.437571 0.573549 0.717755 0.313688 0.272284 0.320851
 0.397933 0.354687 0.226378 0.320267 0.329691 0.574862 0.567653 1.03398 0.434606 0.322717 0.319534 0.272074 0.336568 0.287951 0.466328 0.5769 0.252279 0.274589 0.308229
 0.404384 0.445476 0.322565 0.429779 0.304233 0.467353 0.568361 1.08824 0.514176 0.37934 0.317949 0.266907 0.351935 0.261565 0.397835 0.430204 0.214466 0.225552 0.283276
 0.160901 0.146944 0.285589 0.399483 0.307439 0.593508 0.744593 1.41395 0.443166 0.443517 0.367295 0.343574 0.422114 0.44649 0.498961 0.527318 0.304212 0.311302 0.330524
 0.204491 0.235456 0.414055 0.424677 0.39262 0.743697 0.958522 1.28351 0.429194 0.373437 0.382428 0.470985 0.443034 0.44409 0.539086 0.627135 0.373002 0.299631 0.319113
 0.177935 0.251593 0.395478 0.463825 0.538513 0.767053 1.04107 1.36923 0.556486 0.424849 0.43202 0.501568 0.491474 0.39937 0.49739 0.547636 0.334438 0.363434 0.342717
 0.42259 0.263846 0.34726 0.27229 0.323142 0.562009 0.749932 1.06291 0.430828 0.290982 0.311295 0.352791 0.344348 0.385497 0.498688 0.606781 0.305101 0.346734 0.214069
 0.434343 0.288445 0.401971 0.428735 0.27699 0.483986 0.611154 0.957607 0.303354 0.197888 0.222512 0.263903 0.259513 0.310199 0.378869 0.357567 0.209653 0.260761 0.189313
 0.3401 0.244892 0.292101 0.463587 0.212385 0.563796 0.671847 0.865 0.355698 0.221885 0.223482 0.236459 0.324165 0.339284 0.338768 0.354333 0.167944 0.208042 0.196207
 0.451834 0.309574 0.506737 0.590955 0.263032 0.767319 0.636839 0.848759 0.350704 0.284733 0.213109 0.284209 0.281014 0.33408 0.439738 0.435959 0.206357 0.183517 0.16625
 0.575366 0.312719 0.420661 0.277833 0.256139 0.703828 0.678773 0.716646 0.432897 0.42882 0.303654 0.291905 0.364467 0.400036 0.471059 0.433553 0.204345 0.196171 0.247294
 0.326705 0.411458 0.386351 0.412338 0.274874 0.550586 0.505066 0.740206 0.333712 0.340147 0.259408 0.248052 0.406761 0.408001 0.514733 0.487827 0.237317 0.226394 0.192914
 0.652618 0.52748 0.713285 0.627711 0.329744 0.632963 0.723275 0.850741 0.351772 0.29877 0.269056 0.249083 0.410124 0.396952 0.489198 0.568206 0.28587 0.245143 0.189825
 0.256548 0.412525 0.480045 0.539807 0.262539 0.597841 0.721336 0.976896 0.387126 0.404314 0.31434 0.33727 0.456085 0.424432 0.501722 0.524236 0.271002 0.263924 0.267133
 0.416179 0.440121 0.427362 0.469129 0.221478 0.530538 0.73846 0.818964 0.316721 0.319955 0.294194 0.308504 0.414852 0.339409 0.444295 0.410112 0.274194 0.244112 0.279218
 0.793197 0.446613 0.446623 0.471471 0.254175 0.498783 0.666219 0.813295 0.352321 0.355846 0.300831 0.313977 0.318814 0.365027 0.421251 0.444732 0.27169 0.238865 0.292093
 0.519634 0.535382 0.51063 0.733292 0.290271 0.470108 0.498597 0.725869 0.415409 0.341774 0.287972 0.290235 0.332116 0.334556 0.462417 0.499845 0.231857 0.208956 0.288069
 0.561133 0.358624 0.458532 0.652057 0.35084 0.489392 0.537821 0.762992 0.40691 0.418009 0.327354 0.271338 0.363404 0.350507 0.481976 0.482313 0.270283 0.214164 0.254868
 0.774726 0.251239 0.3169 0.588128 0.288782 0.524715 0.49999 0.687017 0.336089 0.332064 0.322357 0.264328 0.355192 0.277258 0.503574 0.397086 0.214597 0.183822 0.305962
 0.870726 0.283986 0.449508 0.716032 0.293582 0.682002 0.643806 0.771199 0.400526 0.402832 0.409113 0.334473 0.465473 0.35952 0.608977 0.410531 0.246778 0.228536 0.376834
 0.624083 0.274364 0.309546 0.636646 0.311316 0.667029 0.675587 0.920323 0.337581 0.408208 0.344152 0.318288 0.433472 0.440974 0.59338 0.412183 0.299736 0.306321 0.320698
 1.4118 0.261592 0.359183 0.686231 0.33566 0.592471 0.678788 0.755362 0.351012 0.372633 0.274097 0.377227 0.375908 0.399017 0.510161 0.411706 0.281686 0.274863 0.272901
 1.84125 0.462112 0.310843 0.532456 0.343171 0.655413 0.609821 0.68166 0.253294 0.303349 0.272509 0.327286 0.284475 0.308572 0.299477 0.298907 0.198396 0.235704 0.228665
 1.2584 0.659121 0.435221 0.640674 0.427422 0.945697 0.843585 1.10073 0.447148 0.465014 0.322288 0.52521 0.386952 0.440565 0.496496 0.465399 0.344854 0.283144 0.324714
 1.12243 0.398953 0.300316 0.38286 0.299901 0.691999 0.601708 0.657562 0.302902 0.270774 0.231544 0.312351 0.269369 0.247079 0.316528 0.318434 0.179482 0.175128 0.208751
 1.20751 0.45691 0.309143 0.364555 0.300483 0.500097 0.525617 0.58063 0.282607 0.274852 0.185543 0.221697 0.251721 0.230019 0.301859 0.278776 0.182733 0.213742 0.2172
 1.09227 0.344521 0.255481 0.202924 0.201071 0.387037 0.488459 0.605469 0.310281 0.288651 0.180647 0.206411 0.274161 0.240137 0.308616 0.32171 0.157173 0.19199 0.198921
 1.20041 0.379546 0.289397 0.420697 0.312202 0.662651 0.850229 1.02297 0.413661 0.388723 0.208158 0.238098 0.30756 0.347062 0.388619 0.436957 0.203948 0.235156 0.280202
 0.807372 0.252798 0.257421 0.320093 0.255171 0.509789 0.590148 0.852261 0.381777 0.293281 0.213515 0.22264 0.299629 0.306493 0.328377 0.412748 0.189354 0.216733 0.257392
 0.687472 0.289664 0.422323 0.350322 0.295758 0.415229 0.501046 0.812701 0.302191 0.199828 0.16847 0.211778 0.285249 0.281353 0.356898 0.423124 0.198522 0.198395 0.272658
 0.509258 0.276464 0.446039 0.448602 0.363569 0.454043 0.483755 0.733239 0.336859 0.28812 0.206977 0.285339 0.377275 0.343412 0.406964 0.45542 0.240604 0.232435 0.34396
 0.224565 0.199962 0.41117 0.551993 0.436522 0.696499 0.666299 0.79346 0.369456 0.32391 0.278376 0.384067 0.441666 0.380942 0.341806 0.426217 0.260664 0.238812 0.334792
 0.267442 0.182376 0.383206 0.386567 0.36519 0.596513 0.635061 0.772466 0.354587 0.323451 0.342553 0.315969 0.440104 0.374788 0.324766 0.366179 0.191618 0.200326 0.317218
 0.263744 0.234878 0.667009 0.508999 0.347496 0.660166 0.941284 1.08283 0.494743 0.369769 0.397801 0.421638 0.55268 0.438912 0.452074 0.54111 0.264441 0.302008 0.348246
 0.350519 0.263858 0.615283 0.551239 0.401092 0.566586 0.641509 0.928071 0.497302 0.37973 0.361416 0.3779 0.487196 0.400795 0.505295 0.515278 0.233891 0.242555 0.285004
 0.414008 0.245827 0.339589 0.42608 0.318278 0.701465 0.811652 1.06791 0.497721 0.366183 0.386931 0.44488 0.550586 0.447836 0.53853 0.678608 0.279904 0.279675 0.381406
 0.30606 0.191092 0.365662 0.420503 0.257765 0.631653 0.936184 1.17585 0.577917 0.434288 0.410395 0.492294 0.609201 0.485518 0.629186 0.819803 0.360884 0.321727 0.393339
 0.416992 0.164968 0.306612 0.497123 0.302331 0.626355 0.951422 1.18285 0.419059 0.392305 0.346429 0.417571 0.496706 0.388612 0.482427 0.645366 0.330391 0.253483 0.368218
 0.328141 0.235677 0.231724 0.564587 0.276081 0.541901 0.748954 1.07281 0.398839 0.403084 0.290004 0.276579 0.385524 0.351008 0.489537 0.509815 0.295339 0.238318 0.442806
 0.26778 0.210864 0.253488 0.451693 0.246028 0.474096 0.569477 0.834765 0.307986 0.302282 0.216709 0.26627 0.345896 0.307531 0.420424 0.467165 0.26144 0.211183 0.397955
 0.244638 0.217706 0.213104 0.488502 0.30654 0.457841 0.502932 0.792526 0.290817 0.271695 0.247181 0.297775 0.416108 0.339168 0.451559 0.497712 0.289153 0.223376 0.282276
 0.160373 0.242706 0.263516 0.609301 0.376717 0.473478 0.589846 0.711597 0.283973 0.283555 0.229794 0.291515 0.329414 0.341469 0.455516 0.365433 0.297107 0.215362 0.264909
 0.369306 0.25311 0.303762 0.445313 0.335322 0.515987 0.602569 0.815529 0.381192 0.310171 0.294196 0.319358 0.342274 0.403045 0.441847 0.482634 0.397472 0.302705 0.408211
 0.207819 0.22403 0.248142 0.462739 0.354606 0.601245 0.68393 0.835207 0.349173 0.32956 0.318383 0.309042 0.337557 0.361544 0.46271 0.405537 0.298393 0.262092 0.336003
 0.578286 0.424838 0.289705 0.475617 0.29935 0.459246 0.593436 0.842531 0.357853 0.315953 0.331566 0.383036 0.423125 0.384932 0.433682 0.551781 0.331677 0.272168 0.33081
 0.601288 0.342255 0.19629 0.330395 0.233276 0.382366 0.55632 0.877012 0.348138 0.323191 0.266747 0.349846 0.3701 0.359962 0.363389 0.427085 0.219149 0.186283 0.283965
 0.457435 0.282662 0.238938 0.342542 0.226533 0.565003 0.722255 0.953856 0.382403 0.319748 0.266716 0.346319 0.384265 0.352924 0.443973 0.504146 0.251328 0.228085 0.217357
 0.239445 0.347568 0.358774 0.362741 0.269783 0.611931 0.853222 0.954513 0.408187 0.293813 0.242261 0.323703 0.344492 0.315712 0.504761 0.427489 0.249225 0.228784 0.236144
 0.415073 0.429812 0.413758 0.317159 0.269718 0.618897 0.774012 1.2074 0.499545 0.416491 0.319901 0.392529 0.539786 0.407068 0.571258 0.520256 0.243011 0.243362 0.355199
 0.377116 0.331633 0.630792 0.481314 0.211308 0.434677 0.566406 0.956074 0.364498 0.301934 0.211615 0.299328 0.373044 0.30604 0.385143 0.366183 0.212009 0.226192 0.245497
 0.420561 0.352103 0.740483 0.627691 0.294042 0.485484 0.608734 0.910006 0.393001 0.331514 0.273781 0.342995 0.463933 0.380149 0.405878 0.485338 0.251844 0.255489 0.290955
 0.282806 0.319141 0.711603 0.458682 0.318151 0.564246 0.760362 1.41653 0.470008 0.440428 0.34868 0.415244 0.531765 0.493489 0.467294 0.594109 0.317608 0.329893 0.345365
 0.273207 0.388786 0.561463 0.535954 0.283187 0.553487 0.663357 1.08994 0.392286 0.331312 0.325653 0.324942 0.425349 0.38925 0.402162 0.546861 0.294379 0.238748 0.276894
 0.394345 0.323964 0.468653 0.866755 0.391265 0.62187 0.787144 1.07131 0.470912 0.341449 0.37152 0.378715 0.555809 0.386083 0.546975 0.7921 0.332645 0.294141 0.346605
 0.208188 0.282411 0.42713 0.709229 0.284757 0.67265 0.841488 0.92141 0.416983 0.380572 0.449807 0.386517 0.653812 0.442175 0.562107 0.814891 0.285169 0.263051 0.362174
 0.277185 0.201074 0.303534 0.525744 0.283959 0.626875 0.675393 0.739238 0.332776 0.312259 0.422703 0.361335 0.572047 0.459408 0.49144 0.585309 0.285237 0.216745 0.362503
 0.191208 0.18904 0.295295 0.442836 0.223433 0.580889 0.571272 0.604491 0.271128 0.223359 0.335677 0.330459 0.46822 0.36877 0.405956 0.522058 0.233299 0.208676 0.278555
 0.185118 0.246281 0.345247 0.317191 0.21842 0.505023 0.506258 0.616006 0.29788 0.241559 0.292445 0.325438 0.383875 0.373337 0.441764 0.605086 0.23278 0.191983 0.23051
 0.347849 0.288302 0.357392 0.394014 0.273639 0.421985 0.600981 0.836419 0.350082 0.383515 0.443861 0.461591 0.51058 0.489985 0.600227 0.873306 0.344091 0.314549 0.330884
 0.207744 0.186633 0.333838 0.35108 0.272305 0.579649 0.794395 1.08776 0.473438 0.475424 0.379434 0.447094 0.497934 0.57317 0.623454 0.859614 0.332409 0.247168 0.218748
 0.198434 0.191367 0.218297 0.350784 0.250806 0.396748 0.580732 0.903599 0.358833 0.380304 0.254185 0.333977 0.393625 0.387218 0.422169 0.442771 0.28025 0.238685 0.237053
 0.24344 0.248315 0.20239 0.262712 0.239146 0.341269 0.511091 0.940843 0.42427 0.385425 0.28538 0.346391 0.453154 0.379835 0.568945 0.588707 0.385688 0.287409 0.321812
 0.17746 0.180688 0.255078 0.340188 0.323349 0.436873 0.697285 0.880527 0.387671 0.315047 0.251003 0.270698 0.378694 0.307876 0.478335 0.590758 0.302308 0.268411 0.369045
 0.319729 0.155035 0.265646 0.39436 0.384476 0.595628 0.791975 0.996897 0.564464 0.37468 0.275186 0.268675 0.374237 0.342287 0.519763 0.631008 0.34624 0.310394 0.3313
 0.244093 0.220997 0.403967 0.363915 0.336834 0.401551 0.621377 1.007 0.481836 0.325702 0.247238 0.222052 0.324508 0.309753 0.491345 0.576489 0.327607 0.264743 0.336063
 0.208232 0.207207 0.346281 0.252124 0.343681 0.503658 0.690983 1.14938 0.50967 0.409058 0.294803 0.287321 0.326049 0.313977 0.477798 0.518375 0.290338 0.327435 0.399616
 0.556596 0.238063 0.339122 0.304718 0.258777 0.483362 0.647328 1.2677 0.499562 0.404248 0.340034 0.307173 0.378201 0.356893 0.41528 0.469936 0.239002 0.258093 0.348265
 0.349594 0.174259 0.407103 0.36471 0.356201 0.673671 0.675484 1.14126 0.556358 0.501101 0.367237 0.318038 0.477444 0.418841 0.520504 0.542248 0.265148 0.257351 0.398906
 0.307657 0.208134 0.363482 0.363327 0.384161 0.72372 0.78812 1.16456 0.547823 0.527986 0.418712 0.410625 0.412592 0.482897 0.56814 0.633064 0.379175 0.326276 0.430641
 0.312861 0.164933 0.233942 0.47472 0.422761 0.796629 0.746086 1.07163 0.446953 0.523824 0.438641 0.332824 0.379476 0.468371 0.574259 0.678631 0.433135 0.336085 0.409429
 0.308268 0.298241 0.324921 0.853777 0.450289 0.90544 0.706667 1.03391 0.523553 0.473812 0.417674 0.312512 0.351441 0.487009 0.5445 0.550577 0.433478 0.332695 0.311317
 0.324518 0.241992 0.265215 0.651679 0.446658 0.914607 0.841446 1.21981 0.539688 0.626255 0.466238 0.361312 0.40323 0.578678 0.574603 0.700193 0.418971 0.383038 0.421745
 0.254766 0.291217 0.263869 0.441334 0.315009 0.719501 0.794549 1.27342 0.614413 0.571328 0.387032 0.354479 0.332269 0.421079 0.597604 0.565439 0.310448 0.241756 0.303538
 0.22098 0.282614 0.300836 0.495934 0.328623 0.724892 0.776585 1.01367 0.691562 0.528463 0.388279 0.34655 0.33582 0.405224 0.518118 0.610511 0.321524 0.289348 0.279827
 0.258553 0.25416 0.388024 0.383639 0.356781 0.770247 0.90798 1.13374 0.801348 0.63391 0.528178 0.492472 0.523515 0.521758 0.788892 0.943961 0.385761 0.419564 0.397161
 0.211056 0.213979 0.33852 0.418499 0.407321 0.962391 1.15757 1.18302 0.67531 0.659486 0.475273 0.474667 0.670716 0.55473 0.674079 0.751652 0.385092 0.390208 0.417174
 0.311097 0.235148 0.392704 0.365633 0.305016 0.665165 0.701916 1.05641 0.525946 0.498272 0.39213 0.423788 0.571151 0.418371 0.481887 0.6657 0.286195 0.321869 0.357105
 0.361172 0.200593 0.351961 0.403621 0.272804 0.608355 0.620409 1.06284 0.521289 0.487435 0.46678 0.459262 0.475702 0.472623 0.497851 0.737977 0.424106 0.325587 0.345437
 0.614181 0.326873 0.581917 0.516065 0.309132 0.697778 0.791651 1.1941 0.589409 0.520233 0.503426 0.520609 0.55892 0.528953 0.52086 0.845222 0.430887 0.35424 0.346892
 0.314514 0.273174 0.322414 0.344363 0.272616 0.610275 0.584516 0.874974 0.610236 0.484514 0.406715 0.356594 0.479072 0.379911 0.462173 0.619881 0.417904 0.304876 0.297157
 0.29958 0.421171 0.332453 0.368866 0.318166 0.760548 0.851925 1.11296 0.688642 0.746634 0.495114 0.561055 0.58898 0.552591 0.699885 0.73278 0.477304 0.390993 0.362391
 0.321176 0.462316 0.345597 0.469802 0.368841 0.836388 0.935625 1.14521 0.643058 0.647584 0.490077 0.576915 0.669975 0.59142 0.829194 0.912984 0.567199 0.525852 0.393884
 0.263255 0.574992 0.45344 0.629533 0.4196 0.923093 1.17325 1.34214 0.631497 0.589354 0.502511 0.51646 0.672782 0.64544 0.913454 0.904819 0.496081 0.343393 0.35805
 0.392852 0.416291 0.448548 0.611127 0.441248 0.994454 1.1313 1.51569 0.606615 0.656452 0.649108 0.597819 0.825115 0.708856 0.97315 0.912273 0.461617 0.377283 0.510784
 0.506391 0.485872 0.448774 0.604776 0.404693 0.814342 0.995176 1.35283 0.554466 0.486976 0.475094 0.389812 0.549918 0.557797 0.624634 0.546964 0.283644 0.262939 0.402303
 0.561284 0.480411 0.518025 0.537735 0.395437 1.02235 1.04921 1.26063 0.85682 0.664275 0.580542 0.444846 0.598709 0.777846 0.956499 0.963701 0.39153 0.37308 0.440293
 0.465889 0.208726 0.43034 0.548675 0.286867 0.718476 0.702417 0.892546 0.56415 0.427991 0.506136 0.345853 0.509345 0.590052 0.725297 0.770326 0.257087 0.279181 0.419234
 0.325149 0.231186 0.484339 0.677071 0.331452 0.572747 0.661243 0.781901 0.454493 0.493865 0.432867 0.278181 0.329383 0.419838 0.578821 0.662379 0.341955 0.29656 0.352555
 0.264526 0.172509 0.453573 0.765484 0.332629 0.774138 0.662949 1.00442 0.610176 0.514228 0.470722 0.309007 0.438085 0.576578 0.575103 0.774989 0.369342 0.406837 0.331747
 0.540324 0.227729 0.266504 0.550959 0.353421 0.768876 0.776191 0.986749 0.712943 0.506755 0.521063 0.383881 0.473314 0.472445 0.665324 0.734429 0.340047 0.40533 0.349542
 0.386678 0.268718 0.301538 0.406716 0.387408 0.877816 0.837131 1.0871 0.611214 0.380341 0.410942 0.352816 0.448731 0.422729 0.595174 0.695901 0.322182 0.382809 0.341964
 0.527397 0.260615 0.30127 0.53289 0.370296 0.86603 0.827375 1.12033 0.620824 0.355604 0.389542 0.349461 0.392191 0.421279 0.565117 0.63851 0.336465 0.359679 0.300719
 0.316006 0.30043 0.269492 0.466029 0.37379 0.739107 0.709211 1.19127 0.808487 0.551602 0.456054 0.3492 0.453986 0.493485 0.670897 0.66941 0.388274 0.337098 0.382449
 0.267185 0.184821 0.30004 0.385326 0.346001 0.697034 0.637298 0.893308 0.568611 0.446518 0.382322 0.309315 0.402425 0.435215 0.499201 0.634798 0.298155 0.282422 0.292017
 0.418502 0.233515 0.324347 0.370302 0.323287 0.790065 0.760186 0.863791 0.599682 0.513915 0.431702 0.31687 0.381587 0.477955 0.467734 0.685304 0.350935 0.3145 0.275376
 0.269341 0.246385 0.420153 0.497162 0.329109 0.582785 0.692057 0.876197 0.517984 0.499875 0.403133 0.370179 0.457323 0.441301 0.506668 0.578042 0.388602 0.271117 0.311676
 0.20954 0.239919 0.331004 0.301915 0.325696 0.582302 0.81989 1.28595 0.589076 0.498259 0.424575 0.381472 0.457253 0.45263 0.460168 0.533285 0.301734 0.259043 0.28361
 0.276635 0.27585 0.304503 0.308781 0.397115 0.652678 0.857254 1.32399 0.493285 0.41494 0.402683 0.386465 0.412196 0.436121 0.435113 0.565516 0.275156 0.237475 0.362863
 0.177493 0.295049 0.306816 0.276258 0.447795 0.712895 0.939702 1.60862 0.673134 0.653799 0.498036 0.523996 0.572512 0.630581 0.606531 0.818206 0.370407 0.260661 0.414758
 0.297359 0.425284 0.323235 0.378755 0.498521 0.811563 1.02338 1.51014 0.645472 0.617764 0.44696 0.475844 0.610078 0.617276 0.607903 0.737381 0.337175 0.283879 0.368142
 0.357498 0.364133 0.288434 0.537259 0.496515 1.04319 1.14619 1.50579 0.649235 0.659419 0.537312 0.503886 0.563754 0.748448 0.747076 1.02753 0.370471 0.327572 0.379006
 0.406296 0.295075 0.59194 0.700936 0.599659 0.798111 0.873601 1.43784 0.498302 0.446622 0.427857 0.366392 0.422478 0.529705 0.570808 0.757886 0.300598 0.368792 0.419209
 0.419515 0.337361 0.499885 0.559218 0.412593 0.6791 0.838498 1.27648 0.495864 0.410443 0.352207 0.295 0.386734 0.453428 0.550464 0.877322 0.354511 0.318577 0.322828
 0.36275 0.18058 0.439747 0.415939 0.416299 0.858451 1.0261 1.49286 0.626442 0.529606 0.46552 0.376729 0.586077 0.552741 0.743579 0.969797 0.44464 0.416111 0.327464
 0.263158 0.184795 0.492253 0.355319 0.361375 0.634428 0.681576 1.04907 0.544707 0.48643 0.4674 0.38477 0.513928 0.500713 0.683168 0.767968 0.399807 0.306025 0.289422
 0.292899 0.268561 0.673239 0.455062 0.312904 0.617404 0.655099 1.04308 0.499611 0.502448 0.447362 0.340832 0.555895 0.386449 0.550424 0.765076 0.384857 0.334693 0.241763
 0.481537 0.199434 0.573519 0.458816 0.332478 0.638242 0.84482 1.22363 0.527909 0.548738 0.458516 0.390874 0.635266 0.425155 0.604703 0.944982 0.416019 0.3982 0.266927
 0.387343 0.28919 0.592943 0.50589 0.328584 0.604989 0.911813 1.17082 0.464386 0.524946 0.452931 0.374783 0.611218 0.42907 0.552884 0.934951 0.509795 0.435179 0.361875
 0.807112 0.387963 0.690511 0.600383 0.344531 0.746681 0.991136 1.24007 0.582675 0.666421 0.565693 0.408153 0.709209 0.46543 0.679759 1.22946 0.633812 0.526356 0.384943
 0.330739 0.382625 0.661183 0.630625 0.296528 0.635187 1.00895 1.08852 0.673076 0.68907 0.511477 0.337319 0.548556 0.46972 0.473363 0.722991 0.437905 0.327491 0.273672
 0.455039 0.321039 0.637986 0.947565 0.327186 0.696193 0.954861 1.41147 0.690082 0.682519 0.485941 0.280491 0.4489 0.482259 0.522163 0.82424 0.445122 0.330583 0.285626
 0.290199 0.261423 0.684246 0.785448 0.322374 0.729899 0.996724 1.55901 0.734572 0.747522 0.512351 0.33392 0.526111 0.498332 0.523678 0.790965 0.409571 0.379516 0.375477
 0.153687 0.141113 0.371814 0.522693 0.269822 0.702418 0.863016 1.18962 0.723574 0.628428 0.447271 0.316986 0.52628 0.465889 0.43917 0.520686 0.285755 0.289295 0.307313
 0.389794 0.253567 0.634635 0.511548 0.289077 0.587097 0.633512 0.992268 0.750122 0.601536 0.466189 0.286853 0.470513 0.456014 0.377593 0.453859 0.255832 0.270553 0.316037
 0.457592 0.206097 0.505693 0.544776 0.332419 0.736847 0.942291 1.0729 0.866531 0.512847 0.511005 0.362872 0.500842 0.511265 0.578296 0.890798 0.46785 0.397713 0.424876
 0.424935 0.161739 0.432488 0.738447 0.36306 0.655618 1.10975 1.16326 0.799339 0.509674 0.503209 0.356468 0.547717 0.622013 0.621837 0.686818 0.36969 0.304693 0.335601
 0.508779 0.308569 0.546137 0.843941 0.495667 0.919403 1.07967 1.02295 0.726725 0.51527 0.467103 0.404016 0.507163 0.572853 0.691833 0.76579 0.350814 0.315954 0.481675
 0.266591 0.250871 0.388393 0.835656 0.390479 0.683081 0.9607 1.12647 0.719369 0.48113 0.40975 0.371933 0.420853 0.505832 0.543751 0.752091 0.335037 0.340948 0.398049
 0.284028 0.255885 0.272385 0.451155 0.31928 0.487332 0.752828 0.825407 0.489007 0.387916 0.337282 0.293082 0.334378 0.440107 0.459775 0.512898 0.233274 0.252004 0.292172
 0.388753 0.21891 0.300302 0.614597 0.34221 0.440461 0.730424 0.754912 0.421589 0.361401 0.345057 0.259585 0.297602 0.386746 0.503646 0.48574 0.2973 0.222055 0.259051
 0.610036 0.294586 0.321388 0.576955 0.344809 0.622552 0.913207 0.884858 0.539914 0.460345 0.398879 0.320736 0.40347 0.51236 0.548702 0.540954 0.355144 0.299224 0.283218
 0.875191 0.379859 0.406724 0.514815 0.389299 0.704505 0.887031 0.894487 0.547045 0.493968 0.418276 0.343745 0.371611 0.487557 0.482704 0.575653 0.361748 0.292789 0.332557
 0.70414 0.303731 0.356366 0.469156 0.373534 0.769898 0.984887 1.02281 0.654928 0.593662 0.433293 0.386656 0.360513 0.542177 0.659756 0.801781 0.458077 0.317993 0.419045
 0.540074 0.289849 0.286829 0.509994 0.369892 0.649182 0.920377 1.29221 0.574898 0.495785 0.416369 0.398967 0.454277 0.621489 0.688259 0.862549 0.409553 0.301845 0.398061
 0.50328 0.325265 0.304822 0.470811 0.361107 0.67901 0.832167 1.09134 0.567415 0.538076 0.499477 0.438817 0.451161 0.658346 0.702458 0.797229 0.382485 0.320141 0.330888
 0.371121 0.208748 0.365136 0.446795 0.407966 0.750196 0.974889 1.34225 0.56105 0.466874 0.527431 0.511145 0.5001 0.595127 0.667739 0.730131 0.484583 0.369811 0.387394
