 8203.79 8735.46 13165.7 19589.8 8155.36 8475.71 10628.4 6600.95 5111.57 5292.55 13576.7 2413.21 11917.3 3222.03 2478.04 4799.41 3315.21 10111.9 2218.76
 8203.79 8735.46 13165.7 19589.8 8155.36 8475.71 10628.4 6600.95 5111.57 5292.55 13576.7 2413.21 11917.3 3222.03 2478.04 4799.41 3315.21 10111.9 2218.76
 8203.79 8735.46 13165.7 19589.8 8155.36 8475.71 10628.4 6600.95 5111.57 5292.55 13576.7 2413.21 11917.3 3222.03 2478.04 4799.41 3315.21 10111.9 2218.76
 8203.79 8735.46 13165.7 19589.8 8155.36 8475.71 10628.4 6600.95 5111.57 5292.55 13576.7 2413.21 11917.3 3222.03 2478.04 4799.41 3315.21 10111.9 2218.76
 8473.26 8960.97 12618.4 19463.5 8304.4 8733.69 10415 6575.08 5070.19 5368.25 13114.8 2443.94 11313.7 3207.37 2502.29 4606.96 3340.97 9887.11 2178.26
 8324.36 6599.51 16789.6 17600.6 7090.39 10067.9 10522.8 6332.13 4053.98 4647.24 13142.9 2119.17 12377.7 2821.92 2922.23 3917.58 2727.85 11101.1 2089.52
 10923.1 8548.93 18956.9 18590.5 7654.78 10371.1 9825.78 6526.14 4339.69 4855.62 12205 2061.33 14255.2 2307.5 2619.57 4159.05 2130.43 12686.1 1937.98
 8967.91 9272.97 15324.2 23280.9 6125.79 8685.95 8492.22 5555.7 3903.44 4612.95 12158.7 1529.54 12530.4 2956.33 2293.46 4209.54 1898.77 12789.1 2644
 8274.25 6084.8 13986.1 25476.6 7345.53 6355.89 9516.16 7342.32 4856.98 5148.48 12700.3 1526.49 13723.8 2684.09 2761.07 4313.29 2200.88 12837.8 2407.67
 7454.07 7765.32 10099.5 25629.2 9406.21 7735.18 11175 6993.29 6090.06 5575.41 12306.1 1742.25 14154.5 3003.83 2841.73 5312.17 2226.26 12419.6 2666.58
 4917.65 17015.8 7231.69 26663.2 12690.9 5637.41 11871.9 5523.96 6533.57 6066.86 10291.6 1439.12 14069.4 3537.05 2641.56 4798 3071.44 12095.4 3028.48
 9851.22 7281.59 8482.3 21326.8 9901.95 5579.45 10393.8 6937.32 6416.5 5740.28 11711.8 1472.39 13988.6 3023.76 2172.07 4089.88 2835 10938.8 2422.16
 9704.9 10547.2 8996.21 20880 12302.8 6611.29 12461.2 5880.35 7292.38 5045.01 13404.1 1725.98 12502 2874.61 2094.32 6199.88 2610.65 12938.8 2543.18
 11693.5 7386.79 7998.62 24036.3 11080.1 9725.02 11470.1 5995.18 7877.08 4785.78 13176.1 1897.09 12459.2 3158.12 2134.23 5729.96 3720.01 11680.1 1742.93
 14526.8 8389.81 12901.1 24365.6 4818.7 8885.96 11030.3 5807.36 6702.3 4073.61 13443.9 2872.21 12400.1 3528.96 1593.19 4621.63 3255.48 11667 861.193
 16641.2 13445.6 16326 25420.4 8359.82 8771.05 9656.06 7338.19 6647.47 4915.81 14305.2 3742.58 14135.2 3995.12 2072.95 4783.96 4429.39 12215.9 1380.05
 7465.44 12133 11471.3 26175.8 5896.48 8839.86 10045.1 8175.02 4783.68 5207.37 12292.8 2448.13 13896.3 4222.22 2113.59 4670.46 3727.73 11488.6 1991.12
 17755.2 8420.86 13484.1 23054.6 6922.74 10887.9 11321.4 7902.83 4508.15 4424.64 13803.6 3159.52 14431.8 3720.37 3193.56 5213.27 3691.07 12216.3 1037.59
 9857.03 9145.78 19633.6 21214.9 9486.55 9289.01 10241.8 7894.29 4811.26 6089.49 16542.3 3380.05 13144 3725.6 4120.34 4682.05 4974.48 9136.28 2048.51
 4914.05 3578.88 14842.5 22555 7744.17 6758.58 8179.82 7574.68 3377.83 4750.89 16850.5 4406.29 11981.4 2447.41 2066.01 4210.05 3592.73 7636 2353.74
 8713.93 6691.97 15071.2 20769.6 8211.3 6364.56 7585.56 8382.11 4495.94 4010.69 17815.7 4059.38 13163.2 1728.78 2743.87 4951.63 5400.34 9613.65 2157.01
 16696.2 6305.78 20877.2 17259.3 8139.42 5955.31 7046.41 8224.05 3824.72 2762.85 14984.2 3558.61 13324.8 2035.12 1932.66 3760.97 4198.55 8645.84 2811.05
 9697.22 4646.37 13294 21504.2 8741.69 7488.96 8097.71 7817.26 4008.44 2698.65 13651.7 4958.98 12628 2206.46 1787.06 3681.59 4008.07 8166.03 2260.64
 4511.24 14902 9333.8 18816.9 7282.43 6482.47 6470.45 8838.52 4702.73 2837.76 14396.1 3874.05 9989.02 2432.72 1320.12 4152.66 4561.9 7160.96 2680.08
 7605.18 9851.74 14038.4 20228.4 5234.99 7283.83 8295.16 6724.24 4759.25 3717.37 13602 3455.94 11303.5 1848.89 1565.23 3809.18 3350.23 8649.4 5069.89
 5611.55 18094.2 16249.3 18088.2 6331.04 6443.91 8632.19 6030.01 5879.81 4520.66 12741.6 2975.8 12417.1 1957.53 1861.48 3718.61 3259.17 8339.05 4028.95
 7275.13 8648.49 16768.7 19102.6 9636.9 8362.91 9357.28 7946.85 4730.24 6365.35 14849 2304.54 12955 2537.73 1811.48 4456.11 4990.63 9852.1 2610.99
 8625.69 15376.9 14070.3 20715.5 9256.08 8641.6 11440.5 9079.23 5028.24 7089.69 15431.4 1817.47 13213.7 2205.44 2198.86 5338.04 3802.27 11982.7 2188.06
 21118.3 12796.2 15535 21800 10001.7 6823.88 11664.2 8438.31 5466.88 7104.42 15013.2 2272.56 15375.3 2023.49 1901.41 6195.23 3920.87 13532 3095.51
 10498.2 16550.2 14869.4 20190.6 12657.3 8125.04 10074.6 6348.2 7200.45 6483.87 16833.2 2385.6 14680.7 2202.44 2020.89 6822.01 4011.23 13402.7 2915.62
 13854.7 13100.3 12503.8 21481.9 10609.5 6836.88 10386 5778.18 5658.81 6919.28 17607.3 2283.46 13497 2313.94 1736.94 6790.03 4501.68 11090.4 1469.29
 6154.66 9548.6 5494.91 23862.4 6234.05 6570.45 12100.9 6070.27 5556.26 5958.23 12120.2 2108.12 11370.5 1936.28 1331.82 5377.19 2846.47 9175.82 2232.38
 3761.63 6956.58 7765.8 19862.1 8383.88 4714.57 10944.3 5030.11 4833.57 4629.31 11518.3 2035.76 11689.8 1987.27 1288.67 3479.76 2422.07 7723.45 2062.76
 2845.56 15021.3 5212.4 21570 7189.5 7347.65 9269.44 6245.4 4943.36 5369.62 10431.1 1464.57 12072.6 1653.65 1469.65 3314.78 2088.73 7934.71 1661.22
 13131.7 13306.3 8429.38 13692.4 7548.88 6719.41 9712.91 7336.15 5024.37 5374.4 11863.4 2151.5 10138.1 2718.21 1385.95 3964.26 2302.7 6452.15 1898.66
 3857.58 12196 8910.39 14974.6 7544.12 5970.25 8999.87 7362.22 6243.04 4914.53 10891.4 3051.97 9544.78 3493.65 1598.12 3928.7 2962.46 9857.99 3232.97
 4621.21 7955.47 8984.51 13882.6 9154.1 6484.55 8446.49 6335.4 5690.03 4629.92 12228.2 2576.59 9491.77 3570.02 1130 3898.84 2233.33 9829.64 2731.57
 2884.69 7509.12 10285.2 15853.9 9875.93 5700.32 8395.36 7984 4732.2 4312.78 13385.3 2456.7 10323.2 3722.97 1468.55 4254.89 2792.19 9540.04 2353.06
 6076.11 5737.1 9950.92 20320 8063.69 7763.99 10609.3 7823 5218.67 3614.67 16062.9 2475.34 11973.8 3100.8 1574.89 4437.11 2595.52 9414.84 3541.79
 7089.09 11567.3 10328.9 16063.2 10617.5 9183.85 10407.9 6673.06 7093.72 3990.21 14730.9 3177.37 12645.8 2176.7 1718.51 5470.83 2226.75 9036.5 1779.33
 16275.2 7109.12 7927.46 17560.5 10133.4 7354.66 10652.8 9035.92 6530.37 5219.72 12826.9 2858.69 12117.3 2436.85 1971.09 4999.2 2499.33 9954.33 2311.76
 12826.5 3904.93 12816.2 15057.5 7757.98 8449.66 10549.3 6497.84 7165.04 3721.31 11600.6 2624.3 11028.4 2372.56 1880.79 5174.59 2060.8 9575.27 2500.88
 9344.21 3927.46 21396.7 17450.6 9191.58 8532.56 10674.5 7385.68 7264.63 4791.38 14357.6 2166.04 11180.8 3624.16 2379.61 4708.7 2885.91 12482.5 4622.36
 12361.5 6601.11 21874.3 15703 10938.6 6018.21 8833.99 6167.26 5690.52 3275.75 13371.8 1879.54 10027.6 3082.65 2315.34 4033.78 2676.08 10764.3 3078.32
 22885.9 7829.06 12159.3 19119.9 8469.07 8040.42 8358.67 7846.51 6262.46 3937.84 12885.5 1862.22 11068.5 3459.26 3524.42 3487.77 3485.08 12446.9 1781.45
 27669.9 7149.17 13877.3 16056.8 9277.38 6572.14 8285.51 5857.29 4235.18 4405.41 12018 1779.3 10495 2788.19 3947.31 4379.1 3228.18 12762.8 1947.03
 15847.3 4395.14 10149.9 13549.5 10953.3 5286.38 8749.66 5619.21 4248.2 5337.28 12980.8 1339.87 9171.22 3208.84 3635.06 4235.53 2774.52 10585.6 2578.02
 7090.98 6937.33 6399.91 14371.4 9882.3 6289.95 8769.51 4872.74 5030.52 4898.81 12373.4 1711.92 8339.36 3466.45 2968.49 3583.25 2119.38 8059.64 1469.71
 6183.78 12889.5 16227.8 11564.9 9969.61 9364.5 9750.52 3926.75 4526.09 4902.69 12701.4 1708.56 11144.7 3129.49 2790.09 4161.97 3024.52 8598.48 2682.26
 6916 11081.3 23935.2 11724 7546.26 13894.5 9390.43 6440.37 4755.59 6086.86 13392.7 2364.72 14350 2736.15 3838.62 4467.87 3993.8 9731.68 1980.81
 8568.99 16580.5 14512.5 13198.1 11520.5 11303.7 7586.37 6397.37 4926.53 5560.12 11227.8 2165.89 13646.8 2923.81 3581.35 3961.28 2909.29 9147.9 2589.05
 9808.24 9477.25 14882.2 11550.3 9680.75 8453.91 8484.71 5844.87 3772.32 4528.33 9156.58 2718.62 10493.6 3282.14 2345.07 3044.43 2676.87 6685.93 2723.84
 6549.75 8139.8 17026.3 11363 8993.48 6542.68 11313.9 6185.37 6009.6 4632.51 12817.9 1332.28 12052.7 2958.78 2500.36 4350.68 2667.6 11048.9 4395.38
 8774.99 8390.74 15368.2 11113.5 9802.74 6744.43 11314.6 5226.61 6345.68 4441.11 13097.6 1876.95 13539.6 2755.81 2165.13 4785.81 2718.75 12091.3 1849.55
 7460.23 8885.75 9878.95 10212.7 10845.3 6117.2 10673.9 6491.35 5255.19 4158.84 12333.7 2278.84 11369.4 3098.73 2612.75 4296.15 1886.38 9264.15 3720.05
 5256.79 13812.4 11752.5 10404.9 14908 6625.56 9760.56 8174.76 6026.45 5687.25 12245.8 2039.76 13745.2 2395.43 2862.55 5951.63 2307.26 11308.3 2972.42
 3904.79 12829.8 8939.54 14185.3 9077.22 7649.3 10453.6 7428.33 4261.48 4680.9 12083.3 2318.82 10960.5 2743.32 2899.95 4462.54 2033.92 9438.1 5124.86
 6616.19 4347.11 5841.62 16243.4 6120.41 9898.2 8122.83 6558.21 5003.05 3618.7 11083.3 2043.66 9263.88 2413.56 2605.64 4152.17 1630.26 8366.01 2391.19
 1244.44 7777.37 8670.24 11565.5 8424.04 10343.5 5935.89 5747.15 5370.96 3913.11 10520.2 2032.88 10375.7 2136.06 2640.83 3513.26 1558.52 9676.43 1529.75
 2827.82 7684.29 13603.2 15319.1 11020.8 9574.71 8662.08 5443.57 5162.47 5779.16 13120.7 2879.51 11421 3343.09 2347.49 4505.1 1714.16 11726.3 1983.59
 2146.71 4468.83 12111 12122.1 11094.8 9869.41 8825.96 4048.29 5881.38 4559.44 12340.8 2094.77 10798.5 2582.98 2399.82 3485.61 1893.18 8754.38 1188.63
 1897.89 5215.24 8866.83 16159.4 12950.8 7701.95 9114.24 5025.55 4683.57 5415.63 11327.9 2368.1 10228.8 2410.51 3035.64 4416.52 2452.96 8196.14 1492.34
 3718.03 8715.17 6755.45 17846.3 15554.4 7427.05 10084 5084.97 4187.57 6184.73 10779.9 3465.41 10526.7 2445.57 2662.67 5183.83 2808.19 7938.67 1764.07
 4641.74 6668.5 6355.19 18671.8 9516.42 7893.03 8846.77 4017.2 5753.78 5117.75 11668.9 770.672 10316.7 3004.02 2044.75 3797.56 2142.06 7997.61 1841.77
 20003 3643.61 8260.6 24544.8 8090.69 11892.2 9368.9 5942.86 6679.24 5399.11 12624.3 1197.18 11424.7 3231.33 2175.61 3947.83 3029.06 10616.9 2782.92
 8466.79 8801.99 18596.3 18043.9 9911.51 8316.09 12601.9 5867.41 5805.73 5199.61 11784.4 1681.08 10567.3 3608.27 2294.01 3297.41 2928.84 12459.7 1560.52
 43464.6 13265.9 14184 23735.4 8714.74 6171.5 11484.5 5843.06 6197.69 5871.84 12777.5 2377.28 10925.9 3259.72 2892.34 3044.1 2862.43 11136.6 1548.86
 31462.7 9305.64 14729.9 18549.4 6825.16 5591.23 13492.5 6189.18 5426.12 5412.32 17016.8 1700.22 10361.9 3393.58 2408.39 3128.65 2125.52 9768.58 1202.94
 19534.1 13769 8328.52 20908.6 9569.71 5561.78 10685.2 5448.68 5011.86 5566.69 16285.8 1200.92 11381.8 3897.95 2320.58 3283.11 2249.19 13165.7 1168.18
 23896.4 7057.48 9798.42 15623.4 9735.67 7084.09 13147.1 5465.81 3847.54 7007.38 13338.9 1216.8 12103.1 3099.91 2243.82 3274.73 2895.57 10812.6 955.619
 10995.8 6691.46 15940.8 16067.2 6856.11 8000.91 15039.5 2982.19 4212.3 7802.69 15713.8 2773.66 11361.1 2619.17 2576.35 3706.74 3700.56 13629.5 1521.46
 13339.9 4556.09 15983.6 16453.3 6354.89 9226.26 11595.7 3641.51 6548.23 6670.19 13473.6 2859.02 11452.7 4047.06 2257.27 3846.03 5404.93 13478.1 1810.96
 11809.6 10504.3 18194.8 13867.7 11304.4 7274.56 11917.3 3892.66 6908.25 6037.13 12379.6 2677.54 9843 3031.73 2875.16 5327.56 3613.62 9053.13 3666.06
 6598.43 7583.11 13477.9 20168.4 8945.11 9896.98 13126.2 2877.88 7848.23 5303.24 14758.6 2317.6 9792.12 4735.93 2629.34 4503.26 4031.4 9341.2 3742.3
 2520.38 11357.5 12757.1 17612.1 10704.4 8922.44 13076.7 4424.04 4985.4 4832.27 16825.2 2347.29 10159.5 2886.7 2307.93 4849.35 3761.24 9353.75 1899.68
 9020.67 13966.9 19154.5 17778.2 8838.42 9853.84 13327.5 4836.73 3715.86 6417.29 13652.4 3821.82 11011.1 2669.67 2470.55 5098.38 3454.02 9535.92 1771.84
 9374.02 9892.51 14369.1 24289.2 11672.5 9012.65 11899.5 4242.45 4946.4 4941.97 14994.3 2508.54 12309 3189.71 2447.12 4897.84 5415.23 10463.8 2855.22
 10732.1 4516.37 12607.6 19302.1 8144.48 10196.4 9859.75 5277.99 4144.82 5067.85 12082.5 2190.08 10650.9 3105.71 2371 4064.11 3874.12 10271 1169.06
 6661.62 4240.42 15426.5 19874.2 5524.02 7069.35 12115.5 5284.56 5535.1 4473.53 11911.4 2638.33 10789.9 3090.03 2439.87 4447.88 3262.53 10231.6 2508.79
 6963.36 4918.95 14908 13453.6 9209.57 8611.58 9755.12 4810.23 5051.23 3476.68 12019.9 1867.17 10348.2 3986.5 2613.28 4287.46 3087 9276.7 1618.38
 11479.2 7445.1 23917.9 17342.5 8027.75 9185.92 8484.35 6530.56 7853.23 4229.82 15114.8 2576.84 11055.5 3470.19 2610.62 4694.42 3084.34 13298.4 2548.28
 5022.22 10326.1 16858 25250.6 11341.4 7851.75 9328.32 8712.06 7462.18 5678.89 15938.5 3374.51 11425 4512.59 3783.27 5245 2702.52 14097.7 1817.28
 9356.51 10712.5 15729.6 25988.9 8197.2 10035.8 10492.7 6047.19 6287.56 7671.71 14646.1 2385.4 9737.37 5221.01 3358.43 6256.09 2451.62 12885.4 1549.04
 22531.2 7662.17 14827.2 23262.4 6676.16 9225.72 10417.4 7506.66 5359.32 5128.36 18520.5 1511.23 12143.2 3090.79 2998.96 5955.91 2249.38 14625.1 1898.77
 7625.29 13105.7 16364.2 19178.4 6306.37 10397.2 9741.11 8222.81 3336.52 4284.69 18079.7 1366.91 11086 3342.31 2980.6 5553.91 2847.55 10659.3 2518.35
 16648.2 12893.4 13776.6 21299.5 7984.91 11217 9518.44 8870.01 3918.78 4288.51 17458.3 1012.6 11695.1 2389.73 2933.54 6002.63 2397.44 12908.5 2327.89
 12930.5 7229.46 8845.33 19041.6 8330.17 9092.51 11277.5 6883.69 5117.55 3733.25 15989 1194.28 12528.1 2030.07 2791.51 5153.77 2732.13 13437.8 1888.77
 10096.7 10981.9 11010.2 21620.8 7730.86 9544.22 12038.2 7781.48 3770.23 2443.3 15197.2 1562.4 13199.9 1626.7 2782.21 5606 2883.67 12189.5 1816.56
 5746.53 12236.6 16631.4 27625.6 7632.85 8053.86 13006.1 6735.2 4202.75 4297.32 15087.7 1306.89 14031.5 1497.52 3284.43 4552.89 3245.45 11645.7 1250.77
 10332.5 9033.91 16124.2 23259.8 8473.43 5412.74 15108.7 4867.37 4832.79 4231.58 14653.7 1203.94 12939.7 1328.39 3192.21 4002.62 3223.36 9824.84 2227.67
 12578.5 9065.18 7155.71 27267.2 10000.9 8446.02 10804.8 4482.75 4247.6 4784.54 14303.2 1487.68 13137.3 1709.68 2505.94 4876.36 3654.3 9035.28 1461.67
 13343.8 10029.1 8389.08 23694.2 10371 7363.87 12056.2 4158.64 3689.57 4178.54 15093.2 1844.89 13281.4 2143.34 2074.83 5228.57 3343.22 10874.4 1810.24
 9882 9139.19 7467.95 26566.7 7314.6 8997.69 11968.7 4611.18 4117.04 4241.61 13332.8 2366.97 14188.9 2340.12 2480.88 5094.48 4056.45 8569.51 2200.48
 7275.87 9659.81 4886.75 26767.5 4406 9957.34 12787.3 3964.08 4137.36 4470.47 12617.5 1515.33 13573 2658.69 2343.92 4860.61 3523.27 7511.14 971.203
 10740.9 17233.6 4735.06 26941.4 6035.24 9200.47 10343.3 6171.64 4271.88 4151.06 12102.9 2214.47 11881.4 3142.74 3505.66 4187.93 2263.65 8914.01 1606.87
 9724.16 7928.69 7948.98 23002.1 7814.02 8091.19 11253.2 5502.84 4521.2 3736 11313.3 4223.62 11125 5023.95 2875.35 3634.18 3061.18 9792.39 2483.77
 5344.09 8060.8 11581.1 18331.4 7250.99 11639.6 13737.3 5495.93 7869.22 4800.34 12076.5 3414.68 15319.3 4638.1 2890.77 5145.6 3566.45 11514.2 1865.06
 5627.37 13325.9 8787.64 16594.7 5373.08 9574.98 10064.1 4204.24 5849.49 3169.11 9739.86 1434.08 11833.8 3691.73 2319.68 4243.84 2548.37 9656.46 2038.83
 6003.51 13835.8 9206.46 24280.8 5176.43 10846.7 12842.4 3794.09 9618.32 3501.33 12358.7 2435.38 13335.7 4682.35 2353.65 5412.9 3995.96 10691.2 1079.64
 14851.8 17311 7506.96 26168.2 7741.65 10409.9 16451.9 3865.7 8778.85 3917.86 16212 2598.13 12125.2 5460.49 2980.92 5256.22 4497.25 9522.56 1166.76
 10097.2 11176.3 13687.6 23000 7839.95 9440.99 14882.1 4558.96 6875.08 4138.02 17453.7 2232.03 12736.4 5122.7 3081.45 5942.32 3919.63 11269.8 1650.56
 4304.75 11168.5 13926.4 17910.7 7675.04 6981.41 14180.2 3362.88 6697.71 3660.71 18428.6 1562.75 10944.9 4872.92 2795.29 4643.42 3628.49 9988.07 2120
 6387.74 11180.3 15669.8 19200.6 9191.92 8702.06 14644.2 3276.12 9407.9 5396.74 20400.7 2310.8 11776.8 6156.1 2238.6 5215.35 5078.77 11099.5 3477.52
 7043.83 6973.18 16593.4 23608.6 9057.59 10066 12693.8 4324.48 9173.18 7398.87 15609.1 1506.76 11497.9 5055.99 2139.65 5769.45 6219.49 8628.96 3808.09
 8225.29 9119.22 11924.9 19793.1 10143.8 7785.56 12923 5264.25 6586.81 6421.17 15704.4 1682.13 11138.6 4958.94 2139.59 5408.08 3604.48 8410.09 2782.07
 6468.22 6660.72 10142.3 18175.8 9226.5 7221.14 15851.5 5443.24 6456.55 5450.62 14400.9 1627.87 13200 4051.1 2230.03 4478.18 3822.33 9082.52 2287.79
 6826.37 5191.55 12848.9 17769.2 8001.04 9430.18 12390.3 7280.87 5734.38 4924.3 14443 1649.74 13780.3 2786.33 2645.59 6190.74 4887.58 8093.1 2165.57
 5311.63 8226.32 14235.3 17404.3 7402.54 6854.5 10976.9 5699.63 6515.03 4306.12 12662.7 1097.02 12685.5 3885.37 2312.93 5095.18 3616.65 7892.96 3756.8
 4415.04 5887.27 14691 17767.4 8089.48 11421.2 9423.37 5667.66 6478.53 4703.14 13730.6 1319.43 13089.4 3443.33 2610.48 6228.33 4303.91 9392.57 3187.04
 6122.11 9964.22 15853.2 18822.4 6811.21 8491.79 10704.8 7046.79 4884.94 4421.45 10248.6 1407.02 12322.1 3608.2 1843.89 5080.26 3785.54 7714.49 2444.88
 2527.59 7514.92 13246.5 21242.9 6874.12 4810.9 11927.3 7115.88 4379.4 3937.97 11329.5 1283.7 11350.9 3571.46 1687.36 3963.9 3442.34 7589.63 3423.6
 3268.2 7101.71 13037.9 18672.5 8940.39 4145.61 12623.4 8639.9 4615.62 4021.34 12191.6 1681.57 12748.2 3811.37 1470.38 4542.99 3526.17 9065.77 2628.09
 6104.69 11113.9 11782 23430.7 8971.92 4187.69 13159.6 6630.02 4213.99 6759.22 14354.6 1501.98 12093.9 2641.68 2228.73 4286.31 2789.92 7618.17 2055.29
 8562.07 8110.1 8140.58 25246.8 10177.5 6484.14 9695.47 9814.09 4774.98 5534.13 13952.2 1244.12 13260.4 3510.36 2163.18 4157.58 2795.95 7996.15 1275
 16635.7 11223.9 7203.41 22240 11611.6 9486.82 8936.6 10624.7 5264.35 6746.79 11820.2 1563.23 13704 2544.28 2022.99 3962.84 4291.34 10719.7 1619.12
 5532.84 4498.15 12407.9 18837.3 12263.7 9224.92 10948.7 7322.19 5825.75 5812.49 15521.8 1952.04 12838 2827.21 2960.25 4075.69 4508.89 9163.62 2334.77
 4641.7 3363.77 13485.5 20096.9 7489.82 9746.58 9042.12 6622.77 5450.66 6049.82 12910.3 2018.87 13090.4 2000.35 2950.59 3740.47 3063.57 7288.42 1351.78
 9030.15 5240.67 10673.5 21924.4 7732.39 10333.3 10615 6746.42 5836.39 6730.6 12499.2 2520.59 11581.2 2774.71 2692.8 4688.24 3570.45 9086.7 1421.12
 10146.6 5481.52 20736.6 19105 10680.9 8897.38 10604.4 7243.77 5473.96 6039.79 12297 2208.05 10998.6 3050.73 2574.88 5270.44 3909.52 9947.45 1273.19
 17173.6 10478.2 18284.9 21366.6 8631.45 9771.1 8955.41 6578.93 6263.01 4685.75 11911.3 1224.53 13932.9 2580.64 2490.07 6921.1 3827.27 10391.8 1650.9
 15799.9 18288.9 16521.5 20537.6 7654.93 10091.9 9922.49 5950.55 6449.82 5546.24 12839.2 2031.34 14683 2440.13 1728.33 7508.5 3231.78 13120.7 1993.72
 15935.8 13197.7 11680.3 22631.2 10567.8 7288.57 10407.5 5927.47 7781.93 5128.85 12388.4 2383.53 13383.9 2983.97 2274.9 5182.46 2697.65 11562.1 2148.36
 16800 5008.72 23758.2 20075.6 7061.12 8164.57 6545.42 6898.43 5719.72 3888.28 12620.1 1489.83 11487 2412.98 2437.91 5188.76 2493.93 7785.82 1348.03
 15058.1 4238.88 20044.1 29631.2 8759.77 9146.9 7753.95 7768.8 5328.66 7404.79 14638.6 2368.42 13194.5 3251.5 2322.13 4620.69 4390.74 11220.4 1664.13
 9143.25 6179.5 16406.8 24316.1 6948.79 9600.14 7167.51 8219.96 3935.82 6582.15 12655 1596.11 11623.6 4263.51 2205.21 3896.23 3589.34 10021.2 1447.34
 10772 5206.04 12098.2 21644.3 6559.83 7377.06 7080.07 6939.07 4119.41 4679.12 12049.9 862.952 10847.7 3951.97 2029.83 3811.93 2828.95 7782.51 1219.16
 8427.16 3907.9 18292.3 23734.9 5477.87 10842.1 7037.27 9576.44 4396.17 3809.43 14886.9 1221.33 11766.8 3184.94 2376.37 4018.21 3990.76 9307.03 1027.07
 7904.41 6963.09 12206.1 22168.6 4573.52 12236.2 8215.27 6255.22 4246.64 3264.55 12750.7 1594.82 9609.41 3500.12 1726.7 4240.85 3272.35 6709.13 1676.54
 9727.01 7201.71 15313.4 20719.7 6837.02 9010.02 11312.1 6096.99 4171.16 2881.39 14631.5 1575.56 10113.1 3254.52 1929.91 5084.49 4356.04 6745.67 1125.36
 12056.9 4351.74 19045.5 17232.9 9367.26 9985.34 9431.8 8912.16 4470.99 2289.18 16683.6 1837.28 10412.1 4182.03 2310.01 4974.65 5219.29 5703.72 2490.78
 27283.1 4471.55 15862.1 24495.6 6985.75 9950.09 11146.8 8116.12 5492.7 3480.42 15361.5 2688.12 11629.3 3715.63 2524.57 5621.32 4452.46 6670.3 3170.1
 8230.53 2632.61 16655.6 24626.6 7306.96 10018 10572.6 8294.84 5371.7 4804.68 12788.8 3275.88 10907.1 4246.59 2433.73 5677.14 4773.51 8217.83 2100.71
 7313.87 1811 13344.5 24324.2 9896.31 9455.29 8937.69 7132.77 5518.77 3331.26 13356.9 1918.04 10947.8 2212.57 2786.51 4765.44 3530.31 8657.27 3357.39
 24084.8 2932.12 15122.1 18257.7 7630.91 8352.61 7564.64 6794.07 5706.39 2963.18 14513.6 2324.77 10048.7 2390.68 2516.41 5030.32 3789.76 12722 1552.35
 14772.3 5408.7 10512 20844.1 14117.5 6721.76 9778.89 6964.01 6229.09 4428.16 15951.4 2245.91 12115.6 2916.29 3056.73 4759.52 3258.49 10858.1 1187.48
 6813.77 10092.9 12820.3 21004.8 10188.7 6791.14 10078.3 7014.97 4862.17 3867.53 15269.7 2701.37 10942 2713.55 2293.72 3794.36 2987.5 9421.88 1609.14
 7136.67 8216.47 15287.1 19057.8 10546.7 6385.56 11946 9060.08 3891.1 5666.62 17213.5 1741.77 13396.1 1876.35 2629.97 4713.48 2831.75 8790.72 2467.19
 14745.9 8097.06 17091.1 14913.8 8003.61 8572.72 11444.8 8082.55 4123.42 4957.32 14722.3 3119.79 11927 2027.3 2471.55 4286.06 2675.6 8644.93 3249.69
 25877.5 5920.95 10863.3 25803.8 8183.93 8775.59 8622.28 6069.83 4686.7 5930.19 14964.8 1932.71 10909.7 3640.76 1822.14 4085.9 2425.86 9727.57 2062.28
 8239.74 14032.1 13609.1 18680.8 5778.43 8111.17 7733.12 7015.59 4395.54 6983.34 14057.3 2414.67 10584.7 3694.03 1757.87 3793.16 1983.87 7986.95 981.259
 6004.31 17257.2 9710.35 20862.7 8462.12 8443.13 6980.49 8390.68 4391.5 7557.05 15547.3 2116.27 11597.5 4526.48 1745.01 4057.57 2901.1 8722.18 1069.76
 7294.53 4495.56 7588.95 15178.6 10519.9 9145.04 7797.38 7379.58 3230.29 6809.75 13482.8 1850.07 10276.6 3792.39 1699.24 4280.72 2250.99 7889.34 2330.36
 3312.04 3717.05 6768.32 15009.2 9585.51 7867.02 8094.84 6477.13 4357.58 5128.13 12006.2 1445.5 10657.1 3176.6 1289.97 4073.13 1461.52 7032.76 1063.2
 2515.82 4141.24 7071.74 17743.7 8918.21 6938.15 9292.91 7531.9 4516.76 6100.62 13823.7 1094.16 10799.1 1931.44 2131.16 3454.74 1489.13 9009.31 1075.63
 5942.13 3435.78 7547.99 21344.6 5504.52 9554.55 10692.4 5882.05 6004.41 6108.26 16249.6 1359.79 10284 2293.21 1902.52 3574.74 1465.11 11331.9 2419.89
 6447.87 3703.22 9371.25 18373.5 5842.81 8193.61 8565.76 6772.43 5773.29 4146.69 15219.6 1307.75 11066.4 2384.82 1377.72 3644.47 1979.59 10348.6 2558.34
 14907.6 5804.66 13664 24557.8 4360.66 9482.18 7254.21 6794.7 6090.09 6254.46 15259.9 1447.81 13538.8 1869.83 2445.57 5608.73 3425.34 10440.3 3725.09
 8693.91 3553.1 13386 24891.8 4278.9 9749.9 9094.55 5858.03 7180.71 5880.2 14986.8 1268.58 13097.1 1788.15 2741.98 4776.29 2604.81 12940.8 3726.69
 7926.17 4342.98 15288 20561.6 3224.15 9824.31 7920.7 4842.76 5891.77 5182.34 15253.8 1077.2 11206.4 1658.86 2530.93 5020.65 2664.02 9999.7 5363.48
 5492.06 3944.34 14340.2 16876.8 3070.32 8851.98 10623.4 4889.02 4863.46 5549.9 15173.8 1046.51 11669.4 2953.38 2132.86 4522.42 2490.18 10979.6 3823.24
 3231.15 3037.82 17331 18521.2 5320.34 11264.8 9988.45 6529.96 4808.06 7298.06 16866.6 1804.77 15334.2 3289.56 2136.6 6118.11 4108.13 10300.3 3978.66
 4053.53 7887.5 11999.5 26090.3 4604.26 9081.42 8907.25 5755.77 5090.53 6251.92 16240.6 2154.25 13514.8 3444.19 1693.43 5519.1 2286.65 11378.4 1459.78
 8493.93 3445.65 8055.61 28543.5 5640.89 9735.93 9336.26 4292.26 4974.46 5159.52 13380.7 2541.95 12201.2 3928.64 1573.11 4524.31 2681.19 10772.6 1486.49
 6694.12 9516.81 19350.7 16193.9 8413.93 9739.42 7911.62 5218.47 4977.78 5292.33 15025.8 2328.79 14368.8 3881.18 1840.73 4327.76 2803.54 11652.9 2250.55
 3450.1 15066.9 17449.9 14641.1 6951.8 7314.79 10233.5 6193.18 2309.62 5601.32 13917.8 1609.82 11053.3 3600.22 1740.58 4826.51 3188.67 11732.7 1706.63
 5146.3 7782 17546.7 13934.8 6224.93 7274.14 11279.8 5281.63 2526.33 5926.31 11754.4 1442.32 12062.1 2728.89 1976.39 3241.33 2452.14 9967.15 1601.33
 5216.66 6361.07 9648.57 18029.9 4290.36 6991.18 8165.98 6909.88 3578.53 4975.06 11083.4 1549.34 10212.9 2984.34 2472.28 3508.65 3035.1 9358.85 1338.24
 2121.27 6613.25 13416.3 16033.7 5684.14 8280.82 9130.79 7112.33 3692.8 4269.94 11319.3 1701.49 9973.49 2517.16 2533.71 3872.79 3828.72 7169.25 1217.03
 2884.84 9436.46 9964.86 18470.1 6072.56 9642.69 9805.67 7036.09 5111.48 4811.71 12966.8 1616.98 10563.6 3660.01 2665.13 4648.37 4188.07 8659.14 2163.84
 5083.13 8812.33 7780.2 19628.1 4671.26 6374.04 12754.2 3963.83 4273.71 4391.55 11875.2 1176.06 8601.89 2839.13 2631.05 4051.44 2683.43 8863.85 1582.3
 10000.3 10516.4 11403.6 21883.7 5767.15 7580.66 13808.1 6711.25 4629.17 6497.6 13155.2 1435.75 9696.98 3182.31 3252.24 5497.83 3773.53 8832.48 1319.39
 7060.63 8000.85 15479.7 18528.6 6265.26 7964.57 14866 7319.79 4403.09 5758.38 15301.3 2828.22 9534.69 4011.49 2418.29 3823.51 3787.94 8701.1 1347.69
 27067.8 7051.68 17365.5 18280.3 6298.14 10074.1 9676.69 8283.08 6056 5938.9 13201.4 2555.92 8784.21 2990.28 3078.66 4136.33 3039.57 9562.61 2224.75
 7475.65 12755.1 9280.28 17457.3 5428.27 9661.26 9231 5483.68 5948.42 5248.75 10663.9 1852.76 9842.48 2567.18 2756.98 3622.72 3116.4 8094.72 2204.91
 6384.98 8069.7 10817.5 16279.2 4260.54 11421.1 10799.8 6930.41 6788.09 7968.89 9820.73 1752.84 12930.3 2592.76 2272.96 4749.31 1956.44 9329.58 2596.76
 8453.63 12939.1 12973.5 17052.4 6282.1 6617.64 13099.4 6307.66 6631.89 7867.88 9689.59 2117.75 12863.1 2157.29 2603.11 4084.72 1791.56 11657.5 1634.7
 16547.8 10987.9 11689.3 14950.9 5673.1 7559.38 9691.48 6620.97 4117.76 5393.99 10149.9 1293.61 10386.2 2149.54 3280.14 3229.77 2766.24 8694.46 1408.46
 7051.31 5573.86 12246.1 15565.8 6678.57 6741.87 12281.2 7200.63 4914.19 5819.13 11731 1748.86 9832.91 2818.26 2478.61 4715.71 3210.76 9942.25 993.302
 10901.4 9667.17 11910.5 17494.7 9627.25 5495.04 13670 6402.57 4881.06 6415.01 11409.4 2447.91 10937.9 1916.16 2692.34 5033.63 2422.29 11596 898.883
 11158.5 12774.4 7945.79 21719.2 7567.06 6478.46 11421.7 7669.03 5124.91 5771.26 11149.1 1659.49 10899.2 2174.6 2777.38 4468.59 2975.22 9250.18 1580.05
 11450.4 9929.54 15537.2 15152.9 7051.82 6696.74 8886.38 8976.78 5480.04 4856.19 12964.8 1411.69 11922.4 3112.43 2344.31 4940.18 2712.35 11871.3 2126.46
 14629.2 10748.7 11396.9 15599.7 8689.57 6305.49 9510.29 9534.98 5928.43 5114.01 12027.3 1698.94 11002.9 3734.27 2236.36 5430.4 2058.47 9743.39 1462.71
 10716.6 11870.2 12261.1 12181.9 11477 6445.17 8437.42 7378.44 6280.16 3774.8 9924.15 1892.48 10798.4 2757.01 2173.56 5578.42 2504.75 8699.39 1262.46
 8111.08 5785.37 14199.7 12005 11586.7 6924.06 9446.9 8574.7 6440 4235.65 9295.76 1652.51 10454.5 4145.28 2312.58 4842.58 2493.69 8882.81 1459.67
 10331.9 4399.1 14354.5 14224.2 6749.42 6001.79 12194.1 5750.47 5230.45 4274.7 9968.96 1367.63 10823.5 3840.25 2120.88 4507.29 3210.39 8016.08 2330.61
 13065.9 3025.34 11596.4 15287.7 12490.5 5160.66 14522.9 4634.15 5973.4 7023.07 11129.4 2141.51 11112.6 3239.68 2482.88 5277.81 2171.73 7429.04 4834.17
 4862.62 7308.72 9528.4 16922.6 10537.6 6355.22 13039.4 5069.91 6255.81 7181.75 11757.4 2529.9 11355.7 2588.14 2462.79 5721.42 2635.1 8566.36 2923.95
 7514.26 11557 9242.47 14149.9 8469.22 6938.37 11947.1 4408.54 5392.24 5311.13 10624 1778.65 9782.93 2571.84 2230.46 4665.94 2877.77 8952.64 2572.72
 5091.44 7207.51 11353.1 19626.1 6711.29 7220.39 10473.9 4670.2 4439.67 7094.89 8188.54 3117.74 10593.5 2718.22 2645.16 3660.57 2828.03 10627.8 2645.45
 7733.27 13637.3 13541.8 21621.3 4843.88 10148.9 12779.9 3868.73 6272.59 5940.18 10490.5 2955.06 9406.75 3573.63 2675.51 3226.11 3459.53 10835.9 3620.21
 4650.01 7244.36 12541 21397.6 4249.6 8656.41 10070 6115.02 4950.02 4440.29 12123.5 1882.91 10199.6 2107.14 2648.85 3562.28 3453.09 10839.2 3571.7
 4695.83 13168.5 8326.71 26170.5 4843.93 7638.93 10427.4 5854.15 4826.82 4792.07 12780.3 1920.43 11025.1 1623.15 2652.82 3116.67 3382.37 9184.68 5635.49
 4546.54 10117.7 7592.68 22741.8 4164.96 6787.23 11691.1 5014.73 2784.01 5901.89 10573.9 1938.86 9394.98 1581.65 2572.01 3231.83 2718.7 6384.56 4413.96
 6445.02 9468.11 7288.34 24340 5492.97 7580.01 12882.6 5896.62 3218.83 7222.55 12149.2 2002.55 10482.3 1701.46 3132.14 3176.19 3887.67 7924.25 7059.79
 8575.87 8109.13 5326.42 22529.5 5604.25 6907.02 11540.2 4721.19 4836.55 5123.71 13420.1 1855.44 7904.2 2506.34 2619.33 3059.17 2172.13 8743.89 1718.7
 7572.66 7834.29 5939.66 23163.4 5133.27 6212.41 13556.5 3716.69 5610.67 5620.27 13312.5 1543.37 9232.23 3180.73 2141.59 3289.8 2304.72 7870.32 1778.67
 5506.79 14290.7 6187.35 17872.5 7885.12 6630.43 11152.6 6423.95 3888.87 6553.09 15759.2 1547.06 9930.06 4271.73 2176.69 4009.49 3371.93 8919.18 2722.55
 14271.8 10340.3 6668.42 24862.3 6514.82 6778.89 10499.6 5523.45 3481.3 6651.4 16005.4 1629.67 10518.7 4757.26 2358.33 5223.12 3007.89 7965.72 1883.51
 14406 6236.46 5603.14 20652.1 8419.26 4465.45 10440.8 5964.11 3817.63 7082.85 13543.6 2790.72 9252.96 2711.04 2429.16 3728.98 2812.31 6277.09 2155.07
 12282.4 7856.51 3398.58 22301.1 8740.53 3988.22 11144.2 5864.52 4895.31 6362.46 12303.3 2286.87 10391.8 2866.75 2785.05 4209.19 3007.99 8651.96 2940.49
 16772.7 8017.9 3070.81 17668 7598.13 4716.07 11299.2 6814.84 4530.75 5712.78 11991 2258.92 9150.92 3110.36 2563.71 4742.05 3357.35 5556.97 2195.22
 11853.5 7582.17 3600.03 20305.6 6466.71 6310.22 11343.9 6408.06 5768.46 5664.53 13246.9 3159.25 10446.2 2793.79 2513.56 5857.94 2717.62 6353.35 3295.18
 13286.4 11414.9 4370.57 21910.8 8932.1 5006.75 12034.5 8136.8 5985.76 4510.29 14672.9 2670.6 11928.8 2777.34 2664.65 4718.11 4112.65 9096.41 2228.49
 10917.1 12442.8 5504.73 23856.7 8932.52 7396.24 11201.5 7661.71 4642.47 5061.12 13492.3 3225.36 12895.2 2327.64 2781.84 4420.52 3876.73 10047.3 2631.08
 9476.11 7214.97 9012.6 20406.6 7683.28 7909.75 11287.2 7004.99 3893.56 4133.29 13242.3 2367.09 11954.4 2868.9 2518.74 4196.47 2202.36 9928.19 1529.56
 21805.9 5642.01 9284.57 21283.6 5534.13 9287.53 8671.23 8779.77 3329.58 4456.32 12388.7 2143.62 11697.7 3570.94 2123.99 4568.67 2696.56 9577.62 1813.5
 7791.5 4244.39 12399.2 21044.2 4967.3 7536.67 9960.64 6637.54 3052.29 5134.13 12419.5 2518.97 9921.2 2939.59 2073.85 3356.64 2577.4 8846.39 1338.41
 44604.2 6674.29 11237.3 19879.5 6032.15 5779.74 9590.7 8194.98 4575.31 4569.49 12764.2 2353.58 8596.1 3438.73 1828.19 3990.63 2724.58 8128.51 1767.33
 15576.4 8254.59 9977.67 21211.6 4546.99 6144.13 9260.21 8606.09 4162.47 5037.71 12815.7 2342.16 9313.72 3429.31 2034 4037.13 3148.69 11023.6 2331.64
 6937.83 4910.11 9866.97 19468.4 3252.5 6911.92 7373.14 9511.61 3301.88 5414.85 10537.3 2210.21 10847.6 3083.63 1502.55 3486 2943.82 9577.06 1805.19
