 0.395301 0.147237 0.0611767 0.0321577 0.00557945 1.98425e-11 1.63487e-13 1.40187e-21 3.56958e-24 4.73159e-32 7.09336e-35 2.24988e-42 2.13455e-45 6.68122e-53 6.63628e-56 3.3235e-63 2.85719e-66 1.23816e-73 8.48937e-77 4.43045e-84
 0.40412 0.204504 0.187835 0.136066 0.0938221 0.0866047 0.0654413 0.0656426 0.0829802 0.107836 0.154642 0.224388 0.23677 0.25843 0.322809 0.279082 0.208718 0.176634 0.143164 0.138463
 0.403744 0.226073 0.15091 0.135112 0.150318 0.187727 0.307109 0.353043 0.388062 0.449546 0.554473 0.676717 0.731929 0.819224 0.878089 0.790141 0.854929 0.829366 0.725771 0.556042
 0.397884 0.156995 0.0430149 0.0227058 0.00380349 2.24682e-11 2.11781e-13 2.71205e-21 1.18601e-23 2.89808e-31 1.06325e-33 3.09234e-41 5.42211e-44 2.41903e-51 2.74943e-54 1.34532e-61 1.5227e-64 7.29222e-72 1.01892e-74 5.74572e-82
 0.379625 0.13414 0.0670658 0.0314468 0.0152279 8.84753e-07 2.31342e-12 5.52058e-17 1.76303e-22 4.40709e-27 1.43369e-32 3.77467e-37 8.37869e-43 3.44693e-47 1.24638e-52 3.79451e-57 9.29711e-63 2.74285e-67 5.90607e-73 8.20157e-78
 0.441662 0.245588 0.176649 0.170583 0.185112 0.177772 0.18458 0.208887 0.271647 0.361007 0.469757 0.609945 0.799523 1.22003 1.72631 1.78524 1.62809 1.24365 0.877595 0.591753
 0.470801 0.154962 0.0808004 0.0740478 0.0527968 0.0424945 0.031906 0.0300733 0.0228193 0.00108341 1.00964e-11 6.69289e-14 1.74026e-21 5.63226e-24 2.45584e-31 4.69027e-34 2.07209e-41 2.65935e-44 1.62792e-51 1.93572e-54
 0.530367 0.326963 0.142166 0.0833306 0.0367868 0.0145038 1.93469e-06 2.05202e-12 1.2923e-16 1.18253e-22 9.3553e-27 7.42902e-33 6.82894e-37 5.89615e-43 5.59382e-47 7.12358e-53 7.64215e-57 4.76254e-63 4.81467e-67 3.09752e-73
 0.55455 0.38493 0.240591 0.123618 0.0959927 0.0974838 0.0926236 0.0836287 0.0826041 0.0693509 0.04473 0.0359183 0.0139848 3.24193e-10 3.85376e-13 1.03327e-20 1.31086e-23 2.94407e-31 3.29215e-34 1.08493e-41
 0.533925 0.36984 0.217761 0.158066 0.180537 0.246144 0.305266 0.29163 0.358247 0.477548 0.480905 0.404981 0.368924 0.403556 0.44539 0.566541 0.67288 0.943276 1.03976 0.889771
 0.539312 0.356204 0.263778 0.266309 0.273469 0.338213 0.396647 0.414886 0.376844 0.361647 0.328156 0.262558 0.245196 0.252916 0.23543 0.201899 0.172616 0.145921 0.154504 0.170992
 0.446061 0.19841 0.105508 0.0769478 0.0597429 0.0616041 0.0890632 0.114473 0.178155 0.214907 0.223154 0.220669 0.189643 0.166544 0.194318 0.228171 0.225709 0.222112 0.192397 0.179587
 0.530771 0.199229 0.0840846 0.100428 0.130267 0.176015 0.168657 0.158766 0.144352 0.101821 0.0634057 0.0643201 0.0754427 0.0840571 0.121492 0.16223 0.194623 0.174316 0.140545 0.173386
 0.436586 0.174582 0.0668969 0.0446997 0.0457038 0.0501931 0.0622878 0.111903 0.181677 0.186019 0.146602 0.198393 0.210078 0.202981 0.200618 0.231017 0.206746 0.147206 0.117999 0.122916
 0.38068 0.0780631 0.0108414 1.04628e-12 2.01898e-15 1.12201e-24 3.79831e-28 3.54243e-37 6.74422e-41 9.50361e-50 7.3991e-54 2.44759e-62 2.13149e-66 8.53839e-75 8.10903e-79 3.54899e-87 2.42018e-91 8.48674e-100 5.77631e-104 2.34383e-112
 0.437122 0.229452 0.21421 0.285754 0.322968 0.298362 0.293858 0.34561 0.451982 0.514641 0.557921 0.710911 1.14938 1.32022 1.42177 1.5871 1.60506 1.65282 1.68061 1.50588
 0.457601 0.156925 0.0306441 0.0020379 4.74138e-14 2.10534e-16 2.32325e-25 2.96683e-29 7.77306e-38 8.38381e-42 3.87098e-50 2.76181e-54 1.60077e-62 1.18251e-66 8.23125e-75 5.39711e-79 3.93364e-87 1.95635e-91 1.25136e-99 4.77293e-104
 0.409004 0.157107 0.0745151 0.0612506 0.0510917 0.0321723 0.0257794 0.0184663 0.000445489 8.6717e-15 1.28287e-17 5.99767e-27 6.79009e-31 6.31624e-40 1.91941e-44 2.25316e-53 3.77282e-58 6.37412e-67 1.17853e-71 3.50592e-80
 0.365079 0.174159 0.127399 0.113401 0.114396 0.158766 0.203837 0.215127 0.269636 0.301801 0.373638 0.526436 0.80443 1.11106 1.22578 1.16895 1.05128 1.04103 1.06519 0.949363
 0.373372 0.246841 0.153684 0.0981229 0.097653 0.105029 0.0892771 0.0852625 0.0988526 0.101814 0.121603 0.183011 0.233867 0.22168 0.250981 0.292418 0.325067 0.345284 0.528194 0.904457
 0.440479 0.273776 0.264865 0.340989 0.418009 0.500046 0.624083 0.749577 0.738222 0.772265 0.908859 1.04578 1.30163 1.65165 2.17343 2.69138 2.88286 2.50731 1.93421 1.62582
 0.372057 0.164825 0.0890218 0.0412851 0.0177109 1.4512e-09 8.96736e-13 9.82116e-20 6.314e-23 1.07634e-29 4.20078e-33 1.04586e-39 3.56099e-43 8.94572e-50 2.48775e-53 4.06894e-60 1.36216e-63 1.6116e-70 9.31228e-74 1.57861e-80
 0.335174 0.11349 6.62103e-08 2.46094e-12 1.70621e-18 7.40716e-23 5.96021e-29 2.35436e-33 1.52979e-39 7.95075e-44 7.89043e-50 3.32623e-54 2.95157e-60 2.28102e-64 1.47801e-70 9.06684e-75 8.17349e-81 1.03577e-84 6.69912e-91 6.84054e-95
 0.355884 0.182144 0.133058 0.130176 0.149066 0.206477 0.278665 0.299807 0.310292 0.275681 0.227108 0.217196 0.228091 0.200199 0.190843 0.198352 0.224934 0.295893 0.416295 0.485981
 0.49778 0.556204 0.683238 0.737421 0.654975 0.536628 0.401313 0.372501 0.38202 0.436731 0.541188 0.721868 0.939695 1.00495 1.13207 1.25298 1.20713 1.18178 1.24831 1.28726
 0.418257 0.309688 0.250263 0.245404 0.252765 0.316764 0.446098 0.49724 0.474542 0.448492 0.464949 0.351805 0.226872 0.217121 0.408377 0.733287 1.01179 1.27366 1.44333 1.50198
 0.461398 0.446168 0.418504 0.434902 0.565871 0.65842 0.879871 1.14242 1.12664 1.12369 1.13386 0.932851 0.700894 0.498649 0.347728 0.281701 0.257717 0.287415 0.465556 0.781586
 0.433338 0.212713 0.115476 0.0420775 0.0169176 1.25623e-05 1.89763e-11 2.30242e-15 3.47121e-21 5.00243e-25 6.55994e-31 7.53577e-35 1.45692e-40 1.62558e-44 2.92583e-50 4.85683e-54 1.05207e-59 1.87206e-63 3.61836e-69 7.34295e-73
 0.532164 0.28 0.16318 0.0902773 0.0924415 0.115678 0.132615 0.15523 0.151974 0.174199 0.187159 0.18927 0.190895 0.242469 0.266364 0.212451 0.188676 0.168423 0.152811 0.152
 0.573936 0.421466 0.314297 0.300812 0.393994 0.417364 0.446321 0.439891 0.449464 0.422732 0.373028 0.454347 0.48218 0.500928 0.478302 0.431108 0.352998 0.349791 0.388068 0.338849
 0.42224 0.156188 0.0567584 0.0114532 3.59609e-10 7.86428e-13 5.31681e-20 8.82764e-23 1.13955e-29 1.35242e-32 1.54914e-39 2.11864e-42 4.33147e-49 5.70352e-52 1.68328e-58 3.0464e-61 9.40673e-68 1.76786e-70 1.09247e-76 9.60396e-80
 0.405275 0.156999 1.92128e-06 6.47707e-11 6.18684e-16 1.6736e-20 2.72818e-25 1.10776e-29 2.99053e-34 1.02993e-38 3.94368e-43 9.28523e-48 3.40397e-52 9.01643e-57 2.78911e-61 9.23577e-66 3.0076e-70 1.03782e-74 4.33357e-79 1.54705e-83
 0.328175 0.0662505 0.0479445 0.0355559 0.00142221 2.67408e-10 7.40838e-13 1.531e-19 3.6463e-22 1.37286e-28 2.77838e-31 1.17591e-37 2.89791e-40 1.69785e-46 6.41232e-49 3.84412e-55 1.3002e-57 8.67764e-64 2.98563e-66 2.27005e-72
 0.301367 0.040881 0.0247443 0.00362776 1.87396e-10 4.18742e-13 4.77158e-20 8.08435e-23 1.19003e-29 2.19946e-32 2.89527e-39 2.41966e-42 5.90082e-49 6.92913e-52 1.70751e-58 1.69801e-61 3.76488e-68 3.92254e-71 7.88695e-78 7.92219e-81
 0.218984 0.120642 0.0232841 0.00710156 1.72359e-09 7.13625e-12 2.52182e-18 9.28613e-21 7.92414e-27 1.72135e-29 1.32663e-35 2.12045e-38 2.29036e-44 3.41281e-47 2.60461e-53 5.17688e-56 5.66962e-62 6.00875e-65 8.4411e-71 7.67178e-74
 0.474307 0.304353 0.149521 0.0976432 0.112718 0.172381 0.223473 0.326647 0.404517 0.498095 0.563314 0.652185 0.773982 0.946719 0.990989 1.06028 1.02483 0.947169 0.82631 0.821296
 0.428592 0.280662 0.207937 0.138463 0.132358 0.150112 0.13201 0.17657 0.180967 0.185741 0.140064 0.144675 0.182328 0.20996 0.24212 0.303008 0.40356 0.491186 0.517699 0.438606
 0.418336 0.249716 0.14526 0.0984707 0.088549 0.0706062 0.0630272 0.0314081 0.0102035 1.59965e-08 8.77946e-12 1.20079e-17 6.12737e-21 1.43098e-26 7.47186e-30 1.72197e-35 6.88036e-39 1.92434e-44 5.61293e-48 2.10879e-53
 0.46093 0.332963 0.243959 0.224126 0.278005 0.343798 0.35066 0.456539 0.587083 0.719352 0.758364 0.803993 0.721622 0.667331 0.676291 0.636079 0.389485 0.184497 0.0767123 0.0416012
 0.31981 0.146109 0.111048 0.14512 0.158858 0.201305 0.279011 0.345481 0.412207 0.382739 0.295868 0.219278 0.185921 0.157491 0.182455 0.220056 0.249445 0.314904 0.384488 0.502101
 0.382349 0.227304 0.149676 0.155804 0.203256 0.240423 0.240277 0.22397 0.235109 0.284076 0.30755 0.334739 0.338965 0.302618 0.286407 0.303516 0.321372 0.327228 0.382235 0.349307
 0.401967 0.267045 0.296362 0.275917 0.284277 0.369473 0.444958 0.385851 0.380903 0.392641 0.418808 0.521672 0.586355 0.536747 0.47405 0.434007 0.454984 0.481374 0.543979 0.591889
 0.591814 0.402101 0.34243 0.310326 0.292415 0.303881 0.306389 0.39859 0.492475 0.704275 0.884627 1.15649 1.15974 1.2394 1.24998 1.20741 1.03214 0.842268 0.637954 0.497809
 0.463447 0.291809 0.257061 0.236208 0.189534 0.125664 0.103441 0.106175 0.107361 0.118897 0.125181 0.170253 0.211542 0.289311 0.388022 0.537759 0.638317 0.706407 0.652218 0.614778
 0.456444 0.273432 0.149142 0.0838813 0.0651477 0.053182 0.070537 0.120163 0.200135 0.282368 0.347412 0.277041 0.194478 0.170776 0.17174 0.194251 0.286588 0.3919 0.453242 0.547741
 0.487628 0.177571 0.0238816 0.00222872 2.66751e-10 2.40857e-12 4.9569e-19 2.62946e-21 1.26806e-27 3.7265e-30 2.463e-36 5.33999e-39 5.49471e-45 1.42703e-47 1.64148e-53 4.62541e-56 3.50278e-62 9.37563e-65 9.52574e-71 2.7729e-73
 0.459174 0.219877 0.121888 0.101741 0.110152 0.1546 0.223205 0.294516 0.324944 0.273374 0.249929 0.234994 0.28098 0.319523 0.270327 0.219861 0.210189 0.212737 0.204904 0.218946
 0.301367 0.143932 0.0753669 0.0931696 0.102793 0.0554067 0.025181 9.23752e-08 3.35134e-13 3.10589e-19 9.70921e-25 8.45644e-31 2.44645e-36 2.57407e-42 7.68065e-48 1.20548e-53 4.23155e-59 5.14552e-65 1.89049e-70 3.90322e-76
 0.371031 0.140192 0.0529262 0.0495176 0.0382585 0.0358225 0.00468503 1.76682e-10 1.25961e-12 4.78216e-20 1.76256e-22 1.27105e-29 3.13641e-32 3.50127e-39 9.37308e-42 1.283e-48 3.42846e-51 7.31405e-58 1.69637e-60 3.94439e-67
 0.395266 0.217913 0.185665 0.271611 0.524298 0.624381 0.631451 0.713124 0.894518 0.982325 0.814093 0.815932 0.854987 0.812932 0.737784 0.850288 1.07732 1.39475 1.56513 1.53764
 0.336005 0.155377 0.0546522 0.0426799 0.0397909 0.0252626 0.0170132 0.0163226 0.00805612 4.29878e-11 3.02261e-13 2.97905e-21 8.64799e-24 1.28674e-31 2.48942e-34 6.22853e-42 1.8552e-44 5.05189e-52 1.49017e-54 5.64751e-62
 0.240615 0.105151 0.0408304 0.0430681 0.0328175 0.0379484 0.0503058 0.0396639 0.0386133 0.0509934 0.0565772 0.0520095 0.068482 0.0722329 0.07248 0.0976401 0.125172 0.151596 0.185175 0.200894
 0.526206 0.436747 0.420982 0.43821 0.55576 0.687522 0.811312 0.875248 0.956495 0.906446 0.7476 0.794646 1.04 1.18558 1.2073 1.35581 1.51479 1.38899 1.10502 0.916582
 0.483617 0.224337 0.158293 0.197736 0.222919 0.233628 0.228136 0.277581 0.471428 0.716464 1.01271 1.03436 0.82342 0.739635 0.863369 1.04685 1.1989 1.24875 1.08242 0.972762
 0.439517 0.357808 0.265151 0.254923 0.222297 0.237931 0.297076 0.263365 0.273446 0.344296 0.410635 0.457736 0.598802 0.736501 0.878429 1.00475 0.935873 0.65182 0.477674 0.390723
 0.489907 0.250927 0.149679 0.150369 0.171626 0.251194 0.38499 0.544972 0.805726 1.28806 1.49483 1.30484 1.09723 0.951267 0.809646 0.753264 0.766894 0.721191 0.586529 0.433325
 0.516845 0.465261 0.398915 0.387239 0.459293 0.583336 0.567193 0.592916 0.785207 0.846994 0.785536 0.759653 0.83434 0.921655 0.990847 1.00517 1.03503 1.05489 0.932579 0.813185
 0.361734 0.288906 0.313233 0.351329 0.343698 0.355564 0.320198 0.226687 0.185398 0.144081 0.116664 0.103176 0.0932055 0.0822893 0.0760265 0.046107 0.0133339 2.7703e-10 1.13957e-12 3.4858e-20
 0.376545 0.0469604 0.0126372 1.27827e-11 3.25832e-14 9.52039e-23 7.32569e-26 4.34645e-34 1.57581e-37 1.55241e-45 5.87743e-49 7.77397e-57 2.043e-60 6.21e-68 1.12471e-71 3.24914e-79 4.27232e-83 1.19735e-90 1.57606e-94 4.63416e-102
 0.452199 0.110325 0.000319805 1.46427e-13 1.74985e-16 5.69772e-25 1.96426e-28 9.09153e-37 2.01616e-40 1.84585e-48 3.13073e-52 4.28864e-60 5.42131e-64 1.12689e-71 1.46547e-75 4.02431e-83 2.97402e-87 5.42289e-95 2.98511e-99 4.58798e-107
 0.300842 0.0449535 0.0217684 3.75857e-06 1.20699e-11 6.78416e-16 2.69957e-21 1.28804e-25 4.9489e-31 3.68486e-35 1.84216e-40 1.10933e-44 8.1256e-50 7.93331e-54 3.96692e-59 4.08553e-63 1.92219e-68 2.04721e-72 4.62179e-78 7.77394e-82
 0.308196 0.059119 0.0273124 0.0121411 2.10358e-11 7.90309e-14 4.16973e-22 8.81864e-25 8.31345e-33 1.06322e-35 1.08115e-43 8.87714e-47 1.64249e-54 8.15121e-58 2.40192e-65 1.17844e-68 3.73829e-76 8.20289e-80 2.65538e-87 7.48279e-91
 0.310128 0.0946138 0.027255 0.0161407 5.91619e-05 7.10187e-14 3.90881e-17 7.9177e-26 1.46193e-29 4.32618e-38 4.7114e-42 3.40307e-50 2.53382e-54 1.88237e-62 2.04269e-66 1.78542e-74 1.23576e-78 1.30607e-86 8.66417e-91 1.47054e-98
 0.36584 0.10141 0.0533405 0.0522168 0.0370644 0.0188333 0.000946535 3.76337e-12 6.29696e-15 2.96789e-23 3.89252e-26 2.8829e-34 4.35136e-37 4.58134e-45 3.2952e-48 5.70498e-56 5.62098e-59 9.53504e-67 9.97898e-70 1.94585e-77
 0.473984 0.274519 0.281364 0.390913 0.36428 0.26606 0.231673 0.196939 0.155908 0.156679 0.150799 0.123634 0.0728055 0.0348054 1.11077e-08 2.37307e-14 1.59278e-21 3.69281e-27 2.11085e-34 5.23139e-40
 0.442673 0.138807 0.0290623 0.00132166 2.16024e-12 5.30959e-15 1.9824e-23 3.39545e-26 2.61737e-34 4.58255e-37 5.99078e-45 5.00341e-48 7.84209e-56 5.21038e-59 7.3954e-67 4.30702e-70 7.90443e-78 4.03769e-81 6.40065e-89 2.96867e-92
 0.330606 0.11584 0.0292479 0.00330924 1.45326e-12 2.61198e-15 2.63725e-24 2.13887e-27 3.35287e-36 1.25617e-39 3.8832e-48 8.55139e-52 4.28054e-60 8.37971e-64 5.83342e-72 7.51547e-76 4.88222e-84 8.76676e-88 4.04875e-96 6.16435e-100
 0.293464 0.03934 0.00141717 8.26201e-14 1.08009e-16 4.3694e-26 1.91586e-29 1.21101e-38 3.37579e-42 3.21843e-51 6.42423e-55 6.3638e-64 8.82262e-68 1.65e-76 2.377e-80 3.6571e-89 3.86921e-93 6.29405e-102 3.11054e-106 7.74832e-115
 0.464709 0.166137 0.0392436 0.023489 0.00371319 2.27033e-12 1.26354e-14 2.65987e-23 3.88791e-26 1.32685e-34 1.18425e-37 4.5856e-46 2.53521e-49 1.01779e-57 4.33486e-61 3.14715e-69 1.12243e-72 1.26034e-80 5.41289e-84 6.67762e-92
 0.367212 0.108511 0.0483192 0.0177827 5.01371e-06 4.10142e-13 2.25702e-17 1.45427e-24 1.22679e-28 9.28162e-36 9.28962e-40 1.21543e-46 9.43394e-51 1.25959e-57 1.05656e-61 1.76253e-68 1.56114e-72 2.22975e-79 1.66495e-83 2.85328e-90
 0.51748 0.146066 0.00494111 1.06684e-11 4.7367e-14 2.22354e-22 7.52039e-25 6.22003e-33 1.65941e-35 1.58452e-43 3.88547e-46 3.4431e-54 6.14457e-57 5.8761e-65 8.14233e-68 1.26731e-75 2.03276e-78 4.03733e-86 3.24947e-89 1.04093e-96
 0.560861 0.276742 0.114272 0.0742219 0.0230303 1.14276e-10 7.65413e-14 1.24374e-21 3.53413e-25 9.19576e-33 1.85379e-36 5.68349e-44 8.85151e-48 4.05229e-55 4.02295e-59 2.19102e-66 1.34918e-70 9.64673e-78 6.59145e-82 5.74697e-89
 0.400439 0.218488 0.112911 0.144112 0.19823 0.211714 0.220372 0.233973 0.232152 0.245058 0.273157 0.240112 0.270082 0.282652 0.247029 0.239677 0.258382 0.254904 0.222039 0.208427
 0.452875 0.279301 0.179818 0.162537 0.157359 0.18426 0.246767 0.267743 0.284923 0.302874 0.305316 0.3564 0.607011 0.728654 0.669077 0.557091 0.451754 0.342514 0.241419 0.181907
 0.386226 0.204582 0.164023 0.16205 0.183231 0.284381 0.326305 0.270781 0.21071 0.219905 0.30884 0.383694 0.418392 0.550097 0.879208 1.29007 1.66532 1.84665 1.63057 1.22596
 0.326894 0.129997 0.0748796 0.0547972 0.0235889 0.0141119 0.00297292 1.35333e-12 1.37354e-14 6.96583e-23 1.10423e-25 9.09007e-34 4.0712e-37 5.62884e-45 1.64685e-48 3.29731e-56 6.22463e-60 2.28826e-67 2.57901e-71 1.2337e-78
 0.440732 0.201217 0.121056 0.118066 0.0896467 0.0787577 0.0676588 0.049358 0.0445827 0.0145624 9.0473e-11 6.40466e-13 1.66701e-20 3.25368e-23 1.82005e-30 3.68498e-33 3.40352e-40 5.44483e-43 6.09365e-50 8.17895e-53
 0.370364 0.140215 0.0844944 0.0602909 0.0468835 0.0448791 0.0121643 9.43568e-10 1.7961e-12 1.73787e-19 4.16442e-22 6.05862e-29 1.36914e-31 2.63897e-38 3.90084e-41 7.21495e-48 1.13095e-50 3.28992e-57 3.68339e-60 9.02183e-67
 0.44208 0.183891 0.0926411 0.0347755 0.0231218 0.00262271 1.93578e-10 5.23347e-13 6.78506e-20 1.61146e-22 3.216e-29 7.67716e-32 1.79105e-38 3.67466e-41 1.389e-47 2.77127e-50 1.47581e-56 2.28043e-59 1.24739e-65 1.48729e-68
 0.340109 0.10659 0.0638743 0.0809219 0.103151 0.129469 0.154002 0.212556 0.244725 0.26559 0.352631 0.469731 0.443601 0.373091 0.375913 0.286243 0.222875 0.217777 0.248536 0.341551
 0.512097 0.248634 0.139254 0.19564 0.322131 0.399248 0.337287 0.25626 0.26579 0.272564 0.265858 0.199575 0.11495 0.0844819 0.0908169 0.124337 0.148031 0.157106 0.147894 0.118903
 0.501305 0.164057 0.0278914 0.00667464 3.29331e-12 6.11751e-15 7.66703e-24 6.5394e-27 1.45925e-35 8.3423e-39 3.20847e-47 1.64683e-50 6.74764e-59 2.74652e-62 1.88553e-70 7.3559e-74 5.46088e-82 1.75895e-85 1.20032e-93 3.99151e-97
 0.458698 0.188752 0.108289 0.106286 0.136414 0.157073 0.143671 0.164359 0.219303 0.303236 0.393185 0.475131 0.603402 1.00832 1.37736 1.63172 1.53234 1.23831 1.2087 1.28211
 0.55467 0.244593 0.103344 0.105229 0.136393 0.121239 0.104468 0.143581 0.190567 0.290965 0.404454 0.404333 0.382183 0.35986 0.364513 0.445381 0.510779 0.594541 0.53409 0.414449
 0.449024 0.206448 0.146533 0.114625 0.0817815 0.056846 0.036689 0.0440398 0.0854102 0.129848 0.185892 0.235573 0.311922 0.374092 0.549798 0.679102 0.861114 1.00731 0.995405 0.957535
 0.507173 0.212644 0.0702081 0.0454931 0.0480852 0.0357644 0.0266958 0.025532 0.0155083 0.00391594 4.24918e-13 8.09049e-16 3.36662e-25 1.51819e-28 1.24201e-37 3.69036e-41 3.29765e-50 6.7443e-54 8.09283e-63 1.73422e-66
 0.548304 0.326345 0.14835 0.0932613 0.106971 0.156267 0.169813 0.185885 0.198916 0.192144 0.211224 0.25086 0.232068 0.25102 0.330343 0.412962 0.471402 0.616204 0.708856 0.630193
 0.457919 0.145138 0.000100472 5.48719e-13 1.70475e-16 9.10146e-25 2.81053e-28 2.35023e-36 8.35402e-40 9.73524e-48 2.79137e-51 4.50307e-59 1.59482e-62 2.12065e-70 5.87182e-74 5.83823e-82 1.393e-85 1.47921e-93 2.31489e-97 2.6546e-105
 0.420271 0.148377 0.0688579 0.061705 0.0510869 0.0359377 0.0292242 0.0209042 0.00321498 1.03202e-12 2.69135e-15 2.68222e-24 2.44625e-27 3.78666e-36 2.20306e-39 6.32188e-48 2.62701e-51 9.49712e-60 3.42349e-63 1.86041e-71
 0.39932 0.20476 0.135455 0.112294 0.122423 0.130463 0.0933373 0.0534658 0.0344321 0.0178348 2.81208e-07 9.29726e-15 5.85294e-20 2.15848e-27 1.74298e-32 4.33452e-40 4.12742e-45 1.15029e-52 7.08839e-58 1.71957e-65
 0.338941 0.106671 0.0163728 5.40844e-11 2.9795e-15 7.37468e-24 4.02363e-28 1.51653e-36 7.9252e-41 2.77003e-49 1.69219e-53 8.26945e-62 9.77872e-66 4.27112e-74 3.95644e-78 1.61235e-86 1.3008e-90 5.08838e-99 2.69282e-103 1.39761e-111
 0.432534 0.170429 0.0923692 0.0790318 0.0762754 0.0877597 0.0902038 0.0957359 0.122887 0.179141 0.257657 0.304658 0.347258 0.497513 0.837967 1.19067 1.31679 1.12001 0.812655 0.564123
 0.361976 0.174681 0.104381 0.0670535 0.0254713 0.00139325 9.80953e-14 1.52781e-16 4.19433e-26 1.85178e-29 8.53603e-39 2.97747e-42 2.23166e-51 3.62093e-55 3.96685e-64 6.43572e-68 8.03099e-77 1.16304e-80 1.94449e-89 2.62063e-93
 0.257166 0.0478793 0.000552352 8.81961e-13 1.04255e-15 3.03924e-24 3.81937e-27 1.3354e-35 1.47546e-38 6.03472e-47 3.12814e-50 1.63713e-58 9.99916e-62 9.41977e-70 8.62674e-73 9.69957e-81 9.23008e-84 9.74944e-92 8.0322e-95 7.71641e-103
 0.30685 0.101734 0.0329394 3.30179e-06 1.45832e-12 5.25628e-17 2.38529e-23 7.40878e-28 5.04699e-34 2.74253e-38 2.44779e-44 7.78882e-49 7.93309e-55 2.08462e-59 1.56922e-65 3.51779e-70 3.79261e-76 9.21964e-81 1.54327e-86 2.26779e-91
 0.393412 0.238515 0.166572 0.10987 0.130341 0.20012 0.216247 0.197952 0.170577 0.184918 0.257414 0.374879 0.506093 0.652378 0.725025 0.845521 1.0539 1.13095 1.05866 0.923948
 0.434074 0.164144 0.0788442 0.0319628 0.000294205 1.47176e-12 3.44664e-15 2.41294e-23 3.36307e-26 3.65933e-34 3.76841e-37 5.35588e-45 5.09114e-48 1.11069e-55 8.64298e-59 2.35899e-66 1.72455e-69 6.65265e-77 3.31275e-80 1.57813e-87
 0.371796 0.138756 0.0909759 0.0998524 0.170118 0.337829 0.420018 0.477209 0.632607 0.812824 0.893262 0.913544 0.806416 0.574714 0.428304 0.415034 0.355711 0.275985 0.208232 0.196453
 0.413093 0.161525 0.104551 0.0926749 0.0778819 0.076025 0.0636273 0.058072 0.0392282 0.0122815 3.36296e-13 1.6824e-16 3.32433e-26 3.21339e-30 1.20474e-39 7.78901e-44 4.7222e-53 2.40138e-57 1.70261e-66 6.35596e-71
 0.326752 0.158431 0.148091 0.190019 0.207184 0.180098 0.193476 0.280918 0.463527 0.622419 0.646897 0.732603 0.765693 0.750868 0.873697 0.937685 1.04818 1.26257 1.49033 1.56755
 0.430258 0.213994 0.0862141 0.0495928 0.050233 0.0407442 0.0375733 0.0345675 0.0381523 0.0395072 0.0457274 0.0543956 0.0641884 0.0702014 0.0858951 0.0909207 0.147078 0.294242 0.447108 0.459861
 0.41105 0.151476 0.0581424 0.0454278 0.0655809 0.103731 0.195862 0.327483 0.374038 0.508692 0.544058 0.536158 0.516914 0.41967 0.283129 0.278196 0.294139 0.294832 0.315075 0.482509
 0.485204 0.243323 0.104976 0.0691396 0.067477 0.0681145 0.083358 0.153262 0.242763 0.356047 0.461956 0.538488 0.53567 0.471696 0.466311 0.507738 0.584806 0.628446 0.666128 0.818125
 0.443265 0.277807 0.225989 0.3114 0.381747 0.474289 0.546643 0.596356 0.620518 0.67065 0.777796 0.710708 0.550698 0.422077 0.380513 0.383044 0.415874 0.450892 0.411515 0.409189
 0.357074 0.190829 0.113786 0.096627 0.110537 0.15412 0.224308 0.271741 0.331871 0.419737 0.518184 0.622453 0.672528 0.590038 0.604226 0.732489 0.776592 0.84698 0.853409 0.884942
 0.391087 0.198428 0.167374 0.172224 0.200486 0.299471 0.421705 0.437421 0.41352 0.381252 0.359869 0.325294 0.267865 0.264611 0.321859 0.452578 0.671643 0.843242 0.772636 0.725613
 0.389908 0.190367 0.0924025 0.074846 0.0836591 0.109429 0.173224 0.252953 0.37443 0.507661 0.60391 0.700387 0.790238 0.90742 1.08348 1.46708 1.68991 1.72057 1.4652 1.23376
 0.402443 0.208835 0.124944 0.135113 0.190078 0.227987 0.278793 0.388766 0.496596 0.500695 0.500909 0.520118 0.540146 0.72715 0.640305 0.58743 0.891313 0.976957 0.829038 0.824471
 0.477179 0.246954 0.116664 0.0969942 0.0999206 0.0997851 0.111714 0.147356 0.196071 0.243674 0.337268 0.398282 0.441763 0.498098 0.535274 0.575017 0.592839 0.579853 0.517925 0.504906
 0.324935 0.133329 0.0980217 0.138806 0.177152 0.157918 0.2054 0.221568 0.232784 0.196359 0.139144 0.12113 0.103289 0.10021 0.108269 0.102414 0.0986931 0.106291 0.115964 0.184659
 0.394783 0.209076 0.142271 0.124989 0.196067 0.204263 0.208814 0.190518 0.150802 0.136053 0.141854 0.154233 0.183192 0.213142 0.308108 0.329672 0.282913 0.334425 0.403147 0.413986
 0.400917 0.183503 0.0904441 0.0945978 0.124098 0.169169 0.214508 0.249262 0.319115 0.548176 0.771542 0.875285 0.985703 0.928856 0.699627 0.398017 0.257188 0.169985 0.0528174 3.95483e-05
 0.290246 0.173704 0.146174 0.161936 0.197023 0.226806 0.242949 0.250014 0.225807 0.157132 0.103461 0.0816835 0.0891027 0.113856 0.132505 0.164643 0.258476 0.285365 0.24895 0.267616
 0.267334 0.102366 0.104473 0.150443 0.192211 0.308476 0.474912 0.776612 1.09923 1.27144 1.40682 1.43708 1.51045 1.68786 1.51511 1.18773 1.13504 1.27672 1.48188 1.58847
 0.397005 0.19188 0.146099 0.158381 0.163356 0.171371 0.244109 0.476611 0.959041 1.43381 1.7698 2.06248 2.18486 2.2986 2.25895 1.7666 1.29108 1.03997 1.041 1.04385
 0.401917 0.169322 0.127095 0.135532 0.14395 0.13532 0.125176 0.132109 0.160498 0.183604 0.301896 0.548645 0.743417 0.955241 1.11442 1.10785 1.12778 1.33369 1.64294 1.89658
 0.230316 0.0756132 0.0426247 0.0443017 0.0311134 0.0121851 4.97562e-11 8.44762e-15 4.82385e-23 7.5811e-27 3.54317e-35 4.54583e-39 2.70055e-47 1.99797e-51 1.24326e-59 1.20453e-63 5.40314e-72 5.29094e-76 1.89875e-84 1.30176e-88
 0.305636 0.0731492 0.00277462 3.49832e-13 1.87756e-15 3.9274e-24 2.88311e-27 1.48854e-35 7.47814e-39 5.32866e-47 1.20532e-50 1.31755e-58 2.08003e-62 2.30552e-70 3.22259e-74 3.71829e-82 3.90241e-86 4.78427e-94 3.53292e-98 5.81039e-106
 0.326601 0.0682462 0.00026054 3.20094e-12 1.95819e-15 2.81091e-23 1.73332e-26 5.92365e-34 4.50404e-37 1.22443e-44 8.39973e-48 3.71616e-55 3.19613e-58 1.49891e-65 1.48505e-68 9.22105e-76 5.86483e-79 4.5552e-86 1.96404e-89 1.72352e-96
 0.410886 0.230771 0.190009 0.206699 0.280063 0.371977 0.423987 0.486339 0.606407 0.471829 0.275401 0.202531 0.179179 0.160582 0.126642 0.130172 0.174466 0.258224 0.328717 0.359884
 0.492783 0.196029 0.0729184 0.0786767 0.117974 0.134508 0.155961 0.172013 0.255001 0.328468 0.365152 0.419374 0.40817 0.407557 0.578226 0.587961 0.419127 0.466333 0.562856 0.718964
 0.425474 0.23785 0.164253 0.145679 0.142896 0.142121 0.124387 0.149338 0.15946 0.180392 0.201568 0.29951 0.423198 0.46685 0.452866 0.425623 0.397758 0.337695 0.324298 0.302229
 0.264033 0.0913454 0.0261834 0.00370701 1.10286e-11 5.67685e-14 3.53708e-22 7.26738e-25 6.95733e-33 1.15256e-35 1.23283e-43 8.75426e-47 2.06005e-54 1.68351e-57 4.44667e-65 2.52131e-68 5.22374e-76 3.14101e-79 1.20628e-86 5.58838e-90
 0.419813 0.186206 0.147623 0.188874 0.290083 0.402176 0.43809 0.394067 0.316064 0.286502 0.240582 0.213102 0.214948 0.263702 0.266323 0.321459 0.53666 0.685952 0.624463 0.512124
 0.36792 0.167597 0.0662994 0.0672041 0.112436 0.154983 0.177398 0.144653 0.133559 0.165927 0.194307 0.270051 0.360305 0.388601 0.411095 0.388714 0.340227 0.289016 0.213349 0.178453
 0.287034 0.125566 0.0404324 0.039699 0.0245679 1.79795e-07 2.57577e-12 5.89694e-18 6.04663e-23 1.79229e-28 2.12069e-33 4.27899e-39 9.37394e-44 1.51249e-49 2.91057e-54 4.50978e-60 1.08721e-64 1.74065e-70 5.7239e-75 1.0114e-80
 0.347618 0.0885527 3.0825e-09 1.37099e-13 3.86584e-21 1.77912e-25 7.66883e-33 3.27571e-37 2.10095e-44 6.73625e-49 5.07337e-56 1.53192e-60 1.7209e-67 6.50379e-72 1.47596e-78 5.00384e-83 2.43874e-89 8.60534e-94 4.20234e-100 9.42926e-105
 0.262547 0.0559718 0.0228297 1.61257e-07 1.81972e-12 8.67193e-18 1.56351e-22 6.09724e-28 1.33559e-32 4.28899e-38 8.30374e-43 2.55497e-48 4.10077e-53 1.66112e-58 3.60414e-63 1.28111e-68 2.61068e-73 8.36826e-79 1.7605e-83 4.51798e-89
 0.245278 0.0345917 2.32001e-07 8.72204e-12 6.24238e-17 3.11273e-21 1.5627e-26 1.2465e-30 6.4115e-36 6.68439e-40 3.21844e-45 3.19052e-49 1.93123e-54 2.10853e-58 1.28422e-63 8.39583e-68 5.22981e-73 2.50438e-77 2.42936e-82 8.8587e-87
 0.285881 0.0975925 0.0512596 0.0450833 0.0385876 0.0349863 0.0249253 0.014446 7.1201e-09 5.45299e-12 1.43855e-18 8.38495e-22 2.54243e-28 1.63127e-31 5.68825e-38 6.45691e-41 1.66146e-47 1.16901e-50 3.73118e-57 2.38362e-60
 0.336949 0.160228 0.0859667 0.0740011 0.0606594 0.0439755 0.0357848 0.0278032 0.0128344 2.29058e-09 3.26856e-12 7.15532e-19 1.05149e-21 2.62693e-28 3.06763e-31 9.79857e-38 8.22541e-41 2.61723e-47 1.85578e-50 7.18552e-57
 0.401959 0.246863 0.165707 0.0743577 0.0346353 0.0279324 0.00994163 4.61767e-11 1.37011e-13 1.31753e-21 3.04225e-24 3.41759e-32 5.61078e-35 5.99935e-43 9.16801e-46 1.20899e-53 1.19689e-56 2.68082e-64 1.46109e-67 2.8018e-75
 0.431641 0.197834 0.117793 0.0846604 0.0769367 0.0833489 0.0971898 0.140851 0.181435 0.221719 0.198326 0.153164 0.115135 0.1 0.0889004 0.0847564 0.101579 0.0976731 0.116667 0.125002
 0.52608 0.187888 0.0492065 0.0145496 1.37776e-09 7.6486e-12 7.91447e-19 4.30772e-21 5.29677e-28 2.12359e-30 2.97592e-37 8.62034e-40 1.74101e-46 4.10043e-49 1.03396e-55 2.24876e-58 5.67068e-65 1.10763e-67 3.19732e-74 5.41915e-77
 0.408251 0.166335 0.0602004 0.050368 0.0493752 0.0266684 0.00118103 3.52423e-12 3.31264e-15 1.28646e-23 8.17782e-27 4.35439e-35 3.55196e-38 3.01603e-46 3.63011e-49 3.71851e-57 3.6008e-60 3.83104e-68 3.9046e-71 7.05948e-79
 0.348654 0.126316 0.0581943 0.0355609 0.0188347 2.9554e-09 2.14538e-12 3.81604e-19 1.48736e-22 3.23259e-29 1.35965e-32 4.92491e-39 1.38955e-42 3.6696e-49 1.49716e-52 3.51347e-59 1.60853e-62 5.87411e-69 2.36326e-72 9.57482e-79
 0.366455 0.223927 0.20615 0.23206 0.287171 0.369373 0.43643 0.468775 0.555031 0.509104 0.436582 0.351762 0.294986 0.343316 0.390393 0.500756 0.562547 0.519258 0.480668 0.505968
 0.377106 0.213333 0.175118 0.163304 0.129307 0.150838 0.256325 0.347291 0.355906 0.336745 0.31914 0.347116 0.375435 0.457621 0.605251 0.684104 0.720406 0.599612 0.463432 0.313493
 0.325983 0.103605 0.0331728 0.0140409 7.45043e-10 4.95638e-14 1.65566e-21 9.0861e-26 3.1943e-33 1.76779e-37 4.7339e-45 4.29035e-49 1.12917e-56 1.20586e-60 3.49208e-68 2.42271e-72 6.38271e-80 4.33717e-84 1.50116e-91 1.50195e-95
 0.208319 0.0306571 7.21509e-10 1.84727e-14 3.30304e-22 9.00714e-27 1.71286e-34 4.80497e-39 1.20546e-46 3.24765e-51 8.78501e-59 1.90305e-63 4.93587e-71 1.24286e-75 3.1716e-83 8.60005e-88 2.81841e-95 5.02218e-100 1.96319e-107 5.00852e-112
 0.272438 0.112344 0.0842821 0.0946487 0.108847 0.0958479 0.127399 0.188255 0.252344 0.296932 0.383756 0.547278 0.71606 0.887225 1.11611 1.38848 1.41413 1.19986 1.07273 1.05314
 0.331113 0.184583 0.123129 0.12385 0.220677 0.44127 0.578232 0.667186 0.888776 1.2346 1.2834 1.0838 0.955828 0.851918 0.657918 0.454757 0.372987 0.321561 0.302816 0.288995
 0.218342 0.0177682 7.14256e-10 1.09226e-12 5.46061e-20 6.50967e-23 3.73021e-30 4.4866e-33 3.31445e-40 2.85392e-43 2.19727e-50 2.37083e-53 2.36653e-60 2.51885e-63 2.25365e-70 2.46558e-73 1.79432e-80 1.74569e-83 1.71901e-90 1.59452e-93
 0.319044 0.0776189 0.0613663 0.10326 0.145939 0.188299 0.319689 0.470695 0.519029 0.467143 0.383597 0.404131 0.374532 0.360948 0.306422 0.417045 0.453159 0.445944 0.459469 0.526574
 0.494632 0.215784 0.102393 0.101573 0.193075 0.325951 0.453796 0.562621 0.618179 0.631394 0.530817 0.41444 0.417851 0.441788 0.546757 0.610654 0.507412 0.288933 0.195016 0.218276
 0.467546 0.316231 0.215768 0.101141 0.055046 0.045695 0.0180947 4.47778e-07 8.64782e-11 1.02592e-15 2.71237e-19 2.69192e-24 7.01672e-28 9.08379e-33 1.83998e-36 2.71082e-41 3.80311e-45 4.2364e-50 7.57618e-54 7.01056e-59
 0.507382 0.453736 0.417369 0.397838 0.412873 0.397893 0.390506 0.403893 0.429354 0.508869 0.573012 0.65694 0.546598 0.378128 0.246765 0.18904 0.15782 0.126005 0.129363 0.162691
 0.609866 0.430181 0.370734 0.25538 0.254132 0.248516 0.178729 0.176443 0.224606 0.259348 0.221774 0.190273 0.173257 0.129038 0.104933 0.105637 0.112306 0.100078 0.123884 0.17887
 0.570939 0.408833 0.289398 0.27791 0.347634 0.362165 0.41057 0.383979 0.343305 0.334726 0.351117 0.387515 0.386634 0.370309 0.429352 0.467931 0.426594 0.334973 0.302462 0.305163
 0.569899 0.325006 0.224254 0.224786 0.209669 0.278245 0.316809 0.330942 0.259242 0.154623 0.136107 0.16216 0.172913 0.177279 0.194197 0.278691 0.320895 0.370255 0.407618 0.564151
 0.565253 0.366569 0.299756 0.245812 0.220955 0.216719 0.178861 0.17854 0.212671 0.245204 0.254005 0.216223 0.137362 0.134199 0.122898 0.0819961 0.0638298 0.0499497 0.0323183 0.00220881
 0.45089 0.182992 0.113609 0.0599632 0.0423246 0.0410444 0.0305927 0.024278 0.020202 2.95956e-07 1.07837e-10 7.4894e-16 3.43767e-19 2.67331e-24 1.34325e-27 7.14086e-33 3.42313e-36 2.38848e-41 9.50262e-45 7.04321e-50
 0.428219 0.129629 0.0793629 0.0915394 0.122729 0.149834 0.191267 0.185574 0.146933 0.135577 0.125574 0.15986 0.195998 0.225309 0.218407 0.204202 0.221566 0.257148 0.370629 0.569835
 0.462285 0.233754 0.183986 0.196017 0.224649 0.304943 0.330387 0.368103 0.332658 0.309277 0.335652 0.353418 0.349386 0.385214 0.41368 0.30401 0.229762 0.200546 0.195989 0.158591
 0.469641 0.220873 0.141153 0.0996926 0.10128 0.144972 0.173349 0.213316 0.298436 0.311418 0.285261 0.305296 0.469866 0.538638 0.458503 0.394519 0.346127 0.358712 0.371781 0.320493
 0.36223 0.147571 0.0433281 0.023666 1.77127e-07 3.28459e-10 1.54326e-15 3.69402e-18 2.218e-23 5.63736e-26 3.79529e-31 9.52179e-34 9.35533e-39 2.39222e-41 2.38068e-46 5.09255e-49 6.18553e-54 1.80032e-56 2.80194e-61 5.53238e-64
 0.372451 0.156575 0.0382215 9.8691e-07 1.15702e-10 2.20423e-15 2.19348e-19 8.10607e-24 8.49634e-28 3.00211e-32 4.54487e-36 1.30459e-40 1.21199e-44 6.8542e-49 6.63301e-53 2.85828e-57 6.17883e-61 3.00588e-65 6.79215e-69 2.05297e-73
 0.245394 2.10771e-05 2.53306e-09 1.26964e-13 3.04024e-17 2.60186e-21 9.18276e-25 5.60653e-29 2.00967e-32 1.42729e-36 5.4891e-40 4.85084e-44 1.27175e-47 2.03854e-51 2.82741e-55 4.24031e-59 6.20353e-63 1.44938e-66 2.60936e-70 3.74227e-74
 0.384164 0.225282 0.155709 0.130566 0.0980865 0.106719 0.108893 0.100083 0.101413 0.100905 0.110216 0.113867 0.110524 0.114687 0.158463 0.16491 0.192918 0.247189 0.239549 0.253534
 0.343598 0.117985 1.98422e-07 2.26847e-10 5.32349e-16 7.46317e-19 2.12351e-24 2.9701e-27 9.47212e-33 1.17687e-35 7.11744e-41 9.4587e-44 8.8205e-49 9.66756e-52 5.36801e-57 5.92566e-60 4.05542e-65 6.72309e-68 4.14212e-73 4.76278e-76
 0.321203 0.116611 0.0805526 0.105434 0.126067 0.110846 0.0981051 0.135491 0.196813 0.288112 0.409667 0.411116 0.381414 0.321938 0.278862 0.249307 0.220759 0.182297 0.218241 0.329459
 0.296897 0.0893672 0.0502731 0.0349059 0.0247676 0.0174107 0.0204891 0.0325612 0.0614795 0.110413 0.172522 0.181065 0.200962 0.264715 0.275258 0.252451 0.297264 0.300056 0.302354 0.327125
 0.332382 0.152194 0.101051 0.075829 0.0566423 0.0383434 0.0126087 5.96466e-06 7.74578e-11 1.14922e-14 1.17122e-19 2.85169e-23 2.48472e-28 6.33617e-32 5.80753e-37 2.23723e-40 1.65573e-45 5.15781e-49 5.31239e-54 1.36817e-57
 0.312536 0.156335 0.0381138 0.0433124 0.0445233 0.0299509 0.0353583 0.0335852 0.0287341 0.00550184 2.62042e-11 1.22277e-13 1.23619e-21 3.16593e-24 5.93728e-32 1.35097e-34 2.41878e-42 2.96834e-45 5.73559e-53 6.4184e-56
 0.358373 0.140787 0.0243859 0.00348934 2.32102e-11 2.08915e-13 2.80974e-21 1.93219e-23 3.76944e-31 2.4266e-33 6.90415e-41 2.93307e-43 6.83388e-51 1.5112e-53 5.81276e-61 1.34733e-63 4.07456e-71 6.76055e-74 3.43183e-81 6.22397e-84
 0.396406 0.163933 0.0924714 0.109428 0.149948 0.219208 0.199515 0.157307 0.160031 0.177662 0.268676 0.388813 0.461098 0.535865 0.820375 0.97316 1.07339 1.12837 1.0035 0.755585
 0.258051 1.83513e-05 9.73796e-13 9.14672e-17 8.73419e-24 6.45424e-28 5.40211e-35 3.44145e-39 4.21408e-46 3.86322e-50 2.78833e-57 2.97439e-61 3.90768e-68 4.25185e-72 4.35535e-79 5.8992e-83 5.59526e-90 6.26852e-94 8.08074e-101 4.73903e-105
 0.362587 0.0709425 0.0313151 0.0120239 2.61846e-10 2.38837e-13 6.91725e-21 5.48264e-24 1.66128e-31 1.01425e-34 5.35408e-42 2.1339e-45 7.70373e-53 2.20167e-56 1.10983e-63 4.46059e-67 1.72652e-74 8.05143e-78 3.44814e-85 1.26179e-88
 0.375361 0.0531437 0.00010403 1.52815e-12 2.4736e-16 7.76192e-24 1.50843e-27 6.3305e-35 1.03901e-38 4.2208e-46 4.41727e-50 2.08727e-57 1.75882e-61 1.01685e-68 7.43094e-73 4.34247e-80 3.49567e-84 2.01624e-91 1.5404e-95 5.97833e-103
 0.332683 0.101497 0.0347149 0.0199894 2.83755e-06 1.2933e-12 4.50338e-17 2.48262e-23 7.56278e-28 4.57878e-34 8.6079e-39 5.41796e-45 1.037e-49 8.0276e-56 1.56986e-60 1.36187e-66 1.96683e-71 2.08002e-77 2.09258e-82 2.72441e-88
 0.448242 0.210287 0.137893 0.137291 0.180112 0.163968 0.117272 0.0941649 0.0668183 0.0516068 0.0336571 0.0326473 0.0242091 0.010311 1.39722e-10 2.44741e-14 2.91951e-22 5.53514e-26 4.69586e-34 7.26453e-38
 0.32402 0.123594 0.0561573 0.0452097 0.0433807 0.0525093 0.0801518 0.134926 0.20389 0.265227 0.374659 0.440697 0.465318 0.401346 0.311167 0.274855 0.264293 0.245555 0.303416 0.358235
 0.273334 0.0457256 6.75928e-08 2.48905e-11 3.49792e-17 1.52847e-20 3.99769e-26 1.53122e-29 4.6376e-35 1.72989e-38 4.09095e-44 1.45348e-47 2.27391e-53 9.82038e-57 1.54656e-62 6.8175e-66 1.37925e-71 9.35136e-75 2.18494e-80 1.2103e-83
 0.298823 0.0715396 0.0362615 0.0149854 1.60124e-09 1.88087e-12 1.39426e-19 1.2182e-22 9.29051e-30 1.17367e-32 1.19306e-39 1.80065e-42 2.25049e-49 3.77577e-52 7.3503e-59 1.22695e-61 3.24817e-68 1.97932e-71 4.81137e-78 3.46244e-81
 0.314436 0.0939525 0.0676021 0.0623029 0.0569634 0.067699 0.105225 0.142964 0.129032 0.100103 0.0918226 0.106233 0.112312 0.150102 0.149994 0.173952 0.218292 0.324347 0.369833 0.324126
 0.379208 0.381903 0.48388 0.667752 0.862482 0.922875 0.862806 0.760507 0.636302 0.579216 0.575912 0.558234 0.584269 0.593632 0.626245 0.639513 0.692298 0.900454 0.922884 0.855223
 0.377435 0.207253 0.166046 0.18036 0.16093 0.160462 0.20236 0.190642 0.14221 0.163054 0.192091 0.234095 0.257383 0.282448 0.422777 0.660873 0.936039 1.21826 1.35077 1.43909
 0.373929 0.15605 0.0844082 0.0894444 0.0978486 0.0915767 0.121174 0.174273 0.178675 0.122695 0.0803679 0.0729349 0.0655537 0.0489454 0.0762097 0.126593 0.195507 0.299711 0.549252 0.711835
 0.44133 0.26583 0.115727 0.0893323 0.105281 0.113536 0.119566 0.102065 0.100056 0.1149 0.160147 0.255701 0.414508 0.478161 0.495287 0.614203 0.607031 0.619753 0.640049 0.64674
 0.492309 0.539334 0.763209 1.09559 1.23411 1.11891 0.958299 0.781633 0.657946 0.547473 0.483186 0.389197 0.38231 0.347346 0.31111 0.336689 0.391357 0.441429 0.568552 0.643094
 0.539577 0.334683 0.2617 0.203808 0.207158 0.241433 0.194431 0.151394 0.165386 0.163455 0.169527 0.217015 0.272022 0.321222 0.345328 0.296922 0.244971 0.220967 0.239076 0.209443
 0.546421 0.600232 0.73939 0.78647 0.922148 0.931905 0.851876 0.849062 0.98227 1.3939 1.75041 2.05502 2.10292 2.14104 2.06228 2.14086 1.88578 1.42019 1.10474 0.894869
 0.383447 0.276195 0.170133 0.182143 0.242368 0.401123 0.511099 0.691526 0.899668 1.0153 0.906407 0.832998 0.666556 0.473893 0.368597 0.289685 0.215824 0.222636 0.220314 0.209525
 0.603716 0.809439 1.08831 1.48845 1.64533 1.46891 1.06696 0.66902 0.415298 0.225987 0.0984512 0.102056 0.122264 0.142513 0.227086 0.371025 0.590053 0.936162 1.25969 1.31659
 0.340591 0.0956917 0.0524054 0.0661217 0.0867878 0.109114 0.102326 0.11583 0.150261 0.165531 0.156133 0.143877 0.160731 0.219376 0.246132 0.336379 0.427081 0.478153 0.570882 0.677256
 0.283071 0.100849 0.027497 0.0113317 5.33992e-10 1.7558e-12 1.00452e-19 3.85985e-22 2.39952e-29 5.95081e-32 4.3612e-39 9.85535e-42 8.94155e-49 1.24318e-51 1.5777e-58 1.98236e-61 4.36174e-68 6.25104e-71 1.35994e-77 1.61643e-80
 0.396622 0.180393 0.119698 0.0894784 0.0830604 0.0980479 0.121235 0.139128 0.208314 0.281613 0.272334 0.21822 0.171424 0.130778 0.0640866 0.0360111 0.0121759 1.48969e-10 4.72271e-13 8.58805e-21
 0.307287 0.106573 0.026853 0.0176861 7.74396e-09 1.76275e-12 7.18873e-19 1.12285e-22 5.67583e-29 1.00783e-32 3.91196e-39 5.01497e-43 1.89507e-49 1.50744e-53 8.57082e-60 7.79034e-64 5.28858e-70 5.38162e-74 4.59472e-80 3.09073e-84
 0.247105 0.121722 0.109605 0.144042 0.179369 0.223002 0.303517 0.36162 0.349047 0.403229 0.461176 0.395115 0.37964 0.444028 0.452246 0.338147 0.233393 0.23485 0.279396 0.296159
 0.416891 0.295983 0.265802 0.24105 0.279556 0.372248 0.344218 0.335245 0.377441 0.43834 0.453427 0.508669 0.632882 0.738552 0.723082 0.735502 0.778718 0.70735 0.707462 0.844623
 0.208685 0.0321927 1.54214e-09 2.46943e-12 2.13068e-19 2.86712e-22 2.34927e-29 3.53262e-32 4.50657e-39 5.98176e-42 7.0887e-49 7.04245e-52 9.42517e-59 9.19289e-62 1.88951e-68 1.13469e-71 1.82786e-78 7.61015e-82 1.19765e-88 6.3158e-92
 0.320739 0.285339 0.222735 0.177616 0.141582 0.12018 0.100487 0.0739035 0.0823095 0.0885659 0.105809 0.132876 0.142977 0.193509 0.266604 0.391035 0.702239 0.86805 0.790343 0.751881
 0.390146 0.190653 0.1024 0.09497 0.0827074 0.0778424 0.0589861 0.0447527 0.03919 0.0514753 0.113677 0.183876 0.289502 0.389182 0.384879 0.336332 0.320966 0.338671 0.336713 0.309157
 0.431146 0.219899 0.101574 0.0493011 0.0522256 0.0537202 0.0590431 0.102769 0.185129 0.273973 0.378876 0.581763 0.679573 0.698177 0.58705 0.433599 0.460671 0.342938 0.208168 0.181044
 0.358748 0.112989 7.49783e-08 1.72205e-12 1.15912e-18 3.52801e-23 3.40623e-29 9.74963e-34 6.69019e-40 2.48458e-44 2.97123e-50 9.51953e-55 1.21687e-60 4.01277e-65 5.92433e-71 2.34756e-75 3.79383e-81 1.55659e-85 2.34189e-91 7.92538e-96
 0.355103 0.173552 0.119816 0.121286 0.135356 0.115002 0.0908949 0.115762 0.145567 0.141742 0.155223 0.20071 0.321842 0.405712 0.425033 0.466291 0.50454 0.465312 0.321837 0.185078
 0.309519 0.106824 0.100056 0.138806 0.164854 0.160151 0.0796396 0.0436247 0.0341849 0.0330085 0.0256925 0.0372369 0.0371554 0.0486079 0.0866501 0.145166 0.211293 0.282229 0.380557 0.560515
 0.268645 0.0942721 0.043619 0.0206885 0.0021028 1.18664e-10 5.68e-13 6.67898e-20 2.25607e-22 3.64678e-29 8.19633e-32 2.03013e-38 2.20773e-41 6.44513e-48 7.58674e-51 2.62396e-57 3.68733e-60 1.13567e-66 1.36556e-69 4.02985e-76
 0.43088 0.230623 0.163287 0.195845 0.204134 0.211146 0.28901 0.328647 0.276655 0.250883 0.358709 0.530586 0.655059 0.621525 0.613295 0.521976 0.409171 0.344271 0.274317 0.224863
 0.389594 0.140193 0.0753701 0.0660233 0.0659141 0.0561328 0.0316811 0.0154317 8.41256e-08 2.09055e-10 1.08277e-15 3.00778e-18 1.25618e-23 2.48505e-26 8.92345e-32 2.18519e-34 1.17828e-39 3.88307e-42 2.32607e-47 5.72715e-50
